79,1,5,18,81,19,86,25,80,36,40,24,49,94,44,48,47,55,20,58,78,4,54,85,38,9,74,53,76,92,41,41,11,14,32,21,35,25,22,11,36,88,66,35,63,53,90,66,87,94,26,88,23,6,100,56,21,67,1,13,17,76,100,2,75,93,41,27,94,83,25,38,93,36,13,85,26,5,2,6,88,99,68,91,6,31,14,41,51,78,42,65,63,66,13,13,7,93,43,24
73,40,46,42,2,89,83,77,16,34,98,11,86,2,50,76,0,37,83,87,10,40,17,24,80,28,29,1,20,11,74,48,14,8,10,33,62,52,80,17,82,14,20,60,22,54,99,18,25,76,93,18,59,45,93,94,87,44,48,15,34,79,13,50,24,42,96,22,1,2,79,72,100,33,11,24,5,79,91,29,52,2,46,31,38,51,15,22,2,13,95,93,30,47,22,86,89,76,28,89
87,65,36,48,16,73,5,51,74,8,4,44,16,23,48,52,39,94,91,14,68,88,35,48,17,18,17,81,99,14,62,75,9,94,68,75,14,19,87,18,47,56,62,24,25,42,38,83,90,87,4,88,92,6,42,57,13,15,26,83,37,87,59,30,64,80,28,54,47,95,99,16,57,1,81,12,59,80,16,70,59,92,31,19,28,33,92,5,1,25,39,81,26,97,48,25,59,35,60,81
11,38,61,50,97,7,52,13,17,41,4,23,32,87,7,14,64,58,16,75,39,88,71,36,93,81,25,26,86,67,1,14,75,93,95,33,67,83,7,70,72,0,49,44,94,79,82,36,16,55,30,91,8,33,96,57,59,63,55,45,24,16,87,21,29,1,9,40,56,100,83,0,94,92,20,17,80,77,67,63,49,75,51,61,67,60,49,65,100,73,43,22,11,65,67,10,15,22,97,7
7,34,19,87,39,90,30,54,80,18,31,85,1,6,6,29,42,41,15,99,41,37,38,60,27,12,100,87,63,70,13,43,48,46,25,47,20,30,81,83,73,35,53,1,82,14,63,28,0,37,77,76,54,92,41,57,6,58,43,94,20,32,82,7,24,20,92,30,41,91,11,47,71,50,74,86,27,52,65,49,27,12,54,23,27,87,78,0,88,45,39,46,65,99,23,39,0,10,22,19
13,76,85,67,32,58,25,39,17,37,8,60,50,70,54,83,65,42,24,85,73,65,54,62,94,48,54,8,62,49,76,25,89,91,2,5,16,94,23,54,86,83,39,90,6,62,32,88,12,31,100,47,78,5,15,48,24,8,56,61,35,80,22,19,47,5,75,76,87,55,61,44,57,86,8,48,83,84,87,85,11,86,3,13,37,38,22,25,49,6,79,12,7,84,66,5,96,60,40,57
82,88,15,25,7,56,55,97,38,3,19,4,83,25,91,36,15,47,18,55,74,86,36,84,4,3,98,8,88,56,76,38,34,8,42,25,14,17,40,22,88,62,18,94,59,98,59,68,81,58,14,66,22,47,49,78,51,86,47,1,10,88,45,80,32,5,39,97,33,57,64,90,19,64,40,90,69,40,69,10,9,79,3,38,78,93,4,69,10,1,17,44,70,8,31,30,90,58,34,77
58,33,99,34,46,50,88,42,40,3,96,34,47,24,30,29,33,100,98,48,41,32,9,3,75,85,99,46,2,96,10,55,16,54,62,28,3,38,13,99,15,41,7,19,59,31,79,40,87,12,99,1,57,19,66,30,89,6,14,73,88,32,6,73,8,49,27,32,80,57,43,47,38,40,88,62,27,46,72,80,65,94,63,56,5,3,12,78,58,82,79,88,16,9,8,57,48,61,0,53
7,59,87,42,43,89,9,36,86,20,23,35,16,75,88,66,42,82,59,41,96,69,80,83,41,43,62,47,89,30,0,6,100,87,84,0,95,63,13,0,1,78,66,84,38,26,61,21,54,96,17,91,76,91,29,58,33,92,76,50,22,42,56,57,27,71,13,51,44,88,86,74,18,44,84,59,79,41,58,7,87,78,68,85,25,33,73,56,35,63,14,39,26,67,47,6,84,78,49,40
28,43,55,3,35,22,89,25,7,35,43,56,62,56,6,5,31,36,35,62,9,91,38,41,1,24,70,17,78,55,79,95,7,44,29,87,85,89,61,70,21,91,15,33,42,37,89,75,59,23,38,8,0,68,57,69,8,61,21,89,94,68,34,60,75,29,65,35,51,11,55,29,82,90,59,90,36,1,87,59,88,30,27,78,19,40,91,93,81,68,90,39,70,34,71,66,69,73,84,4
61,31,44,42,28,94,0,85,31,12,51,91,16,75,71,28,14,74,74,69,32,6,30,6,25,12,76,77,86,2,65,78,10,78,34,35,56,9,3,6,31,23,78,10,38,30,22,89,86,56,10,87,63,73,91,95,35,80,28,58,61,56,46,79,3,14,47,36,78,91,48,33,92,0,10,34,92,8,99,45,46,54,5,51,40,93,51,69,88,67,95,35,81,48,76,89,24,100,21,53
61,71,95,31,70,77,63,27,4,59,92,66,52,66,29,80,23,56,98,69,17,32,25,89,67,33,44,2,63,58,36,89,12,79,83,4,72,30,55,54,30,52,23,65,31,25,30,40,66,39,63,64,11,95,84,24,21,81,73,28,77,5,11,22,32,65,22,90,23,63,100,91,66,26,72,91,65,6,68,54,96,88,9,75,54,9,81,50,77,23,95,32,79,77,58,4,60,70,94,83
10,69,11,26,12,13,32,49,8,35,68,18,48,91,89,44,5,59,6,6,83,12,41,48,30,25,59,43,35,44,61,59,67,27,21,69,22,69,78,97,19,91,73,20,99,32,84,90,3,42,53,40,56,58,29,41,50,16,97,2,65,38,3,42,76,16,83,15,1,40,11,89,93,30,30,32,28,47,13,87,44,94,8,98,89,55,95,36,24,36,80,93,75,77,14,100,25,64,86,46
95,10,95,30,13,50,69,46,94,77,81,86,51,1,67,44,42,82,56,10,65,60,4,60,50,32,44,86,73,34,70,59,69,38,62,36,6,26,99,79,70,90,39,41,21,83,60,26,55,59,100,31,33,11,53,55,65,16,15,23,89,80,1,7,86,70,3,6,19,55,0,22,52,69,20,5,70,19,47,25,2,10,76,61,25,28,40,72,69,14,89,47,50,26,1,27,0,100,34,19
19,55,16,7,53,61,87,63,21,23,62,35,36,27,44,88,15,91,31,82,4,25,68,96,37,64,74,61,26,29,38,5,71,70,5,18,13,31,69,77,44,31,79,39,90,6,86,57,10,99,47,92,23,66,64,60,7,78,76,47,43,99,17,42,95,3,6,21,33,5,38,0,28,73,98,88,54,72,38,29,1,10,42,19,14,36,12,59,15,94,58,69,79,56,74,69,79,17,79,97
60,85,29,8,78,21,67,63,50,58,46,47,0,89,28,4,83,57,97,69,64,16,82,44,47,58,82,62,14,45,20,60,32,26,38,96,53,91,83,2,48,31,78,11,14,87,60,63,39,14,2,73,9,93,94,33,82,32,67,37,66,63,41,21,35,3,38,56,11,3,88,46,80,17,23,3,32,31,12,65,32,18,34,78,88,82,25,34,11,14,25,5,80,38,56,99,24,4,52,57
17,92,73,99,42,43,74,59,82,41,11,52,8,15,23,78,94,81,75,28,17,10,63,67,27,75,48,90,98,68,33,8,31,93,85,4,79,63,67,97,87,90,75,9,56,8,37,63,46,19,24,99,55,19,47,16,51,60,36,43,14,20,81,71,68,40,33,85,59,10,99,16,31,29,27,7,83,89,18,77,96,84,0,33,66,26,34,80,25,83,91,7,53,93,46,52,51,74,7,28
26,26,26,55,82,72,44,59,27,52,18,1,24,46,63,54,10,59,66,85,53,30,1,96,32,51,54,52,8,49,58,49,58,0,6,46,26,24,54,49,93,46,89,46,21,29,32,66,25,94,31,11,64,9,7,71,39,94,40,80,75,17,29,60,69,87,12,24,51,21,35,24,88,95,49,94,28,80,85,40,65,26,27,19,8,67,66,79,86,89,2,85,87,94,41,43,70,86,88,82
9,41,82,50,48,86,24,100,27,77,3,3,3,26,68,63,70,55,56,55,61,76,56,21,34,49,73,98,28,98,68,59,21,49,95,75,27,41,3,27,77,19,53,85,14,13,72,22,84,52,75,84,57,71,48,69,83,46,46,89,34,47,22,76,76,84,49,15,58,81,3,49,27,54,68,0,3,18,73,22,46,76,86,23,69,9,97,22,51,52,27,11,78,13,89,53,11,86,1,98
49,41,99,51,61,65,81,93,62,11,50,60,39,81,39,52,82,22,82,13,82,20,68,34,79,91,27,25,25,79,92,34,81,98,90,2,11,65,91,22,40,80,50,47,58,0,70,97,99,42,79,3,58,39,42,45,48,93,52,8,73,80,70,37,33,37,55,46,82,82,92,4,54,62,49,9,10,15,20,53,48,61,4,16,95,51,58,43,36,31,15,91,18,26,10,97,67,78,90,12
3,35,39,47,0,4,33,14,38,29,10,14,30,75,73,42,49,77,94,95,94,79,60,30,1,93,72,64,97,30,61,53,68,87,33,95,23,84,46,96,79,56,91,69,35,18,19,33,62,10,82,34,40,99,18,8,38,84,20,40,22,20,2,83,8,100,92,36,100,51,22,67,55,11,58,78,65,99,75,100,3,56,37,38,77,36,12,43,7,11,77,64,35,96,29,14,49,59,2,50
100,42,10,42,54,41,65,88,58,18,44,8,91,97,100,30,3,13,32,39,90,91,56,70,90,70,11,95,36,28,13,5,47,80,64,78,79,48,24,64,15,71,23,46,52,29,72,54,0,31,20,97,22,88,88,60,93,87,70,74,16,85,38,45,75,22,70,65,92,67,64,13,67,67,93,48,17,87,48,36,49,39,30,0,15,80,99,4,49,23,95,80,24,4,27,32,95,28,3,55
42,4,33,63,73,1,75,2,48,86,4,76,3,18,18,79,69,19,94,82,79,67,88,4,62,60,63,66,2,96,38,76,60,85,10,14,69,71,99,33,99,38,51,61,59,22,71,21,46,77,100,19,97,60,8,89,70,11,56,74,61,67,12,29,11,57,27,54,49,93,72,22,97,87,49,49,97,65,73,52,93,30,0,63,12,19,99,48,98,71,88,55,80,12,82,72,47,16,10,29
9,59,37,31,16,69,15,89,65,27,88,23,9,43,53,28,19,47,87,33,1,87,17,36,32,59,86,91,86,87,73,56,89,92,85,16,63,17,22,26,61,5,12,35,23,73,12,54,51,26,73,93,92,100,68,37,97,90,15,10,71,38,96,22,27,70,36,93,23,4,67,13,79,5,95,82,6,83,33,49,33,20,79,19,41,29,28,8,33,57,15,89,99,59,0,8,86,3,37,96
28,50,0,53,78,53,22,91,74,51,41,56,92,61,11,97,83,43,27,40,63,19,14,65,37,19,73,41,83,49,53,30,53,6,95,31,13,57,30,23,60,4,63,83,47,16,15,7,92,15,23,46,6,0,39,45,2,11,16,3,15,17,37,7,29,47,57,37,13,93,53,100,48,34,38,15,81,74,26,77,73,91,87,43,63,47,40,1,53,51,32,38,32,86,10,87,89,54,10,46
32,93,75,3,73,49,15,73,9,49,24,21,33,90,82,17,70,95,8,37,63,54,51,5,53,35,85,56,19,23,60,83,80,54,12,70,60,5,70,24,59,17,58,26,2,7,64,57,61,12,65,12,8,78,36,39,35,38,95,78,89,85,57,7,31,77,44,62,48,14,98,75,24,45,88,43,44,78,12,78,10,8,68,28,14,53,25,28,95,34,75,61,28,45,39,88,21,67,77,0
27,36,57,7,57,8,68,74,97,92,34,16,60,83,16,39,38,22,33,32,9,64,82,20,16,57,100,85,9,70,15,50,29,25,5,97,20,13,25,31,50,5,91,77,96,33,38,24,37,46,72,39,9,75,25,9,78,95,50,24,19,45,41,7,9,7,72,96,69,38,77,42,2,67,97,87,97,57,33,53,21,8,11,96,38,12,4,95,56,96,53,50,50,85,87,13,27,74,3,55
44,22,19,13,45,50,55,48,68,16,54,64,89,72,50,96,17,82,63,52,83,89,95,45,59,1,80,62,61,40,91,52,0,13,29,31,10,66,100,14,36,83,52,38,76,18,5,36,78,46,96,96,67,80,92,72,31,80,15,27,17,41,99,18,4,12,73,26,11,66,10,91,55,95,10,35,76,79,34,67,3,25,31,60,65,9,98,85,36,74,95,2,69,76,85,42,22,98,86,34
33,94,89,29,89,12,44,42,73,46,25,57,5,55,40,88,8,89,44,84,91,56,86,68,71,15,99,29,93,27,74,63,63,45,25,92,59,5,78,33,73,84,97,94,59,78,70,22,83,42,44,13,65,62,25,49,94,60,78,80,9,52,85,16,26,44,62,64,7,76,79,11,7,17,54,99,30,17,59,80,26,19,18,16,89,55,86,9,80,29,35,88,34,43,14,67,61,36,98,47
8,98,1,53,32,81,10,74,64,75,84,53,81,95,18,98,79,26,72,46,22,42,63,71,78,53,64,39,17,7,10,33,63,3,53,41,43,100,11,71,21,37,73,59,1,13,54,89,27,40,42,80,61,26,85,54,11,37,80,15,84,49,51,89,47,14,26,45,75,16,98,34,38,79,93,19,30,41,1,11,1,61,5,44,61,61,1,35,94,65,63,41,5,53,62,21,72,93,96,93
31,64,65,67,73,6,7,52,5,9,98,90,45,95,97,90,71,29,28,19,54,29,95,16,10,87,77,70,42,26,63,99,26,13,79,95,26,32,10,88,63,90,25,4,22,77,14,90,82,24,51,65,39,54,9,55,92,42,43,70,75,4,32,96,41,83,54,38,18,91,59,81,67,97,9,42,22,57,21,16,40,2,36,73,45,29,87,23,33,42,63,81,89,15,45,24,82,59,27,13
33,92,91,27,11,81,78,94,43,85,37,6,39,23,34,2,73,97,48,59,42,38,56,35,5,40,52,25,77,82,32,77,90,25,19,79,3,44,71,20,70,20,9,3,29,85,8,93,45,8,48,12,81,7,51,56,93,21,9,79,36,41,49,39,98,80,74,92,32,92,9,37,75,33,94,92,63,44,65,65,24,95,12,13,72,2,7,24,64,89,24,6,68,16,3,83,45,71,93,66
90,88,80,100,45,44,17,66,40,15,39,18,37,62,68,19,91,22,54,23,70,53,42,99,2,92,24,48,44,96,83,43,94,25,97,75,70,42,99,29,0,18,65,79,16,51,10,79,87,18,9,49,27,58,87,50,24,28,26,5,4,70,25,15,87,59,92,19,22,53,63,47,69,85,71,85,26,13,12,94,46,14,17,12,45,70,12,45,90,94,0,21,6,34,30,6,34,89,68,50
4,28,38,65,4,58,46,81,15,53,20,68,28,39,48,61,6,38,97,34,69,73,91,25,62,65,9,58,21,57,28,70,60,63,74,70,68,7,3,95,35,85,39,99,50,12,33,46,71,65,90,34,51,35,11,32,23,70,39,95,31,97,69,95,45,34,87,76,32,84,57,84,44,10,20,75,63,70,67,29,61,50,58,53,36,65,9,4,93,77,54,21,7,44,52,93,72,42,45,8
7,28,11,88,76,40,89,44,1,25,76,62,82,15,10,20,40,33,56,80,1,19,54,17,17,31,90,58,80,55,60,30,25,81,34,89,65,37,30,57,32,34,7,89,84,22,46,91,92,27,84,74,68,97,87,5,81,95,2,17,21,54,9,36,51,48,9,0,83,55,30,52,55,62,71,97,66,7,43,50,58,14,52,45,50,38,14,40,53,7,52,34,12,28,58,8,67,70,22,51
29,18,74,36,85,71,33,54,43,6,66,21,43,81,46,62,77,6,91,70,24,64,52,85,9,64,33,17,96,91,58,17,65,28,99,15,41,66,57,9,90,20,13,73,39,64,73,27,68,58,3,23,49,11,20,32,67,87,1,77,64,15,11,51,47,74,14,6,26,17,26,28,82,5,48,15,60,16,28,7,30,93,37,32,61,21,5,28,7,86,48,78,6,56,94,14,65,59,2,34
18,55,87,71,10,27,50,57,34,44,37,28,9,30,94,4,5,43,27,55,2,29,64,92,11,6,6,16,9,15,17,71,77,47,40,80,7,32,60,31,95,67,19,49,38,91,6,91,51,63,52,91,27,63,83,55,74,17,82,85,83,0,70,37,21,16,43,40,66,87,67,54,0,5,77,85,64,71,30,6,22,99,0,79,57,38,94,22,40,18,17,27,19,51,33,94,80,86,46,2
65,6,8,1,20,74,62,9,41,56,37,6,41,43,61,44,20,41,56,94,33,52,66,41,95,46,89,45,96,86,17,22,100,81,88,47,75,61,91,0,68,33,21,85,49,97,81,34,10,30,39,14,33,27,49,87,3,56,20,10,63,63,47,18,27,24,59,46,3,50,38,89,12,38,77,76,13,60,28,81,47,93,44,31,78,100,36,57,14,55,98,16,72,15,45,3,19,61,23,95
33,58,16,64,24,99,15,15,32,58,4,64,57,79,32,88,48,20,77,33,15,7,26,75,43,31,33,28,58,56,60,15,29,33,70,7,3,42,71,37,63,28,76,5,28,38,80,35,75,94,56,39,79,27,59,91,16,17,17,31,78,60,10,6,57,13,54,28,81,0,21,20,49,38,100,23,70,11,100,93,19,98,67,6,64,72,21,49,65,6,94,27,78,67,100,23,44,98,87,4
8,60,37,77,11,48,71,6,63,78,92,36,52,40,85,54,77,60,87,5,86,24,14,40,6,91,87,92,67,17,30,3,51,42,49,42,41,51,13,42,37,96,84,67,48,91,97,22,70,4,77,80,62,7,84,45,88,14,68,12,87,43,75,7,22,58,85,36,39,76,60,3,56,75,93,24,95,85,22,14,76,78,82,31,35,28,48,7,15,38,57,76,71,53,48,45,29,21,3,22
68,74,72,68,57,71,18,35,77,10,70,8,91,16,80,58,69,79,2,58,79,68,54,27,68,39,49,87,27,49,11,51,60,79,6,91,30,74,84,55,34,65,3,77,81,57,23,55,34,90,37,3,38,99,21,40,74,5,21,66,34,32,92,29,12,61,47,88,99,45,33,21,94,31,91,88,37,74,68,85,67,96,77,10,29,39,41,48,21,50,56,99,84,57,76,70,48,24,7,52
33,65,51,45,19,29,98,65,19,81,2,54,53,44,58,89,48,45,79,47,95,19,37,8,3,36,85,44,62,56,39,12,33,4,30,35,53,50,41,92,92,91,49,39,25,35,97,58,70,33,71,84,68,42,56,14,27,11,90,48,83,52,78,37,99,47,33,5,80,65,46,6,64,64,69,73,19,37,11,58,1,35,43,78,18,61,34,36,0,70,74,85,91,42,67,46,64,35,42,24
21,27,78,82,51,27,34,61,46,64,58,61,16,98,34,18,34,84,47,45,0,58,18,37,52,73,29,7,67,25,29,40,18,63,72,89,61,85,57,60,46,97,66,93,49,46,57,11,64,49,36,28,14,1,13,98,33,5,57,83,33,36,49,98,21,92,94,96,8,63,76,88,48,42,42,62,6,27,57,72,90,54,94,16,35,49,0,7,35,11,61,39,81,43,43,60,88,57,27,14
30,85,63,70,95,28,66,40,0,92,56,91,14,67,99,1,36,54,66,48,12,62,78,79,78,36,58,17,73,90,9,89,45,61,73,1,52,99,40,69,68,65,47,70,94,80,2,28,3,40,15,48,21,39,67,72,68,22,49,34,2,87,20,28,12,34,20,96,83,98,74,69,56,54,5,89,8,51,28,97,84,8,74,4,39,67,47,64,32,4,82,5,52,45,80,42,54,32,43,10
11,91,98,29,65,8,47,59,79,31,29,45,28,15,48,51,63,63,61,32,100,50,41,67,74,31,44,35,45,25,30,49,20,68,84,74,78,80,37,11,53,1,96,50,86,40,63,67,16,85,15,22,57,65,35,40,97,69,100,73,14,92,15,55,48,71,31,26,74,88,60,61,7,72,47,2,14,6,83,91,9,57,82,65,36,40,38,51,96,11,10,95,68,30,2,3,95,80,9,12
76,14,53,27,28,4,89,85,74,0,7,60,5,65,86,82,15,79,45,55,21,83,48,60,26,9,47,48,63,86,14,85,67,34,16,59,0,85,95,13,84,55,40,13,27,63,42,98,65,39,12,89,56,96,80,0,3,99,32,58,66,84,39,24,34,23,32,91,30,31,72,44,77,98,3,78,3,44,82,27,40,32,19,35,44,52,63,62,46,57,35,59,84,9,27,70,92,1,86,7
91,95,97,49,50,25,21,27,57,69,74,65,57,98,92,87,15,82,20,34,0,40,80,62,22,12,82,23,34,38,62,36,51,31,98,100,45,7,72,59,20,30,82,67,86,55,85,57,32,15,48,88,64,28,15,83,9,68,5,27,56,93,55,42,62,57,78,11,100,17,11,61,89,50,33,57,64,14,46,60,55,26,71,82,28,84,42,31,82,5,67,45,57,56,7,10,78,11,32,49
37,96,37,39,95,78,65,62,52,35,94,67,66,91,21,45,50,92,66,2,41,12,36,88,43,75,80,67,98,87,20,9,75,77,61,65,59,60,80,98,69,100,40,48,49,46,78,100,4,77,7,4,67,9,76,21,47,96,23,31,38,69,79,44,45,25,65,12,22,58,25,40,86,90,53,1,35,44,24,89,35,9,53,80,24,65,37,47,74,63,68,16,22,29,7,62,14,49,70,4
45,53,50,75,88,45,17,78,60,40,60,79,46,71,63,1,94,40,70,79,56,10,76,56,41,16,59,54,44,87,64,15,12,70,8,87,65,54,20,43,60,41,93,34,49,100,53,83,20,16,58,64,32,42,13,23,33,74,96,96,82,3,70,89,90,28,87,100,59,98,40,93,2,17,96,61,26,69,48,99,65,59,99,14,82,0,83,42,43,31,30,76,72,81,64,63,76,49,54,39
18,74,4,50,11,91,27,82,21,11,47,4,67,40,34,25,21,91,93,95,6,14,77,24,32,89,49,88,76,38,34,41,58,83,79,71,60,75,93,42,10,87,51,27,63,30,69,17,45,71,25,22,2,85,77,74,72,22,34,94,51,28,43,97,95,53,5,46,5,67,70,62,69,0,30,93,75,24,88,57,6,65,46,85,94,4,27,21,74,0,11,95,83,41,2,45,65,76,35,88
4,82,16,69,55,63,71,76,92,13,98,57,40,98,99,81,78,67,18,73,69,55,36,32,69,27,53,16,51,81,57,72,52,25,77,81,82,20,99,63,34,96,39,47,81,75,17,81,74,100,31,39,0,73,51,46,40,69,3,1,3,59,37,34,33,67,27,93,92,23,94,44,34,33,45,38,60,9,93,71,48,85,50,43,87,90,54,83,92,92,73,21,11,8,88,41,12,12,27,24
16,51,36,34,100,65,7,19,89,9,59,34,23,59,10,70,80,84,94,35,34,53,54,73,75,21,28,95,98,35,82,90,79,18,12,86,56,29,78,65,5,43,100,90,78,19,26,66,14,49,83,50,66,84,24,11,68,94,78,97,46,13,51,9,73,98,40,4,79,75,69,32,67,73,13,54,93,11,12,29,5,78,24,24,99,58,50,39,12,27,85,31,58,33,3,41,43,66,95,72
84,36,36,77,74,55,53,96,34,92,3,24,15,81,14,41,83,84,92,97,95,29,88,69,23,91,10,43,29,21,30,94,71,57,87,73,58,23,4,75,40,10,7,71,53,15,35,22,10,23,84,22,94,74,44,19,34,10,18,44,33,74,22,95,48,20,52,90,36,75,89,67,9,21,8,43,47,17,32,30,58,16,16,44,0,53,21,40,54,1,68,81,82,89,1,73,31,98,72,64
56,40,58,96,14,53,89,93,85,5,3,16,43,86,35,63,71,78,40,55,94,90,79,55,15,99,97,14,81,4,100,64,42,32,4,6,55,77,45,17,67,5,75,20,80,31,7,22,13,81,46,12,66,23,1,76,24,67,100,85,67,18,85,94,39,5,32,49,42,90,63,81,76,46,44,3,17,9,6,4,92,30,11,77,28,73,26,27,35,64,95,75,30,27,32,25,39,93,79,43
96,25,80,16,50,3,48,12,97,79,83,86,51,36,63,95,22,13,94,28,42,66,87,82,66,50,20,91,28,14,60,1,64,27,48,81,0,98,90,16,92,84,79,65,3,13,31,6,2,35,35,36,14,86,52,15,43,12,33,21,77,36,52,79,49,38,58,65,26,0,72,87,54,56,19,95,39,60,93,93,5,24,54,13,31,67,75,0,63,79,59,15,5,34,11,52,72,67,46,90
22,45,65,51,87,47,16,89,90,16,83,11,9,34,76,72,14,77,84,86,9,70,73,42,98,89,3,25,80,6,52,98,15,18,37,78,98,23,87,66,37,67,30,3,54,11,63,100,33,95,36,50,71,85,81,95,49,44,29,11,26,22,29,26,74,4,63,3,85,69,7,69,11,77,79,85,57,35,74,39,70,83,35,96,81,19,66,80,85,51,19,94,10,32,49,1,29,61,14,93
72,64,60,18,67,15,55,79,52,45,54,91,44,61,11,61,66,16,85,64,44,8,100,71,18,59,36,62,8,68,53,70,0,61,90,10,74,2,29,1,25,59,60,47,54,18,5,98,24,72,23,4,50,73,86,81,28,2,91,2,67,84,68,100,61,72,19,92,36,9,17,60,36,24,8,1,10,55,43,53,97,4,61,32,54,58,20,59,73,22,30,27,28,4,19,95,53,39,24,43
78,66,73,52,31,26,36,46,81,51,21,59,15,84,8,26,50,45,21,18,18,56,80,8,96,69,100,20,23,45,7,38,57,100,64,66,26,6,84,81,22,59,60,89,50,38,72,33,43,28,69,68,54,97,43,50,6,60,22,63,54,5,13,58,97,25,54,15,9,13,65,93,61,7,52,79,0,58,45,40,67,81,99,64,64,78,47,92,6,53,25,71,89,61,94,0,85,79,41,86
40,87,90,29,19,55,40,78,89,11,57,32,96,42,61,31,41,50,3,53,100,38,45,20,62,20,51,50,85,71,84,26,53,50,12,44,31,51,92,82,94,88,50,47,60,49,70,25,70,57,18,57,38,80,9,93,21,100,51,95,97,70,4,73,71,80,50,74,28,54,90,97,26,19,38,11,10,4,17,88,13,8,39,2,64,35,88,31,50,67,7,43,79,13,39,39,86,40,33,50
53,12,32,40,36,45,96,46,81,1,2,67,40,44,59,69,27,94,90,3,92,65,38,32,85,79,97,99,69,24,32,72,34,81,41,62,36,75,63,30,75,84,71,4,54,60,8,88,84,70,62,100,71,27,94,43,85,32,30,1,67,21,89,11,42,93,78,30,94,100,35,7,89,88,51,58,26,22,56,56,3,7,10,73,82,76,95,20,52,85,34,30,89,85,32,44,95,87,66,51
18,31,28,68,21,86,7,37,6,35,34,46,65,89,4,97,47,6,10,53,24,62,77,10,4,57,78,63,82,71,48,34,80,20,22,58,59,91,85,81,15,13,20,29,79,66,19,22,44,61,64,28,25,44,32,11,84,80,34,86,4,100,58,56,71,89,60,50,58,34,68,74,89,59,48,37,23,41,91,81,24,85,46,92,2,1,37,15,60,97,80,63,80,20,87,82,96,5,16,90
75,62,33,18,10,3,52,20,1,48,74,31,19,6,89,80,88,92,59,24,34,2,54,8,34,50,46,29,22,32,51,33,7,78,99,34,30,25,60,8,20,82,15,73,27,9,0,38,17,75,97,31,74,19,32,28,84,26,41,34,85,50,47,78,21,45,44,59,81,31,74,92,14,91,61,87,55,83,38,76,64,5,86,94,87,41,79,86,95,56,26,29,76,31,4,71,58,21,4,72
38,93,69,0,83,79,82,7,0,69,11,87,48,52,29,12,87,9,43,97,65,75,14,58,65,52,85,6,43,62,7,15,24,42,31,53,26,77,74,2,82,0,27,70,18,98,49,36,91,20,83,80,49,14,53,17,75,66,61,72,58,17,81,47,7,31,26,46,7,24,100,11,12,20,43,40,44,93,76,45,56,8,27,78,65,42,10,31,75,42,43,76,86,34,34,14,33,63,38,61
97,91,5,11,100,67,73,56,10,45,16,15,61,53,98,13,88,73,21,80,60,50,24,70,35,84,25,65,14,100,82,67,35,73,69,97,31,69,13,56,59,17,35,79,60,61,84,23,90,69,85,60,83,22,43,88,41,77,48,53,97,19,76,49,11,45,25,33,1,74,74,40,16,16,69,67,8,70,30,57,76,35,17,99,40,29,88,13,68,78,15,76,54,5,0,93,29,46,5,23
15,4,80,29,83,77,100,22,34,36,31,99,85,66,17,36,44,0,3,48,18,2,13,91,97,14,87,57,70,9,38,43,11,20,61,12,23,21,100,77,34,58,90,55,2,45,22,76,88,73,62,71,57,16,51,2,94,72,40,46,43,27,28,64,57,93,61,19,100,72,72,38,87,32,79,67,58,82,94,76,7,29,75,62,60,38,48,87,34,47,97,76,21,0,13,26,46,25,56,50
12,16,22,72,84,69,25,1,78,9,90,71,70,88,34,47,85,70,10,1,59,26,66,69,10,15,30,35,29,9,91,55,79,10,99,9,43,55,30,5,74,49,52,31,82,77,78,42,66,30,39,83,32,38,39,7,25,79,72,19,63,86,16,72,26,44,32,46,67,93,78,54,23,18,31,64,80,85,47,24,32,45,98,76,78,60,84,20,40,64,4,22,38,83,6,36,51,14,42,11
6,12,76,62,84,74,20,73,38,41,6,60,12,12,13,41,29,76,58,12,94,6,49,79,78,36,69,23,15,68,65,5,35,71,34,44,50,35,53,31,72,67,77,13,7,32,29,57,37,28,96,8,52,67,3,74,78,22,88,7,36,5,75,17,14,36,26,34,55,21,54,97,77,74,94,56,12,37,41,84,57,77,31,0,83,74,92,38,42,49,88,21,6,55,26,9,47,89,57,14
38,95,76,78,39,56,57,11,39,75,56,24,23,24,9,45,24,33,100,53,66,96,10,50,12,63,72,16,63,75,27,79,100,46,97,26,31,84,9,46,89,43,68,26,69,7,92,35,66,20,30,89,14,96,25,92,66,86,36,75,10,10,34,22,97,41,91,12,33,29,73,10,17,15,77,16,43,52,8,31,76,15,45,30,67,82,68,15,73,43,1,11,54,77,75,1,14,21,67,88
70,95,32,89,84,25,34,94,73,20,6,24,6,55,99,13,91,47,30,80,87,67,76,42,55,95,85,81,11,5,62,85,57,61,51,24,65,15,14,46,91,16,4,14,80,91,10,42,94,54,37,28,19,7,77,45,97,89,34,65,65,58,16,10,70,7,77,95,79,10,12,19,85,40,64,94,63,41,82,100,67,60,61,77,47,93,29,70,53,63,74,50,85,6,26,33,62,66,0,4
17,13,6,100,96,83,25,49,28,46,80,58,37,58,36,52,19,60,65,70,88,97,32,34,22,98,48,1,49,67,95,41,96,15,46,58,28,74,100,80,11,54,22,20,40,35,23,83,51,69,68,50,17,57,67,63,17,46,8,10,1,46,91,68,29,10,1,46,82,53,28,21,48,75,96,17,80,4,2,42,89,57,43,50,32,29,54,79,71,9,19,60,24,11,64,58,96,89,92,92
84,2,87,86,27,87,83,56,97,27,94,55,60,62,84,27,42,1,6,2,70,12,77,37,30,29,63,83,67,51,47,32,22,27,3,71,82,52,93,48,39,53,69,9,79,77,77,18,30,21,9,65,49,35,82,30,46,79,94,67,36,20,99,97,64,61,39,65,59,64,82,3,33,58,50,51,23,34,66,74,21,36,19,1,46,14,4,49,50,66,43,84,70,61,86,1,86,42,99,35
7,40,51,68,72,70,73,19,40,7,98,71,51,30,87,66,43,86,60,60,34,58,55,67,28,71,43,34,36,14,24,16,38,28,91,2,77,48,34,24,60,13,97,1,7,46,60,7,27,94,61,50,93,89,82,21,91,14,45,68,94,53,59,35,82,49,70,81,55,43,28,95,3,13,41,58,100,73,76,95,70,84,60,52,18,45,17,34,89,69,44,66,70,11,23,83,34,70,22,1
84,12,15,63,81,7,15,73,98,76,72,18,20,34,6,51,96,78,5,66,47,64,34,18,62,77,3,96,61,10,31,55,7,18,25,20,95,11,26,47,8,84,88,99,14,98,86,22,41,48,41,70,13,20,10,55,33,1,79,30,60,30,82,53,4,69,43,66,50,71,94,41,90,21,79,49,19,65,82,95,80,79,6,71,83,0,97,40,36,98,49,21,10,51,31,53,26,95,84,68
52,93,77,8,7,91,76,1,12,97,56,40,38,79,49,78,62,74,37,17,1,71,78,75,77,50,30,39,41,34,56,86,3,32,8,21,17,59,96,16,21,62,86,58,28,12,71,37,74,96,73,35,50,9,31,24,25,68,48,38,14,84,94,66,4,24,72,37,98,4,99,69,70,63,73,34,22,67,54,27,45,25,42,90,93,75,23,80,10,79,77,88,99,76,52,35,62,68,86,58
82,89,90,35,99,12,21,70,52,83,21,91,79,10,87,98,33,33,93,69,0,16,50,17,86,99,53,70,4,50,46,62,85,83,87,14,88,6,31,48,47,30,97,93,68,44,74,43,11,44,95,99,44,46,19,98,11,9,72,70,89,71,73,18,71,93,91,42,80,75,37,87,0,51,25,5,61,11,91,49,6,85,33,85,97,90,95,97,42,38,61,0,18,10,83,85,71,23,20,83
78,88,80,68,0,19,87,16,53,69,60,86,10,17,54,53,82,43,51,72,32,87,30,63,51,73,66,59,61,82,62,76,30,40,9,33,87,65,71,93,51,77,86,11,7,1,0,75,56,73,42,55,68,44,57,30,8,24,56,50,12,5,23,74,99,82,51,43,21,50,65,29,2,97,88,31,47,47,58,62,36,67,19,23,82,33,55,13,97,10,34,42,42,71,15,80,0,29,77,1
71,22,5,75,34,24,15,58,23,36,62,23,45,81,100,94,50,34,15,65,93,23,21,45,43,89,68,96,32,85,100,22,33,69,19,13,33,47,80,62,14,42,92,81,76,44,9,68,19,83,26,12,41,83,1,94,71,4,23,32,95,58,92,68,98,12,30,0,24,25,45,45,32,36,15,53,88,20,53,35,88,70,82,23,45,1,18,43,57,81,96,57,22,75,5,95,14,59,3,89
62,38,40,59,41,98,24,58,51,57,45,16,14,51,42,73,51,0,2,16,6,65,83,78,29,96,50,12,79,91,51,36,82,56,72,30,66,86,41,57,82,48,75,42,8,70,94,90,0,21,35,37,72,31,6,91,92,53,47,81,16,84,54,12,68,68,62,1,25,34,34,27,88,75,0,25,75,71,67,26,51,56,35,0,96,35,62,68,70,75,29,45,26,3,79,2,72,25,38,16
32,31,34,19,70,39,35,98,27,71,10,24,82,81,5,21,94,98,41,86,96,93,73,38,16,27,66,42,7,15,2,65,31,41,79,85,39,97,86,1,23,2,40,15,14,12,50,10,63,55,97,11,13,87,65,64,0,96,45,44,22,75,21,9,73,28,96,11,77,74,100,33,41,59,29,72,17,67,4,48,76,13,13,27,48,16,41,27,70,93,0,20,59,12,18,57,11,92,100,92
15,91,83,18,44,92,96,25,23,51,73,33,80,34,14,48,71,20,66,100,57,49,13,71,49,20,17,48,66,23,100,47,64,37,66,1,55,63,69,77,81,49,49,43,28,39,65,64,7,21,46,37,82,7,95,88,65,49,5,65,82,25,56,64,79,25,97,28,47,62,32,15,31,28,4,19,37,26,27,86,36,70,42,95,83,10,70,67,80,0,73,78,92,10,1,36,17,32,74,67
31,46,83,82,50,91,21,38,84,71,54,86,2,13,16,39,56,16,57,30,24,61,49,55,97,97,29,26,31,48,23,18,64,11,93,70,75,59,72,21,52,61,82,17,21,50,98,96,73,10,45,57,38,84,32,97,70,52,94,49,56,45,57,66,62,91,100,5,8,2,45,26,89,64,35,95,46,4,76,91,49,42,59,54,22,26,54,55,34,15,9,13,55,80,93,12,93,97,83,9
3,73,13,51,98,51,43,92,91,84,44,37,51,42,51,16,11,49,70,56,83,41,35,69,42,25,90,94,54,47,98,44,40,39,70,54,42,50,72,54,66,25,42,46,27,92,27,52,72,97,67,8,87,80,65,21,1,9,14,37,93,67,3,23,41,93,74,18,100,46,54,87,57,12,39,15,75,19,48,94,67,88,30,20,1,39,63,6,74,7,10,17,40,55,17,100,70,99,42,19
10,72,18,32,19,72,32,68,31,1,87,10,99,53,15,3,71,13,2,38,65,87,62,52,3,23,59,56,42,39,82,45,70,3,8,41,8,45,52,29,31,9,51,81,92,25,75,39,76,33,40,85,69,71,42,78,71,25,92,53,94,39,10,87,72,95,33,53,100,3,39,84,81,47,91,89,31,14,65,17,43,84,84,44,58,31,48,64,45,58,12,24,30,21,45,52,89,66,58,6
70,44,18,61,61,98,64,33,33,69,81,62,40,6,45,75,49,29,49,56,90,85,74,94,12,81,36,48,87,63,69,41,86,68,53,45,87,1,11,24,47,90,88,59,94,65,34,49,11,69,70,53,61,76,40,65,60,54,62,48,18,15,45,23,51,92,100,84,25,78,31,46,82,18,89,64,11,48,63,71,88,1,37,86,34,82,70,98,51,39,11,93,88,13,97,24,59,48,100,6
90,27,81,53,10,92,85,63,55,50,89,27,33,34,80,74,95,54,35,60,64,41,27,45,73,82,5,9,66,69,87,76,14,36,48,12,75,71,77,86,6,97,60,94,20,18,41,52,50,16,28,72,44,35,59,19,24,86,33,70,39,34,77,12,88,16,34,8,81,57,16,66,100,73,18,54,99,59,96,77,74,31,18,45,29,98,31,49,48,12,3,98,96,81,62,55,5,97,21,93
92,30,55,93,81,13,78,8,83,2,39,48,13,49,95,3,4,72,7,37,75,42,34,46,27,85,41,12,58,89,84,32,80,94,83,11,32,73,35,57,19,70,97,49,82,39,53,32,15,63,84,64,92,81,68,39,1,57,85,42,3,4,91,91,20,30,52,91,38,16,93,92,35,90,26,34,26,52,73,95,31,79,40,10,4,49,15,85,74,59,40,67,0,35,51,26,62,20,26,18
40,86,45,74,18,85,2,72,89,75,92,90,23,2,59,95,57,97,76,45,91,87,39,54,71,0,86,29,21,72,90,14,16,39,18,76,91,52,9,89,83,43,13,40,28,5,37,39,16,10,65,30,9,3,6,56,7,7,15,68,23,1,33,29,11,69,30,29,5,6,96,22,64,17,29,27,91,86,63,62,80,34,6,82,15,38,37,81,78,78,17,50,64,37,8,89,65,84,35,25
61,39,39,40,12,55,6,51,77,24,36,39,34,38,2,51,96,86,65,87,22,25,29,20,21,93,25,74,99,100,84,74,91,13,92,30,84,38,83,100,40,56,57,26,19,70,78,55,66,100,12,83,98,47,87,25,49,31,98,44,81,7,23,50,57,37,68,80,66,47,21,76,90,62,11,99,60,79,20,49,7,57,24,16,79,31,66,13,98,48,83,95,18,78,6,66,36,86,52,15
26,83,20,21,64,63,85,84,82,26,79,18,90,91,17,65,60,65,4,43,65,98,22,85,90,79,16,92,37,68,88,36,45,19,34,80,14,48,9,57,11,21,74,2,35,95,90,12,80,78,70,97,29,43,57,94,82,23,70,29,32,80,58,21,25,24,68,76,32,31,73,65,93,89,22,34,3,83,2,93,52,74,98,12,42,72,25,64,34,85,98,33,56,40,71,26,49,13,5,52
67,25,46,13,88,70,100,85,78,27,38,14,34,45,25,87,5,11,41,35,22,38,26,2,96,1,51,89,26,97,19,80,99,21,59,9,34,39,49,83,87,55,1,99,98,64,21,80,80,59,18,99,6,12,34,56,91,63,2,0,98,50,0,53,58,90,53,41,60,65,53,83,80,68,67,50,27,33,48,15,7,16,92,76,93,30,36,79,69,16,12,51,61,81,11,78,36,7,66,86
39,51,65,69,54,8,64,96,49,91,35,30,73,1,79,42,100,60,38,10,84,44,24,34,68,14,31,79,71,31,71,6,7,28,27,33,56,83,100,12,61,100,32,0,32,29,40,5,63,24,9,24,95,56,88,41,71,49,26,10,9,47,91,92,77,56,26,91,5,71,55,74,51,33,71,95,35,31,10,1,9,5,65,18,76,44,100,27,34,82,96,41,21,76,59,83,47,100,67,37
48,68,39,29,63,46,82,96,97,32,41,96,29,45,84,80,98,61,25,42,32,60,72,3,91,45,59,34,92,52,88,66,99,61,64,65,64,82,19,74,6,69,67,89,76,65,47,25,34,55,12,79,79,39,45,71,0,60,24,79,83,92,7,77,13,89,32,76,36,48,20,91,19,33,17,93,51,58,100,31,78,25,99,90,64,60,96,14,28,41,49,37,26,72,34,49,56,23,84,28
52,84,5,79,66,64,19,95,73,18,47,86,2,93,70,35,40,50,77,46,22,51,49,91,73,97,7,69,20,43,0,8,35,12,26,12,38,96,57,21,44,39,49,83,50,81,83,13,65,97,32,0,53,6,60,81,17,91,71,17,31,66,92,0,1,26,16,77,20,6,62,30,63,27,4,81,32,57,97,32,49,59,67,1,44,59,52,4,97,84,33,38,61,14,71,35,46,100,67,100
8,29,18,44,12,63,70,89,50,72,42,34,18,68,98,22,70,42,6,73,27,22,90,12,24,20,99,52,88,83,10,55,38,50,49,61,39,5,29,6,72,76,86,9,18,18,94,1,58,47,78,6,22,10,18,97,48,20,55,20,43,96,28,96,92,38,64,79,1,45,89,87,76,32,8,46,49,54,70,64,32,88,59,1,91,71,37,27,88,73,45,62,56,65,59,67,83,29,13,42
40,13,57,33,31,82,16,41,18,6,99,58,90,32,34,92,72,23,53,60,30,49,19,33,50,95,45,34,22,69,84,97,82,38,19,69,89,47,7,61,100,0,4,70,64,9,81,54,90,2,40,54,27,85,50,72,15,72,37,90,53,60,91,7,11,59,17,14,29,34,75,43,11,48,85,44,89,45,11,54,36,18,92,58,87,89,70,44,63,19,77,82,7,40,53,58,12,33,10,29
24,45,90,15,27,75,79,67,66,45,25,66,50,57,23,80,81,14,37,45,58,24,8,38,20,34,65,6,68,88,18,28,69,40,30,97,41,60,99,41,29,41,63,70,82,40,43,23,92,33,21,90,76,15,20,20,34,49,82,37,89,33,14,97,67,17,36,14,76,66,2,44,43,18,53,14,92,85,55,40,68,57,40,55,47,66,70,56,38,13,93,47,19,3,18,42,35,55,55,78
24,40,60,98,87,56,86,12,77,8,5,72,59,79,58,40,6,2,96,19,45,97,38,35,49,36,29,46,32,52,77,68,53,95,21,94,22,12,37,42,22,17,30,89,80,52,97,93,82,34,1,62,47,41,2,11,54,12,21,19,91,19,95,42,89,100,38,30,98,79,99,42,46,56,21,22,84,30,48,63,42,23,87,62,23,8,33,9,61,91,38,47,57,44,96,29,51,76,63,24
1,89,13,14,24,43,37,62,8,45,91,3,47,69,2,75,70,43,3,74,16,1,84,59,68,23,39,46,88,45,81,40,27,32,65,33,43,28,90,57,96,37,14,48,89,49,8,60,20,65,78,92,71,64,76,30,45,10,63,42,18,48,44,5,63,76,56,3,28,6,15,45,82,41,30,65,44,0,55,70,22,56,77,26,43,94,68,0,9,84,27,31,77,20,54,1,63,92,80,42
14,27,30,33,53,70,96,19,93,37,70,46,98,57,94,14,28,48,98,58,67,12,43,50,14,45,30,77,88,74,67,16,87,94,40,58,43,52,82,70,8,57,12,61,75,15,52,39,47,41,10,87,61,92,58,71,70,79,41,78,44,98,57,50,18,75,97,100,15,8,44,35,94,87,58,1,2,14,99,14,83,62,84,69,56,49,98,3,86,54,80,40,28,76,22,49,46,23,17,96
27,23,60,78,95,34,37,73,41,62,71,84,95,60,10,10,23,1,44,18,69,24,68,66,71,46,87,84,14,56,93,69,11,2,34,28,88,6,88,84,38,39,78,45,27,72,73,11,50,100,58,39,61,8,12,81,59,72,86,76,52,58,76,6,50,22,57,69,38,89,53,39,4,64,42,38,44,87,73,97,85,39,33,65,42,74,29,49,44,79,29,94,41,10,96,93,71,8,27,36