53,8,100,80,95,7,12,52,46,40,43,88,51,69,25,2,84,99,97,85,48,85,43,6,76,82,55,70,91,10,17,73,26,24,16,19,100,26,88,61,87,45,76,91,46,28,62,26,19,26,20,34,48,95,6,19,57,67,44,26,43,86,95,42,56,84,1,21,3,53,33,3,54,80,37,32,98,21,17,1,86,53,7,41,6,1,28,87,53,6,69,76,27,70,10,26,11,2,23,8
53,43,21,58,8,76,27,40,93,28,8,35,31,45,96,88,87,58,68,20,18,59,25,29,24,90,88,37,11,30,56,29,1,23,7,60,92,35,25,51,23,85,90,89,36,1,37,80,0,38,8,31,92,66,38,8,71,30,59,68,69,21,93,5,88,9,16,53,31,21,0,66,76,89,7,24,58,92,72,71,41,88,77,99,90,56,68,84,96,90,20,13,60,94,51,12,65,1,87,99
69,64,29,41,32,74,68,55,86,73,59,62,80,4,92,78,79,46,8,85,44,23,90,76,4,30,4,91,72,70,78,57,63,50,78,61,67,71,52,34,40,39,66,65,34,74,12,43,70,8,97,97,24,17,66,78,76,12,59,17,61,87,85,18,89,2,19,93,79,80,14,60,58,34,37,34,62,89,37,63,86,79,44,41,83,4,66,75,8,48,100,14,86,73,19,94,1,92,45,69
68,51,48,71,46,88,43,5,2,41,90,5,38,48,17,50,47,49,60,84,15,43,37,90,48,20,5,14,30,13,98,53,6,57,25,60,93,88,51,54,68,59,48,58,21,16,16,49,49,11,77,39,42,59,88,36,38,31,83,10,98,76,89,50,30,7,7,12,12,13,68,13,91,58,6,13,2,72,73,85,7,61,91,93,3,6,42,51,78,51,49,87,23,17,21,37,11,65,2,42
26,95,63,2,100,2,66,29,31,6,4,55,23,93,49,74,92,90,62,79,87,46,93,30,63,56,74,26,10,97,14,19,81,91,79,80,36,39,67,45,95,9,18,11,33,49,48,81,96,4,39,59,1,74,80,19,23,65,81,95,96,24,79,48,18,71,17,7,52,73,7,96,76,83,9,76,43,84,19,77,11,93,17,99,97,7,90,5,43,70,87,7,27,43,10,46,83,4,13,23
7,83,36,81,93,78,22,51,30,31,21,49,42,60,53,2,20,40,37,68,21,58,42,62,88,76,0,10,79,5,38,11,88,61,7,22,59,20,21,24,54,42,38,25,66,78,17,43,53,81,50,58,42,94,18,96,88,0,74,46,81,43,42,29,46,59,75,6,90,54,64,0,30,59,68,59,92,43,80,38,1,75,36,35,7,16,4,37,47,100,23,48,26,66,5,77,28,25,43,22
38,29,4,24,9,10,49,72,76,4,70,12,61,20,27,12,92,18,95,71,31,17,8,34,13,52,6,42,75,28,50,9,85,6,30,8,75,12,43,19,50,18,5,73,76,81,86,87,91,45,42,15,17,65,42,80,37,50,11,3,34,1,29,93,92,69,35,95,84,50,64,55,97,86,72,63,53,99,6,98,23,75,54,17,69,98,71,41,94,88,45,49,48,84,94,50,41,13,64,83
44,13,90,24,82,31,85,80,84,88,0,66,24,40,36,64,67,55,35,8,5,17,72,96,23,18,68,94,53,73,9,49,89,16,14,14,38,99,18,69,72,98,5,47,32,35,92,91,38,55,72,36,85,2,61,62,29,53,11,35,55,35,68,92,66,94,80,57,58,68,90,59,92,38,6,61,50,38,30,70,97,66,38,72,30,82,78,95,10,2,99,85,99,35,87,6,24,17,54,26
71,23,58,39,94,76,56,20,63,86,11,14,76,65,44,88,23,70,99,31,50,45,15,86,90,89,36,61,80,77,46,10,59,6,20,10,50,8,28,15,49,54,47,12,51,43,59,63,75,63,10,75,24,56,58,16,27,2,69,54,32,57,11,77,73,52,19,89,27,44,6,33,31,28,51,92,17,69,40,65,2,48,96,51,56,96,31,89,54,19,34,65,59,6,2,10,13,53,28,17
62,97,66,92,40,50,55,6,41,45,86,9,31,81,89,29,12,79,24,4,44,33,78,66,5,14,93,41,80,89,64,43,76,6,4,46,92,36,42,44,90,82,72,27,34,20,82,33,40,23,26,80,18,32,10,1,91,31,41,92,67,53,39,95,13,46,96,68,95,87,33,63,10,43,36,34,21,16,35,23,41,51,63,97,14,10,4,65,88,44,34,41,60,43,38,58,44,86,76,10
84,32,84,99,50,86,32,44,17,61,51,5,0,18,70,47,68,69,62,76,82,74,57,75,41,71,32,31,9,29,72,61,99,62,73,75,70,23,0,65,77,47,98,30,94,88,58,10,72,78,50,66,69,97,5,30,81,63,30,87,7,39,53,81,9,79,26,76,65,54,40,44,22,44,56,90,60,51,21,46,7,98,30,100,56,30,54,91,21,26,98,71,86,54,4,39,98,30,77,71
43,69,74,46,75,22,72,67,0,76,100,55,36,16,41,44,50,40,88,78,98,10,80,85,56,5,47,85,17,39,16,71,22,72,89,79,32,50,35,89,53,52,57,84,58,82,96,99,48,93,70,80,55,17,3,3,64,90,87,18,27,88,88,88,40,73,86,16,40,7,14,13,36,34,4,31,7,68,87,3,10,73,37,73,9,29,84,57,40,62,53,72,1,53,72,14,16,82,17,29
60,66,48,50,87,50,14,39,83,34,11,47,59,86,68,76,72,47,25,21,17,85,66,78,92,46,49,25,45,67,35,92,30,69,97,10,37,0,6,62,80,11,27,40,41,57,34,10,28,13,0,60,12,22,29,58,55,34,49,46,27,2,52,100,73,28,93,18,7,95,87,20,22,46,44,99,90,81,43,53,28,94,95,54,51,27,63,93,56,6,63,64,42,4,21,70,33,31,49,35
74,94,23,100,43,80,95,42,59,80,89,50,53,15,78,90,69,88,99,5,60,76,23,21,33,73,63,57,77,18,14,70,25,35,87,58,29,35,17,6,100,87,64,21,99,55,89,97,9,43,41,65,3,69,92,94,50,16,42,83,92,90,60,66,11,67,68,75,91,14,61,36,69,69,1,76,53,3,51,49,52,81,79,12,79,54,94,49,54,81,22,36,35,40,19,2,36,42,75,62
4,56,91,65,99,58,72,71,45,81,6,46,5,66,62,79,84,44,53,9,14,57,98,93,24,67,41,54,73,60,59,49,62,84,73,30,78,47,97,0,15,27,76,87,28,6,28,49,9,78,20,36,1,17,2,63,46,70,12,13,33,78,50,82,63,42,10,90,34,47,55,62,40,63,44,21,64,12,98,59,74,68,21,32,98,2,50,64,81,56,7,83,91,66,11,78,54,38,0,10
90,5,2,89,41,39,96,53,30,96,11,6,39,66,61,36,30,48,45,77,92,86,84,97,5,24,0,29,69,77,1,85,52,53,58,62,19,98,62,65,42,2,82,67,51,56,82,65,63,14,73,90,24,81,89,96,18,5,97,11,94,1,32,88,38,89,40,71,84,34,86,32,90,72,13,97,62,42,45,59,92,57,54,15,100,41,71,60,19,88,26,21,50,73,49,37,86,40,91,18
19,32,59,81,48,0,35,97,97,93,52,28,10,64,62,3,94,67,84,86,65,8,100,77,20,67,40,72,15,83,0,24,59,12,15,95,51,13,15,84,44,75,29,18,98,6,21,36,12,10,6,57,91,94,74,13,20,82,91,3,83,26,78,31,44,97,37,76,85,3,58,15,18,11,43,75,13,21,58,6,12,6,72,18,54,69,98,51,24,26,44,6,22,84,99,91,20,12,76,61
32,74,40,49,56,16,70,15,76,33,99,59,16,11,68,2,64,46,81,84,60,50,87,85,30,11,30,56,72,77,65,22,10,25,8,17,35,59,100,63,26,53,22,78,55,28,4,63,16,53,34,52,36,34,79,43,27,2,72,35,96,76,24,2,45,39,10,84,84,87,31,96,69,47,98,86,36,52,20,47,93,45,33,5,5,36,36,81,9,72,53,60,46,46,100,15,48,63,71,97
67,3,60,83,68,71,58,6,56,58,43,67,31,96,12,36,99,29,56,10,69,88,20,7,25,73,4,38,8,84,48,38,53,98,73,35,9,95,90,76,5,29,63,6,14,9,23,49,16,17,38,47,49,50,53,10,85,75,54,45,60,89,47,2,94,23,57,48,98,69,51,49,46,10,5,54,87,18,89,81,3,92,67,94,20,6,63,9,46,81,62,53,59,0,32,20,80,74,67,41
77,91,56,42,42,98,99,79,39,6,87,36,11,92,86,36,93,66,56,3,7,23,48,47,93,47,8,8,83,36,94,49,40,21,78,89,43,61,54,26,66,23,8,75,86,55,84,27,49,18,2,20,89,86,80,92,34,6,71,29,88,89,24,41,68,26,22,82,3,60,28,4,91,0,32,35,66,95,61,56,39,1,13,5,45,45,15,55,85,83,16,31,10,35,43,48,82,9,81,41
23,57,86,52,3,3,24,65,34,91,4,41,38,40,82,15,11,15,88,9,37,1,4,81,42,92,25,98,7,70,28,50,80,36,41,4,33,28,26,49,31,39,92,2,74,9,85,96,96,31,2,98,94,72,50,54,19,54,97,22,40,27,26,4,46,43,85,91,62,46,86,19,64,62,40,9,83,87,16,62,71,9,0,47,98,91,53,55,68,95,43,9,79,36,21,42,7,46,88,66
33,20,99,27,53,8,51,22,90,21,68,17,6,91,70,91,38,51,61,43,12,6,98,4,49,12,42,56,76,85,75,9,9,97,86,28,100,3,49,99,16,27,90,71,54,89,48,91,94,79,12,38,87,70,24,0,53,87,38,72,36,9,68,95,22,17,3,29,89,36,44,13,54,99,69,0,39,45,82,78,5,18,26,0,54,11,26,79,96,61,62,60,7,79,23,55,89,10,52,40
10,43,49,45,7,46,92,38,87,58,18,14,37,63,28,62,0,47,90,99,85,97,90,55,85,49,59,10,54,78,59,17,80,27,70,37,23,85,59,67,15,32,59,92,87,97,31,94,60,98,21,48,63,6,81,47,58,84,56,21,31,84,33,88,10,57,57,62,52,29,81,11,81,11,2,1,39,11,59,50,91,35,59,26,84,5,10,54,69,10,23,97,61,24,51,14,61,10,32,79
7,29,53,92,4,63,28,100,34,25,31,20,24,0,89,87,20,26,88,88,49,19,48,67,0,97,13,82,11,83,36,72,92,67,66,15,92,97,57,83,85,26,16,51,15,86,70,44,35,91,14,41,56,17,55,54,63,25,22,95,2,91,86,79,58,42,89,36,28,37,65,61,46,7,11,69,36,28,24,22,86,35,15,56,25,29,92,46,87,94,11,27,98,89,100,40,83,6,38,41
74,40,19,58,76,60,82,48,3,19,43,98,95,58,28,67,10,89,12,10,43,56,22,64,94,3,16,48,25,76,95,1,29,94,40,13,88,81,72,4,20,18,7,3,40,52,24,55,11,50,19,69,53,64,35,44,0,32,10,73,82,61,94,27,61,88,53,44,19,41,22,81,33,28,28,42,15,19,79,17,52,75,70,53,19,77,91,83,4,90,83,14,74,29,36,55,45,100,20,74
12,56,96,69,32,18,19,0,50,36,17,46,93,26,35,5,76,5,95,35,36,95,0,49,43,53,63,50,75,59,48,68,21,28,88,32,79,28,59,76,44,15,63,79,8,39,21,82,45,34,95,11,59,54,8,82,29,51,56,49,32,37,4,93,36,46,49,98,16,89,15,83,60,75,30,47,73,63,2,31,77,40,34,93,61,98,6,28,76,71,56,47,89,77,49,33,67,39,50,17
19,88,8,59,32,95,3,31,60,100,67,61,28,70,30,67,1,86,69,82,19,0,100,72,82,27,45,34,86,36,18,59,4,42,3,46,83,88,58,84,57,47,95,9,40,14,78,36,64,36,75,90,57,88,75,71,19,52,83,80,80,31,8,84,40,86,63,58,82,36,29,26,30,15,81,16,98,36,35,100,86,7,68,72,10,95,63,27,10,22,9,18,83,60,26,27,22,25,94,98
52,62,94,39,17,9,37,27,91,96,48,84,39,2,81,7,40,89,94,45,88,68,16,10,91,46,94,69,60,47,86,65,58,61,72,83,6,10,91,44,1,90,39,83,5,7,15,4,82,36,73,64,85,83,68,48,69,62,77,18,41,16,19,51,11,5,47,55,20,74,47,6,94,11,15,25,35,95,81,49,43,28,68,86,46,0,8,22,51,63,42,69,22,42,12,79,70,51,48,8
29,2,93,57,20,94,68,43,46,44,58,34,7,53,70,4,95,83,43,84,86,77,46,34,89,45,78,51,60,22,70,27,26,19,62,73,77,27,92,60,91,85,28,35,48,28,16,17,46,44,45,60,2,34,34,24,91,99,0,69,78,18,13,64,50,59,68,82,93,80,73,1,71,69,70,72,39,95,56,37,62,25,21,11,33,6,55,40,44,36,9,93,86,69,4,42,26,73,45,78
52,37,72,97,30,83,45,6,97,88,68,94,67,60,9,69,37,13,40,20,43,33,29,24,83,87,53,49,20,50,37,61,76,81,26,30,46,99,49,86,77,21,96,20,33,13,44,75,64,22,61,4,64,28,72,38,85,65,12,88,20,25,77,28,91,59,71,73,25,87,50,77,41,45,41,60,56,33,1,18,70,59,52,88,14,14,72,22,52,64,38,98,43,97,12,44,61,45,32,90
63,65,45,13,86,72,4,51,9,71,64,91,32,30,90,16,83,58,37,84,13,14,26,5,3,89,48,72,27,15,69,79,18,65,2,9,17,93,43,53,69,16,32,28,46,77,44,33,62,44,72,39,85,5,7,4,75,93,5,70,74,72,98,21,60,96,89,18,14,37,32,95,20,89,61,27,90,1,48,48,33,33,72,7,37,8,66,82,78,29,24,79,18,33,45,68,48,90,2,9
71,34,94,24,0,3,13,22,8,21,32,96,2,32,59,91,15,31,21,8,6,35,92,76,25,38,77,9,26,69,26,60,62,76,93,45,96,7,61,20,79,84,91,77,57,8,81,81,44,63,7,8,86,19,91,66,13,37,13,89,30,34,100,51,46,72,23,16,5,52,84,82,14,76,78,47,97,86,52,11,20,90,28,85,91,21,55,63,32,66,57,89,80,61,67,22,19,47,90,7
61,23,10,67,14,27,20,13,3,1,71,10,49,36,77,76,60,78,91,23,94,39,25,80,1,24,63,97,0,3,68,55,21,57,48,25,44,5,50,13,23,47,58,24,19,84,33,95,74,55,86,52,91,73,75,44,95,70,62,95,51,55,100,7,25,79,11,45,91,25,25,20,17,28,12,17,98,45,99,51,13,0,61,39,53,52,33,75,64,67,83,41,57,9,8,78,38,77,71,82
34,70,1,98,97,4,84,85,54,13,83,90,76,82,46,56,81,79,27,9,86,11,9,26,5,76,75,52,54,95,59,25,93,72,79,66,14,89,18,19,0,100,94,79,25,2,93,17,48,88,88,75,48,99,87,17,64,69,18,91,12,59,23,94,17,100,73,2,93,57,85,99,40,56,25,86,90,42,75,11,69,1,36,76,12,77,29,28,84,24,81,57,14,31,84,100,81,58,47,38
24,1,54,100,49,35,97,83,14,65,16,1,51,19,59,79,62,80,84,24,76,46,9,80,0,64,85,47,84,33,57,17,10,100,68,1,19,1,95,12,49,40,80,42,80,86,86,87,98,66,38,92,49,74,99,44,4,74,19,5,45,74,9,14,2,61,47,46,93,45,91,82,73,21,86,50,99,12,21,54,41,59,0,99,77,87,95,72,92,100,58,43,19,24,53,88,3,40,18,29
4,100,44,54,92,72,46,51,4,12,17,19,78,85,97,89,6,89,72,14,25,0,52,95,5,65,13,29,35,40,23,84,76,81,23,10,60,11,78,99,51,74,31,48,24,93,32,49,76,30,64,59,87,93,74,53,55,13,30,54,94,30,77,40,64,39,48,69,16,33,86,98,29,45,22,77,78,10,52,6,58,22,70,19,44,5,65,79,85,20,43,50,65,51,2,67,83,1,7,44
65,40,66,57,97,91,68,17,58,48,56,59,98,13,18,79,47,22,72,62,50,83,60,22,18,64,69,79,16,98,7,48,59,8,55,32,77,62,42,65,92,76,84,12,77,15,3,13,22,91,79,63,34,29,13,8,68,81,46,26,53,81,26,16,70,4,31,50,25,85,95,57,35,5,29,53,9,53,60,33,3,61,24,58,85,7,66,85,29,23,68,22,57,75,24,76,67,26,93,90
91,56,34,77,48,55,99,90,22,89,69,73,46,10,91,61,65,0,4,67,93,23,63,96,6,90,68,38,92,28,31,74,75,16,74,64,20,23,26,52,52,18,33,62,56,65,81,56,4,56,37,44,94,46,30,42,43,98,8,32,60,49,30,78,54,9,57,44,98,84,54,59,81,35,82,87,29,13,3,59,94,27,90,79,92,59,66,10,67,45,68,49,17,89,27,61,50,41,56,41
90,34,25,26,7,1,91,18,96,64,36,69,59,64,6,16,33,58,6,75,15,30,45,31,40,52,68,17,67,3,22,12,91,32,32,68,17,99,33,71,27,90,59,69,39,88,86,26,77,6,16,92,90,95,88,72,2,58,78,50,14,32,45,27,92,86,27,73,8,2,67,75,100,31,41,73,35,44,23,41,92,59,0,53,58,87,61,18,100,79,13,84,55,66,45,19,40,4,45,29
93,94,38,43,86,4,35,20,32,97,93,94,81,22,27,66,64,75,83,56,23,26,96,10,45,15,34,99,29,87,16,5,19,63,37,74,9,15,4,29,88,25,12,92,68,14,18,82,34,78,94,33,74,80,44,33,9,73,36,32,72,87,13,60,30,22,65,85,41,55,90,40,19,28,76,19,16,75,83,54,31,69,43,63,100,83,71,30,56,55,17,2,6,32,90,81,22,33,36,98
52,51,3,37,46,27,2,59,94,41,1,86,12,46,28,1,17,57,74,46,52,57,83,9,95,60,26,18,34,1,23,78,29,17,100,64,45,100,6,48,92,94,81,28,50,63,90,33,84,61,37,16,38,79,67,82,29,38,41,87,12,69,97,44,13,98,28,60,30,87,28,44,94,64,59,31,100,100,67,14,7,49,70,79,67,37,100,91,81,75,97,41,34,91,6,58,52,87,42,59
55,95,1,72,62,3,51,84,11,82,74,74,89,5,1,12,89,75,77,97,65,20,82,60,20,98,34,87,79,14,46,22,20,99,27,76,44,70,90,35,87,83,60,44,98,77,72,57,76,5,80,84,66,6,90,95,91,29,26,93,30,59,87,65,45,16,85,51,75,47,48,83,39,27,90,51,80,12,66,89,6,64,22,18,76,8,53,57,12,21,0,42,68,85,46,94,48,63,16,54
15,42,73,56,24,66,26,26,73,14,10,35,40,23,30,48,5,50,81,35,40,18,66,41,92,90,89,55,67,30,85,13,8,16,5,57,95,36,35,41,29,1,27,77,75,97,75,54,81,56,96,47,79,56,31,82,28,12,38,86,1,14,28,8,25,64,74,88,79,78,5,51,20,59,38,37,31,89,52,53,31,57,98,71,57,35,17,22,61,20,98,40,49,15,52,90,41,43,25,10
42,13,60,74,92,34,26,7,76,80,24,39,50,37,96,78,69,64,34,73,22,58,79,90,30,14,49,14,28,92,43,48,61,74,46,1,66,47,91,37,41,51,57,7,97,56,71,36,84,53,70,55,96,1,68,60,24,36,40,94,85,66,4,88,89,9,64,65,63,26,96,47,25,26,87,26,47,15,10,57,22,38,47,40,78,51,34,92,47,38,57,83,81,3,82,81,97,81,97,28
4,41,64,88,25,41,68,15,68,36,84,30,50,68,76,49,46,88,90,73,82,10,3,24,35,95,100,46,89,95,25,2,27,16,40,43,22,0,3,73,81,48,8,1,75,28,28,44,59,51,68,67,30,81,28,53,23,5,22,68,99,54,13,28,41,8,19,64,19,45,45,20,3,23,17,52,29,60,100,55,4,55,44,95,51,17,58,51,93,12,62,96,50,10,83,25,19,46,38,94
70,75,0,96,92,94,39,10,35,91,87,98,39,0,57,98,38,37,2,23,3,60,21,51,39,92,3,60,23,67,98,57,21,70,24,6,57,84,85,14,78,54,45,51,49,80,30,44,24,81,95,68,57,76,30,90,69,34,54,24,0,27,47,88,90,93,2,16,64,98,4,17,99,13,58,3,12,43,3,50,31,72,26,97,13,43,14,100,61,75,83,16,51,28,54,42,89,100,20,30
19,93,41,92,36,94,27,87,92,86,98,72,25,78,91,25,28,81,46,33,16,43,78,49,41,64,24,19,9,100,4,24,85,42,84,96,53,39,94,19,8,36,91,99,94,81,77,68,74,7,69,65,80,66,77,63,7,67,31,55,61,13,68,82,41,98,23,49,85,32,0,77,19,29,88,95,35,44,71,85,32,15,54,17,58,56,52,93,39,82,42,13,89,20,47,0,14,21,9,3
75,90,0,42,55,78,84,31,76,12,44,40,12,56,21,57,89,54,90,61,28,21,3,4,29,34,63,42,53,53,88,13,51,58,23,74,9,7,94,14,52,51,21,93,25,35,13,12,48,85,86,78,60,68,26,28,41,45,18,78,47,40,53,78,74,8,20,92,44,5,16,57,45,45,64,61,88,66,14,87,66,87,10,10,59,19,76,90,54,70,75,62,9,32,12,15,98,74,68,9
70,7,62,33,64,5,25,53,39,88,61,23,29,23,5,29,52,96,31,39,51,14,6,52,24,27,26,85,60,42,76,30,30,5,16,31,74,92,43,45,39,14,59,32,14,91,55,9,81,100,71,79,45,52,23,70,50,97,26,70,68,91,2,61,58,5,99,48,98,100,81,85,89,25,82,26,57,88,46,20,32,34,50,10,53,81,74,78,36,91,25,31,58,98,17,54,78,68,14,76
2,60,70,56,17,43,89,16,47,73,41,57,65,44,30,83,13,38,30,8,38,27,2,95,68,66,45,91,37,16,91,69,17,72,76,82,85,73,25,26,13,49,59,60,98,98,80,88,56,80,56,18,73,17,81,47,85,62,19,20,75,96,0,77,56,30,71,77,24,70,100,75,97,12,94,16,69,44,60,93,13,23,45,30,98,97,100,50,78,23,36,72,60,63,60,86,7,25,4,22
25,36,36,78,98,33,85,86,15,85,46,96,78,64,58,77,55,27,30,81,43,63,70,52,70,61,80,52,69,84,64,35,86,63,66,67,74,13,71,28,23,82,71,48,25,42,7,29,84,50,97,48,91,73,96,17,61,98,88,26,32,15,6,86,21,31,62,92,51,58,23,52,47,59,58,82,58,38,23,9,27,27,60,95,46,19,17,21,75,11,83,47,99,60,21,18,11,61,54,42
82,78,49,27,92,52,17,28,2,74,100,5,37,12,7,94,14,47,82,45,55,56,46,42,0,89,69,79,34,59,67,32,83,23,61,42,67,81,53,75,76,72,90,46,11,55,66,85,66,33,95,13,39,71,80,96,74,77,34,11,57,68,46,1,60,87,60,87,81,32,15,94,27,41,39,9,24,0,21,25,96,1,26,71,79,16,48,31,60,10,83,9,52,87,32,6,87,0,1,94
74,100,27,8,42,20,26,22,34,42,94,64,21,8,98,1,66,71,18,76,60,0,90,34,9,90,45,92,73,77,60,56,29,77,20,80,2,52,60,74,12,84,65,35,69,4,54,53,96,57,68,48,76,64,90,95,54,10,11,4,95,88,71,31,78,7,19,92,43,57,78,13,7,51,70,3,12,1,60,36,53,75,3,51,59,2,33,98,70,2,11,2,20,92,92,76,70,52,70,87
23,30,41,94,17,14,38,8,16,4,85,60,65,22,96,86,68,79,48,39,77,4,50,57,89,79,90,97,60,64,62,52,52,31,85,37,66,90,55,26,62,93,77,54,65,79,7,48,62,42,23,29,97,53,36,0,35,52,25,64,36,82,3,1,63,100,78,51,11,100,59,65,36,24,89,48,1,10,13,54,96,50,79,85,10,94,68,20,2,28,79,81,95,22,96,91,27,22,26,58
39,77,93,79,16,2,83,55,52,33,23,56,35,98,2,62,13,92,93,56,38,37,71,34,52,96,91,79,21,45,31,43,91,3,28,6,20,3,90,14,64,87,4,46,63,1,66,75,39,64,86,4,94,74,12,43,20,70,26,98,32,97,94,4,69,47,93,18,13,18,14,37,58,45,20,34,85,50,37,81,96,55,58,9,57,92,37,93,37,61,10,8,25,68,31,44,21,36,85,63
87,67,3,74,3,91,63,88,26,38,76,35,64,33,50,98,29,92,88,76,40,61,99,93,35,7,10,28,96,89,69,81,56,79,62,40,70,48,85,83,23,87,2,59,14,73,92,70,48,97,40,58,2,4,56,3,39,1,61,87,38,49,44,25,72,66,56,99,12,56,90,39,97,18,37,57,28,36,72,25,39,31,19,60,1,60,35,42,10,85,34,67,59,15,24,70,30,71,9,91
44,94,10,10,62,72,6,64,20,66,61,64,59,54,45,81,44,76,81,24,15,28,36,46,22,41,19,12,32,15,26,6,2,79,18,93,15,79,51,89,95,6,25,82,88,4,36,8,47,90,27,7,91,68,46,5,8,57,90,76,6,22,77,81,79,64,32,36,42,25,7,10,25,63,84,21,17,93,76,57,29,72,34,96,9,16,82,85,94,19,23,60,46,23,70,7,74,79,64,34
63,53,42,94,17,48,5,68,21,46,83,17,73,13,83,76,92,51,52,23,72,53,22,63,81,60,93,82,85,29,82,38,18,55,37,60,7,27,62,65,63,67,23,89,48,8,18,98,33,63,93,8,31,9,58,41,6,83,90,62,70,92,25,92,23,53,82,51,85,56,9,94,87,81,34,54,76,14,19,8,84,48,25,45,30,16,38,12,83,82,23,44,11,16,11,30,21,22,74,23
29,30,19,10,22,37,6,27,4,61,80,32,24,86,62,35,37,57,77,76,67,16,35,84,43,71,81,86,51,14,66,51,28,63,57,28,33,31,13,54,27,49,31,6,89,13,24,5,76,84,85,19,65,49,53,65,48,0,46,15,4,40,72,11,7,5,83,39,44,91,85,4,48,92,40,30,45,96,31,10,99,63,6,77,26,81,65,47,14,25,72,0,59,30,75,42,73,75,100,66
33,6,48,35,38,70,68,77,95,42,2,53,24,66,9,12,15,73,81,37,95,87,74,10,80,81,63,5,97,3,61,75,4,72,48,6,25,60,79,47,90,63,29,96,6,21,20,21,30,55,42,27,9,14,42,54,43,25,71,72,26,18,36,10,85,83,62,65,60,32,53,76,39,87,50,42,16,49,96,38,90,13,67,14,76,71,85,98,45,32,21,47,96,17,51,76,12,15,58,52
88,35,44,52,45,36,88,9,52,92,28,4,74,35,12,81,71,31,44,53,66,89,24,60,45,79,5,2,35,9,70,55,64,40,39,12,10,61,20,88,49,63,36,33,62,48,1,98,42,13,35,0,61,12,14,92,100,1,90,15,8,82,60,61,44,15,16,33,99,85,40,95,28,92,20,9,0,64,75,77,64,86,27,25,53,10,30,81,79,38,83,97,4,8,50,31,79,42,59,37
29,33,93,86,29,99,0,52,81,92,79,71,1,66,98,45,78,40,43,27,5,98,31,84,44,42,58,51,85,29,20,8,69,41,81,0,24,5,18,47,83,96,6,70,20,3,6,33,24,97,74,43,35,73,71,2,22,32,46,57,41,65,67,8,72,88,20,72,36,71,93,53,93,94,92,40,66,66,70,10,6,75,74,62,11,30,87,20,76,32,38,37,62,92,50,10,25,99,86,47
9,76,5,12,4,7,95,18,89,15,77,33,89,25,15,92,37,11,52,71,4,32,61,58,100,68,90,73,67,69,16,62,11,22,38,75,68,69,83,66,74,32,58,46,3,53,94,38,74,43,27,31,72,61,76,14,33,13,10,11,86,18,38,99,86,82,30,6,100,58,86,90,69,93,66,70,3,9,95,25,39,100,15,79,67,45,96,30,5,15,16,64,78,22,65,72,58,78,50,79
26,65,57,60,77,55,100,13,21,5,93,84,6,11,42,62,98,12,11,38,18,65,44,29,23,61,91,30,12,39,17,17,73,3,40,75,25,57,41,65,6,49,97,95,0,42,75,74,90,28,32,30,72,0,34,24,37,6,98,74,57,85,29,71,100,47,28,58,8,41,2,96,3,12,9,19,10,90,93,44,71,97,40,49,1,22,4,93,21,39,2,3,72,53,85,8,38,67,81,58
10,83,56,86,72,42,85,97,98,90,89,97,38,25,91,0,59,14,24,95,84,56,53,15,35,53,89,73,16,70,92,58,7,80,24,62,40,61,42,79,17,67,16,54,79,70,6,69,13,48,22,97,12,73,32,22,8,84,43,11,33,43,89,61,26,5,42,91,27,21,2,45,91,54,20,84,58,88,49,9,66,76,12,95,0,63,73,65,44,65,57,8,46,99,47,50,83,34,94,1
17,77,63,57,14,58,89,84,13,18,95,37,48,32,50,1,36,66,96,84,90,31,97,51,30,84,51,20,51,57,31,71,92,12,49,65,34,1,72,61,82,42,85,58,93,28,93,51,56,33,83,82,59,75,18,74,14,34,35,50,51,29,43,47,3,41,57,96,30,28,31,21,86,32,66,22,56,78,60,93,8,49,58,99,71,100,76,52,1,87,67,82,65,81,52,57,43,61,71,99
85,82,77,1,61,65,39,43,90,93,90,40,45,45,36,14,74,93,10,37,60,63,9,79,63,20,39,8,8,11,35,77,28,33,7,21,73,56,13,5,10,77,60,59,10,55,21,56,76,63,10,52,28,97,33,16,62,5,40,22,58,17,56,73,12,52,17,96,32,54,70,41,38,80,6,63,9,57,98,5,72,96,56,67,47,24,78,70,89,92,77,92,82,33,98,81,34,84,32,87
1,25,97,72,67,84,6,21,62,68,12,56,4,71,99,25,80,47,11,14,89,66,96,48,45,72,43,21,13,88,93,78,53,65,40,87,66,38,35,85,54,56,23,47,6,75,99,13,73,71,36,55,23,76,47,33,12,38,88,10,14,43,91,22,89,76,16,2,28,8,12,36,98,26,4,24,67,6,36,77,79,32,7,68,93,98,38,6,13,17,93,99,7,48,43,74,24,87,38,68
18,38,87,63,11,69,48,62,49,18,57,76,65,4,51,9,12,78,45,62,41,93,79,26,65,38,81,96,86,84,25,79,34,18,22,36,11,94,30,49,34,58,65,42,75,69,72,15,38,89,75,9,56,23,6,24,93,55,94,37,62,4,46,76,46,61,47,24,60,14,24,82,78,49,97,89,89,41,87,26,50,16,46,52,56,2,99,70,97,62,67,7,63,21,37,55,40,24,68,3
32,24,98,87,24,42,79,44,85,64,81,8,98,47,65,90,29,53,27,40,46,56,38,20,68,36,89,76,17,41,100,10,26,77,8,58,39,1,74,65,27,57,39,13,7,16,76,10,14,32,56,54,58,42,24,44,80,17,47,39,9,13,15,72,42,45,40,79,8,42,28,85,78,67,95,2,82,85,49,42,74,100,27,3,10,55,16,25,3,9,69,53,47,70,31,69,83,60,11,69
53,11,99,52,94,26,49,15,16,72,74,69,85,25,18,26,48,83,75,17,7,83,5,10,41,76,24,3,64,52,43,9,13,20,10,48,22,69,17,77,17,5,64,85,84,42,76,28,55,70,56,81,88,65,65,83,83,72,63,78,44,1,100,93,78,6,46,75,40,86,70,74,57,84,40,23,54,13,2,15,47,47,62,27,11,75,94,15,47,46,10,14,72,40,98,98,74,100,26,2
11,20,20,18,6,95,44,96,2,25,71,2,4,88,55,3,96,33,60,86,43,56,70,9,81,50,92,84,75,34,60,29,90,41,15,71,91,42,74,58,92,17,38,15,70,14,76,42,76,55,43,15,69,10,1,97,32,30,53,18,77,33,53,99,40,98,20,5,46,64,19,77,38,76,13,42,96,57,50,53,22,30,37,49,66,90,69,76,21,19,100,80,98,40,74,12,82,44,32,12
29,9,68,5,12,98,31,88,86,14,54,94,90,89,70,20,8,31,28,47,28,14,64,2,25,34,31,10,26,32,60,2,10,61,96,35,41,74,80,76,36,31,12,43,85,44,96,55,51,61,43,11,72,59,17,42,98,74,67,48,99,88,61,18,31,3,34,79,67,76,79,11,57,48,24,2,19,33,23,23,53,94,100,11,74,75,24,30,19,48,29,18,8,76,74,77,83,0,20,55
48,94,75,23,72,65,88,5,54,65,81,33,18,35,82,49,34,43,68,73,89,7,26,70,61,46,19,63,28,64,22,82,3,3,90,76,11,25,18,48,99,10,13,47,82,87,70,78,57,78,73,56,41,60,2,85,78,10,31,26,0,95,28,25,34,47,30,51,68,23,84,89,41,74,2,48,77,63,57,64,54,71,65,86,99,62,10,66,17,65,25,9,65,77,64,53,100,30,78,27
37,6,100,72,22,78,100,71,42,40,73,72,63,20,89,83,39,44,8,68,68,74,20,57,57,43,12,90,57,22,59,23,57,31,78,62,71,74,75,38,29,67,57,38,69,86,93,58,0,83,7,4,38,38,74,12,50,43,22,42,71,40,93,73,2,84,56,8,74,39,72,25,18,22,72,68,18,16,8,57,83,48,18,93,97,17,31,3,55,38,8,59,0,42,31,38,30,72,50,68
62,80,33,79,51,19,96,69,65,79,30,2,27,90,70,73,52,97,70,4,19,80,56,99,4,57,20,53,58,62,65,28,2,80,98,4,21,77,5,39,67,6,87,58,35,70,65,31,82,10,53,28,39,87,53,65,52,48,6,66,9,24,77,85,62,83,54,58,18,37,6,37,37,99,96,93,31,18,43,13,28,85,70,47,15,4,34,91,92,83,89,3,57,16,90,86,41,44,41,65
31,19,22,78,14,97,59,25,79,74,63,37,96,82,88,27,99,19,26,20,20,38,65,62,83,72,81,85,82,74,88,28,15,98,2,35,7,68,36,68,96,9,9,99,21,81,34,38,67,5,42,0,39,2,25,68,27,85,85,67,77,62,78,40,1,16,85,69,33,70,83,49,34,81,87,90,16,14,73,76,13,65,9,89,29,76,23,0,93,23,100,38,63,18,38,5,72,52,62,50
43,33,62,6,77,82,96,82,47,82,88,59,48,53,56,91,95,56,73,56,7,22,40,33,80,68,71,34,94,82,89,33,99,90,32,74,78,92,32,80,39,54,54,73,75,55,15,28,30,26,96,85,82,34,36,59,97,79,68,64,8,14,99,73,34,74,51,25,86,22,11,49,50,0,13,20,97,92,88,23,63,15,77,33,78,14,41,57,82,81,80,29,82,17,92,15,13,76,72,52
68,57,75,99,36,65,49,23,64,40,51,10,37,90,19,64,80,68,4,58,39,25,13,63,26,29,10,86,41,15,50,73,48,29,69,86,45,43,11,5,69,11,9,83,98,42,15,99,88,65,23,86,50,65,13,83,38,16,59,45,76,16,76,11,62,100,49,70,10,4,55,35,74,70,26,58,8,74,57,53,52,41,72,17,97,0,73,64,69,74,35,96,45,96,24,68,29,31,55,92
36,63,17,0,86,0,93,59,71,54,49,88,14,18,36,25,0,77,0,20,83,95,28,73,91,51,30,79,58,15,86,29,72,32,2,35,82,23,22,57,50,54,85,62,67,67,2,29,8,41,79,13,69,29,78,30,84,27,55,68,80,70,84,83,69,97,41,95,89,51,58,95,75,16,66,81,65,72,28,71,36,23,21,66,34,40,38,15,9,62,68,67,80,71,96,92,98,87,33,3
85,84,57,86,29,76,63,24,44,35,53,19,33,84,100,72,51,46,88,16,10,85,82,98,42,74,44,57,95,80,74,10,26,17,60,5,38,81,88,97,8,94,15,79,64,99,13,37,17,45,71,99,50,25,62,85,7,39,27,82,94,29,82,54,1,19,8,19,15,75,25,77,29,29,20,80,8,29,57,16,3,30,84,26,88,36,88,88,9,56,47,47,80,95,67,5,78,19,74,86
37,83,34,54,21,28,48,59,95,39,13,73,78,5,26,67,25,24,72,23,36,9,31,80,88,69,74,29,85,48,35,56,0,2,71,8,16,75,7,55,78,55,86,59,6,83,30,34,12,81,70,40,53,57,31,11,93,40,80,61,44,85,45,34,88,52,62,7,32,4,45,12,22,46,29,83,24,0,63,61,53,47,34,19,93,19,25,78,69,70,89,23,99,71,67,34,57,0,81,12
90,2,10,71,49,9,6,52,33,15,45,95,52,87,75,61,73,64,29,50,31,78,62,40,33,37,72,89,56,78,94,25,49,13,30,65,47,38,2,5,48,54,12,29,35,12,84,87,27,41,43,94,80,70,47,86,73,9,47,21,96,100,26,100,8,57,60,21,43,57,51,98,20,9,79,76,51,67,86,41,65,18,44,100,45,74,17,9,57,65,70,50,33,11,76,96,39,45,57,72
36,96,15,46,18,93,63,61,99,3,72,40,52,56,98,54,54,51,31,31,89,92,83,6,20,1,28,5,98,4,10,29,2,17,11,93,50,65,100,82,16,40,67,66,29,48,38,99,28,70,41,35,24,22,0,42,78,31,99,77,16,65,94,77,88,27,29,88,78,0,86,59,41,93,33,71,12,13,5,41,5,78,100,30,1,57,71,9,9,21,19,4,5,36,26,25,18,45,44,37
35,17,17,56,7,47,20,41,41,28,24,77,78,87,84,76,34,39,50,42,59,69,87,81,95,76,6,58,13,32,91,94,85,89,89,42,83,97,91,27,85,62,14,32,19,32,15,57,42,45,87,40,93,46,92,69,73,88,96,95,35,67,21,94,0,44,58,11,93,41,99,21,84,96,57,73,39,52,47,71,88,71,30,10,69,63,61,77,93,28,40,55,1,94,41,67,17,44,13,54
93,35,69,4,73,87,46,3,57,85,80,76,25,37,55,45,58,78,36,52,8,99,96,60,21,74,95,47,19,26,83,30,29,80,83,82,100,61,88,6,7,28,78,100,83,14,36,94,87,97,79,86,63,98,53,54,90,29,38,86,100,83,41,44,77,78,50,2,12,56,69,27,3,80,74,63,42,49,48,60,80,26,8,65,70,92,15,43,85,50,98,4,65,0,46,100,69,92,22,55
14,94,67,31,94,6,45,42,26,53,77,95,28,98,0,71,83,62,59,86,32,97,88,15,51,49,82,62,89,61,10,54,47,88,52,45,66,83,37,1,94,87,95,83,57,24,33,55,83,81,35,93,39,18,56,18,87,17,13,59,36,88,55,68,95,31,95,99,54,47,62,28,21,43,41,36,4,14,69,14,22,67,11,42,8,38,5,70,88,94,0,49,81,92,50,72,84,52,63,5
93,76,38,83,20,11,71,5,80,98,66,35,16,73,11,34,5,64,84,43,11,37,77,42,20,24,19,8,69,14,91,43,100,6,19,20,74,11,100,26,62,73,87,86,74,81,99,7,57,7,46,80,77,4,51,61,48,2,17,95,68,48,58,55,4,57,61,24,90,39,91,9,95,20,56,28,95,67,6,39,94,6,97,18,77,52,7,57,89,18,12,60,77,11,57,9,3,96,15,21
54,30,100,10,89,58,11,18,32,50,10,33,79,67,69,1,99,27,95,9,98,57,32,59,0,71,70,20,91,65,34,61,98,23,92,24,67,40,53,26,34,93,94,10,20,52,56,7,33,29,23,33,99,77,72,65,37,6,14,79,3,52,58,3,2,96,72,65,84,49,100,96,10,35,58,44,56,97,66,73,50,55,88,73,11,10,60,26,11,6,94,17,52,28,9,76,1,1,88,32
29,60,14,88,45,27,24,42,79,13,30,27,16,24,96,53,50,21,61,17,72,69,61,36,5,19,23,75,24,33,11,83,70,48,77,61,70,33,81,42,5,95,70,19,78,87,78,59,32,76,83,23,70,94,40,54,2,97,94,84,86,76,31,1,52,6,72,54,47,62,22,44,38,29,59,38,44,39,44,19,46,54,42,97,83,69,95,12,72,31,63,57,12,11,18,5,49,64,34,57
62,99,93,83,98,86,82,38,97,82,31,41,62,47,44,14,1,95,36,98,49,42,59,12,92,24,61,3,60,66,60,2,98,93,17,44,87,72,56,36,24,94,7,43,58,12,33,50,86,5,41,20,46,2,24,66,62,89,90,46,25,80,80,87,7,63,38,72,46,46,49,66,0,91,27,53,74,52,15,67,60,2,7,6,39,51,63,39,74,69,89,17,47,65,77,57,88,34,91,68
9,95,85,0,85,75,33,25,76,56,75,58,98,97,40,83,83,86,8,62,69,95,63,65,2,23,65,26,43,99,56,22,70,90,94,1,56,62,5,51,8,9,2,91,26,0,82,17,5,94,11,55,98,55,88,35,69,64,4,73,46,96,92,92,71,38,35,29,72,8,91,7,49,41,94,51,85,42,68,33,47,10,21,54,83,43,60,50,39,89,41,21,85,60,100,56,97,25,70,66
58,3,13,84,41,9,87,88,94,66,81,74,82,44,27,48,8,65,91,45,26,55,52,5,96,72,87,28,42,60,61,71,26,7,80,66,74,99,25,23,90,46,33,35,92,79,25,1,85,40,29,18,8,36,91,14,18,94,29,88,11,100,29,60,61,7,80,20,0,92,89,96,41,26,68,55,62,100,42,61,41,11,50,53,80,20,4,41,91,30,64,0,80,55,76,31,60,27,82,21
30,22,66,85,38,32,17,62,35,91,29,8,32,56,97,17,91,72,21,1,43,40,50,56,50,5,96,73,89,10,21,47,35,40,47,77,25,54,69,62,35,74,23,53,85,80,98,83,47,93,9,99,58,70,85,80,54,74,66,62,41,26,23,47,76,58,10,6,58,31,70,99,7,61,4,7,88,67,76,32,65,20,22,64,75,83,32,65,5,8,54,46,91,25,41,32,54,13,81,91
25,4,56,92,26,40,63,54,92,0,74,24,15,67,12,81,32,47,75,6,1,96,59,68,38,80,19,93,45,77,14,73,22,48,19,73,54,1,49,10,23,56,61,87,31,59,61,69,99,70,15,63,50,0,24,22,29,95,84,93,83,89,5,88,8,37,86,35,32,60,6,62,71,94,18,58,4,31,67,0,25,52,77,45,100,51,26,92,30,25,79,40,71,78,38,40,35,70,48,45
79,88,11,55,38,53,97,56,50,10,73,34,47,61,84,62,71,88,60,73,30,35,77,26,20,5,6,20,26,25,94,87,75,6,57,44,51,26,84,93,77,41,12,21,36,82,61,86,7,90,78,43,29,23,28,90,48,85,97,81,37,54,38,30,30,46,99,67,50,62,3,8,30,63,33,58,70,31,41,30,22,7,94,2,22,27,44,27,7,82,83,80,97,37,39,64,32,16,81,94
98,1,84,45,71,18,83,59,61,50,58,18,91,69,59,24,57,34,2,67,96,33,48,79,46,57,52,28,77,77,47,96,24,63,39,13,57,13,78,23,72,85,61,13,100,36,46,35,88,95,45,17,92,89,69,28,19,29,64,85,75,59,45,69,67,48,35,85,39,57,53,36,91,95,72,49,85,53,73,98,88,45,80,35,40,86,96,81,59,3,90,83,84,62,61,17,43,68,72,62
15,93,19,35,30,88,57,94,11,28,54,61,68,0,0,0,17,83,75,29,1,92,56,98,53,33,25,68,17,10,31,15,88,64,82,6,52,32,9,13,80,62,79,68,44,94,1,86,48,44,16,22,74,49,20,31,35,70,93,28,77,76,53,68,3,81,85,4,21,68,80,22,81,89,36,70,13,49,25,72,52,62,87,42,72,13,18,94,38,72,82,63,37,72,8,66,76,49,35,44
7,68,8,61,70,100,100,7,12,70,12,68,28,32,2,9,99,32,46,62,95,89,2,74,43,39,21,23,62,60,10,98,75,68,46,84,75,55,5,5,100,0,24,79,91,34,60,85,65,62,92,49,5,57,36,21,21,94,89,44,47,0,53,4,83,99,100,43,22,38,40,66,9,57,13,99,3,97,45,35,86,9,20,15,88,17,10,39,58,33,58,19,40,83,26,22,42,31,41,99
43,11,77,48,24,22,1,22,93,88,63,83,14,98,76,13,14,65,2,57,73,32,92,25,21,33,87,50,72,84,75,22,94,45,77,54,84,40,26,62,1,14,30,88,16,88,62,26,78,1,46,92,5,61,82,84,77,10,100,29,82,91,50,65,6,93,62,47,80,7,98,50,91,84,72,8,15,69,80,0,16,76,32,16,89,19,59,99,29,62,28,64,48,8,4,82,50,91,29,6