35,87,86,86,12,59,44,99,92,59,33,82,38,93,16,86,71,2,70,26,21,18,55,92,1,40,97,16,53,51,75,77,30,66,100,13,21,67,54,56,71,22,70,60,81,17,60,3,58,3,9,70,7,84,88,78,63,88,87,6,81,42,26,89,73,28,71,90,62,80,55,53,28,52,58,44,87,4,62,76,41,15,16,31,85,92,32,45,36,89,16,19,84,18,98,43,8,53,58,40
74,76,18,59,85,1,85,32,74,10,70,65,26,16,30,89,76,100,8,54,43,57,52,56,48,89,37,48,11,62,71,90,7,57,96,80,21,37,49,40,0,11,41,31,92,87,29,67,62,65,82,94,100,36,4,4,3,97,20,58,15,99,77,97,91,17,83,43,83,28,88,19,48,89,35,21,78,60,90,42,83,4,36,12,55,61,51,2,53,39,56,14,17,38,5,25,22,44,23,14
99,0,91,90,65,97,15,59,89,13,84,95,94,25,39,15,41,63,43,16,39,70,41,44,46,63,89,31,98,79,65,98,4,14,58,32,56,23,80,73,61,55,34,45,48,30,66,30,38,75,5,23,33,5,20,53,35,27,67,81,46,89,61,65,44,87,64,48,48,12,92,64,55,7,69,52,8,80,96,8,13,91,55,50,100,95,25,69,66,64,66,63,24,76,67,32,85,89,25,14
50,92,26,93,95,21,55,69,86,67,56,36,23,61,47,74,50,100,25,37,38,37,0,94,70,15,36,27,36,77,26,91,70,69,22,55,31,91,57,98,11,17,48,100,23,46,84,58,41,24,0,38,99,17,97,53,80,71,6,100,52,58,80,89,73,79,59,96,89,74,23,32,22,28,64,97,8,38,1,1,51,6,8,81,22,23,72,11,57,65,76,55,40,1,43,28,47,11,99,21
99,60,45,96,100,57,92,90,54,84,32,69,25,3,22,71,44,26,55,50,6,49,34,59,38,28,94,62,61,68,81,52,20,21,70,7,82,91,52,20,19,68,27,55,42,12,22,93,75,38,65,81,40,8,12,24,21,67,98,76,84,14,74,92,90,82,10,44,41,97,85,36,34,51,92,63,18,15,34,26,27,3,90,13,21,39,7,18,59,61,84,47,1,48,58,75,54,50,45,40
1,24,16,26,83,44,89,52,93,83,41,88,100,21,61,20,60,96,39,50,37,65,95,21,85,63,55,50,80,87,29,14,64,97,78,54,30,16,24,68,4,20,46,28,92,88,59,29,96,26,78,12,5,98,37,74,45,43,7,53,58,20,23,80,85,41,5,37,88,34,38,18,69,64,71,69,12,13,87,3,6,35,38,90,71,3,74,67,83,86,90,69,51,49,80,67,0,20,5,77
34,5,94,32,58,52,71,40,80,8,87,66,12,45,92,28,74,45,91,42,23,89,27,40,56,9,77,91,86,43,46,37,88,1,78,64,45,58,20,99,13,78,92,26,19,100,14,34,16,76,94,34,52,27,44,1,23,91,3,68,54,4,40,77,7,90,66,32,0,37,93,63,72,52,94,2,70,23,42,30,21,26,8,35,95,40,51,71,97,39,63,9,35,54,11,92,30,59,40,5
93,59,73,64,75,85,25,25,70,71,31,28,63,15,57,74,5,78,74,1,30,98,89,59,62,67,91,79,76,52,50,5,60,74,22,1,89,67,72,74,41,40,69,92,91,19,32,55,93,94,99,5,17,21,2,63,52,80,4,57,78,11,78,91,18,0,85,45,89,26,33,11,73,1,4,38,63,3,74,71,25,50,63,83,92,66,24,85,72,63,75,7,2,19,78,80,3,20,10,48
56,84,2,8,35,86,14,52,71,36,0,54,81,26,41,99,6,61,34,24,4,19,1,81,8,43,54,62,45,87,14,40,50,96,90,71,15,91,73,55,74,26,91,29,41,98,59,95,80,76,37,80,92,47,92,40,99,94,43,28,80,26,3,60,28,26,97,1,78,31,73,59,68,68,10,5,16,28,7,14,26,2,12,48,39,85,55,39,32,81,11,49,49,39,46,88,69,70,100,62
80,29,54,17,15,82,49,11,81,26,42,67,74,66,21,53,60,5,89,21,65,81,69,71,92,78,5,95,21,60,81,68,45,41,60,80,81,99,13,54,61,62,51,75,19,44,50,52,96,51,8,56,29,58,92,56,58,42,61,10,29,22,91,77,67,12,5,92,18,79,77,93,9,87,40,43,37,54,67,11,64,28,93,7,66,16,30,60,63,5,36,69,12,49,51,38,13,20,84,20
92,91,12,24,43,14,61,54,76,14,82,8,32,1,44,83,100,5,2,26,11,68,18,14,49,46,16,45,16,29,71,77,54,26,89,62,31,44,69,78,35,53,85,48,42,99,1,7,39,11,16,37,56,68,34,71,81,77,100,27,13,4,43,70,80,33,30,57,59,72,88,47,19,13,69,57,34,53,72,88,87,14,8,7,86,86,78,69,100,39,89,40,86,100,89,45,15,91,94,28
95,90,31,37,85,49,63,19,35,81,52,76,8,99,80,77,84,3,92,67,51,10,57,29,81,86,50,67,3,49,32,93,12,27,58,0,29,68,15,24,98,31,35,62,18,62,79,32,22,89,21,78,92,66,95,68,11,79,69,59,66,25,43,80,24,91,51,27,85,83,89,42,83,47,27,16,61,4,22,23,1,23,9,88,17,6,55,38,72,33,98,29,67,81,6,23,71,88,18,32
81,2,12,40,9,44,0,39,67,96,30,86,49,65,27,96,32,5,25,75,1,50,43,91,67,97,0,27,48,48,14,93,67,63,74,40,54,13,64,80,89,76,71,65,64,6,91,23,26,44,46,33,18,7,20,95,17,71,67,4,47,77,9,45,27,27,85,21,18,39,40,42,43,37,24,57,74,45,55,52,21,69,21,65,55,56,74,96,83,63,88,100,73,47,27,82,5,76,68,45
47,68,77,82,54,22,70,94,47,83,34,64,17,56,74,62,71,78,46,60,24,91,89,21,1,94,6,43,65,4,83,8,71,22,91,87,35,97,9,37,37,85,81,31,71,88,54,53,7,83,7,92,87,33,21,22,22,85,85,32,95,12,54,37,16,2,91,32,32,33,75,30,41,94,19,23,40,96,38,54,28,85,13,94,81,19,96,35,100,67,72,88,34,61,0,65,89,16,11,36
42,69,70,82,69,66,90,39,38,21,86,88,0,8,96,64,27,84,19,82,8,5,99,29,97,41,2,87,48,72,79,36,83,45,65,88,90,81,24,48,65,85,98,60,16,95,91,54,91,62,30,91,20,31,19,50,67,16,2,1,97,96,42,24,95,28,19,56,66,15,47,34,52,13,19,26,69,50,46,85,67,25,40,28,75,10,67,71,5,92,88,6,74,69,51,69,18,21,95,95
96,33,21,42,41,72,47,74,88,19,61,49,72,39,0,36,50,92,35,21,99,62,56,15,89,38,91,20,64,76,92,48,28,9,100,60,59,14,81,18,37,44,34,18,13,55,94,76,24,42,63,17,58,81,58,98,17,59,30,79,87,5,16,4,17,7,79,5,34,71,91,63,19,39,23,38,10,83,81,92,82,72,65,64,11,95,93,56,79,13,28,52,61,8,25,68,46,83,21,80
22,8,19,83,49,4,57,64,19,25,78,54,44,53,94,14,92,12,84,64,67,60,21,72,47,92,95,19,16,78,86,52,11,19,37,24,4,28,81,87,53,3,61,55,85,62,80,8,31,35,96,90,76,60,58,63,100,53,2,0,7,0,98,9,6,12,44,76,33,100,36,8,59,89,4,65,99,100,1,76,49,82,75,54,30,38,52,97,61,49,26,60,12,87,67,33,14,30,59,1
8,8,97,80,59,91,29,93,10,37,15,1,8,46,72,14,49,91,15,3,57,74,97,39,58,19,45,87,60,56,15,82,2,91,29,100,91,38,78,99,87,95,78,78,0,28,28,84,19,32,12,9,51,84,88,98,56,98,68,55,99,92,17,60,100,20,85,89,31,50,3,10,11,21,40,9,87,99,67,44,93,9,76,86,65,8,6,15,23,16,3,86,11,90,5,67,29,45,76,18
17,54,87,57,76,48,55,48,98,79,50,1,36,59,26,6,48,75,62,2,35,5,7,18,27,60,72,78,76,53,86,36,14,58,72,78,10,44,23,41,82,6,89,63,83,25,17,100,73,48,11,99,66,28,15,4,45,47,33,79,94,58,13,40,92,64,9,83,28,30,43,44,77,1,38,28,65,0,37,67,99,79,39,45,85,34,2,19,70,20,72,26,20,61,0,88,56,41,68,10
60,59,86,27,61,14,28,24,42,0,15,23,72,100,36,38,0,55,83,81,36,29,75,19,6,3,49,99,57,28,29,47,65,90,85,0,31,74,8,13,20,66,23,2,12,40,78,42,74,78,78,74,56,10,28,18,45,33,86,53,2,98,27,0,21,15,58,91,42,94,5,16,18,88,4,35,65,65,53,13,32,48,43,89,79,51,27,51,23,35,92,28,61,83,3,80,45,2,11,86
19,79,15,73,34,48,67,90,62,60,61,9,42,27,91,73,34,75,67,76,57,7,56,86,36,39,73,30,32,79,43,87,1,96,49,73,100,58,24,83,79,43,67,63,82,89,73,43,31,52,26,27,1,64,92,79,46,47,62,94,44,97,87,27,51,94,9,80,54,9,1,38,1,61,15,9,34,38,12,84,71,78,52,29,54,69,28,43,37,86,56,4,64,98,7,30,43,74,43,29
14,94,52,84,77,33,36,80,22,9,37,75,78,33,30,86,20,82,45,94,26,60,42,96,96,53,78,56,63,68,15,25,73,61,78,52,53,76,76,59,78,57,9,13,72,80,17,95,24,21,49,47,48,30,96,47,82,59,40,70,45,15,62,97,94,16,94,79,76,61,33,60,2,61,39,80,18,78,47,55,61,7,26,66,3,17,36,94,11,58,72,3,30,84,59,35,46,63,5,51
25,66,48,6,9,69,93,11,76,74,83,82,81,50,51,61,94,21,38,52,58,18,73,62,35,10,28,14,5,76,95,57,48,77,18,43,21,65,56,72,78,84,85,98,20,44,6,24,50,14,68,65,1,14,81,25,70,51,12,59,68,4,83,10,34,58,73,87,88,39,58,19,76,28,31,100,1,61,72,48,47,41,55,65,70,27,79,19,33,62,79,57,61,68,95,18,44,52,74,87
30,53,47,67,37,65,4,17,58,64,86,41,9,46,35,47,97,8,90,99,39,74,91,14,17,88,78,92,85,21,56,18,75,36,42,21,78,29,58,48,60,9,4,31,22,8,70,46,96,10,19,8,68,64,70,44,13,37,89,4,54,38,71,16,85,44,61,48,0,75,4,4,57,14,66,46,33,92,10,85,81,84,99,54,5,6,95,77,55,53,31,32,41,28,39,40,17,61,90,70
31,28,7,8,84,92,76,58,69,79,19,47,92,75,81,78,7,80,18,51,47,47,27,70,33,79,44,27,79,33,79,68,34,34,11,88,53,17,38,50,71,1,26,22,48,55,37,69,3,31,1,1,19,40,73,40,21,35,54,42,35,62,25,65,90,57,49,40,39,38,63,25,28,22,29,69,96,32,13,59,74,79,3,0,69,52,45,61,20,91,47,88,87,69,83,24,78,83,17,80
45,33,93,46,13,67,31,32,83,16,97,46,64,53,5,86,57,13,29,18,67,55,61,6,34,80,80,57,4,15,24,68,75,98,5,92,2,70,63,56,70,57,54,54,93,48,41,19,70,95,60,61,36,43,28,35,63,65,59,57,81,62,40,36,94,12,69,82,92,23,42,74,12,79,27,64,13,30,57,65,86,97,37,29,25,72,74,23,4,11,54,47,63,35,67,43,39,49,5,94
17,40,47,88,42,47,61,8,55,30,78,13,100,36,97,61,55,63,32,100,3,88,0,87,16,40,12,32,71,78,35,25,95,70,13,4,97,37,37,27,2,58,80,84,13,60,44,100,89,71,45,52,5,30,90,5,60,76,66,74,11,79,33,69,53,98,30,84,45,69,30,88,91,94,51,67,69,68,91,82,3,4,16,84,5,72,12,84,43,41,82,12,83,45,78,78,23,66,5,83
86,80,2,89,98,8,99,60,16,93,2,75,91,40,91,43,31,15,6,72,98,99,65,85,61,23,17,7,94,41,22,62,94,5,90,34,53,32,49,2,25,20,83,19,67,87,1,41,95,34,57,96,87,48,38,83,65,38,8,32,88,90,24,28,41,6,89,95,94,55,49,57,9,70,86,52,44,91,47,76,40,89,83,80,87,19,76,8,73,80,11,60,73,5,58,7,47,22,2,36
72,66,17,99,57,58,95,31,7,66,93,55,86,34,19,16,42,1,92,50,51,20,86,54,68,33,32,32,53,42,8,82,19,36,49,65,77,54,76,0,27,38,36,46,85,19,7,0,13,13,10,18,42,72,79,24,86,46,22,81,84,32,2,70,6,52,76,68,8,95,72,88,8,26,2,23,54,67,46,91,80,39,47,53,31,46,4,98,70,0,30,38,50,97,37,93,3,93,34,64
38,36,4,36,42,21,50,12,29,25,15,91,14,74,29,63,46,74,89,79,38,76,77,89,17,49,23,11,84,70,0,39,46,31,10,59,27,93,68,44,77,23,10,2,94,42,65,27,0,26,47,51,49,37,26,2,53,23,3,57,25,74,1,8,77,31,33,47,54,71,7,99,80,1,99,94,54,86,62,83,81,20,47,91,78,32,16,26,51,42,30,47,96,49,37,18,53,52,6,13
89,95,70,26,3,9,43,15,38,97,96,37,82,11,58,16,65,55,0,12,97,30,78,97,92,57,69,38,71,66,10,21,4,23,44,89,9,91,48,30,16,38,86,84,55,70,50,61,49,30,14,3,47,27,89,94,60,81,64,85,48,27,92,94,44,47,64,21,85,68,54,88,69,89,87,90,34,90,30,68,97,0,46,48,80,38,68,42,27,36,37,88,2,10,48,15,51,16,84,31
13,44,30,64,16,76,80,11,51,10,2,45,54,28,88,41,82,16,78,53,26,75,36,87,60,68,33,22,15,47,70,60,86,0,56,78,86,86,54,76,94,51,62,42,96,39,89,16,0,42,73,23,1,84,7,13,63,43,70,61,57,14,14,29,12,8,80,83,55,58,38,4,20,58,9,49,65,49,50,65,53,20,76,68,39,48,42,92,93,12,91,69,49,3,62,34,94,14,96,58
41,41,52,34,6,86,7,33,66,23,18,79,85,97,56,61,34,62,98,41,12,100,79,40,18,2,74,56,87,55,58,82,61,55,59,32,85,90,5,78,100,11,14,6,53,6,51,48,37,46,27,35,77,49,60,28,82,38,44,98,25,86,89,97,45,57,50,51,88,45,67,60,60,80,34,68,27,50,25,92,33,72,51,86,64,30,50,40,37,28,51,87,10,79,72,70,76,22,16,75
40,6,54,86,72,12,50,46,7,80,85,30,44,80,61,35,16,71,48,25,29,64,33,68,56,85,99,98,10,71,79,52,88,58,18,65,27,40,15,41,22,43,24,55,19,68,82,79,14,41,12,55,55,61,69,85,90,10,54,47,75,76,17,10,65,65,86,66,6,78,35,82,89,96,63,6,91,12,17,31,92,14,46,87,13,97,10,8,85,42,100,46,69,46,79,95,100,69,86,80
41,52,87,100,5,23,96,27,83,68,10,31,87,22,85,31,42,70,67,68,13,3,8,13,58,19,38,84,51,97,58,76,98,65,73,90,6,74,43,71,81,36,95,25,61,92,35,26,30,14,33,79,94,70,2,79,99,34,86,77,55,70,37,52,59,10,17,57,58,81,34,21,63,3,32,94,33,85,60,72,71,74,75,44,93,39,58,92,53,82,21,48,31,95,32,34,95,16,23,2
42,6,57,63,85,52,87,81,95,67,32,2,91,22,3,86,60,86,33,0,72,90,76,49,61,91,48,84,63,41,90,30,6,87,28,53,2,19,20,56,54,94,76,39,99,0,17,48,72,8,71,62,55,78,25,61,2,27,84,65,5,25,33,17,98,82,67,2,14,51,6,86,32,69,99,25,87,100,44,15,75,14,85,50,54,74,68,3,74,33,11,12,47,99,46,23,22,12,84,89
98,72,90,88,8,3,39,29,18,31,53,75,81,87,61,0,41,75,35,17,83,44,56,34,45,14,80,24,88,98,16,91,35,10,8,70,68,72,89,93,78,26,9,40,29,39,97,30,18,25,15,74,93,27,87,72,62,68,65,32,70,58,72,98,93,45,75,19,92,88,23,16,41,1,88,55,36,32,53,60,77,88,1,30,54,22,8,40,52,55,76,66,30,68,56,50,73,25,42,16
7,13,0,78,94,0,79,53,97,64,67,14,12,62,92,75,28,21,24,5,17,100,15,46,8,9,74,8,90,83,84,0,21,2,43,29,29,21,56,68,75,46,14,94,21,70,19,63,18,78,40,35,84,71,71,100,36,12,89,90,99,92,80,7,59,54,77,47,17,9,89,98,69,67,37,87,9,59,33,22,71,48,75,81,40,76,3,13,72,90,3,50,6,99,69,39,7,36,87,31
3,87,5,21,9,46,36,27,100,91,61,29,81,4,89,33,9,32,11,27,42,10,68,23,88,82,81,57,24,46,56,25,12,23,89,83,54,45,32,39,71,43,97,28,46,2,44,15,13,48,70,63,66,42,20,36,46,83,5,34,45,60,24,56,89,9,18,11,100,94,97,48,65,76,95,21,6,59,93,6,77,24,21,5,22,19,64,83,70,24,38,18,55,53,9,54,17,86,85,56
11,54,100,96,11,62,26,99,33,95,38,97,11,32,2,99,93,2,74,86,47,63,65,18,48,37,51,61,71,12,88,48,71,100,91,10,46,60,62,90,95,2,100,78,8,3,74,67,71,23,23,33,95,33,81,44,83,58,81,1,69,85,99,30,82,29,85,8,47,2,50,85,90,29,89,66,6,53,76,3,17,39,29,4,1,19,74,9,95,44,6,90,3,85,80,55,19,34,82,43
33,100,42,63,78,29,85,92,78,63,1,36,86,54,12,47,99,1,3,88,38,20,64,84,47,96,55,0,98,4,60,11,90,96,64,5,18,94,66,91,18,19,17,25,75,86,82,74,77,64,44,46,62,61,18,76,53,48,11,88,80,89,29,53,7,9,69,13,20,56,97,39,57,12,17,0,11,83,78,50,57,85,23,35,16,84,28,71,98,37,87,33,99,79,45,35,10,6,81,88
37,64,50,51,61,41,61,86,98,30,23,75,17,73,67,93,98,0,31,44,97,36,41,24,56,33,81,48,97,27,7,86,90,10,78,81,97,73,90,77,77,63,69,93,70,100,7,78,100,74,37,31,76,3,37,68,35,82,31,29,36,62,23,31,51,89,48,42,81,0,80,74,17,31,38,8,15,26,23,21,94,89,65,69,68,55,73,38,66,12,90,100,70,91,61,79,46,8,55,71
74,86,51,94,7,68,18,21,24,92,90,41,73,31,62,29,3,66,21,9,36,73,36,64,62,37,11,13,20,72,42,2,24,67,81,95,48,53,8,97,46,31,90,20,79,73,25,43,21,89,92,69,47,59,40,4,64,4,21,17,8,27,5,68,85,79,12,21,56,81,4,39,75,51,46,56,88,87,96,99,18,62,18,55,86,31,3,69,43,79,7,6,76,23,28,31,23,0,26,93
3,32,10,99,43,44,33,10,30,93,19,54,26,52,88,83,98,60,34,66,35,43,84,29,44,69,22,19,80,58,7,75,88,82,98,34,43,6,75,74,18,97,30,76,50,76,61,61,98,29,90,85,86,44,79,39,29,63,45,48,11,36,66,31,54,5,42,79,65,84,89,38,14,11,47,73,19,16,93,58,33,60,24,27,37,5,9,84,86,57,28,55,73,95,48,17,86,34,58,31
8,6,63,6,22,75,7,31,83,29,36,18,78,86,8,13,58,92,48,43,80,0,43,71,40,72,33,93,7,89,59,50,48,100,8,18,8,58,20,80,45,21,55,51,53,7,14,83,7,94,76,74,91,21,41,22,39,98,12,35,80,13,88,38,58,35,15,10,35,10,13,45,78,86,45,90,12,2,16,77,97,93,63,95,89,6,57,93,67,40,70,13,12,54,34,28,2,5,25,47
91,71,83,73,11,54,100,96,5,2,8,64,16,50,100,20,5,12,50,78,0,71,45,53,40,76,16,84,70,44,53,7,89,12,23,36,74,22,1,81,86,39,82,85,30,87,85,50,16,5,15,54,92,26,44,3,82,3,50,18,37,64,55,95,16,82,28,62,21,75,55,4,41,53,25,69,69,61,14,96,87,86,4,75,62,47,60,25,81,55,1,14,66,54,62,23,26,30,97,87
23,14,10,39,88,65,31,56,90,85,43,88,31,18,80,13,7,84,66,58,18,76,65,25,33,27,80,29,90,100,18,31,32,98,90,15,58,61,79,31,55,97,10,7,43,35,87,29,85,78,24,52,9,53,38,49,80,40,1,20,35,52,21,86,13,90,53,66,57,41,81,90,79,77,38,99,42,23,3,94,34,72,22,81,67,54,32,1,83,4,5,63,41,7,74,63,4,37,64,76
42,47,66,52,14,74,28,49,96,99,60,38,58,94,46,2,21,71,39,75,59,82,29,89,96,41,42,82,91,15,40,70,89,8,27,16,83,90,4,23,83,34,4,56,30,2,71,27,56,38,30,38,15,77,63,26,84,77,47,19,88,4,46,29,98,64,20,1,62,96,75,45,22,51,36,3,77,100,80,9,41,56,64,87,33,79,51,19,80,48,27,18,34,85,84,16,19,18,1,85
15,93,14,27,22,19,77,26,46,5,63,38,50,78,79,42,38,27,17,20,93,89,63,0,100,36,89,72,58,45,31,86,4,58,1,36,67,73,51,9,14,6,71,32,68,67,7,38,60,62,32,75,62,0,73,98,20,8,89,11,43,68,28,10,29,16,83,35,39,81,87,47,65,99,91,51,84,72,97,75,35,48,95,28,20,33,85,31,62,100,77,68,57,30,32,53,82,75,39,5
29,1,80,65,26,16,6,93,38,19,73,26,25,54,37,61,1,83,19,54,74,51,37,83,25,42,1,74,98,91,84,38,32,28,28,55,32,26,43,67,44,6,78,78,15,67,100,8,35,98,93,64,88,40,60,68,35,9,66,49,100,61,91,62,3,74,100,52,58,44,7,75,74,3,18,64,4,76,25,60,87,65,44,11,24,1,50,90,51,69,28,26,100,5,18,56,59,38,73,18
53,26,79,11,56,5,0,40,87,80,48,6,30,40,44,4,95,46,30,35,84,67,11,39,22,95,59,66,61,16,19,92,58,39,56,30,22,83,66,93,8,21,52,36,51,100,21,33,24,3,40,90,31,17,44,8,24,27,72,75,39,16,0,57,87,45,96,22,25,77,38,35,42,43,56,70,95,35,61,8,47,26,79,67,39,42,77,7,37,42,32,20,27,12,76,9,23,51,11,67
88,0,50,78,0,15,96,94,37,52,69,36,96,6,64,72,41,29,54,50,61,79,47,16,63,4,73,100,56,52,83,41,29,85,8,34,12,92,63,10,51,52,75,60,80,57,74,23,28,34,37,17,20,33,31,77,12,21,80,48,18,57,40,42,46,59,81,98,28,16,94,37,70,39,2,27,82,83,75,97,14,94,18,32,29,76,28,75,3,80,65,8,65,63,48,80,14,36,40,43
37,69,59,34,37,22,74,68,93,23,19,92,12,48,75,31,31,45,27,35,32,81,49,90,61,65,58,72,62,17,56,0,16,75,1,22,63,48,49,45,6,42,30,27,7,45,40,95,60,75,10,80,42,71,60,79,99,52,19,33,8,96,59,68,5,77,50,52,95,81,59,42,7,68,100,45,43,5,19,34,91,85,62,71,37,18,49,79,49,54,35,27,6,98,65,98,14,41,91,90
35,49,83,27,48,86,97,63,82,59,81,88,76,22,71,76,18,91,0,17,23,49,87,82,29,47,58,26,41,81,32,85,87,53,75,78,74,86,8,4,34,13,4,35,97,81,86,91,84,49,96,65,87,13,43,67,67,51,6,43,48,81,76,63,10,22,78,83,58,23,36,41,39,35,59,44,86,76,86,97,44,75,66,22,52,2,36,23,58,53,89,77,89,81,81,53,90,38,60,67
28,41,60,20,96,82,68,39,57,36,1,56,94,74,5,31,96,91,4,64,49,37,39,45,23,60,5,14,78,61,47,95,17,22,83,45,60,50,2,59,28,24,49,25,80,11,54,31,51,0,67,12,77,66,70,76,55,58,1,22,66,19,98,33,6,40,89,99,27,3,16,37,37,99,56,48,22,56,40,7,10,42,9,55,40,18,57,4,49,91,56,46,93,25,58,71,87,74,12,5
24,100,59,0,46,0,7,40,49,36,33,66,81,90,21,42,18,41,0,6,15,85,92,36,23,85,75,57,100,86,42,70,88,22,67,76,39,100,71,13,38,51,65,75,38,77,74,77,2,41,9,23,41,33,99,88,22,8,63,1,61,47,95,83,2,78,10,9,21,55,56,98,81,37,95,24,43,21,81,8,51,13,92,14,98,59,33,16,19,79,71,10,88,70,51,63,95,19,0,59
83,90,63,67,85,54,53,5,79,42,30,97,40,85,74,0,83,54,13,50,5,76,34,85,96,98,100,91,8,11,37,27,60,82,36,7,91,93,1,58,37,44,58,97,9,9,8,37,72,37,41,43,58,58,36,81,43,47,89,64,47,53,29,33,62,12,97,76,44,60,7,2,85,60,73,1,67,16,79,35,78,27,79,40,25,95,70,36,97,85,98,23,42,54,63,98,29,44,38,45
95,70,61,4,49,78,69,24,62,51,66,63,21,96,40,24,1,95,55,61,44,100,52,37,29,89,98,95,28,79,74,99,43,36,22,80,79,46,86,20,58,67,80,49,50,47,95,55,16,24,63,82,93,45,60,33,98,99,85,93,63,73,83,67,48,17,25,23,92,84,23,8,99,92,5,29,60,35,55,76,48,21,41,87,54,93,72,27,57,6,26,51,33,50,34,20,64,53,15,96
57,45,94,69,57,20,60,53,40,73,70,38,59,79,48,25,29,48,80,79,83,17,6,39,87,89,51,75,61,0,81,51,70,54,70,71,52,53,51,90,79,21,34,72,50,1,18,36,38,54,9,98,67,86,65,44,59,3,25,11,87,10,33,85,89,14,63,75,45,54,26,12,6,37,39,100,16,8,22,26,29,99,55,12,7,9,44,89,55,98,89,33,84,12,1,98,18,45,19,34
37,81,67,15,65,53,54,19,60,89,40,49,10,19,70,74,53,87,33,44,34,22,54,47,22,51,11,58,75,61,0,24,39,61,24,54,44,68,31,16,92,48,74,23,77,9,99,5,35,91,69,38,48,39,85,43,41,52,38,34,72,26,44,64,77,34,27,40,30,68,85,86,94,70,42,33,76,86,94,79,28,99,46,80,82,9,25,96,19,85,34,12,36,32,76,14,34,66,73,32
42,11,18,50,47,68,25,33,28,9,0,15,68,34,83,11,76,63,71,54,64,71,46,35,54,66,21,83,85,13,62,42,100,59,79,54,1,30,36,16,76,42,80,79,58,38,3,12,30,28,47,83,54,33,90,15,100,23,79,48,90,4,59,29,64,8,55,0,8,47,17,13,75,7,59,81,81,45,71,22,57,83,69,3,94,13,15,23,88,72,79,44,82,59,46,30,61,95,60,27
33,25,68,45,97,36,46,86,42,24,79,64,81,44,9,26,59,91,71,63,73,46,71,84,28,90,96,1,81,42,46,18,98,11,13,4,95,27,63,99,20,62,80,26,28,84,3,48,3,25,17,14,89,67,84,88,98,50,92,45,25,32,6,28,8,94,68,46,90,41,72,47,94,79,49,100,56,97,89,52,87,31,26,98,54,73,99,54,42,8,42,47,86,34,42,63,31,59,80,14
58,10,93,63,56,94,7,62,54,23,31,68,79,29,31,62,10,75,37,87,28,37,87,8,69,81,82,37,51,78,55,74,90,76,12,55,55,65,93,82,13,70,69,81,37,53,70,66,5,32,20,81,95,59,100,8,40,48,63,1,34,35,19,26,1,70,70,74,42,36,48,98,25,1,51,4,51,21,57,7,69,64,38,3,33,99,1,23,97,79,62,27,66,97,90,34,42,82,11,72
86,68,98,0,39,15,10,14,96,20,69,53,100,65,52,30,90,96,3,94,49,46,73,45,45,70,73,34,12,51,98,45,17,83,23,30,65,49,17,59,42,74,54,95,96,36,93,57,44,31,38,2,4,4,55,38,93,9,98,2,3,97,94,2,68,36,81,78,79,82,25,78,85,70,3,29,98,55,42,59,30,88,48,22,92,92,68,85,74,98,56,34,87,87,21,55,5,1,3,34
87,32,76,20,73,41,44,44,28,67,78,94,89,5,61,38,62,54,89,98,80,22,98,16,71,64,89,64,0,27,10,71,22,71,68,53,84,96,94,77,74,31,19,80,1,96,82,50,5,33,23,62,52,15,40,12,59,13,30,67,6,72,44,9,41,84,84,55,65,88,1,36,68,92,83,30,49,42,12,51,20,46,67,15,10,97,37,57,60,15,4,95,7,97,8,92,21,43,32,58
0,93,50,40,82,51,46,39,39,18,73,41,10,62,47,0,45,43,12,77,23,61,76,35,71,11,1,17,20,33,47,41,83,99,5,38,81,100,30,23,88,57,22,20,62,12,24,30,57,72,60,77,85,14,48,66,17,24,100,17,39,61,36,25,77,50,20,88,24,52,65,98,3,79,84,97,96,63,88,23,10,37,85,52,52,12,25,98,70,86,78,47,89,76,85,33,79,7,84,37
25,19,43,8,13,40,85,17,24,53,62,3,98,78,4,18,67,93,43,96,7,95,90,52,11,61,97,29,17,17,58,91,71,11,22,75,51,8,78,17,57,99,32,24,13,96,96,85,24,36,45,43,27,4,86,70,72,52,6,81,15,8,27,77,23,84,26,52,82,97,55,70,31,14,68,30,56,45,19,48,78,60,48,21,86,76,91,76,97,53,33,48,54,81,0,39,41,94,21,48
4,63,71,52,93,86,29,66,25,79,46,14,39,54,55,8,51,95,55,79,45,5,19,8,83,38,38,50,0,61,51,40,10,94,54,80,81,87,56,56,84,0,59,46,58,64,44,98,96,100,93,32,66,22,90,93,23,55,83,57,94,7,10,72,24,30,23,30,61,16,8,28,75,69,16,99,69,91,9,7,22,39,6,30,63,55,46,82,83,52,100,60,26,55,26,88,21,4,2,96
30,66,87,92,12,38,76,23,20,92,92,80,44,74,42,80,12,88,4,20,18,39,92,37,26,96,16,83,95,46,43,87,42,88,48,96,20,97,75,93,96,74,22,2,58,45,72,6,47,6,69,78,69,66,79,21,92,81,91,21,30,89,67,50,55,34,77,54,36,17,26,67,83,10,49,6,5,49,97,32,72,17,79,11,90,64,59,75,85,69,13,31,54,42,8,90,43,24,65,91
50,46,49,34,74,29,50,93,17,52,9,20,74,45,53,53,48,20,33,89,34,68,12,55,93,57,41,99,99,54,43,86,66,88,25,30,55,72,49,9,78,65,58,75,96,63,12,85,24,49,13,43,68,28,50,1,36,24,86,22,9,24,36,58,22,93,57,69,94,13,64,63,76,10,47,60,85,84,80,76,25,90,35,100,97,54,60,78,76,46,81,10,0,85,80,68,29,54,81,36
36,31,58,36,32,16,94,42,89,51,19,45,58,8,36,73,38,33,32,59,0,48,98,39,25,3,71,48,21,47,53,98,73,13,21,16,9,74,7,9,18,57,93,96,74,58,46,66,31,6,69,20,77,49,5,96,2,83,44,1,47,89,69,99,38,48,24,56,39,54,34,61,93,87,70,78,97,42,54,26,26,28,37,94,28,47,88,66,63,78,65,64,76,74,75,28,32,37,50,71
0,25,57,51,23,88,99,89,23,64,82,68,21,80,18,58,8,78,4,83,76,74,95,66,87,29,3,62,25,63,2,58,89,53,80,2,60,3,99,44,40,59,24,92,13,19,83,88,81,96,48,31,2,11,54,71,50,49,65,40,99,32,63,5,23,98,0,13,73,79,85,37,42,62,34,30,7,43,5,32,79,62,16,20,78,30,72,45,11,66,29,97,14,97,4,53,73,18,59,0
60,41,62,58,30,78,33,94,41,67,97,14,39,14,34,28,38,71,48,2,83,66,63,68,53,73,54,19,40,53,46,77,22,18,5,90,27,58,100,99,71,42,51,60,5,66,61,54,1,31,76,85,77,48,60,81,5,59,86,93,33,54,51,38,70,82,38,67,70,76,48,20,95,98,27,48,42,99,62,73,74,0,98,0,46,72,70,3,20,62,9,23,42,55,20,0,44,63,2,64
56,74,27,95,32,71,5,31,93,66,50,53,36,69,5,79,16,80,22,29,45,90,93,84,60,13,43,95,65,49,12,29,25,89,72,30,80,53,84,8,70,43,65,9,42,15,75,31,8,67,39,86,89,20,73,88,93,28,13,72,48,96,27,35,17,75,89,47,31,86,75,8,93,2,49,41,55,63,19,2,77,47,93,87,9,6,6,88,75,43,54,94,74,26,91,60,41,87,69,66
50,77,77,100,23,100,8,97,22,99,39,76,38,61,25,57,92,57,9,75,99,63,39,47,2,80,10,89,78,78,28,19,87,3,31,100,73,21,23,88,36,27,93,21,81,80,18,55,75,16,89,56,71,97,0,25,93,64,56,93,84,54,1,40,14,36,49,58,13,42,52,100,7,7,31,36,30,31,91,0,33,59,69,29,75,92,77,68,80,39,98,16,18,25,4,49,18,44,5,28
11,37,48,63,83,30,91,74,73,39,68,43,41,28,39,59,80,13,85,52,49,29,83,20,38,33,10,50,31,10,78,34,56,76,74,26,73,9,27,28,19,45,73,12,76,9,53,84,47,100,30,0,68,34,61,28,32,86,82,92,22,80,31,6,79,77,19,8,64,46,88,41,92,95,20,85,95,91,41,34,22,96,55,55,22,39,0,100,45,36,90,31,70,37,93,75,30,65,75,44
74,30,95,14,3,30,98,48,75,74,50,2,43,88,40,49,27,23,33,80,42,78,61,51,58,36,47,53,10,1,78,80,86,48,89,58,48,16,64,89,56,18,62,52,64,97,33,26,98,70,13,66,50,94,85,61,62,40,52,49,46,1,46,3,89,100,51,9,9,7,9,65,85,0,48,17,55,90,20,22,51,57,75,91,35,90,21,71,49,8,81,48,82,87,19,3,13,38,86,20
4,73,66,45,59,21,1,79,52,73,13,25,11,86,76,78,100,91,53,66,26,17,17,61,12,87,40,84,78,42,43,86,95,55,74,31,20,55,39,16,85,82,43,10,82,69,20,14,88,20,16,63,95,43,40,96,43,5,58,45,81,75,97,21,24,29,58,49,4,90,87,78,30,16,48,29,4,65,14,35,84,35,18,14,2,71,71,56,65,25,79,78,56,67,91,78,76,67,92,88
100,68,99,75,11,62,46,78,72,50,6,80,62,75,79,65,85,0,26,4,30,71,28,22,94,31,76,6,39,66,2,46,48,61,59,85,77,2,2,33,50,52,65,43,22,36,88,18,39,82,25,78,36,25,59,50,40,43,15,22,15,89,68,74,32,36,57,17,24,58,39,88,17,53,87,73,57,65,85,20,64,8,31,29,38,52,59,20,75,43,28,36,65,0,3,44,2,75,74,44
72,73,59,57,64,15,33,88,83,20,78,17,12,36,78,59,34,15,47,60,79,1,28,35,83,46,32,4,14,6,98,39,93,52,59,97,22,60,88,14,97,62,4,20,9,55,55,57,90,93,4,49,100,29,62,46,65,80,51,88,57,35,27,96,11,90,36,67,73,26,55,49,71,38,9,92,45,88,41,25,58,89,43,39,56,26,64,55,37,19,14,74,99,3,89,46,92,10,81,35
21,30,93,94,82,65,0,27,61,36,72,73,94,23,71,57,53,92,45,39,9,43,70,96,86,57,26,21,36,16,30,23,64,64,38,86,85,87,63,35,31,33,8,43,0,88,51,67,61,33,10,57,81,100,15,8,94,98,41,33,69,85,21,93,10,86,1,60,30,50,95,67,71,40,42,14,66,49,18,63,38,44,23,57,93,96,19,92,55,51,68,53,95,4,62,96,32,55,60,60
66,70,19,30,42,45,41,8,48,65,57,25,90,73,62,81,91,17,53,68,66,91,49,98,15,51,56,33,5,77,23,33,32,35,4,74,72,75,67,73,100,21,70,62,91,39,17,53,6,66,7,82,95,11,23,100,50,6,36,60,76,20,100,23,85,13,41,73,9,57,57,59,79,27,3,38,94,73,32,9,8,36,50,0,98,32,96,75,14,81,19,74,73,15,4,99,82,44,76,31
44,69,34,14,48,17,36,71,29,43,90,70,11,61,28,64,97,66,49,18,20,48,44,71,25,82,15,9,9,12,7,42,26,73,81,3,80,18,96,71,16,91,57,38,79,38,26,60,69,96,85,57,79,99,29,79,95,6,83,75,34,21,69,70,26,1,7,71,97,84,96,38,78,3,53,10,15,42,69,41,88,88,84,61,79,67,9,49,12,71,51,74,39,44,9,53,26,13,41,25
9,94,36,8,56,82,38,89,33,66,47,98,27,3,48,49,10,38,20,30,1,84,43,50,43,12,23,45,34,79,49,7,57,88,46,0,32,16,21,55,6,17,32,90,97,10,29,81,65,16,79,14,79,52,43,63,74,26,57,14,23,68,80,84,8,37,72,66,88,20,86,30,28,37,24,30,86,33,13,11,90,11,60,46,68,42,99,55,90,73,28,83,24,73,77,89,0,47,28,46
76,96,29,1,24,73,33,10,36,84,50,19,93,84,67,31,69,52,4,82,38,29,29,77,22,72,90,28,63,3,3,23,99,22,3,64,74,13,58,16,32,90,58,15,52,20,42,88,9,71,89,65,76,20,99,22,26,50,11,95,55,87,18,74,98,25,22,34,96,82,84,21,74,4,90,67,50,57,52,44,96,27,0,70,59,98,48,54,4,32,54,83,52,0,18,61,83,70,60,33
21,91,31,85,95,94,63,21,96,15,54,86,75,35,63,93,49,27,31,93,70,20,100,32,71,8,90,26,0,12,4,62,46,61,53,96,82,72,43,2,81,82,86,44,44,28,52,39,32,52,87,82,37,64,13,92,96,23,71,54,22,48,25,37,83,73,24,6,60,19,12,38,40,22,65,83,40,80,24,89,84,2,98,57,54,47,40,21,40,67,50,73,14,3,67,77,37,34,12,40
11,94,87,92,43,73,78,87,67,22,12,38,72,4,75,98,19,73,15,51,7,45,45,9,87,18,69,40,91,66,36,97,91,43,97,14,98,65,60,61,81,20,50,26,81,90,64,25,38,60,92,38,6,78,60,1,62,53,73,58,79,94,6,63,91,76,33,71,9,44,97,57,22,43,36,48,38,18,58,59,23,0,64,4,85,57,10,22,76,37,43,75,79,58,64,82,90,17,74,79
58,58,5,76,12,59,48,95,12,91,96,35,100,48,43,93,96,50,28,4,59,94,4,64,9,2,100,86,34,82,4,33,66,55,16,45,63,65,48,65,54,11,15,45,95,87,98,69,48,84,17,65,9,61,35,5,5,79,34,69,29,2,69,55,99,50,15,83,22,19,76,56,80,55,43,47,24,95,95,43,89,67,52,47,64,96,33,33,33,6,72,95,48,71,8,56,59,64,79,66
17,91,40,2,0,56,39,25,95,82,90,79,33,82,84,87,76,100,53,2,44,50,7,50,68,82,45,61,79,61,9,59,62,3,62,27,57,56,63,46,77,37,98,91,83,42,43,52,34,63,26,26,10,34,36,82,97,66,77,98,76,12,79,47,26,36,40,100,44,35,36,92,96,77,53,20,98,2,1,42,37,13,57,66,83,32,83,59,12,39,71,10,20,70,70,34,92,14,98,12
32,80,49,12,98,62,98,94,16,60,31,8,61,16,2,32,65,23,56,32,7,74,74,75,47,55,63,97,54,60,53,69,33,19,83,14,65,57,80,33,50,80,34,14,34,90,5,3,20,73,9,82,63,92,66,88,80,70,21,99,40,40,15,55,27,80,52,95,65,60,99,5,29,36,2,7,75,23,78,5,47,21,94,0,78,9,95,92,27,3,96,81,51,91,11,81,1,36,78,1
34,83,52,62,7,72,43,52,74,87,11,7,26,31,83,80,7,39,60,56,31,56,36,29,90,93,37,80,62,38,90,31,54,54,54,62,87,5,23,74,20,10,54,92,4,6,87,41,25,30,35,74,17,6,82,46,89,82,91,69,28,95,38,50,93,40,74,73,97,98,6,44,68,34,68,42,73,90,77,78,69,98,21,89,69,45,84,33,19,65,73,45,39,85,82,21,13,15,50,29
93,78,90,69,30,46,38,18,65,86,78,3,97,72,93,0,37,13,45,61,76,15,50,3,26,100,23,13,25,73,96,100,47,97,89,32,89,34,27,91,22,73,61,7,77,79,7,65,84,99,79,15,14,37,43,73,37,26,7,51,45,83,34,1,35,87,72,52,67,3,10,14,59,14,64,37,90,11,78,85,83,7,19,28,65,6,73,41,89,64,79,53,84,66,51,55,3,95,18,49
55,3,70,68,13,26,20,6,23,71,49,9,24,59,23,97,89,12,22,75,8,68,36,79,96,3,84,68,17,36,8,23,98,44,32,40,70,95,96,60,33,72,22,9,28,17,45,78,13,96,40,37,9,28,58,43,70,24,4,71,86,0,35,83,25,100,15,66,2,34,54,80,7,57,84,83,60,13,43,19,16,50,37,62,74,31,45,25,70,24,96,71,51,66,44,87,26,61,80,53
79,63,46,58,70,73,13,92,87,55,22,63,53,58,40,59,100,5,42,20,63,21,77,52,32,55,2,34,13,51,92,81,80,63,3,56,33,51,67,67,23,35,42,18,33,83,98,85,94,47,63,76,30,14,10,98,97,38,61,23,8,10,98,60,87,12,45,8,44,23,93,38,22,37,54,70,79,76,25,40,31,15,98,29,39,24,9,94,76,24,72,84,28,87,52,26,54,88,90,31
73,19,75,3,70,98,93,35,49,56,15,30,75,3,85,0,51,27,94,72,27,18,8,74,83,25,13,99,46,16,51,42,28,39,86,19,58,95,44,86,8,82,64,75,54,92,67,42,89,61,98,69,28,39,49,53,21,33,2,99,30,99,39,96,74,50,53,17,80,11,72,96,77,30,50,59,33,26,75,98,42,76,82,2,95,89,71,21,77,19,84,25,29,18,99,79,76,36,69,99
10,23,22,1,52,87,19,32,99,66,4,36,17,18,25,33,25,78,87,65,88,11,69,2,75,62,1,21,30,2,94,29,13,77,28,79,53,94,85,15,39,46,89,33,84,26,82,80,32,42,65,100,9,31,38,1,58,57,99,97,85,15,37,85,61,42,43,34,49,64,11,97,44,0,29,50,4,8,25,48,82,72,40,54,95,95,72,93,33,78,56,74,1,80,74,87,50,52,23,58
17,77,19,24,59,71,78,9,32,82,98,42,10,99,8,93,50,80,90,100,31,58,32,93,10,55,25,11,86,17,24,93,5,22,69,5,22,61,43,100,67,83,74,71,83,25,39,93,10,96,27,62,63,68,35,59,83,16,76,1,76,43,1,47,91,26,100,12,1,76,9,32,87,12,97,3,98,24,7,69,92,76,71,35,55,97,100,31,18,29,81,61,53,38,38,96,37,10,72,11
12,69,61,95,7,33,44,36,28,12,3,75,26,19,61,98,21,11,78,16,33,95,70,97,68,34,11,7,8,75,73,26,69,14,39,36,19,37,34,40,45,42,73,85,86,56,99,73,23,27,78,46,45,47,90,85,9,56,21,10,23,26,55,52,57,9,45,69,3,100,59,4,24,70,4,33,46,38,18,36,80,63,64,77,0,92,24,96,82,65,13,73,78,4,98,39,24,68,58,35
94,2,51,95,8,58,2,79,68,27,84,82,15,4,83,26,62,6,27,57,90,82,43,44,18,3,6,14,51,20,80,29,62,53,35,83,71,40,65,84,14,88,97,45,91,67,26,81,29,34,62,20,56,87,63,41,100,39,29,100,87,59,9,82,89,73,90,85,83,66,71,90,69,0,73,46,80,95,73,64,87,65,45,2,21,20,94,45,94,13,87,96,73,70,33,9,61,77,11,16
28,36,48,64,28,43,38,12,71,7,96,83,50,29,71,61,90,82,33,53,50,14,69,88,33,43,58,45,54,54,86,81,92,55,70,71,63,79,11,65,77,67,72,16,9,41,42,29,31,91,30,10,54,0,52,14,37,26,57,17,88,88,23,54,23,80,28,54,17,96,84,12,33,1,64,7,48,58,55,40,37,3,32,99,93,46,85,8,76,49,64,6,81,15,94,50,32,69,42,58