48,37,55,17,36,1,92,24,50,91,1,54,24,53,66,61,49,98,97,24,83,14,99,88,56,82,91,51,60,59,37,28,74,55,45,25,82,36,96,46,24,5,19,73,85,51,10,32,92,8,100,30,62,76,61,60,45,58,71,4,5,20,31,32,19,88,54,44,8,10,28,33,74,39,23,26,92,39,12,55,67,8,44,21,51,62,23,4,31,14,32,86,53,23,82,51,38,95,88,44
44,71,78,6,48,42,68,35,56,86,23,66,82,26,97,2,87,91,17,86,59,1,93,60,23,47,36,47,11,32,22,36,52,23,75,66,39,23,59,79,58,59,23,28,3,75,3,60,86,97,11,83,61,75,92,94,51,61,81,43,14,38,22,15,79,47,28,25,5,31,21,64,64,81,65,15,18,33,89,77,80,59,23,11,78,90,98,27,49,96,16,89,57,21,83,17,26,43,85,16
90,90,27,80,58,60,92,37,8,90,28,81,31,55,68,16,36,6,26,61,81,31,62,11,2,40,29,20,15,24,17,86,25,84,35,90,15,6,32,61,19,18,76,16,31,72,13,82,79,97,26,70,46,61,92,44,54,93,69,68,1,51,81,7,19,88,43,94,14,30,24,26,7,47,67,73,90,68,92,37,81,84,75,65,58,10,79,61,30,22,39,99,95,8,11,78,4,43,63,65
92,65,39,0,40,11,74,37,36,56,37,94,33,94,43,38,100,82,21,77,57,39,72,6,65,79,47,97,53,29,41,69,80,89,1,85,21,30,3,37,5,1,90,89,94,30,33,20,52,31,95,58,56,19,26,51,84,42,53,52,5,51,44,8,0,67,84,95,82,79,66,43,63,36,46,16,24,89,97,95,31,24,22,17,65,74,99,50,42,80,97,27,59,17,22,30,49,95,51,96
10,12,9,26,14,7,20,91,62,69,2,11,79,82,24,32,25,85,27,63,94,43,86,9,12,72,50,42,71,10,64,46,87,14,70,83,98,1,16,13,19,99,48,82,59,4,77,12,93,17,88,38,21,95,85,57,74,58,25,66,42,4,13,48,6,12,36,62,77,57,89,10,62,92,57,0,54,70,90,60,31,23,12,89,21,40,5,64,46,19,38,35,94,29,42,24,84,10,20,74
92,83,28,81,61,26,89,32,82,30,43,92,73,99,69,51,21,0,32,20,64,57,6,61,54,80,11,89,1,9,99,87,78,73,29,35,50,53,6,92,46,58,15,9,54,28,94,30,92,75,41,83,54,44,76,36,74,75,42,91,85,48,90,2,58,32,48,10,100,77,35,91,82,87,72,1,50,97,44,19,7,75,82,8,82,26,62,17,12,59,39,32,9,10,44,72,15,33,7,100
64,50,60,4,16,1,35,30,28,5,57,15,84,87,88,55,73,91,21,59,19,64,3,33,41,13,63,53,17,8,74,51,37,53,65,72,65,42,95,41,2,45,0,71,23,56,62,96,8,77,81,61,80,60,51,50,79,32,59,96,21,51,100,98,98,45,26,1,82,13,69,28,88,68,26,94,59,0,73,44,69,60,17,21,25,55,99,56,9,18,69,45,72,33,20,25,38,90,89,52
51,86,19,52,23,25,29,20,47,71,68,72,85,36,10,25,66,44,46,29,8,40,14,38,64,57,62,32,39,36,39,12,11,99,0,63,23,45,58,24,8,42,10,31,67,2,100,23,14,9,15,12,87,14,64,81,23,74,1,72,8,1,94,58,6,96,96,47,24,14,63,17,52,76,36,80,84,54,35,1,36,68,48,79,4,43,11,16,96,95,80,51,43,43,25,79,96,12,8,100
40,85,40,35,21,46,65,75,95,53,98,98,61,57,1,88,3,74,15,89,38,72,95,90,81,81,16,67,11,60,87,94,38,32,89,84,6,43,87,95,98,40,66,99,83,1,25,20,56,31,22,17,39,72,20,84,78,62,47,86,82,50,96,91,59,26,71,51,70,41,90,63,61,92,80,98,31,12,96,55,56,63,48,18,30,53,31,76,31,87,80,26,93,1,32,11,77,56,60,64
28,67,3,9,23,88,97,2,87,89,80,14,25,16,86,48,88,67,74,62,55,7,28,4,76,20,26,69,16,60,97,72,42,71,42,32,28,99,93,75,19,38,18,11,36,72,90,77,21,35,55,40,74,71,54,57,0,74,54,6,28,26,91,75,77,91,82,67,39,86,42,98,91,22,64,55,72,3,82,28,0,88,2,58,26,28,46,55,90,32,26,84,19,61,94,49,40,61,20,93
87,13,7,25,48,49,98,28,19,51,52,12,74,59,81,8,61,85,45,70,58,59,16,82,81,80,56,48,9,30,56,77,21,36,86,72,61,79,50,37,18,42,54,37,95,86,79,26,74,11,93,69,3,77,40,88,94,19,0,87,9,66,64,68,42,64,25,29,85,55,79,95,66,47,59,93,82,62,56,34,79,99,29,10,98,86,41,32,56,99,29,15,56,20,0,10,46,9,65,52
13,71,100,9,21,58,35,17,63,16,92,46,64,17,2,19,96,56,63,48,80,87,11,41,94,45,10,66,6,8,90,34,84,21,21,41,6,15,58,15,100,62,34,64,18,73,55,92,51,30,21,66,98,17,68,99,41,45,84,11,52,61,46,43,50,54,38,19,42,10,43,29,14,33,0,87,4,79,54,68,81,57,29,85,58,22,15,87,54,96,11,90,89,4,30,1,38,14,99,46
49,44,29,62,26,2,47,41,11,34,75,47,23,19,36,22,49,55,99,37,99,12,22,80,18,40,90,50,18,92,2,79,94,83,5,0,10,11,14,66,44,55,89,38,39,0,60,79,93,48,82,84,46,99,3,10,26,65,58,8,40,36,8,44,79,47,71,49,49,49,93,20,25,25,27,96,3,1,14,29,44,12,52,48,9,24,35,94,65,25,90,56,47,28,65,88,98,97,35,4
60,18,44,58,52,18,3,22,32,60,74,13,82,6,10,99,27,17,3,11,46,0,8,6,93,60,44,96,91,68,9,87,63,16,41,0,52,72,70,92,12,76,57,39,72,78,68,57,22,59,96,93,76,53,16,47,98,20,82,33,92,29,93,38,11,81,51,95,51,63,12,57,1,49,23,47,90,50,95,22,26,32,51,43,57,54,9,62,100,15,45,32,64,28,33,91,23,55,49,94
81,91,32,96,74,73,20,55,62,69,87,88,55,14,75,84,93,58,63,66,21,78,12,65,44,34,81,52,54,61,82,75,28,14,91,38,95,27,94,33,16,91,75,94,25,13,18,40,48,6,12,77,95,47,33,83,88,80,78,90,64,9,10,100,96,48,55,34,81,79,49,62,90,26,64,95,27,6,49,51,33,62,43,57,78,64,97,100,42,15,27,19,33,34,39,29,89,100,41,7
39,95,16,51,31,6,88,38,27,67,60,16,90,50,74,65,32,100,3,64,96,83,33,98,81,1,16,13,61,2,84,97,79,19,69,30,48,86,48,40,70,96,98,81,95,78,98,1,73,30,0,41,77,16,11,94,15,55,35,40,26,93,40,52,83,57,47,15,32,13,29,29,41,55,52,85,25,51,18,57,27,74,26,98,77,60,49,88,60,91,95,66,85,35,89,31,3,8,73,36
27,99,100,36,84,74,47,96,77,77,96,80,95,58,66,67,83,63,94,13,93,31,87,6,35,3,55,65,34,5,69,35,32,19,24,16,47,47,95,6,41,66,66,47,71,66,71,68,37,3,77,87,56,35,3,97,36,97,40,77,90,99,80,2,55,27,99,12,35,88,40,51,21,17,18,46,98,25,72,2,3,75,75,46,28,89,79,83,15,23,80,55,98,69,21,25,11,35,14,55
33,37,17,41,89,21,56,70,50,3,71,20,63,74,11,42,45,57,89,62,24,75,30,67,76,4,21,5,92,2,10,92,52,94,72,31,56,24,5,29,71,8,81,50,53,39,43,26,80,18,50,90,95,63,10,60,36,5,91,70,98,56,28,64,56,84,61,96,39,40,13,48,6,25,59,52,8,71,16,38,50,5,12,9,30,0,91,39,16,96,50,12,22,100,14,32,91,31,62,95
45,96,49,95,47,66,62,14,85,59,0,58,70,89,99,18,20,42,82,72,50,86,81,40,89,84,14,30,68,14,71,27,10,40,53,98,41,40,40,37,24,76,47,21,71,91,91,70,34,31,51,54,21,35,87,57,39,44,51,96,72,39,13,33,98,93,79,36,86,79,77,52,11,75,74,96,72,79,30,43,83,100,84,40,6,79,88,16,44,51,66,71,16,44,23,54,1,48,87,92
80,55,87,78,95,46,81,62,86,10,28,28,3,37,52,60,16,65,52,77,73,92,25,37,18,57,33,21,28,70,96,53,8,45,42,45,7,18,88,19,55,58,6,55,78,6,21,16,71,32,86,25,77,38,98,94,12,12,97,94,43,31,57,93,100,100,73,30,70,18,91,71,62,85,26,5,15,53,8,33,82,27,10,30,85,41,62,96,100,49,1,20,10,73,98,63,86,41,5,13
34,33,0,24,78,47,87,64,87,50,75,14,88,39,51,19,29,72,49,74,42,76,56,96,32,57,6,89,97,7,67,35,98,6,63,69,35,5,30,34,28,86,87,24,15,75,5,91,78,30,84,46,24,24,92,7,50,100,26,39,11,28,38,49,66,26,14,23,32,65,94,81,79,7,95,4,72,79,13,27,76,62,98,34,19,25,14,19,1,79,24,63,13,24,81,25,46,98,11,23
80,13,69,6,17,74,44,54,91,40,73,54,32,14,75,22,54,35,8,54,63,57,87,71,26,61,1,42,59,71,74,25,98,16,53,35,54,35,12,86,18,100,67,13,18,31,5,73,35,33,33,37,98,85,88,58,67,58,73,8,84,28,33,90,34,98,92,9,95,83,12,5,1,65,64,94,26,99,67,5,47,37,59,4,71,48,81,25,75,12,57,50,20,15,51,10,35,89,18,49
93,48,13,41,54,78,23,93,41,50,31,43,54,9,60,36,86,0,48,81,56,11,7,66,98,68,2,17,7,99,4,30,59,25,77,37,33,44,5,7,6,66,54,40,54,68,90,45,93,38,44,17,77,99,0,1,84,84,76,91,98,36,9,13,31,92,20,52,94,91,30,34,16,50,84,2,4,19,71,58,20,2,11,87,63,35,54,7,16,34,82,81,34,42,73,61,58,82,100,2
75,36,65,93,75,6,58,22,49,96,53,0,99,70,6,41,51,44,11,93,65,89,69,75,21,79,41,65,56,53,29,90,92,14,0,9,99,65,55,76,2,54,75,53,47,79,51,43,24,42,100,76,50,20,81,88,43,71,83,8,4,28,71,6,10,26,5,66,68,68,67,26,91,72,6,91,32,21,36,12,57,27,52,79,72,89,11,50,28,46,50,2,44,22,39,95,96,69,69,21
13,63,89,86,57,66,6,95,24,72,73,22,9,14,95,31,28,37,78,17,68,14,39,88,17,71,71,51,49,12,56,55,45,29,53,70,79,65,54,40,17,54,52,62,69,16,53,15,97,90,0,68,79,100,34,59,61,74,37,7,46,19,51,19,20,28,88,53,53,41,61,82,7,46,14,93,75,66,85,0,4,18,4,94,18,89,40,90,99,36,38,66,51,40,58,46,97,7,8,79
67,95,55,83,84,22,75,80,71,67,26,65,100,40,8,82,92,83,68,15,28,78,30,17,24,44,99,73,37,52,7,55,80,45,86,17,7,94,53,20,25,94,58,79,18,20,76,75,9,38,10,38,12,70,61,94,6,28,79,82,37,82,57,8,79,77,76,54,55,42,62,61,82,97,96,93,51,78,46,62,20,77,61,71,81,90,33,42,2,11,78,32,35,60,43,93,94,45,32,98
4,25,71,16,52,25,64,1,24,34,12,40,7,58,3,14,23,84,67,29,5,44,53,52,58,30,37,58,53,86,87,66,64,90,9,49,17,73,40,48,17,16,31,5,82,66,89,92,26,89,88,67,37,12,13,51,42,67,51,93,50,28,59,67,49,75,34,74,67,20,93,82,33,56,51,39,3,1,78,96,86,83,56,79,75,73,10,69,68,54,17,20,62,81,45,100,66,35,75,12
8,88,85,24,49,43,66,22,99,56,5,0,68,59,19,36,93,53,57,85,15,76,79,79,76,34,17,48,15,57,39,84,26,81,4,21,93,81,18,11,22,75,3,70,61,73,44,100,67,30,31,91,5,96,35,8,58,18,12,79,2,82,52,4,48,65,71,1,50,48,45,68,16,27,56,34,5,7,92,8,90,90,31,57,20,40,15,35,13,52,93,51,35,26,6,99,94,71,9,28
27,87,94,56,72,8,47,36,53,96,16,40,50,35,38,73,80,35,1,21,94,12,92,99,68,56,12,69,23,34,75,3,51,78,20,29,5,58,65,47,10,23,5,82,46,92,64,34,0,91,60,65,10,3,77,78,6,26,71,39,49,9,65,51,56,62,20,57,80,75,31,72,90,48,51,56,88,14,55,87,47,46,89,9,31,63,21,16,10,30,47,85,89,84,34,9,69,50,59,18
76,30,100,60,65,37,48,31,89,20,22,30,24,88,67,38,66,76,28,12,95,84,53,38,21,29,81,51,44,13,3,35,76,60,24,28,49,61,83,61,34,27,21,71,66,28,50,65,23,55,70,73,47,19,61,36,37,89,44,93,77,75,65,35,26,2,45,0,27,70,22,28,53,23,36,68,53,72,25,5,90,93,25,26,39,86,31,40,71,56,4,6,16,44,76,12,31,67,8,46
15,13,93,66,74,79,2,25,16,94,13,94,52,66,46,16,64,14,20,15,24,75,79,84,60,59,84,77,5,37,91,99,0,81,4,27,75,33,6,91,92,46,76,45,61,68,70,18,51,75,25,24,24,93,20,86,34,36,76,67,11,64,51,0,26,79,20,27,95,0,56,50,32,24,82,20,1,84,70,76,29,93,75,52,83,61,29,71,87,14,15,26,39,17,46,43,84,48,4,79
59,28,60,80,79,89,98,93,35,99,34,43,85,18,90,100,42,40,79,26,33,89,99,34,36,50,81,96,85,58,0,100,21,48,69,54,17,93,48,41,37,27,80,69,56,18,19,11,88,42,41,79,7,19,40,74,11,73,95,43,50,63,51,55,67,84,44,85,74,96,5,19,43,87,33,13,62,19,79,94,39,31,66,81,56,7,95,98,65,65,78,45,31,89,4,99,4,1,48,43
71,47,75,70,73,2,20,36,100,58,27,73,56,14,70,2,13,87,63,98,60,18,46,92,14,99,2,9,98,93,95,98,96,64,67,75,74,26,84,71,47,63,29,40,86,52,77,41,91,11,49,59,9,9,56,19,69,6,53,66,28,39,11,27,19,80,73,68,25,79,77,31,87,26,89,70,85,49,73,14,53,83,27,43,93,84,4,81,64,7,2,48,16,43,75,97,41,35,45,18
80,64,74,73,51,24,64,92,75,71,50,51,65,7,96,8,41,35,34,99,49,91,9,97,41,91,66,74,34,74,97,25,100,58,56,52,90,81,63,39,1,8,54,85,28,49,0,12,51,5,22,54,92,13,40,77,32,45,87,20,76,79,17,65,58,84,56,17,46,31,39,50,72,65,67,13,93,61,12,0,84,87,35,25,16,82,73,11,86,96,97,56,59,89,2,20,16,80,44,83
44,46,40,100,71,1,10,62,58,21,3,10,66,2,7,9,51,88,1,98,70,23,46,49,20,19,41,34,7,38,98,57,38,62,11,74,86,66,67,97,21,51,59,53,2,28,9,76,81,20,78,4,90,80,88,89,65,65,60,88,77,61,98,17,100,84,13,70,41,52,97,21,88,63,71,22,89,98,71,12,90,8,16,31,98,69,31,23,83,31,36,61,87,39,98,68,64,46,25,93
64,44,79,20,58,31,97,97,3,76,27,19,44,87,5,2,78,24,49,63,28,75,63,35,73,17,91,78,6,89,87,1,25,43,5,49,62,95,3,42,74,78,96,11,53,85,35,91,19,31,99,82,85,68,9,5,44,49,97,51,25,93,96,99,90,76,91,53,55,89,10,70,24,7,87,14,30,50,4,64,0,77,1,32,85,24,72,84,36,96,44,63,84,86,56,64,63,48,56,67
46,63,84,60,86,99,26,21,29,79,77,87,77,30,80,96,10,41,41,42,21,100,76,21,35,96,53,37,24,81,1,49,26,39,53,36,29,44,1,100,45,96,8,50,77,40,26,68,52,100,9,95,63,87,20,86,65,34,99,91,87,96,90,38,21,64,92,33,35,45,8,93,37,7,46,22,45,27,50,97,28,3,34,0,80,31,98,9,37,97,36,18,52,87,94,8,17,12,2,71
29,2,90,96,59,88,48,89,66,32,29,62,13,45,78,78,64,69,67,89,90,68,49,25,70,35,24,32,33,67,59,36,93,48,69,38,24,30,39,21,14,0,62,90,26,53,99,33,15,10,53,75,13,97,49,82,42,22,37,99,4,78,100,60,91,46,84,77,68,75,8,87,45,82,80,5,83,57,20,64,10,24,62,23,2,18,47,78,68,5,20,36,95,24,84,82,80,9,32,42
60,36,21,24,17,83,17,75,78,98,91,25,54,19,9,74,97,3,1,48,19,62,66,66,78,22,35,79,20,38,27,22,3,59,35,35,56,92,86,65,42,5,33,30,42,0,80,23,79,25,44,37,10,76,25,7,1,38,75,75,76,90,53,75,5,25,25,27,3,95,72,95,54,63,99,76,97,14,78,65,9,39,28,83,89,68,31,68,11,74,89,6,40,6,41,83,36,41,11,89
65,60,71,97,33,60,62,4,5,75,40,7,77,24,1,64,47,59,97,72,86,57,14,61,64,83,61,69,56,13,82,51,65,51,1,8,63,5,79,2,80,96,74,38,77,10,78,79,48,74,15,35,40,29,70,31,74,60,51,66,48,41,19,17,41,15,49,33,70,66,50,88,75,92,37,26,62,21,95,18,66,29,72,86,77,17,12,37,21,23,56,68,87,76,36,65,28,59,82,79
86,64,77,42,16,34,33,74,25,41,43,55,31,38,21,22,4,94,48,1,88,99,37,46,33,48,17,71,31,49,62,64,14,49,98,46,37,17,54,4,23,46,15,91,59,17,47,38,87,66,51,32,34,91,9,48,61,38,86,14,72,11,33,65,35,50,32,31,71,54,73,8,53,13,23,6,45,84,45,13,96,4,48,40,81,100,92,26,22,8,17,68,92,28,91,26,37,71,51,17
21,26,87,4,50,92,34,53,46,96,35,20,64,51,31,23,14,72,82,100,68,14,40,65,19,1,13,17,95,37,2,45,62,0,15,44,45,24,6,15,34,6,54,20,41,27,9,56,98,95,63,20,44,3,63,4,80,30,5,76,18,98,1,100,26,97,58,57,5,93,87,18,84,10,44,22,21,37,47,75,80,82,19,66,34,45,50,91,10,29,65,28,8,75,36,62,29,50,90,45
34,63,6,38,80,100,97,50,15,7,51,60,42,77,21,67,92,45,69,29,80,94,50,30,14,29,23,90,82,72,37,73,70,60,64,83,34,64,2,33,70,43,56,42,68,39,34,28,47,67,5,75,43,89,5,59,98,86,41,27,0,32,75,16,96,23,78,52,98,32,66,19,26,59,68,22,68,6,15,4,66,56,48,77,68,5,72,37,65,21,15,11,9,42,18,91,97,34,27,75
85,21,38,85,63,73,5,23,18,45,74,51,64,69,59,6,69,100,37,23,51,70,37,13,89,47,52,48,24,62,11,98,8,58,4,47,44,63,75,34,51,50,53,84,35,1,72,33,21,49,9,76,58,53,95,1,35,60,7,86,73,11,100,96,63,10,39,32,51,36,91,88,84,85,45,9,23,65,30,66,4,66,16,11,60,7,51,65,88,12,70,44,15,83,38,33,44,89,50,91
1,7,6,75,32,15,89,82,64,47,7,89,15,2,43,59,12,98,6,37,12,44,54,30,27,30,51,67,89,75,100,97,95,39,60,33,97,81,20,48,22,40,64,82,37,67,49,34,3,30,41,22,59,41,89,1,42,27,50,49,22,30,64,60,3,11,36,8,31,55,87,31,38,7,40,37,46,7,2,52,100,28,16,62,80,42,21,4,7,55,0,81,80,94,36,77,67,18,77,20
44,58,55,13,44,92,13,24,76,51,38,2,80,18,31,67,98,30,6,34,77,32,7,26,100,68,84,80,64,9,36,28,82,3,58,41,55,12,44,95,55,40,91,48,69,86,35,78,81,43,12,36,38,13,20,1,33,78,44,20,71,87,22,60,95,6,30,26,79,46,82,93,61,32,68,50,92,30,41,50,26,95,19,22,27,91,58,7,89,25,16,24,17,21,79,54,66,13,83,0
88,98,48,60,97,0,27,31,75,23,35,15,71,97,49,98,61,13,22,78,18,19,15,29,20,2,73,94,100,8,1,84,12,91,69,45,56,51,39,46,25,8,71,82,50,21,10,26,96,100,13,79,81,89,31,52,24,4,82,13,21,42,8,33,83,8,76,78,91,27,44,10,59,69,22,91,80,33,90,72,26,74,4,23,99,12,76,81,60,70,37,5,15,31,19,22,29,66,80,22
47,10,55,95,44,41,72,55,98,98,33,72,49,78,40,29,7,50,20,31,7,25,100,4,58,6,36,21,46,80,28,16,41,72,27,65,23,34,89,63,67,3,70,3,6,50,63,61,68,52,7,66,46,34,68,2,24,35,36,29,30,67,49,74,93,23,80,96,1,31,5,44,2,96,98,50,85,93,53,30,97,92,83,7,6,1,23,9,65,59,62,2,100,22,72,25,97,45,86,93
47,39,90,97,55,74,11,11,30,42,87,58,2,33,3,37,95,39,81,30,87,79,36,77,88,82,4,94,5,92,58,30,21,3,26,86,46,24,20,35,89,38,93,78,89,75,55,9,19,5,29,63,31,50,50,73,13,19,47,90,62,14,10,38,35,31,48,86,45,89,39,27,76,36,91,61,85,21,33,87,75,49,94,8,38,57,31,22,52,32,79,30,58,61,94,100,1,74,23,57
60,40,89,46,58,87,21,91,6,45,55,12,7,67,50,65,93,10,12,5,21,29,95,54,79,10,46,62,12,16,72,75,25,65,87,66,100,28,5,1,17,89,92,81,66,28,15,62,94,69,28,19,65,36,31,17,67,16,91,89,20,60,37,84,34,32,91,40,75,39,82,22,27,19,42,68,93,29,71,51,1,70,75,22,94,7,97,79,33,58,68,12,59,49,11,22,62,81,23,66
4,81,44,90,6,99,70,48,72,68,92,92,84,4,71,4,71,82,45,25,45,8,41,85,77,82,45,12,76,5,94,5,37,81,34,100,84,39,50,97,73,59,12,35,55,6,59,10,98,63,84,48,9,34,18,83,57,16,70,93,23,59,54,45,53,11,18,22,100,19,80,13,77,14,11,41,89,67,89,17,31,46,67,84,75,13,28,74,53,61,17,68,79,50,56,66,60,93,13,74
49,45,33,2,36,56,82,15,28,54,55,0,89,32,32,86,14,92,19,94,17,95,55,27,27,100,95,78,48,84,79,68,10,58,83,19,64,28,91,64,96,46,29,80,44,4,0,78,58,85,37,16,43,99,24,6,67,65,66,100,87,30,47,10,79,56,91,29,19,93,60,16,23,24,34,9,47,99,30,64,87,89,92,79,79,59,2,2,71,24,37,4,84,29,21,11,32,59,39,79
90,35,7,0,85,76,8,86,32,39,13,64,90,58,11,6,2,84,77,43,86,46,8,63,47,94,83,19,6,45,24,65,54,53,46,96,71,16,50,21,26,87,74,83,46,26,87,34,13,38,30,27,59,62,96,60,53,41,6,53,40,26,82,41,20,17,8,41,45,71,7,73,14,93,5,47,72,25,6,47,73,69,7,2,20,58,39,89,49,78,7,30,83,50,44,66,41,46,8,29
4,50,37,56,86,84,9,68,61,5,31,78,100,2,75,66,85,5,15,12,35,21,6,40,18,53,65,70,79,41,72,41,83,2,99,1,64,71,5,77,76,98,34,40,77,77,43,22,49,71,92,99,0,28,72,98,31,82,7,9,69,8,9,100,27,11,24,80,77,70,77,26,16,12,57,82,24,3,5,30,77,66,36,5,56,32,92,63,71,15,91,64,100,69,53,55,41,58,52,3
7,52,72,31,32,92,0,25,40,11,77,30,18,3,61,46,39,59,74,59,92,66,38,18,96,66,91,74,66,79,40,71,70,49,10,90,75,33,36,22,53,61,46,8,60,77,18,7,19,42,9,31,89,87,11,89,5,32,12,70,28,29,11,52,53,7,49,51,77,5,85,1,9,4,90,13,43,82,45,23,97,42,0,70,91,48,73,61,56,84,72,17,44,41,60,93,47,84,62,95
67,98,45,1,91,51,84,62,56,33,41,24,3,53,84,83,56,48,42,42,17,9,3,97,73,49,26,10,59,58,36,16,1,20,93,7,44,21,24,39,5,3,91,68,1,77,75,66,98,50,52,39,3,64,5,62,88,27,68,10,50,15,58,100,24,78,41,75,43,13,42,39,16,23,25,64,87,72,57,83,87,51,74,89,52,35,8,94,89,96,57,20,92,43,85,42,65,92,27,69
74,93,37,87,29,98,11,74,93,67,80,34,87,24,40,34,6,74,81,8,74,48,24,65,60,79,5,87,18,55,90,85,83,8,25,47,4,59,34,66,36,75,63,99,32,48,59,0,35,47,65,36,79,3,14,8,94,38,76,44,3,24,63,61,33,39,55,18,5,57,6,33,30,46,75,59,17,43,2,78,8,87,85,57,45,86,97,1,17,90,16,59,64,94,29,100,47,27,93,4
16,19,67,30,57,69,94,78,13,63,38,22,35,63,30,84,76,94,75,9,91,60,61,94,11,28,16,22,78,58,29,79,89,12,40,73,25,20,9,15,78,59,68,76,88,39,68,67,32,74,58,4,1,39,29,37,23,35,96,68,4,30,33,66,62,61,93,33,12,6,93,72,78,6,34,44,15,1,17,91,55,11,76,75,80,55,11,94,49,46,29,0,28,27,23,11,68,17,10,84
49,70,46,54,72,77,48,60,81,68,23,69,81,78,56,70,44,10,73,41,61,60,38,29,99,26,28,15,35,15,9,30,73,86,46,5,90,83,1,33,97,2,6,74,3,8,13,69,57,67,42,97,51,87,31,57,31,18,57,77,68,64,48,71,89,81,87,62,50,47,32,17,35,10,6,60,73,7,64,1,64,92,56,6,91,30,98,70,69,28,15,3,40,75,27,71,70,0,48,41
26,5,92,18,13,35,46,100,37,28,25,76,95,95,40,96,7,94,8,27,51,23,86,1,11,24,23,84,86,31,74,71,49,46,92,2,41,2,62,29,0,12,56,47,81,93,96,74,58,22,74,0,64,23,63,61,96,57,72,86,74,72,73,63,14,28,64,7,45,10,68,86,71,74,28,55,90,45,32,5,57,68,100,19,7,48,61,37,12,58,59,43,35,69,84,47,39,40,41,96
64,18,90,72,28,100,8,10,81,31,24,47,12,17,28,35,45,82,80,74,66,90,5,18,4,25,62,100,5,52,78,61,68,42,60,60,76,65,95,40,62,39,27,63,46,14,70,62,23,5,81,46,15,87,98,17,18,28,70,17,34,44,47,39,100,9,100,12,98,74,35,97,36,51,8,51,57,75,31,40,54,62,39,40,69,2,63,31,80,89,74,13,18,19,84,94,14,66,83,26
64,88,88,36,91,38,40,49,60,88,97,33,98,80,94,0,38,80,87,79,5,57,50,85,28,71,42,36,20,82,37,99,57,96,95,51,35,80,95,60,56,69,10,83,90,3,31,3,66,50,42,72,1,50,94,29,76,74,61,26,43,49,58,27,86,18,20,53,19,25,13,25,44,45,69,12,41,9,39,96,71,75,67,99,23,21,51,2,46,15,69,90,72,10,50,8,100,89,54,49
94,35,41,40,12,94,78,80,57,44,59,77,39,16,6,32,24,73,64,100,11,34,79,60,98,71,99,67,23,70,56,3,86,26,42,18,37,65,82,59,99,99,90,72,85,75,84,27,84,33,100,51,89,28,95,38,29,25,75,78,7,72,24,31,16,1,100,15,87,44,43,52,81,64,20,12,30,68,29,13,11,42,2,53,36,98,67,35,44,8,29,26,5,3,75,25,83,70,61,23
99,8,2,65,57,35,82,37,76,74,39,55,37,24,77,91,39,82,82,90,12,90,68,39,38,87,87,52,59,91,47,58,76,69,52,98,88,91,92,52,10,23,50,42,65,87,16,99,90,65,48,81,99,76,25,17,65,30,74,45,39,74,90,52,10,77,23,82,46,3,93,34,23,7,37,77,72,68,75,88,100,2,77,51,29,35,93,5,8,38,36,54,62,12,94,74,39,88,12,36
31,3,85,39,61,64,0,23,66,41,57,95,11,2,89,23,74,51,23,47,20,70,42,84,68,9,19,49,12,41,1,75,45,91,70,8,93,35,2,73,30,71,52,60,73,90,70,49,93,10,61,27,48,4,59,48,50,23,54,99,52,29,90,82,73,80,17,60,47,0,78,69,58,43,71,75,91,74,53,11,39,39,68,39,27,97,69,89,83,30,67,98,12,72,20,82,60,43,34,17
86,47,43,21,43,94,87,63,86,70,92,80,50,96,18,0,31,15,70,43,83,31,91,51,37,22,34,85,69,25,53,88,68,23,37,84,66,51,6,0,62,59,29,31,99,80,16,28,35,32,75,30,70,62,9,69,3,53,93,20,20,60,21,18,86,30,25,74,59,54,57,64,37,92,57,45,31,44,90,16,47,94,30,89,30,90,68,41,86,91,36,4,70,53,27,63,32,86,18,31
99,67,17,7,88,96,90,61,67,39,48,7,40,20,35,56,28,80,97,40,81,6,90,9,21,2,1,54,33,4,81,88,34,38,59,65,27,55,83,14,60,79,57,55,25,21,71,50,32,86,73,50,41,1,25,41,51,61,94,47,36,73,58,67,43,50,15,8,23,88,72,0,80,100,76,4,85,96,39,32,37,12,3,69,65,43,45,71,50,53,16,94,33,62,10,15,38,23,69,53
52,61,25,11,26,76,55,72,88,0,70,55,38,64,5,17,85,52,74,30,88,99,53,40,95,19,18,38,72,56,45,22,67,94,37,63,8,68,78,61,16,44,89,38,0,82,30,62,76,69,57,14,57,43,8,8,84,9,15,75,12,37,2,10,86,84,100,77,53,96,15,69,92,92,31,5,67,80,64,11,47,68,77,57,8,85,32,87,70,11,89,51,90,90,45,35,3,97,89,42
91,2,70,27,63,14,18,58,78,62,6,0,54,3,86,22,93,52,29,71,86,58,60,79,46,71,38,73,68,39,97,25,45,49,83,50,92,30,3,85,23,34,0,34,93,22,43,74,17,97,77,9,1,5,85,46,51,93,4,77,43,44,26,95,40,45,99,89,1,84,94,50,78,21,11,54,61,28,70,91,93,27,99,49,5,29,57,79,25,65,100,18,67,48,41,73,82,23,27,81
38,54,41,41,14,93,11,77,53,99,54,20,33,32,97,1,31,7,96,12,37,47,58,72,11,97,45,2,24,56,81,28,13,64,51,30,82,33,80,7,25,46,68,26,75,56,90,62,7,93,35,21,33,48,86,41,2,9,94,30,58,68,98,48,33,20,78,94,11,20,29,93,47,1,88,29,32,83,85,27,78,37,75,46,13,82,100,15,65,23,52,23,60,48,22,69,16,29,90,7
67,32,50,33,41,74,84,96,41,39,55,29,33,97,66,46,47,65,28,46,96,11,46,92,60,75,8,83,35,30,45,4,94,82,45,38,19,54,79,48,19,30,0,11,54,46,27,60,56,1,94,62,100,58,29,59,58,84,44,76,87,97,97,51,39,90,76,29,0,66,37,36,4,22,72,73,66,71,92,85,87,14,60,71,23,76,44,67,10,30,77,93,67,74,50,35,5,33,53,96
88,65,62,88,86,37,64,64,36,91,79,66,24,11,67,20,67,26,32,62,50,47,42,31,93,71,20,10,59,97,73,65,98,21,56,80,0,81,0,1,2,69,86,27,19,48,19,83,14,15,94,56,3,52,40,5,19,56,29,22,31,51,28,7,3,15,84,28,59,77,40,8,60,23,83,41,43,62,32,10,86,33,40,31,95,72,15,33,6,59,88,91,32,3,71,50,37,3,66,0
19,40,58,62,18,76,45,54,39,68,51,43,75,3,100,99,39,55,43,14,40,89,92,28,91,28,11,47,52,52,46,53,48,41,21,54,45,94,18,74,19,14,32,4,35,89,83,33,91,2,11,96,47,65,95,68,83,10,91,20,87,0,41,88,32,24,3,25,85,65,29,38,24,53,6,2,46,90,84,55,21,6,13,27,5,37,79,38,20,28,16,85,6,22,58,51,23,25,87,7
69,2,30,34,100,5,9,73,88,36,9,100,58,36,81,90,70,94,89,59,11,25,7,72,99,19,46,16,69,63,6,58,96,100,86,97,72,49,100,67,51,12,75,33,1,26,1,29,84,0,84,24,71,4,59,80,4,37,37,53,13,87,47,87,63,9,47,100,87,15,13,72,20,14,1,92,11,0,27,97,60,84,100,63,89,74,60,8,42,6,7,24,9,3,62,92,36,14,50,42
49,15,35,60,86,95,21,76,52,96,30,29,12,21,62,30,98,9,90,3,61,21,35,30,24,59,47,56,51,53,18,56,74,45,37,18,87,86,10,43,76,88,88,64,30,86,89,77,8,69,40,24,81,11,47,90,34,91,79,92,2,58,27,68,88,17,92,28,99,95,70,56,26,22,56,45,35,88,88,79,18,34,40,89,26,74,48,24,65,4,7,43,41,37,72,30,36,66,20,40
86,87,36,30,96,37,51,1,73,77,26,45,3,11,41,88,62,17,84,56,36,73,16,70,74,96,98,81,36,78,33,24,85,70,91,19,58,92,48,85,57,79,49,94,62,23,82,76,17,47,2,43,44,36,60,42,16,47,97,86,78,76,42,41,58,2,2,98,92,70,7,26,92,57,15,44,95,52,53,50,44,66,63,21,92,8,77,34,52,81,47,69,49,37,2,63,57,30,36,50
47,69,25,12,8,45,14,38,96,23,52,86,29,56,15,81,7,18,66,31,2,37,6,62,24,99,14,70,42,11,63,82,63,59,69,33,79,95,59,88,86,50,3,56,1,43,25,74,72,99,53,92,70,75,44,14,17,44,71,96,39,81,42,20,63,86,97,22,16,72,85,1,13,80,96,84,20,85,22,33,9,98,54,100,29,97,90,79,29,31,2,3,95,13,93,68,10,68,1,27
43,43,41,19,44,52,99,85,53,75,1,65,36,65,28,52,88,0,8,79,19,31,95,74,57,31,48,31,22,64,34,5,44,19,15,38,17,25,61,15,93,8,57,80,94,7,79,11,69,51,17,69,35,76,100,62,25,93,34,7,16,48,82,47,8,56,49,100,56,85,8,69,71,62,72,88,7,52,33,6,63,95,97,98,100,71,49,44,4,10,29,39,8,53,51,1,84,7,22,51
58,20,84,5,53,98,45,76,26,16,76,5,55,70,93,33,17,19,20,15,78,12,98,92,66,40,61,39,58,27,77,12,84,34,50,80,13,79,87,22,83,61,28,70,25,1,90,7,25,30,48,35,17,2,86,72,42,44,32,58,31,66,49,13,62,26,38,74,61,67,49,100,16,90,47,61,48,35,11,21,81,21,46,26,69,68,3,77,71,18,74,96,95,22,40,1,95,88,6,27
90,32,55,11,67,28,21,76,91,61,58,94,28,50,3,64,28,19,41,17,0,86,60,26,2,42,67,75,19,50,12,59,17,72,59,40,66,68,67,71,70,6,32,54,33,47,58,44,28,2,0,95,99,66,25,0,9,74,71,86,12,73,67,81,97,53,22,75,33,29,70,82,93,98,7,97,41,85,77,41,71,49,28,32,43,11,86,23,70,44,4,51,22,2,100,26,15,54,44,88
40,6,91,28,63,80,98,64,81,33,62,52,35,42,26,45,66,8,63,13,39,60,18,6,32,92,46,17,65,84,15,45,26,55,74,64,34,98,83,41,23,68,99,92,65,34,5,5,66,51,0,82,33,34,53,12,52,97,10,99,83,72,23,0,95,23,36,100,16,86,86,3,80,10,76,46,14,61,14,30,25,46,61,78,16,93,84,61,60,63,48,59,80,47,37,97,58,5,60,13
2,51,54,43,24,46,60,55,11,87,9,37,75,10,96,86,9,60,64,24,2,24,59,21,5,24,39,36,70,54,51,71,52,68,27,62,15,58,6,93,35,42,13,62,97,96,81,11,22,82,84,69,68,55,80,16,79,59,84,42,92,20,77,94,75,45,34,93,90,18,18,52,29,45,73,16,53,71,59,75,50,84,30,7,43,11,83,54,59,19,14,93,39,89,97,74,25,4,98,67
16,85,75,53,52,25,37,81,64,62,6,14,30,84,67,38,63,98,54,83,40,78,59,47,27,34,63,62,19,100,6,25,6,36,65,38,54,92,70,15,87,42,12,4,46,32,37,37,2,31,62,82,79,47,2,81,87,62,95,35,93,95,47,68,82,100,0,95,12,88,6,80,65,85,32,23,15,57,22,19,93,71,56,64,19,94,74,60,95,9,47,58,23,69,88,7,94,11,43,65
78,59,59,77,5,57,56,15,91,62,13,23,87,86,33,6,30,2,84,61,52,95,67,7,68,21,70,1,45,57,88,31,96,94,28,66,44,8,26,6,68,93,80,24,59,55,87,5,10,15,83,3,12,42,42,36,11,20,1,61,46,42,15,4,29,3,36,70,74,59,91,15,17,76,18,23,73,20,99,30,40,40,73,46,86,95,14,88,6,35,94,49,18,84,70,46,32,25,77,77
8,81,59,21,7,28,50,73,21,71,72,2,97,32,58,90,96,78,81,19,41,28,94,79,31,88,90,61,64,18,65,100,37,29,8,100,18,48,88,45,99,51,69,7,16,69,88,76,95,31,82,82,22,77,91,33,27,82,63,50,50,17,47,94,87,46,76,21,38,66,28,77,11,59,89,19,57,5,40,16,8,39,64,74,18,17,68,44,1,37,36,82,89,50,25,4,83,35,25,52
3,8,15,10,73,30,70,73,67,95,63,31,25,71,19,36,32,29,18,66,81,48,8,73,89,44,60,15,59,97,35,97,40,35,22,48,40,67,41,9,78,11,36,40,2,62,9,84,63,55,69,75,92,40,71,64,0,2,89,2,72,22,26,98,63,68,59,13,56,63,99,21,69,72,40,33,86,38,98,45,71,83,38,83,76,39,55,68,58,74,3,11,42,80,17,37,26,22,47,3
94,42,18,100,99,46,45,15,75,50,35,99,35,99,68,22,100,3,74,30,66,70,65,91,1,55,61,62,33,29,8,48,12,63,28,20,8,10,59,27,68,56,20,62,97,7,73,16,1,0,58,64,87,60,2,39,85,30,29,16,71,57,61,58,0,69,87,65,70,39,61,71,16,90,65,90,12,14,90,11,58,82,28,98,99,55,15,8,78,91,88,82,96,18,15,40,57,9,44,10
43,91,28,80,20,77,95,85,34,51,77,65,16,50,91,45,10,43,11,13,21,18,27,41,50,19,49,48,53,7,59,72,87,71,2,13,61,93,18,70,3,14,34,84,34,5,85,53,30,59,56,24,14,0,21,91,62,18,31,8,31,82,30,30,57,25,51,82,69,43,73,51,80,17,36,68,12,1,22,20,93,30,58,10,36,32,63,39,27,27,39,12,82,25,73,79,59,55,0,54
84,69,69,76,40,30,84,22,68,42,36,47,24,52,33,96,94,55,9,99,53,43,2,46,87,80,52,55,17,24,44,9,80,87,37,43,99,26,41,66,43,6,17,37,14,54,40,49,25,82,36,84,98,57,24,8,6,1,7,78,47,87,56,20,41,90,69,38,59,2,24,37,48,60,62,62,7,76,76,1,71,40,52,69,29,97,62,14,3,65,74,65,76,44,61,56,21,76,45,87
95,62,87,98,56,55,37,79,5,89,74,31,63,96,87,69,76,65,95,40,75,30,91,91,13,72,23,67,87,55,8,74,82,10,87,87,37,19,5,71,74,66,10,7,75,63,62,17,22,50,74,95,75,85,31,61,16,46,36,90,93,6,83,99,53,51,13,97,63,25,28,87,89,42,91,43,20,53,30,50,10,77,16,18,77,0,14,36,30,40,18,60,14,48,94,33,55,69,56,18
37,7,5,95,79,8,35,85,23,42,68,57,96,88,27,84,53,67,59,0,8,83,20,63,29,50,19,63,66,78,83,51,6,61,57,45,26,7,33,27,98,11,21,79,42,30,77,3,85,48,33,37,82,2,66,34,20,21,52,6,39,37,86,22,73,2,58,13,13,58,10,12,17,79,19,33,49,67,43,42,56,67,48,73,59,47,63,13,85,30,42,49,35,73,97,3,83,56,4,99
22,35,6,49,81,17,70,25,51,84,82,60,27,100,98,5,60,44,98,58,42,13,55,46,56,38,0,83,85,5,43,46,33,33,68,36,10,41,76,94,27,81,22,22,55,0,2,48,90,80,13,37,82,62,29,86,41,40,21,22,8,2,5,75,90,67,19,72,78,39,54,12,55,91,33,17,43,93,16,33,33,81,35,35,30,37,3,19,78,86,16,94,27,19,99,59,27,47,42,97
38,53,70,29,87,15,24,27,24,59,2,88,45,89,38,11,47,100,60,96,85,22,95,89,95,10,17,2,18,93,86,75,96,18,98,3,15,6,76,6,26,11,69,37,20,20,48,98,67,57,90,20,89,47,91,28,33,34,48,92,92,70,10,76,18,57,47,76,2,3,51,80,51,11,86,59,76,93,7,61,76,52,5,4,71,7,0,84,23,96,53,35,98,28,76,22,0,88,8,22
21,93,42,75,64,69,71,43,73,77,87,31,25,12,100,8,84,69,62,74,64,22,32,65,42,2,74,59,20,84,69,81,6,99,51,100,53,77,95,88,0,47,60,88,60,14,80,15,18,30,93,35,94,54,94,65,70,22,85,45,24,96,19,56,19,2,8,33,98,97,37,47,62,91,84,44,91,75,79,59,4,90,0,62,35,97,62,57,77,13,61,20,2,66,39,57,81,72,89,35
52,71,23,29,49,65,81,64,92,91,14,98,39,19,75,62,39,18,65,79,78,4,55,19,62,48,22,67,15,22,15,28,8,4,5,49,15,72,8,100,63,72,86,39,13,58,3,78,51,30,61,20,12,0,98,49,4,66,84,35,86,93,1,68,41,15,14,27,90,94,8,6,39,24,83,88,20,8,85,49,76,3,28,65,39,11,50,35,50,49,63,15,4,2,21,9,54,0,84,14
41,28,38,69,50,9,14,46,86,24,49,78,8,4,61,36,58,17,46,15,89,74,39,94,10,84,32,66,94,62,33,73,39,84,58,19,41,81,72,61,37,61,56,92,95,81,32,63,47,19,100,37,45,24,71,24,5,10,7,47,75,12,41,98,4,56,28,63,41,74,70,56,78,70,64,16,60,20,48,64,95,17,4,47,64,5,16,70,19,28,91,63,26,8,45,84,12,6,1,46
76,5,46,72,79,10,69,76,69,67,91,43,72,5,80,41,46,45,50,11,11,97,64,46,41,44,46,27,38,95,53,98,70,45,90,72,37,60,87,46,14,76,16,90,10,70,0,5,83,46,96,0,100,35,9,82,65,61,86,6,68,52,94,51,24,93,67,53,97,83,20,71,8,27,32,35,48,93,76,36,69,24,78,49,23,84,75,47,72,38,50,1,66,34,74,50,33,31,21,42
80,38,59,75,40,75,6,92,77,0,57,19,41,63,94,28,67,9,28,59,23,5,38,75,87,2,41,68,37,26,64,5,37,49,52,83,73,65,53,77,55,2,10,14,34,42,63,9,33,20,41,31,45,48,63,91,27,9,5,4,11,35,54,98,55,35,47,15,71,55,43,7,36,40,82,4,25,94,82,56,24,3,51,30,22,71,21,73,94,7,22,50,30,10,63,34,41,31,81,30
49,98,65,11,83,45,79,62,44,75,48,78,98,7,84,83,58,58,5,70,98,57,54,0,76,6,5,52,60,35,38,64,26,75,7,25,66,61,27,99,24,65,97,38,63,97,48,49,16,77,97,11,91,30,50,29,24,8,41,0,58,79,64,83,60,67,88,45,31,12,17,8,23,78,97,69,82,38,55,13,26,78,63,48,12,6,54,32,13,34,76,58,75,33,79,86,61,13,59,0
63,2,41,60,100,1,10,92,93,49,84,14,89,59,61,50,32,72,62,2,97,68,66,29,81,93,74,58,17,64,42,13,36,34,77,94,95,31,27,93,19,22,8,3,68,32,78,90,93,87,60,66,57,14,79,63,15,31,84,57,66,35,79,83,83,50,54,4,86,85,63,92,71,6,37,40,8,93,31,80,82,8,30,6,21,54,44,94,53,69,87,83,92,95,74,63,82,10,35,76