89,56,51,95,98,93,88,60,76,78,22,91,61,17,59,82,69,23,61,83,23,1,65,76,11,9,83,0,66,10,27,98,28,41,53,29,84,87,4,70,48,76,74,82,59,20,41,43,28,56,12,29,58,62,50,25,84,97,39,32,39,55,56,70,86,65,70,98,7,11,86,65,92,13,46,50,67,33,85,45,0,49,3,23,94,27,80,24,75,6,66,9,56,48,77,28,97,28,43,5
36,33,66,4,24,46,60,12,44,61,31,11,15,82,19,7,63,28,27,13,70,46,84,78,11,45,74,67,71,2,17,60,72,18,4,31,81,22,17,69,19,20,83,3,80,18,17,11,69,70,25,76,63,74,23,32,41,50,1,30,79,54,41,71,76,25,16,88,11,92,86,11,13,92,12,100,11,97,41,33,22,25,66,81,6,11,68,8,46,23,46,39,61,10,1,85,50,47,19,64
50,38,20,16,73,87,55,78,66,16,98,94,0,28,0,16,42,80,30,23,9,88,84,88,16,38,61,20,100,35,14,49,68,67,29,57,46,73,54,53,87,68,54,15,80,28,39,81,68,49,89,12,94,65,28,28,12,28,100,73,55,41,24,55,88,75,70,6,67,63,41,52,7,71,50,72,55,17,71,57,38,69,92,61,89,74,25,11,76,8,47,80,66,39,85,30,7,47,83,13
40,48,86,76,19,82,7,47,27,38,15,47,77,93,45,81,25,85,99,29,21,21,39,27,76,46,73,11,2,21,34,72,71,54,34,86,42,25,63,10,87,68,20,51,28,52,88,30,68,77,13,54,73,93,58,67,66,10,64,9,87,64,21,36,89,96,69,61,66,70,61,51,88,65,20,70,21,42,47,25,48,14,35,61,31,60,42,75,44,13,37,81,16,86,27,29,36,4,6,38
59,88,57,81,10,18,1,94,13,17,53,75,33,53,11,60,20,78,33,84,28,45,55,18,60,37,90,19,88,26,3,97,6,95,65,51,40,41,0,27,17,54,54,100,4,91,90,83,62,67,40,6,45,35,28,98,43,71,69,68,98,46,37,67,2,98,52,75,44,54,77,69,36,49,38,14,76,53,43,61,44,2,24,14,24,21,97,54,69,100,4,8,50,5,91,0,87,62,82,28
15,54,37,75,52,59,99,46,98,25,26,50,54,33,96,34,47,31,25,52,7,5,7,89,94,98,14,80,81,85,88,54,31,16,6,41,45,68,90,29,57,20,100,86,13,89,52,3,10,4,35,6,21,37,7,90,51,44,81,11,88,95,66,61,51,33,61,51,11,23,75,36,71,17,64,29,68,71,41,72,11,74,14,91,24,76,33,32,44,63,95,3,96,98,45,1,69,69,9,40
79,43,71,84,92,84,68,62,86,85,14,12,40,22,14,43,47,61,32,79,40,0,9,47,77,19,3,61,51,67,76,6,73,81,95,64,4,43,61,6,30,2,50,6,78,38,83,56,9,50,88,8,26,21,69,49,49,66,57,59,92,88,88,41,79,56,41,4,77,9,37,55,10,88,85,68,22,67,41,53,98,78,55,8,50,23,43,13,87,62,44,85,57,9,21,95,58,95,100,48
53,22,39,41,35,69,35,88,61,58,1,48,23,84,61,70,64,88,83,69,5,11,64,38,96,9,8,67,7,66,100,11,37,81,72,27,9,92,39,5,6,54,44,25,32,55,32,68,83,59,79,70,81,18,26,66,43,55,47,45,27,88,15,92,38,5,7,51,86,29,51,22,56,10,65,81,9,32,11,71,92,88,7,75,95,57,24,15,19,46,25,7,2,34,42,91,9,49,77,90
47,96,48,40,0,51,51,23,40,35,36,93,20,18,14,84,13,43,55,96,48,6,50,10,23,68,13,98,20,67,60,87,89,54,14,29,4,62,57,15,34,90,16,17,10,32,15,59,4,4,54,87,38,72,52,89,42,8,99,32,55,8,80,4,45,6,24,25,79,87,72,71,30,6,77,5,61,58,36,48,6,70,18,47,3,86,9,27,1,3,80,85,39,33,68,16,98,73,7,39
53,50,4,20,14,54,41,8,68,16,85,25,55,82,55,56,10,32,74,87,3,18,98,75,51,31,60,90,83,27,40,37,23,65,59,0,8,96,3,9,69,47,51,61,56,96,0,22,45,21,38,76,4,15,84,40,87,42,12,33,60,96,2,76,14,31,18,53,39,63,54,76,22,65,79,68,65,71,5,20,100,50,26,54,16,16,17,26,12,98,99,53,94,79,37,5,15,63,52,97
52,23,46,60,4,30,15,52,8,1,13,35,67,40,6,80,76,89,9,22,27,15,68,22,78,19,84,26,55,84,82,56,39,60,17,80,15,85,64,27,67,54,17,23,32,30,63,15,90,77,42,32,30,81,55,34,96,14,57,0,75,4,8,80,64,13,47,52,90,40,29,87,69,88,14,49,81,36,65,3,26,18,94,51,22,24,7,54,12,22,92,0,51,44,54,23,29,77,1,56
93,65,92,69,52,74,14,61,90,73,62,29,39,73,53,98,28,14,39,66,38,58,45,42,87,78,87,35,23,70,16,16,48,84,2,28,23,36,61,25,79,12,60,63,62,41,16,42,90,18,73,41,24,56,47,60,57,87,19,98,23,34,36,7,57,38,19,13,6,21,88,47,5,77,76,57,63,34,98,21,79,28,22,82,33,23,41,52,62,82,92,2,75,66,8,24,76,9,19,29
7,61,73,90,65,88,95,44,43,84,96,100,65,65,80,82,74,15,25,46,30,44,47,21,14,40,46,40,44,9,69,86,48,76,94,24,16,75,43,0,84,73,14,98,40,11,69,76,65,45,74,39,77,67,1,46,99,80,93,30,2,86,94,72,8,6,93,86,65,7,4,95,66,60,32,74,78,88,76,9,34,31,50,95,11,61,27,39,39,81,8,99,43,32,40,100,67,74,83,69
19,56,7,38,36,17,13,87,25,99,58,47,84,41,59,35,44,12,92,53,85,73,52,33,98,87,86,7,44,80,7,65,53,86,32,92,50,78,74,45,90,74,37,6,59,70,48,70,31,10,18,98,10,11,17,45,66,99,39,14,46,90,78,9,30,91,24,74,42,55,11,40,29,12,0,6,86,76,86,77,75,46,22,74,67,28,79,3,100,11,87,5,17,51,75,97,7,86,17,76
70,80,51,16,65,4,48,22,6,32,73,84,91,83,91,56,45,45,26,66,3,34,6,17,81,57,73,72,13,11,42,80,67,63,91,81,29,31,56,83,54,72,67,99,53,28,90,93,72,71,28,55,26,53,91,60,55,46,63,59,67,97,91,17,82,6,61,1,13,65,17,72,18,79,34,47,5,10,93,58,26,21,71,89,3,54,11,29,63,96,90,35,24,27,41,65,77,64,80,74
57,76,80,17,75,22,42,69,21,29,70,31,92,8,75,37,7,82,90,20,60,28,88,96,68,30,100,98,89,31,87,41,70,15,40,37,100,51,20,8,1,10,39,54,70,63,16,51,27,36,35,96,25,74,79,95,50,92,84,88,43,77,30,6,95,95,74,32,56,48,30,4,21,62,15,22,72,99,87,0,66,32,64,49,9,37,17,0,16,63,86,66,12,22,60,38,48,83,37,65
41,1,52,61,80,43,31,10,2,34,71,63,30,29,97,19,25,38,2,54,68,11,15,66,99,7,20,38,50,80,60,40,40,93,31,82,11,73,72,55,64,55,25,55,42,40,26,16,95,17,90,18,21,73,72,83,51,1,1,21,44,61,87,24,28,62,59,24,1,94,51,12,32,63,4,79,82,90,19,86,74,88,12,51,49,26,88,32,81,22,49,60,57,47,89,41,68,82,70,83
1,82,65,47,13,13,37,68,68,100,41,69,99,33,60,97,92,36,66,82,4,93,26,98,41,20,6,85,47,28,46,10,33,82,6,35,99,13,8,6,81,3,36,70,5,73,27,66,95,75,5,13,93,27,69,8,2,45,61,88,37,38,61,61,85,90,16,70,39,27,96,16,0,1,62,8,89,36,53,59,69,83,31,0,1,33,89,67,23,8,64,44,86,13,21,57,72,15,57,89
1,27,23,44,73,33,46,17,60,59,6,79,0,55,6,73,12,85,73,27,50,66,14,15,84,71,69,35,97,15,32,89,72,64,14,39,1,43,36,66,76,67,86,86,83,73,34,35,55,54,64,91,60,35,20,71,41,62,76,27,49,32,36,98,98,1,3,33,66,8,97,24,97,34,4,94,69,100,33,84,15,46,27,5,96,56,61,99,11,32,26,91,73,37,47,46,27,16,74,44
51,51,26,42,51,75,48,26,85,3,21,56,7,96,45,3,80,40,28,40,81,41,54,75,53,82,8,79,16,26,79,32,50,5,14,99,6,36,96,22,70,67,17,62,60,34,95,92,89,46,54,60,76,72,5,22,89,71,47,25,66,63,20,26,59,47,18,51,98,92,37,41,65,67,97,84,90,17,97,22,24,24,47,31,13,87,82,47,18,69,29,65,26,66,67,19,32,56,43,16
62,60,8,36,26,95,6,27,94,68,41,77,57,10,66,19,21,89,64,48,23,47,28,57,77,97,37,92,74,15,72,56,47,34,28,67,67,33,27,76,69,78,61,94,69,59,79,79,74,99,31,36,54,72,27,93,34,67,14,97,22,86,68,59,34,2,46,10,13,13,56,39,9,71,68,6,50,4,17,67,65,32,28,38,6,44,27,37,0,80,8,35,30,27,33,50,17,93,21,90
70,5,42,93,47,90,95,7,43,26,36,93,27,24,14,37,70,56,84,20,77,30,75,30,25,58,46,89,13,12,85,100,21,41,83,38,92,2,64,47,28,38,21,79,71,88,47,1,1,100,44,72,4,91,68,89,8,68,97,19,68,50,29,71,43,37,37,82,58,68,63,61,81,65,71,83,45,31,61,3,56,1,49,56,6,58,95,40,77,81,56,16,76,71,85,74,15,32,21,15
60,0,56,43,55,58,96,74,83,22,44,5,56,73,64,2,92,63,85,28,21,85,8,1,33,1,61,89,68,54,77,55,33,15,35,29,39,6,4,55,49,16,42,85,69,72,41,100,5,46,71,16,71,86,29,66,68,57,49,71,23,36,43,22,40,87,77,92,8,84,6,38,35,49,14,72,38,45,2,78,38,67,31,55,18,87,39,7,3,7,86,66,63,81,8,31,5,56,87,56
75,21,93,33,90,4,78,47,67,21,3,21,74,89,83,26,84,90,38,43,25,92,0,1,60,71,64,65,12,21,5,60,38,4,34,64,63,51,57,0,22,41,55,96,70,3,43,79,20,86,47,17,29,75,3,68,72,25,77,84,55,60,89,6,9,75,28,28,41,35,78,39,3,49,33,18,95,35,35,79,4,35,7,11,85,96,68,59,22,96,26,28,5,84,18,37,17,33,41,51
19,71,79,37,57,19,77,3,52,62,32,59,89,2,87,92,60,73,69,25,76,6,15,1,22,56,50,69,1,40,1,21,57,55,35,25,61,12,83,98,61,12,62,76,77,78,92,34,47,57,30,36,35,40,88,46,64,98,65,82,73,19,52,91,76,41,35,94,78,15,50,94,66,15,79,86,51,50,72,12,47,48,68,59,85,93,34,59,69,16,78,99,69,42,32,7,66,59,47,42
73,38,4,80,61,37,64,15,8,69,76,96,20,64,8,19,20,70,72,91,87,84,87,78,82,6,70,2,3,48,41,20,26,95,8,22,33,23,30,65,63,43,18,27,14,40,14,70,15,36,47,54,37,53,53,74,58,100,2,1,88,57,17,73,59,38,46,72,40,94,9,50,68,66,25,14,52,22,2,44,12,92,4,45,96,80,63,98,91,78,47,71,29,100,63,19,76,13,2,71
83,2,19,29,13,62,86,27,38,66,20,96,92,19,19,54,23,58,11,9,51,69,68,55,75,45,12,35,2,97,32,4,50,49,86,1,30,56,80,57,97,75,52,5,100,11,57,13,4,87,62,20,84,32,65,72,41,10,57,25,69,68,96,7,46,27,38,70,78,51,77,19,95,42,71,77,46,57,55,0,54,19,72,56,28,12,29,28,1,97,8,73,92,100,49,23,57,9,44,19
1,93,43,33,95,36,29,16,72,87,52,64,47,77,97,89,66,85,57,20,44,37,37,26,94,82,92,79,38,75,80,43,26,39,64,64,21,95,49,93,3,18,41,28,16,8,29,47,23,94,72,79,65,50,26,2,75,82,51,58,65,41,77,56,64,76,73,40,4,13,1,58,13,76,4,33,18,90,74,95,16,98,63,74,45,57,39,0,36,49,69,58,79,21,52,24,48,3,11,79
38,54,63,23,72,46,81,28,32,7,29,36,62,72,62,95,8,46,0,37,64,22,70,50,30,84,3,21,93,18,91,37,3,32,26,39,31,82,67,13,87,19,24,47,35,25,50,87,29,38,91,63,61,87,74,28,81,44,15,81,96,43,52,99,72,47,25,52,18,17,51,95,85,77,59,34,35,57,98,42,25,79,97,27,66,37,43,95,35,1,93,10,93,55,80,68,86,37,62,12
73,93,89,62,95,50,30,98,35,47,19,62,84,60,31,5,17,59,15,64,86,51,36,18,53,71,91,58,7,75,84,90,43,6,29,92,6,35,79,86,3,33,21,55,35,27,57,35,57,43,25,61,73,64,48,25,97,85,70,9,16,8,31,22,83,9,68,53,59,43,72,91,93,7,22,16,31,53,5,94,94,12,44,60,51,29,72,14,83,40,55,6,40,36,34,28,61,83,71,46
79,72,84,40,49,70,98,71,52,99,2,89,74,79,50,36,91,48,27,1,69,49,59,60,42,58,78,23,8,56,45,91,31,89,17,5,7,21,17,46,9,38,17,9,48,50,31,69,34,65,59,75,67,3,97,79,90,78,42,11,50,7,38,94,36,63,3,88,11,63,100,86,1,33,28,40,7,66,93,58,90,100,14,26,24,64,50,64,46,95,27,21,25,36,79,98,71,2,77,76
32,15,95,51,5,31,27,19,39,56,7,3,56,97,82,11,19,87,48,63,48,95,35,83,76,49,34,45,78,25,57,14,96,44,69,11,74,27,72,94,67,57,77,40,67,83,76,53,48,69,19,41,63,95,82,46,92,70,0,11,89,87,59,79,58,70,64,80,23,15,29,89,58,18,14,16,36,74,21,66,75,97,58,13,6,42,70,51,5,63,66,53,78,2,68,74,8,67,54,52
82,53,74,84,57,91,96,54,84,17,2,27,94,79,39,26,18,55,33,88,22,84,48,89,68,76,25,62,18,69,25,67,96,33,19,67,15,35,73,65,44,0,15,22,96,56,97,0,49,6,11,59,66,41,55,3,95,38,89,18,19,12,9,68,91,35,21,33,29,14,19,99,65,19,43,2,94,98,96,56,62,9,89,62,28,30,44,97,40,29,57,54,97,81,84,71,98,70,79,88
13,79,99,79,54,4,66,88,87,78,19,43,32,42,91,58,6,46,78,67,46,34,76,76,74,96,84,34,43,79,6,15,16,19,60,27,68,91,28,95,64,66,31,28,0,19,18,48,8,92,32,3,55,63,32,14,3,55,40,90,79,32,41,73,4,48,55,20,94,76,84,25,61,0,19,70,58,82,75,42,11,84,18,37,3,18,9,73,50,66,95,20,51,27,36,24,66,74,71,27
22,60,95,31,24,51,19,18,88,88,36,29,10,94,70,32,100,77,1,97,20,5,20,24,86,29,42,84,10,54,79,87,98,47,53,74,74,82,1,55,74,6,54,83,44,55,12,52,55,17,5,23,85,37,49,21,50,67,31,70,22,62,89,19,82,24,63,81,13,84,33,87,20,65,35,47,39,99,11,95,96,58,4,90,95,89,40,66,15,11,84,2,71,40,16,56,56,18,50,37
18,98,36,68,96,64,36,14,89,47,59,48,17,94,93,1,29,71,1,92,86,43,27,18,76,10,41,75,93,53,99,50,33,40,42,82,57,92,28,27,31,96,82,74,36,51,30,31,70,37,29,32,44,35,41,32,69,12,91,43,49,76,74,32,62,88,26,23,35,96,21,80,36,84,47,91,61,43,58,58,23,29,22,47,78,22,23,1,78,57,29,18,44,97,9,4,25,19,52,32
62,50,53,17,53,23,45,58,4,48,54,53,42,23,73,32,32,32,19,85,57,35,30,88,53,92,93,65,61,19,14,92,44,13,50,93,99,83,99,71,80,66,35,27,63,89,23,16,28,55,43,27,22,82,6,54,20,55,14,90,74,47,37,70,50,56,29,90,8,34,45,50,80,27,35,16,19,40,99,91,80,89,80,62,68,88,82,34,24,40,84,29,55,57,83,54,81,0,10,32
43,62,17,17,4,93,59,89,10,46,83,17,60,64,18,12,89,25,26,38,40,98,96,5,47,1,72,39,9,30,24,68,13,98,2,100,80,25,13,13,26,4,50,58,50,54,45,39,54,20,80,66,26,66,81,17,86,45,69,19,79,41,23,9,36,96,49,73,48,22,35,26,55,20,65,40,12,76,1,31,76,41,19,67,21,67,27,35,61,98,45,70,66,56,43,89,87,39,11,64
19,51,59,44,2,100,39,14,85,29,44,1,23,62,56,61,34,61,2,48,5,73,18,61,29,17,50,67,68,43,18,57,44,33,46,16,52,63,49,89,58,62,81,57,24,3,51,67,72,1,4,42,13,89,87,88,15,4,41,34,6,56,51,68,44,69,70,44,21,47,95,67,59,19,73,63,19,24,65,0,37,61,15,99,40,38,40,17,57,91,18,63,64,71,84,90,12,72,11,11
30,92,4,37,31,40,5,41,54,14,44,100,68,61,18,65,34,38,33,80,40,43,4,67,5,15,44,31,23,88,59,94,90,22,99,44,76,60,64,47,68,20,81,19,6,26,91,20,39,75,85,60,54,18,91,41,15,49,18,21,6,67,80,63,55,62,92,40,85,15,100,57,8,30,43,98,72,96,51,3,16,12,13,100,42,96,23,41,45,55,79,83,93,0,75,19,47,28,73,39
75,79,11,74,75,27,43,21,37,31,54,47,60,7,26,85,56,48,58,58,89,25,13,13,54,27,100,62,71,15,8,8,70,21,55,15,24,91,37,66,40,9,65,37,63,80,18,58,98,55,14,11,0,26,11,83,37,17,48,42,18,23,88,54,70,65,27,1,13,29,44,68,37,92,26,89,83,51,42,62,28,26,91,51,61,76,53,80,34,42,42,28,68,4,83,88,54,97,40,72
39,23,53,35,75,22,13,94,4,64,78,47,93,30,98,23,3,1,50,41,61,22,83,96,85,58,87,0,78,47,100,35,45,34,61,59,18,53,40,61,23,38,44,64,95,42,86,30,30,91,35,57,48,27,1,7,93,78,62,0,87,50,74,7,93,11,67,68,35,5,96,51,11,17,69,92,36,27,67,40,46,22,73,63,99,95,6,67,64,58,92,22,97,93,27,48,31,54,60,60
40,56,88,21,15,67,7,63,23,26,13,91,73,38,13,74,71,19,65,12,80,41,95,27,10,38,97,31,27,23,5,68,56,68,36,33,47,77,82,87,14,29,29,66,79,71,63,64,70,77,60,69,46,6,92,94,71,71,99,29,17,29,56,87,3,30,70,14,77,43,71,73,28,4,49,3,87,74,46,61,89,95,12,75,29,38,65,48,93,75,100,0,43,80,52,30,58,28,43,52
19,90,54,96,2,22,40,38,13,43,40,4,26,42,75,55,99,52,1,48,28,67,89,68,41,26,17,8,74,17,57,80,37,95,58,53,88,24,36,16,99,17,62,94,84,74,76,71,100,61,42,7,42,52,38,5,19,47,25,6,38,40,17,32,20,57,53,22,62,97,25,34,29,5,19,66,61,23,32,51,61,99,71,65,14,13,52,43,91,69,89,47,95,74,75,61,32,66,57,84
76,17,6,64,32,14,58,28,73,61,35,86,85,21,87,31,88,95,86,77,12,57,32,61,27,10,98,62,75,24,56,25,77,61,48,98,52,94,16,74,1,82,85,50,3,12,1,94,74,65,91,83,12,41,29,24,12,64,96,54,40,43,28,21,8,23,65,22,67,34,34,55,42,77,91,82,8,19,25,60,52,98,97,14,6,11,59,15,75,11,41,99,94,75,35,86,72,50,70,61
35,54,54,29,23,88,92,83,38,7,50,91,79,61,47,87,1,13,29,66,84,54,57,43,56,63,52,25,100,28,66,81,67,45,74,34,19,92,59,73,63,23,30,20,53,47,26,20,20,57,34,11,39,27,11,2,61,24,88,14,5,72,24,97,59,5,46,52,2,12,16,39,15,4,86,12,34,45,55,17,12,21,87,84,24,9,57,11,59,29,84,75,77,57,84,64,78,64,69,88
75,33,39,9,56,65,11,27,1,33,82,14,83,63,99,5,37,43,14,88,18,78,93,31,25,32,15,23,60,92,45,45,69,2,54,98,23,100,29,7,66,33,17,14,29,44,82,25,98,5,20,78,76,96,18,52,23,20,20,95,49,45,86,79,81,21,31,88,12,67,14,25,13,36,73,24,20,36,75,74,27,30,91,88,69,95,51,71,40,11,38,15,47,16,54,3,93,56,49,0
29,24,6,5,50,51,25,29,53,22,90,40,60,93,29,85,24,95,49,82,11,28,61,2,35,89,33,63,57,83,10,38,18,31,56,87,28,13,76,51,27,9,20,53,43,99,88,67,94,32,19,64,43,49,12,71,73,63,64,59,74,4,6,27,34,9,72,31,1,72,47,23,70,25,54,33,60,76,72,33,96,52,33,59,17,25,52,33,11,33,18,1,54,7,87,100,99,21,18,26
16,1,50,6,73,53,57,11,41,7,45,18,72,30,68,30,3,62,28,19,84,75,71,1,42,69,65,6,44,56,41,68,20,64,9,2,78,95,54,85,43,40,68,2,50,82,72,90,9,15,47,70,8,90,9,28,60,44,7,22,18,59,15,94,7,89,70,21,96,0,32,50,64,66,62,92,60,57,60,92,18,90,80,54,0,12,99,6,42,28,65,18,77,9,12,91,83,42,10,58
49,78,38,72,68,3,42,66,56,64,65,58,28,77,57,65,53,78,65,62,5,45,3,39,97,68,85,14,18,59,81,17,86,6,60,18,47,54,60,85,31,5,3,17,24,46,86,81,36,49,35,20,20,13,92,6,34,31,49,22,83,47,14,93,96,30,58,99,7,83,51,97,93,51,4,23,74,63,42,12,17,64,85,61,39,10,47,75,83,9,1,93,74,98,44,90,15,83,4,81
65,11,2,10,8,60,46,37,49,7,26,52,78,86,44,46,49,7,76,6,41,1,59,78,32,59,29,54,0,67,84,69,91,35,73,67,64,33,27,81,11,49,71,84,12,73,69,47,63,94,90,28,56,58,78,56,24,66,71,59,35,18,4,27,21,2,3,60,86,15,36,68,62,13,98,42,90,71,60,7,93,44,77,66,11,83,20,28,30,62,41,0,57,58,78,40,83,56,3,30
77,23,0,1,76,12,72,53,21,53,3,51,66,22,43,16,1,21,58,96,45,70,8,57,81,48,53,34,72,74,46,38,5,75,10,54,3,43,13,89,77,36,30,91,89,73,22,63,77,72,49,29,38,30,84,30,76,15,45,90,69,40,91,90,58,55,6,8,15,8,35,46,54,21,53,56,58,43,91,52,18,6,95,74,66,13,86,78,15,10,40,60,8,11,81,55,77,90,22,45
68,22,72,58,57,43,39,28,43,50,99,49,40,13,57,38,47,97,49,27,99,42,68,96,100,92,17,79,42,53,22,13,80,70,91,48,45,90,86,1,88,18,42,51,90,18,51,76,71,5,71,85,15,86,64,0,44,34,91,21,98,95,19,60,57,69,60,14,89,66,95,1,57,82,73,90,70,12,30,22,70,81,20,37,34,68,12,91,53,49,39,19,92,21,35,55,12,41,5,97
0,79,47,42,43,18,45,27,56,3,39,37,10,66,7,67,77,57,68,54,85,46,57,92,43,80,42,79,47,57,16,33,52,44,12,56,19,93,62,42,4,54,54,99,14,1,35,39,41,15,44,36,53,22,2,61,29,18,25,22,11,97,25,98,9,19,24,9,6,39,18,66,11,35,35,74,32,87,60,61,100,69,4,27,28,91,73,37,74,18,17,12,31,90,31,75,52,10,66,83
94,80,87,25,81,65,21,85,69,93,55,45,7,56,54,86,64,98,16,0,89,4,71,74,65,7,26,69,18,44,97,75,34,63,37,89,4,83,2,60,74,72,2,69,16,51,35,5,24,27,19,64,67,46,70,42,82,56,50,68,38,7,76,29,31,13,51,86,43,68,83,31,59,62,37,11,65,77,57,96,12,48,7,15,70,84,98,48,51,69,35,8,85,20,25,43,20,3,42,55
42,57,46,28,88,23,47,15,83,3,87,58,20,63,4,48,60,47,78,50,73,23,83,39,85,42,17,66,88,1,83,65,30,91,5,68,1,96,94,57,21,48,39,78,23,38,86,38,40,36,93,25,66,24,14,53,41,100,8,92,71,11,16,96,22,76,30,8,99,73,51,49,25,53,29,61,52,52,35,58,20,78,83,82,56,96,5,55,36,16,40,84,23,43,5,69,71,68,49,99
96,58,20,76,46,61,27,29,80,79,95,78,69,25,59,30,66,11,67,32,61,0,1,71,85,52,18,51,6,87,50,85,22,54,67,20,20,27,74,58,84,54,95,0,84,67,84,17,12,46,88,97,22,73,91,36,3,100,85,83,79,5,38,38,48,63,4,93,94,83,12,50,76,51,40,70,12,11,0,2,20,35,96,60,24,68,41,5,31,39,73,89,97,23,100,77,18,38,70,35
69,83,64,62,5,77,27,49,92,32,86,18,11,74,24,20,29,71,88,53,98,56,10,23,53,86,93,41,41,1,0,6,94,2,45,10,99,92,19,62,85,71,7,4,87,33,72,18,10,93,59,100,25,92,87,40,68,37,22,49,23,75,14,65,37,31,100,63,26,35,13,20,84,77,38,25,51,30,8,20,34,90,61,26,55,87,80,41,20,20,38,54,41,81,58,53,98,100,55,58
29,21,5,77,93,28,18,95,26,50,52,37,98,21,5,84,60,4,73,44,67,42,78,52,75,81,78,66,35,15,36,8,37,42,42,35,79,41,89,93,60,39,60,69,70,42,5,77,87,74,15,63,55,51,60,81,77,35,40,34,90,16,74,64,88,19,42,21,34,79,53,80,62,4,31,55,23,87,34,87,3,51,84,1,26,10,18,29,97,60,6,74,53,41,17,2,96,15,12,45
82,24,3,35,41,81,88,92,46,58,62,88,11,58,51,20,60,38,74,60,29,11,19,4,66,19,59,20,0,58,50,1,8,13,31,69,76,86,7,62,98,96,96,77,100,89,90,18,97,36,51,75,81,92,43,64,69,21,5,12,21,4,84,49,51,14,98,70,66,23,34,92,41,8,59,59,58,1,32,59,55,56,8,64,91,39,24,41,6,66,9,85,36,96,15,66,68,98,1,61
80,14,4,94,7,59,85,3,13,37,77,7,64,76,46,16,68,21,88,4,35,54,37,12,59,52,22,46,56,40,17,41,78,42,81,83,80,4,0,47,49,70,0,44,43,78,35,4,48,93,40,88,30,39,67,58,57,47,27,25,56,33,2,45,67,42,96,30,16,73,31,18,3,50,13,71,44,50,63,36,16,16,6,55,24,80,95,34,95,42,10,98,94,35,66,23,24,9,35,31
22,18,67,14,100,1,51,89,73,29,18,79,93,7,79,91,68,44,11,94,96,92,61,66,85,89,38,1,55,36,12,61,67,84,93,83,61,61,62,12,70,81,6,73,97,85,87,74,20,51,62,34,57,54,47,3,31,6,63,85,29,94,65,42,19,95,19,69,47,81,17,10,38,48,33,57,19,12,84,30,16,63,65,38,13,42,3,88,4,27,8,20,46,95,92,40,62,33,56,28
11,61,5,64,56,88,13,4,70,22,86,73,54,19,36,100,17,71,36,89,70,91,18,96,56,45,89,38,54,96,17,28,51,96,65,25,33,85,68,14,46,41,85,58,100,53,60,27,76,43,14,44,55,97,90,46,5,71,37,80,98,6,73,10,73,44,62,91,1,78,49,70,8,34,11,9,11,75,91,46,54,30,78,5,12,98,6,87,4,19,65,75,29,28,93,13,79,4,46,84
99,90,22,58,84,58,71,96,38,57,15,11,53,94,100,51,4,34,47,45,91,6,7,12,25,93,12,21,18,45,100,35,88,69,41,81,49,48,26,29,73,6,18,61,85,74,1,18,17,48,1,40,64,68,73,6,64,14,37,6,61,3,12,30,13,4,74,38,90,46,59,80,66,79,35,52,71,73,46,88,1,41,50,83,42,5,71,56,91,8,28,18,57,13,19,72,84,30,56,82
61,29,88,6,29,98,72,94,86,93,34,67,40,61,41,70,98,99,30,9,41,15,54,66,95,12,10,76,34,0,20,97,37,94,88,64,73,1,59,46,10,89,7,51,53,74,71,50,14,36,78,46,36,55,18,65,31,79,24,31,62,100,44,52,70,77,73,86,33,92,68,65,76,68,33,3,55,66,92,28,31,78,0,28,9,31,37,83,33,84,12,56,79,15,23,10,85,91,11,79
33,92,23,51,100,22,39,63,75,17,70,86,72,85,44,5,43,29,78,20,69,58,66,57,27,30,5,19,92,69,63,21,60,17,83,80,49,48,0,7,74,88,76,87,15,58,9,35,86,0,66,31,98,72,86,71,11,67,87,48,31,97,58,46,12,82,22,17,41,67,28,96,59,94,33,93,27,61,98,93,91,91,89,98,28,99,75,8,96,47,46,95,73,80,12,58,36,84,45,35
83,1,16,50,92,19,88,8,2,40,62,82,61,2,89,68,56,100,34,65,19,54,61,56,3,57,36,34,80,98,27,38,94,10,6,91,82,80,30,5,42,3,53,82,78,60,89,31,57,28,51,6,48,50,67,77,8,87,14,83,33,50,79,11,47,52,28,71,57,77,16,84,19,13,62,14,5,76,23,46,86,82,96,32,66,47,81,97,97,91,76,31,16,70,39,7,49,8,0,53
19,32,43,44,86,54,50,98,68,7,31,55,61,99,88,5,31,42,37,69,39,81,87,1,21,99,37,83,12,20,80,6,24,41,96,71,56,96,94,12,2,55,50,60,47,25,91,98,13,17,0,16,65,62,54,45,31,93,20,99,20,34,35,58,49,77,100,17,16,24,6,90,31,8,4,62,92,61,3,49,61,48,92,40,4,67,69,10,65,100,19,26,41,60,3,88,25,61,98,100
8,85,99,71,44,10,86,26,12,43,94,78,64,3,2,52,55,54,30,54,92,7,82,96,6,3,74,51,16,75,27,69,51,16,48,95,68,54,15,29,13,84,80,88,1,75,8,4,0,12,43,27,42,74,40,72,11,30,9,13,94,40,41,2,59,51,66,5,31,43,37,7,89,93,38,0,32,98,89,72,92,27,3,9,87,55,87,8,59,45,70,48,45,51,80,82,92,96,99,33
87,53,37,81,10,70,74,10,87,69,50,78,52,76,48,42,31,34,74,10,66,77,89,100,79,27,83,57,37,56,56,92,23,7,31,78,2,71,55,91,23,2,91,66,55,71,80,92,98,77,77,8,80,61,60,10,25,70,72,50,82,48,99,100,47,92,88,1,57,45,98,71,97,28,62,85,93,80,4,91,27,76,84,47,52,31,15,40,60,14,17,82,59,78,96,53,16,60,66,41
100,15,1,28,17,95,34,2,94,7,4,56,94,29,54,87,87,9,35,15,6,21,15,6,59,15,71,34,11,30,14,52,82,34,0,6,99,10,90,46,88,57,42,95,34,30,8,62,10,51,83,51,69,42,100,98,66,28,94,58,16,46,37,100,31,16,66,17,71,0,73,10,80,68,19,41,78,52,78,90,36,49,16,9,30,20,3,32,83,6,7,51,40,34,60,4,98,98,5,45
55,28,51,56,47,15,61,28,23,49,93,5,94,44,94,22,62,58,61,8,59,63,93,96,19,56,48,9,45,14,1,93,28,40,53,82,5,49,52,70,28,90,47,61,25,50,63,32,69,36,44,19,91,34,90,62,33,66,69,54,10,96,55,43,1,34,59,36,7,24,25,76,86,4,89,62,93,97,20,83,84,55,44,72,8,56,55,5,70,39,77,68,53,29,85,63,75,99,49,38
0,23,92,14,20,52,31,88,12,33,70,25,71,90,1,46,13,27,36,84,43,35,86,30,77,38,84,33,95,6,36,88,12,30,9,18,95,28,63,48,18,51,56,77,43,90,13,21,98,24,57,40,28,80,62,49,14,31,67,27,51,83,36,9,70,68,36,65,7,48,65,90,25,1,68,37,35,2,0,70,36,85,85,28,51,100,66,18,44,57,77,75,38,40,90,31,59,83,8,13
9,1,80,19,77,96,36,9,26,51,14,33,63,76,70,99,75,17,65,38,24,95,71,24,58,30,48,19,84,44,69,96,56,38,8,87,34,35,95,24,39,53,34,65,10,79,83,38,90,94,90,12,92,34,77,54,18,53,44,1,97,4,48,100,52,82,41,31,7,30,36,11,38,51,76,53,75,93,2,51,14,0,6,56,12,40,54,60,27,38,49,30,50,31,52,36,88,0,11,91
41,21,7,44,71,43,72,82,58,5,33,89,91,72,62,28,88,24,58,95,28,27,76,46,44,30,65,13,21,9,90,38,88,61,23,79,78,71,56,8,36,56,94,34,2,3,36,88,52,24,69,66,89,96,86,11,12,30,2,56,43,68,67,46,86,39,10,45,39,22,40,53,100,76,92,66,61,9,55,25,53,76,39,69,94,91,90,68,40,67,14,58,87,73,84,78,82,67,49,98
21,78,82,74,70,21,32,93,13,0,87,43,80,68,75,1,1,95,37,93,37,25,28,16,26,30,92,22,68,1,99,42,92,37,68,7,1,83,77,38,62,74,2,82,67,20,86,32,53,31,2,100,68,37,17,55,33,40,100,49,54,65,86,33,70,90,48,60,38,26,86,85,18,51,98,93,30,85,52,56,20,84,28,93,1,23,86,28,96,43,84,28,31,71,13,23,10,11,10,14
40,31,96,10,73,1,65,81,78,29,9,47,24,70,14,75,2,56,86,22,48,48,64,85,34,83,46,6,29,35,90,83,69,81,14,52,96,94,33,90,91,90,1,87,28,38,63,43,51,45,40,65,2,30,30,58,12,40,40,71,86,77,76,60,46,51,1,0,86,79,64,12,86,63,45,84,21,54,61,19,58,97,45,37,4,90,10,100,91,82,73,83,82,28,79,14,4,36,60,35
60,91,84,29,76,84,69,73,90,27,39,85,51,96,25,99,2,97,17,63,55,12,8,64,32,35,62,23,86,85,45,97,38,77,26,22,1,79,87,38,77,24,45,15,48,74,31,5,32,19,100,97,0,37,56,32,1,39,37,20,85,47,90,35,85,94,48,27,84,15,10,12,0,86,58,98,16,66,76,10,89,40,98,79,17,32,40,35,46,36,51,31,5,36,57,76,93,36,56,96
19,53,92,35,0,61,19,1,26,81,90,68,4,14,26,78,23,15,84,38,39,49,52,85,62,39,80,39,25,11,75,76,20,94,70,5,23,86,5,51,45,87,69,15,92,14,41,11,32,53,67,49,81,29,55,90,21,59,17,95,18,72,61,45,99,62,18,66,81,96,42,66,80,98,95,52,4,74,34,73,70,55,17,60,26,11,51,87,62,30,22,58,68,16,36,96,38,25,4,28
62,95,58,83,65,88,73,37,67,48,44,97,43,15,86,2,43,38,12,74,13,72,92,17,53,45,81,35,72,53,42,28,5,44,31,72,11,31,43,17,17,85,15,52,31,90,99,72,42,90,63,60,13,88,82,9,63,84,56,34,26,79,29,39,80,22,57,38,24,74,33,66,53,3,64,77,23,38,20,0,26,53,95,21,44,1,68,86,77,37,14,77,69,81,76,45,9,60,32,93
12,60,47,49,12,94,28,9,33,89,86,4,11,54,76,56,26,48,86,51,16,89,31,12,83,80,91,64,22,48,72,35,99,42,21,72,7,75,79,67,16,40,9,52,26,87,58,76,6,19,67,57,80,9,60,57,72,75,1,0,78,11,53,4,81,79,59,99,72,95,49,49,28,18,85,82,68,76,84,45,17,41,10,83,82,5,85,43,53,22,73,18,84,78,24,21,13,10,40,21
75,94,80,69,2,96,64,87,59,34,2,21,55,21,43,24,16,64,95,40,14,92,21,61,75,5,57,28,19,43,28,34,38,72,39,37,92,3,8,79,8,74,22,36,79,70,73,7,63,48,7,68,8,13,91,85,61,75,5,96,69,92,73,97,74,49,67,96,2,82,52,5,62,70,88,9,30,1,2,69,64,35,13,79,40,79,75,91,42,77,17,2,7,24,86,33,52,100,65,29
85,32,63,33,63,86,59,21,89,60,93,78,72,41,75,86,3,41,64,34,34,2,42,99,9,9,37,42,90,76,47,70,5,84,24,12,53,47,84,42,88,74,43,50,33,30,38,6,53,10,21,74,64,11,42,39,82,75,65,18,32,66,25,23,39,35,31,96,1,41,74,0,93,89,69,31,30,92,59,78,72,62,57,79,15,55,35,14,36,41,62,24,56,91,54,79,39,82,74,90
94,47,21,92,17,8,79,73,16,64,78,71,37,29,83,81,75,1,68,82,52,76,41,48,47,93,61,77,22,75,81,11,85,84,64,20,90,1,34,53,68,63,32,96,18,23,16,90,57,49,25,100,94,33,93,66,23,36,83,28,28,86,64,15,37,66,35,64,65,44,40,67,87,87,99,88,78,34,40,55,13,96,96,48,13,82,29,93,63,17,52,25,88,24,29,94,36,81,89,69
48,1,35,90,99,28,7,54,91,59,71,2,15,28,61,78,75,66,10,93,99,2,39,76,48,66,71,13,47,36,90,32,93,100,37,15,99,5,37,90,3,1,45,61,20,20,10,43,2,46,8,80,62,1,13,93,36,71,49,29,49,26,98,29,47,41,97,26,83,46,97,16,34,28,54,63,60,76,72,55,15,45,23,5,42,88,69,85,14,76,55,90,76,71,94,51,26,39,66,40
65,75,37,79,51,64,27,48,56,7,43,24,75,90,13,58,39,76,34,8,66,77,23,99,66,30,17,40,97,80,59,15,52,69,10,8,77,39,73,79,58,84,62,4,36,39,24,93,21,86,86,22,10,35,64,41,55,40,29,47,8,27,56,91,9,100,54,26,44,53,47,81,96,100,80,78,87,36,98,29,34,95,5,98,20,85,48,26,59,46,12,96,67,78,97,59,34,58,25,46
6,75,14,93,51,65,49,2,16,66,13,52,1,55,3,88,59,99,16,46,94,39,13,7,100,54,5,53,14,29,93,70,21,96,53,95,70,38,60,62,71,26,63,93,60,32,21,62,100,94,20,27,28,70,95,91,78,2,9,76,76,98,31,19,68,60,88,10,23,97,2,7,15,39,10,4,96,21,67,86,67,8,15,1,36,24,90,96,47,53,57,80,62,37,73,58,85,44,47,47
32,38,95,12,85,65,41,37,92,56,46,4,82,21,30,59,75,9,5,2,71,7,5,51,68,12,45,47,71,74,83,97,3,90,67,81,42,23,30,68,48,10,63,82,20,84,29,80,73,15,95,40,22,96,66,100,71,81,79,21,50,75,54,89,11,51,89,11,83,96,18,77,5,28,9,12,15,41,47,4,95,96,71,22,76,23,94,9,88,100,30,20,28,79,27,55,55,68,4,96
55,18,13,29,55,13,52,95,55,38,14,81,55,33,76,9,89,18,86,16,73,33,57,0,41,19,63,12,77,40,64,98,100,12,11,11,43,33,39,93,34,67,86,49,25,40,45,70,75,45,41,43,94,79,85,32,62,14,58,100,36,6,28,100,93,45,11,56,25,81,8,32,79,70,99,66,81,78,34,0,82,15,61,19,15,84,55,48,8,66,59,50,21,21,66,73,40,99,55,66
91,45,72,95,84,32,36,63,59,51,42,41,66,97,93,90,49,37,70,56,93,54,39,58,38,9,34,75,24,38,20,43,18,83,81,89,29,16,84,89,96,23,91,93,40,21,31,95,97,71,86,45,63,30,91,55,80,21,29,68,0,80,38,42,29,81,100,87,20,18,0,68,77,18,62,0,17,58,88,9,86,100,68,56,20,3,74,80,19,55,36,89,74,73,26,41,44,89,63,10
54,52,49,32,27,41,4,22,96,9,3,3,92,64,21,40,34,73,27,14,66,56,78,17,4,19,3,76,84,79,72,52,76,55,61,84,44,79,49,27,4,31,11,14,65,79,81,3,77,66,72,47,43,54,66,14,6,15,77,77,19,21,67,55,14,30,2,97,91,47,50,87,91,63,33,26,61,70,0,5,86,63,51,86,14,88,80,13,7,46,71,3,12,77,14,42,80,2,94,46
98,64,54,63,53,93,31,97,96,41,84,54,48,92,96,82,56,22,9,72,31,33,21,57,6,67,49,67,52,16,44,46,50,75,39,80,40,76,38,49,52,44,63,89,79,53,89,40,25,80,15,82,99,28,65,49,76,59,0,58,56,21,53,30,89,95,2,26,71,97,30,59,58,52,94,65,16,56,91,89,12,67,94,26,12,58,67,28,37,37,67,16,73,18,76,5,27,80,98,5
64,9,61,79,26,14,51,43,15,56,34,36,96,70,68,18,27,62,64,75,86,11,98,59,12,80,66,19,11,56,78,96,45,18,10,100,74,63,62,84,23,77,72,99,30,55,94,5,53,66,77,74,3,51,95,39,61,56,16,36,67,27,8,47,35,34,68,95,29,84,24,33,90,44,63,0,57,35,75,69,78,0,36,89,97,5,84,29,37,17,47,89,12,27,76,55,8,63,42,49
95,74,78,76,95,51,76,28,83,81,85,64,99,14,85,65,29,14,4,70,89,93,91,2,63,78,74,12,4,55,51,87,4,85,29,58,96,92,20,97,14,81,75,65,29,23,6,92,4,20,20,90,22,69,30,64,90,64,85,63,41,25,47,98,54,60,3,41,74,7,42,62,39,84,84,69,90,100,60,92,21,88,10,22,48,25,5,15,48,33,4,43,28,86,85,17,98,87,90,47
84,19,29,38,16,99,50,43,55,93,31,72,55,2,0,75,40,50,38,83,27,76,4,58,67,36,84,86,50,82,90,31,13,66,97,78,6,44,22,28,89,14,30,76,76,53,40,36,78,6,70,96,93,27,52,38,42,36,67,22,30,6,43,41,1,47,91,49,46,77,15,83,1,78,90,68,87,16,34,61,40,78,72,74,76,8,28,3,89,29,58,88,0,38,77,46,20,47,60,42
23,52,85,36,14,36,26,89,72,94,40,97,79,22,93,25,65,54,67,30,82,28,41,64,24,35,20,26,62,73,42,32,29,19,14,78,24,91,6,46,82,20,41,13,32,19,70,44,11,48,37,64,97,84,49,64,69,15,59,94,24,38,57,99,18,67,24,9,6,0,13,11,34,63,23,33,52,46,42,30,65,17,69,69,25,96,10,0,43,1,28,2,2,18,73,14,96,21,3,53
74,80,98,95,15,17,100,77,4,62,55,20,59,74,92,67,73,68,58,67,23,36,43,27,57,99,4,52,1,48,40,72,37,90,68,90,83,37,38,80,6,90,57,43,89,10,46,11,25,80,88,1,71,80,2,83,11,24,0,37,73,60,20,40,9,68,75,16,10,9,39,74,80,63,35,89,0,46,74,37,88,10,28,62,98,84,34,29,85,62,80,70,48,23,82,17,79,92,11,37
84,39,98,26,63,20,55,58,73,31,53,40,90,84,24,84,67,11,28,28,59,61,80,63,13,18,3,58,21,69,89,42,26,10,67,24,7,35,41,83,44,45,12,14,93,71,55,10,11,7,36,49,80,29,13,70,4,69,51,32,54,3,90,92,45,99,44,85,16,72,27,67,5,74,25,22,20,54,66,28,24,7,38,9,99,69,55,11,52,40,88,22,72,86,52,91,83,64,54,69
54,9,50,98,12,41,55,6,56,51,14,83,74,4,43,48,68,22,52,97,64,2,63,88,92,39,95,77,48,55,78,7,24,83,42,78,53,90,64,46,60,83,18,30,87,76,23,75,99,64,27,15,31,87,32,58,31,32,50,22,90,59,77,3,79,35,56,45,22,63,34,20,81,58,81,16,4,74,59,25,55,91,42,34,26,64,96,47,99,32,43,15,78,15,21,5,39,85,91,53
8,20,90,29,4,63,19,42,53,50,48,52,16,69,22,21,56,39,49,69,54,46,22,15,33,68,76,56,34,76,100,2,23,10,80,27,71,12,69,22,94,3,64,29,31,50,14,26,36,30,62,35,49,70,34,21,58,48,86,10,97,69,67,2,46,35,67,92,84,10,35,9,14,65,7,17,23,12,72,87,57,51,13,82,61,15,94,81,82,25,42,36,97,87,17,24,31,50,44,56