44,21,28,70,89,46,46,73,91,91,56,4,84,3,76,37,89,74,27,4,19,67,76,89,82,44,60,11,28,9,10,66,38,67,17,1,16,90,0,60,11,1,20,38,37,17,98,48,90,82,21,14,9,0,13,32,41,65,23,62,67,5,56,23,25,65,78,26,8,90,71,65,93,99,33,91,53,90,18,0,18,21,28,51,29,94,90,78,26,22,22,33,88,65,100,86,74,82,8,33
90,36,87,85,27,42,16,4,37,82,24,50,94,53,82,57,5,8,42,74,27,60,54,46,71,32,93,2,82,23,93,8,90,87,25,34,17,77,21,4,78,82,92,93,95,28,65,21,5,18,79,12,63,44,45,86,95,21,18,17,21,34,76,88,95,75,100,19,47,58,6,84,93,9,51,59,61,82,80,29,26,64,47,91,26,5,52,40,97,99,61,81,14,70,14,21,32,96,33,51
55,36,10,7,88,28,83,48,83,57,88,12,0,27,18,38,2,98,61,12,83,54,89,99,20,60,85,14,36,70,46,100,63,93,58,74,7,17,16,69,23,35,53,80,82,34,50,43,46,24,61,81,50,42,9,11,37,37,15,61,53,10,57,5,40,81,47,57,90,48,91,50,76,16,76,77,86,77,68,72,67,36,40,8,3,98,21,9,14,10,44,67,24,18,25,48,2,87,4,74
23,87,73,36,11,31,100,92,75,75,48,25,9,41,18,7,89,94,31,5,25,57,25,7,59,6,89,95,91,36,43,100,63,10,35,17,98,37,92,47,82,79,88,44,86,22,8,97,99,55,20,47,59,39,48,2,50,97,29,33,50,36,33,65,57,23,36,92,59,43,35,50,29,100,19,93,13,93,7,97,10,37,12,89,42,40,59,22,18,83,44,89,43,33,88,14,93,76,96,87
92,84,78,59,49,66,27,59,77,67,78,37,27,77,74,28,75,10,82,47,6,9,39,86,57,52,87,2,91,12,11,65,22,32,75,3,85,50,55,78,59,9,81,15,37,18,68,33,74,7,74,46,64,28,38,52,95,93,45,84,15,14,84,26,8,91,56,77,49,25,47,67,94,25,86,100,70,95,26,82,68,24,99,7,81,34,80,47,54,59,24,38,52,75,67,92,7,63,13,94
76,90,56,81,19,74,18,98,61,62,57,81,41,56,88,99,17,45,10,52,35,5,8,89,76,74,68,9,29,60,72,72,10,93,56,23,28,74,50,47,26,34,22,15,69,11,39,32,93,21,44,50,94,19,80,17,44,17,41,62,77,64,97,32,93,5,58,65,65,82,97,71,80,41,76,26,56,65,25,11,100,0,18,96,57,83,13,25,46,33,90,77,25,42,56,30,56,60,8,99
40,19,73,34,45,28,31,90,93,94,94,27,1,5,14,10,40,64,60,95,31,85,46,60,14,69,27,16,35,46,51,52,95,98,10,29,72,37,22,64,96,82,94,6,70,82,74,43,94,80,30,34,56,37,75,43,76,69,91,12,11,49,90,23,0,93,71,64,8,49,59,59,8,71,74,43,19,64,91,30,100,50,77,53,58,49,65,63,54,99,12,38,75,31,10,38,85,85,89,27
98,84,21,24,25,21,97,39,99,82,93,66,56,0,4,2,17,55,91,87,27,44,90,0,31,22,68,95,81,5,31,48,2,0,93,68,77,33,74,46,59,49,10,76,16,77,80,27,80,67,1,83,87,77,78,4,82,13,35,49,21,13,66,5,55,87,88,42,23,36,15,51,79,18,70,71,30,87,91,97,1,11,13,64,49,55,81,18,77,38,93,21,6,96,91,47,30,38,8,28
3,83,53,65,29,72,89,68,8,23,5,20,83,28,79,61,43,17,85,89,89,55,85,71,21,3,20,64,63,47,92,58,91,71,14,25,11,32,72,46,95,60,76,81,69,21,48,34,19,52,28,54,48,38,89,71,44,12,50,7,81,23,43,45,23,41,71,10,84,88,51,28,61,30,8,37,80,30,85,65,67,13,64,16,20,46,51,72,25,79,81,40,70,27,53,55,94,38,63,20
33,35,52,22,74,16,62,70,21,93,83,72,2,15,100,66,36,44,49,72,87,25,4,74,96,71,94,6,100,57,78,38,91,61,87,38,59,18,83,95,29,80,87,90,13,82,5,31,60,91,91,5,55,46,10,60,23,77,18,70,67,100,25,86,22,75,92,84,0,79,7,98,86,91,22,26,1,3,77,13,35,17,70,57,45,26,56,93,91,24,15,18,35,91,88,5,56,48,48,86
65,89,6,81,27,24,51,29,44,64,53,41,52,0,23,96,6,70,64,89,61,68,27,93,26,39,46,1,81,96,37,86,98,67,39,59,19,5,74,34,91,11,42,23,79,60,87,80,30,54,57,77,56,43,51,30,92,77,34,43,73,87,42,60,9,84,26,74,5,20,12,47,52,98,74,16,69,60,12,0,37,14,91,3,65,13,70,29,99,62,48,59,88,99,31,0,31,16,90,69
34,71,7,73,99,34,93,24,47,47,62,19,86,80,95,18,7,59,60,64,51,31,55,71,60,86,52,11,59,52,30,25,69,53,28,91,72,29,8,99,29,40,88,79,4,25,42,43,100,45,96,4,3,19,75,44,69,85,74,7,29,4,37,22,32,51,54,34,39,51,45,46,19,56,73,29,78,60,68,18,86,35,29,43,79,7,36,73,38,98,63,91,98,24,95,49,35,21,47,19
64,19,68,80,28,9,68,35,66,59,81,47,99,73,77,40,69,88,6,58,100,66,23,80,22,50,30,48,76,45,56,94,67,7,3,27,97,12,60,7,41,73,70,81,55,3,64,77,37,2,23,24,4,65,88,36,62,16,20,31,1,78,21,95,13,49,58,20,27,70,89,3,85,30,61,77,93,4,70,74,21,10,42,9,74,65,43,55,8,16,71,64,41,43,23,54,67,54,17,4
26,53,77,99,32,89,55,94,40,74,18,81,77,77,79,5,87,92,46,79,35,69,71,13,1,41,29,8,16,6,45,82,96,35,62,0,44,2,60,56,67,46,16,58,62,4,74,12,6,98,69,83,87,77,50,65,60,17,4,79,9,45,70,0,33,10,31,42,20,54,80,92,96,76,40,88,80,89,67,51,61,21,75,20,79,31,64,63,94,53,31,2,58,61,71,12,9,22,14,67
88,52,16,92,96,77,0,15,26,34,61,39,65,32,17,72,8,80,53,40,20,56,96,38,71,73,9,0,91,41,77,45,71,44,55,20,95,29,98,22,60,1,48,44,96,45,13,99,43,86,83,26,4,73,39,65,59,3,66,46,20,15,57,79,51,5,18,89,21,68,39,32,14,64,41,95,23,47,20,91,47,75,15,76,74,71,10,10,89,29,7,91,93,32,9,46,43,45,28,10
11,65,75,22,40,29,7,65,95,36,22,24,85,39,28,17,40,4,80,65,96,73,37,59,24,63,18,51,67,37,74,68,33,34,20,38,75,52,99,14,63,50,92,100,26,15,70,53,34,12,93,3,73,19,20,86,35,48,46,14,12,87,16,45,65,8,87,1,36,85,4,34,21,97,43,100,20,56,43,51,31,43,27,87,13,75,82,98,80,40,61,17,68,90,24,25,21,25,90,94
87,44,72,87,76,2,7,65,91,58,21,37,71,5,88,66,66,49,52,35,51,47,48,4,56,17,32,48,64,41,10,86,37,41,19,60,82,29,16,21,12,42,94,87,70,75,20,3,72,20,35,77,11,19,13,70,85,38,0,90,22,50,45,34,9,1,68,90,79,67,39,46,92,25,15,86,45,61,64,25,6,10,12,100,66,35,75,35,92,79,76,12,90,0,95,78,2,45,27,54
29,1,35,32,27,70,6,13,82,1,30,51,44,8,91,66,82,85,76,25,79,25,66,6,37,99,77,71,54,5,57,60,56,10,61,68,59,60,30,19,29,36,36,59,28,31,87,12,10,95,31,38,40,54,65,60,77,3,46,62,2,79,32,29,29,9,91,30,82,13,31,37,91,77,39,4,36,84,70,95,55,56,74,42,28,18,2,19,73,22,57,71,24,27,100,12,10,86,95,11
43,83,14,50,40,35,12,38,36,58,8,28,89,20,99,53,13,49,32,52,28,1,1,68,32,10,25,27,18,91,0,81,56,67,11,52,16,94,35,75,57,87,79,93,11,92,19,24,28,3,23,16,38,39,78,64,77,42,77,53,85,61,29,8,49,11,93,29,64,30,32,43,57,77,58,63,78,1,2,97,37,56,57,50,93,22,58,7,81,13,85,86,12,44,33,97,62,43,82,8
37,19,96,71,18,82,63,88,23,62,20,46,81,33,43,36,69,61,79,5,81,15,1,8,27,51,44,21,75,63,34,83,55,93,2,40,8,95,20,75,91,98,86,25,70,30,40,75,74,22,58,1,65,60,16,13,17,77,47,37,62,14,77,96,22,61,74,26,84,87,71,67,91,9,58,42,15,41,53,99,9,91,78,4,24,75,19,51,57,89,80,47,56,9,99,25,43,93,78,15
91,0,41,68,28,15,29,12,33,99,8,71,10,41,21,71,71,83,26,50,99,93,74,58,19,88,13,62,15,100,62,21,15,17,62,86,85,90,73,86,56,4,74,45,80,42,13,61,67,60,20,3,43,2,82,50,29,20,39,4,37,97,78,2,82,8,11,4,19,46,42,33,82,60,84,80,7,96,86,54,8,43,42,50,43,28,90,22,1,2,27,74,63,100,92,56,60,38,51,11
59,72,60,74,85,43,38,74,85,87,53,26,20,84,74,5,92,64,98,69,27,80,0,87,66,29,4,87,52,66,70,36,2,38,69,80,41,97,32,89,24,49,51,91,36,16,85,19,89,94,90,15,37,59,3,20,25,1,44,97,11,78,81,5,60,31,50,82,33,58,96,56,11,62,36,11,10,56,87,20,87,82,14,2,86,9,46,6,19,40,80,53,1,9,5,23,99,60,45,1
77,78,23,96,50,64,22,53,29,44,75,37,13,1,67,80,18,67,51,36,43,10,23,38,30,70,22,20,30,28,58,86,50,98,97,97,42,57,34,35,47,70,3,1,38,73,62,85,82,28,90,36,79,87,25,16,70,99,70,1,48,26,62,0,62,16,75,6,97,57,96,23,53,55,44,7,80,54,60,52,46,93,30,53,59,60,97,45,29,89,1,17,16,70,41,18,42,59,87,19
3,99,61,16,55,81,88,11,96,34,84,40,92,27,91,50,45,4,29,24,43,31,52,44,45,40,56,65,1,43,40,23,74,42,59,38,83,84,36,59,79,79,73,9,92,84,70,40,85,80,43,58,57,52,8,67,11,64,97,87,80,98,67,66,36,79,67,2,99,18,31,43,39,18,94,80,99,11,9,33,98,45,55,24,69,3,21,10,96,97,35,77,41,35,93,90,25,38,24,3
18,47,28,25,6,17,56,22,89,52,3,70,40,92,26,44,92,83,47,10,47,56,21,11,74,88,40,21,63,77,42,0,99,58,96,89,89,88,56,55,96,98,2,38,71,67,35,16,96,5,19,86,46,81,78,62,74,85,68,17,41,23,83,11,72,45,23,100,58,30,77,16,39,97,30,14,100,10,72,11,50,28,10,41,68,65,56,59,100,23,48,93,22,56,25,41,59,68,59,79
39,6,39,78,0,38,80,72,18,19,38,90,86,85,88,74,26,90,13,63,33,27,2,39,96,14,11,2,57,69,35,71,62,32,42,32,20,92,4,24,22,86,64,71,15,59,57,17,4,27,75,84,95,49,36,35,49,70,16,12,73,1,6,79,54,51,100,57,93,15,12,66,73,3,63,62,58,45,57,24,85,12,0,5,34,66,71,71,25,64,13,76,23,35,89,82,65,55,6,9
35,9,46,86,16,85,20,50,46,23,23,8,61,94,62,96,53,31,7,60,35,90,84,51,78,53,61,66,47,59,63,32,3,87,9,11,45,27,0,7,33,3,51,21,89,67,66,92,82,57,50,56,94,20,9,53,0,44,71,55,11,19,76,43,54,84,22,81,49,86,42,17,73,28,44,0,44,15,46,60,73,57,23,70,72,23,63,24,40,43,55,12,21,61,59,18,20,96,9,33
44,61,55,64,36,79,13,14,48,70,35,54,84,12,45,30,34,87,69,83,83,36,35,75,42,84,7,32,84,91,79,36,39,97,95,56,58,71,4,94,11,58,16,71,70,68,84,20,79,98,24,9,30,82,48,78,90,67,3,82,40,41,80,23,20,93,90,28,4,63,7,53,37,39,73,62,62,98,69,42,61,97,29,80,3,22,59,86,92,27,86,52,42,60,59,30,55,0,54,11
73,44,29,5,21,29,31,9,89,84,56,18,40,17,12,47,31,36,77,28,24,100,96,94,93,55,94,18,83,27,30,34,100,76,81,65,18,52,30,74,0,2,32,20,64,67,95,1,11,100,89,45,11,67,30,98,78,61,65,48,58,52,68,40,19,89,66,65,19,63,22,25,89,58,59,96,86,91,42,94,67,36,15,44,93,27,82,79,15,20,11,29,97,40,62,23,94,56,84,52
40,72,80,65,36,73,69,28,2,79,22,85,40,90,16,73,85,86,0,71,91,38,18,87,32,54,53,26,71,63,79,31,87,50,26,75,97,38,28,58,51,80,41,38,84,84,46,62,58,86,25,97,97,60,84,30,23,84,10,43,26,49,53,61,71,35,16,70,45,18,63,78,6,57,48,40,71,99,17,56,11,56,42,13,38,10,30,70,59,76,50,49,69,91,86,11,50,65,26,35
6,76,41,82,12,94,66,10,92,44,54,71,58,5,4,8,51,39,27,42,99,20,88,57,74,24,21,64,94,91,82,93,51,19,20,43,11,22,32,78,22,83,50,67,13,38,20,21,13,9,51,58,64,69,26,5,12,50,46,79,16,18,72,32,82,7,48,47,32,100,65,50,99,16,33,64,3,62,84,40,26,27,21,48,2,2,37,55,25,59,6,91,11,28,12,20,99,80,30,23
42,9,35,17,25,24,57,64,58,24,82,82,93,69,100,17,49,61,64,78,32,60,2,48,40,22,57,84,89,19,72,21,94,19,17,55,62,64,57,1,93,13,16,17,88,18,80,84,57,26,71,50,61,43,10,33,62,56,77,26,55,92,75,80,97,74,90,75,2,19,58,76,99,45,0,1,0,80,69,19,95,28,77,39,60,99,5,8,11,66,35,13,95,16,100,51,23,87,100,36
3,53,40,36,19,0,57,36,32,40,37,0,100,37,56,85,60,2,18,25,66,86,2,33,15,65,89,92,17,28,8,65,50,42,94,47,28,64,53,63,90,52,31,53,6,10,36,0,53,57,21,46,11,88,46,37,9,45,85,43,36,33,0,85,100,100,27,37,69,53,85,88,96,63,57,72,97,57,14,6,22,89,1,20,77,90,87,28,15,91,15,17,23,35,43,47,26,66,34,32
35,6,57,9,21,11,43,88,67,11,21,31,92,6,44,7,85,5,8,99,61,73,86,46,25,49,14,9,45,79,29,31,5,22,52,96,32,18,92,8,73,47,46,35,27,27,26,83,62,9,52,18,53,89,31,35,93,58,26,50,97,96,87,63,9,39,1,97,17,32,96,8,71,91,63,56,71,19,14,22,82,20,77,59,40,9,74,61,47,50,40,12,37,80,8,51,74,31,93,7
53,32,20,13,64,78,85,49,31,25,49,84,23,86,57,100,44,22,71,7,33,38,67,72,38,51,40,22,83,20,60,89,0,30,7,29,49,87,57,80,9,52,12,28,32,68,40,23,55,15,21,98,69,72,38,24,29,67,78,6,61,68,0,74,47,36,52,66,27,79,86,88,66,64,63,40,14,96,63,81,65,55,34,29,59,44,91,53,1,51,78,47,71,39,16,27,28,2,45,67
27,48,63,94,74,66,3,14,18,9,46,66,19,21,13,11,17,44,10,45,90,38,39,25,4,64,60,78,98,86,8,85,98,46,84,59,30,60,9,45,57,58,4,67,33,50,22,83,54,47,28,51,7,80,3,28,6,91,48,77,30,10,67,39,27,88,16,14,38,71,90,56,24,55,8,81,46,38,33,88,7,41,68,37,57,78,72,100,45,39,7,6,37,36,38,63,99,100,77,46
1,68,45,97,81,45,35,24,66,79,95,59,86,45,87,62,10,38,0,72,67,33,8,92,3,40,27,39,90,1,31,0,12,94,60,70,9,29,36,16,49,78,57,29,89,95,64,58,19,13,37,69,36,93,33,19,57,65,89,77,71,80,15,49,66,88,51,87,24,52,10,44,100,80,42,72,58,43,34,70,74,65,41,6,58,26,25,41,94,88,48,93,71,18,58,83,7,31,36,16
99,51,81,83,39,76,47,33,29,85,21,10,76,42,74,10,13,18,66,47,40,57,89,89,52,77,52,90,45,84,47,19,79,79,93,97,76,67,14,50,70,51,77,96,81,90,24,79,45,96,88,88,22,2,10,95,41,49,37,90,87,24,75,80,2,46,14,74,85,85,42,40,52,33,51,23,65,2,13,14,66,85,80,94,88,34,71,52,40,57,8,96,42,70,82,58,33,47,67,71
19,29,25,73,64,75,7,58,19,39,62,16,65,68,99,50,47,70,2,13,17,31,91,47,40,39,16,63,17,83,36,81,58,85,0,35,51,13,50,32,73,87,18,4,7,41,18,57,36,90,52,65,19,60,30,61,44,100,98,23,15,41,65,61,31,4,78,58,98,63,8,60,28,97,93,58,89,46,72,50,92,32,5,60,100,65,74,42,43,2,34,43,100,97,47,15,35,10,47,31
9,94,56,27,33,48,59,76,56,99,43,88,79,11,27,3,29,51,24,32,12,85,80,46,5,6,29,59,36,38,95,35,62,75,50,58,34,47,67,93,0,67,26,93,9,79,57,26,74,18,88,60,69,9,81,100,52,90,57,6,56,46,27,49,7,90,46,77,0,18,77,76,15,18,1,65,95,31,51,76,19,91,89,63,37,69,30,94,96,71,2,26,7,57,65,22,86,77,75,76
52,39,95,8,21,68,97,82,65,98,71,42,59,42,26,3,38,70,82,25,52,16,43,21,89,14,71,35,22,83,82,54,19,60,13,33,95,17,56,54,79,82,60,88,47,78,59,41,65,1,2,37,61,36,66,6,86,77,88,16,83,35,37,28,42,36,95,81,32,54,96,97,52,33,26,57,85,37,53,84,87,91,44,25,59,8,93,48,62,4,87,7,74,87,89,33,66,23,95,18
60,71,32,84,30,51,14,31,84,3,33,26,81,89,92,98,0,91,52,86,61,63,90,55,60,97,66,79,21,4,87,89,29,53,77,31,86,9,66,52,72,9,66,76,48,76,52,51,81,44,76,75,88,97,38,90,42,75,30,89,16,87,20,42,40,6,6,1,46,60,49,90,83,39,34,93,15,92,20,69,24,92,23,50,4,39,76,62,17,36,46,61,14,90,11,39,93,32,14,27
15,95,88,53,97,56,81,59,49,82,75,13,3,77,37,50,20,34,47,23,3,71,49,43,9,17,82,32,72,4,9,54,96,54,72,53,97,84,41,97,72,51,24,8,89,11,4,91,29,25,98,99,60,94,52,25,56,9,43,69,51,78,90,2,89,22,81,46,73,70,65,95,96,41,35,52,4,41,21,18,93,95,97,87,16,26,68,87,94,18,46,44,80,14,55,37,75,24,54,14
59,47,4,64,23,62,92,30,63,75,64,73,23,50,29,70,14,88,53,76,42,14,60,19,63,80,51,60,27,82,97,64,46,98,29,68,90,6,61,44,38,90,50,54,53,93,14,42,75,88,58,84,72,9,62,99,87,33,60,58,32,77,36,3,22,25,51,22,99,78,100,48,72,5,54,3,99,71,92,2,9,65,13,2,95,20,43,83,11,50,98,71,57,70,46,71,79,88,48,81
35,77,57,71,2,74,35,30,18,80,70,35,52,98,27,39,14,76,30,52,100,87,67,73,3,2,97,10,9,74,14,42,45,12,80,81,29,64,36,91,82,9,63,43,82,64,36,18,12,53,23,44,16,18,98,56,58,83,68,5,98,29,10,28,33,65,96,10,86,14,8,17,89,19,1,94,67,36,86,80,65,71,96,93,62,12,95,88,68,58,78,58,96,51,33,54,6,22,73,15
86,92,36,40,99,19,19,99,26,9,18,48,94,79,19,72,63,23,49,79,18,34,54,39,52,55,22,83,76,95,84,38,3,79,28,51,83,84,24,4,23,9,87,14,94,15,73,37,88,32,44,49,93,65,5,26,90,43,85,50,50,18,90,30,89,66,53,63,28,12,1,64,7,19,82,66,88,16,66,94,72,49,78,13,94,37,36,93,4,62,74,7,25,30,21,91,42,100,44,69
76,66,83,3,52,68,26,37,2,100,96,68,34,92,61,39,32,70,56,19,86,30,68,40,39,80,6,91,91,58,90,13,19,56,7,10,6,85,8,16,73,61,64,7,75,5,83,54,78,66,89,59,81,65,0,21,10,6,81,64,50,39,63,60,24,85,68,54,81,84,57,76,36,8,77,7,60,73,46,82,26,71,63,100,23,60,55,21,66,94,31,58,66,35,52,0,7,5,80,49
30,4,22,62,31,84,5,94,11,53,81,34,83,0,6,14,52,27,34,9,90,1,59,62,72,95,62,91,61,26,10,67,48,72,69,23,48,53,61,13,98,14,80,57,71,75,8,80,39,93,44,8,72,74,36,51,22,44,42,95,62,97,73,90,44,43,50,51,67,68,59,4,44,24,62,5,12,9,24,13,19,0,84,100,11,35,69,16,37,42,78,71,85,36,46,48,95,75,21,70
81,37,71,6,14,34,12,82,22,9,90,0,62,9,68,81,21,74,11,51,48,1,81,69,92,38,42,76,38,50,80,100,25,46,36,76,32,57,69,76,93,93,33,10,49,71,53,19,60,48,48,21,18,59,42,56,66,41,13,99,15,0,70,27,71,62,58,81,66,32,73,99,43,51,94,40,15,60,50,63,32,42,79,100,51,30,94,28,14,23,21,90,74,64,2,60,95,30,77,34
17,79,16,70,98,72,74,73,12,92,29,27,76,91,87,77,10,92,11,41,63,61,90,67,36,98,2,48,13,7,59,35,84,99,94,19,39,56,37,20,70,55,69,62,17,84,20,30,34,74,45,50,70,83,50,84,92,84,67,84,31,3,3,0,97,89,66,2,45,19,89,87,62,33,68,9,49,98,0,43,99,83,14,5,41,74,48,78,39,63,75,35,64,25,93,14,14,67,59,95
54,64,67,98,33,30,78,55,10,38,59,37,6,88,81,23,21,32,50,23,92,54,66,22,98,57,57,56,93,58,11,23,60,36,92,47,32,42,93,43,7,92,58,34,92,17,18,39,50,44,45,28,53,27,100,37,83,19,94,84,62,82,14,32,87,62,38,16,54,81,8,5,14,97,33,48,30,61,1,12,67,39,43,44,93,24,71,93,51,46,25,49,59,22,65,77,7,53,13,49
9,72,55,64,28,53,25,54,77,10,34,7,74,73,14,88,65,89,76,31,80,43,36,62,52,62,25,11,70,86,72,88,91,26,86,91,56,12,90,85,57,36,64,89,23,17,6,28,51,23,79,79,31,45,89,39,43,3,74,21,68,34,43,73,14,76,76,99,68,39,84,54,44,72,28,26,40,1,52,30,31,88,89,65,53,59,12,13,89,10,42,6,79,84,14,5,13,34,58,17
52,47,98,85,85,34,36,65,59,4,56,57,85,18,48,74,12,60,93,78,7,91,63,13,71,68,45,21,9,75,63,75,69,71,41,22,87,19,59,13,80,24,93,39,58,98,55,54,52,17,97,81,51,64,74,28,24,21,54,88,0,89,3,69,41,85,2,58,16,79,52,66,13,37,4,74,0,8,35,51,89,28,32,37,4,93,61,55,42,10,42,44,29,30,49,34,48,38,65,76
22,88,100,97,32,30,84,87,55,57,11,90,67,38,12,78,19,16,76,6,99,76,30,26,37,57,53,1,10,16,90,38,29,86,36,30,29,19,52,37,46,66,74,24,73,74,24,72,91,53,23,77,52,64,96,81,32,3,55,57,42,41,0,37,1,11,96,38,31,46,21,54,83,34,8,31,11,39,32,60,7,9,79,38,44,47,69,8,77,94,16,77,79,12,19,44,49,71,89,58
47,30,91,40,12,71,54,78,100,31,98,95,47,78,82,78,84,51,25,4,78,78,48,48,46,92,22,63,85,41,39,60,96,20,92,66,78,19,17,89,63,79,70,2,57,88,91,77,49,38,83,68,7,61,62,68,75,28,94,98,34,99,43,49,55,86,8,96,55,9,64,52,60,91,34,21,49,31,5,3,31,74,59,69,1,39,70,46,3,44,55,50,48,60,10,99,9,33,28,64
50,16,24,50,94,24,98,25,88,94,86,70,76,32,16,60,26,40,56,19,64,96,10,10,1,100,96,84,88,82,15,19,33,8,89,28,15,86,61,82,98,12,15,64,1,9,1,65,33,97,42,16,37,63,77,7,38,54,75,84,38,15,21,39,69,50,10,90,5,58,85,80,18,68,57,87,9,60,48,76,78,95,89,91,57,15,51,91,17,67,34,44,68,12,21,79,49,54,52,5
65,33,56,15,73,41,32,7,94,69,50,28,7,51,31,54,67,81,14,23,7,11,80,2,30,6,12,82,77,1,60,99,78,4,100,86,82,77,91,53,22,1,74,34,2,96,18,16,32,15,79,32,2,85,5,44,91,19,8,31,76,66,96,96,83,26,43,24,83,85,0,46,53,50,82,25,40,86,28,76,25,3,36,23,50,65,43,54,1,96,17,5,24,72,90,96,55,56,78,61
100,52,15,40,90,9,93,87,12,97,3,87,30,55,2,7,40,18,76,22,19,70,80,64,94,78,77,51,59,6,20,8,100,43,24,51,22,54,71,30,93,47,25,69,93,82,29,24,95,36,26,25,65,69,77,8,87,57,17,14,36,73,43,66,70,11,63,5,45,91,84,2,13,23,29,98,53,7,61,26,82,33,19,60,22,1,9,32,12,28,21,38,33,13,25,73,44,96,23,74
73,2,80,3,62,51,69,35,27,22,96,86,11,13,64,30,61,58,55,20,15,87,7,63,100,28,57,82,10,54,42,75,57,0,93,96,19,31,8,40,79,14,16,77,23,93,97,7,50,18,7,90,30,27,62,61,68,74,8,50,57,74,87,1,14,10,91,21,5,29,73,17,27,76,95,91,7,28,5,88,78,28,5,58,98,30,19,93,70,94,81,8,2,69,55,65,73,1,36,9
31,66,75,8,64,62,3,55,6,18,26,20,70,49,76,0,45,79,16,7,72,28,1,72,60,66,48,87,37,100,58,12,83,3,56,11,7,57,43,29,9,99,59,1,58,10,16,70,83,30,83,93,52,67,31,9,24,82,33,40,83,57,21,48,3,83,74,50,16,11,51,22,7,47,21,19,66,78,50,7,30,82,6,41,34,54,70,89,90,50,27,56,9,46,39,16,76,96,21,21
35,67,43,47,33,56,71,38,49,31,66,18,18,82,41,46,7,78,76,29,34,53,76,18,7,3,19,12,87,19,36,11,88,9,2,43,82,1,53,11,92,8,37,54,41,87,48,85,95,63,41,65,93,90,17,33,85,70,49,0,87,86,23,89,26,20,53,49,10,40,15,45,58,50,16,47,67,0,86,89,12,20,53,86,56,56,12,20,87,8,66,38,79,57,91,47,84,65,39,79
85,18,36,83,55,17,75,60,57,92,5,11,58,93,66,32,41,65,68,92,15,70,28,17,11,19,49,5,0,98,42,50,30,40,10,43,90,43,41,78,2,31,73,92,94,51,39,97,52,90,98,83,42,94,73,17,52,34,21,43,49,91,92,46,77,74,81,12,99,35,5,42,16,59,19,18,65,84,37,99,29,38,1,1,16,9,77,45,30,64,40,65,71,30,53,34,78,36,87,1
72,5,49,1,73,12,16,0,21,58,42,34,89,29,100,58,4,69,65,34,79,4,41,76,49,86,96,84,47,10,5,32,73,4,4,59,0,93,73,41,23,91,94,25,84,12,84,37,44,40,81,94,54,3,59,69,67,9,68,93,42,68,26,44,20,78,45,23,64,60,63,23,46,19,35,77,22,50,42,41,75,79,17,100,76,44,14,95,23,93,3,65,64,21,57,60,67,25,7,71
86,86,80,72,11,34,70,27,25,68,74,79,22,78,71,90,79,42,43,91,25,55,30,29,46,91,29,4,21,83,52,65,84,55,96,75,26,84,17,46,46,1,36,74,26,78,88,88,36,60,31,3,71,53,60,98,57,22,5,75,81,39,84,25,90,51,66,56,23,52,66,87,18,76,2,76,76,54,59,17,53,91,60,34,69,52,99,7,43,100,6,78,13,39,63,19,81,67,12,36
14,36,36,17,61,47,37,74,55,82,80,73,8,16,52,14,11,49,10,43,92,47,86,3,2,63,53,35,69,26,69,62,10,3,40,79,3,67,84,73,26,84,26,56,76,79,6,93,73,75,91,40,17,31,1,57,100,44,34,71,12,99,39,6,83,75,4,75,19,26,76,77,60,84,83,62,58,50,7,82,59,99,43,20,23,20,76,47,89,92,87,1,61,0,73,18,1,7,86,66
95,92,45,39,74,6,72,91,57,39,49,70,52,47,96,85,87,42,93,44,78,92,98,19,92,14,1,41,99,38,97,73,6,89,42,53,98,7,19,78,55,52,70,76,72,36,52,82,21,100,70,81,84,1,30,67,71,19,64,82,27,30,45,43,67,51,53,36,26,58,1,54,76,33,18,43,74,67,28,85,38,48,52,71,15,68,47,24,15,45,88,92,78,43,53,55,13,38,51,33
88,58,0,94,56,58,29,57,46,48,17,38,46,82,98,65,37,64,70,81,42,46,63,8,68,14,90,13,62,5,90,10,3,43,69,26,8,28,46,94,87,53,91,79,66,47,100,72,19,38,27,51,27,32,95,70,61,24,41,62,73,17,100,70,86,7,25,23,44,94,20,32,50,58,8,35,63,8,67,22,74,74,91,9,86,50,55,57,83,61,47,88,90,27,73,74,84,17,92,68
27,62,44,84,71,69,62,47,31,4,81,19,14,42,3,57,31,49,85,88,24,69,32,80,67,10,93,18,2,44,33,77,24,57,7,30,6,2,78,96,87,87,77,48,95,0,9,29,38,91,72,93,50,65,18,53,93,3,51,100,53,37,74,65,63,64,2,76,69,49,49,52,42,5,82,42,87,83,35,84,1,29,39,7,65,68,56,85,13,18,39,45,65,70,11,91,29,94,28,38
53,47,5,73,65,23,74,11,10,15,78,14,56,11,36,33,49,75,96,84,49,31,98,19,57,2,32,18,51,99,19,25,72,53,4,42,67,36,38,29,15,93,19,38,7,53,92,11,60,14,46,43,54,94,5,3,79,10,93,0,82,85,99,79,47,92,9,95,90,91,10,76,62,8,99,71,14,55,59,12,35,91,35,53,98,54,13,7,16,41,14,84,51,45,30,45,4,71,8,45
1,35,74,69,53,67,99,60,53,52,28,57,20,67,22,6,30,36,59,7,18,11,63,80,44,18,35,50,7,27,63,26,69,67,35,27,71,4,88,87,86,99,1,34,65,25,30,22,72,98,74,56,57,64,9,6,0,65,68,29,20,93,75,28,66,17,35,83,91,93,93,17,85,69,47,75,16,22,24,11,99,78,85,48,70,61,42,55,43,18,94,95,96,44,82,72,0,10,92,83
97,90,65,45,25,44,53,85,0,1,11,74,33,82,43,17,7,24,4,74,62,47,66,26,5,8,8,83,71,52,90,58,72,11,70,81,34,58,100,77,11,24,17,57,91,28,83,2,32,81,40,40,14,66,67,9,68,83,39,60,1,81,97,75,10,33,95,88,36,19,67,80,92,83,47,18,56,26,45,26,10,86,30,76,85,30,53,18,63,100,69,4,10,99,51,55,66,99,64,94
75,91,16,61,10,75,52,95,13,62,72,67,79,1,68,61,64,23,54,75,96,38,57,19,67,14,52,10,15,6,14,68,23,70,25,58,39,55,30,5,26,61,48,11,40,10,56,44,50,80,73,29,41,91,73,41,15,24,58,68,95,51,83,96,83,33,8,83,83,98,22,17,10,18,62,55,23,3,35,76,7,15,47,79,52,53,72,87,67,29,78,68,100,70,21,69,89,17,61,1
61,68,13,14,97,32,66,8,10,79,62,8,27,85,47,59,68,60,93,76,1,14,79,92,69,74,74,74,3,13,37,91,70,46,93,74,86,92,78,73,38,9,66,57,11,46,53,15,79,61,73,16,32,49,80,38,38,66,0,64,16,16,47,28,96,97,9,26,26,99,53,92,83,47,12,2,33,96,70,55,45,69,88,78,51,27,99,76,61,59,55,44,27,38,35,16,94,19,53,77
16,77,14,47,21,73,100,86,85,34,69,73,14,83,44,63,56,25,29,39,73,48,35,81,31,57,17,94,26,3,46,59,80,48,58,27,30,64,11,78,49,46,91,97,54,76,62,33,70,42,12,57,98,87,89,46,29,100,43,63,66,37,25,44,99,47,52,12,37,30,85,24,97,48,41,86,50,49,3,2,57,73,28,93,1,58,93,31,42,61,95,57,42,14,70,65,34,5,97,51
56,25,37,39,94,69,26,59,87,10,66,1,49,26,57,100,89,27,25,97,55,40,22,22,70,53,61,63,78,90,74,56,84,99,43,4,51,69,88,80,99,56,98,38,31,84,88,45,72,79,63,99,92,86,16,82,37,25,59,12,98,97,47,7,39,38,96,46,10,74,11,94,27,39,37,26,35,41,80,54,0,97,36,87,67,32,6,86,96,20,76,47,72,56,84,77,19,66,75,24
42,58,96,57,34,90,18,57,100,85,55,55,54,25,9,70,14,94,68,85,90,72,7,12,18,31,8,17,0,5,27,39,75,16,92,32,61,15,78,97,47,0,83,100,46,56,7,13,72,18,23,61,29,61,20,75,98,72,57,92,33,17,92,35,93,32,83,22,97,92,11,4,43,66,34,44,91,26,98,3,5,28,25,65,53,6,86,33,38,69,0,15,15,16,25,38,40,61,84,41
28,72,55,35,23,32,81,77,36,1,60,32,89,26,16,42,88,62,92,24,45,65,4,60,13,87,34,93,41,67,68,4,59,1,42,46,71,65,12,32,88,60,98,41,15,81,64,35,73,76,10,15,91,7,47,31,90,53,100,42,39,91,72,10,85,37,100,55,38,13,69,5,41,86,1,18,12,38,34,32,69,80,96,57,84,91,81,49,33,90,13,90,41,90,24,38,13,17,37,50
78,89,40,66,60,42,81,58,11,81,34,57,3,80,61,42,57,11,44,95,23,79,92,99,79,65,44,26,40,50,31,83,98,3,12,64,31,34,35,54,50,60,38,50,80,87,37,6,93,18,1,22,67,88,92,26,80,15,11,34,98,37,22,78,74,9,63,38,72,22,58,72,63,3,33,92,38,70,74,23,34,90,23,93,3,37,79,54,47,57,63,3,4,18,38,3,49,60,50,84
100,18,78,12,4,13,96,2,9,8,40,97,42,19,4,38,8,64,60,93,8,68,77,88,43,42,21,70,38,92,3,76,62,9,27,71,64,80,92,54,77,54,6,0,73,54,10,61,16,29,73,92,77,31,82,35,36,80,78,93,38,22,62,24,28,60,77,12,64,28,6,19,37,71,78,83,25,32,95,34,49,6,47,11,65,42,40,97,78,93,19,76,40,82,93,52,90,16,53,18
79,79,77,62,75,52,62,59,13,51,74,66,47,44,64,24,9,40,69,49,85,93,81,23,68,6,30,48,91,80,51,37,31,85,51,40,99,88,72,25,35,78,51,75,13,85,83,95,62,12,0,83,1,29,33,27,77,0,42,15,0,39,3,53,17,29,84,93,12,36,72,1,15,27,74,52,27,69,76,58,34,30,42,23,87,18,100,29,69,11,51,83,68,11,37,48,90,28,69,48
66,85,98,19,89,43,30,45,60,84,65,47,21,62,4,19,90,100,73,39,83,5,0,2,41,76,48,99,28,49,38,22,73,35,25,27,0,22,38,98,27,60,43,4,18,69,12,13,20,70,99,0,69,14,68,39,49,3,70,24,40,89,16,48,21,8,18,97,52,2,75,50,61,45,33,55,38,56,96,22,9,98,85,14,79,9,76,78,96,30,7,8,34,3,49,21,79,82,18,63
92,24,73,3,56,84,65,5,56,43,4,7,51,65,92,36,44,73,20,59,15,43,77,47,76,57,95,50,2,86,69,58,71,14,2,55,50,12,56,56,44,19,83,95,83,82,92,28,88,32,83,55,69,37,80,56,26,69,33,87,92,54,79,98,39,71,14,38,76,23,83,27,83,73,93,37,46,95,84,69,19,52,81,13,10,92,83,94,59,7,30,34,55,75,100,88,52,5,31,14
88,70,44,4,26,11,47,88,51,94,72,78,93,94,76,6,79,16,23,20,37,14,42,46,71,72,26,1,24,12,26,10,58,85,11,18,9,62,64,89,46,76,69,82,85,71,69,8,71,14,78,1,12,11,17,43,69,59,49,96,84,7,3,19,93,87,28,16,86,50,76,75,81,57,64,46,10,41,91,88,39,13,99,2,71,33,31,37,37,54,62,19,86,86,5,26,1,11,98,57
45,89,84,57,60,25,48,58,70,44,97,21,37,0,76,90,15,58,53,56,9,78,6,20,66,10,68,41,70,58,96,21,93,6,49,83,32,20,39,84,19,70,8,23,69,92,0,4,3,80,72,73,38,23,21,5,27,66,74,90,15,38,91,97,35,35,46,7,11,32,73,7,71,62,21,25,39,100,11,67,5,4,68,89,27,68,28,14,10,29,50,46,63,67,10,16,1,54,83,100
99,53,99,96,37,1,47,9,69,90,90,100,46,17,73,90,88,76,36,34,1,9,52,100,16,93,57,11,94,63,45,41,29,91,87,33,84,72,20,61,54,61,65,51,73,40,26,88,89,60,88,98,86,91,32,86,89,51,79,17,24,98,91,76,44,97,74,43,69,70,21,89,40,89,58,92,38,81,15,19,83,44,56,39,100,80,96,5,44,40,71,48,28,43,34,68,22,80,61,0
82,15,76,2,52,46,29,77,53,81,86,94,29,8,29,35,47,37,85,68,1,11,62,68,100,55,43,91,67,18,98,81,10,53,44,52,72,67,59,69,21,81,40,75,44,3,20,76,73,7,0,16,94,78,70,10,99,52,65,14,98,85,43,76,71,57,10,81,72,92,95,64,26,54,61,90,26,16,70,69,29,84,6,73,88,72,90,63,12,32,38,5,10,84,99,40,18,67,73,84
62,67,15,43,40,31,97,23,35,70,49,84,80,15,71,7,13,80,83,26,64,59,81,84,2,40,65,63,81,21,54,25,22,45,76,33,16,53,40,54,60,16,85,41,24,83,29,18,44,83,75,46,10,54,79,45,16,47,69,35,41,65,55,20,12,76,79,43,95,75,21,15,35,12,48,42,64,86,90,91,84,3,74,86,80,13,56,89,46,85,21,64,0,99,3,90,32,23,18,0
63,6,38,54,5,76,33,46,19,85,72,68,33,34,45,95,64,99,64,3,91,11,26,51,9,72,72,80,92,69,12,69,20,76,17,14,21,36,54,4,82,20,37,92,19,59,69,98,68,32,46,30,97,52,6,51,39,12,68,62,1,61,36,59,57,57,68,40,48,86,9,45,0,98,76,65,3,85,79,95,41,70,77,69,71,94,90,50,43,49,61,100,33,19,22,64,0,81,25,40
6,51,7,30,39,90,35,68,38,31,64,67,38,44,7,31,17,93,30,75,79,70,68,93,35,71,5,58,12,96,48,53,54,54,90,44,83,63,90,87,100,43,79,36,28,1,80,41,15,12,81,52,76,32,88,22,13,6,24,15,40,80,27,13,94,35,91,39,33,6,72,23,83,0,4,66,9,26,78,11,87,38,41,92,18,1,40,12,96,46,27,42,92,32,73,59,0,13,37,57
27,96,66,33,37,78,81,6,29,57,31,43,88,29,22,30,15,32,57,29,70,58,26,66,57,54,85,30,8,36,0,5,45,96,99,77,62,9,76,38,15,54,82,50,70,53,27,62,53,55,63,79,99,89,61,14,38,81,28,2,47,8,8,57,92,65,82,39,13,48,14,88,0,70,81,33,36,64,9,20,76,37,32,86,95,87,0,14,42,33,1,81,67,95,5,84,56,38,32,31
95,46,28,8,56,89,1,81,33,61,13,27,15,4,1,4,87,100,47,100,77,35,63,81,68,73,28,2,7,46,64,36,95,47,63,45,61,34,29,60,91,82,45,86,77,82,34,67,47,59,92,62,85,21,30,97,55,22,97,89,93,54,68,29,77,99,37,92,92,37,67,33,35,61,53,44,82,33,79,24,7,23,40,86,57,68,9,54,71,54,7,71,15,33,82,12,97,33,53,52
50,78,28,7,73,12,10,78,56,71,83,37,48,35,1,54,16,31,24,66,14,22,71,12,88,18,19,67,13,1,84,88,6,95,65,29,79,21,100,26,98,52,69,59,73,56,28,69,43,58,80,71,16,52,94,48,34,11,81,22,47,50,15,55,26,77,82,95,0,19,17,49,28,57,29,70,100,34,9,95,56,20,39,1,23,17,41,18,32,63,78,11,72,47,14,83,34,23,79,62
46,95,66,21,88,66,17,96,57,63,76,36,85,34,69,89,88,68,35,5,4,28,6,73,45,18,54,34,21,20,51,51,18,13,99,25,33,50,67,26,100,16,85,93,56,23,41,38,78,12,98,29,88,47,83,22,87,82,11,55,5,21,65,83,17,41,7,25,92,43,46,91,37,99,86,60,10,39,49,43,41,9,13,12,87,29,94,2,45,35,96,48,76,54,57,54,30,16,60,26
9,84,26,24,84,45,88,80,20,79,49,44,24,15,61,48,30,71,30,56,52,24,42,91,72,84,57,81,32,77,21,60,20,74,54,86,22,83,95,24,100,86,78,66,28,42,63,28,84,29,30,40,68,11,61,12,91,96,71,13,99,17,72,32,91,19,76,16,66,15,58,40,28,4,37,61,91,2,9,74,5,13,88,97,51,45,83,36,63,23,91,43,35,15,59,64,57,17,49,40
15,16,47,16,82,81,53,65,84,86,84,47,39,12,78,84,38,2,24,20,6,48,50,76,68,35,16,44,30,67,30,78,74,83,97,8,1,15,21,86,98,94,22,91,10,52,80,33,35,43,2,30,63,70,84,78,63,81,52,11,64,58,4,76,73,25,100,18,90,98,62,7,17,5,41,81,59,4,54,31,64,45,4,33,38,60,73,9,38,40,59,48,94,16,45,35,71,31,72,18
74,18,39,49,29,32,93,29,56,55,85,30,12,80,8,50,79,61,76,70,81,40,45,75,14,25,70,30,9,18,41,93,85,29,97,53,40,35,91,60,88,14,51,28,88,31,49,12,44,44,92,68,12,4,33,33,68,31,53,23,11,77,30,39,28,14,89,19,77,78,99,52,56,2,51,6,70,32,73,4,83,18,61,46,25,65,23,36,5,11,83,60,40,80,6,37,21,7,97,40
45,44,5,26,10,4,76,18,58,36,56,2,12,72,96,68,84,84,99,91,37,60,44,53,82,99,7,69,13,30,49,67,15,64,10,82,91,60,31,9,58,84,93,45,6,89,31,91,82,81,99,3,3,18,49,83,57,36,61,81,32,50,91,10,68,33,64,79,54,41,45,55,80,90,83,25,30,0,43,17,48,39,19,35,67,16,87,22,55,41,59,89,78,79,45,2,10,67,18,69
36,51,91,17,61,93,67,82,83,53,67,66,7,64,55,11,40,100,64,20,87,42,53,49,15,89,30,75,47,27,34,69,95,43,62,50,93,2,3,95,3,65,45,30,33,80,88,88,91,9,4,13,98,13,84,5,18,99,57,73,19,2,75,58,52,85,28,64,9,57,46,86,98,9,15,73,68,18,94,25,45,47,48,8,66,30,61,12,10,56,76,26,21,43,11,80,6,92,23,82
93,34,32,53,90,30,97,84,19,99,2,55,42,89,57,16,68,56,27,18,38,31,79,84,61,85,63,54,81,13,38,100,61,77,9,60,49,31,7,94,2,54,4,80,12,36,79,11,70,9,75,36,83,67,51,100,30,27,58,81,55,96,69,86,57,67,24,44,20,82,6,20,48,24,97,93,48,56,8,99,4,25,32,12,9,32,5,38,71,12,66,2,75,32,1,42,91,48,61,35
93,95,72,42,3,12,3,71,80,3,1,41,99,45,41,0,96,46,98,14,83,53,29,46,51,92,90,87,75,62,93,90,99,28,44,25,44,67,64,40,34,34,58,66,87,34,93,36,64,20,99,34,49,61,69,0,26,54,57,50,46,35,93,20,27,72,96,54,56,37,16,64,88,31,81,19,83,45,72,76,36,96,43,90,45,29,77,41,94,69,20,52,65,17,20,70,56,71,15,6