79,83,3,30,99,56,39,50,45,82,70,7,12,95,6,20,75,54,57,92,2,92,43,22,91,34,8,90,19,16,91,82,8,7,63,24,87,28,19,42,71,97,70,68,67,75,66,48,86,37,13,50,11,16,73,67,58,41,77,56,5,48,82,16,58,83,64,73,4,2,37,87,37,97,63,73,12,84,88,52,78,89,11,40,60,39,44,35,59,4,55,36,16,27,94,58,22,29,8,76
99,11,47,60,19,69,49,36,51,34,16,28,19,11,22,49,68,69,12,46,75,77,59,75,9,80,11,37,87,66,58,67,63,42,90,49,79,81,41,52,76,11,73,3,100,99,97,12,67,5,37,5,39,51,100,91,48,23,18,26,100,11,32,81,54,22,69,45,69,82,58,60,34,59,96,26,17,35,13,25,53,96,81,28,22,90,77,26,23,2,75,17,21,25,60,15,77,45,6,40
0,90,58,3,83,57,99,30,65,67,40,83,79,65,50,6,91,32,31,47,61,93,5,84,53,7,61,98,51,4,20,29,73,30,99,33,4,0,50,100,66,20,86,15,19,29,2,16,46,13,47,11,20,38,86,33,5,36,37,51,22,5,28,73,87,53,57,0,64,80,55,13,70,79,73,51,43,44,53,59,44,94,61,42,84,69,60,21,53,88,90,74,86,72,74,97,1,8,13,42
10,10,36,53,87,43,66,86,34,89,4,44,95,64,61,95,2,58,10,39,22,21,77,84,94,54,6,97,34,100,34,92,71,67,8,25,34,29,39,95,46,52,55,87,23,49,23,81,51,62,33,7,9,32,40,71,91,68,5,41,12,87,41,75,12,95,60,16,87,100,85,75,2,97,58,29,77,49,92,55,26,53,3,75,84,69,23,84,27,5,1,40,11,60,10,11,0,48,65,91
52,36,6,21,36,9,71,82,63,35,32,35,79,26,77,73,11,93,60,97,0,74,40,13,2,90,12,58,34,47,48,40,42,27,70,47,23,78,26,86,49,90,66,98,5,83,40,11,70,99,15,25,90,90,80,25,44,13,60,50,77,21,40,44,56,72,86,17,25,8,97,65,57,26,87,11,59,57,4,0,44,27,25,38,41,57,35,12,73,72,79,23,57,75,35,84,8,80,42,84
48,90,38,28,4,53,85,9,71,64,80,44,25,18,55,82,54,4,3,56,99,27,26,80,83,28,18,48,98,1,20,34,9,42,93,51,6,46,75,62,23,60,98,2,43,81,37,71,88,94,82,82,63,82,74,6,2,82,64,99,43,5,91,4,89,68,98,10,99,94,1,7,79,80,34,42,29,93,82,46,71,8,6,23,65,19,80,55,20,68,74,6,73,88,60,15,71,10,4,93
5,64,89,26,82,27,3,89,92,72,29,6,5,61,76,15,76,20,15,32,62,44,56,77,98,68,57,61,88,90,89,14,43,100,4,93,10,13,96,79,36,28,20,2,41,100,6,1,100,33,50,13,30,17,12,71,15,58,68,9,56,30,63,9,78,79,30,41,100,54,50,19,95,45,62,31,13,69,50,43,2,64,59,82,100,39,62,95,26,24,2,7,98,24,11,8,44,70,4,31
86,8,79,99,73,1,66,58,62,66,10,85,92,28,69,13,82,87,23,21,11,82,10,18,99,67,19,75,0,44,37,12,28,98,47,72,83,77,92,20,98,91,68,46,3,35,13,68,16,27,60,76,69,25,42,69,88,100,48,79,62,55,60,91,25,92,100,88,4,9,36,67,89,70,49,92,79,5,38,31,7,39,59,26,79,47,15,1,21,100,43,63,7,12,58,69,99,61,9,10
80,10,100,52,25,7,71,20,11,70,26,3,12,43,29,71,42,32,36,93,32,74,55,34,45,39,20,58,74,46,56,51,14,78,17,63,38,89,71,61,78,42,7,77,57,26,72,1,68,89,7,14,33,80,85,22,24,20,15,30,69,47,31,4,10,48,30,61,83,50,71,48,80,12,72,73,55,15,19,97,52,75,76,60,10,81,76,9,67,8,68,61,21,49,8,72,57,88,44,83
55,67,96,25,72,38,17,39,7,56,38,36,0,75,6,9,22,28,85,16,5,75,94,6,49,1,71,39,52,51,23,60,29,88,8,54,5,73,14,19,42,79,16,99,90,53,80,11,67,56,72,88,61,78,70,73,34,10,50,16,36,54,26,35,45,55,86,23,13,27,39,70,36,50,88,67,25,42,43,13,66,28,1,62,48,6,95,10,24,38,57,5,46,29,47,1,79,56,11,36
64,92,8,46,40,83,44,64,56,0,7,3,97,79,96,90,96,94,10,59,78,86,81,86,55,57,35,28,92,40,30,38,8,39,31,2,80,72,70,99,45,33,19,59,70,44,54,71,57,39,13,99,87,64,21,76,4,7,50,76,1,96,33,28,76,59,8,90,63,16,18,81,10,20,11,80,98,91,41,5,48,0,87,85,22,15,67,28,98,78,14,55,96,32,68,80,2,98,98,78
68,74,67,53,30,61,98,57,1,51,89,3,76,49,39,34,88,19,87,93,61,18,32,26,93,33,63,7,19,77,29,57,5,46,20,7,23,2,32,66,67,41,17,82,8,36,11,82,15,9,81,82,42,92,30,48,35,7,85,65,41,14,40,0,95,34,11,87,87,96,23,62,6,84,38,4,5,10,100,78,80,87,94,53,4,98,47,19,61,15,24,8,2,77,29,43,61,52,75,17
77,61,54,99,20,77,44,52,24,42,18,32,45,31,60,41,62,25,39,25,56,9,1,53,89,91,8,43,98,70,34,76,1,81,8,45,62,35,10,67,54,98,84,17,61,91,0,79,92,45,40,80,97,35,45,35,50,36,47,21,90,77,28,21,44,92,95,83,69,11,42,34,90,47,29,57,6,10,56,86,99,46,93,86,40,58,79,78,69,80,62,93,12,83,61,65,43,94,13,50
93,77,54,65,76,48,94,19,43,30,33,28,62,12,73,3,1,63,1,100,38,19,15,48,53,15,94,2,42,49,92,48,92,94,10,55,87,46,95,70,21,59,66,81,28,95,9,98,83,40,15,20,88,31,51,4,73,48,77,42,49,21,56,30,32,10,80,58,63,68,11,58,33,66,48,19,58,68,33,41,98,59,40,56,51,32,91,89,49,81,40,85,45,75,52,73,100,83,63,44
32,16,84,51,82,9,59,79,44,12,10,71,4,80,86,37,0,57,9,54,29,82,68,6,100,58,22,0,40,73,20,77,32,81,64,8,88,75,81,16,9,9,41,31,82,63,78,65,32,10,82,99,56,59,91,79,62,76,12,5,45,21,10,67,75,60,31,10,36,25,82,13,59,46,95,95,61,3,80,7,51,79,72,62,5,8,83,40,100,68,30,0,44,40,44,49,50,40,62,86
8,0,82,7,78,44,57,49,7,24,2,5,34,52,93,20,92,100,51,97,0,81,3,11,60,24,93,41,53,22,25,62,85,92,75,71,8,65,35,70,55,66,76,21,52,66,5,57,98,24,11,89,29,93,92,11,5,29,54,44,34,21,51,25,72,36,69,91,12,80,18,58,2,56,15,18,56,31,11,61,4,14,54,21,43,31,4,99,70,19,60,45,76,66,3,2,50,28,1,69
27,66,30,69,97,44,58,50,73,8,35,66,22,89,86,74,54,23,44,85,58,87,5,70,11,17,51,50,44,54,70,48,97,8,32,95,5,75,96,79,82,45,60,51,63,72,20,97,98,96,54,94,98,28,22,23,70,18,12,100,67,13,65,56,91,68,49,67,52,97,98,95,2,62,45,8,99,35,25,29,30,36,23,59,70,68,17,77,57,45,2,16,3,16,47,7,24,82,37,35
26,76,26,75,64,21,24,46,77,49,40,47,42,7,2,53,78,70,82,0,35,57,92,83,85,68,21,5,29,58,35,87,5,22,81,92,23,42,20,64,83,5,85,4,5,24,27,67,76,55,11,37,95,32,53,43,83,81,94,77,44,24,7,100,57,77,35,82,40,49,10,32,73,46,63,66,70,31,23,98,82,63,99,72,38,36,97,32,41,12,7,100,0,62,31,88,93,38,58,0
30,89,53,100,74,73,10,48,29,17,41,40,36,30,13,74,63,68,6,27,54,77,76,46,84,29,44,1,34,45,53,7,95,9,82,86,71,60,43,49,64,29,16,5,47,66,5,39,88,21,0,1,74,1,11,17,54,39,67,33,56,26,50,4,18,99,17,100,91,36,68,86,83,79,75,53,100,55,52,9,55,71,16,42,92,100,97,51,88,83,54,50,66,0,73,100,71,40,98,59
97,24,16,54,83,45,12,8,48,69,76,77,0,45,93,74,0,15,6,31,80,70,74,52,32,1,50,21,89,15,81,56,96,65,46,74,37,29,7,94,31,61,9,86,66,34,35,13,86,78,1,10,23,28,73,49,23,41,99,20,10,13,21,40,89,72,100,3,84,18,91,67,13,96,31,60,40,68,75,30,100,25,55,5,67,36,55,68,7,53,90,23,37,19,74,84,8,33,73,59
65,48,31,35,26,62,92,94,75,67,10,22,54,25,39,32,98,79,42,77,12,15,16,27,56,32,12,1,77,67,60,13,84,53,32,72,31,24,13,23,1,39,85,45,29,65,37,29,53,18,2,25,15,15,13,80,22,88,66,61,100,36,96,84,86,73,67,20,17,95,32,52,89,18,40,70,13,37,51,65,49,29,47,0,3,99,95,90,62,40,47,15,70,62,74,23,34,77,36,0
75,81,31,51,55,58,76,55,21,20,18,87,3,24,33,7,12,34,5,52,22,17,78,68,73,27,17,62,71,74,45,15,42,49,34,58,97,35,57,45,16,37,99,81,28,33,9,15,86,86,71,34,87,40,34,34,10,93,22,55,28,84,45,4,47,86,66,23,61,16,72,35,93,41,93,85,27,8,36,93,16,15,62,88,86,15,36,46,42,18,67,100,89,58,55,35,67,46,13,12
39,92,51,68,84,90,26,55,51,7,61,65,80,57,44,91,85,6,2,54,61,1,52,17,88,79,80,15,21,21,13,97,88,11,14,27,6,61,50,54,95,15,49,55,58,7,62,51,91,39,20,23,41,68,58,26,33,54,1,55,41,0,89,33,42,17,35,82,76,77,3,24,90,27,40,72,0,62,1,22,17,74,42,86,39,99,80,88,81,32,92,79,67,67,99,74,87,72,77,73
87,12,74,82,27,85,14,6,85,96,48,67,94,46,19,100,23,85,51,79,90,55,13,41,84,85,67,3,98,100,85,69,33,72,25,98,34,47,58,74,58,67,7,76,93,47,73,68,34,32,69,51,27,63,93,68,95,54,18,90,19,4,71,75,77,67,38,44,92,46,68,72,7,9,88,35,26,34,25,68,24,37,90,89,80,27,43,64,80,69,16,46,11,42,86,75,100,14,51,26
40,78,68,66,97,62,83,37,90,43,44,88,15,82,27,49,17,84,19,5,45,10,96,74,36,2,52,19,54,0,10,60,38,66,57,18,45,68,80,14,3,2,89,65,38,48,33,13,67,19,72,10,42,16,87,15,31,57,72,83,32,30,25,13,3,13,5,19,17,10,41,97,21,82,17,22,43,28,56,54,9,52,69,10,89,28,96,52,82,66,48,51,31,27,60,57,33,46,22,79
68,83,19,46,93,87,35,99,51,53,52,40,55,70,90,25,96,36,50,37,26,12,74,31,33,4,42,49,2,46,84,27,82,23,14,18,84,93,16,86,6,11,20,64,66,54,33,44,36,1,32,74,95,93,100,53,47,86,22,58,31,34,41,63,30,59,77,84,27,50,5,23,84,66,95,24,19,83,50,14,89,43,47,49,40,18,100,90,7,12,28,27,18,78,62,79,73,73,92,66
85,96,23,68,11,10,21,48,73,91,52,96,48,42,91,76,36,66,61,15,22,21,6,53,20,56,99,18,13,76,77,39,65,90,92,83,19,68,32,92,18,32,100,32,8,54,0,11,72,55,79,67,43,8,11,33,13,87,0,95,59,59,47,19,51,78,24,24,56,54,39,64,81,46,74,14,2,39,48,15,32,40,81,12,65,44,41,87,43,1,46,77,86,68,52,26,18,6,2,28
27,31,35,66,71,70,43,35,48,99,21,69,90,69,22,91,8,79,37,46,56,16,15,34,43,78,16,14,12,86,95,50,86,10,5,60,88,28,8,88,16,63,87,44,74,63,48,7,29,37,38,73,83,100,38,26,14,3,30,32,85,15,88,64,36,2,81,64,3,33,49,32,50,84,84,92,92,3,2,96,19,82,88,8,81,62,71,52,65,5,76,33,49,45,28,61,76,71,4,100
100,56,26,27,66,27,69,14,78,51,78,15,0,26,44,56,33,98,50,100,4,77,83,41,0,91,48,77,83,37,100,85,27,13,98,52,73,17,24,51,42,56,64,22,15,62,86,96,77,3,36,97,37,41,40,86,11,84,37,20,18,22,35,13,64,90,43,32,91,13,40,69,23,10,75,60,71,76,78,95,83,100,26,15,77,21,74,43,9,94,71,64,34,65,56,52,56,51,95,1
38,13,16,97,19,5,62,95,7,76,66,42,68,61,71,16,95,56,15,5,5,6,81,1,44,37,6,82,85,71,11,65,39,54,60,66,17,54,1,87,89,99,93,37,9,92,90,50,91,31,18,63,53,62,85,42,34,23,7,51,19,69,82,10,4,77,39,75,59,91,85,36,17,90,27,86,53,79,7,90,83,36,53,44,76,3,7,40,55,70,9,100,5,57,9,83,64,52,39,63
2,31,55,2,77,60,87,0,54,14,17,97,33,96,72,0,35,32,15,18,97,49,73,39,89,100,72,80,37,47,35,87,44,3,0,63,70,73,56,34,30,82,52,30,31,28,33,61,51,59,47,27,84,79,93,5,61,20,91,97,52,23,92,92,36,63,62,2,27,69,65,30,45,37,51,65,45,74,3,85,40,43,17,89,42,53,69,9,84,11,68,31,26,47,74,41,80,73,95,84
56,34,23,70,96,32,26,64,57,24,49,17,4,46,46,39,86,89,82,72,65,30,77,93,71,94,63,68,54,99,96,8,35,86,35,75,27,99,53,26,14,80,82,14,65,82,75,73,57,33,57,93,66,66,49,19,97,40,100,36,28,97,82,6,75,22,62,14,9,39,79,20,23,66,61,45,13,33,23,23,58,20,38,62,5,58,86,43,37,42,63,6,44,92,77,79,92,1,14,12
83,38,29,8,61,82,2,42,1,45,6,28,5,68,81,79,63,0,92,65,38,90,22,24,57,2,5,47,90,83,99,2,43,31,10,25,82,2,52,91,59,97,49,12,39,61,20,52,21,47,89,45,53,27,72,94,5,96,93,66,1,95,24,5,71,10,91,75,61,85,55,93,6,76,39,27,46,83,45,17,47,39,86,43,53,58,4,88,56,43,47,66,8,31,97,94,30,10,15,15
87,93,99,78,64,72,42,15,2,54,38,28,10,99,12,70,65,58,12,11,93,61,46,4,37,92,91,32,15,93,56,92,97,4,67,16,70,81,71,45,68,41,59,78,17,14,28,42,67,50,23,61,17,94,55,85,8,66,59,61,63,73,67,47,22,58,81,97,4,23,29,1,88,63,63,13,17,7,10,20,3,69,56,30,13,44,53,62,85,100,84,89,10,9,25,35,8,15,100,24
19,21,100,12,91,87,66,16,7,14,84,40,37,5,28,25,56,5,70,35,47,51,23,78,35,94,53,18,35,22,3,54,36,42,67,75,56,52,47,26,24,69,49,52,78,93,64,96,61,2,91,3,73,74,24,24,10,84,37,46,69,12,13,100,35,58,93,71,15,57,39,86,26,21,1,2,77,54,24,44,6,6,16,76,32,29,51,13,36,34,62,16,74,13,91,56,86,63,13,63
92,21,87,22,22,82,84,83,36,1,15,74,21,66,70,90,9,0,94,86,36,76,91,55,89,16,66,62,21,44,52,89,80,93,92,14,41,88,13,6,45,95,65,55,66,26,38,8,80,48,67,93,5,51,38,1,19,2,1,82,93,88,33,44,60,87,37,75,13,30,73,7,34,13,60,31,10,47,21,29,82,76,85,92,62,57,14,26,18,53,49,83,33,71,97,37,21,93,82,47
29,18,89,19,21,13,32,75,41,9,28,29,42,88,37,2,71,13,87,30,95,61,84,33,50,75,44,24,32,12,92,78,61,0,48,51,33,80,40,72,86,13,49,96,5,56,33,77,1,58,76,14,55,13,22,82,70,50,9,84,47,94,65,41,14,57,98,38,1,24,45,93,60,70,98,32,81,37,21,46,12,37,11,43,51,5,48,92,42,35,22,6,83,43,99,37,93,92,96,2
7,38,26,65,45,0,6,70,17,19,6,74,73,94,1,73,25,12,1,58,70,53,73,67,88,4,66,42,81,1,63,72,33,71,6,98,60,96,63,7,40,0,20,51,60,0,18,4,34,87,87,87,100,88,39,28,9,11,0,25,26,52,88,66,52,82,96,39,68,32,3,40,76,56,84,54,95,10,58,99,78,80,4,30,41,95,64,41,14,34,23,54,25,98,60,40,51,84,17,2
13,39,89,37,71,85,83,75,28,97,82,64,99,70,18,13,66,25,8,87,76,100,73,29,25,20,53,0,67,84,72,73,46,58,23,7,11,75,70,3,56,96,71,54,23,28,92,19,33,54,79,39,44,57,30,95,32,49,22,15,30,53,49,76,97,43,5,82,6,75,53,83,59,20,33,27,75,79,22,46,41,13,7,30,23,70,24,74,22,44,71,49,54,10,3,0,54,18,20,23
45,43,36,38,35,25,88,29,34,74,2,15,89,9,72,72,1,92,83,19,64,45,79,84,70,36,43,34,87,87,35,63,8,31,96,49,18,28,87,15,12,28,14,84,6,43,51,17,17,39,51,96,88,58,89,34,94,53,88,13,98,47,0,32,27,9,66,44,42,87,4,9,50,32,28,75,45,46,19,21,39,59,63,26,35,87,25,40,92,56,99,25,17,3,86,47,33,12,86,71
72,0,77,20,36,40,32,57,27,36,52,12,20,95,58,22,29,88,10,19,1,17,64,83,98,87,25,64,41,52,64,32,39,65,14,60,62,98,12,96,58,3,32,9,48,21,5,51,92,74,16,49,78,95,81,44,89,23,38,33,73,69,36,39,87,96,2,6,67,40,27,77,79,19,44,21,6,4,46,72,18,48,23,61,24,57,81,95,71,20,22,25,66,100,1,12,64,64,89,3
82,59,45,70,96,70,22,11,76,96,85,95,43,30,52,16,36,24,86,50,24,32,43,0,52,0,77,24,28,47,47,86,33,52,2,62,66,76,12,48,80,0,64,85,32,88,4,34,91,1,47,0,4,58,68,17,18,64,21,15,11,77,5,8,41,30,72,61,40,74,88,64,50,56,39,22,1,43,84,68,53,100,30,12,31,4,13,22,45,12,67,15,98,61,4,69,26,39,99,47
75,93,47,24,66,10,64,49,16,59,57,16,0,68,39,33,35,22,68,99,35,63,22,15,36,81,74,35,17,88,95,22,45,11,68,74,93,17,19,14,57,28,77,99,36,5,27,17,23,43,57,33,12,63,75,97,57,53,93,85,64,40,46,30,94,8,20,90,38,65,66,88,71,24,86,66,91,85,82,71,68,94,46,52,0,32,6,47,67,95,59,45,35,65,51,98,51,64,54,54
78,72,52,42,21,44,97,8,52,95,38,24,12,3,74,57,52,24,24,100,77,70,68,6,100,53,66,8,32,30,53,56,60,24,22,42,82,26,22,18,43,94,16,57,86,25,15,11,18,30,71,100,36,58,97,56,25,67,69,40,100,71,36,76,40,51,49,89,30,10,57,32,98,97,9,28,47,100,56,64,26,53,56,89,59,86,47,58,45,22,56,94,48,53,42,51,38,15,99,39
81,58,15,30,0,29,21,77,80,34,1,62,60,36,4,46,28,1,15,35,54,38,99,42,49,91,11,4,39,45,1,37,17,77,50,67,87,82,5,50,95,46,11,21,55,6,56,5,44,23,56,7,68,30,7,21,41,21,58,74,14,78,68,16,72,43,91,68,76,77,69,21,87,78,42,16,0,3,24,68,20,4,75,97,25,32,64,80,25,0,97,45,82,46,35,61,24,70,8,98
85,18,53,11,41,77,78,11,41,9,47,28,27,89,42,11,76,81,5,69,48,25,90,19,79,60,43,50,3,97,84,89,27,61,89,54,15,89,90,25,89,38,53,100,83,24,8,60,31,36,37,38,74,4,90,70,25,22,54,66,85,56,34,95,37,40,4,91,28,98,38,68,41,94,14,17,72,95,65,89,71,74,28,77,64,58,90,32,17,57,99,11,33,71,92,1,26,41,35,52
6,81,12,26,43,66,42,8,36,27,66,17,70,86,7,76,5,87,74,74,69,32,71,28,91,50,25,27,66,58,56,1,92,95,93,88,46,60,38,13,7,28,24,64,26,1,82,46,88,93,4,69,97,39,14,22,14,92,16,0,35,29,59,53,82,14,82,2,84,12,90,90,4,52,20,48,54,82,20,97,100,43,32,33,67,22,46,24,55,64,31,71,4,95,42,0,81,34,0,79
97,77,70,62,23,25,10,85,40,86,45,85,53,8,100,21,42,8,29,95,77,53,85,46,34,85,73,10,17,5,16,78,81,10,30,30,81,17,54,13,23,47,61,45,36,51,55,89,8,10,81,40,62,33,41,73,54,0,60,64,94,14,38,98,24,23,11,95,69,25,27,17,35,16,88,21,56,46,97,20,4,79,65,15,59,81,25,6,88,29,63,17,38,50,21,50,99,74,62,20
23,5,6,57,97,29,50,66,51,36,33,5,21,90,13,45,59,67,44,1,55,6,86,81,91,84,80,77,42,26,71,21,53,16,97,100,25,38,65,96,55,3,85,89,25,48,27,86,38,77,45,90,83,51,15,14,10,11,68,11,89,21,91,23,45,21,71,100,11,12,56,61,53,95,67,93,13,37,24,15,93,33,25,22,12,67,96,62,94,13,75,29,39,31,90,33,84,83,72,61
6,59,54,59,38,88,37,46,53,43,93,73,87,57,65,62,50,11,1,33,22,68,94,89,92,67,5,61,52,84,0,21,80,81,7,32,76,26,80,62,62,72,77,16,45,61,87,16,91,67,95,33,39,39,75,46,47,9,65,72,16,54,61,48,67,44,4,56,52,50,72,35,70,9,94,74,71,8,19,5,77,69,34,3,58,38,49,9,38,81,100,53,49,100,66,91,43,24,85,57
31,11,46,69,74,17,8,73,13,41,91,75,39,99,89,22,53,92,25,81,99,84,51,41,79,51,18,14,2,82,87,20,76,70,62,96,38,43,53,39,86,53,18,57,3,66,20,70,74,93,36,89,57,94,94,19,5,35,98,7,95,50,75,47,41,60,1,54,15,10,44,15,66,100,89,78,94,0,65,99,86,31,83,77,76,81,67,61,46,47,69,71,48,8,78,1,88,96,58,76
18,28,57,37,35,31,9,11,8,89,81,52,40,47,93,83,27,51,40,92,3,79,2,76,83,4,91,23,30,92,22,5,95,55,72,32,57,40,71,97,52,79,50,78,70,31,42,5,90,55,64,29,45,19,66,20,46,45,4,63,39,35,73,92,87,37,14,8,43,78,80,40,34,26,92,81,58,84,6,21,35,97,73,41,14,49,19,68,50,21,8,39,42,43,37,52,21,1,0,93
43,56,2,58,19,42,59,100,63,22,93,44,92,23,31,99,14,84,79,68,10,6,58,12,69,28,76,20,52,46,48,99,67,9,27,77,34,32,12,94,95,68,94,36,45,99,76,98,48,10,70,65,90,68,21,24,53,88,63,1,18,36,37,88,64,35,63,95,39,57,52,45,0,25,70,68,32,70,65,96,49,22,79,0,75,57,48,10,16,32,24,58,29,58,47,42,0,32,37,95
22,90,4,17,1,36,40,37,46,22,86,23,26,66,46,87,18,11,97,76,0,43,59,32,23,8,35,9,86,72,3,46,12,25,64,89,61,61,71,66,59,26,7,96,55,21,3,19,27,72,92,73,0,92,27,95,20,81,99,56,80,39,42,26,26,81,70,23,46,69,57,70,43,63,98,78,53,19,83,60,49,33,10,94,97,73,32,32,80,67,19,19,70,21,80,100,22,10,60,21
74,94,64,88,51,10,38,52,94,85,100,48,30,83,60,24,55,87,55,48,24,27,56,57,65,0,49,45,7,41,48,50,94,60,18,87,21,15,81,24,61,71,8,31,92,43,98,75,15,95,29,59,4,25,16,77,79,68,13,46,90,28,6,76,100,15,0,34,14,79,70,55,70,53,19,21,66,32,91,49,88,45,71,99,98,21,49,58,28,10,98,49,43,53,76,39,32,15,50,78
80,0,53,95,86,6,64,80,52,72,72,11,67,91,4,61,62,5,48,80,8,35,61,44,23,65,56,9,11,27,41,59,15,68,20,45,24,99,28,24,0,21,53,23,82,23,90,57,4,4,56,63,75,56,21,77,26,81,92,52,6,68,75,83,79,4,27,62,56,53,7,8,100,30,34,1,94,74,23,43,38,65,7,86,65,54,54,80,68,19,5,13,50,22,98,85,4,27,21,33
0,18,66,72,10,12,41,49,53,45,68,51,4,28,15,2,91,91,18,71,21,27,94,26,53,41,29,15,41,69,43,85,42,86,3,62,69,26,23,67,45,58,48,85,99,92,95,32,56,53,77,1,73,60,27,73,56,3,28,15,98,7,50,82,100,91,78,1,58,16,71,5,24,17,0,100,53,29,88,46,13,91,33,64,88,19,52,46,53,11,6,7,6,63,33,41,37,87,34,50
71,15,16,56,73,70,67,5,65,99,30,13,94,51,39,45,64,87,34,23,58,73,40,14,64,58,42,26,51,60,36,13,69,42,77,18,97,48,94,65,1,56,70,95,62,5,77,23,6,63,33,61,39,59,31,83,65,75,58,46,74,91,41,61,45,44,27,58,51,67,6,62,45,19,30,6,98,41,24,88,81,48,39,93,46,60,8,99,34,6,69,93,49,12,39,94,71,85,62,7
39,32,88,35,94,88,54,1,45,40,9,26,85,56,52,26,31,31,44,20,58,37,59,60,79,43,12,22,79,70,71,70,26,65,61,68,43,48,89,31,65,16,34,0,23,59,92,90,10,100,96,91,11,29,67,29,15,24,45,88,15,92,73,89,30,35,32,71,37,33,85,72,22,47,58,6,93,97,99,63,82,16,45,99,83,63,79,1,0,52,27,97,25,6,68,50,67,89,64,54
68,42,9,45,12,75,0,14,29,96,64,69,25,69,89,96,8,69,86,80,14,73,60,58,35,82,59,76,9,80,54,13,49,94,33,18,82,29,9,12,46,72,100,38,37,86,7,1,76,16,6,6,49,62,72,95,71,12,72,38,66,100,35,67,22,86,92,87,93,29,24,25,95,46,79,64,48,88,0,53,61,22,31,17,3,20,29,52,50,78,74,33,93,71,74,98,9,71,31,80
23,34,31,60,100,36,39,33,19,18,81,100,90,41,92,0,44,4,63,82,20,10,66,99,86,80,69,21,67,34,76,49,69,25,93,43,29,53,15,99,18,33,59,0,85,84,13,28,59,42,60,79,90,23,74,29,93,6,89,71,15,8,94,23,15,62,26,56,87,64,83,82,54,4,98,30,0,88,27,76,64,62,89,87,47,28,30,79,83,17,68,61,90,17,99,30,80,74,92,59
34,96,40,62,77,63,38,57,69,11,17,98,13,70,22,51,28,11,57,20,4,16,73,76,17,38,68,18,39,32,60,82,24,84,22,97,77,63,40,8,57,28,78,71,13,57,1,89,53,87,61,90,81,93,7,86,85,52,7,1,23,22,6,63,81,11,70,33,23,54,79,41,24,16,7,73,76,33,57,32,99,25,39,64,75,40,92,0,30,100,22,8,72,34,72,14,93,10,70,25
10,12,58,34,66,6,80,60,51,29,26,15,4,79,17,81,13,75,61,21,25,58,20,79,95,81,63,27,75,42,100,11,17,87,47,29,79,96,10,7,29,85,50,41,96,80,43,41,49,20,94,43,52,98,90,42,65,80,98,63,17,6,98,0,20,25,14,6,13,14,33,63,75,56,79,29,36,36,22,49,69,94,30,88,96,74,59,88,27,60,77,14,17,9,20,64,12,34,65,55
28,64,27,71,44,28,88,23,34,22,98,99,79,16,27,49,58,88,34,4,36,90,29,67,76,56,40,22,64,62,34,95,78,54,87,64,54,75,42,16,94,36,5,58,87,21,53,97,84,40,15,68,38,1,61,27,73,21,26,9,52,5,17,61,7,10,3,99,53,3,20,54,33,99,8,15,34,65,80,5,5,84,89,91,33,66,59,61,11,20,55,29,53,73,52,83,23,31,34,92
100,100,44,87,2,92,77,10,100,91,9,45,13,90,42,70,39,20,55,3,72,37,90,6,42,17,67,8,98,19,78,64,36,63,85,37,21,35,44,48,56,1,2,59,93,71,53,43,11,25,9,33,33,61,37,74,97,57,13,48,63,73,26,17,20,46,74,88,31,88,63,39,27,66,55,12,90,69,94,15,92,16,68,74,79,34,35,29,37,6,71,3,0,100,11,23,90,17,14,97
95,46,70,12,46,49,19,100,78,69,61,24,38,29,100,18,35,83,50,53,7,50,41,85,19,95,46,21,6,60,21,17,87,91,40,12,67,14,86,97,49,93,89,90,29,25,73,51,41,64,14,43,71,34,65,59,32,98,44,67,58,68,76,46,69,63,73,47,48,72,97,2,87,19,88,63,29,63,96,88,71,79,2,83,74,84,97,24,46,22,60,47,2,70,92,0,32,77,100,12
68,100,37,9,49,47,33,39,13,44,56,69,76,28,10,72,70,82,99,26,29,36,43,54,0,54,87,5,39,100,2,83,27,49,93,35,36,20,42,35,2,41,85,26,45,22,93,77,26,88,92,2,78,65,7,40,81,67,63,96,7,64,4,42,75,57,14,41,40,17,96,64,36,96,93,2,83,94,68,99,86,39,49,72,1,63,42,15,7,87,42,67,13,23,11,94,44,5,23,15
89,99,53,70,19,10,8,66,24,99,61,4,44,26,46,97,23,57,34,68,49,45,62,12,95,11,83,2,99,47,35,77,8,1,58,39,85,54,21,48,21,39,86,13,90,23,59,44,5,60,35,46,100,23,90,28,20,62,28,74,52,49,87,76,52,80,33,87,49,11,15,61,39,72,25,81,11,4,24,57,17,31,98,25,58,74,83,26,7,95,94,13,27,11,21,56,61,88,46,3
14,12,54,9,65,55,49,3,11,25,72,51,75,51,59,69,46,85,9,95,81,60,85,82,57,64,10,43,5,49,28,55,75,93,6,76,95,19,81,77,69,5,26,27,18,21,1,10,91,86,98,49,48,38,25,83,31,8,66,80,81,34,22,9,70,84,34,47,68,42,68,82,65,50,93,21,11,64,81,76,2,5,1,47,93,2,32,65,100,2,17,51,79,76,14,73,67,28,38,15
32,48,87,13,68,29,29,69,43,21,38,58,33,80,31,22,46,7,29,1,36,48,48,62,7,27,16,66,70,29,89,97,16,58,19,52,32,81,35,46,43,35,84,17,18,85,93,53,38,40,76,88,6,14,30,66,35,64,37,13,59,70,28,88,27,78,69,25,6,25,34,99,63,25,59,92,76,93,56,14,62,69,23,82,100,70,92,55,62,25,14,57,94,32,72,85,96,60,9,22
2,6,28,68,68,70,57,43,60,25,70,23,27,91,47,13,75,78,59,15,80,92,44,63,16,3,51,30,28,30,82,26,88,35,40,29,20,4,9,35,35,45,74,10,81,14,34,85,28,72,46,45,63,40,30,47,39,33,92,50,56,5,26,24,72,76,47,72,23,39,52,71,63,83,6,1,3,55,69,76,37,56,65,14,22,85,47,64,87,10,20,71,79,65,1,74,94,6,72,60
74,51,81,66,21,67,31,46,81,50,68,18,81,6,72,18,47,96,8,16,79,94,14,76,70,13,62,4,51,42,63,73,21,96,88,67,61,41,40,99,58,50,58,90,99,44,81,86,99,27,49,84,84,52,99,37,31,21,5,30,79,92,52,71,49,81,14,68,100,99,93,22,5,8,84,83,62,75,83,91,94,84,89,33,74,0,82,69,56,65,42,22,18,47,6,28,43,69,9,79
52,67,72,4,1,26,96,71,78,16,56,68,2,67,45,89,25,74,18,61,81,14,77,13,1,96,11,80,96,57,44,80,86,47,19,31,11,21,77,91,86,13,43,91,30,11,82,16,20,94,79,53,41,8,34,60,93,20,72,84,88,35,91,94,21,1,35,47,36,40,54,25,39,65,76,66,11,90,94,36,97,96,64,31,81,26,64,48,27,58,57,7,99,62,83,8,78,32,70,63
97,100,46,91,83,82,97,38,24,3,71,20,91,43,98,10,12,63,62,23,15,83,72,12,27,82,94,49,46,47,18,14,74,11,97,40,2,76,43,76,1,78,95,50,0,53,38,14,32,77,51,49,19,65,14,79,40,90,3,11,4,4,41,27,78,27,70,27,21,79,9,87,67,57,43,45,23,38,69,94,13,77,41,96,92,63,44,49,56,55,17,8,4,98,70,14,29,32,4,9
97,20,94,29,62,3,88,73,40,43,10,63,91,42,34,53,28,32,9,44,43,1,82,36,15,16,26,73,48,80,19,41,7,74,49,55,87,57,86,54,57,12,27,15,4,63,35,1,60,1,28,97,72,61,80,79,46,34,50,78,3,43,93,90,77,100,20,11,56,69,88,5,88,70,60,79,89,30,16,85,48,63,71,39,32,42,4,13,79,36,57,47,79,54,47,96,58,7,18,86
77,47,90,89,65,8,69,41,93,51,19,23,44,94,66,11,31,31,72,38,57,92,93,80,77,97,46,89,54,95,62,36,83,53,35,21,84,9,0,21,51,56,35,23,9,24,23,71,6,95,72,56,49,64,93,93,76,6,3,85,67,7,35,26,97,61,80,22,97,94,6,47,77,15,95,73,14,28,67,88,8,34,92,61,5,68,100,98,18,1,60,15,4,20,12,81,70,17,81,83
23,21,3,0,86,20,18,39,15,69,69,69,77,46,46,48,12,48,97,88,11,8,20,56,8,74,37,90,32,22,14,73,32,17,94,76,94,23,70,56,61,4,52,41,83,51,54,20,38,67,34,68,64,14,20,96,74,61,44,93,16,69,92,81,58,30,12,24,40,49,34,31,26,41,96,63,8,70,87,10,77,75,22,23,28,21,27,3,65,35,62,93,15,4,45,98,85,24,98,74
94,88,89,72,66,20,97,81,88,87,41,42,9,3,61,15,72,72,96,13,32,12,25,73,20,46,18,71,21,100,42,62,39,98,60,84,74,49,86,22,15,78,94,22,91,86,43,34,32,67,61,37,19,11,57,10,38,13,93,32,0,63,80,15,30,46,73,60,66,23,32,62,45,67,49,23,50,65,40,41,82,55,8,45,30,91,83,26,8,75,77,60,49,44,3,49,69,7,34,98
32,83,45,93,77,68,31,27,67,59,70,14,23,92,10,48,63,24,2,36,10,70,43,35,4,58,20,49,97,63,67,98,47,14,22,98,90,89,88,32,77,100,16,51,36,59,16,72,54,13,36,71,70,45,74,65,41,46,15,34,77,47,3,71,82,28,21,89,71,34,50,28,79,20,97,35,63,89,16,27,13,10,96,10,47,20,46,51,56,3,43,46,64,46,81,37,84,71,7,78
62,56,63,18,82,97,52,88,56,51,92,72,57,86,34,63,82,51,9,77,60,77,57,50,82,85,100,75,12,18,86,37,50,75,47,93,39,37,15,53,74,83,54,6,78,20,45,100,19,63,49,26,2,58,46,89,48,91,99,54,66,84,26,29,32,51,27,9,20,57,85,94,60,45,21,19,72,32,49,50,71,40,44,75,32,34,36,2,91,64,19,15,85,63,51,46,37,72,8,79
57,65,90,85,73,32,34,99,47,19,99,69,63,98,72,50,5,90,61,38,69,100,3,91,41,97,85,86,76,20,10,16,70,8,73,29,52,9,10,35,25,59,95,9,67,82,5,49,69,43,7,46,39,39,9,73,99,36,4,91,89,34,87,76,90,30,77,36,84,77,21,76,51,60,89,70,94,33,70,45,46,0,19,95,88,30,4,23,21,74,23,99,48,60,40,20,81,61,1,14
19,39,45,30,34,20,45,90,6,89,51,34,55,11,74,65,27,52,17,89,27,100,60,73,90,20,52,59,26,63,3,32,82,53,77,8,12,37,98,6,23,48,21,82,42,96,2,96,43,6,15,59,62,76,99,89,40,72,76,38,96,82,11,66,59,52,36,32,11,61,61,51,17,72,81,65,20,17,13,32,55,19,85,38,13,22,26,90,94,41,69,48,29,8,4,50,98,76,95,85
75,45,32,21,96,18,13,15,8,55,5,51,17,65,95,7,31,74,55,38,95,86,33,12,53,51,76,24,52,19,69,76,25,58,57,6,55,85,34,8,71,62,53,39,76,66,89,55,28,5,70,18,4,54,34,98,21,81,73,27,13,6,17,22,23,70,28,86,67,47,32,28,84,15,34,18,35,89,15,39,92,19,5,10,70,76,58,98,74,43,56,57,41,19,78,58,20,8,61,36
73,42,85,48,7,4,41,21,11,49,84,14,11,46,55,94,91,45,97,56,18,48,32,35,16,11,26,7,12,37,48,97,76,11,70,96,45,60,48,96,61,71,37,70,0,23,37,37,89,79,93,71,21,7,53,13,55,25,59,60,22,42,44,63,43,70,60,83,29,60,43,63,3,16,69,61,43,28,73,10,46,17,97,21,47,63,7,43,100,37,91,3,56,31,88,14,48,94,23,32
5,35,15,58,19,0,47,72,94,55,85,36,60,83,29,16,10,13,12,45,27,55,16,46,89,40,14,88,20,2,80,70,34,83,27,2,1,58,51,3,43,85,79,43,6,43,16,17,4,69,96,43,16,78,54,95,97,84,8,51,53,47,9,30,98,24,84,86,61,58,98,47,67,88,37,66,78,91,41,24,60,42,34,87,19,35,14,79,89,48,41,30,67,24,88,83,32,69,65,99
28,25,83,65,21,10,35,71,73,70,42,34,2,19,76,82,73,16,43,69,90,37,36,71,86,96,61,23,10,81,71,61,47,63,84,38,95,73,2,29,39,33,29,72,99,86,23,42,100,29,40,42,43,27,6,3,23,88,49,46,77,92,24,47,77,36,16,64,100,59,39,53,53,56,36,14,56,65,93,23,99,54,73,86,47,95,71,73,91,23,35,30,23,8,80,28,50,65,69,8
41,61,58,83,23,70,55,55,0,56,80,27,99,35,97,48,13,39,58,39,32,57,15,99,26,22,10,62,42,36,69,0,0,70,75,72,33,34,78,37,46,69,54,24,54,44,97,59,19,75,96,61,61,97,65,31,42,43,79,3,32,93,17,24,47,36,52,99,13,72,22,73,3,8,65,9,55,1,52,84,76,7,16,37,6,34,100,1,15,61,28,33,76,68,8,19,14,97,12,62
88,11,24,37,67,39,25,21,72,90,96,10,94,28,20,89,65,84,92,26,23,74,31,75,55,49,53,17,100,96,87,95,92,8,74,49,49,53,76,64,90,73,93,8,82,66,22,39,41,65,23,90,61,12,88,50,72,13,45,13,39,17,56,53,60,17,7,7,89,47,37,99,70,85,34,40,83,18,17,14,70,51,43,32,1,82,25,82,15,98,22,72,39,23,100,43,18,85,13,28
58,63,70,52,24,64,37,95,15,48,3,75,16,5,68,80,31,46,14,6,16,12,15,29,64,87,59,29,5,76,70,40,32,26,62,81,68,66,32,83,67,99,41,43,43,10,62,81,49,51,74,33,12,47,78,83,83,16,78,58,11,32,9,75,67,46,61,59,100,22,83,59,6,14,29,45,80,55,41,81,89,33,67,14,29,52,81,45,92,36,33,59,13,22,49,28,82,82,3,91
38,75,39,95,57,25,29,73,33,50,98,98,79,12,82,67,78,77,8,62,36,31,23,100,30,19,76,4,15,28,45,42,30,66,23,22,21,45,6,71,77,18,19,48,78,29,36,55,64,72,18,100,53,20,80,36,83,5,35,11,86,2,54,36,61,62,53,100,20,38,21,7,6,2,73,6,54,76,82,26,73,32,87,98,44,76,27,38,11,59,63,96,100,3,96,14,44,90,48,71
13,55,31,66,23,7,39,42,9,31,52,64,21,100,96,96,61,3,67,4,73,22,8,45,0,89,3,58,77,83,61,12,0,77,64,100,74,15,59,42,47,35,46,51,27,52,80,6,18,88,86,32,75,71,82,61,44,61,63,0,79,60,85,47,51,0,77,12,19,54,15,90,68,7,21,19,40,78,36,9,6,91,10,11,91,70,18,73,25,58,20,85,81,88,42,67,65,13,85,34
80,54,99,4,37,66,0,20,42,71,19,18,18,79,29,10,28,77,10,62,52,70,100,30,12,84,4,55,24,35,96,10,71,6,47,36,46,59,10,50,51,93,71,38,11,98,70,75,97,71,39,75,60,73,4,85,52,51,38,72,71,11,29,16,10,78,93,17,43,58,51,31,7,34,36,41,47,80,97,99,72,82,15,40,71,63,72,39,70,25,23,89,32,70,16,90,81,38,55,67
98,47,3,34,37,91,44,96,34,96,91,0,91,66,88,42,48,82,90,57,94,90,27,42,29,96,25,35,24,14,71,73,60,97,58,80,36,96,82,49,100,37,75,94,51,51,15,37,7,17,96,23,97,24,30,12,43,79,70,20,61,73,1,45,13,85,88,50,49,75,15,24,7,72,97,32,3,73,1,44,81,40,25,36,78,90,96,52,94,19,97,79,98,9,26,99,69,36,68,63
16,75,24,0,72,41,88,56,67,92,78,59,89,76,41,81,8,21,17,14,23,14,84,80,24,64,37,38,44,14,15,52,19,78,18,88,5,40,98,85,65,43,47,10,37,5,53,44,65,93,7,65,23,63,79,67,40,15,25,7,67,46,61,28,4,99,100,25,63,2,60,24,1,53,0,81,24,27,46,61,88,15,97,11,95,78,77,6,61,67,55,44,81,33,80,68,82,36,42,13
26,17,84,65,44,92,24,61,23,12,57,59,25,17,60,80,66,56,6,19,57,7,59,99,54,68,46,54,22,68,82,46,65,23,92,71,28,17,89,27,38,54,26,1,47,28,23,76,11,11,88,31,22,92,56,0,45,51,25,15,79,46,71,22,66,3,73,51,12,31,46,40,24,20,32,6,34,45,1,59,64,58,93,67,57,90,98,47,39,9,100,10,3,77,75,78,59,67,47,29
69,39,71,75,86,71,3,52,47,95,17,80,80,24,63,97,94,41,50,9,79,66,59,85,34,47,59,88,57,91,76,66,63,93,12,11,87,57,75,77,5,56,65,97,63,12,67,39,26,55,0,56,70,18,35,64,50,89,97,95,71,69,89,5,56,100,17,60,52,36,0,55,56,1,98,83,50,57,62,25,68,47,4,59,11,65,8,54,61,11,60,5,84,15,45,23,53,87,86,25
41,43,71,30,18,13,25,17,18,68,6,37,16,10,19,53,10,77,0,29,99,36,20,94,73,99,42,48,13,24,59,69,98,92,32,65,28,33,47,69,85,77,96,57,73,53,66,12,82,77,40,21,34,24,14,29,50,1,24,70,51,5,87,54,38,48,32,12,87,73,38,84,74,68,68,89,68,75,52,23,65,95,50,85,76,27,75,36,45,59,77,97,42,20,94,47,55,4,92,71
80,98,80,30,71,3,23,11,35,7,61,10,3,39,8,25,1,60,70,51,58,19,68,94,32,51,50,50,16,47,86,27,92,55,62,22,64,53,32,70,11,64,76,1,50,38,15,97,82,67,1,9,87,30,25,58,72,15,37,16,19,73,2,60,100,84,85,100,39,38,37,43,26,24,18,21,77,34,29,72,55,3,55,80,63,16,90,40,96,31,15,77,32,0,14,9,96,59,32,51
75,49,52,53,89,15,69,18,66,39,89,68,53,100,6,33,83,10,91,48,66,47,94,87,67,63,56,60,25,27,90,20,13,97,5,18,36,12,83,65,86,59,72,90,32,47,71,54,99,99,82,1,42,9,15,33,13,16,46,16,39,7,79,71,33,45,23,24,44,48,68,13,44,56,10,10,72,16,12,6,16,79,97,27,99,100,4,65,61,35,28,58,17,95,76,61,70,23,24,74
67,63,19,55,62,55,27,23,13,96,37,61,93,71,40,97,32,34,16,42,58,39,29,54,19,25,44,48,91,32,79,70,0,81,18,98,95,60,60,40,73,77,9,48,95,34,11,28,18,95,16,75,94,1,19,98,58,31,68,62,70,31,6,44,3,24,76,37,24,30,47,12,24,88,48,73,63,52,30,31,27,13,6,18,66,56,45,31,17,65,81,14,31,50,0,99,71,62,8,85