75,55,68,39,40,21,98,63,94,54,36,1,45,99,70,51,28,26,66,90,87,52,83,81,31,64,29,54,80,31,15,63,59,47,73,48,23,81,41,23,35,22,0,74,30,39,17,72,43,12,1,42,35,48,1,71,46,6,6,41,49,16,43,17,54,54,17,70,46,79,60,39,29,76,59,62,78,91,89,12,84,37,44,95,35,45,18,36,87,44,38,7,76,27,18,73,95,30,46,88
71,2,93,33,90,45,77,90,41,73,21,30,28,81,97,59,15,98,65,70,80,6,11,42,82,70,68,44,93,50,16,72,53,5,32,33,75,49,78,55,22,22,72,95,99,67,61,100,22,61,7,98,1,66,16,67,60,59,37,55,2,20,34,17,0,0,71,96,82,32,74,35,14,93,90,38,94,44,11,11,25,91,92,81,41,36,90,97,45,92,76,58,77,0,81,69,68,82,79,49
83,44,96,67,3,54,37,4,1,28,26,89,76,39,0,23,44,35,99,4,67,43,79,66,85,100,24,14,53,81,3,78,18,28,98,16,78,93,29,25,6,26,77,89,30,2,5,20,51,30,44,81,1,8,19,76,59,39,78,20,53,36,59,9,83,65,86,61,47,30,34,13,15,30,59,50,57,2,49,6,27,51,96,33,29,6,72,68,17,42,25,32,60,85,51,28,47,33,0,39
44,52,82,15,26,0,29,46,50,18,7,44,35,61,88,10,31,21,60,60,47,84,72,15,97,14,82,42,98,78,54,11,23,85,17,40,28,95,1,38,16,53,12,89,65,65,54,86,26,56,29,49,8,49,67,89,48,83,17,88,28,44,70,83,28,37,15,24,79,58,74,44,32,70,69,80,17,7,65,70,80,64,18,49,9,75,60,64,49,65,97,59,39,76,54,6,72,29,39,35
11,58,44,49,37,21,52,75,45,95,73,82,42,53,34,45,41,2,51,77,73,57,83,4,89,92,10,48,34,54,81,91,3,17,39,78,90,86,29,52,39,73,31,2,63,96,45,25,95,24,19,41,15,11,76,65,62,85,42,23,55,68,8,31,32,24,28,60,59,60,77,13,16,91,67,96,61,51,75,38,38,79,49,98,28,10,37,100,72,32,85,5,22,93,70,32,17,99,98,94
3,24,60,23,24,55,85,6,32,38,45,40,25,66,12,59,53,56,31,18,99,51,56,29,70,94,67,40,54,14,26,37,22,51,74,69,86,81,85,78,45,2,17,45,32,41,44,74,62,97,77,40,20,91,81,10,10,55,61,48,72,30,43,48,28,89,35,99,46,90,15,78,45,100,16,39,64,68,100,52,13,15,78,82,2,48,6,81,37,42,5,25,98,16,24,92,38,99,58,98
62,99,19,77,1,26,82,98,60,14,28,78,53,13,95,4,31,9,77,97,9,97,58,39,2,2,25,12,32,12,58,94,74,37,63,6,70,32,70,26,88,94,89,93,64,62,92,9,25,85,43,53,76,33,41,99,94,75,54,74,95,31,20,73,10,73,38,30,43,35,100,21,93,80,10,100,23,36,4,35,41,21,78,34,79,10,65,14,44,60,90,86,12,95,25,0,94,41,97,24
11,1,83,99,72,8,60,55,2,1,89,11,30,64,28,13,10,84,46,39,3,79,2,30,22,27,80,33,19,35,98,13,47,10,91,80,96,41,14,93,72,36,25,57,29,60,0,86,71,42,76,96,12,30,62,1,74,14,9,78,44,76,38,72,81,94,85,41,94,50,27,54,61,37,2,73,53,61,0,76,73,54,59,93,33,50,64,12,16,56,58,58,42,11,19,13,83,99,35,93
7,26,85,67,60,64,82,69,100,96,44,29,81,42,62,82,17,7,48,29,90,64,65,74,92,31,60,27,96,3,30,99,37,3,42,11,39,39,3,90,96,77,21,38,61,78,53,89,26,35,20,9,24,94,58,8,7,74,37,82,19,36,49,34,15,96,59,36,20,67,99,84,2,6,22,18,23,30,29,20,34,39,28,96,40,90,45,71,44,63,81,66,94,12,85,35,20,84,98,88
82,34,23,35,1,84,30,31,74,76,23,35,93,74,79,77,50,10,86,1,40,60,50,56,56,37,88,37,29,97,3,30,23,34,51,48,12,6,21,21,24,30,67,89,64,87,57,37,37,21,17,90,19,17,63,84,15,75,46,62,97,91,33,48,87,96,9,90,47,14,65,83,70,35,44,22,56,31,95,11,86,29,87,13,28,36,59,42,0,77,3,13,28,35,58,39,71,100,75,38
56,25,57,48,40,76,40,92,71,15,59,70,82,83,15,78,33,18,36,0,29,41,18,21,0,29,92,8,71,22,52,11,6,71,27,82,16,5,61,16,58,8,83,94,7,22,31,32,38,36,69,2,24,2,64,98,26,9,3,100,53,2,35,11,12,28,8,83,34,8,3,51,42,61,53,39,60,60,66,56,50,63,42,92,41,97,87,77,32,96,7,62,5,65,85,92,52,24,98,0
69,75,25,38,57,100,50,20,62,24,25,27,60,49,61,35,87,24,7,44,69,99,15,25,47,82,27,49,72,41,23,24,97,20,58,34,41,1,51,72,85,55,100,9,60,74,89,5,15,85,80,20,93,75,77,85,31,58,72,37,65,78,19,27,15,37,55,53,40,91,85,75,28,83,90,88,73,57,14,74,31,63,13,53,80,86,25,20,11,50,27,39,78,37,80,83,46,39,94,72
56,3,97,70,4,20,42,72,64,16,23,5,39,12,99,82,69,21,91,15,16,44,86,87,84,67,21,77,88,81,71,31,73,7,84,88,75,79,33,72,82,18,38,76,55,27,91,29,82,94,89,0,84,86,66,0,18,92,12,36,95,88,57,70,96,12,52,11,30,91,21,1,9,74,29,17,61,99,6,11,5,32,38,52,35,19,92,19,42,95,84,60,23,87,31,59,54,29,44,66
73,38,14,88,25,71,66,8,3,82,74,51,61,64,65,82,34,69,27,61,42,86,100,43,24,0,98,23,12,76,17,47,52,10,20,33,19,15,70,83,43,86,45,68,35,96,73,66,52,24,57,20,13,70,94,43,22,27,37,69,47,8,59,87,98,59,11,84,26,45,53,77,35,88,44,78,11,12,62,85,33,63,87,21,36,100,2,44,34,78,56,63,34,36,53,3,94,38,46,70
88,21,34,100,60,81,4,45,11,11,82,83,55,8,20,7,65,14,12,29,5,31,29,79,19,54,65,69,99,34,62,13,1,55,0,12,99,39,93,94,13,95,76,18,32,18,50,22,52,20,39,3,1,10,63,95,31,70,30,68,13,36,18,8,6,86,33,45,30,99,16,12,97,92,79,82,31,79,93,24,74,72,31,76,87,95,59,17,74,95,30,28,71,53,100,14,5,77,80,44
62,11,98,71,100,16,40,98,60,59,92,66,61,61,39,39,84,54,49,13,96,7,26,72,66,55,46,2,59,100,32,58,51,89,79,30,12,38,94,16,39,43,3,66,26,25,35,2,6,61,98,55,17,15,66,53,20,92,10,0,32,98,74,33,9,17,39,72,39,47,51,67,83,40,82,82,29,80,12,100,93,84,5,64,0,99,40,27,6,68,45,22,100,97,17,61,77,31,4,64
13,62,97,83,100,75,100,24,3,99,20,28,91,13,11,54,47,68,2,7,37,18,80,92,66,76,78,43,42,74,67,22,92,49,40,30,87,34,60,46,52,41,36,35,21,22,6,49,95,43,32,7,49,8,8,77,18,72,71,25,62,55,8,2,29,20,0,59,53,36,28,75,6,17,51,86,57,71,30,65,52,48,29,80,75,3,39,3,52,52,64,28,88,88,97,61,77,16,2,50
36,75,72,99,96,51,4,17,71,62,78,51,42,16,48,45,67,83,90,91,81,31,69,93,7,58,52,44,49,80,15,45,66,67,36,27,28,89,70,56,88,9,60,25,3,79,61,43,32,75,93,69,28,0,12,62,61,21,45,38,25,70,94,48,60,31,62,57,93,95,24,1,24,82,21,12,49,92,68,14,76,83,19,96,1,87,94,58,58,71,72,3,32,13,100,14,12,89,21,15
71,71,65,35,67,1,86,95,44,31,7,52,42,45,17,39,64,62,80,89,74,44,18,78,57,63,73,60,87,21,21,5,68,44,1,53,22,99,27,50,69,7,6,93,87,26,87,81,60,22,31,84,38,99,79,37,17,35,74,87,95,28,10,90,92,9,28,55,49,37,46,13,20,48,79,9,93,37,85,76,19,69,32,40,20,30,41,65,1,49,85,94,48,87,59,93,11,40,58,85
13,6,94,55,82,62,17,81,73,24,100,34,81,92,75,77,19,97,88,33,86,6,77,41,3,54,96,2,53,71,54,62,53,92,80,94,73,32,21,17,51,18,89,4,78,52,17,99,86,91,82,5,66,98,4,86,0,1,51,55,98,17,99,47,99,97,90,87,29,4,50,84,25,67,2,50,21,71,94,82,78,34,54,0,81,9,1,42,44,32,69,83,8,83,73,37,6,42,32,6
38,69,72,38,15,35,94,80,74,11,54,68,12,51,55,94,57,7,0,66,23,93,8,21,17,6,89,30,68,15,99,5,58,5,76,65,51,15,38,39,3,56,17,97,65,62,41,57,32,55,78,24,88,65,21,7,69,5,14,39,71,23,0,38,16,65,44,41,50,99,79,49,6,83,47,56,42,2,57,18,53,58,7,0,1,19,22,21,6,12,42,57,7,5,41,23,66,52,97,99
49,52,76,51,52,85,12,24,73,44,39,9,54,100,84,37,36,70,62,16,73,80,83,66,57,49,56,2,3,66,92,82,71,41,0,80,60,38,22,87,19,75,41,60,65,37,64,50,40,44,9,54,60,34,84,97,89,66,94,95,25,23,44,85,59,91,7,37,42,29,51,12,24,6,92,22,0,75,66,30,19,75,91,38,26,17,42,22,68,49,9,35,60,64,35,34,9,73,16,76
49,8,86,83,41,23,16,36,75,28,67,41,47,18,52,33,16,27,23,30,32,75,90,56,15,45,14,100,93,78,60,16,91,5,100,65,100,69,77,15,76,47,88,64,45,45,25,35,62,13,95,95,41,29,26,65,87,93,62,59,48,22,64,88,54,12,60,66,32,38,18,91,11,84,53,14,65,68,66,66,97,44,82,10,82,60,24,79,99,35,3,72,82,46,58,0,73,99,63,79
9,71,27,41,95,32,90,23,55,18,65,61,35,18,16,86,25,5,30,49,29,83,6,93,60,20,39,83,62,41,11,28,65,71,41,51,47,53,62,24,21,81,46,12,92,88,55,56,46,11,59,74,42,3,91,34,66,38,2,56,19,60,65,78,92,56,56,57,50,64,15,16,11,2,90,95,17,86,62,42,97,24,85,46,56,24,5,37,51,60,19,31,78,29,32,25,41,18,56,21
100,97,24,29,38,29,93,27,41,59,21,5,5,7,99,99,54,37,34,19,78,12,59,88,17,45,14,90,55,15,58,84,48,69,85,92,98,83,76,68,26,60,76,76,5,96,75,37,22,55,71,10,73,85,68,6,55,89,69,21,36,79,35,84,83,43,31,33,28,41,69,40,77,37,71,76,3,38,74,63,34,2,87,77,98,87,26,12,74,18,37,8,75,79,95,75,30,55,48,17
27,62,71,81,95,81,73,92,35,50,89,21,72,67,57,61,31,21,37,31,48,8,72,27,77,85,50,29,66,18,96,18,3,60,84,100,24,82,25,99,63,95,49,70,83,14,11,52,51,51,38,22,72,63,7,59,94,96,25,17,46,34,78,1,80,79,68,5,20,26,86,12,81,51,10,23,94,93,90,7,44,39,57,4,28,95,41,12,33,71,33,71,92,0,50,65,89,5,75,21
86,31,75,1,8,46,78,93,15,8,66,85,54,56,28,38,52,15,38,65,31,21,35,25,77,34,93,36,30,48,34,34,55,44,12,7,68,39,70,96,40,29,44,73,98,79,28,0,95,100,71,90,92,48,89,67,31,73,6,92,35,85,77,73,35,13,43,83,52,33,15,4,54,76,87,88,14,64,72,33,84,35,24,87,8,26,14,13,76,50,97,92,58,48,87,86,89,76,43,64
35,39,80,4,49,83,64,82,53,43,72,56,38,43,31,9,38,88,61,41,90,4,9,5,67,69,72,63,100,40,58,22,38,63,16,84,30,14,49,13,0,56,31,22,98,17,98,7,9,61,91,98,7,88,84,74,27,17,40,17,51,89,5,56,56,62,57,44,62,58,57,44,92,38,41,68,23,98,28,22,42,61,3,77,10,62,19,71,33,48,18,19,23,36,3,51,9,70,64,46
24,100,10,89,7,84,10,5,50,53,33,35,6,37,9,77,91,67,81,4,70,3,48,35,43,9,79,67,0,66,6,94,10,69,93,73,66,3,34,76,15,96,40,82,86,99,55,11,45,51,54,3,9,43,62,78,71,61,95,92,50,89,76,75,6,7,8,40,56,71,5,68,22,1,56,24,98,79,16,96,22,51,4,48,72,96,35,42,21,62,19,84,19,69,90,12,97,58,95,63
21,10,6,92,94,54,5,38,74,90,17,92,73,5,17,10,38,31,23,52,83,76,20,18,34,2,71,60,39,76,46,57,62,25,90,89,42,11,10,67,7,75,43,88,17,38,56,6,37,90,20,1,56,69,77,2,91,41,60,2,38,60,100,19,29,23,61,38,22,2,1,55,77,97,81,57,84,41,33,32,36,83,18,65,46,91,53,85,67,35,92,63,76,57,62,49,47,16,50,20
93,63,87,35,16,29,32,50,70,54,73,31,35,69,46,47,50,13,35,8,0,24,42,51,87,92,25,55,55,80,10,11,77,68,97,35,85,67,54,20,56,53,24,61,22,35,4,14,91,100,97,79,63,66,37,65,73,31,34,79,82,6,30,25,81,63,58,41,15,16,72,62,87,69,88,5,92,85,1,61,10,76,71,68,7,47,6,58,76,83,17,62,73,55,65,68,92,54,49,6
20,71,78,94,55,80,45,53,55,50,32,56,98,6,17,89,92,16,14,55,72,47,49,63,76,2,33,92,27,49,65,2,99,91,84,47,54,56,94,29,81,79,4,57,91,96,48,69,12,15,10,90,49,39,32,17,79,81,100,67,62,32,50,50,85,29,44,49,17,6,94,37,5,70,35,41,55,92,99,70,82,62,9,24,22,48,3,36,14,47,90,97,99,82,89,37,38,85,30,0
11,66,28,78,73,21,32,81,32,100,4,80,49,64,55,80,29,100,34,71,25,29,55,76,22,18,48,83,17,33,43,32,38,8,30,8,8,87,28,90,77,29,47,7,2,92,95,65,19,27,89,51,40,27,53,86,32,32,13,78,0,97,57,47,29,92,28,67,4,49,4,77,43,66,50,22,89,59,56,13,28,5,48,29,49,41,69,46,36,33,4,97,35,57,45,76,49,44,42,73
1,66,80,41,40,38,26,93,57,50,43,90,89,15,99,8,31,72,68,65,28,41,25,10,79,14,84,93,23,9,82,94,53,84,99,13,17,44,21,10,5,86,3,71,15,24,76,49,43,81,32,91,12,21,66,97,54,96,59,16,37,63,3,86,17,2,71,75,28,95,10,84,83,34,54,14,88,96,70,39,46,61,19,67,14,53,56,56,76,24,4,30,33,81,49,15,40,14,26,0
15,100,78,16,5,38,85,1,86,80,28,1,76,18,32,52,64,38,30,27,6,68,4,89,33,48,70,89,24,58,79,16,47,58,80,89,5,47,97,31,60,89,23,64,81,64,79,46,66,40,11,11,65,87,4,75,87,88,94,44,16,41,37,71,44,77,41,26,35,74,26,4,66,69,53,55,0,32,37,59,19,4,1,82,96,63,68,35,29,54,49,61,95,45,27,6,33,42,88,10
91,33,89,24,78,79,74,89,82,2,36,36,47,66,93,85,95,98,63,2,9,13,29,0,94,30,39,75,15,12,18,53,87,63,38,94,14,60,56,8,70,94,85,25,10,86,66,88,14,60,50,73,42,69,79,59,87,42,5,79,50,77,85,58,9,57,36,74,18,57,63,69,47,11,80,50,79,88,69,95,29,11,52,29,35,32,90,78,4,94,82,46,75,84,69,20,61,65,50,87
56,73,49,20,61,85,63,32,31,79,48,82,20,16,6,37,0,78,53,38,56,43,62,39,72,78,80,61,44,90,58,25,18,41,15,23,92,61,25,40,53,22,75,76,29,31,43,46,16,62,44,82,79,52,44,44,42,4,42,63,33,61,61,80,66,61,41,8,71,31,21,25,29,21,17,78,68,10,52,7,33,13,70,51,26,89,68,93,76,21,33,9,51,44,43,35,3,36,19,41
100,28,59,57,36,78,2,22,100,55,18,38,4,11,5,87,36,77,43,15,1,86,78,78,38,52,78,76,9,35,13,26,0,95,31,28,69,10,45,11,42,69,44,63,70,0,30,6,32,56,51,79,69,33,69,86,4,26,32,37,82,16,0,78,54,80,5,27,33,30,1,19,48,53,27,70,82,57,36,83,7,36,40,20,51,20,17,97,30,100,2,22,69,17,26,44,34,9,16,94
68,89,66,78,49,77,83,24,70,78,77,56,15,79,57,96,82,34,70,53,47,81,28,55,9,81,47,98,86,78,16,23,49,8,71,91,58,4,72,92,13,32,63,81,45,96,80,24,11,28,70,91,42,96,50,64,87,33,8,82,98,21,2,0,18,6,86,12,16,81,31,98,80,12,9,7,11,31,45,52,21,54,36,43,57,52,90,31,6,87,63,7,97,2,34,43,84,10,45,6
58,49,9,9,33,6,62,18,75,82,47,12,5,33,70,11,49,72,77,99,50,72,100,36,80,54,93,9,40,2,46,82,10,22,25,41,5,17,63,41,54,40,54,14,99,27,41,21,77,94,27,45,72,26,97,100,16,65,76,7,87,7,96,9,34,57,91,81,69,89,79,71,25,37,55,72,63,84,15,52,81,64,26,84,38,10,60,75,94,99,9,2,65,28,100,13,51,43,29,1
49,4,4,62,81,71,58,44,64,47,82,44,52,26,87,86,39,92,10,74,51,60,51,21,57,38,56,31,47,92,56,35,58,27,84,98,3,10,30,51,39,91,99,84,99,52,33,51,25,50,25,16,40,64,29,11,95,39,5,13,58,20,21,75,99,5,10,80,3,91,6,35,86,46,26,79,31,17,22,68,46,95,14,35,90,72,78,85,18,15,8,39,1,6,98,30,75,42,36,26
12,10,22,53,41,9,16,63,68,31,15,61,82,38,70,98,31,64,74,83,23,25,44,49,19,54,95,96,42,94,39,60,96,14,78,31,56,97,49,92,78,54,41,5,20,13,61,27,91,79,57,27,75,75,29,4,17,39,36,99,36,34,41,99,95,88,56,56,20,28,51,35,12,66,46,94,43,17,7,61,12,6,58,63,75,34,75,73,15,58,20,20,53,87,41,8,37,87,72,10
58,44,67,98,77,26,70,66,36,26,28,46,59,36,5,41,89,89,11,94,48,27,73,99,11,56,31,4,64,13,84,20,84,7,88,78,27,40,46,49,96,29,30,60,55,17,14,57,15,77,24,67,49,71,71,32,43,66,64,66,17,49,8,15,64,0,37,3,7,90,96,86,81,31,66,20,37,34,22,95,48,69,90,54,48,27,12,58,6,49,13,5,52,36,28,69,44,74,60,44
27,22,59,75,13,90,40,14,35,4,67,100,87,65,80,92,90,61,41,72,24,12,27,33,33,43,70,47,39,47,29,57,72,6,66,62,85,45,96,0,68,10,76,26,85,76,24,15,98,26,78,70,10,18,84,23,27,93,81,54,76,37,21,67,24,95,43,100,95,23,73,75,23,84,72,33,30,51,48,61,75,92,54,17,26,39,65,39,34,29,73,72,7,32,34,38,12,88,82,24
63,42,84,81,93,54,34,44,86,32,86,16,7,73,84,98,53,8,36,31,83,41,55,20,69,54,56,54,86,68,18,52,33,37,94,77,28,25,28,41,32,22,34,29,43,75,62,88,78,96,49,23,47,85,70,95,45,17,80,83,12,0,71,0,60,40,43,79,42,14,57,81,34,65,43,22,83,34,29,90,7,10,51,57,69,66,78,93,88,53,27,41,99,98,81,15,27,40,2,80
55,21,72,50,86,77,55,21,3,51,48,20,62,24,38,68,78,35,22,11,64,71,34,58,80,94,25,3,25,97,80,94,59,62,37,67,98,79,53,51,43,71,24,63,61,20,90,53,37,83,96,99,85,58,74,5,2,15,10,18,18,3,90,63,16,80,12,82,2,10,32,55,96,5,14,79,91,97,26,97,30,13,63,35,73,25,12,4,12,57,84,92,83,27,49,8,32,47,8,13
92,59,32,10,28,12,94,82,38,13,29,10,64,61,39,8,46,96,51,78,46,15,8,27,31,9,86,50,2,10,34,29,91,97,22,48,47,83,35,0,93,8,46,33,55,24,84,10,60,54,83,2,59,95,54,38,2,6,21,8,36,11,71,94,34,32,55,77,95,49,31,71,15,14,95,98,4,57,7,94,6,81,71,75,69,49,99,72,26,67,63,54,65,6,34,45,33,8,83,94
2,33,93,41,37,69,27,73,80,3,30,38,42,93,86,94,40,82,72,66,20,90,95,0,95,92,17,96,74,97,46,13,38,37,84,65,84,28,4,17,3,66,20,45,3,81,23,44,17,55,80,49,71,93,88,87,26,90,67,48,61,21,83,47,34,65,42,79,57,61,15,76,40,100,19,31,29,79,72,85,95,97,1,42,100,82,75,96,16,12,60,14,56,82,98,92,45,79,21,97
54,19,69,7,65,85,47,36,12,98,93,60,59,32,15,69,17,22,70,79,2,3,82,77,39,67,14,52,10,89,84,44,81,54,40,5,92,9,64,60,81,52,45,84,67,56,22,89,84,13,0,60,47,21,97,98,4,97,28,16,29,70,74,50,71,50,7,91,84,90,13,39,53,65,66,84,54,88,5,1,78,59,46,24,96,92,17,69,10,1,0,67,87,35,80,39,69,2,19,95
95,87,83,53,3,48,4,36,35,14,18,7,85,17,75,71,44,77,44,47,68,65,27,36,43,74,7,26,26,63,80,15,31,98,82,71,60,69,99,24,43,25,82,74,44,31,55,17,98,69,77,52,44,100,3,48,76,56,15,64,41,77,7,52,59,65,89,19,61,44,3,0,92,95,9,65,57,14,10,1,62,62,40,20,49,92,7,65,47,88,77,51,44,27,0,78,92,21,62,92
44,23,54,7,28,90,96,40,72,28,90,72,0,31,23,46,26,93,100,33,57,41,63,52,63,48,9,9,29,22,13,100,55,20,73,9,66,52,40,35,26,64,40,11,0,9,54,77,37,14,12,74,99,70,1,73,49,0,98,4,53,58,20,76,37,59,78,58,89,5,70,25,19,20,7,59,52,32,58,65,19,49,23,73,6,98,1,99,90,36,86,96,6,74,79,79,66,25,29,40
10,54,52,70,71,90,24,53,33,91,89,56,63,11,40,50,49,99,61,57,47,72,83,35,8,78,33,14,86,33,26,86,100,15,10,92,38,82,74,21,44,70,36,18,34,9,58,5,22,9,20,4,79,29,51,62,17,40,22,6,69,14,36,94,58,21,98,48,16,59,3,56,84,87,12,26,5,59,74,92,71,68,28,78,4,80,15,22,40,7,74,47,49,34,64,84,43,44,94,5
11,97,5,38,87,0,62,37,69,68,21,62,38,92,75,41,46,8,54,79,29,81,93,72,67,47,73,74,82,26,48,9,50,37,0,29,85,68,58,100,42,27,47,73,15,72,10,30,2,31,74,90,19,25,96,53,75,47,83,64,82,8,53,6,43,70,90,39,89,49,43,97,93,32,23,61,91,86,94,72,46,53,87,80,80,6,23,56,74,56,66,63,29,30,65,98,9,13,23,53
38,95,20,64,29,100,6,95,17,42,37,95,97,75,65,91,18,73,5,97,4,83,21,77,33,48,84,45,20,10,55,92,31,46,76,73,36,34,51,49,83,31,100,21,96,86,57,89,36,39,82,33,17,73,8,71,14,39,15,19,76,67,80,100,40,0,17,95,77,70,77,55,87,97,76,94,9,16,68,87,98,25,61,67,66,3,29,90,8,10,21,31,88,59,78,55,9,75,8,96
13,22,22,35,82,53,5,82,68,74,32,35,17,56,29,23,16,48,89,80,47,48,8,49,44,99,75,73,82,21,10,60,79,27,74,60,90,31,75,47,94,17,23,25,49,94,86,91,27,31,46,73,52,89,31,79,61,57,60,75,43,36,99,90,98,3,45,38,1,55,92,100,5,16,4,90,2,15,41,14,96,15,43,14,44,51,90,49,39,100,53,37,39,23,14,62,10,29,92,4
99,43,67,87,42,97,99,43,99,97,97,84,24,33,50,4,77,74,6,15,100,49,28,3,50,65,79,33,94,52,59,37,17,93,89,96,36,82,92,26,2,3,38,33,11,83,18,2,57,70,46,32,38,100,51,90,10,72,87,67,85,43,35,93,88,93,99,81,87,83,55,20,85,1,28,64,48,95,23,45,7,10,32,43,41,55,54,76,61,90,77,92,87,11,80,22,68,61,11,27
48,94,92,67,21,25,52,52,0,15,70,70,85,35,65,20,36,82,46,59,47,82,63,12,84,21,63,48,32,21,86,21,31,8,98,79,16,4,57,95,27,69,21,48,7,35,45,52,14,15,29,72,7,98,70,19,35,38,90,2,57,12,63,27,90,19,13,95,86,52,65,53,85,55,20,90,65,85,6,62,70,33,99,63,80,20,13,34,74,63,52,49,22,19,27,32,19,80,75,97
16,7,70,60,49,58,84,64,58,10,49,12,97,51,27,59,60,35,99,18,85,95,89,63,37,3,36,97,83,13,42,36,66,27,9,33,21,24,51,73,8,78,11,84,41,50,45,36,47,34,44,75,75,88,44,18,46,32,79,27,30,20,23,96,85,18,36,62,2,92,86,35,33,36,0,21,73,2,0,3,71,80,94,88,28,61,14,95,20,92,40,71,46,17,71,19,76,9,7,90
34,36,90,95,87,46,8,37,62,26,16,35,11,66,28,70,42,58,77,27,68,3,47,95,46,64,55,67,75,99,67,80,26,36,78,60,30,28,54,28,58,66,94,11,68,31,57,31,99,58,50,1,54,89,26,19,95,15,38,25,69,69,66,57,24,2,0,33,33,88,79,80,75,51,90,49,74,86,43,9,12,4,37,59,23,46,81,49,29,33,23,45,5,75,89,15,73,37,4,89
94,90,28,43,66,89,81,92,70,4,8,72,96,60,35,24,35,54,41,77,87,55,49,22,36,60,72,50,3,68,66,5,88,51,72,52,93,8,31,30,76,44,37,89,92,24,50,39,23,5,94,44,46,14,86,36,49,77,45,82,37,1,33,26,9,99,93,25,86,70,22,93,6,84,3,90,23,15,19,31,36,87,57,85,27,82,27,19,79,71,96,55,78,18,15,95,97,27,32,16
23,84,92,85,54,3,87,61,64,25,22,53,18,61,55,15,74,72,46,85,91,97,95,8,28,29,51,55,27,60,5,35,65,25,82,34,52,44,82,77,91,25,51,80,61,24,72,80,98,11,96,31,72,90,0,43,5,43,79,9,56,19,9,73,25,72,98,99,14,23,6,33,22,49,28,60,57,93,17,76,76,64,32,82,94,86,28,68,94,9,7,89,99,91,38,31,23,64,24,10
68,77,80,2,66,96,59,22,42,40,24,21,93,37,33,19,2,16,28,32,42,16,43,84,31,32,85,95,59,77,19,87,1,39,4,90,75,98,43,98,54,24,94,34,18,7,33,89,87,49,73,20,45,40,44,76,88,89,82,15,19,74,25,25,89,93,36,96,58,56,28,50,41,34,4,65,97,54,61,34,51,90,52,24,26,17,100,7,11,51,63,94,62,51,31,48,88,8,82,6
87,6,81,57,77,94,47,18,12,0,21,2,14,47,18,30,60,2,14,42,81,12,57,21,12,58,37,71,6,67,26,74,52,86,89,16,91,13,67,69,44,72,68,71,92,66,76,6,14,77,35,69,17,29,47,11,89,32,32,69,32,34,38,99,61,79,19,94,27,77,31,5,38,18,33,44,18,6,16,33,93,82,52,45,73,45,55,17,12,76,74,73,49,88,67,25,86,56,73,18
0,54,54,94,40,53,25,56,5,98,53,99,14,13,55,76,12,88,35,12,80,86,15,13,30,83,59,74,97,57,87,57,24,25,51,4,75,82,10,87,13,85,70,25,94,26,10,70,28,28,54,39,38,95,47,54,87,81,20,18,10,99,44,13,5,63,20,52,94,69,76,31,19,18,36,12,77,96,42,70,85,96,9,66,62,46,89,57,48,74,43,57,53,99,12,34,75,35,93,64
66,98,72,28,7,12,84,99,86,72,37,52,58,77,46,16,56,82,69,16,3,58,88,53,22,99,18,89,22,33,17,64,36,17,50,27,96,74,40,95,1,11,77,46,82,70,14,82,11,61,69,34,88,3,80,82,57,28,68,71,64,12,26,30,51,61,71,79,2,43,95,82,79,47,82,94,50,99,39,36,19,77,86,10,61,84,8,35,40,96,3,82,35,13,92,45,88,41,10,62
52,63,1,8,45,28,38,54,24,55,17,72,36,80,72,53,77,93,4,57,45,39,2,31,97,28,27,50,37,16,19,77,80,12,37,95,80,75,13,89,76,55,64,94,2,64,53,92,17,92,77,38,39,32,100,19,12,96,21,44,7,80,54,5,69,85,14,47,3,42,79,22,13,55,39,79,47,95,13,32,95,7,83,70,49,4,82,52,58,96,51,88,84,65,31,27,97,67,64,59
84,83,57,57,55,35,86,93,11,45,87,14,1,38,15,75,28,74,65,17,66,29,71,94,41,39,56,73,1,27,54,31,79,61,42,92,46,30,27,51,83,64,100,31,80,33,52,64,27,54,81,31,11,55,37,42,90,70,76,19,64,0,48,94,72,78,98,24,96,36,84,98,43,73,52,29,67,36,33,89,90,81,18,1,28,96,22,60,31,10,77,60,22,14,14,70,95,83,3,27
93,78,87,68,19,67,48,92,28,24,1,28,66,48,95,67,78,20,38,64,12,75,92,25,69,8,14,21,65,78,72,78,28,6,71,23,30,60,85,76,33,22,13,58,11,96,73,83,5,73,59,11,22,29,75,65,86,35,11,88,18,32,64,17,85,62,33,74,52,3,25,89,84,68,23,70,3,31,65,66,41,20,66,72,60,68,7,74,20,97,67,88,84,77,84,66,65,52,86,77
4,95,6,94,62,12,9,91,95,63,5,42,10,74,7,51,13,79,60,48,22,10,100,92,99,93,25,25,60,19,63,94,7,90,42,42,35,88,50,22,92,23,57,20,13,16,9,73,39,86,62,94,92,68,100,54,87,88,58,87,67,14,31,62,37,72,38,71,74,33,87,41,90,68,10,96,91,50,0,41,89,64,48,77,71,54,57,65,67,33,25,12,69,93,5,61,80,7,96,84
20,13,51,24,20,82,90,97,93,63,70,67,60,39,31,82,64,100,33,98,33,97,63,83,30,16,39,57,93,3,3,68,8,27,29,80,0,15,83,36,43,6,32,72,88,61,60,46,62,72,2,71,58,85,86,36,26,45,71,95,60,69,19,55,23,50,25,59,93,22,25,16,70,54,99,62,51,60,65,39,96,5,56,24,65,82,23,72,18,89,2,55,36,87,75,39,7,33,38,15
76,47,85,34,68,13,58,39,1,52,20,4,13,54,88,26,17,71,72,29,33,74,99,86,41,23,9,60,42,69,98,14,27,83,86,21,28,92,37,35,3,83,85,22,70,50,61,13,88,17,74,42,2,13,31,2,16,69,83,83,99,58,39,88,27,1,67,34,80,37,57,70,44,39,64,28,6,96,40,19,52,25,8,27,55,50,95,92,59,6,17,69,39,74,82,12,4,62,83,92
88,55,86,81,50,85,82,79,12,93,61,99,42,31,62,22,14,60,9,51,31,7,83,79,22,94,90,23,38,24,72,25,42,13,74,50,6,69,65,95,15,25,29,87,95,94,32,26,55,5,14,44,49,5,73,13,64,21,51,94,59,82,100,50,78,79,49,44,4,97,71,5,38,32,57,89,84,46,65,16,41,64,82,83,10,60,95,48,3,31,70,79,32,91,75,65,16,76,49,50
58,93,84,62,19,67,95,78,50,2,17,72,90,95,59,93,24,55,29,21,56,96,44,100,5,32,13,66,5,44,44,20,81,71,71,8,94,15,80,79,29,20,18,38,31,2,96,56,23,5,36,77,72,18,26,84,71,26,73,21,20,34,23,68,55,47,22,67,39,31,22,92,100,43,16,11,97,61,84,78,82,13,31,81,64,70,17,39,26,77,4,26,33,1,62,20,37,31,99,99
0,9,48,0,29,26,94,78,74,5,89,14,54,95,36,52,65,38,65,50,27,4,59,100,74,98,8,27,94,8,65,65,95,45,54,97,30,91,95,36,21,89,49,42,93,55,10,61,69,80,72,31,19,83,1,25,99,38,76,10,49,41,34,14,6,84,35,51,93,59,44,48,27,88,77,74,82,77,23,36,87,71,51,5,71,57,8,40,1,56,14,76,20,87,5,3,2,51,11,3
99,76,75,64,54,67,19,38,7,35,54,100,6,22,8,48,44,73,72,14,72,71,4,44,79,58,49,68,47,5,16,3,7,91,42,67,4,90,96,84,94,49,10,20,95,2,17,27,41,14,26,29,23,37,40,95,29,78,78,77,14,46,79,70,20,43,17,95,96,7,13,94,33,30,95,90,7,51,70,34,46,85,58,34,47,92,33,86,40,48,11,7,45,12,49,27,3,37,11,98
15,58,21,7,46,95,88,85,40,73,15,81,30,11,78,71,32,9,36,88,90,100,99,77,48,1,92,67,84,70,87,26,23,23,57,71,46,86,42,81,1,52,91,70,15,29,47,42,28,43,69,48,89,61,99,33,94,84,54,32,5,27,99,99,61,4,10,81,57,68,56,92,44,13,63,5,38,51,18,60,28,77,65,82,41,85,32,13,27,36,53,99,15,89,84,44,59,16,87,97
29,7,61,18,88,19,25,92,80,20,49,2,72,60,48,50,9,21,97,78,89,15,38,61,41,67,54,24,77,33,91,81,11,70,22,70,53,6,13,12,96,57,11,79,83,63,17,29,1,41,96,36,92,48,80,85,62,69,79,24,23,25,94,57,40,79,70,70,27,83,88,55,27,37,65,88,99,80,22,82,43,33,90,92,11,25,86,36,71,12,62,93,35,100,46,84,97,72,97,47
84,100,71,26,62,97,59,45,15,40,68,93,56,69,75,32,84,25,35,79,42,70,22,76,15,15,79,60,44,94,50,9,2,73,24,65,20,58,43,85,44,48,33,14,43,28,67,68,17,74,11,81,38,9,59,65,8,32,94,65,97,6,10,53,39,94,74,31,94,94,45,3,87,43,62,38,19,95,14,37,42,91,85,87,42,18,31,90,81,82,91,7,88,81,94,92,34,0,50,49
25,64,21,94,9,19,48,38,48,25,98,63,20,23,69,11,37,31,25,66,5,86,32,24,83,77,60,13,2,83,91,36,51,20,58,44,73,38,40,14,85,4,40,41,40,91,36,56,26,61,51,36,31,7,79,34,11,18,11,16,3,73,9,76,82,20,93,41,96,25,79,97,10,64,30,55,33,39,60,20,7,22,16,59,21,45,91,72,18,60,73,65,91,20,66,7,56,81,66,94
92,77,16,43,35,80,46,50,34,77,12,39,47,64,31,23,52,0,68,51,38,10,35,36,8,51,93,69,42,13,48,92,33,42,63,27,27,21,6,76,51,42,41,79,18,88,45,69,22,76,17,7,68,45,83,87,46,8,33,64,90,39,35,84,71,44,28,89,49,55,55,30,68,93,14,35,62,79,65,28,42,95,100,53,10,85,11,27,35,57,53,53,30,83,53,75,2,30,80,6
25,8,23,87,16,4,13,45,51,6,99,57,7,64,79,90,79,53,64,35,78,36,50,4,30,98,78,87,30,38,43,44,90,51,60,29,84,5,29,72,38,21,1,10,52,89,94,50,39,88,8,64,100,0,14,69,39,23,83,13,23,69,96,21,82,22,98,83,87,52,77,88,12,49,82,82,27,39,56,98,76,18,100,49,78,40,81,80,3,50,93,31,23,3,82,81,38,45,16,76
97,37,82,2,5,7,40,18,81,32,40,23,93,84,88,40,41,66,45,60,98,31,31,6,6,94,96,93,97,17,76,41,22,23,14,67,87,93,1,96,5,98,97,27,89,29,26,31,98,86,79,11,2,0,7,44,67,45,86,74,1,19,94,88,63,73,92,81,27,97,95,40,25,66,2,86,58,37,34,46,28,32,86,50,0,84,3,24,86,12,25,47,71,87,39,5,90,37,96,21
75,66,69,95,92,14,17,100,14,22,96,61,16,6,84,28,83,39,37,81,96,72,86,58,22,17,8,69,46,88,92,79,59,90,99,9,76,36,27,95,29,70,17,56,83,52,89,37,40,11,37,19,68,50,79,97,92,86,10,31,3,27,80,25,10,9,46,59,99,43,50,85,69,41,90,78,85,6,82,58,98,99,59,28,34,50,27,85,6,85,70,88,56,20,71,4,51,77,92,53
88,39,87,76,2,91,66,62,2,11,28,62,11,7,14,12,82,74,21,3,4,21,48,19,28,91,17,37,47,2,51,47,70,46,2,11,41,89,94,20,48,0,14,49,67,54,64,99,36,93,72,18,28,7,12,56,54,17,19,42,42,11,3,24,37,83,92,51,88,52,49,24,17,89,44,96,29,69,70,56,97,49,9,27,28,25,95,92,56,96,84,48,77,4,58,20,92,4,65,17
3,21,67,79,12,93,12,79,70,22,69,88,47,22,51,98,49,62,1,90,100,81,86,80,45,75,46,98,96,60,88,52,92,52,16,39,60,23,29,1,33,10,16,13,13,93,94,94,30,25,28,75,36,12,68,56,49,79,58,12,64,48,80,77,73,69,58,20,26,15,93,94,59,64,33,4,84,93,18,60,46,11,12,32,36,4,64,69,28,16,25,6,67,83,92,77,44,56,86,48
71,84,0,81,82,1,39,91,89,4,68,98,50,82,20,51,74,61,15,61,59,71,27,40,28,87,36,12,98,80,7,90,21,85,41,16,89,14,15,51,94,83,31,87,8,33,32,80,63,84,74,81,78,37,86,3,39,99,13,25,34,62,62,35,72,15,50,10,44,42,9,14,31,76,29,51,34,28,86,4,52,87,89,56,62,45,55,60,100,32,30,91,5,29,81,52,69,13,11,10
64,84,13,0,37,11,93,56,76,44,16,70,8,0,39,19,24,91,59,46,91,61,62,7,58,74,47,79,51,41,44,84,0,28,40,3,21,100,22,23,71,77,46,55,63,68,2,60,74,82,30,85,53,41,17,40,32,54,17,31,84,59,10,36,56,30,70,60,71,44,39,23,41,40,37,1,62,77,4,69,71,48,71,62,20,67,69,100,85,91,80,56,58,7,37,31,5,0,8,93
99,90,64,34,9,71,2,24,35,61,17,58,61,41,15,65,41,55,53,18,28,0,31,9,23,52,28,68,49,11,38,67,24,54,61,23,3,50,93,20,40,47,71,26,95,11,6,43,86,69,49,74,74,63,53,74,83,83,13,84,4,50,78,55,100,96,6,25,12,28,43,0,46,80,85,95,46,86,39,68,86,24,18,89,21,56,15,28,42,70,3,20,57,31,12,64,61,61,54,38
59,30,1,94,48,84,72,56,93,38,0,17,86,56,88,24,37,63,57,49,91,7,69,58,26,57,8,43,96,27,32,67,7,38,38,0,40,89,70,100,38,61,62,64,88,34,73,39,93,80,50,40,51,25,96,65,38,11,2,75,44,42,22,29,77,99,67,16,88,32,91,14,58,72,81,78,40,25,64,39,75,47,35,67,58,63,93,28,39,3,30,90,14,53,33,99,78,94,17,10
22,35,4,97,78,62,12,28,83,58,82,63,74,4,4,38,81,95,84,95,34,73,12,6,19,6,42,84,18,23,65,50,79,66,23,99,16,54,83,50,63,73,43,90,53,6,93,8,48,2,29,14,48,2,85,42,17,86,19,74,80,53,5,97,80,56,50,82,84,64,78,94,84,88,11,53,14,26,77,86,64,20,86,59,68,8,80,75,39,72,84,65,50,100,30,96,67,70,59,17
68,5,8,16,18,72,4,43,74,99,3,40,30,46,39,75,73,46,53,6,70,69,16,41,22,38,27,55,75,7,7,84,59,15,24,55,48,98,95,22,68,47,49,50,63,29,89,78,44,91,6,24,69,44,49,22,39,97,74,2,63,42,93,2,28,37,54,75,30,83,75,30,91,22,47,18,83,28,65,45,69,77,88,25,28,59,41,44,89,35,91,22,40,7,64,7,84,95,40,66
71,57,34,60,8,38,36,64,45,85,94,47,83,88,7,13,78,63,75,85,85,91,52,55,20,19,93,48,56,93,5,86,57,91,22,11,100,97,100,55,35,2,87,58,88,80,99,7,96,83,61,38,46,82,98,13,64,4,50,81,80,70,45,19,31,36,37,4,44,81,93,28,24,57,1,72,76,67,73,93,5,59,2,96,13,49,88,45,73,35,11,40,69,8,22,59,24,58,43,50
45,2,49,18,2,2,48,52,92,93,28,75,45,55,69,20,88,65,45,39,56,29,35,12,77,32,45,76,64,73,7,46,76,25,94,42,69,79,34,85,91,3,85,66,19,80,71,99,78,60,50,41,21,28,33,83,85,23,72,97,89,92,26,87,49,71,58,50,38,35,73,18,39,46,19,15,44,79,15,82,68,76,74,64,71,54,17,82,96,53,99,50,57,8,29,28,54,100,42,69
2,52,14,91,40,10,83,78,72,96,68,51,71,96,69,53,50,38,72,34,90,53,100,92,81,84,76,48,78,11,72,14,32,63,96,56,46,80,5,38,83,63,7,85,100,70,65,53,55,56,23,57,53,51,79,69,49,38,78,32,18,36,89,56,6,40,17,27,92,0,36,69,14,12,32,59,56,54,83,70,100,34,36,77,62,50,0,16,2,29,27,12,95,92,46,87,56,68,59,53
54,2,92,91,43,50,94,36,8,34,48,14,22,0,48,27,80,41,50,14,9,29,10,23,32,0,2,63,87,49,48,27,40,60,60,0,92,71,80,99,95,8,53,14,90,38,7,12,73,60,75,12,43,1,34,29,54,69,59,83,58,33,20,4,46,27,52,14,26,40,0,32,3,57,36,49,64,56,10,45,44,34,95,57,88,34,69,64,80,64,14,89,78,43,19,27,45,92,68,50
40,71,39,37,4,33,93,74,38,52,25,67,88,72,58,52,97,88,88,74,41,88,93,42,31,66,16,9,83,11,16,5,39,62,4,10,3,77,59,65,71,83,83,31,24,14,80,41,95,22,47,87,47,96,2,12,75,22,22,14,93,56,81,69,26,15,70,63,67,35,0,22,65,34,49,40,69,9,54,71,38,70,37,12,79,92,21,10,98,12,92,87,84,8,54,62,45,23,47,12
49,41,51,81,60,65,44,64,27,1,21,90,32,8,49,58,55,84,86,77,4,2,90,43,28,4,60,40,48,26,76,82,51,76,91,14,41,66,15,16,84,65,3,23,61,4,15,89,4,89,97,96,38,56,9,94,76,66,14,27,64,57,28,76,51,5,93,58,16,56,39,62,99,98,29,83,49,99,11,88,98,93,66,78,17,11,68,31,28,30,93,91,67,32,67,56,92,26,43,4
55,64,97,76,3,13,20,74,39,63,87,60,99,17,82,52,25,99,26,100,3,35,6,18,33,91,53,17,31,6,24,94,44,12,11,48,47,65,16,53,11,43,80,22,61,79,56,57,57,4,15,85,87,44,97,83,98,58,74,13,52,100,86,40,24,52,76,91,76,66,41,55,75,33,51,7,85,83,59,93,98,81,85,100,60,43,26,36,33,70,24,39,42,85,36,13,0,8,58,63
16,26,12,73,39,86,96,89,63,43,51,33,32,77,92,8,54,40,64,85,20,59,33,17,56,65,19,56,85,15,61,73,55,48,73,0,13,26,74,34,45,22,94,85,87,41,48,53,19,75,90,30,34,61,51,80,91,51,87,52,77,50,80,81,40,98,73,47,19,28,15,24,97,58,37,8,72,24,48,33,40,41,64,13,80,13,64,91,1,66,66,58,87,57,14,36,70,44,45,36
44,1,79,49,80,94,61,95,15,54,77,21,24,96,55,33,77,81,12,4,70,98,23,11,57,65,13,43,47,31,7,26,71,28,39,35,49,68,29,67,81,52,43,56,85,10,74,6,74,14,29,56,82,67,36,67,78,52,27,78,4,83,44,82,53,74,0,34,25,89,80,77,71,25,78,44,84,99,58,76,84,90,8,92,28,90,84,45,84,39,11,38,14,95,31,26,66,32,80,16