72,63,94,74,6,96,91,90,25,47,85,67,25,20,55,83,57,36,97,90,10,94,11,22,9,97,47,39,14,96,3,46,3,66,64,77,52,96,14,70,94,39,58,69,31,16,0,65,32,37,58,84,8,39,53,67,35,81,91,16,12,65,11,28,98,52,43,94,39,86,26,10,1,11,92,82,11,99,19,8,53,80,73,18,44,65,33,64,67,53,80,78,79,44,78,73,82,94,78,100
87,73,99,78,88,16,94,93,29,47,90,3,37,50,79,24,85,52,11,3,54,69,13,72,60,99,51,5,11,85,13,94,70,27,0,53,10,63,74,29,12,97,98,70,35,59,62,68,3,0,90,8,90,35,85,55,92,2,85,76,57,43,84,54,54,10,93,40,55,69,99,97,66,64,5,90,69,71,42,29,72,94,45,9,32,42,43,20,66,32,35,49,54,44,99,65,54,83,84,33
61,42,38,100,16,44,52,47,61,24,88,67,78,43,33,85,53,13,34,60,97,36,9,100,56,54,46,50,44,85,60,25,18,2,5,4,90,18,2,59,95,41,53,10,40,61,5,62,69,80,57,42,93,20,57,24,53,27,12,32,80,54,95,7,64,89,99,15,68,14,67,54,37,11,89,53,84,87,18,58,51,77,79,80,77,52,44,98,40,55,63,6,91,16,82,53,59,25,79,58
70,22,43,11,30,83,99,52,7,77,72,44,40,32,3,14,36,26,88,64,45,89,45,37,87,58,24,69,19,63,56,40,7,36,60,64,51,7,91,45,89,82,15,32,76,15,49,79,91,82,76,20,74,86,84,14,100,56,67,71,81,58,63,45,83,44,23,29,27,51,86,14,70,54,27,76,52,44,1,63,16,10,36,72,35,73,66,18,62,71,47,14,62,3,39,16,50,47,38,97
7,69,15,67,58,100,65,22,41,10,17,13,43,52,74,20,83,52,14,66,92,35,8,84,37,95,47,17,77,55,72,73,83,14,34,3,74,46,16,10,42,24,97,39,27,37,3,35,25,66,46,36,73,33,64,72,68,40,50,45,37,69,98,72,27,28,70,36,70,25,90,100,87,70,12,88,19,18,91,23,98,60,29,17,56,24,98,49,35,43,26,25,98,85,69,66,100,97,2,27
61,39,17,14,39,63,82,10,63,0,77,27,79,78,84,38,42,58,13,76,78,30,37,78,40,14,66,57,14,36,66,90,38,35,81,57,38,58,51,63,80,13,32,24,80,65,37,91,9,58,69,66,91,92,16,46,15,42,76,28,4,5,15,71,99,73,31,47,18,67,72,91,47,10,13,66,31,0,59,7,92,47,19,45,81,37,29,61,93,38,92,76,18,8,22,97,28,6,41,36
88,83,61,98,86,33,57,22,18,59,71,46,78,56,40,6,42,62,2,7,19,86,22,33,23,50,61,11,50,18,77,5,66,65,2,42,24,75,44,11,85,23,19,27,74,91,46,55,91,77,52,52,25,61,77,100,73,24,76,34,89,84,24,13,86,22,11,89,71,47,31,77,8,88,49,25,17,86,19,20,22,26,78,89,26,97,77,29,56,76,95,7,85,27,31,58,76,70,91,12
40,25,94,71,17,67,64,82,41,80,29,80,64,56,45,98,7,26,48,6,81,25,0,30,56,17,46,60,51,70,32,9,46,0,15,83,32,71,87,17,1,54,38,95,16,48,60,65,19,35,79,42,69,10,11,7,11,13,63,22,72,55,9,8,99,75,63,9,70,67,90,100,67,85,58,11,12,56,21,17,21,94,73,45,90,98,13,0,66,14,75,29,27,6,3,6,8,43,90,56
14,28,77,1,53,40,9,91,13,77,61,46,73,92,47,41,7,1,16,78,37,28,77,50,72,40,97,65,79,65,40,51,43,60,50,96,57,68,27,99,84,59,19,80,56,31,55,20,72,15,94,80,54,33,66,45,65,70,39,28,87,18,62,43,39,45,98,59,49,49,67,20,77,35,88,98,60,32,25,8,25,31,55,86,5,62,27,50,19,78,19,37,83,85,94,79,88,51,72,62
79,69,32,57,56,91,74,4,35,6,29,90,55,93,2,55,12,14,87,71,0,97,56,69,33,31,56,24,39,36,0,47,35,70,70,4,90,98,92,9,29,55,88,23,64,96,27,38,50,88,98,42,28,26,50,26,49,50,67,86,2,66,7,54,72,70,4,31,58,47,73,82,14,6,83,3,75,47,49,49,71,17,1,11,32,77,37,46,82,0,80,25,54,44,18,53,24,8,20,94
52,98,39,36,54,99,50,24,72,95,99,90,33,66,18,69,62,3,37,79,51,0,70,38,84,13,74,19,0,53,51,18,80,41,79,8,85,67,45,9,5,88,75,25,36,42,60,19,47,36,42,48,30,95,88,21,55,25,51,61,47,68,61,71,91,8,6,19,64,87,19,51,75,16,91,8,11,93,59,39,91,60,0,94,36,41,89,54,91,6,12,33,36,68,94,96,28,23,67,21
45,92,67,37,22,79,69,86,1,30,74,51,45,73,2,31,74,30,85,56,65,33,4,44,54,55,95,16,62,70,93,34,18,32,94,75,15,19,5,95,22,90,39,77,42,87,17,45,6,95,85,98,53,98,18,54,20,47,71,50,37,48,21,25,55,42,75,14,85,43,47,88,57,2,16,40,50,33,85,28,51,73,62,71,33,17,55,95,72,2,100,65,31,3,68,9,61,21,36,92
27,26,26,38,8,87,75,50,65,83,81,89,93,96,67,10,55,16,39,27,86,74,88,60,26,36,64,33,51,59,75,59,8,46,92,31,54,90,81,65,48,28,45,92,96,71,9,66,66,81,53,75,22,85,71,86,63,78,97,90,47,27,74,34,28,66,73,63,27,84,95,58,6,40,64,64,58,41,31,6,11,27,21,8,36,49,72,85,64,8,40,16,85,97,46,4,23,97,97,3
4,23,25,5,52,74,78,51,50,21,91,33,61,17,51,64,66,81,99,48,8,94,13,47,10,91,80,86,31,11,34,98,34,58,98,24,61,56,66,68,89,73,68,16,9,11,39,56,84,37,29,95,52,61,57,67,38,44,54,66,66,72,53,90,88,100,62,100,90,15,60,15,47,3,6,0,97,87,65,68,13,32,54,9,59,100,37,37,8,43,69,90,99,45,37,79,20,73,66,70
36,45,38,1,55,90,41,43,12,3,74,84,60,14,37,76,6,4,72,78,73,21,56,55,64,86,9,99,98,98,5,69,37,77,7,4,96,66,75,29,63,81,51,31,45,9,3,18,30,55,32,74,83,80,95,40,92,31,81,100,51,88,50,22,60,56,81,32,49,42,46,61,70,25,94,48,13,66,18,92,94,73,32,93,51,34,78,87,91,12,60,37,82,38,83,30,11,68,79,91
8,52,89,42,42,7,47,61,96,93,28,71,24,79,36,20,46,56,90,49,24,18,45,41,1,32,80,17,57,64,72,47,44,22,92,14,74,98,68,94,74,55,86,69,80,31,35,67,38,45,63,13,41,31,52,77,30,95,13,0,33,67,50,99,10,50,74,51,83,6,3,96,56,56,48,37,51,12,85,46,73,67,10,62,75,33,43,52,90,80,0,68,64,52,13,6,0,100,48,42
7,63,78,19,98,80,19,89,2,29,45,90,22,81,48,8,8,79,88,94,37,73,72,34,98,86,96,76,73,49,12,93,2,18,13,9,85,6,83,2,43,81,14,7,62,59,65,50,50,48,37,0,66,1,86,78,70,75,44,87,92,26,92,2,79,25,79,92,75,26,70,8,20,0,51,65,9,37,32,48,94,92,41,34,78,19,71,83,26,18,37,53,45,30,84,60,15,34,36,94
42,91,66,36,14,19,48,84,74,2,97,24,96,9,45,90,61,46,96,34,63,24,90,22,11,83,3,27,68,11,41,43,76,13,5,64,37,85,54,99,57,2,68,24,13,90,65,86,18,69,83,1,95,88,10,16,92,66,73,42,85,99,68,100,85,46,19,5,57,14,23,59,54,73,68,78,96,50,67,68,86,99,44,97,77,42,1,38,86,76,20,51,41,68,89,34,49,18,61,24
67,46,93,79,11,56,38,37,57,60,36,33,31,100,78,66,23,29,69,70,68,42,96,79,89,100,13,12,34,59,36,37,52,21,34,6,84,50,53,81,31,2,49,26,16,29,43,39,82,48,13,6,88,44,91,10,44,42,43,48,8,8,86,88,4,57,83,36,85,83,27,80,60,68,95,47,95,87,6,66,23,11,39,44,19,87,81,5,29,9,61,37,1,9,56,41,36,74,39,86
64,39,79,5,50,57,6,38,74,99,59,85,11,58,54,35,4,74,32,64,7,82,97,7,75,5,37,1,35,5,75,24,88,100,52,72,20,31,44,4,7,6,52,70,23,25,44,10,85,15,18,6,86,96,25,48,30,89,29,12,31,73,30,34,55,13,86,50,38,1,84,57,1,4,32,28,74,62,49,41,14,59,10,97,62,1,49,46,27,6,31,48,9,24,77,25,24,61,61,82
16,56,77,14,28,16,64,56,78,74,58,38,70,27,61,88,70,55,49,1,65,88,3,77,82,36,40,98,68,25,84,25,80,58,94,78,36,47,4,43,10,46,87,18,32,55,46,6,34,60,90,23,64,74,95,7,86,1,29,61,58,83,18,76,9,12,88,97,18,69,59,41,25,33,79,57,99,74,98,84,78,30,26,88,13,79,88,33,47,68,9,43,11,12,51,54,36,45,53,44
82,53,1,47,27,44,77,65,16,29,9,30,60,51,29,64,46,44,39,62,59,11,89,96,48,77,27,73,89,90,12,35,92,26,49,99,94,19,66,25,48,2,33,58,90,66,67,32,92,11,86,78,84,50,83,65,29,5,17,37,98,12,50,49,9,61,99,22,53,6,45,94,8,29,65,14,76,84,4,17,32,66,7,55,64,14,16,20,77,43,54,73,56,20,19,56,58,92,42,6
79,46,48,48,77,81,35,22,76,95,42,85,0,17,21,17,2,46,28,37,18,9,91,45,13,84,82,80,81,86,27,34,66,96,80,0,40,17,37,10,84,54,73,32,70,70,4,91,11,16,8,70,38,74,19,10,36,59,33,64,0,76,54,87,16,55,16,60,71,34,61,30,58,58,2,48,74,27,9,89,19,93,9,35,26,54,56,77,90,51,81,58,64,14,79,56,81,75,33,40
62,6,79,64,75,94,1,45,64,81,32,21,2,18,20,27,95,7,18,48,40,2,95,53,5,68,98,19,11,97,12,41,72,1,75,62,14,90,61,48,58,74,33,45,62,24,63,70,87,11,49,66,30,7,32,81,99,10,17,24,97,8,24,98,67,88,58,75,68,21,96,47,37,3,41,91,99,92,78,37,42,95,23,99,88,58,4,72,56,95,30,99,85,76,74,54,72,68,60,86
18,71,7,93,71,39,72,24,40,67,97,56,99,100,60,5,84,50,18,61,89,29,30,63,92,89,31,19,13,10,49,9,10,47,69,22,49,54,16,64,53,53,19,90,43,49,98,19,80,6,53,88,80,30,22,79,27,63,81,21,45,74,68,71,28,30,92,60,58,30,52,97,95,34,50,9,99,49,38,92,31,1,35,25,89,29,70,51,15,0,14,56,27,72,89,6,34,18,98,6
33,83,69,68,7,23,62,24,24,87,56,92,46,57,90,1,91,17,67,84,34,11,33,33,74,78,6,60,54,14,78,29,61,71,1,55,69,97,6,43,82,71,41,26,41,9,65,84,57,32,8,22,61,63,26,27,99,32,51,53,21,97,69,54,33,94,94,42,38,96,57,61,82,96,4,77,67,32,33,61,28,96,0,8,9,50,2,49,17,13,5,81,33,9,13,4,28,60,93,79
64,57,59,6,22,77,38,25,33,45,29,3,10,11,48,16,92,8,82,53,3,5,68,83,73,50,84,61,54,74,69,11,47,82,80,80,29,73,64,46,2,59,61,1,75,7,56,14,18,43,99,35,74,91,95,16,30,13,6,18,61,80,23,16,32,35,59,9,28,11,52,87,98,73,82,2,81,1,3,19,34,71,52,22,99,41,98,21,33,52,19,96,24,80,20,56,60,67,61,68
30,73,42,97,33,53,63,27,1,88,68,4,64,38,0,26,56,35,74,10,34,65,95,5,6,27,81,87,44,28,40,83,1,25,64,40,28,48,54,100,89,52,54,38,92,33,18,18,44,50,40,84,31,94,0,68,67,94,69,50,52,80,65,34,40,4,27,88,56,88,24,73,90,34,11,48,40,3,40,93,24,66,66,14,90,3,37,58,89,94,57,25,53,73,37,5,46,15,25,84
14,46,9,23,83,48,27,39,49,0,29,10,13,9,80,67,30,48,22,95,79,65,45,70,13,97,48,28,90,69,80,89,19,48,60,36,89,83,5,59,82,76,96,79,49,2,60,38,11,82,2,73,49,11,63,83,99,9,37,81,30,30,52,2,9,85,68,76,53,80,13,39,76,94,60,16,81,36,68,71,81,77,75,2,18,17,60,91,34,25,6,44,37,43,35,36,16,43,64,65
27,15,39,16,40,49,64,90,27,86,17,44,38,0,4,73,21,56,24,11,80,97,51,37,2,50,16,53,94,13,8,5,61,48,31,59,85,17,31,72,0,44,46,70,1,28,55,20,46,4,58,89,64,47,78,8,16,71,7,59,64,86,84,64,98,27,74,65,73,44,13,42,28,30,42,56,87,95,36,38,8,75,43,20,51,97,56,13,26,81,76,72,53,73,71,59,58,16,98,77
84,32,40,61,49,2,68,4,73,30,35,72,67,80,74,72,3,52,38,93,58,33,58,96,56,18,36,62,64,1,9,40,85,63,45,87,71,9,85,14,98,15,63,40,91,55,5,38,42,68,74,40,84,20,3,38,68,14,45,81,60,18,29,27,28,84,44,70,75,92,44,63,62,7,14,76,20,20,21,5,15,72,64,22,4,33,98,74,2,35,90,55,31,71,98,0,36,82,56,19
24,1,99,4,69,53,81,74,4,83,73,59,74,30,36,34,9,10,10,94,94,34,11,99,48,91,39,11,31,88,25,81,18,99,11,94,24,59,76,25,43,13,16,0,75,81,19,4,26,67,52,12,75,7,10,43,90,84,72,51,11,94,76,31,55,60,12,88,68,51,23,55,79,59,40,43,15,63,31,100,70,29,34,79,5,89,0,72,89,64,27,56,97,93,93,35,16,43,71,59
1,9,4,50,94,10,14,34,94,3,30,21,34,5,30,27,0,72,68,58,99,31,37,52,42,25,94,12,26,95,42,68,65,78,87,32,12,96,19,99,73,67,4,28,35,67,22,24,18,25,26,59,38,62,62,23,87,0,71,16,1,45,44,50,4,78,67,93,45,66,92,69,77,99,86,85,17,9,40,15,57,40,51,76,56,26,96,53,62,30,78,14,33,72,42,45,37,76,68,33
87,77,94,27,80,56,93,31,84,57,5,34,94,89,53,3,34,45,62,32,91,78,79,18,52,19,2,51,30,75,18,4,94,8,49,4,97,35,59,70,23,65,87,41,26,51,100,18,49,15,31,82,48,83,79,11,32,90,83,53,15,0,57,13,2,55,7,29,89,3,69,19,90,66,34,21,68,33,27,72,75,17,26,64,85,73,79,89,28,23,7,85,37,38,31,65,73,2,80,28
44,82,69,67,36,96,16,76,58,56,91,7,67,75,52,13,100,13,83,51,31,31,39,23,60,61,25,51,49,74,52,9,12,38,71,82,6,0,45,69,57,0,40,19,65,76,95,5,9,48,13,62,0,10,90,26,37,44,33,91,34,75,88,26,63,48,8,76,56,74,64,2,34,82,4,59,36,85,60,34,80,74,96,100,32,8,86,49,40,40,12,17,26,29,26,60,51,38,63,62
65,32,88,28,1,94,83,38,82,4,3,62,82,92,59,13,12,75,28,61,13,87,67,50,58,20,84,86,64,49,20,76,82,82,52,47,37,41,99,23,28,43,62,27,92,2,24,39,18,82,75,14,100,84,21,16,82,61,84,100,15,70,36,65,53,11,81,47,64,22,47,5,11,61,42,20,4,48,19,39,91,93,52,49,21,83,63,13,9,4,98,86,29,24,28,82,100,17,74,35
76,4,27,69,6,8,30,16,71,90,93,71,8,25,50,66,100,85,79,26,99,89,17,73,91,41,5,90,37,12,31,17,59,46,50,73,88,65,8,86,35,50,25,76,15,1,1,63,2,67,32,95,57,20,1,40,15,13,89,40,33,66,86,49,23,11,28,61,49,68,48,6,9,32,53,86,98,13,98,19,2,38,53,88,87,8,62,59,35,1,17,93,35,44,28,64,12,37,79,38
15,94,85,81,87,22,68,65,30,14,43,60,47,22,37,37,14,79,4,60,38,74,76,48,81,35,43,72,57,42,40,21,18,12,62,69,94,76,7,35,94,15,48,86,27,11,46,65,78,96,5,78,1,17,73,15,29,47,32,85,36,45,0,15,22,84,50,78,80,82,64,58,18,18,36,31,26,54,7,97,5,5,37,14,63,96,35,30,40,9,17,16,75,81,100,72,51,74,57,69
62,27,76,60,2,41,78,62,43,31,42,77,57,84,72,9,76,59,99,43,18,20,21,23,87,24,31,90,52,12,33,71,49,1,8,74,75,99,26,7,84,52,65,48,46,30,54,16,2,71,72,30,26,83,58,71,95,98,33,73,24,15,82,96,67,100,23,97,1,61,32,78,9,30,62,9,91,28,27,20,17,23,24,10,80,49,42,93,12,7,21,59,69,61,7,15,36,91,40,52
99,2,31,97,6,31,18,88,81,61,90,98,18,70,7,78,54,43,27,29,3,4,99,99,8,15,28,46,25,8,92,61,74,4,9,95,87,94,77,26,42,67,93,33,92,39,6,68,64,82,58,42,16,52,46,49,14,97,81,25,9,16,15,96,80,6,6,16,44,7,20,21,84,24,15,46,6,82,2,43,32,54,59,50,85,38,12,82,64,23,86,100,44,17,21,8,34,52,86,26
72,55,82,24,15,32,6,93,28,76,8,78,95,98,44,44,82,3,68,80,68,98,11,78,99,79,30,44,45,82,81,100,86,74,32,51,16,51,24,21,63,24,62,21,16,19,4,39,19,5,30,50,17,0,26,92,59,96,48,52,72,47,80,54,100,80,56,77,46,84,49,22,97,96,5,51,59,13,25,7,54,48,47,67,45,90,77,65,71,74,75,7,17,39,1,52,23,38,99,47
98,51,70,80,9,91,48,77,56,90,36,70,78,99,0,87,49,74,93,32,33,4,31,92,19,62,2,87,88,38,24,93,28,61,69,11,69,17,44,25,68,51,72,10,89,50,32,71,7,68,30,47,59,84,72,15,64,86,21,6,38,80,74,67,62,0,54,41,41,74,72,14,97,83,70,1,15,56,78,92,27,86,30,65,64,23,92,31,72,9,81,78,98,31,60,30,76,85,61,36
24,81,85,11,31,32,70,32,84,99,45,64,91,3,93,2,48,42,20,29,21,37,97,35,91,53,78,81,6,32,28,8,48,14,89,24,9,91,100,45,92,13,87,3,74,19,26,54,48,84,75,51,49,71,32,61,59,59,92,38,14,76,57,56,3,41,27,11,89,63,86,12,50,65,7,74,17,40,95,1,75,63,22,8,36,77,32,8,49,2,55,22,63,30,2,80,90,60,0,95
54,16,77,38,48,97,36,80,10,28,20,74,58,71,74,56,70,90,39,95,98,58,95,21,60,16,75,45,87,9,69,46,26,89,15,24,7,15,0,30,48,45,66,61,77,2,53,30,74,58,70,36,82,26,5,18,3,94,22,64,70,73,50,93,90,34,64,67,22,48,98,79,97,50,98,17,62,18,52,76,34,91,65,12,13,63,70,73,2,64,83,37,95,96,66,0,69,54,62,61
94,8,96,77,38,44,32,33,92,63,11,53,60,42,80,58,61,78,60,15,21,63,57,39,0,24,18,83,89,29,49,4,26,95,43,68,74,80,49,8,72,52,9,53,15,92,28,83,32,9,13,23,62,95,19,0,17,39,62,68,29,59,47,64,37,55,88,20,11,23,49,18,47,18,34,4,98,57,56,80,26,16,71,3,100,21,2,77,5,61,38,45,80,25,13,21,25,97,88,81
8,95,91,63,92,72,68,10,51,59,41,76,27,5,0,88,64,10,28,6,12,13,46,82,53,10,85,64,91,58,53,43,24,68,65,8,94,63,15,72,89,45,67,35,29,98,35,41,43,11,39,87,47,92,91,46,89,75,61,98,12,3,42,43,13,21,8,49,61,33,82,39,0,50,83,4,95,69,98,59,6,11,9,80,83,76,54,47,19,84,45,71,87,39,66,11,73,33,14,89
19,78,49,30,91,66,46,45,69,7,52,6,91,17,42,76,7,66,15,33,29,24,7,44,29,86,97,91,79,64,73,1,60,33,33,74,85,72,58,10,0,69,49,82,92,29,81,1,63,42,8,90,58,28,79,65,59,76,25,6,91,45,32,58,87,28,78,30,34,14,71,94,91,75,82,63,31,61,58,15,48,81,46,17,80,52,66,42,8,51,52,39,30,60,47,45,62,43,68,90
26,64,69,92,25,31,47,88,2,18,0,91,77,90,58,41,86,10,91,41,38,75,63,13,12,29,14,45,26,9,16,79,91,42,77,47,94,84,42,89,55,8,74,91,38,27,97,16,70,25,40,22,73,55,40,20,26,55,6,75,6,21,41,74,57,91,84,89,20,1,100,89,28,59,1,66,0,44,76,57,89,28,97,23,24,78,51,76,50,8,45,4,37,26,25,49,40,26,35,44
70,40,31,6,20,15,60,25,44,54,27,72,14,56,81,69,91,43,96,2,90,76,85,16,0,60,100,13,93,71,41,23,31,34,29,17,20,12,86,16,26,67,72,56,79,95,50,90,67,3,73,65,53,13,8,20,36,92,45,38,47,58,50,70,26,49,49,36,54,25,88,34,34,11,30,37,99,5,35,87,83,30,46,28,53,36,41,57,42,77,26,19,6,38,45,58,74,36,59,53
42,68,45,17,1,16,89,27,12,84,48,73,32,94,16,64,79,92,89,58,73,7,78,96,91,47,46,99,51,62,39,33,80,35,70,82,27,81,18,78,11,23,10,1,19,72,97,10,85,96,89,12,43,10,56,97,25,6,57,63,21,34,87,84,60,20,32,9,78,7,28,63,99,24,51,81,83,98,11,69,1,3,100,15,41,31,74,82,29,8,50,84,6,92,86,99,27,25,40,5
27,4,41,72,59,5,99,55,79,90,21,88,10,84,35,32,86,5,72,44,69,69,94,29,79,48,48,95,53,69,85,32,71,85,27,49,21,6,90,18,53,57,58,92,86,55,17,6,5,60,46,80,36,77,29,23,44,8,67,35,11,87,52,2,11,17,63,34,43,69,62,64,8,59,89,95,55,14,53,9,93,55,71,52,20,31,58,64,94,40,44,24,60,55,54,11,96,18,42,7
27,88,50,31,41,93,60,63,70,19,76,18,23,30,19,95,87,16,100,45,11,69,5,69,86,38,18,97,7,59,67,47,57,54,71,22,32,40,22,54,53,80,64,81,89,50,18,35,48,39,49,55,9,94,2,41,92,0,70,24,9,54,44,17,80,20,96,18,66,5,9,51,33,82,82,48,32,54,17,50,26,70,70,71,86,79,61,42,14,64,46,46,62,72,0,13,79,34,83,68
18,53,18,33,69,4,57,71,53,4,67,76,8,65,99,99,86,6,1,23,76,29,85,9,27,53,79,58,44,33,15,62,31,30,61,53,72,98,82,74,52,38,81,100,99,54,18,55,23,61,50,12,1,22,68,96,53,25,15,10,81,1,77,100,78,41,99,20,75,67,60,58,98,26,42,82,15,70,9,89,71,11,6,38,89,49,32,61,50,27,85,52,8,69,82,86,24,78,48,46
29,16,17,61,63,16,80,31,64,85,57,70,81,88,88,67,30,4,41,65,53,75,36,93,24,31,83,41,81,27,76,2,38,87,71,55,84,62,97,9,4,24,22,83,92,81,38,35,81,78,57,84,27,88,38,100,28,66,31,83,6,68,73,28,86,20,60,60,21,51,47,85,25,79,9,20,23,11,98,66,99,44,9,83,16,22,67,43,45,39,30,76,21,65,100,29,82,76,23,76
13,64,11,6,16,79,59,54,21,81,1,78,56,51,86,66,84,20,92,2,24,73,89,29,35,15,7,28,11,74,71,70,25,60,72,30,29,68,9,74,18,57,32,62,67,70,14,53,53,21,47,87,57,90,32,32,83,60,77,41,10,4,73,63,86,41,7,95,3,86,86,37,56,10,44,90,7,13,48,17,18,63,37,57,48,71,25,14,73,48,16,57,23,75,69,2,83,26,34,70
80,40,16,37,33,76,58,83,68,1,6,57,15,70,85,60,3,49,36,77,47,81,15,38,39,39,13,69,74,67,85,53,60,35,72,22,46,77,95,59,84,23,96,83,5,56,1,37,3,54,29,15,95,100,42,85,93,6,12,19,27,45,95,14,80,48,87,42,83,93,86,51,42,7,88,81,50,58,24,87,52,91,15,63,45,97,9,66,29,3,62,15,44,42,95,39,69,67,3,82
20,70,68,89,35,93,93,56,27,81,83,97,79,16,88,35,24,86,11,91,81,4,0,93,3,3,58,29,98,1,8,58,86,78,37,7,24,1,2,44,29,30,55,45,96,60,79,5,98,89,99,26,97,18,18,14,33,60,11,41,59,95,70,61,17,1,80,49,75,5,40,86,34,22,28,94,39,29,89,0,72,89,93,20,13,49,94,22,77,20,100,17,49,56,38,46,12,54,22,63
96,35,68,13,35,48,72,55,44,49,19,46,93,10,92,23,92,8,38,48,98,8,50,38,81,87,53,26,68,29,16,48,35,23,41,32,26,89,80,47,23,59,83,12,42,74,63,15,46,91,2,55,53,68,94,95,11,52,69,76,13,22,36,87,13,25,43,5,66,21,20,46,66,32,74,2,41,50,22,82,28,33,6,9,67,42,38,12,51,10,94,76,91,55,42,17,35,10,16,80
47,77,99,68,90,6,0,12,40,38,93,80,0,45,87,14,39,15,3,40,50,34,29,87,55,90,69,77,13,11,18,18,28,91,66,50,89,52,30,86,99,17,97,39,41,39,70,13,28,7,6,82,56,16,27,33,54,30,51,68,41,70,95,6,23,21,14,83,89,62,60,23,99,91,71,37,6,92,36,6,94,55,19,68,98,4,44,51,92,65,30,52,14,31,4,92,33,50,37,99
22,39,21,67,97,41,43,72,32,25,22,8,82,37,4,61,81,1,31,53,76,76,21,60,57,4,4,20,26,26,91,87,70,44,48,33,47,82,89,100,34,20,90,90,39,55,27,4,77,74,62,21,69,16,59,41,22,11,43,81,56,65,83,17,46,17,100,54,14,79,32,4,79,10,2,94,23,48,37,21,46,90,24,65,95,17,54,87,3,41,87,65,9,6,91,98,52,4,7,63
97,56,55,53,50,15,47,97,32,6,8,5,47,93,47,45,41,70,52,33,30,2,66,65,32,60,54,0,42,54,79,98,71,87,48,13,83,14,45,91,24,2,91,23,95,13,2,46,92,90,69,80,39,62,59,12,30,41,84,84,9,81,39,63,16,3,8,99,98,78,68,61,45,55,41,84,56,4,34,52,34,9,23,98,27,41,47,26,49,73,69,95,2,5,71,6,5,7,96,97
43,5,7,9,19,84,9,54,68,98,53,69,13,26,40,71,47,82,41,36,15,1,15,33,30,31,31,17,81,19,33,39,10,96,43,1,80,73,96,46,73,33,70,35,70,97,36,30,39,51,8,0,84,16,49,33,27,82,11,27,58,44,82,41,92,17,27,50,74,40,3,0,2,52,60,65,45,28,7,73,63,79,90,56,8,64,15,64,53,25,73,88,58,87,52,89,3,61,89,77
64,5,100,86,18,94,5,75,19,48,1,78,45,40,72,23,14,28,41,89,31,2,78,96,37,40,10,25,98,83,80,2,71,46,22,47,100,86,59,72,71,45,54,28,89,56,94,23,66,10,21,84,57,73,18,9,1,98,53,75,83,5,40,97,99,64,65,19,24,4,60,58,19,4,62,8,95,95,95,31,33,39,60,88,26,1,54,60,73,86,0,85,8,92,50,71,39,20,65,60
82,40,81,14,11,94,75,80,97,44,22,57,45,98,10,81,16,38,28,79,82,88,3,6,25,50,70,86,78,25,48,6,46,27,23,86,84,87,36,50,74,3,40,97,85,95,78,14,28,64,93,18,100,3,9,61,97,60,37,22,31,96,3,97,64,26,46,26,34,48,38,60,94,92,96,64,46,4,2,99,0,86,35,16,8,75,23,15,14,68,62,14,66,75,21,15,62,74,38,74
9,98,19,57,52,41,41,39,2,10,18,49,64,42,42,27,70,10,57,36,81,64,44,79,2,86,92,61,82,87,27,72,68,77,90,9,1,12,98,85,73,74,71,77,87,98,97,59,44,3,80,1,92,33,94,34,29,41,86,29,87,81,46,88,1,62,32,53,64,6,76,79,38,66,54,16,35,58,81,72,80,0,89,20,25,80,50,5,23,6,73,36,11,14,52,87,30,40,66,56
5,76,49,29,89,48,78,81,58,27,79,8,43,69,75,31,85,93,57,81,79,27,10,44,33,20,67,61,17,73,76,44,69,43,24,53,84,94,9,67,32,55,56,86,31,34,55,22,91,37,18,64,5,71,22,32,20,20,17,81,38,19,13,88,75,11,78,67,52,97,33,64,77,79,87,6,66,73,69,0,35,97,55,72,77,81,7,96,85,5,60,73,40,100,86,34,28,88,18,90
14,75,96,94,28,90,61,90,1,61,26,6,22,81,19,86,36,41,86,50,76,30,45,14,43,100,82,78,50,88,90,44,93,51,22,80,16,64,26,32,26,3,23,41,18,71,33,36,62,20,74,26,84,37,58,51,17,52,29,86,62,12,43,7,19,50,0,17,13,19,33,92,60,97,42,16,84,27,89,98,69,60,28,17,4,51,80,96,62,61,93,25,41,87,95,80,68,70,54,49
76,52,96,66,55,9,7,18,97,36,11,97,33,95,0,58,62,34,70,55,76,86,73,25,4,17,74,53,29,31,66,61,33,65,24,89,95,29,8,40,20,7,86,40,97,6,6,42,23,64,9,49,30,19,16,12,43,48,82,55,94,21,24,4,59,67,28,93,53,1,56,34,77,4,78,80,10,53,13,43,52,31,89,75,23,92,56,4,6,79,81,32,62,15,7,68,44,15,80,35
95,31,92,43,90,20,50,11,75,41,39,65,32,0,49,44,76,97,74,15,47,4,3,66,99,46,58,32,85,68,92,97,42,29,95,74,8,43,71,85,73,34,93,65,82,23,26,70,5,86,31,77,84,50,78,37,45,82,91,97,75,37,18,72,66,3,80,59,34,64,40,10,66,64,57,36,92,68,53,39,64,18,2,2,33,90,38,61,52,85,36,36,61,34,95,11,19,20,19,83
35,40,74,83,69,47,96,2,75,36,66,13,75,49,71,100,55,47,54,100,62,88,96,87,80,93,14,26,12,39,0,49,75,15,28,8,17,75,32,65,94,50,5,31,16,31,65,77,85,57,1,93,1,59,12,85,28,100,19,70,7,3,74,90,19,17,93,21,41,10,30,51,30,67,70,18,45,64,99,73,73,38,62,60,5,32,3,92,16,10,86,72,49,4,15,26,81,7,97,30
40,90,36,29,85,9,43,43,54,80,2,66,58,47,57,43,22,51,54,64,11,7,18,99,87,21,70,5,52,58,39,30,7,1,27,19,29,55,49,86,71,88,80,14,31,9,94,98,44,42,67,64,41,91,62,26,39,79,0,86,10,78,37,27,76,64,90,31,85,59,91,14,4,49,72,65,76,74,33,80,70,55,20,85,22,20,77,58,89,4,100,99,64,81,96,24,88,80,94,44
32,8,17,40,83,56,63,32,93,71,61,97,98,7,97,7,48,16,24,84,88,79,2,98,82,37,26,48,79,28,53,30,40,85,64,39,57,59,20,2,40,73,81,55,64,99,98,23,4,70,0,34,38,54,67,41,0,89,66,15,38,74,19,87,81,99,28,98,71,92,65,63,20,74,34,53,8,92,57,42,64,59,92,54,45,83,23,35,4,23,98,41,38,49,90,70,59,93,95,47
33,42,41,90,38,28,6,58,60,84,31,43,27,95,92,28,63,30,24,38,56,83,37,100,95,99,86,88,41,92,65,86,18,64,73,33,36,45,39,98,23,48,26,53,19,27,85,85,79,100,58,39,63,50,48,31,76,52,38,99,5,1,73,66,39,9,98,66,26,80,69,62,63,66,24,100,80,88,74,33,50,25,90,5,93,50,61,26,79,11,94,37,33,83,8,17,22,18,29,55
54,26,70,61,88,90,54,14,42,3,39,1,44,0,56,83,24,30,65,72,77,17,30,62,54,0,89,23,94,35,98,98,100,72,59,9,84,88,8,25,20,77,14,52,18,96,51,94,61,37,88,44,42,79,52,4,100,57,41,20,72,53,49,10,59,77,71,72,100,14,76,36,82,62,13,50,39,69,26,92,1,17,23,22,46,5,12,35,25,3,36,29,14,85,57,91,86,15,57,10
7,30,74,19,3,73,18,88,50,46,93,74,84,71,78,73,30,60,36,16,62,18,32,18,40,41,72,89,98,27,100,6,7,18,49,85,38,59,68,78,22,54,91,5,73,67,21,15,71,0,71,76,84,44,10,93,43,2,26,68,13,84,58,95,10,2,40,32,97,78,59,12,14,60,8,8,7,79,39,60,46,9,37,29,98,46,15,36,71,28,14,98,5,5,73,45,81,69,30,26
18,10,1,15,59,32,43,3,23,81,96,37,7,42,16,36,11,96,81,93,38,63,7,2,72,92,90,64,63,99,84,28,45,1,72,100,18,61,47,74,33,43,82,52,68,35,83,2,56,2,32,8,59,11,80,44,57,68,65,53,26,92,31,52,97,26,79,61,80,93,100,19,77,27,33,78,63,79,84,23,35,17,47,46,82,74,66,16,39,28,42,50,65,35,27,12,91,55,34,52
46,81,3,51,34,31,90,20,39,28,34,12,65,20,9,85,69,51,9,50,49,3,9,10,11,49,55,4,62,54,12,51,81,54,57,16,88,97,61,16,53,4,47,69,59,28,18,26,42,52,54,76,7,29,45,11,64,87,27,57,66,15,7,28,40,76,92,40,66,7,96,56,76,81,37,68,47,45,40,29,99,71,64,66,57,26,74,66,50,16,23,85,0,84,5,73,89,78,88,52
48,52,34,59,78,53,24,46,44,48,98,43,12,18,29,57,49,68,81,50,93,75,2,75,17,37,38,94,4,96,5,28,96,96,68,32,93,4,39,60,64,97,49,26,75,37,35,91,48,91,11,34,37,32,71,86,80,97,100,14,100,26,98,15,33,28,81,61,10,90,0,24,61,48,53,60,79,19,83,43,55,53,36,48,30,71,11,100,68,69,26,84,94,41,4,25,66,43,63,66
77,59,16,89,17,16,16,29,88,15,94,30,24,64,100,75,80,68,68,99,64,55,58,20,89,96,78,92,34,94,42,52,8,62,4,30,4,63,22,79,5,83,90,45,30,28,37,72,13,89,55,19,24,80,19,26,66,35,1,80,91,53,3,35,59,98,28,86,37,80,49,4,64,62,71,80,37,70,27,97,93,8,36,74,16,59,92,76,13,73,85,17,69,37,71,63,93,49,52,65
17,94,60,15,17,49,11,94,3,77,26,47,1,57,43,73,41,25,59,2,31,90,43,34,97,24,44,39,82,45,63,89,65,17,75,41,81,0,59,41,38,50,88,93,33,97,15,72,54,67,4,64,35,40,46,9,5,15,49,1,18,90,13,1,38,86,0,76,25,9,54,65,21,81,59,34,54,69,2,61,64,21,84,92,86,77,5,72,38,65,6,92,56,56,29,98,91,32,8,46
56,82,34,99,25,42,78,5,50,49,76,34,48,13,67,98,82,69,55,90,21,7,58,51,42,100,16,41,31,12,78,67,27,7,24,54,26,17,95,34,53,32,1,73,66,100,4,73,76,88,47,28,30,7,75,92,16,29,15,49,7,88,58,9,33,26,47,5,5,14,84,92,28,47,44,25,85,88,55,36,41,22,0,71,49,90,6,36,90,14,81,19,53,32,71,15,90,4,62,67
33,51,15,55,34,100,80,67,16,26,21,1,47,38,21,91,51,3,74,83,94,12,66,11,92,70,96,99,14,52,48,4,30,72,51,52,21,30,60,80,26,53,17,65,18,83,21,61,77,59,26,74,26,91,24,94,62,0,69,100,11,34,47,56,96,11,42,2,45,4,81,27,71,96,29,48,69,30,46,8,85,79,2,47,32,67,87,0,45,17,79,31,4,10,39,4,37,63,31,84
11,66,63,95,89,26,47,25,51,51,26,6,62,80,56,92,74,68,31,86,1,69,45,28,43,77,38,79,58,73,8,25,97,18,55,64,24,86,57,41,37,68,64,51,11,47,69,1,88,72,93,96,30,61,63,91,87,38,16,17,35,90,57,79,79,5,13,93,50,41,25,98,75,43,50,17,35,2,98,3,81,21,99,9,35,80,92,83,40,57,63,34,83,93,44,10,52,4,27,97
48,58,44,38,91,37,25,44,23,63,13,74,20,21,84,38,45,68,77,11,79,1,64,89,31,4,12,90,16,95,98,13,83,63,19,44,8,16,71,47,70,1,92,85,62,98,27,30,45,74,26,98,82,89,89,30,8,75,64,73,55,44,0,16,39,46,83,100,80,34,4,45,78,66,90,63,69,49,56,89,89,82,35,45,68,26,26,35,67,92,40,79,95,75,13,83,5,19,66,85
36,20,82,31,73,1,66,35,83,49,85,76,81,56,92,71,96,35,89,74,59,1,44,9,96,54,55,24,50,92,17,84,53,73,84,93,6,2,69,33,6,66,43,56,65,25,57,39,97,68,100,21,98,36,6,14,51,12,28,54,70,86,3,22,80,94,70,74,76,86,77,64,17,26,43,82,4,14,77,49,22,74,27,35,55,85,98,95,53,67,82,6,23,1,86,80,5,60,56,75
11,55,23,87,64,58,58,73,92,18,3,59,26,19,83,31,2,56,45,57,13,25,62,29,19,63,0,96,78,39,38,71,44,68,90,27,64,38,39,88,97,83,41,83,16,60,9,40,39,20,51,18,46,42,89,53,52,32,63,54,45,52,100,42,17,27,96,53,47,83,83,96,42,20,51,44,3,39,16,34,93,47,82,5,74,84,34,19,78,98,21,46,9,20,42,29,7,44,26,50
16,31,25,23,22,23,92,72,58,17,17,99,3,92,31,59,90,44,79,31,68,36,25,90,14,50,75,3,66,95,41,94,18,78,93,41,63,67,68,1,66,47,49,74,54,63,80,33,89,4,11,92,87,99,14,60,9,89,17,62,86,62,87,32,85,49,23,39,35,16,58,86,100,95,21,7,8,77,7,8,46,54,8,73,57,28,88,70,0,1,44,17,96,29,8,4,31,53,20,94
34,85,12,44,43,48,96,99,88,10,9,80,23,64,32,94,47,19,15,61,65,52,61,75,43,25,57,71,17,37,62,20,38,2,93,90,59,72,89,42,42,66,38,98,38,8,82,80,85,36,87,60,33,52,1,69,44,92,89,87,54,53,8,47,25,77,91,24,40,76,46,77,74,44,62,29,98,36,25,52,14,53,81,47,2,27,19,10,95,70,4,29,3,85,74,16,98,66,54,84
0,100,70,63,42,54,55,89,8,51,79,22,32,24,46,62,1,29,97,54,50,44,31,64,49,27,6,86,58,48,12,30,70,84,17,15,39,68,54,91,83,41,86,100,53,37,74,91,63,68,9,94,90,19,31,10,67,82,32,80,1,85,0,39,43,89,2,12,18,1,29,97,21,51,8,42,70,60,69,28,26,99,27,28,35,52,54,29,75,86,10,30,54,14,80,4,97,86,28,88
36,57,52,20,66,28,37,39,92,41,66,46,22,32,48,59,77,31,69,73,39,99,46,23,2,69,3,57,85,34,86,85,73,10,99,25,75,86,25,65,47,66,0,28,21,63,13,72,10,8,22,77,12,39,78,8,35,29,57,72,6,85,3,76,31,86,9,96,67,87,67,17,58,79,72,69,52,50,21,0,96,94,54,63,45,41,27,7,5,4,43,44,53,92,64,46,28,40,50,70
91,88,25,68,62,69,36,57,95,26,12,91,71,56,76,51,56,0,75,54,39,35,1,23,24,45,77,35,28,48,13,54,15,45,4,35,17,86,7,51,13,48,76,61,66,67,82,91,62,73,41,37,1,50,53,83,26,96,3,94,25,29,97,56,89,90,50,3,5,59,13,62,69,68,87,36,54,80,0,53,68,65,11,82,67,82,46,0,36,30,53,22,87,100,47,96,37,10,68,29
31,92,90,26,31,30,32,86,9,98,2,42,24,6,55,9,71,31,32,7,10,69,60,89,39,51,34,33,85,56,2,34,72,55,25,47,24,17,53,67,10,34,74,11,8,57,5,38,33,89,4,28,35,83,17,25,49,12,38,26,42,21,100,85,86,8,2,41,18,80,1,85,30,81,17,34,6,89,86,47,24,60,80,13,66,24,51,68,0,89,24,54,74,39,59,6,35,5,93,76
35,32,36,82,78,62,73,70,7,6,93,18,43,41,33,96,1,2,70,61,22,10,76,83,50,36,66,97,94,3,31,61,54,81,95,55,26,5,16,65,49,85,22,58,63,62,16,59,85,59,1,21,87,16,33,31,82,19,61,72,85,61,89,53,81,88,17,24,99,95,73,25,87,28,36,50,51,86,70,84,37,12,18,68,59,88,38,97,88,72,87,12,60,86,61,98,24,62,81,11
29,84,33,56,23,7,28,7,1,53,56,87,86,81,55,100,41,29,100,66,52,2,53,10,23,10,93,10,93,72,44,19,38,63,29,27,64,3,8,96,48,31,43,8,6,32,48,44,98,35,6,63,83,77,59,3,63,35,37,33,49,73,64,29,90,65,32,44,5,65,70,64,81,42,39,27,75,56,1,85,97,42,16,97,33,23,59,53,84,60,6,32,29,36,21,98,37,96,50,18
30,43,14,95,36,33,2,72,50,75,20,7,34,45,38,97,29,31,58,79,61,97,97,25,72,25,65,2,66,89,62,54,49,61,68,46,24,33,90,86,44,32,47,88,58,60,59,23,77,17,74,37,46,27,36,68,41,44,52,44,85,19,75,56,6,71,71,95,93,12,47,83,91,33,39,52,97,42,19,66,52,92,60,47,5,8,42,23,63,13,30,99,17,74,52,58,65,3,38,7
17,98,40,98,56,76,78,8,35,73,10,44,9,92,55,11,57,14,13,34,55,94,13,61,89,89,22,54,21,57,55,2,13,5,80,54,61,61,76,18,36,44,28,81,11,34,57,100,59,13,65,12,11,97,52,21,1,41,77,15,99,94,53,16,76,93,73,70,0,52,55,37,75,35,5,35,50,40,21,35,57,41,69,75,9,28,92,12,62,19,62,62,50,91,31,75,75,83,20,88
33,34,81,79,40,87,61,82,46,89,4,19,78,8,26,49,27,40,44,92,28,18,32,65,86,50,25,35,15,65,25,61,71,3,30,14,88,47,2,47,20,27,96,76,49,66,37,95,16,38,95,42,13,1,12,23,62,18,82,40,23,93,43,86,96,1,10,81,48,5,1,49,76,16,69,92,29,70,56,49,8,77,28,60,62,47,93,93,99,91,31,36,24,68,64,86,38,26,21,79
30,7,91,58,92,21,48,72,19,68,34,8,44,8,41,94,58,40,45,45,84,26,49,9,31,75,16,25,67,83,75,21,21,53,24,63,15,90,23,81,61,59,42,43,8,72,6,6,100,43,35,90,38,8,51,30,24,29,40,17,8,79,54,28,51,40,28,84,79,18,80,58,72,89,31,29,93,4,30,30,97,39,67,71,97,53,40,12,72,11,92,3,34,65,13,45,74,6,2,16
26,10,21,17,84,99,14,39,11,65,66,79,87,64,42,59,68,78,15,3,55,88,97,66,60,37,10,32,11,94,53,80,14,36,45,84,73,53,12,38,6,19,98,77,49,50,44,54,96,62,9,42,55,2,31,13,76,60,59,53,80,99,76,84,21,34,9,72,66,62,5,3,80,67,75,69,82,13,94,99,0,10,31,78,40,22,90,3,71,54,59,53,21,21,49,53,65,37,99,32
52,9,39,61,9,39,18,21,11,5,49,53,68,91,0,14,50,23,10,1,71,74,16,70,89,24,61,49,86,80,92,7,49,80,69,88,24,86,89,75,99,72,31,69,41,64,99,92,8,8,4,14,30,67,99,90,14,66,99,65,73,92,44,66,42,46,14,46,100,75,1,23,52,32,57,42,32,49,68,63,42,55,42,60,27,64,13,1,8,92,97,53,29,82,30,68,54,61,80,38