100,23,74,30,12,37,81,68,3,7,37,17,2,82,27,17,35,70,19,51,88,53,50,16,56,50,14,43,33,40,80,75,23,70,17,95,36,40,70,49,67,63,3,73,2,6,20,60,46,25,49,88,72,47,81,73,74,44,24,40,72,27,69,91,48,35,19,68,10,51,63,3,7,91,87,81,9,45,35,7,82,83,46,81,5,17,7,84,55,8,51,56,67,48,24,36,47,86,1,85
8,17,68,49,20,61,48,100,94,56,37,0,93,84,83,80,14,94,21,6,14,63,100,27,26,70,33,39,80,80,96,37,98,26,54,11,41,66,26,83,80,87,94,74,96,89,24,93,65,41,75,83,45,4,68,33,28,45,88,22,28,14,46,57,48,62,17,28,36,33,38,31,1,39,62,50,44,43,16,15,94,31,90,54,19,35,51,12,50,18,61,27,23,50,85,80,29,87,4,59
66,5,70,66,5,46,42,5,44,83,12,50,78,92,26,82,5,42,2,7,82,83,81,73,24,10,21,90,100,28,93,69,55,65,69,18,68,28,81,48,5,27,84,64,38,28,78,58,45,56,82,0,81,76,47,98,98,20,31,70,17,23,78,77,60,79,99,12,84,33,51,99,91,54,37,64,23,94,31,58,82,43,19,76,82,43,46,48,1,76,32,80,14,71,18,48,3,80,3,40
47,50,77,46,26,74,98,12,27,26,82,53,15,61,55,80,50,55,37,77,81,90,62,40,36,23,64,68,9,29,98,60,25,30,62,94,75,42,93,66,90,96,53,15,11,21,53,68,92,63,35,27,61,76,86,0,37,9,76,9,81,97,94,5,83,1,45,87,26,26,54,99,88,0,44,53,50,69,27,0,39,91,45,25,40,89,84,72,13,26,16,15,15,15,50,54,14,46,49,62
55,54,63,22,77,98,83,88,31,33,29,77,97,94,56,39,56,56,25,28,6,77,0,80,38,20,33,49,17,28,58,32,36,0,17,5,61,45,81,81,76,20,10,77,48,15,22,42,57,98,89,26,24,91,21,38,36,82,92,64,97,3,37,43,34,70,17,50,18,17,99,2,95,13,51,46,2,53,98,17,14,89,24,33,97,36,5,6,18,68,75,39,78,30,79,90,21,90,35,66
81,54,76,3,7,71,15,44,12,49,95,70,48,79,63,95,58,4,13,42,31,15,12,47,72,41,53,85,9,65,41,81,49,71,85,31,2,37,16,39,61,8,61,20,87,37,50,17,36,19,40,3,100,53,78,35,49,29,30,80,78,12,10,49,44,92,96,70,13,46,78,84,57,43,59,25,78,73,97,40,74,70,17,27,34,45,57,0,12,15,33,50,32,21,46,11,44,19,81,55
45,65,55,15,8,7,80,56,35,16,19,39,1,75,23,84,82,22,18,9,87,0,59,12,90,99,52,46,19,1,14,69,45,33,82,49,7,22,26,31,73,50,94,47,96,43,13,86,73,8,28,6,1,64,64,32,27,37,27,53,91,78,23,96,96,3,26,5,22,90,65,1,20,20,65,50,40,48,34,77,8,55,80,41,54,86,59,94,69,68,75,6,7,0,37,38,93,11,51,5
81,2,72,11,49,18,65,1,34,66,68,4,35,61,86,10,51,96,77,86,58,36,86,37,42,19,1,52,29,48,97,27,60,97,60,7,31,43,10,7,75,9,15,84,64,60,43,25,77,9,38,34,68,54,49,4,61,4,82,56,44,18,95,28,72,29,10,57,27,35,18,95,50,77,75,15,70,29,82,79,21,30,23,26,35,71,53,57,7,14,98,88,93,65,67,25,84,96,39,16
36,64,89,39,82,8,59,36,64,25,2,76,14,54,81,24,38,87,96,68,14,44,1,88,46,88,14,69,62,92,50,48,80,46,66,81,82,4,28,25,23,45,77,50,12,61,84,14,0,14,75,96,31,37,17,9,87,82,53,99,22,40,38,15,44,29,100,63,19,39,90,50,52,7,30,14,32,36,44,98,14,40,83,45,13,6,0,56,17,11,80,10,77,33,54,41,42,42,45,65
82,68,7,30,92,91,57,0,7,28,54,35,91,0,69,76,41,16,94,70,5,75,21,70,96,14,52,85,39,66,34,57,14,66,28,81,60,52,19,96,61,80,12,81,78,78,79,37,47,5,35,37,2,23,13,16,86,14,32,14,94,39,85,38,65,18,37,21,29,39,7,34,61,26,97,50,24,38,1,52,41,27,18,27,40,49,55,75,45,51,73,86,85,56,47,72,56,38,97,24
48,76,5,64,30,93,49,47,50,45,53,6,49,37,92,48,21,73,32,15,75,94,16,55,94,89,74,74,13,63,70,57,66,46,61,97,62,38,32,57,75,73,26,87,84,83,20,3,66,67,3,52,85,19,24,11,55,14,92,26,22,72,35,10,77,37,7,70,29,96,89,45,22,89,23,8,25,75,43,72,29,100,59,48,62,13,4,62,55,3,10,84,66,55,23,45,96,19,76,30
7,86,2,41,99,31,27,27,71,51,92,61,44,64,23,6,44,54,72,74,96,68,70,19,33,91,2,99,81,11,28,80,13,37,41,76,17,91,77,63,33,38,52,48,62,22,50,24,5,60,25,45,74,31,61,73,42,17,80,17,2,75,55,69,84,99,29,39,63,7,40,19,43,10,49,74,56,38,66,55,20,57,37,93,85,80,55,62,96,92,92,33,92,30,99,45,41,51,19,85
50,29,10,53,40,64,38,28,41,5,95,31,75,78,48,36,98,87,34,50,44,40,59,74,70,65,81,66,82,75,27,76,21,33,67,30,74,49,86,20,6,73,22,99,76,33,44,0,67,49,61,67,33,86,67,7,58,8,76,29,97,94,76,14,38,37,69,14,38,36,65,94,17,39,19,69,25,57,69,40,48,54,50,78,89,19,38,40,24,49,34,63,30,80,22,84,8,74,75,79
82,52,7,69,49,39,86,10,61,2,46,93,78,89,63,88,47,58,11,17,42,92,7,14,48,95,21,15,9,87,78,0,89,0,96,58,35,56,56,43,71,15,71,60,10,94,5,62,22,72,72,1,56,53,11,65,84,9,57,43,89,53,43,47,90,57,7,34,65,88,97,16,96,95,95,13,44,40,49,100,87,33,100,86,16,70,75,96,55,87,73,30,37,22,36,30,3,44,70,96
36,7,24,28,20,87,12,0,19,19,56,59,77,52,25,45,47,88,75,57,85,51,1,89,44,44,27,49,44,43,61,94,71,43,94,59,82,47,23,97,2,90,82,31,21,99,58,56,85,74,5,95,57,37,86,82,20,8,84,3,10,22,62,37,32,54,73,46,20,4,24,35,43,3,16,78,87,19,53,39,23,63,25,37,50,25,8,22,15,58,17,72,64,45,18,98,59,86,28,18
9,44,86,33,35,38,16,66,87,17,92,81,76,39,12,100,89,29,48,62,65,16,29,30,10,30,70,9,98,32,3,5,9,39,24,35,39,71,45,92,27,28,54,11,42,89,49,60,40,9,79,7,33,52,31,57,74,15,37,71,39,15,46,89,84,42,78,15,44,100,6,87,57,41,41,14,1,74,79,43,37,78,43,27,41,69,63,44,30,42,69,97,89,2,6,44,50,28,26,77
42,93,56,25,24,99,77,19,53,58,15,84,9,93,64,8,75,38,70,26,28,95,13,64,82,44,69,75,22,9,24,55,42,100,9,15,72,31,57,75,63,37,94,40,53,2,95,28,64,30,99,54,38,58,40,15,63,75,41,82,9,5,83,50,36,69,47,18,51,84,6,1,83,81,22,34,46,3,31,9,11,99,35,6,92,10,46,78,100,95,12,30,21,75,84,97,68,86,87,68
46,100,40,96,24,72,57,73,81,11,80,71,23,61,29,73,91,70,53,87,55,94,50,55,0,66,94,55,59,38,48,16,57,58,90,32,22,44,5,22,79,28,2,16,2,41,9,31,42,32,50,81,80,71,76,67,20,69,3,58,70,75,94,14,3,81,98,94,41,80,91,13,67,85,50,57,33,76,22,35,46,73,52,40,51,47,53,11,27,86,63,29,52,78,47,3,27,72,34,59
11,48,72,99,31,30,6,63,98,60,88,34,78,48,2,0,92,55,10,50,65,99,80,95,69,70,73,53,1,60,26,48,53,86,22,74,57,43,20,47,43,60,53,37,92,57,58,91,48,74,95,47,22,65,43,2,79,90,100,70,95,77,13,11,35,54,16,18,83,39,45,63,87,39,73,47,96,3,91,55,32,19,8,91,20,9,60,10,92,15,39,77,24,48,78,40,50,11,60,48
4,13,16,3,66,17,37,58,83,67,6,63,6,15,38,50,56,15,62,21,98,65,36,23,84,98,79,65,66,33,52,27,39,73,26,28,59,49,78,32,3,37,84,86,31,12,76,18,74,27,82,41,17,11,38,12,51,46,53,29,81,30,91,19,94,50,87,43,30,8,18,91,83,53,72,24,67,64,70,56,46,94,11,9,56,99,97,81,7,20,94,85,66,17,23,83,90,23,89,46
0,51,16,62,33,12,9,11,60,81,47,80,76,9,56,32,25,67,22,13,35,6,41,1,37,6,81,11,8,96,57,77,6,40,17,60,48,18,34,42,77,16,67,71,95,52,30,29,5,12,17,80,64,67,86,45,21,91,29,47,24,62,14,20,52,57,88,94,74,10,53,15,93,19,51,29,80,25,21,32,1,88,28,60,35,84,60,73,60,39,45,23,2,62,84,33,62,11,50,78
67,26,56,42,11,2,68,32,41,15,20,72,3,56,5,13,53,92,15,100,87,53,14,5,49,97,37,30,95,35,93,27,68,73,55,59,48,75,33,8,45,33,48,3,16,87,36,55,55,25,85,18,66,40,72,81,40,61,35,24,39,48,72,89,77,81,23,47,10,41,33,54,88,61,57,28,34,23,66,74,72,37,6,22,22,56,65,93,51,62,15,66,4,89,68,37,60,5,97,13
86,53,23,27,21,43,56,31,90,95,35,54,7,66,42,40,26,75,5,6,97,92,74,0,50,17,99,14,60,77,90,60,16,43,82,3,45,75,40,87,72,4,93,79,64,69,38,40,77,69,49,78,57,0,63,45,57,24,0,75,74,40,65,7,89,12,44,73,26,70,83,72,41,31,9,23,45,49,30,65,33,39,24,90,28,51,13,75,48,24,4,57,54,95,0,21,18,67,96,9
56,44,6,80,14,10,20,83,38,94,94,34,4,29,96,10,18,30,76,8,60,86,7,72,12,31,69,51,24,65,48,31,30,4,35,9,46,82,38,55,32,38,22,25,100,26,27,87,45,41,69,81,90,30,25,71,30,73,33,90,59,56,83,46,66,13,42,50,3,9,56,68,25,87,56,55,79,76,50,9,23,78,100,52,38,93,25,1,2,13,98,28,88,34,30,78,34,15,4,12
2,38,69,70,49,55,77,49,1,73,78,40,50,63,7,64,9,84,52,24,83,67,10,78,63,86,1,39,25,7,73,4,68,96,93,62,79,73,50,34,21,86,11,30,91,7,65,10,98,14,49,94,68,95,97,2,32,83,72,14,33,38,15,43,8,98,66,83,80,69,16,57,17,86,2,41,67,80,50,71,51,20,5,80,14,25,67,72,37,21,89,61,67,100,15,41,78,58,29,16
54,9,2,41,75,31,53,47,82,7,16,16,78,8,56,57,15,12,68,56,54,97,68,63,45,94,0,1,64,74,2,82,6,48,46,26,7,91,33,11,25,23,17,21,39,81,50,54,41,78,46,89,85,33,73,31,36,15,62,24,12,74,19,83,53,42,23,22,97,21,10,96,5,100,34,15,72,45,3,62,53,94,96,77,83,25,65,97,36,84,72,73,92,45,56,51,96,95,22,68
21,15,29,58,74,85,16,92,62,23,14,72,62,96,12,59,26,59,50,46,1,15,62,97,85,24,41,44,53,70,76,51,51,51,100,61,66,59,98,50,94,64,15,52,91,99,98,93,14,89,85,45,46,100,56,0,26,3,14,43,14,40,89,18,1,15,39,90,82,55,59,16,74,37,19,100,54,92,23,44,49,32,40,74,47,86,65,73,55,38,76,25,7,10,24,0,99,46,99,68
34,32,60,12,24,23,23,27,49,30,77,19,36,35,63,35,27,5,41,82,54,75,10,38,36,59,100,34,27,11,27,24,7,19,65,33,4,37,51,2,75,15,61,93,67,39,29,69,19,3,9,61,79,99,57,22,6,49,75,96,53,73,7,87,16,29,66,26,99,65,99,71,18,50,80,86,46,36,50,30,25,67,90,50,80,88,51,20,80,34,84,9,39,43,45,1,80,28,1,64
28,40,56,0,59,14,81,39,97,21,30,76,16,78,38,35,3,71,14,26,28,16,89,22,4,35,19,83,33,62,15,9,44,18,22,37,30,14,68,74,57,83,65,80,62,60,97,29,14,13,18,16,18,23,5,84,69,27,10,82,59,83,23,94,53,98,93,75,97,63,21,86,75,2,83,94,65,4,50,13,12,33,57,8,43,36,38,95,18,28,51,95,66,3,54,34,10,57,52,87
71,14,50,79,57,76,35,62,63,57,64,5,84,37,59,13,78,8,3,55,8,49,51,38,64,34,13,45,67,65,79,80,77,78,60,61,58,59,72,29,25,19,64,62,61,57,97,33,46,39,83,50,42,47,90,1,5,21,83,2,74,80,73,72,18,8,7,57,17,58,81,24,81,0,60,41,84,45,55,76,97,49,78,69,33,68,13,24,46,87,12,25,46,77,100,61,94,39,10,40
70,95,14,72,26,67,60,41,30,71,66,52,45,22,32,88,69,57,38,48,79,70,29,27,41,80,70,23,6,65,7,62,11,31,47,55,38,60,84,53,43,42,73,59,33,90,18,62,31,81,67,8,50,57,52,79,68,61,24,100,95,61,95,72,64,76,51,89,57,91,88,80,78,42,4,16,25,82,15,65,47,38,36,48,11,17,95,33,73,23,55,50,95,62,36,37,67,99,25,64
77,56,21,2,80,84,70,76,92,92,64,73,85,16,35,19,64,96,57,17,60,53,35,18,56,11,16,14,28,93,61,62,39,98,61,51,51,57,53,47,24,92,45,28,78,12,80,93,44,43,16,13,75,78,48,16,12,98,44,63,39,40,91,59,63,14,27,56,40,68,41,41,96,62,14,62,86,11,17,79,100,62,56,62,47,21,77,18,22,30,88,12,100,9,29,0,82,86,61,30
81,1,59,66,69,77,73,74,81,19,51,90,71,64,15,12,38,26,80,73,5,29,97,23,73,92,10,5,51,54,53,73,61,26,55,99,96,38,93,74,82,100,65,64,70,5,13,58,35,42,31,41,2,18,7,6,55,58,64,98,49,72,43,65,69,52,39,80,93,75,88,90,0,50,50,58,92,85,11,3,56,99,78,95,20,66,12,94,65,67,86,65,51,20,99,78,8,44,65,59
88,47,26,39,60,48,99,56,2,69,91,20,62,65,55,88,70,78,16,48,0,77,52,4,69,67,44,85,53,36,60,27,81,88,23,98,95,15,60,82,86,98,93,20,33,19,95,55,63,87,70,91,2,2,82,50,27,11,62,61,76,87,100,21,71,94,74,74,52,1,15,22,99,39,31,99,45,1,23,36,67,100,63,75,90,94,81,73,3,86,93,52,85,88,50,26,62,19,74,98
60,17,77,20,39,22,86,3,32,66,71,95,90,97,71,7,27,90,17,100,70,19,31,47,18,0,83,85,62,18,91,76,72,59,36,4,66,26,16,73,45,54,96,86,13,88,68,9,97,90,31,84,85,25,90,97,28,10,97,82,46,29,2,61,50,65,41,21,74,60,99,74,10,7,95,66,86,77,99,41,66,60,37,14,94,17,100,52,79,6,6,89,76,10,49,95,1,15,36,100
12,46,77,46,1,95,43,15,25,50,54,46,81,56,64,18,35,97,3,84,34,33,41,81,50,71,32,51,10,94,51,83,85,57,75,58,97,33,100,79,69,20,30,2,92,23,79,32,9,65,46,52,32,57,21,60,8,4,30,58,79,11,74,5,87,97,27,42,17,83,7,40,18,57,73,73,82,73,55,41,90,63,64,45,97,35,65,46,48,35,40,58,92,73,40,29,26,5,6,23
34,98,91,95,83,50,9,39,88,4,60,93,65,72,56,13,75,61,94,19,16,58,83,55,99,26,91,46,19,68,69,91,14,68,31,6,52,85,40,55,10,71,98,7,36,82,43,44,78,9,24,1,59,79,36,15,41,41,96,34,76,10,80,97,80,1,34,59,0,10,19,87,15,50,50,9,62,43,93,70,95,6,77,63,80,92,72,51,47,58,82,99,100,5,55,77,75,90,4,81
21,91,36,95,4,56,14,98,1,19,88,4,42,34,50,22,90,22,73,42,22,100,60,80,38,16,86,64,42,66,4,47,8,46,26,72,74,14,63,50,18,100,71,75,59,59,87,6,30,37,82,54,45,26,66,98,72,81,68,87,3,27,17,50,66,54,75,8,90,30,31,59,34,5,46,6,6,69,73,26,15,0,7,55,99,11,69,99,95,39,62,40,100,56,31,96,60,38,14,62
10,84,99,70,77,48,31,52,6,38,53,14,16,46,55,28,48,49,46,35,84,31,69,50,58,94,69,85,11,42,13,30,42,13,97,95,76,78,9,44,47,100,84,52,19,14,84,8,34,12,98,98,88,6,29,9,31,61,81,13,37,10,88,1,80,87,91,39,62,12,0,4,13,23,36,26,100,73,78,34,27,96,31,58,46,56,44,78,78,78,29,24,65,99,94,64,97,41,38,39
50,50,56,47,82,95,49,3,73,33,61,73,88,1,5,75,48,82,15,46,37,51,10,51,38,44,65,97,94,67,12,52,17,66,78,37,19,67,70,12,55,82,48,7,82,64,64,58,4,100,32,95,2,0,85,72,94,96,63,66,1,92,41,46,37,71,8,7,54,37,30,37,4,26,94,62,10,23,73,69,1,76,24,45,82,40,6,51,89,18,85,81,94,68,60,66,100,24,96,40
6,67,90,9,38,42,90,13,52,7,65,74,100,87,70,28,55,1,63,55,79,2,49,16,66,13,88,73,65,3,11,30,0,35,17,82,0,56,28,100,4,91,65,45,73,64,14,64,86,2,32,39,89,87,43,16,23,6,88,31,53,63,31,70,79,13,42,3,14,9,91,64,48,63,4,64,32,100,94,2,68,94,100,81,25,92,17,52,41,78,55,94,7,7,37,38,82,0,25,41
87,91,69,72,50,35,32,94,47,48,6,100,26,37,92,72,89,41,29,70,3,98,43,84,12,100,46,5,56,71,0,8,63,18,62,0,56,84,93,51,8,47,44,47,15,97,17,29,26,90,70,44,34,74,38,43,50,53,12,45,71,53,25,57,69,37,86,59,46,53,9,99,45,82,97,51,99,15,33,17,3,69,3,33,14,30,94,60,100,29,68,97,64,27,26,94,19,6,48,71
44,3,4,24,88,61,74,91,33,42,60,96,30,100,22,63,24,39,60,79,60,56,88,42,0,30,73,10,69,75,57,13,26,42,64,66,59,83,49,36,4,55,90,82,51,15,31,9,93,30,20,72,59,3,25,5,28,23,3,84,1,18,96,13,79,98,33,52,88,92,19,39,67,75,69,39,49,47,79,43,57,10,64,41,77,39,61,8,91,64,71,98,91,96,66,99,51,90,86,14
14,52,18,41,75,25,63,36,8,11,0,75,43,61,95,93,17,18,22,64,79,32,2,71,95,2,85,44,83,78,65,3,88,37,56,66,24,27,92,24,80,92,20,41,24,42,92,79,37,59,88,1,57,70,91,73,87,58,44,37,8,1,43,82,83,26,26,64,58,67,87,48,96,85,10,48,53,21,22,23,20,24,93,86,63,63,62,34,41,70,1,95,25,83,64,47,55,17,100,3
43,27,57,85,67,42,5,48,9,20,70,49,3,97,22,46,39,58,68,34,79,32,96,38,23,94,17,79,30,33,88,36,3,67,4,77,88,91,9,69,95,14,1,60,38,74,92,8,38,37,71,99,8,46,93,50,9,7,53,80,24,23,20,55,24,58,15,94,56,35,31,60,7,98,70,22,60,12,79,88,53,40,97,64,46,73,15,41,45,63,30,12,53,41,32,92,63,11,62,5
28,70,32,74,80,82,42,79,13,81,8,16,7,23,9,39,49,24,39,50,90,76,74,36,93,28,7,23,20,25,90,17,44,17,63,69,100,16,67,7,54,80,58,70,83,54,63,92,32,76,5,20,9,59,24,21,93,62,98,78,20,100,63,30,37,53,58,33,13,35,31,61,85,82,31,79,16,96,65,89,10,42,71,56,54,98,16,58,83,74,69,39,100,23,96,23,67,53,31,79
16,65,81,61,54,51,20,22,41,90,54,28,81,35,31,78,27,73,44,98,13,46,51,0,2,1,41,82,80,16,48,66,66,1,20,87,96,0,72,42,15,67,17,93,72,92,39,39,40,9,32,32,47,100,49,32,24,38,65,37,52,39,53,83,18,99,90,58,8,28,62,13,94,49,49,39,53,37,1,79,2,7,2,79,60,35,50,47,35,90,43,36,82,36,61,77,31,28,16,46
88,74,92,59,70,95,84,89,95,24,48,100,45,17,87,77,65,79,86,42,37,73,92,10,29,52,95,25,62,46,74,47,54,97,20,83,61,43,71,79,51,27,47,90,66,98,35,45,37,21,87,36,49,71,44,88,56,77,84,43,73,81,6,8,10,28,42,54,39,47,73,39,96,65,78,24,37,5,83,75,14,75,13,24,85,51,24,21,52,37,65,60,53,42,43,97,46,49,96,94
82,52,58,8,65,34,50,39,6,35,86,0,4,19,74,78,98,50,46,25,93,34,56,97,49,72,52,62,96,49,88,55,90,38,22,53,27,55,89,31,84,30,84,83,51,84,78,100,56,63,5,63,85,15,2,22,10,76,5,28,24,18,8,6,38,75,39,7,100,65,6,53,92,84,9,76,17,12,20,100,38,48,52,17,73,62,85,82,100,78,56,89,94,58,90,33,53,99,10,23
63,53,39,53,4,14,92,4,60,19,75,47,6,55,72,56,39,60,58,32,63,43,52,37,33,80,84,34,52,58,22,68,21,11,94,56,26,42,40,43,98,95,90,0,33,27,100,64,9,59,20,17,77,87,23,19,55,43,90,95,0,27,49,46,94,54,16,91,28,11,72,76,68,83,54,47,77,70,37,10,89,68,98,23,98,22,81,47,29,24,87,25,92,62,50,68,89,29,70,39
7,3,92,8,2,2,15,7,15,37,14,43,14,10,39,52,83,64,100,16,2,46,24,42,22,0,4,84,91,70,2,59,17,39,57,93,34,10,35,20,12,6,83,10,31,51,7,52,64,14,10,94,62,48,73,6,50,40,9,40,63,39,54,96,73,14,73,48,22,75,25,2,50,46,52,95,79,44,52,50,97,76,34,62,15,99,78,13,42,29,65,49,0,14,96,20,1,74,79,73
37,2,30,74,6,80,27,86,43,51,3,5,29,30,89,99,10,2,54,77,66,97,23,52,46,77,27,97,31,37,62,77,60,18,74,61,66,100,29,12,86,61,40,82,21,52,8,41,80,26,4,80,4,99,55,15,92,73,65,87,72,71,37,89,52,16,49,87,46,77,69,21,34,79,50,81,23,32,16,73,35,63,93,25,37,12,10,49,7,90,66,42,61,29,58,16,56,33,21,21
19,31,36,16,0,80,46,94,31,94,92,55,61,36,87,95,24,82,64,27,40,74,57,52,73,52,50,47,49,0,91,56,16,60,17,96,30,77,84,62,4,90,35,46,18,88,54,86,71,6,88,52,95,88,5,59,42,13,58,93,37,45,61,97,47,29,87,81,77,72,10,16,75,49,100,77,46,84,75,97,62,58,30,43,88,92,22,61,70,30,14,23,40,40,82,28,20,12,2,84
58,67,49,84,57,69,54,42,93,86,7,55,25,73,24,82,70,21,36,99,91,75,95,9,53,33,93,88,6,65,96,94,70,5,10,66,41,80,75,77,82,86,71,0,97,60,77,75,27,78,84,7,45,23,77,88,57,66,44,77,33,87,92,1,57,95,8,97,52,63,38,38,97,23,57,67,88,86,77,79,52,72,100,96,53,58,100,40,99,56,72,88,75,66,24,7,31,78,79,75
23,26,27,63,4,73,67,13,6,26,1,27,13,49,44,68,58,38,74,56,47,56,8,58,4,72,35,77,29,60,23,74,27,96,43,27,73,98,20,44,46,84,42,50,94,47,35,5,27,60,51,9,55,72,1,49,83,32,80,69,71,48,51,33,53,69,23,88,40,33,77,87,0,11,7,52,25,75,3,93,34,5,27,38,76,92,79,95,21,40,74,62,52,20,37,97,62,22,4,77
97,14,11,80,40,83,42,14,1,42,28,41,61,14,19,7,24,0,57,42,78,92,98,9,99,80,66,88,12,31,43,50,31,18,12,55,57,69,45,77,65,58,45,70,13,43,82,52,81,5,90,77,11,47,95,72,84,75,13,30,21,84,76,26,67,39,33,77,10,32,22,37,73,93,17,90,61,38,73,33,37,13,51,80,98,40,29,35,20,32,82,90,64,76,62,93,78,4,62,27
100,76,88,7,57,64,29,54,77,88,75,19,20,40,22,67,20,43,93,38,64,86,5,80,72,68,81,51,64,56,71,80,24,28,86,20,13,87,22,17,30,66,29,80,3,64,53,17,12,77,34,49,0,97,41,3,62,42,19,11,44,34,63,49,51,20,96,91,65,88,49,81,38,47,13,63,18,62,6,1,36,39,47,93,19,52,20,51,1,91,57,77,23,19,95,39,72,45,76,92
13,1,94,0,28,7,35,42,83,5,4,85,50,100,88,59,70,18,80,76,97,68,65,97,16,45,9,9,80,84,50,98,15,9,72,4,92,100,4,57,19,5,31,35,94,18,93,23,56,40,98,29,5,75,5,84,45,96,96,86,14,46,29,58,28,75,83,81,92,96,72,61,66,24,23,44,52,96,72,27,97,7,83,45,60,19,70,8,47,10,69,44,99,46,43,4,38,10,29,3
64,71,5,69,13,7,37,7,6,64,2,17,70,90,66,25,24,83,45,18,40,40,21,54,76,14,96,40,37,68,60,3,57,80,38,90,61,25,75,73,89,69,74,61,92,52,61,83,64,93,45,15,92,38,11,15,9,61,38,47,15,19,89,64,63,38,46,38,31,94,34,95,87,69,28,1,75,61,58,26,91,79,70,92,38,67,36,15,88,69,84,39,25,92,31,20,6,7,51,34
4,5,28,94,72,91,22,51,3,46,22,65,11,31,52,11,56,76,52,17,13,44,64,63,61,86,56,72,87,84,5,95,11,47,99,82,89,5,46,68,77,83,22,72,83,49,68,63,29,88,61,91,37,36,34,67,13,41,57,45,21,15,28,30,66,54,41,65,26,81,21,60,29,56,88,71,96,10,86,100,89,98,85,64,43,70,42,4,75,91,19,78,92,46,77,32,98,80,3,3
30,32,73,14,41,80,72,69,82,13,6,15,68,23,9,51,92,37,1,98,16,34,72,6,44,14,80,19,91,67,78,69,89,66,74,71,55,85,37,53,40,89,48,87,49,80,82,17,63,88,3,73,95,92,67,57,68,41,70,17,64,34,42,0,16,8,77,47,52,65,56,94,91,34,18,49,99,43,31,13,76,82,58,73,53,55,1,44,23,87,70,61,17,59,49,7,80,25,40,55
92,59,83,52,41,83,60,93,74,82,75,11,89,83,21,75,54,74,26,97,70,98,6,84,44,10,0,0,54,61,14,48,58,38,28,97,80,55,62,20,14,35,41,85,72,49,3,37,48,10,37,45,63,29,81,4,15,49,87,73,90,7,46,54,94,64,53,63,98,55,11,32,34,86,51,30,79,76,45,3,66,2,68,5,99,28,25,80,45,66,80,45,23,96,15,63,8,51,29,24
35,54,72,61,8,10,95,81,77,15,7,66,37,37,18,98,58,95,84,97,37,25,12,20,61,7,88,22,89,15,12,97,78,14,49,80,93,28,87,84,33,0,23,94,54,58,66,85,27,20,75,85,84,24,95,0,41,1,42,2,97,71,54,78,5,45,69,24,72,69,81,71,94,95,23,97,86,20,58,65,10,21,42,35,65,85,80,84,59,77,31,19,91,12,10,23,53,86,95,20
14,9,58,23,60,98,90,44,57,54,8,26,78,32,31,50,83,91,58,57,49,46,98,48,72,20,79,1,41,24,62,69,28,80,49,38,9,98,87,60,39,44,2,67,44,81,27,68,73,36,42,17,69,81,5,11,61,84,12,92,83,44,89,86,39,52,41,1,40,66,86,92,93,74,90,73,45,23,1,81,33,6,31,21,15,47,85,64,62,29,70,23,69,26,80,27,58,41,5,7
8,83,87,53,9,97,83,56,17,12,88,53,57,43,77,11,51,7,21,93,39,2,96,15,84,18,96,47,40,5,98,58,71,18,14,48,58,64,82,66,10,76,7,46,73,24,12,3,39,80,94,97,93,70,50,32,69,47,33,4,53,77,40,73,88,69,79,15,41,50,65,56,1,24,70,93,35,57,41,19,62,91,97,72,27,80,50,88,1,24,99,94,18,46,21,53,99,45,65,82
9,1,78,78,86,51,74,65,36,63,59,88,9,32,36,5,49,2,53,43,3,91,11,39,51,49,51,2,94,52,38,100,93,62,30,0,50,50,24,94,86,10,81,4,29,51,12,39,56,46,15,35,42,79,17,36,100,55,67,98,52,22,40,67,15,15,65,41,93,48,88,38,84,98,48,49,85,61,23,27,50,67,23,28,44,79,32,58,82,0,69,41,71,31,84,15,85,2,32,99
58,28,64,65,68,68,4,97,29,79,17,82,21,59,2,56,23,96,62,43,89,75,51,11,6,58,80,48,27,41,66,15,10,52,88,82,98,97,86,7,71,38,37,64,15,23,14,39,32,19,67,20,1,70,79,91,13,5,64,15,68,13,17,24,85,74,60,5,92,32,51,18,89,45,79,7,24,25,85,25,80,13,25,44,61,15,30,66,93,46,79,16,63,18,5,41,17,46,90,63
27,66,14,100,11,29,19,85,49,81,33,9,96,94,66,55,49,75,6,72,76,74,76,59,99,10,56,3,99,93,25,93,22,31,15,52,24,83,52,98,67,65,85,75,35,47,16,11,11,51,92,10,27,40,57,59,23,75,54,24,53,94,99,49,51,46,41,47,69,53,69,72,92,93,81,42,68,67,60,80,35,95,51,3,13,57,37,88,34,29,43,86,43,90,16,77,53,35,94,31
96,34,80,4,56,27,58,6,21,53,50,65,92,23,46,77,34,55,69,47,64,14,83,17,51,42,48,88,13,68,40,78,43,64,61,42,70,67,83,64,15,22,7,26,43,25,96,75,34,65,80,56,23,63,70,61,27,6,84,90,98,23,26,70,72,97,66,90,18,35,54,23,52,30,20,67,17,96,72,46,24,87,67,73,50,89,94,5,77,13,87,67,46,78,99,14,26,34,22,50
68,3,90,46,47,63,57,54,32,91,64,26,92,35,77,30,92,14,88,90,61,44,85,73,14,57,76,95,66,80,73,13,25,83,21,66,38,75,49,49,10,23,73,54,30,1,48,100,55,82,20,62,28,6,62,3,24,76,61,55,90,34,37,10,48,94,66,37,93,21,91,17,40,9,87,66,54,14,54,68,48,58,86,29,94,59,22,19,30,7,7,74,52,11,94,98,99,22,96,55
61,57,79,64,32,7,67,8,16,68,33,90,69,30,3,4,33,32,29,56,64,3,73,15,52,24,62,94,63,39,6,33,52,97,14,93,78,15,2,84,25,30,50,28,19,32,31,71,5,51,19,80,45,82,46,39,72,97,32,90,66,94,32,100,99,22,64,50,29,33,27,12,52,23,0,27,3,91,84,77,56,31,65,94,62,16,79,92,3,7,82,64,92,65,12,95,0,22,49,53
98,76,12,41,63,81,58,97,39,46,79,18,77,95,100,30,19,45,44,80,59,48,12,75,38,81,72,50,93,15,8,29,70,44,92,58,23,64,8,5,85,37,28,62,100,35,93,84,2,3,4,88,3,81,80,20,53,85,74,96,53,5,11,77,43,78,59,96,43,20,70,71,92,95,20,21,27,87,73,18,49,41,41,17,89,47,42,55,32,15,49,36,48,14,33,32,69,72,5,100
91,80,80,95,47,84,100,3,65,37,28,20,57,49,44,40,73,10,42,70,7,72,16,28,16,28,7,33,70,57,76,63,97,22,20,25,28,5,56,89,100,80,36,27,1,24,85,25,36,32,47,52,75,32,61,81,20,0,75,65,82,98,53,81,28,73,53,67,44,9,71,91,31,31,81,84,80,18,21,46,38,98,9,34,83,73,22,4,32,2,70,26,6,3,94,67,55,64,63,33
66,98,41,57,63,5,77,22,85,26,95,90,36,57,24,9,64,47,90,3,21,4,3,69,55,75,79,71,49,97,38,94,20,4,48,10,82,43,45,46,14,51,73,37,10,33,71,95,35,25,45,20,79,16,17,16,4,64,18,67,48,29,59,88,37,56,32,41,69,83,14,59,21,58,58,11,99,61,50,18,100,77,95,72,34,25,33,54,43,57,81,80,81,100,44,63,56,40,81,73
91,10,79,50,22,90,6,89,26,63,34,87,71,13,17,43,82,80,64,46,47,53,63,56,35,16,33,9,2,70,23,78,35,20,67,5,87,35,44,55,36,28,16,30,21,1,5,15,34,40,49,22,90,26,96,64,94,92,25,18,84,20,72,80,19,59,41,78,0,65,18,20,56,13,69,18,57,28,84,43,13,87,80,55,32,75,37,19,32,14,61,35,36,27,95,99,58,22,13,75
32,20,17,12,54,54,30,100,19,93,79,52,100,59,5,10,56,99,55,26,66,45,95,26,70,29,57,35,76,31,92,30,40,98,83,51,12,9,58,27,19,54,70,46,34,42,25,94,5,67,3,54,76,82,70,42,87,18,91,27,9,36,54,59,45,67,43,5,98,34,100,41,84,64,6,24,73,34,62,52,46,64,99,26,71,39,7,65,13,100,40,39,55,2,35,85,46,99,99,67
89,79,90,0,31,52,18,74,18,62,11,38,79,66,72,33,79,82,79,53,14,36,77,58,39,69,62,38,93,11,35,13,34,4,99,59,69,45,47,27,38,11,18,72,77,47,18,29,77,99,94,10,26,54,31,88,32,79,28,37,0,51,13,45,8,60,39,45,71,37,42,46,59,39,44,59,13,16,13,28,45,87,34,46,63,39,93,81,5,9,73,32,84,34,36,66,64,64,33,53
56,12,59,12,65,61,26,98,96,55,39,20,100,40,16,88,53,16,0,52,84,88,68,2,78,52,23,83,18,13,17,62,90,51,26,50,89,54,32,75,15,48,10,57,67,5,52,36,67,12,25,12,82,7,11,39,46,16,2,58,16,8,61,51,81,78,64,76,94,82,95,11,57,47,28,85,97,60,70,99,57,43,95,50,30,80,68,92,33,50,43,25,72,20,82,100,52,69,40,88
56,93,99,6,75,85,17,41,91,3,50,86,96,26,97,11,46,69,22,50,68,31,14,38,7,32,75,48,39,10,11,47,94,26,66,80,70,42,53,21,47,52,8,50,62,42,15,77,4,62,86,34,11,78,28,30,21,48,8,4,30,54,57,65,40,16,40,86,13,16,75,86,52,64,56,74,70,39,37,3,68,48,55,76,4,50,26,77,97,48,80,100,34,61,72,73,75,95,98,8
84,14,6,100,16,84,4,3,23,77,61,66,67,50,68,66,81,23,52,13,69,23,65,21,78,37,83,21,6,58,96,31,41,66,40,61,28,30,84,59,85,52,15,8,68,35,53,90,62,26,70,43,35,38,91,2,56,48,45,53,79,68,9,75,17,32,69,100,72,78,74,100,46,41,45,15,31,95,34,51,83,54,17,73,20,14,95,96,91,22,16,44,10,99,56,65,100,10,50,74
95,76,9,30,78,63,75,49,45,7,70,21,38,39,87,43,80,4,93,100,63,15,57,19,44,4,23,8,54,12,7,2,76,98,85,94,36,86,57,88,93,83,35,86,25,89,76,34,18,35,17,12,28,72,34,51,5,18,18,94,89,80,38,69,13,95,92,18,42,61,40,6,96,14,23,45,50,39,83,46,91,81,26,79,40,19,57,58,16,34,87,97,77,50,88,61,61,34,59,38
32,25,0,15,16,57,87,8,46,41,13,28,68,13,63,69,16,51,75,14,12,17,69,56,6,87,85,77,43,58,28,41,80,80,47,51,31,64,66,57,64,31,87,56,2,36,20,94,28,47,56,93,3,92,35,87,2,98,36,94,53,75,30,39,32,92,36,53,70,64,3,39,50,5,16,79,34,60,7,86,95,52,42,49,5,11,12,58,24,50,45,44,26,60,2,14,65,56,74,34
13,72,66,29,54,95,29,26,87,14,13,38,71,5,31,93,37,21,80,72,8,44,8,98,94,92,78,37,44,9,12,71,94,69,98,61,54,5,95,56,16,19,52,80,47,93,62,18,71,86,8,34,12,17,51,90,68,3,44,25,25,85,95,90,69,95,42,7,32,12,74,66,87,0,98,14,55,0,27,64,25,47,83,61,72,17,21,80,19,1,87,6,61,80,49,17,74,42,12,6
51,6,72,73,26,29,79,70,100,66,61,70,63,9,56,93,31,85,55,9,100,10,59,64,33,64,17,72,10,67,36,85,23,32,68,11,42,51,6,43,17,75,69,25,52,20,90,89,23,47,55,43,15,55,96,40,68,5,62,42,40,54,76,54,3,6,30,30,62,64,1,35,97,52,34,28,52,56,35,24,18,12,39,98,28,21,45,72,28,68,13,83,98,79,3,61,58,18,66,48
45,45,70,90,99,60,30,66,68,63,99,18,98,89,94,12,56,52,41,77,52,6,9,80,75,38,17,91,51,56,96,37,94,18,8,93,41,39,16,78,79,34,15,58,67,35,63,47,64,64,51,95,90,39,58,61,57,21,41,3,13,32,50,76,20,41,58,1,58,35,75,71,43,22,67,41,15,87,37,10,95,78,60,30,13,31,84,40,80,59,51,11,0,29,44,93,21,42,38,68
94,45,73,19,100,87,1,41,13,2,99,92,9,71,75,37,69,90,59,41,25,29,60,85,87,36,58,41,100,68,93,23,99,99,90,52,31,22,27,55,55,32,89,40,16,18,81,28,47,90,72,93,2,44,6,62,52,99,11,76,25,44,3,68,30,47,84,79,46,21,64,100,95,25,77,13,54,2,24,99,43,92,74,63,54,83,15,15,81,22,92,49,85,19,24,13,11,16,95,64
33,17,36,84,100,91,60,94,69,96,93,40,96,13,34,67,47,46,78,56,61,70,16,15,29,8,4,92,71,49,22,9,36,43,37,85,12,92,8,96,26,97,86,86,78,35,11,36,24,7,26,95,84,37,80,47,86,56,59,52,13,31,1,59,44,42,19,39,21,22,18,25,72,19,19,92,36,65,57,3,23,75,92,26,14,10,98,30,64,75,32,34,76,6,7,62,99,100,8,46
69,98,20,98,8,12,98,95,67,17,16,86,19,19,35,76,52,23,36,76,16,46,16,19,80,54,90,91,2,83,12,84,49,13,54,46,64,25,76,65,2,33,31,79,59,53,97,75,1,14,47,37,87,6,77,2,11,51,52,26,19,45,53,44,10,32,56,96,55,31,15,73,59,23,11,12,39,40,10,87,27,78,14,44,47,55,33,88,10,73,1,42,74,63,85,29,92,1,6,52
75,37,92,50,3,70,62,20,58,15,76,80,46,10,66,26,81,78,21,87,84,42,18,86,64,20,96,86,61,22,17,29,39,31,54,69,86,57,35,10,82,63,78,24,92,89,63,86,26,5,56,22,56,35,8,79,25,100,85,15,30,95,63,100,30,52,75,45,11,93,20,28,31,78,33,13,71,73,35,4,64,80,60,43,2,16,21,6,50,27,81,21,50,88,33,56,25,79,40,58
40,46,21,12,90,65,11,16,99,27,37,10,13,37,71,12,72,69,90,19,28,30,68,29,76,82,20,58,55,55,26,26,33,31,59,13,77,48,58,34,99,70,39,16,98,31,42,96,62,6,64,67,81,12,46,27,56,30,70,36,85,20,43,84,81,74,88,16,76,53,11,37,71,15,100,3,69,66,81,94,5,90,88,64,2,8,76,42,7,3,88,31,81,95,18,74,25,69,93,66
4,69,33,25,21,55,56,88,96,77,79,23,65,74,59,94,26,78,61,90,96,78,3,61,27,64,12,25,56,26,91,96,16,87,43,78,86,95,62,18,33,31,72,0,6,5,94,98,5,61,84,86,69,52,38,81,78,38,38,70,19,45,95,32,31,50,71,85,44,83,13,75,91,29,55,80,51,31,44,86,99,19,70,16,97,4,32,82,7,12,9,100,62,61,41,46,25,53,97,30
95,42,42,45,3,15,45,26,49,90,40,24,45,88,20,67,80,46,67,88,84,15,45,20,1,18,3,92,27,3,48,46,76,36,14,75,17,97,79,16,86,86,81,29,93,56,38,85,37,51,23,12,93,66,57,42,28,89,83,65,31,69,87,66,47,54,78,56,21,75,60,24,42,65,62,0,85,97,13,69,92,51,77,86,15,65,71,14,77,37,68,89,95,27,13,75,46,82,54,74
9,58,69,82,65,3,78,74,92,20,89,55,89,81,31,95,30,89,30,30,46,29,76,95,77,40,65,95,89,37,41,28,94,59,81,12,4,70,35,24,83,83,59,73,61,92,67,26,87,65,86,46,59,74,29,56,45,22,9,79,56,84,94,11,80,3,90,98,51,16,7,80,42,92,57,94,45,38,78,92,57,12,86,90,27,41,35,60,45,21,94,39,33,39,72,91,68,57,69,26
16,41,4,23,76,32,7,72,15,68,82,21,82,43,95,10,99,59,9,93,7,72,23,28,82,41,20,42,46,82,69,55,82,42,72,59,84,12,9,56,40,25,23,97,99,39,49,58,45,58,76,56,93,15,56,76,50,66,26,82,4,11,34,53,75,48,55,5,78,87,80,28,30,63,59,15,20,84,30,40,38,35,44,38,96,38,48,17,6,44,32,32,90,11,26,67,89,19,60,33
78,83,7,19,88,12,62,42,37,52,25,54,66,3,27,1,8,49,72,18,38,42,28,43,13,81,30,85,80,18,35,92,17,91,17,82,52,10,38,6,81,5,23,23,66,80,95,9,97,54,34,56,16,93,11,96,100,76,39,26,39,76,57,82,31,26,81,26,50,81,74,76,27,90,43,32,84,39,13,56,3,30,65,10,82,10,87,64,71,72,54,78,14,37,88,84,37,92,27,51
45,70,20,56,30,3,28,5,66,25,7,27,38,88,44,97,88,47,58,9,57,44,60,2,69,24,42,16,80,87,65,89,37,46,61,48,10,58,74,90,21,67,72,47,5,51,95,52,89,62,49,62,25,94,29,31,96,90,4,35,93,70,36,32,34,64,66,30,64,90,75,66,74,48,79,16,1,11,57,54,23,28,67,36,45,64,100,88,79,10,81,77,94,33,74,91,68,91,23,62
97,17,50,52,15,75,61,34,64,85,40,35,40,33,75,57,71,97,62,46,36,36,63,92,2,65,60,54,40,100,6,56,35,66,37,27,37,52,20,13,65,94,74,5,59,55,41,47,14,64,59,100,52,88,45,40,81,91,22,97,31,47,58,74,80,77,99,63,67,63,68,5,70,56,41,95,0,4,86,68,41,26,93,43,81,64,60,50,40,86,32,26,8,66,46,41,34,9,44,33
31,11,6,38,71,80,80,90,96,0,68,77,26,10,0,32,22,58,78,74,34,95,44,94,40,37,51,37,42,19,97,31,66,26,87,24,52,62,87,70,94,21,85,69,70,38,88,36,94,61,33,68,23,89,100,9,30,61,53,20,58,10,51,86,96,73,6,95,88,99,77,25,81,63,15,72,71,37,70,74,71,82,52,18,23,52,81,7,5,10,71,88,74,38,79,92,31,85,67,56
15,3,72,45,73,61,1,62,56,40,15,84,63,68,23,46,43,35,27,100,74,25,81,41,23,90,11,70,27,57,42,12,9,85,87,62,96,9,22,69,66,77,83,85,81,98,47,12,83,50,92,90,0,65,54,20,45,9,80,18,80,97,78,58,87,58,3,95,69,22,15,65,86,27,85,11,94,10,63,38,26,2,99,99,49,45,98,57,58,4,58,23,51,7,43,89,92,6,36,83
35,58,79,54,21,79,84,100,87,13,0,50,43,23,89,96,64,85,22,33,74,35,26,68,83,56,93,37,47,0,96,83,15,13,7,57,48,97,80,65,75,77,83,39,74,91,2,49,87,100,41,88,41,17,28,26,41,12,93,60,18,3,36,72,99,0,15,11,39,61,35,68,27,94,60,52,77,73,60,68,5,97,6,10,44,62,60,14,57,68,66,78,100,93,29,70,42,12,97,57