57,32,33,50,20,31,11,11,41,32,0,5,93,89,69,13,11,77,99,91,67,41,38,87,22,20,49,6,64,21,85,4,61,11,34,66,54,10,31,75,51,100,39,2,66,94,4,56,49,44,59,2,85,73,7,71,82,30,54,78,96,51,7,12,95,46,85,19,27,21,63,44,93,23,50,40,41,56,25,67,27,33,44,30,4,33,64,89,83,88,62,40,13,81,8,45,31,69,62,13
87,24,21,89,72,87,83,16,18,24,74,100,94,97,28,21,67,49,63,60,93,38,33,56,54,56,26,38,37,77,64,68,84,13,38,59,63,1,54,64,97,12,53,85,18,73,70,21,47,49,12,80,22,63,78,1,3,1,100,65,80,96,33,23,69,70,24,27,93,21,88,97,88,66,64,40,3,53,88,93,28,20,82,12,84,9,56,36,10,87,38,57,80,67,66,52,75,35,79,50
99,83,75,12,84,63,9,44,15,47,90,75,42,85,46,1,1,98,32,64,36,34,59,47,89,57,27,90,49,38,40,27,34,15,85,6,79,50,55,53,39,87,79,64,12,42,89,59,63,44,48,0,9,90,28,19,19,34,94,0,10,27,89,14,81,80,31,29,5,19,85,35,76,47,5,81,93,73,51,99,19,45,88,75,58,20,13,43,25,22,4,34,59,20,60,58,93,80,24,90
83,77,5,35,13,30,57,59,37,2,31,4,57,42,41,76,35,10,11,37,11,39,58,64,52,82,14,94,59,76,22,67,82,60,9,94,59,83,40,93,69,6,12,71,61,34,16,62,25,6,4,75,85,45,92,42,78,67,79,70,66,39,71,51,6,97,28,15,98,87,63,10,91,38,68,24,83,2,46,75,0,73,61,97,28,37,47,22,31,97,15,92,68,75,29,66,56,42,90,90
52,86,19,59,35,28,25,62,91,35,89,67,31,20,37,78,8,15,91,5,7,30,66,26,16,83,40,8,76,80,92,43,69,46,80,41,31,73,51,42,57,36,64,83,84,67,31,60,4,50,7,8,76,22,34,44,76,76,18,29,68,9,27,3,97,92,32,29,77,39,85,70,83,17,63,29,60,46,95,70,73,25,84,19,0,16,64,69,49,68,7,40,60,15,10,50,67,96,0,69
17,33,73,71,25,98,21,17,83,82,39,74,60,35,0,26,47,9,61,54,6,99,23,1,72,97,56,51,8,13,56,48,20,86,37,3,80,10,13,74,40,94,100,74,72,83,75,59,27,69,67,74,77,99,77,65,42,100,53,97,20,28,94,74,97,84,55,77,12,56,46,78,24,3,7,73,6,100,24,27,19,39,86,18,21,61,34,69,43,64,90,42,14,20,53,39,8,4,69,2
97,27,12,24,86,3,54,3,58,81,87,19,56,23,100,29,52,66,14,35,73,79,99,86,22,83,7,15,65,32,50,63,34,73,25,46,98,33,23,60,55,93,2,80,61,58,79,61,99,89,38,18,63,81,79,52,59,25,42,14,80,1,85,80,29,75,62,19,45,74,3,98,9,88,0,24,88,58,10,77,87,34,29,73,84,44,42,83,84,98,4,93,8,65,29,54,71,15,71,94
50,80,72,79,32,45,38,88,44,5,3,79,97,1,67,98,63,6,7,8,28,35,45,25,3,11,51,8,46,6,71,84,43,67,13,47,25,55,72,13,14,48,41,26,29,29,11,95,80,47,21,24,94,26,96,80,60,56,23,75,35,25,100,40,62,72,18,95,6,82,95,85,97,40,90,56,56,61,66,39,6,16,15,75,84,8,33,27,41,71,86,85,16,95,80,35,85,27,70,57
32,19,13,30,2,43,12,96,60,75,15,79,31,100,5,97,85,85,92,81,48,40,35,96,52,89,95,50,95,13,22,100,17,80,72,52,53,17,83,80,42,58,32,30,68,5,46,87,66,48,55,56,2,67,52,33,1,92,51,44,63,69,32,73,64,54,61,94,78,48,76,65,19,94,18,38,83,31,61,33,63,15,75,2,28,48,9,22,64,91,38,71,16,32,9,97,10,7,86,75
41,14,79,4,35,51,69,44,50,69,91,69,22,41,83,43,70,0,78,26,57,9,40,18,1,83,20,78,83,16,29,88,1,54,4,61,28,73,99,2,34,32,83,24,22,47,53,67,67,11,84,94,75,62,18,23,52,2,48,31,14,17,38,18,89,89,46,99,18,96,5,59,10,95,47,73,25,45,90,95,56,51,2,11,18,82,34,1,7,92,90,49,80,98,90,38,30,87,21,41
3,24,39,8,3,98,77,23,68,47,58,89,87,31,31,15,17,86,40,87,70,91,81,1,76,100,94,15,44,36,8,94,27,59,32,9,85,42,70,94,98,29,44,69,48,60,25,99,26,99,66,55,31,7,90,96,94,32,44,18,1,90,58,7,60,77,74,9,59,91,77,63,3,60,99,44,39,14,89,2,78,88,75,33,11,44,91,92,69,22,12,54,55,41,58,77,62,4,11,63
65,76,38,13,93,98,41,74,97,51,50,17,10,37,90,83,20,50,14,27,40,5,79,22,92,63,37,99,27,80,89,19,82,21,39,16,54,56,55,80,86,27,58,47,24,67,79,97,8,48,74,57,26,81,39,12,77,80,30,46,93,34,34,2,83,74,38,17,40,36,19,74,74,17,16,38,61,18,98,18,83,19,71,97,45,27,2,63,3,70,76,61,79,11,43,87,40,23,61,39
2,31,52,22,31,86,38,58,28,5,39,82,17,99,12,13,25,11,53,60,38,44,94,81,8,74,71,72,68,84,90,63,99,19,82,36,50,56,37,81,39,48,69,50,93,92,96,95,7,71,55,59,51,71,68,76,100,93,57,39,40,28,0,45,4,57,30,64,81,27,7,32,2,17,16,42,66,87,41,71,75,41,56,24,63,50,49,10,21,74,66,55,1,89,13,61,88,97,33,84
67,75,38,5,26,42,43,71,66,61,80,1,20,6,46,34,13,100,54,47,18,45,15,58,58,66,60,38,53,66,52,85,53,78,29,31,9,12,4,47,0,65,81,20,38,36,65,66,29,62,39,33,79,11,88,37,81,18,59,91,35,22,84,35,89,92,86,34,24,8,20,30,21,78,3,42,26,4,73,39,39,35,40,61,32,59,35,3,65,87,89,35,72,9,4,76,93,26,39,27
16,59,1,94,21,54,41,23,30,47,40,21,22,15,85,17,45,100,42,74,65,63,76,25,25,33,100,22,69,82,93,80,46,41,49,56,5,68,42,5,5,77,89,63,45,86,61,66,48,23,58,20,36,75,84,10,39,18,89,71,45,14,100,75,20,81,24,64,88,79,35,25,13,61,14,58,22,98,0,28,63,100,64,61,13,62,61,82,52,22,19,31,83,53,50,2,75,21,21,17
83,4,82,43,52,30,43,51,23,67,75,91,80,89,90,83,100,76,28,54,49,36,40,96,18,78,78,58,45,15,98,34,96,86,17,47,29,8,36,74,87,54,38,2,51,55,19,86,19,82,49,98,98,83,65,62,93,77,55,84,17,23,47,87,10,98,84,59,99,22,87,5,21,14,26,76,93,99,46,63,77,11,8,93,58,93,35,82,94,8,13,100,19,80,25,19,82,96,83,50
96,72,2,77,58,13,93,43,61,57,9,18,20,13,29,80,88,78,60,24,36,47,81,78,49,20,35,94,4,92,99,60,99,55,80,40,11,52,59,100,50,0,69,71,66,1,3,35,67,97,36,19,94,87,56,97,58,49,68,74,81,87,23,12,11,83,68,98,77,88,20,33,91,23,20,85,40,71,41,98,70,39,79,85,58,59,50,80,31,43,91,79,11,99,31,60,19,61,7,8
39,45,3,16,31,14,53,51,12,43,90,54,29,76,52,93,41,81,19,90,84,24,93,63,45,67,12,84,64,17,93,51,71,23,45,67,64,15,74,73,21,19,64,72,65,78,26,0,22,30,72,87,71,79,56,46,3,94,42,19,62,100,99,8,71,94,18,0,9,20,51,28,7,81,34,52,15,32,0,81,5,60,3,82,60,82,99,16,29,73,21,45,9,7,83,28,100,91,10,77
73,48,70,92,40,63,4,74,15,85,57,15,40,8,10,80,26,87,82,46,32,52,16,74,49,81,12,65,39,31,18,28,82,36,19,18,58,68,83,37,28,60,84,79,55,6,66,78,84,48,98,98,3,78,82,31,57,33,60,59,37,87,3,30,93,38,49,37,87,18,68,8,83,74,23,85,75,4,98,18,52,100,94,93,56,35,38,20,30,42,24,83,4,32,7,64,2,34,44,15
62,90,39,80,87,62,89,92,62,14,42,80,53,18,60,5,76,40,98,28,73,80,81,98,40,25,85,50,45,55,3,100,55,50,11,80,12,90,42,56,61,59,77,31,67,8,26,81,75,68,6,39,81,34,49,8,94,54,69,96,47,88,59,7,47,80,19,78,4,46,44,44,40,89,20,95,49,93,32,96,45,47,32,50,33,4,93,72,61,38,71,62,94,42,78,88,65,31,57,65
63,88,38,6,35,97,38,0,82,42,78,46,80,95,95,81,26,5,30,98,37,4,49,37,43,85,73,1,86,8,47,40,61,86,10,92,94,3,20,83,71,48,38,60,60,1,30,43,0,42,93,89,82,24,90,90,43,49,28,55,31,89,34,29,13,70,36,26,70,39,76,92,10,16,22,30,73,50,36,0,67,28,6,23,73,50,74,40,67,95,58,3,60,66,12,51,6,18,64,74
58,34,98,38,2,16,98,87,29,15,10,84,9,45,32,29,48,49,24,40,7,37,13,80,82,89,30,6,6,19,73,55,81,42,75,69,78,39,10,18,100,78,52,70,50,45,43,7,99,14,50,76,32,0,87,89,91,56,77,36,37,60,42,22,42,35,51,46,97,32,48,38,89,68,95,93,40,85,58,21,92,48,52,11,45,26,86,96,39,38,73,4,44,60,64,18,2,24,80,47
14,67,43,31,81,95,77,65,80,62,53,78,71,61,10,100,51,68,81,25,72,3,92,12,25,39,36,22,97,93,74,66,8,58,45,85,43,15,7,97,22,46,3,60,14,49,7,57,89,91,73,22,92,54,74,47,72,40,71,21,94,60,63,53,23,68,23,25,65,72,3,40,18,76,58,6,95,77,70,68,63,45,86,40,88,76,64,52,87,88,6,45,61,16,11,94,28,13,98,78
12,60,82,41,22,99,58,78,88,36,77,22,3,3,13,30,47,15,60,58,17,94,47,93,39,19,18,18,30,42,97,51,5,26,31,68,94,44,63,4,79,85,84,66,5,82,11,22,39,76,32,60,73,48,12,11,21,41,61,49,29,63,60,22,55,67,84,96,14,7,60,33,37,71,35,47,41,79,42,60,99,87,35,33,68,44,6,99,87,59,54,84,70,43,89,21,73,69,42,29
36,41,46,58,23,53,77,16,28,38,40,53,68,12,94,81,6,18,37,52,24,36,15,50,70,17,29,30,94,42,74,28,74,39,1,0,55,48,91,22,55,21,44,22,1,16,53,4,30,39,92,6,29,56,48,55,87,90,95,48,71,74,1,93,82,68,30,60,12,30,86,27,74,9,22,16,99,24,52,88,52,72,14,72,19,98,15,52,52,83,73,32,79,29,40,33,44,2,46,62
100,69,80,40,27,89,95,93,93,21,41,23,95,61,91,33,89,90,17,20,78,41,70,22,75,30,4,35,47,2,53,75,30,21,62,21,49,9,46,98,31,48,22,68,88,11,89,1,80,28,87,72,12,31,75,43,53,68,91,85,67,15,98,49,70,15,31,47,69,28,45,58,71,24,85,75,1,3,48,32,1,73,37,0,62,65,95,99,14,95,0,71,46,66,27,87,35,96,89,3
25,33,71,43,84,1,30,69,82,77,99,98,44,24,2,57,77,15,74,55,67,93,80,79,60,75,51,55,53,39,36,88,42,40,100,74,66,43,68,85,5,39,2,17,63,50,63,54,53,99,65,87,31,50,81,38,41,74,49,12,63,85,11,69,96,26,17,35,70,39,32,6,57,67,96,17,39,1,57,33,68,37,34,76,57,96,60,42,46,16,93,35,38,93,16,91,32,70,23,39
18,87,2,50,36,93,59,14,9,58,29,89,96,0,77,88,65,39,94,74,34,52,77,98,55,27,20,2,41,10,74,18,77,59,100,77,87,23,85,76,7,97,10,5,1,46,35,30,92,72,31,35,26,43,56,33,45,91,90,28,63,43,98,4,85,29,21,14,85,75,8,29,64,38,71,65,100,57,100,82,18,75,8,73,96,57,93,43,11,50,24,98,49,0,44,64,46,8,28,83
71,22,13,47,37,95,24,76,0,10,27,12,8,29,24,20,65,67,26,16,99,77,56,39,93,35,61,67,33,42,68,36,96,70,65,98,50,81,41,69,3,14,92,87,80,90,64,17,2,39,37,69,6,79,6,31,54,39,99,19,83,59,39,24,35,40,58,71,67,18,59,57,73,97,57,34,51,95,77,33,62,83,99,11,50,24,82,18,28,45,19,42,40,12,85,19,98,3,39,41
77,75,74,56,29,27,88,61,22,38,71,86,34,62,93,2,15,91,51,37,12,11,67,18,34,80,27,9,83,66,74,4,46,12,5,5,61,77,19,91,36,50,3,52,62,91,99,57,85,46,69,59,56,62,61,77,12,93,36,56,0,85,17,79,13,3,75,67,58,70,97,9,70,86,54,6,17,26,69,57,46,81,32,3,44,78,6,24,36,62,3,35,95,75,2,10,89,64,75,2
61,80,7,94,32,18,12,30,38,39,56,32,40,20,57,16,92,3,41,78,54,85,48,81,50,43,78,90,43,25,20,89,71,8,13,36,64,64,68,63,18,85,89,74,54,100,2,26,91,98,55,69,40,92,65,46,75,97,41,14,55,19,20,27,94,100,40,43,46,88,39,72,71,48,98,80,82,1,64,91,60,60,72,31,4,37,3,100,53,48,97,70,59,93,68,14,38,91,75,100
41,6,34,86,3,51,99,71,84,35,72,20,30,62,44,28,18,92,61,92,55,0,31,1,98,27,13,80,45,90,19,25,34,30,6,66,15,65,7,100,28,19,60,30,60,32,54,80,4,1,61,67,22,96,57,88,16,75,76,99,35,72,38,91,81,37,10,33,34,80,4,60,70,24,45,78,94,6,22,10,17,47,40,25,44,18,57,81,60,73,32,94,11,95,95,40,98,68,34,5
22,71,89,57,19,8,84,12,32,51,75,68,76,18,53,34,69,27,28,18,28,75,16,12,35,48,39,90,36,63,6,21,71,70,5,57,56,81,7,84,27,31,24,38,61,50,0,7,73,26,92,7,82,26,77,67,76,93,35,55,36,63,78,48,36,48,59,84,41,29,35,95,52,22,52,60,57,42,56,44,31,57,48,1,49,96,85,80,59,0,26,94,76,48,85,16,95,84,70,27
43,74,96,45,17,11,16,12,15,52,14,87,14,65,67,97,29,10,99,5,84,87,20,38,46,46,100,22,36,69,5,77,40,81,57,3,72,23,66,45,97,41,87,11,15,35,66,9,17,11,70,28,80,70,80,12,76,85,17,36,42,96,68,15,78,50,35,83,14,31,71,11,98,49,59,10,3,94,38,37,9,40,52,37,5,32,90,83,91,54,63,30,48,58,65,15,23,20,9,75
71,92,94,24,61,50,50,76,93,8,60,28,96,29,65,53,12,50,97,47,12,87,31,97,29,33,96,97,90,47,68,33,76,80,47,72,51,44,85,18,58,13,70,61,60,32,13,33,10,81,87,97,15,45,42,97,27,62,62,64,5,75,22,17,96,43,68,47,4,26,58,38,56,11,42,48,37,24,70,7,6,13,77,33,35,28,73,54,93,50,71,4,18,25,57,82,60,71,94,71
68,55,89,8,68,38,29,12,58,17,29,25,38,91,57,60,28,100,15,83,91,96,26,78,82,88,39,42,37,85,71,44,27,90,96,23,61,94,14,82,15,68,26,81,19,54,91,55,51,1,50,48,19,56,79,20,21,11,5,81,63,78,71,87,83,75,67,50,94,76,6,23,95,49,78,67,82,31,78,67,79,65,92,10,30,64,14,48,38,64,19,14,63,63,20,92,79,80,98,41
4,14,29,67,87,26,44,46,95,88,10,6,19,76,4,79,53,8,63,85,62,18,96,39,24,50,81,90,13,29,39,59,82,83,47,68,9,49,99,18,14,63,57,51,94,15,34,0,96,7,56,12,91,44,93,52,89,23,59,47,91,94,27,31,78,35,89,90,85,85,3,96,82,26,83,72,7,99,34,14,3,65,38,4,41,28,63,95,88,7,85,4,44,66,91,44,2,54,29,27
58,86,61,23,67,71,40,38,31,35,40,76,71,77,21,93,75,6,93,56,73,55,53,10,73,51,63,68,18,96,75,1,65,13,66,39,18,30,28,48,16,74,61,72,16,16,70,20,11,72,69,75,54,72,54,31,88,20,26,27,88,71,56,89,16,15,19,64,21,57,6,82,13,1,97,23,8,11,24,1,9,100,95,74,34,83,4,41,52,83,60,60,70,63,37,50,48,39,50,49
71,63,6,3,63,85,92,91,67,39,52,95,30,33,22,69,12,14,31,40,11,32,47,55,55,77,61,37,21,68,20,60,98,34,54,52,95,2,42,100,18,51,10,17,88,56,34,66,53,50,95,12,40,57,83,68,64,18,91,60,22,88,85,82,52,38,78,28,11,65,67,62,44,6,99,15,12,59,95,48,35,93,9,64,72,3,50,42,26,0,1,16,86,10,81,73,52,99,25,93
43,42,40,26,35,75,48,29,81,78,96,29,80,86,71,58,39,96,2,2,97,58,80,59,94,17,0,34,84,68,93,60,41,13,7,17,91,22,1,42,64,47,80,79,2,92,61,53,8,16,30,37,16,35,30,77,70,60,22,17,94,54,50,13,8,1,79,52,7,15,36,100,41,41,53,33,10,31,92,69,42,44,13,42,75,11,50,16,79,40,29,54,72,86,85,38,55,81,89,37
33,85,69,52,38,97,43,71,51,76,3,88,44,17,82,3,26,63,74,42,78,13,76,94,16,20,79,17,26,7,98,91,26,92,20,94,83,34,31,57,95,4,30,57,31,28,98,50,38,94,7,82,36,69,33,69,19,7,42,66,26,49,9,96,1,47,83,9,47,81,53,14,31,27,83,31,96,46,2,12,51,19,40,84,4,1,49,85,45,85,61,12,57,25,98,72,22,21,70,92
23,28,58,73,39,61,91,90,92,79,90,90,9,56,27,57,53,24,80,89,38,70,85,64,92,10,93,99,73,36,98,13,83,44,59,12,57,71,74,40,9,5,93,70,65,76,82,41,8,81,90,8,95,90,66,33,4,24,28,78,37,79,91,60,8,27,82,26,88,92,27,58,99,5,76,22,84,95,31,73,79,11,51,42,18,18,1,55,5,4,33,95,49,41,44,90,81,79,72,54
62,50,25,78,100,33,51,16,66,46,32,15,15,7,91,17,83,69,59,87,60,71,59,99,91,16,76,96,35,0,72,17,44,100,29,11,22,70,69,76,30,11,36,47,7,46,21,76,35,76,15,29,63,99,8,91,49,86,19,24,67,71,16,20,15,93,54,78,16,89,15,59,80,7,16,55,27,33,3,41,14,3,94,61,68,23,70,32,79,37,59,38,1,14,43,50,4,0,62,66
3,30,40,44,48,87,22,27,98,39,25,96,57,52,36,12,31,97,93,10,21,83,81,2,9,47,13,74,99,29,16,35,84,14,85,84,23,71,42,41,50,53,37,9,13,32,97,18,22,50,58,2,31,20,45,1,25,69,95,9,1,62,51,52,80,22,61,88,59,10,95,26,54,74,6,38,89,51,38,38,92,11,43,64,63,82,4,38,73,12,39,28,83,81,45,56,87,76,91,75
69,5,89,75,66,87,67,77,57,9,99,89,93,78,67,14,23,39,19,38,72,11,70,54,17,71,69,21,99,4,43,0,12,65,44,6,35,81,84,65,0,44,79,65,22,66,85,44,11,6,30,91,79,9,12,83,64,32,70,60,86,60,90,13,47,80,15,18,40,74,32,59,11,78,80,97,72,9,89,77,8,60,88,53,65,34,86,99,83,11,75,13,8,55,28,16,44,19,32,39
26,26,52,31,29,49,19,11,87,36,86,27,59,16,4,6,11,27,62,5,46,95,37,91,95,97,84,82,86,18,67,35,9,77,70,59,14,100,7,94,76,19,25,53,86,82,46,60,61,22,34,71,85,78,82,76,37,95,37,38,17,39,84,42,86,33,21,23,65,48,7,27,21,96,87,100,7,72,73,58,69,99,68,9,52,6,39,87,86,53,57,16,51,85,53,92,35,25,13,12
8,1,72,96,62,97,21,56,37,43,76,94,11,52,7,63,48,35,65,11,52,73,76,49,57,27,75,23,59,20,51,0,1,88,8,42,3,64,15,12,78,10,18,77,38,29,12,92,62,43,18,2,72,7,86,5,24,93,3,6,7,100,10,82,79,66,40,36,67,80,10,14,62,75,67,60,35,11,1,56,100,56,22,59,54,76,46,8,82,66,17,16,86,32,40,5,47,63,41,17
90,25,88,66,82,31,59,36,18,35,99,61,62,13,2,25,46,34,53,38,88,84,25,46,58,70,62,14,87,57,57,19,22,97,23,91,13,79,13,23,95,91,61,85,78,42,17,0,33,89,68,3,45,24,43,26,93,19,82,64,66,10,55,10,46,30,83,43,11,100,78,63,35,94,97,94,84,33,67,6,92,26,12,47,54,11,51,54,29,87,69,41,24,3,94,6,29,71,74,98
16,6,57,8,56,11,85,40,49,54,61,31,95,68,58,52,9,2,57,93,3,30,46,24,15,34,45,42,62,71,50,2,70,13,95,46,58,60,18,21,80,81,78,53,9,40,49,46,96,95,80,37,75,88,97,78,77,94,22,95,97,23,79,47,79,31,30,31,51,34,78,18,11,7,90,87,40,71,46,94,80,87,60,11,73,99,76,4,0,11,29,72,40,68,76,17,68,83,44,69
84,30,59,68,32,15,90,72,50,2,86,58,100,65,26,57,56,64,65,27,77,15,98,47,55,80,30,15,90,58,39,73,54,38,69,91,90,30,39,92,35,67,53,66,41,25,95,69,36,32,14,15,87,3,92,64,50,60,11,71,29,56,4,96,95,51,15,81,48,85,57,47,70,79,27,7,9,4,92,49,21,96,57,67,59,69,1,72,21,25,72,42,42,54,77,0,0,44,87,34
14,76,75,14,50,19,10,19,8,9,55,61,3,60,80,0,48,69,30,25,98,37,91,80,31,91,99,45,20,50,1,2,60,86,53,71,99,67,38,39,56,34,54,43,4,85,57,11,66,19,14,54,84,78,7,39,19,11,75,60,76,39,79,88,3,62,44,44,33,55,24,1,38,43,55,77,84,87,24,61,6,78,49,86,46,18,75,37,10,86,31,59,38,73,22,79,100,37,45,64
24,1,2,68,13,4,5,49,39,32,89,67,67,28,93,41,82,0,73,13,91,35,19,45,99,1,100,87,16,60,36,2,0,45,74,51,77,5,5,4,79,95,78,87,74,36,67,85,82,45,49,12,38,74,100,55,91,22,55,10,18,70,1,17,38,24,25,47,51,99,48,12,85,63,74,99,76,1,71,31,36,17,51,51,89,13,5,76,78,71,30,70,5,59,8,43,55,18,90,97
13,83,21,57,42,44,97,75,19,7,64,72,42,52,4,1,1,55,11,15,86,70,72,14,47,46,91,48,57,59,91,4,35,47,81,5,27,3,30,70,76,30,69,41,92,75,91,65,43,21,20,23,42,47,93,28,83,16,86,18,51,97,35,99,41,40,46,96,49,23,33,16,78,82,6,99,83,88,69,77,8,4,91,48,66,54,87,53,31,47,28,36,29,36,76,99,28,54,73,78
79,85,6,76,76,88,3,73,39,27,45,37,30,65,15,17,80,24,41,20,58,88,11,69,56,58,57,87,9,54,19,2,67,99,32,82,68,83,60,40,28,55,85,71,91,50,27,38,19,77,7,15,1,17,98,40,26,35,34,81,81,91,52,81,53,77,21,34,36,76,51,47,0,68,27,33,67,100,49,50,41,26,75,8,96,14,62,56,52,75,61,77,46,52,80,28,9,15,86,50
92,16,30,78,25,12,41,43,42,93,92,71,77,50,13,98,67,26,16,27,7,56,1,17,66,100,19,92,2,1,85,87,91,16,23,43,89,38,32,65,92,2,56,55,1,13,41,30,78,1,10,27,96,82,84,54,62,6,0,10,85,36,55,82,8,9,37,75,27,87,42,7,30,26,9,2,35,77,44,38,65,74,68,21,94,27,34,37,30,74,18,29,3,6,65,78,53,60,38,16
75,87,84,2,82,54,63,57,68,28,7,5,50,0,66,98,62,32,36,25,55,79,47,1,43,91,34,84,19,63,53,22,29,46,41,3,39,11,65,17,64,63,78,77,11,39,91,14,3,28,91,60,13,7,71,78,71,0,84,35,100,67,73,65,85,41,83,42,44,95,4,24,30,45,42,92,71,26,12,2,10,59,12,1,93,8,67,66,67,1,25,90,90,59,33,8,29,52,94,19
38,45,95,87,24,90,83,23,60,69,72,49,28,26,75,51,78,17,8,70,24,84,33,41,93,84,28,45,78,50,74,42,68,79,15,44,55,95,70,46,91,39,49,25,80,2,55,96,42,70,100,20,42,36,14,5,16,63,0,37,12,30,50,3,9,1,45,5,34,81,21,83,39,15,94,50,74,39,91,65,4,77,29,59,30,78,20,52,97,72,31,32,51,30,64,61,67,55,5,64
16,59,93,90,23,92,45,29,49,27,21,4,77,9,56,63,16,81,75,0,76,2,49,100,83,84,75,95,75,59,28,11,17,22,80,26,3,25,95,13,13,32,51,54,94,96,83,79,100,47,1,85,80,33,28,1,89,1,87,93,29,40,87,31,1,60,24,2,93,32,36,90,37,69,7,61,51,60,51,99,29,53,49,63,60,87,49,31,97,32,57,91,86,30,53,29,34,52,99,9
55,47,90,30,36,36,76,43,56,43,41,2,93,87,25,53,35,39,58,25,52,95,93,42,28,64,75,81,12,67,13,97,35,17,16,36,75,19,36,18,68,57,24,7,74,25,72,73,29,36,16,72,81,57,3,92,46,30,56,61,42,92,95,77,29,26,44,100,95,13,60,83,55,13,6,33,69,29,1,4,64,77,47,36,91,49,73,81,69,93,38,18,50,48,39,11,98,68,98,60
2,84,16,65,0,74,34,20,66,55,25,52,12,49,55,51,89,4,33,19,79,70,56,87,48,100,40,31,62,52,17,46,26,42,95,1,50,52,73,40,53,61,58,67,12,39,35,49,92,66,45,39,24,50,24,56,49,24,89,97,97,55,36,57,98,95,8,9,30,57,43,21,51,26,79,53,74,39,57,46,33,15,15,94,76,32,9,19,64,42,80,81,72,3,14,81,57,15,80,4
34,9,20,97,50,74,51,13,78,75,85,14,76,81,56,49,4,28,46,84,21,7,84,24,89,17,9,97,20,22,89,78,22,69,74,75,23,65,67,12,10,84,60,66,26,41,84,16,39,18,68,94,88,48,100,96,10,2,86,76,7,83,44,56,43,92,74,84,4,52,22,100,65,61,60,63,37,53,99,39,27,48,16,65,25,53,84,89,17,66,69,96,89,60,36,46,62,65,67,22
42,61,91,15,96,16,32,95,51,36,63,45,66,60,91,54,76,79,82,45,77,72,21,57,85,79,16,12,26,27,58,37,72,75,36,64,4,24,14,52,49,20,32,44,32,99,71,12,98,73,61,62,38,40,7,0,74,52,81,69,18,78,32,76,33,3,15,65,17,48,0,88,58,4,41,8,90,87,15,28,14,1,61,53,18,37,53,81,92,15,55,3,16,84,31,79,64,23,88,65
98,94,27,88,67,75,22,85,93,51,73,92,37,8,74,14,70,98,32,40,44,50,45,95,7,5,72,80,94,58,77,7,97,66,3,41,34,81,34,91,88,9,42,69,70,51,9,47,16,88,74,68,29,44,6,7,14,6,57,64,54,0,87,73,62,23,35,26,16,31,80,76,31,25,35,24,67,97,28,18,63,22,77,56,100,3,26,86,55,96,95,16,37,0,51,84,72,12,44,75
40,86,46,13,15,68,26,36,94,25,87,11,24,4,69,59,5,46,83,49,31,9,13,20,67,80,100,41,15,7,16,32,96,6,8,63,77,83,81,1,71,17,99,39,68,6,58,86,32,99,60,81,19,15,8,80,46,58,20,60,78,68,78,83,57,94,53,77,82,45,60,24,18,65,7,21,47,81,24,83,57,72,97,81,16,53,36,98,34,70,32,82,37,13,92,34,29,57,73,35
36,85,67,17,28,39,64,80,70,100,6,73,6,57,54,52,79,79,69,32,2,62,83,68,64,42,62,6,33,26,100,90,52,37,64,25,47,76,9,37,30,19,60,21,59,1,69,54,2,56,61,75,30,49,90,10,76,36,51,20,66,15,82,83,15,20,49,58,87,56,67,50,88,76,22,71,23,70,21,94,72,26,45,4,83,41,34,92,72,100,54,60,15,69,98,72,98,98,81,18
70,33,9,83,28,3,70,64,45,38,27,55,51,57,72,31,99,17,19,34,20,50,77,70,58,73,95,4,42,20,56,23,59,32,65,53,22,25,86,27,41,72,60,70,100,44,53,46,91,56,91,43,83,26,28,33,84,86,77,7,50,84,17,86,22,40,100,30,58,12,95,67,47,12,21,32,8,75,54,32,57,44,52,13,69,40,40,91,15,69,66,75,81,39,51,70,28,49,69,67
35,79,30,3,43,68,39,82,15,10,62,13,66,98,96,5,27,79,19,36,61,56,2,92,71,16,32,95,31,78,99,89,34,10,84,31,97,86,67,12,100,23,86,23,6,94,81,23,58,93,43,54,22,77,20,4,12,100,35,1,66,2,33,8,94,68,0,7,2,78,77,47,79,15,13,9,70,0,59,2,75,95,19,48,100,65,80,93,49,9,42,29,41,20,75,75,57,46,28,90
0,77,40,20,92,46,38,52,28,61,72,5,56,36,65,52,90,27,76,79,46,57,88,1,77,59,90,26,79,94,36,23,22,34,15,75,29,19,6,38,0,24,24,43,65,16,87,25,94,81,31,5,62,74,15,71,63,87,19,85,65,94,88,48,86,67,49,45,99,1,2,12,88,23,12,1,38,52,6,14,32,93,39,73,20,54,25,20,86,21,24,42,59,71,92,30,37,62,60,22
2,63,99,8,32,59,69,95,21,18,61,64,34,97,64,50,96,91,93,50,20,86,22,0,51,92,24,70,17,82,19,21,72,78,73,35,75,55,77,35,89,89,4,61,62,10,95,95,97,66,36,61,67,73,94,73,9,23,8,80,96,87,19,35,87,60,49,37,77,0,36,78,78,51,7,100,31,99,89,79,45,68,47,19,61,77,78,12,53,43,55,86,100,3,24,58,71,6,81,58
64,66,91,13,62,14,1,24,83,16,93,9,94,91,14,29,7,44,59,7,26,14,40,80,17,94,75,56,1,36,53,41,62,72,94,98,52,11,36,9,87,86,8,40,46,80,1,72,74,100,22,46,24,85,54,17,29,13,64,100,25,69,34,77,100,0,10,59,84,18,25,53,53,50,72,90,26,73,76,38,15,59,75,89,46,47,61,67,93,12,63,11,54,80,85,78,12,10,70,19
69,87,63,89,86,63,75,13,70,70,54,14,66,9,3,6,29,97,53,83,4,14,3,29,6,82,64,14,61,88,43,13,55,28,68,95,30,28,70,85,11,48,85,42,14,39,48,34,53,26,46,87,46,52,8,60,73,45,42,52,87,71,88,27,9,72,64,72,7,45,81,52,13,2,28,23,74,68,16,29,80,69,76,97,47,42,45,15,51,30,77,39,14,56,84,79,52,25,73,90
1,77,97,90,36,9,20,72,99,32,84,30,56,81,3,55,97,41,41,54,14,13,55,73,66,15,100,75,75,14,33,66,56,55,13,83,60,66,12,64,50,24,88,12,66,99,94,45,91,60,97,57,63,4,0,28,19,78,64,96,83,86,8,36,72,88,42,1,20,53,9,12,46,71,7,95,75,4,89,63,46,37,45,43,69,43,48,39,41,20,30,3,16,79,63,22,28,48,99,87
6,48,57,44,61,56,72,79,23,53,89,7,49,47,1,58,52,43,6,16,81,61,22,71,19,73,5,21,88,19,24,71,78,34,47,21,20,2,89,24,99,76,23,46,54,28,46,22,28,38,30,1,20,31,23,5,45,61,9,51,50,50,56,61,60,0,39,11,44,97,10,41,97,3,51,81,52,47,29,97,82,33,66,4,15,82,77,89,79,98,44,21,58,35,45,44,23,85,60,28
44,72,7,88,96,12,26,14,26,87,17,58,57,64,100,89,4,26,72,34,28,23,95,96,78,60,73,90,5,67,61,15,12,15,79,11,24,26,4,61,52,57,80,24,8,80,59,83,50,80,88,99,98,42,86,11,8,35,30,89,56,74,68,25,25,54,31,83,47,86,52,55,12,21,51,82,12,54,69,97,7,8,94,54,97,17,30,4,82,71,76,97,83,79,91,59,11,90,3,29
19,80,76,31,74,39,93,46,37,93,33,65,83,13,3,80,34,87,84,84,83,99,32,81,99,4,14,64,90,21,43,26,72,98,54,41,99,85,99,11,18,36,42,2,27,36,54,5,77,0,28,38,5,70,13,10,80,47,31,49,80,86,20,13,25,72,21,22,34,2,23,80,0,22,19,31,49,12,55,56,35,38,66,61,71,9,69,48,65,97,35,9,93,66,94,4,72,37,44,98
34,0,80,80,11,19,10,23,73,82,49,46,67,13,66,1,99,9,78,80,37,26,4,5,81,68,71,4,49,72,97,62,40,25,28,97,52,36,89,89,86,86,69,84,99,17,71,40,47,85,87,16,57,35,56,32,59,91,55,85,57,53,86,27,54,14,7,0,22,54,91,87,29,1,65,84,17,67,44,56,43,21,73,10,97,85,11,18,67,38,94,80,60,83,57,39,41,99,36,70
77,56,49,1,0,23,40,86,79,100,21,26,85,42,97,75,92,49,89,72,8,5,68,70,36,29,78,30,14,10,23,69,89,75,41,46,24,70,82,55,36,100,81,64,72,34,27,82,3,50,69,18,28,32,12,21,64,48,6,60,42,40,53,59,19,59,53,81,99,2,62,78,61,62,63,34,71,6,74,78,57,52,25,81,64,97,90,62,61,86,5,28,15,35,62,33,96,47,34,22
89,34,75,51,41,23,12,7,85,54,32,38,15,28,87,47,96,6,52,41,0,82,0,60,86,46,95,57,92,13,58,95,97,36,91,100,56,71,61,71,27,3,38,52,89,10,11,35,100,66,63,5,53,38,98,57,24,32,17,26,62,19,7,53,88,57,58,91,36,20,58,39,39,68,17,51,28,20,73,58,49,89,5,75,24,47,79,15,63,36,54,31,87,85,65,40,51,8,24,49
14,72,42,62,62,9,89,29,55,64,35,10,19,60,77,43,15,30,87,13,53,85,55,9,23,51,43,29,29,92,83,86,64,9,76,86,42,13,64,35,25,28,57,74,6,17,62,84,95,53,78,9,18,34,53,2,44,47,27,85,5,25,81,4,92,14,3,4,59,43,0,52,57,96,90,85,18,70,58,94,49,41,60,95,25,82,98,75,29,85,24,75,60,92,34,69,91,4,16,76
44,44,1,93,67,64,11,96,0,33,98,89,100,8,82,17,0,100,18,43,66,100,48,94,80,47,72,68,32,98,51,76,16,57,52,39,30,36,3,75,21,92,3,1,68,73,12,20,25,35,77,73,92,17,64,36,40,84,95,53,14,24,2,8,21,83,69,18,68,66,38,79,47,70,32,72,64,35,68,53,17,13,5,24,100,55,16,17,76,7,18,66,50,2,100,6,47,64,86,38
97,96,36,80,6,44,68,19,56,43,81,84,23,29,74,36,22,61,97,5,86,56,49,59,57,10,71,67,61,42,84,60,85,98,61,44,64,23,24,30,55,72,67,89,97,73,27,60,59,14,38,45,12,4,38,85,70,66,95,91,24,32,52,44,72,82,71,49,55,49,87,75,55,19,80,29,20,5,97,63,26,3,84,32,84,0,11,0,55,82,12,84,47,57,50,20,70,100,90,95
30,55,77,4,97,41,69,39,58,40,0,12,54,76,18,47,32,50,44,36,57,92,14,82,21,42,96,41,24,66,56,77,40,3,17,79,26,38,7,17,97,27,81,75,9,40,1,100,67,56,38,3,38,24,48,21,48,66,19,44,62,79,6,35,34,10,45,73,99,65,54,35,80,44,71,72,84,24,71,42,68,36,22,97,81,9,85,15,41,46,38,75,99,76,86,24,87,82,88,65
39,7,80,87,10,42,65,26,35,94,85,22,41,37,51,10,41,54,3,44,39,52,51,51,78,43,86,75,32,41,55,80,73,86,0,45,88,31,92,77,38,9,16,47,19,29,60,38,59,52,74,93,58,89,65,51,9,48,7,43,20,12,75,37,9,0,89,11,28,8,45,75,45,38,98,96,71,61,34,47,66,11,77,2,34,3,37,31,93,89,52,15,78,9,67,21,37,41,18,57
30,86,49,15,98,6,35,52,62,25,18,42,48,41,51,70,73,47,67,49,82,61,20,3,25,52,81,91,59,2,34,30,18,55,30,74,83,95,3,7,51,33,83,60,63,63,84,47,75,92,80,20,74,77,17,16,59,93,21,87,41,89,1,23,17,88,89,12,100,42,5,10,88,43,15,95,13,1,30,42,76,98,39,16,92,18,5,54,14,18,30,0,28,19,47,70,1,83,23,20
26,39,56,89,9,44,6,95,26,22,52,95,94,35,26,46,39,37,52,50,64,71,19,15,100,88,78,48,81,43,15,13,11,59,99,0,98,12,65,58,21,90,23,6,69,88,25,62,76,67,70,89,16,6,10,45,8,34,17,95,100,79,52,55,76,65,13,65,96,48,66,87,54,97,12,57,42,99,20,94,96,16,6,12,97,99,97,14,4,2,68,15,27,58,86,58,37,41,68,64
93,36,56,27,83,25,89,33,77,73,16,93,90,32,40,22,49,25,18,15,66,79,39,41,38,37,11,9,17,78,56,42,71,48,25,92,88,2,68,58,49,18,81,80,43,91,17,79,71,2,32,94,39,9,38,98,65,79,5,99,68,4,66,79,3,81,77,18,31,54,97,64,59,13,28,90,43,22,100,8,4,61,54,34,55,95,39,91,27,31,68,42,24,84,81,42,75,9,86,45
72,16,90,24,88,61,23,97,72,34,65,26,29,89,10,65,79,49,48,19,49,31,32,69,67,25,50,73,17,31,31,2,67,39,78,59,6,37,53,19,85,80,97,47,100,83,22,75,75,84,8,82,46,10,42,25,57,93,18,47,6,10,43,7,58,56,17,84,65,26,9,30,6,14,87,86,60,49,3,31,26,96,44,9,57,76,0,10,17,5,87,87,35,70,52,42,18,54,53,43
76,10,59,76,29,75,8,43,22,59,29,42,95,26,74,29,28,32,52,57,26,21,44,84,48,34,97,6,15,67,37,80,4,52,38,16,43,81,97,4,39,96,100,64,80,67,8,74,62,32,36,60,76,11,35,48,60,47,47,53,21,46,66,64,32,2,43,27,92,89,49,59,26,75,89,38,14,22,63,16,34,54,69,94,16,20,53,16,70,41,87,52,83,37,75,47,44,6,39,9
22,78,35,30,96,67,38,12,50,39,35,77,50,33,54,65,32,90,26,13,65,13,45,70,41,19,86,0,34,78,35,78,5,51,68,88,56,11,80,90,70,54,54,70,21,8,83,53,99,9,4,92,16,96,93,93,11,15,12,6,5,27,99,46,88,34,94,31,88,36,54,4,54,95,41,34,18,20,8,93,2,56,63,39,51,64,40,31,1,50,10,27,53,45,30,4,83,45,66,85
18,65,56,99,76,42,54,75,36,8,25,49,51,31,34,4,13,90,33,46,3,67,83,39,94,91,50,12,73,50,60,65,67,89,81,57,87,68,100,33,28,4,75,57,29,40,58,5,100,22,3,14,37,43,79,72,31,41,20,9,5,10,72,97,17,38,83,21,24,77,5,89,93,42,51,78,74,25,4,35,38,52,37,63,34,21,39,44,9,66,70,86,90,78,48,50,86,52,61,61
59,9,79,10,15,42,21,48,1,41,75,91,35,33,78,57,36,69,40,53,36,49,18,31,27,66,83,99,20,73,26,39,25,49,19,82,41,14,11,36,32,59,13,23,17,1,3,16,56,87,86,77,85,94,24,17,93,56,28,87,11,20,82,38,66,32,84,45,38,28,22,69,71,25,46,45,100,56,26,82,76,31,85,21,63,45,17,0,39,49,8,49,65,32,2,25,51,69,30,24
83,32,11,26,30,93,48,73,95,90,72,60,24,14,90,95,16,17,45,80,3,99,59,61,93,26,24,40,42,90,69,20,25,86,87,51,47,23,62,53,41,81,70,68,91,95,81,6,49,1,14,47,21,27,96,76,50,29,43,89,48,5,1,72,62,80,16,21,56,70,61,29,94,81,98,31,74,49,40,18,62,30,40,94,44,93,9,67,36,1,31,6,54,19,91,26,59,66,32,39
14,26,96,8,97,12,25,93,70,89,86,83,67,26,18,48,21,60,46,62,85,20,37,86,52,90,49,8,51,78,76,29,51,78,78,7,84,95,66,64,97,50,54,77,49,90,20,30,98,5,49,60,82,88,44,46,58,12,20,55,11,37,47,22,52,13,91,82,98,80,7,63,11,92,91,54,30,73,10,30,72,47,64,82,91,11,39,33,67,16,72,86,55,65,80,46,62,3,66,38
30,50,44,33,46,79,27,92,35,42,97,25,85,46,44,71,39,73,74,17,95,10,99,66,64,57,64,63,26,39,82,97,29,93,33,0,50,64,38,17,41,68,96,17,79,26,13,63,72,60,26,93,88,63,55,12,48,72,61,55,94,33,26,100,5,85,79,80,31,86,2,89,95,89,52,38,92,100,4,27,29,96,11,87,54,38,39,93,94,17,68,53,75,85,84,39,96,63,2,96
38,37,6,96,42,56,81,35,34,48,50,15,31,35,20,37,42,77,17,66,74,42,37,52,99,76,72,89,71,68,52,8,64,91,75,87,62,62,80,53,67,32,69,42,24,18,15,37,37,26,20,21,82,2,80,14,91,65,61,53,75,94,34,43,45,55,36,53,71,8,91,89,2,77,1,91,32,10,43,89,75,90,97,62,26,53,13,13,9,61,35,52,57,31,24,94,84,84,85,8
33,100,2,47,28,93,83,54,81,36,31,14,73,35,19,75,12,60,43,56,29,21,78,69,58,42,40,97,86,61,9,75,43,2,98,28,12,95,86,2,71,29,93,5,90,13,17,55,36,13,96,69,83,29,86,40,34,27,35,40,51,69,80,28,97,38,57,93,14,35,40,30,97,55,37,83,22,67,66,49,74,55,30,97,58,89,8,99,44,6,15,25,25,28,84,53,95,15,34,44
54,4,47,43,66,9,87,25,11,10,40,84,1,91,42,21,66,14,38,59,76,59,25,90,45,39,10,38,100,39,79,25,30,7,73,69,76,30,75,82,10,98,72,100,3,21,78,31,2,90,81,24,88,81,23,32,78,27,44,39,0,13,46,63,62,77,19,70,28,41,82,48,22,78,17,46,52,54,67,49,3,48,75,63,56,55,86,13,2,9,83,21,16,63,60,27,84,95,35,95
76,83,51,77,94,6,13,18,30,5,77,51,4,17,15,62,6,63,77,92,2,12,42,50,11,8,12,37,80,92,20,24,59,41,92,6,43,96,17,5,100,82,52,70,35,12,76,8,55,95,26,68,47,92,9,33,38,62,62,88,67,92,76,14,20,55,30,88,79,59,44,89,92,0,99,24,22,59,1,58,42,32,70,99,30,99,55,78,97,8,37,32,67,85,60,50,53,22,16,85
86,84,84,21,59,62,12,31,54,9,13,89,73,57,78,31,4,27,44,14,89,99,80,42,1,67,45,58,34,90,32,17,95,19,80,81,23,8,74,74,41,39,19,43,76,22,71,76,2,18,91,97,19,32,33,20,89,61,71,65,24,73,60,44,26,35,26,81,8,97,64,48,20,87,50,82,2,48,40,50,50,1,29,76,51,10,47,1,39,32,23,93,42,6,36,42,17,65,29,6
61,5,53,8,1,74,5,8,4,94,52,40,71,58,35,100,53,32,10,94,99,36,69,93,17,56,60,34,99,23,26,83,31,10,71,80,64,38,49,42,86,47,2,89,69,45,7,94,17,34,68,6,55,92,32,87,61,42,37,1,67,56,45,21,75,36,10,28,76,41,57,30,55,36,51,5,35,88,3,54,35,10,32,90,90,52,86,14,66,42,67,12,86,79,71,90,52,39,76,75