23,57,73,13,17,87,97,88,84,84,79,53,63,33,70,1,82,72,90,72,85,81,65,62,12,55,61,23,50,92,95,12,28,70,100,81,76,32,21,5,76,80,13,59,18,28,50,15,64,46,78,60,7,14,91,42,94,43,1,77,32,8,70,62,2,76,55,37,51,33,39,47,12,95,93,36,42,97,56,14,1,84,92,73,25,91,5,87,14,12,81,22,18,22,70,43,100,3,66,98
57,98,9,12,79,54,91,20,93,6,92,8,3,28,95,5,94,82,48,96,80,17,69,0,67,97,88,30,22,96,51,45,50,56,42,3,43,26,8,92,52,87,80,38,46,21,25,17,80,66,31,85,85,49,4,16,22,9,99,12,76,59,95,55,28,15,98,39,34,28,97,22,15,96,54,54,3,85,28,16,21,51,84,52,85,13,14,29,80,86,99,74,57,51,11,64,89,84,27,88
43,29,36,61,48,37,21,67,63,39,21,68,18,1,98,35,42,51,17,9,40,16,26,65,36,88,75,79,40,10,15,58,56,97,97,77,53,50,70,11,4,73,87,29,61,82,29,40,32,27,83,32,90,70,20,33,74,12,78,70,53,98,69,75,68,32,65,11,43,75,39,59,49,18,20,57,88,84,85,73,46,89,62,88,36,98,54,78,33,62,49,45,46,85,80,11,43,93,30,8
86,11,24,73,47,29,81,72,27,13,88,8,95,27,42,70,98,86,4,60,19,88,58,49,5,48,46,1,7,27,26,75,13,45,77,58,64,33,37,79,7,92,14,10,18,73,75,67,27,28,62,27,63,46,51,91,83,37,13,91,82,38,50,40,75,1,15,38,17,62,86,64,37,69,48,91,44,74,34,99,12,19,86,48,33,19,63,1,37,49,89,33,28,98,54,6,86,32,31,43
56,5,66,5,70,52,68,12,81,42,1,30,76,6,78,11,89,22,58,20,64,62,34,84,63,18,93,18,64,13,55,31,52,78,83,70,71,59,33,54,32,27,30,22,80,4,2,30,28,57,3,69,31,39,70,49,86,4,57,52,60,79,59,52,1,95,47,74,16,63,89,59,81,7,37,30,24,9,5,29,15,52,79,75,88,21,76,77,32,29,2,51,70,43,23,23,39,50,82,95
8,96,53,90,33,79,33,53,25,39,36,82,43,24,57,82,73,76,11,29,95,1,91,2,96,63,64,26,95,64,53,96,53,37,6,56,54,41,10,44,28,40,43,10,38,34,63,74,74,39,23,84,11,44,52,84,99,5,61,48,49,47,42,11,40,1,56,12,74,6,21,69,17,24,7,44,50,33,64,24,40,20,52,36,25,65,86,21,71,51,6,58,38,7,38,46,56,56,77,11
36,80,96,51,48,75,87,37,78,77,73,23,37,5,100,47,70,32,49,30,71,19,42,71,69,68,75,51,83,0,93,88,21,57,36,24,39,14,2,25,46,83,7,25,67,66,21,78,94,79,55,99,63,15,4,13,98,23,33,64,67,0,60,38,43,59,66,50,73,22,59,7,58,24,24,86,89,0,24,96,57,49,39,63,33,80,39,55,4,62,51,63,70,9,77,66,57,91,85,11
80,52,68,27,22,93,16,49,64,12,95,4,45,4,45,36,81,98,80,64,27,73,28,50,59,32,63,57,20,48,43,72,16,80,28,42,69,98,71,22,56,46,16,24,24,42,17,22,46,19,68,28,75,67,30,41,98,69,33,72,7,10,64,71,11,2,7,40,57,51,70,20,24,14,32,87,80,13,56,43,15,8,3,1,50,86,6,32,97,15,44,2,91,98,55,55,94,12,68,96
9,69,79,26,2,3,66,60,0,86,91,86,92,65,69,43,98,74,49,21,38,49,55,37,71,80,19,53,28,55,85,92,76,12,27,77,5,8,25,57,95,97,11,21,59,99,96,87,46,37,62,67,35,12,15,90,84,38,50,3,45,58,24,2,51,61,13,5,23,37,77,4,41,99,5,41,61,86,67,44,56,78,21,23,59,89,37,51,13,98,82,78,18,57,96,59,100,48,34,88
37,84,23,93,0,62,35,68,13,39,47,97,51,38,76,41,4,86,76,52,0,99,0,21,58,75,7,66,58,51,45,88,9,45,97,20,6,52,50,65,36,57,87,72,19,10,95,85,2,86,57,94,65,10,41,9,4,72,44,1,40,60,77,35,49,60,26,17,58,12,11,23,7,6,39,20,64,78,3,57,92,26,83,36,93,81,60,11,3,83,47,70,46,5,13,91,47,1,13,44
35,13,45,20,66,60,51,95,13,62,3,37,36,50,24,62,30,81,40,100,7,61,80,38,50,92,24,48,78,30,59,55,100,62,23,0,43,93,64,52,80,79,20,14,5,93,35,0,32,18,83,6,30,60,52,96,59,66,77,66,10,100,68,92,76,97,57,86,61,10,76,50,43,93,94,73,32,13,59,79,19,2,6,93,11,62,38,90,71,34,29,93,52,26,41,31,3,76,56,80
5,74,87,39,3,45,94,77,57,66,5,55,41,11,38,96,19,39,96,49,34,3,46,46,21,74,91,0,22,46,81,60,35,88,28,32,49,15,5,25,53,15,82,44,20,49,68,84,54,100,96,81,100,53,25,34,39,34,25,36,0,43,56,78,59,9,12,29,19,94,93,72,74,23,5,7,97,53,10,11,88,98,5,3,16,87,43,2,51,28,99,63,67,93,96,28,85,78,49,18
41,15,16,80,53,48,26,61,32,11,6,30,19,20,7,90,64,56,54,94,43,100,39,53,68,42,100,1,46,12,42,70,81,14,13,13,12,65,95,8,60,11,9,66,74,88,10,15,13,0,83,82,86,30,10,20,97,57,38,86,77,36,26,30,89,23,45,72,16,57,76,54,12,85,11,67,81,78,10,85,74,8,65,27,14,8,98,88,70,9,97,64,80,100,62,23,49,59,51,63
42,6,24,81,64,81,1,55,79,63,93,4,21,5,35,30,99,36,31,15,69,82,97,48,42,71,86,49,85,88,9,37,41,14,40,30,3,65,16,57,69,82,55,45,22,35,24,44,72,82,50,64,56,79,17,9,40,82,78,99,46,86,61,33,56,98,99,53,66,4,68,93,58,35,46,81,91,17,55,83,20,73,96,56,79,2,21,46,20,26,76,51,2,73,44,49,22,44,100,43
81,33,20,47,73,11,78,88,4,26,4,10,11,29,35,21,74,7,10,94,49,22,13,31,2,9,14,56,32,94,55,81,50,15,57,54,0,0,28,72,0,82,38,86,88,46,32,98,0,33,6,84,87,98,33,41,95,18,5,83,53,77,52,67,99,99,75,83,83,48,6,48,36,8,12,32,26,30,32,20,29,76,53,98,28,78,1,67,31,34,55,20,31,10,52,54,81,6,98,62
87,2,50,60,80,23,44,83,41,92,37,89,51,15,59,30,98,89,19,56,66,37,69,31,95,28,45,81,54,59,29,45,40,65,50,44,12,90,89,68,71,47,56,18,93,11,33,31,73,59,91,70,54,32,100,42,100,67,47,47,65,41,44,49,73,82,29,96,33,8,4,82,10,17,22,51,57,84,79,70,19,6,59,95,13,52,40,56,59,31,21,7,7,4,7,18,8,21,58,88
9,95,40,96,11,37,7,41,27,100,1,76,72,76,39,21,37,18,33,45,25,59,52,10,52,55,9,100,28,24,20,34,68,88,46,28,29,70,4,72,87,58,20,51,25,12,100,14,25,78,84,2,66,57,37,81,53,76,15,45,67,52,79,54,55,3,36,4,85,7,92,14,33,83,23,92,18,13,86,19,41,19,62,35,71,43,81,90,66,91,26,63,47,69,14,37,8,98,12,58
51,57,25,67,45,90,28,86,99,67,57,57,86,57,15,17,64,38,67,74,95,84,62,31,9,96,28,59,37,2,85,90,3,38,83,92,66,46,61,21,74,98,43,50,5,56,27,28,62,71,56,54,26,67,93,55,74,97,100,45,71,90,84,71,0,58,39,1,89,43,76,83,64,66,57,10,89,87,0,100,8,40,73,60,17,34,90,23,98,33,0,37,36,42,62,50,84,98,62,87
57,27,42,100,2,72,8,39,91,33,3,12,92,93,15,2,83,28,18,74,73,85,55,1,18,61,39,50,3,40,37,16,33,36,74,83,26,54,63,80,9,30,30,36,0,55,46,34,27,64,52,30,15,95,5,80,82,3,80,44,63,23,67,77,67,35,38,31,79,42,85,0,33,13,65,97,50,33,10,17,8,28,14,46,13,49,22,19,98,55,90,1,48,70,72,12,79,21,16,7
48,81,66,61,62,46,32,9,34,42,18,70,14,86,41,44,92,53,88,58,97,42,16,37,6,52,94,32,23,38,3,43,75,67,40,26,57,23,77,18,23,2,50,19,48,22,61,30,47,25,88,64,66,48,45,81,44,30,37,76,73,51,42,32,52,9,67,67,75,98,49,34,46,38,43,93,75,84,54,31,52,18,82,18,7,98,70,47,92,3,62,1,46,99,95,47,68,59,47,92
66,87,75,47,42,9,81,20,7,58,64,67,5,97,22,87,90,72,86,71,7,25,9,84,2,83,9,93,24,15,35,100,28,44,52,18,28,52,93,34,37,46,71,44,99,75,12,61,79,4,85,96,8,64,74,72,48,66,66,61,6,83,62,71,63,6,42,18,83,93,43,27,44,71,50,34,0,68,63,18,65,35,71,77,68,61,41,61,99,31,37,75,86,64,14,43,68,59,4,58
43,18,81,73,2,75,84,48,9,58,5,50,84,91,78,11,23,90,3,43,4,47,36,17,27,46,3,50,86,99,99,41,97,50,91,33,1,88,77,13,77,21,54,60,48,59,16,72,77,40,47,42,65,2,73,22,86,12,37,40,100,79,41,18,18,79,6,57,13,48,77,92,62,24,42,14,37,34,40,0,6,80,24,20,2,79,51,55,39,0,98,62,51,100,10,43,5,33,54,14
92,66,14,79,3,90,82,71,32,20,35,26,96,100,82,40,37,50,59,63,25,88,30,91,66,84,73,87,8,24,83,71,56,10,79,76,48,50,95,72,78,21,73,78,23,20,26,12,71,7,25,54,58,77,32,44,73,55,43,26,90,79,55,78,38,85,44,81,12,57,57,84,41,9,31,93,0,5,83,70,49,38,17,93,1,98,50,48,31,88,85,61,16,18,26,66,97,12,33,79
14,57,10,39,3,87,74,29,6,3,3,75,81,67,20,81,83,53,65,19,38,83,96,74,25,40,81,72,31,31,80,22,3,79,46,75,54,93,62,66,12,41,43,36,22,49,19,79,5,51,56,14,75,97,95,95,33,94,75,63,60,11,10,31,94,48,92,72,20,48,61,17,91,10,8,88,50,23,5,69,30,79,25,97,89,100,67,85,51,1,76,52,54,12,55,27,65,79,7,38
99,20,43,88,25,52,20,89,64,33,76,53,24,6,62,0,73,94,14,71,87,70,90,24,56,48,82,80,9,30,32,60,98,18,11,69,98,50,38,100,57,2,22,78,51,90,42,62,16,18,62,51,98,27,5,81,44,80,42,98,72,31,21,63,51,94,92,81,74,73,84,2,63,43,74,1,31,84,8,32,76,77,25,68,84,62,43,71,16,29,28,13,20,47,66,69,70,0,81,62
84,79,73,26,40,69,54,6,86,18,48,92,75,45,95,44,95,95,19,32,24,34,63,55,91,63,34,27,11,42,14,61,93,73,27,28,71,89,11,100,67,51,55,53,55,11,98,39,97,51,72,1,69,28,42,92,78,52,45,2,48,34,58,56,28,57,76,71,1,28,87,22,29,57,11,5,40,71,47,57,42,84,100,22,37,46,34,81,39,99,27,38,36,71,93,25,90,85,18,89
65,71,12,29,51,14,91,86,28,6,37,28,20,78,56,18,97,34,97,78,67,28,78,98,67,70,78,35,96,97,18,55,1,14,99,42,19,30,46,14,57,46,82,97,45,18,72,87,92,93,75,97,9,2,15,55,75,19,47,36,2,79,1,1,32,23,27,20,80,72,77,66,75,52,80,27,62,80,98,67,81,37,89,26,3,77,50,37,77,65,92,53,91,82,32,39,7,73,83,5
18,39,63,37,35,3,1,0,7,37,87,31,66,46,18,83,0,54,7,46,36,100,98,41,54,75,99,51,100,1,49,69,91,43,5,83,47,59,19,47,38,17,54,10,3,11,7,38,53,16,52,66,19,95,32,10,49,70,33,14,35,99,25,17,25,81,50,7,55,25,36,38,49,35,35,25,73,85,78,54,68,60,62,60,1,41,55,56,47,29,97,3,91,77,65,82,77,1,41,29
50,24,87,74,45,72,48,7,65,82,82,41,47,94,22,81,18,90,8,88,75,26,93,72,64,52,18,7,95,46,95,36,99,93,55,74,57,25,35,99,50,39,62,19,94,28,32,77,4,29,73,7,99,6,42,19,1,69,17,89,8,1,51,60,29,16,39,60,68,0,27,83,84,63,41,84,14,23,11,50,43,43,21,57,46,63,39,74,41,26,53,65,38,17,77,3,96,51,47,84
49,76,27,28,2,36,75,23,47,69,10,89,61,95,59,51,66,75,39,100,43,57,96,61,18,90,1,30,51,90,79,98,95,54,12,67,2,39,36,25,26,58,49,33,87,18,83,38,37,86,72,8,94,47,39,80,6,40,19,100,57,84,56,90,50,31,11,8,49,6,68,60,2,100,34,32,13,38,20,45,51,60,21,43,74,40,98,89,48,44,41,94,15,58,26,64,74,59,41,38
61,58,24,56,6,64,69,75,23,28,76,3,100,21,77,76,80,77,73,68,80,77,33,72,84,88,87,7,22,5,30,22,43,45,77,45,76,15,62,100,30,91,94,36,59,52,95,31,96,15,29,89,86,67,78,25,38,55,60,63,98,43,12,88,21,59,79,27,70,36,36,0,20,84,8,71,3,55,75,98,2,79,25,72,22,72,9,13,16,63,74,78,60,58,50,57,36,11,27,67
66,86,71,16,8,22,13,17,44,24,52,53,49,15,32,32,48,68,3,91,8,26,42,1,60,24,66,96,62,92,1,15,65,1,97,25,5,67,45,28,0,38,14,91,82,87,53,53,58,2,97,94,12,19,82,6,39,75,99,73,68,13,31,38,29,9,14,55,32,30,31,54,77,73,66,98,47,54,21,81,22,75,16,50,64,96,73,5,82,37,17,7,11,35,49,8,88,21,32,19
49,27,50,64,74,94,79,19,68,76,18,48,11,13,21,4,95,86,84,62,69,68,87,62,58,65,60,78,16,62,33,87,8,93,61,79,16,46,97,88,81,8,87,9,96,96,55,52,82,99,30,88,25,42,4,2,62,62,91,84,59,87,0,80,3,9,45,28,4,55,52,39,54,42,89,80,53,45,90,41,88,88,5,68,9,60,30,78,3,89,55,21,19,32,37,64,66,86,36,97
93,73,49,94,25,55,60,91,3,27,90,76,17,65,11,22,19,0,87,90,31,37,40,75,7,75,6,29,26,51,81,5,23,98,29,18,84,2,10,62,2,58,81,62,4,80,11,63,39,73,22,53,83,37,8,6,91,49,13,1,55,48,50,59,47,12,35,97,24,36,6,53,62,3,22,29,17,2,22,54,85,60,34,21,98,77,31,59,57,22,46,14,26,51,16,41,72,90,26,27
0,16,39,3,37,19,84,79,71,54,87,37,18,44,12,24,4,24,57,11,87,23,100,0,63,21,53,93,18,88,5,95,7,14,93,22,53,77,61,100,57,78,4,20,12,100,56,17,8,66,70,28,12,56,15,43,21,71,24,7,63,95,11,19,20,55,3,5,27,78,59,80,37,92,87,8,40,72,85,79,59,4,49,48,80,63,83,61,34,96,90,71,78,60,6,78,63,73,27,18
14,80,56,6,10,61,78,11,80,51,33,49,60,82,92,71,90,55,40,71,86,4,89,92,79,44,29,97,37,5,52,2,84,13,69,36,69,48,88,82,99,64,55,6,45,27,34,24,27,46,49,14,24,3,25,45,88,56,81,6,9,32,74,0,45,25,95,41,95,46,59,20,36,22,32,58,39,26,74,76,94,79,60,63,19,36,98,32,43,50,74,53,23,61,28,70,67,90,7,3
71,81,74,9,22,97,34,37,41,28,88,75,77,9,66,11,19,4,52,55,58,13,24,88,34,64,48,30,98,73,6,85,33,24,67,96,41,89,87,30,73,69,27,87,28,39,59,23,82,22,29,52,20,80,85,48,58,41,82,75,13,19,80,13,81,9,18,59,76,10,43,17,92,97,76,0,56,74,86,28,42,66,55,61,50,46,54,86,87,89,54,27,55,100,55,55,99,22,84,70
82,3,13,67,40,87,38,13,27,56,6,65,2,66,92,39,57,84,20,45,23,93,2,20,64,7,94,4,25,71,40,79,33,52,31,43,49,35,68,62,66,70,70,97,85,8,86,81,48,15,36,52,71,43,41,17,72,65,36,22,84,62,1,31,68,99,6,35,69,20,19,32,21,74,47,43,87,10,33,82,3,78,28,68,92,28,66,42,91,7,82,52,38,67,8,55,7,89,98,64
3,65,63,60,65,55,75,43,65,51,86,62,8,17,39,69,89,26,4,92,22,68,80,36,44,0,100,23,61,81,14,49,24,39,66,46,1,13,91,98,49,98,63,28,13,86,69,79,58,88,84,71,91,71,4,86,44,73,95,19,49,7,53,79,16,55,0,13,94,42,32,48,98,74,35,44,34,18,66,5,42,30,53,60,78,45,22,80,52,71,75,12,47,68,64,14,39,35,54,72
41,19,0,92,21,62,42,38,100,36,52,14,71,97,62,6,93,12,55,47,51,92,4,12,8,45,23,81,40,25,18,97,88,27,22,96,33,61,89,62,76,52,30,6,58,32,63,5,96,79,94,87,62,40,45,0,20,53,63,85,77,53,83,49,52,18,86,65,3,38,30,44,35,6,43,51,31,82,52,5,98,9,91,38,23,25,61,18,5,34,9,88,30,75,32,32,42,96,90,31
5,20,18,42,46,50,67,70,39,92,5,60,38,56,59,96,66,19,84,33,3,97,35,58,54,98,19,45,69,47,50,0,3,94,33,95,18,82,92,66,65,33,42,77,58,7,80,47,87,30,6,63,13,15,38,29,0,13,73,78,52,48,7,25,76,17,97,49,48,90,75,54,81,89,7,12,47,19,55,15,1,26,90,67,52,94,97,39,46,52,58,55,22,30,52,8,94,14,22,10
32,76,49,8,47,53,96,29,75,38,38,1,99,40,3,17,86,88,100,16,3,1,54,35,55,0,73,9,26,21,63,85,16,99,35,48,91,25,8,81,23,36,60,95,78,68,48,76,10,96,19,39,99,75,43,40,29,35,80,32,43,47,66,45,67,94,30,7,16,50,9,19,9,27,89,71,87,2,91,62,39,8,48,77,25,90,33,34,34,30,28,86,25,21,91,55,93,51,49,38
74,35,80,36,24,11,7,63,46,27,79,96,62,24,60,63,32,19,24,99,8,87,6,94,2,81,8,3,70,11,12,21,97,14,85,55,71,48,69,59,42,38,42,85,15,39,21,95,60,70,54,4,62,56,89,65,5,76,95,3,64,42,82,94,98,89,9,42,68,57,25,3,46,76,11,28,79,49,27,99,84,16,63,32,94,76,27,11,47,34,69,16,78,81,78,86,49,88,29,25
27,13,9,42,25,60,84,77,26,44,44,17,5,61,58,44,27,95,95,68,51,81,52,54,68,87,46,24,17,4,1,63,10,32,57,61,96,31,29,85,2,26,24,77,44,36,8,58,55,70,95,23,74,69,76,36,31,67,63,52,89,3,8,33,9,30,17,82,22,96,62,11,88,36,44,68,46,91,65,80,93,57,87,23,87,51,98,38,10,65,99,20,24,84,18,6,76,39,27,95
46,79,33,89,80,38,23,2,22,66,55,75,75,93,52,70,95,72,60,8,61,11,95,47,76,82,79,23,74,94,58,43,69,3,96,23,41,55,27,37,45,10,84,45,68,82,28,16,83,40,86,90,69,36,61,64,29,97,62,29,23,84,21,69,39,1,37,50,25,66,57,38,86,87,29,19,36,71,98,88,28,57,17,61,32,69,83,13,82,87,88,98,82,55,72,89,50,52,50,23
29,61,73,7,58,62,26,6,8,98,55,3,58,0,44,56,62,19,0,39,21,52,45,64,98,91,1,90,90,85,9,31,73,11,19,53,18,4,68,80,46,26,21,83,24,3,71,77,62,75,92,94,62,70,33,27,48,49,11,46,8,15,19,97,78,45,76,63,79,69,56,92,27,89,58,68,99,51,62,42,87,50,37,48,76,73,40,21,36,89,67,8,86,32,1,27,20,65,15,76
16,56,8,87,3,64,94,70,93,29,44,74,21,80,80,59,87,83,60,86,8,42,81,100,72,38,24,11,12,62,93,1,0,59,31,35,41,58,5,68,17,68,94,51,85,98,78,36,11,47,60,81,5,90,73,17,34,13,100,80,64,43,49,37,30,76,58,71,20,59,72,83,84,23,3,17,35,20,19,80,66,5,45,39,93,38,32,50,49,76,79,8,62,35,14,30,35,92,70,98
49,76,37,27,81,24,79,6,35,87,18,30,63,41,26,4,63,9,80,11,92,10,73,9,100,59,99,10,83,19,53,76,73,36,80,53,3,53,47,24,99,8,46,28,0,42,85,16,12,91,58,51,92,80,59,70,63,31,7,86,38,94,84,37,96,37,11,17,22,79,10,94,70,82,0,76,46,57,36,47,34,78,9,26,42,92,22,80,26,7,94,68,53,71,64,75,76,28,33,12
16,0,52,97,8,57,88,48,60,50,10,61,50,48,36,68,49,15,65,42,6,42,81,3,98,99,2,23,8,27,74,94,10,38,63,23,1,1,9,69,16,87,69,55,6,84,21,38,72,54,100,76,19,16,31,69,35,32,93,96,12,22,56,58,6,70,77,75,0,32,54,72,13,57,69,52,84,34,90,6,85,89,90,11,92,6,65,85,30,68,27,1,88,90,55,76,29,92,71,68
71,33,54,19,99,20,51,7,18,29,47,44,28,48,48,89,81,84,59,20,99,0,60,3,83,14,62,87,69,41,38,8,79,56,99,20,94,69,51,75,78,88,66,74,10,42,50,40,99,92,52,96,19,14,86,15,71,55,78,79,65,84,73,22,3,83,59,82,11,82,89,36,0,16,77,26,18,35,4,29,30,16,63,11,93,8,92,20,23,69,35,82,72,11,6,69,54,41,4,74
1,32,97,15,40,84,56,25,51,32,100,83,47,94,17,78,73,65,11,15,72,17,52,24,66,95,76,27,26,98,55,83,76,55,74,86,28,97,56,94,68,15,67,40,44,99,32,8,75,71,94,85,43,83,73,93,10,12,45,56,70,2,94,90,91,61,37,39,5,31,24,46,49,56,17,91,91,20,72,37,80,78,12,70,62,14,72,100,77,82,23,52,59,92,30,55,75,98,78,89
83,57,53,80,17,42,37,41,53,46,31,58,19,23,5,2,39,43,60,54,29,55,31,62,12,14,93,79,5,31,21,48,45,50,92,0,14,0,14,91,65,56,64,22,85,36,61,48,30,11,25,6,22,21,0,93,35,14,89,30,100,9,32,3,50,26,89,64,40,34,11,10,47,61,54,46,79,59,79,32,22,38,28,63,21,29,13,74,57,8,18,93,71,5,93,96,24,75,70,67
64,12,99,36,38,48,44,18,77,50,27,70,7,49,27,70,34,26,44,56,16,43,50,13,23,47,72,82,3,2,0,83,19,1,1,36,24,5,97,22,34,78,46,91,75,77,42,30,40,82,85,27,51,79,17,61,87,24,34,59,49,98,35,0,50,8,76,63,56,3,71,81,24,62,77,35,93,19,53,14,21,12,93,76,56,15,22,7,11,76,92,80,61,22,73,5,76,13,56,1
25,13,91,51,29,54,77,3,19,62,85,63,23,52,63,100,81,22,43,30,22,43,77,7,50,90,50,87,29,61,29,20,38,33,2,39,91,91,97,32,2,83,2,63,81,97,92,66,95,45,77,3,28,73,66,25,55,99,16,60,58,52,20,36,57,39,62,57,99,48,25,74,98,62,2,72,26,69,0,42,0,21,59,58,47,99,33,86,43,24,73,98,32,51,31,85,19,45,29,6
54,72,60,22,14,42,49,94,24,6,71,14,59,59,87,71,28,30,50,69,82,19,90,59,15,2,88,85,25,63,85,24,70,45,44,35,89,34,20,29,73,91,48,59,24,11,73,94,65,5,82,50,56,71,60,78,81,10,20,46,22,21,54,91,42,27,45,15,99,75,32,24,91,28,20,21,84,16,38,12,12,96,19,43,27,90,41,36,92,59,12,36,62,25,31,41,95,68,88,14
11,16,41,93,40,29,5,38,44,40,55,56,98,32,5,11,87,71,80,1,17,24,18,34,45,93,67,65,81,40,69,18,12,83,65,94,81,68,82,94,79,9,78,67,53,16,30,31,90,29,55,93,24,53,32,18,10,21,75,78,72,90,46,67,55,82,61,55,21,67,79,14,6,88,32,8,7,72,28,56,81,1,37,52,82,31,18,44,91,11,83,52,2,66,4,66,64,42,89,43
64,29,40,28,22,71,51,80,13,20,72,93,35,66,51,27,72,45,33,50,50,13,66,9,50,59,72,94,57,5,100,15,81,84,25,30,82,98,39,39,98,43,20,17,20,73,30,22,64,48,56,71,75,95,39,47,87,83,62,93,2,59,21,8,52,3,29,92,58,11,20,32,43,42,96,86,43,29,20,66,40,12,16,44,24,20,58,59,81,56,56,13,42,1,64,25,81,25,78,20
92,91,69,13,35,18,33,7,2,51,81,44,100,0,74,48,45,39,20,53,48,78,95,81,7,35,76,97,99,1,19,45,51,0,20,93,89,20,29,81,77,31,5,12,31,46,15,27,27,92,32,7,53,1,54,66,44,56,9,94,15,91,46,99,62,63,4,77,44,17,37,65,47,16,7,67,79,96,64,84,33,18,67,76,47,57,88,46,3,89,10,42,37,43,10,72,87,44,1,5
81,92,24,4,73,39,20,84,48,72,9,74,77,39,57,67,89,34,46,85,43,53,41,75,58,78,14,26,88,31,28,42,4,70,64,18,98,6,75,30,55,99,18,94,81,39,14,38,69,76,88,79,35,89,90,94,96,88,45,70,42,24,17,31,47,18,87,73,99,60,50,55,19,33,54,8,29,76,100,8,20,3,81,59,92,21,0,11,89,82,73,66,25,64,23,6,62,14,5,74
24,100,43,6,90,85,87,96,99,21,42,73,25,97,54,38,11,55,2,44,5,87,73,81,2,57,37,48,23,8,37,69,23,20,2,12,81,77,3,24,77,78,9,29,5,81,1,18,13,31,20,88,86,87,83,11,69,59,48,35,31,54,57,85,57,95,25,55,4,76,94,46,9,39,28,54,46,86,21,65,59,90,35,13,66,43,74,11,88,28,89,40,95,43,95,57,76,46,92,28
71,8,98,37,98,18,88,84,62,99,35,76,51,25,72,47,43,83,25,32,26,79,76,90,21,98,38,34,51,30,97,37,87,60,41,38,71,64,84,85,42,70,28,81,82,91,70,25,33,67,48,91,69,58,33,56,79,16,93,85,71,65,80,74,75,85,91,1,78,24,2,10,80,71,37,41,52,83,46,46,48,74,79,86,37,90,6,52,17,29,100,18,32,16,95,80,55,87,79,99
37,21,81,36,63,0,79,80,80,89,2,100,59,10,96,16,13,20,24,39,53,82,63,57,55,39,0,77,35,82,87,21,55,40,8,54,5,87,7,3,43,88,81,20,52,54,6,37,40,44,39,34,29,75,52,45,74,45,89,71,57,70,7,89,3,94,19,0,28,24,68,23,87,23,35,13,35,16,91,41,87,0,6,58,85,58,84,95,41,76,57,50,1,41,76,79,35,90,43,69
90,68,80,56,19,86,1,98,53,87,65,85,57,22,85,41,8,24,87,65,55,69,83,73,23,48,69,25,30,38,53,26,35,4,8,70,92,74,85,97,8,48,75,84,59,15,38,54,36,18,47,44,98,2,99,7,63,26,64,25,99,83,70,23,3,13,92,15,61,63,2,88,83,33,98,62,12,51,99,1,26,28,56,100,24,25,70,1,23,79,55,92,7,19,8,12,39,30,18,85
4,91,64,16,38,39,76,13,100,80,15,25,8,66,28,41,2,48,96,71,82,42,23,54,79,23,50,33,82,26,56,100,44,48,2,78,7,19,13,4,69,78,73,78,98,46,92,93,71,47,50,38,91,72,18,23,12,37,95,40,59,100,83,64,31,23,58,77,91,50,42,41,75,57,49,75,69,69,39,29,24,96,3,98,35,5,99,74,94,38,85,63,82,93,93,95,1,15,35,100
67,43,15,18,54,11,15,82,27,47,10,65,74,31,48,76,97,8,4,79,17,98,27,43,69,30,12,47,60,53,91,48,82,98,5,27,83,91,23,20,10,59,100,17,3,24,25,43,40,91,23,87,33,60,54,47,29,11,56,83,33,66,74,59,47,95,66,88,58,2,64,41,58,50,37,68,29,77,0,96,16,78,51,9,94,36,93,32,83,87,19,13,18,15,29,83,18,34,38,12
52,41,47,2,70,17,63,61,12,46,38,37,76,11,17,81,82,99,97,69,28,76,42,30,73,77,39,96,2,93,22,42,55,85,0,61,7,30,83,48,64,57,66,32,11,98,26,0,36,96,9,23,28,31,17,52,4,69,52,59,63,32,28,43,73,35,85,31,58,55,46,79,62,55,39,31,10,0,85,6,90,76,87,62,53,49,28,99,82,24,63,62,54,44,47,24,35,10,74,27
34,69,74,76,76,69,96,95,13,49,16,10,4,22,55,86,59,56,24,12,75,34,47,49,5,46,51,98,27,5,45,17,70,82,42,12,10,29,5,43,7,83,38,38,58,92,23,96,21,29,32,47,36,86,90,54,89,8,51,11,78,39,82,46,36,45,79,94,69,84,30,88,76,43,35,86,91,67,1,85,25,38,44,76,17,14,18,97,4,99,4,30,37,58,72,62,80,13,4,79
7,4,66,97,85,48,41,21,8,3,67,95,9,70,18,96,44,1,73,59,22,21,7,57,86,82,47,20,50,72,0,52,92,77,60,47,64,19,34,77,70,44,30,13,90,12,12,78,40,37,72,92,36,80,72,52,31,70,63,20,76,86,93,91,91,80,71,24,41,21,25,100,74,63,86,44,82,4,68,58,100,26,10,90,29,60,4,71,78,95,82,33,45,0,21,67,16,6,43,20
58,57,67,92,77,7,22,92,100,29,85,100,17,46,3,98,16,1,29,69,84,66,38,63,19,55,0,41,28,92,49,9,50,25,8,89,76,90,84,47,99,58,67,72,21,49,78,79,88,78,38,2,78,94,1,0,21,3,47,70,85,9,38,94,92,58,51,80,2,88,6,69,76,99,32,87,7,4,58,37,24,92,69,47,18,36,62,78,70,6,98,64,65,19,25,49,44,72,27,90
86,36,79,100,5,33,79,40,70,22,13,64,7,30,10,13,56,77,56,79,95,80,96,8,97,90,50,49,38,56,3,99,62,18,18,84,57,71,64,8,78,9,80,86,65,10,77,4,21,24,13,10,90,6,61,72,52,17,3,50,0,91,2,36,75,63,80,66,35,67,61,66,25,10,78,87,63,39,52,90,10,32,88,42,7,20,60,35,34,19,23,15,94,29,53,71,35,41,17,98
19,3,33,25,35,97,35,35,85,35,88,26,96,54,50,85,4,88,42,25,57,66,17,44,74,82,56,73,98,53,69,18,90,61,94,30,57,31,57,97,82,12,51,47,20,21,57,61,28,12,70,99,50,14,83,31,44,21,89,88,99,67,76,1,34,94,81,97,26,28,74,60,90,83,98,35,34,22,39,80,14,26,73,14,25,39,97,56,96,60,44,80,47,99,64,52,4,42,77,9
10,8,53,31,19,100,69,38,89,41,56,33,58,25,75,72,77,81,69,73,47,79,96,97,87,68,44,86,96,22,84,66,53,39,67,82,51,78,85,48,55,82,31,40,2,82,82,100,20,33,76,83,75,11,73,23,24,16,30,52,54,74,38,73,97,3,18,17,33,3,64,7,59,79,91,91,94,56,90,89,40,90,46,76,60,36,18,45,76,12,75,43,39,32,69,61,95,14,49,86
19,47,52,85,91,62,31,87,44,0,13,22,88,50,90,64,96,10,50,9,8,16,100,46,65,28,92,98,86,41,60,74,35,45,11,42,64,45,19,94,32,80,4,66,11,27,23,89,80,32,12,99,57,39,63,18,38,47,55,83,8,81,60,8,19,72,12,98,79,88,38,71,3,81,43,13,64,28,86,90,49,62,36,57,79,68,40,18,23,70,73,11,97,30,97,54,56,94,56,82
3,36,87,61,70,83,63,79,46,54,27,74,97,8,15,57,86,23,38,36,89,94,21,47,35,97,96,27,28,58,57,99,42,24,65,67,10,22,82,83,6,98,0,40,72,52,20,66,71,20,95,62,43,99,93,2,93,82,17,48,3,65,48,54,96,38,75,99,89,27,92,33,24,95,4,83,74,91,45,71,24,93,33,31,54,79,16,76,25,21,51,47,100,46,46,70,91,32,59,95
34,66,88,14,2,61,57,32,36,0,13,64,93,58,45,39,40,12,57,83,97,68,31,89,100,31,77,71,64,39,37,0,53,49,13,16,72,25,32,59,43,12,41,30,66,55,99,85,39,72,67,51,11,34,27,84,64,17,75,78,40,31,51,72,20,3,26,62,60,4,6,80,73,88,36,11,32,34,30,13,53,24,46,22,71,58,98,49,74,94,79,15,0,6,91,43,1,84,75,86
21,71,56,46,38,63,72,15,28,38,41,89,21,23,67,96,91,20,45,24,23,64,49,61,39,41,18,48,72,75,13,55,87,17,12,81,92,40,76,99,54,53,1,74,10,59,45,64,8,55,33,13,48,79,78,86,61,27,14,100,40,30,56,12,33,82,0,58,76,97,58,0,73,22,15,16,28,37,36,6,39,58,85,46,27,19,48,43,81,60,47,98,84,46,26,64,87,55,81,85
94,39,30,66,4,27,67,47,48,27,68,53,99,23,85,86,20,17,11,94,76,5,67,76,80,16,98,74,9,81,53,86,1,56,79,8,23,92,88,59,51,0,45,20,30,59,64,21,98,68,22,71,89,65,39,54,30,25,41,49,6,39,33,72,89,81,75,19,67,20,75,2,35,0,70,31,35,94,27,61,30,32,9,33,51,48,49,5,11,76,36,53,64,84,41,26,33,11,87,60
47,71,48,55,10,59,42,35,85,31,62,52,40,67,78,81,72,9,53,9,15,90,45,31,24,70,35,44,33,71,6,0,86,57,62,40,69,14,57,41,11,29,16,47,84,48,27,35,87,52,76,8,68,39,0,84,55,66,73,93,76,99,7,51,89,67,6,35,36,2,48,24,76,7,99,99,56,61,7,15,51,16,30,53,99,21,77,12,52,6,84,37,6,59,44,32,14,8,91,0
91,76,27,92,4,92,75,77,76,79,72,35,1,12,33,64,87,99,28,39,21,17,87,78,11,7,75,75,27,57,99,67,24,49,8,41,86,58,14,78,22,53,38,56,7,98,21,84,7,15,93,72,40,45,30,41,39,76,71,70,53,41,90,38,68,14,15,72,9,15,86,37,51,44,13,97,73,25,99,6,2,55,11,72,18,77,60,0,95,38,67,62,41,31,17,87,33,14,36,78
97,32,31,39,52,32,43,77,91,12,70,38,55,46,45,31,47,99,57,58,15,58,48,74,1,87,92,8,38,90,90,71,7,13,21,22,42,45,41,53,23,3,0,75,43,100,30,87,37,27,34,9,39,74,73,43,16,80,22,38,99,7,46,74,53,97,66,95,53,8,3,38,42,71,81,100,94,89,53,16,39,18,26,55,34,43,43,51,55,80,55,68,52,72,57,61,74,53,12,73
10,38,60,92,5,9,18,87,62,72,85,19,83,82,80,16,37,97,49,23,59,26,7,29,89,56,85,42,57,10,98,10,96,40,63,98,77,1,31,31,54,97,85,55,36,54,64,84,86,6,21,81,56,66,78,31,32,3,22,23,75,99,46,73,7,50,3,44,67,83,52,85,92,17,13,29,61,32,0,47,85,77,93,72,77,18,32,79,52,81,39,95,45,59,7,11,88,82,29,53
23,5,18,68,37,100,82,38,91,64,98,39,91,15,100,63,89,22,3,77,77,3,71,66,54,29,24,37,22,66,92,27,27,21,36,24,29,6,31,73,14,27,9,4,34,76,46,6,38,69,43,7,44,43,60,15,37,66,30,97,95,53,45,24,88,49,90,50,54,43,80,97,82,53,35,46,80,6,7,5,73,97,45,62,21,97,36,52,79,32,96,73,95,37,60,13,43,29,8,5
90,31,28,90,77,4,19,97,36,20,9,1,18,67,91,93,8,82,24,59,2,82,92,78,2,21,19,89,41,41,92,8,51,15,28,7,7,12,15,89,16,49,61,56,82,53,57,60,91,22,14,0,30,79,60,77,57,84,100,97,41,11,38,45,59,48,90,90,70,70,54,21,72,66,30,62,67,19,77,14,54,54,47,50,46,75,59,80,5,15,47,53,14,57,10,78,56,58,7,31
52,95,86,97,89,100,15,78,39,60,24,25,66,98,22,82,40,83,38,54,50,31,26,77,79,7,3,3,86,17,39,27,14,85,55,47,100,15,86,74,18,13,77,55,59,26,22,20,61,7,13,41,91,65,62,67,1,68,88,75,21,94,64,85,88,85,17,13,79,39,3,42,35,56,91,13,42,55,68,72,72,40,14,72,48,18,70,12,85,37,14,59,91,93,30,66,68,45,54,64
35,70,63,77,26,89,4,62,18,95,49,93,14,82,23,92,85,2,94,40,70,39,100,77,53,23,74,40,25,54,23,26,53,86,33,30,14,30,81,37,16,18,52,71,94,53,28,65,11,76,32,3,93,89,76,24,11,25,37,33,51,64,63,76,46,10,94,88,96,41,78,86,73,5,57,19,21,43,70,37,83,73,14,56,40,30,38,93,2,94,86,23,38,36,91,50,0,10,23,51
97,10,46,56,86,28,87,60,74,4,11,7,49,82,45,95,53,97,65,75,22,83,68,78,42,25,64,42,32,1,2,8,66,11,95,47,55,30,77,44,46,85,62,23,18,36,85,67,53,78,75,73,76,75,47,81,26,5,98,74,64,89,98,43,22,1,50,36,88,94,92,31,52,42,30,83,85,27,17,49,41,61,56,67,0,40,52,45,85,43,33,35,35,27,60,40,9,83,34,81
91,83,15,51,12,20,13,43,2,88,37,93,26,82,18,44,54,38,92,27,10,89,89,72,95,97,95,37,18,8,92,7,36,17,41,54,81,69,63,70,59,21,77,57,74,98,83,78,87,45,28,28,58,60,93,24,92,94,96,24,38,43,6,83,33,36,59,58,61,92,27,31,37,6,58,68,6,62,93,58,100,42,59,15,13,67,86,88,66,21,52,39,87,83,26,42,76,30,21,36
18,53,13,80,6,20,16,45,31,6,2,61,65,16,79,96,60,68,20,85,67,10,99,21,12,34,52,16,85,41,46,56,96,33,0,39,96,44,41,52,31,89,6,32,56,18,50,99,50,23,11,59,69,31,60,65,39,45,61,65,89,16,35,2,94,0,68,7,37,3,75,18,48,13,84,50,27,11,25,25,68,88,14,69,81,62,56,49,99,98,49,5,36,70,21,37,23,76,46,19
95,76,71,42,46,100,86,16,77,85,38,64,94,3,46,93,21,13,98,34,17,45,83,84,43,50,95,47,31,85,27,44,13,41,62,89,73,92,95,100,17,70,37,7,42,77,100,64,10,24,74,87,69,98,11,62,70,30,50,32,23,41,54,72,94,96,35,70,100,40,43,39,56,14,71,39,73,3,46,32,64,27,21,25,41,60,43,67,65,52,52,92,3,17,43,70,81,84,3,27
19,15,27,10,92,0,94,79,48,58,35,31,60,64,4,0,44,81,53,39,12,15,8,86,30,95,69,55,71,48,68,73,55,64,44,42,70,65,33,17,98,89,95,45,28,87,21,27,69,30,74,46,68,34,64,61,41,40,26,99,70,49,11,5,93,20,78,54,68,31,20,75,54,4,69,98,5,22,29,1,30,8,47,45,31,73,45,85,45,29,83,14,56,33,71,85,18,38,4,71
83,55,38,44,56,77,3,38,15,33,57,100,36,91,82,41,92,44,80,26,32,69,24,19,25,74,41,69,23,8,31,71,53,76,38,58,33,47,74,10,32,55,93,65,45,42,52,91,27,73,17,90,45,75,16,34,94,88,27,95,15,11,88,90,35,47,100,96,39,76,84,68,55,16,92,32,4,33,44,61,93,66,10,71,32,91,55,84,78,48,75,2,37,10,4,0,70,0,43,65
36,8,32,90,92,57,30,21,84,63,70,1,92,92,97,88,58,57,17,14,53,44,37,48,50,34,36,64,61,32,37,79,50,1,96,83,91,72,35,70,54,90,24,60,43,87,61,53,1,86,48,79,80,27,12,15,4,58,41,40,30,90,0,20,34,89,95,49,37,65,90,64,79,32,5,41,43,37,81,54,32,61,55,16,13,26,73,27,5,14,46,33,12,59,74,9,36,8,78,65
98,89,75,45,74,78,85,60,92,38,32,7,53,17,38,34,30,10,75,48,17,7,99,6,12,7,64,0,38,2,60,88,46,95,10,50,96,49,58,2,60,64,91,5,5,80,66,11,87,56,55,59,88,95,95,89,98,8,40,42,86,19,94,3,89,62,81,85,59,65,56,12,42,24,53,11,82,81,74,85,14,61,33,100,2,55,58,71,52,45,10,13,97,72,47,11,98,30,59,40
80,86,97,78,91,20,16,91,81,45,76,55,89,67,62,59,10,59,43,82,43,53,35,37,71,95,8,44,58,81,86,3,46,75,6,83,48,46,21,27,75,81,91,19,64,69,48,31,28,53,40,78,66,33,77,66,85,29,54,2,60,53,55,37,67,67,26,53,32,38,35,50,29,44,11,32,84,100,90,37,33,45,56,89,88,89,46,45,18,8,12,79,14,23,32,63,43,18,99,35
10,81,56,91,77,21,52,0,40,87,87,59,86,90,27,2,58,98,53,100,77,38,39,20,50,77,60,92,29,2,47,21,21,41,88,56,89,32,30,47,79,7,6,33,84,76,15,3,47,64,37,92,2,24,5,18,64,82,86,19,67,33,94,38,98,47,65,6,32,72,61,42,45,4,89,52,2,57,69,59,10,96,95,44,97,76,45,2,4,47,96,72,37,82,15,85,69,20,89,44
20,25,13,91,47,43,23,6,70,73,94,71,98,29,62,28,55,32,7,92,85,47,85,67,41,12,14,52,19,3,42,97,17,33,95,92,37,68,66,94,70,36,56,71,92,53,56,53,24,48,44,93,67,18,0,36,81,30,90,76,59,31,59,13,67,49,100,31,90,12,95,16,96,50,64,73,88,71,57,59,82,100,91,25,41,9,69,71,87,53,95,26,3,22,50,66,47,55,7,29
43,13,47,50,68,1,22,36,61,97,85,81,71,25,33,29,73,68,79,49,96,90,85,75,65,17,24,73,68,60,74,43,23,13,70,23,77,83,86,85,56,43,71,64,38,44,26,1,3,57,98,15,59,11,25,2,52,100,34,12,73,6,29,6,80,62,29,19,63,63,55,96,81,30,18,23,55,82,28,54,67,48,69,25,74,43,79,69,72,46,87,83,26,38,56,97,19,23,0,100
30,0,2,4,49,86,27,28,41,88,30,29,74,25,82,33,78,63,13,49,5,45,28,36,28,61,16,45,6,80,74,83,99,56,27,99,46,53,44,6,74,100,52,75,21,57,17,75,28,68,28,18,96,92,3,65,29,6,58,17,18,8,18,17,64,12,77,57,76,0,61,91,23,57,7,2,34,77,95,69,21,93,45,38,64,70,63,5,58,62,82,91,71,97,48,72,16,14,39,56
39,24,31,35,40,90,35,36,7,35,50,63,17,61,0,91,1,12,15,52,30,95,43,2,8,95,45,100,4,24,55,67,89,60,2,53,32,97,23,76,19,93,83,15,2,59,54,14,35,2,38,87,42,73,36,58,58,35,98,90,61,30,97,54,91,52,3,43,13,37,62,78,4,7,99,87,37,90,0,68,69,43,69,74,97,21,1,32,64,36,55,19,29,30,95,99,36,0,50,84
42,57,85,23,22,23,65,90,49,10,54,77,31,67,88,61,21,45,58,19,90,19,31,67,53,95,62,73,15,8,75,39,48,80,28,12,98,17,27,45,0,98,67,56,34,87,34,88,62,74,10,75,15,76,88,12,63,7,95,5,86,45,3,40,96,23,93,58,83,84,16,69,99,18,95,69,40,80,15,99,71,16,84,4,23,79,61,24,77,75,28,33,30,47,12,7,81,94,97,68