44,97,70,34,32,41,17,53,36,91,65,22,22,27,36,16,87,69,97,43,55,71,11,83,90,13,42,44,5,98,93,74,45,80,1,94,76,13,5,37,82,37,23,7,77,38,43,72,49,45,35,80,77,81,96,27,27,3,74,8,4,86,95,25,58,33,46,1,82,0,72,89,71,14,96,98,78,7,50,73,92,96,89,83,52,67,0,44,20,100,42,4,100,82,22,18,6,45,8,99
11,79,10,97,33,73,62,74,98,63,90,7,59,4,99,88,29,89,6,38,2,3,24,87,6,10,36,17,31,56,90,50,66,37,97,45,94,37,19,95,92,8,24,43,42,51,9,93,91,35,42,63,65,10,98,36,21,98,17,18,6,12,88,23,35,2,37,89,69,7,34,96,44,81,38,72,17,98,33,83,48,77,47,81,8,3,53,68,88,15,63,79,2,23,76,29,47,61,63,74
71,87,37,72,2,67,67,25,48,89,31,43,8,54,72,28,26,29,46,37,30,45,4,50,38,45,92,31,15,23,49,6,19,80,10,68,70,92,35,83,25,13,34,96,25,67,82,47,89,55,62,37,88,48,21,53,53,93,87,73,25,31,31,85,73,64,98,34,44,50,80,90,70,26,73,83,77,34,9,37,10,54,12,36,46,70,2,54,41,99,8,32,65,5,21,35,29,57,60,16
20,8,34,79,3,92,43,70,55,30,75,65,95,60,51,13,89,49,36,18,79,7,34,89,19,56,69,95,24,24,44,3,80,98,21,99,40,9,54,5,81,8,25,65,60,88,40,35,23,62,19,44,14,66,65,81,97,23,61,12,43,88,11,68,74,90,90,27,43,11,26,37,44,55,47,86,37,58,54,22,37,31,63,38,21,15,44,51,76,45,46,45,94,4,40,69,11,41,63,57
32,15,71,78,50,1,43,68,57,32,6,85,10,39,78,86,67,17,0,93,52,19,76,91,41,37,61,27,50,69,41,57,0,9,68,76,66,37,20,13,30,94,20,74,86,91,52,85,25,79,53,45,37,33,22,86,33,43,94,51,27,16,68,92,81,93,15,76,47,25,78,76,45,45,25,5,71,73,94,25,57,74,19,63,12,86,80,34,74,48,67,71,83,15,63,95,81,96,34,71
6,83,68,21,23,95,69,37,42,50,63,94,81,24,16,41,13,47,53,49,79,27,90,5,85,6,33,25,78,74,22,29,92,31,85,35,71,1,7,92,12,31,5,8,85,51,32,53,73,57,37,61,51,36,52,10,55,4,83,99,77,60,76,37,20,76,81,71,48,8,33,54,38,93,33,40,31,94,48,15,100,94,23,61,70,41,59,83,63,10,36,90,17,29,17,84,99,49,36,57
41,37,42,74,93,6,82,56,35,35,95,30,74,32,71,5,15,3,73,21,57,80,12,44,87,76,38,36,16,39,4,0,9,41,28,18,3,6,5,76,47,34,19,67,28,65,1,66,62,18,97,12,87,56,96,49,6,34,93,68,56,98,67,28,5,5,33,23,18,58,63,21,52,12,94,91,56,10,6,61,38,34,40,63,63,85,28,1,14,35,76,25,17,17,67,76,56,66,45,24
68,16,74,98,27,97,5,76,39,61,95,99,51,62,57,90,74,22,54,94,68,28,93,45,78,49,57,70,22,46,79,36,87,10,66,93,56,77,91,84,9,80,25,27,90,8,19,70,3,79,21,25,47,94,15,72,89,26,20,24,23,74,11,21,28,28,21,34,70,27,79,39,94,58,45,44,71,98,25,86,0,96,17,59,99,50,16,86,36,49,57,29,4,37,80,76,91,73,73,92
21,34,42,63,10,43,19,80,0,54,78,6,72,58,83,57,44,10,61,0,13,32,3,9,50,62,68,64,80,55,91,33,32,83,12,15,90,23,78,17,20,5,4,57,52,55,29,99,51,48,24,12,31,62,34,11,16,67,42,82,8,100,57,13,13,86,62,2,44,65,47,17,13,74,89,89,59,39,31,24,44,82,86,42,85,23,88,43,58,57,11,2,63,54,50,63,82,58,50,41
99,53,91,9,53,44,60,73,13,47,25,64,95,4,13,15,2,44,6,100,74,84,90,99,94,23,11,91,4,61,70,46,23,71,56,12,67,19,86,85,82,53,91,56,67,36,4,45,51,81,62,71,94,25,7,22,62,14,53,23,86,47,45,70,63,59,17,26,1,68,78,68,77,97,69,0,6,18,64,49,29,4,32,24,35,79,49,19,9,21,20,79,40,65,14,74,57,5,69,47
28,28,15,3,60,16,37,22,42,98,97,29,83,31,16,84,8,88,70,15,98,73,50,93,93,90,89,27,94,70,17,96,3,89,63,68,74,17,40,1,52,30,16,59,21,24,44,91,69,66,83,44,11,97,80,65,21,99,41,37,16,53,28,53,72,1,85,14,61,93,39,12,77,93,33,77,4,0,92,79,15,33,74,53,60,2,67,24,94,87,39,15,73,3,14,66,78,61,63,78
64,20,94,3,97,6,67,95,48,97,43,11,38,92,20,80,97,0,60,8,19,84,89,22,23,38,2,92,60,3,73,91,38,23,94,84,60,98,5,0,91,23,65,35,83,5,51,14,70,10,83,28,75,38,36,18,24,34,58,86,85,4,67,67,79,0,49,11,22,67,11,50,73,98,87,98,0,43,56,41,39,75,87,46,100,52,53,66,50,71,61,27,30,32,4,93,46,59,9,32
68,79,89,94,58,31,91,91,83,56,61,63,29,84,50,91,51,7,88,26,25,97,80,85,84,34,94,9,43,23,0,53,64,64,91,78,35,37,20,68,31,8,94,30,68,41,88,37,61,74,2,87,6,43,76,29,35,90,53,5,49,20,98,39,74,10,72,88,77,69,95,12,70,82,72,7,20,58,62,10,47,69,78,92,60,78,11,4,29,94,93,77,22,65,38,69,9,71,77,68
92,5,30,26,44,75,8,48,45,60,89,47,22,87,24,86,84,18,41,16,84,87,91,53,30,11,32,92,10,29,40,21,25,81,51,50,42,38,56,18,47,16,70,42,42,85,84,22,77,5,1,52,65,7,5,83,25,50,67,3,64,28,36,79,40,28,54,40,65,87,80,34,92,79,64,54,50,10,98,19,22,92,83,42,37,78,3,12,66,38,34,61,70,19,3,53,51,56,99,2
38,55,1,75,61,1,21,49,58,93,21,2,49,98,2,63,91,45,59,20,96,61,81,72,44,90,18,99,66,83,42,84,24,85,5,76,96,92,53,40,84,58,73,47,13,11,74,81,66,56,74,52,55,73,71,68,80,14,47,100,100,53,80,73,76,40,36,25,30,65,19,22,13,51,6,72,75,15,36,38,89,85,39,50,24,10,61,46,96,100,63,76,16,86,31,1,24,54,7,36
66,67,98,66,97,29,26,55,38,32,68,7,49,12,73,43,84,2,24,49,99,92,47,58,72,19,49,27,37,48,31,46,3,94,79,14,48,70,53,66,38,76,48,50,35,49,41,73,50,80,98,81,29,29,74,44,74,66,37,7,89,57,80,67,77,20,34,66,53,55,26,69,40,44,55,40,67,61,34,38,8,61,80,99,4,97,5,49,78,43,37,81,85,0,43,55,38,26,97,35
12,81,62,18,58,12,18,89,93,9,22,4,79,23,83,10,53,13,51,80,83,80,88,80,100,97,41,63,90,7,92,55,99,94,41,71,59,36,7,42,10,21,67,74,77,77,90,10,97,15,66,24,30,15,67,2,5,36,56,73,59,11,78,2,83,28,51,72,78,61,92,11,83,85,40,86,65,49,49,85,78,98,79,69,21,100,31,73,50,0,84,53,73,25,24,28,91,84,74,37
2,66,16,91,65,76,53,81,63,10,19,51,88,17,92,93,6,77,74,54,59,78,47,90,45,17,63,80,24,25,57,61,94,13,37,44,56,41,57,59,51,77,56,50,68,23,14,29,35,39,83,26,87,56,48,61,52,24,64,1,3,94,43,41,26,100,83,5,64,69,84,33,0,87,23,40,43,55,35,42,8,51,62,44,39,46,16,72,22,35,3,52,67,36,39,28,65,3,91,11
74,18,78,5,18,59,98,40,86,12,58,47,52,80,67,35,77,45,67,26,65,72,90,44,30,12,44,58,66,17,19,35,7,15,49,81,95,31,98,97,11,42,63,8,36,29,57,88,53,98,62,90,87,11,39,19,44,86,6,91,38,55,16,55,90,23,56,12,76,84,93,16,58,43,42,89,57,8,51,7,50,36,78,48,43,91,66,2,54,59,62,1,72,20,19,72,93,10,49,51
11,9,21,5,88,89,9,9,42,69,36,100,81,30,7,25,17,24,5,95,8,28,13,64,84,52,21,73,71,8,80,19,5,27,25,82,17,35,31,59,22,91,93,9,8,28,36,74,99,59,1,48,97,67,69,25,100,24,86,5,7,79,88,31,37,50,51,58,74,58,35,59,98,53,90,60,13,63,43,45,23,47,27,66,75,23,27,12,48,72,54,70,31,94,46,48,67,39,100,36
45,49,80,49,8,33,4,29,32,16,51,12,82,12,5,100,97,37,35,41,70,31,65,51,73,76,89,73,34,0,0,85,92,8,64,65,44,67,57,84,48,57,53,51,47,91,3,82,60,38,31,33,34,22,12,82,79,83,43,89,61,50,34,38,23,99,13,94,73,75,58,49,74,10,58,95,70,89,50,37,66,41,68,80,77,85,8,78,9,54,98,12,69,37,61,70,99,82,6,59
26,38,25,31,97,18,64,83,73,48,84,17,98,61,93,25,4,90,95,28,41,39,3,70,6,10,52,16,53,95,65,7,19,18,5,80,1,57,27,54,94,33,51,25,34,54,64,70,42,63,93,52,91,99,0,79,66,71,46,100,17,91,86,37,87,95,44,23,18,78,68,0,9,58,71,0,12,13,24,2,63,16,3,25,87,67,8,39,26,95,49,6,2,6,39,92,17,99,83,55
53,67,12,96,7,53,84,52,4,16,59,19,43,62,13,99,40,48,66,81,100,14,80,27,39,36,54,40,3,89,71,46,44,23,86,100,77,48,16,36,96,76,91,58,93,68,21,9,57,55,0,77,48,23,43,80,0,38,100,96,73,1,62,31,67,2,90,92,70,38,69,42,94,98,26,49,91,57,67,57,79,22,4,70,50,98,81,5,71,62,49,81,49,74,2,21,77,25,100,76
75,25,67,26,35,76,89,65,84,56,89,40,72,93,81,62,24,46,11,97,38,58,71,55,47,1,14,70,60,61,88,69,2,28,4,2,89,72,40,15,60,85,96,81,31,67,53,97,3,27,87,9,72,87,28,45,27,75,0,97,65,72,71,16,20,16,36,24,31,0,48,87,49,36,86,20,62,23,0,43,2,56,68,81,30,80,43,24,50,3,97,47,73,36,17,34,94,37,100,69
20,63,65,4,71,5,66,28,10,38,15,70,19,88,79,44,56,44,76,86,58,97,84,69,56,14,99,66,75,19,76,47,76,13,54,41,17,0,98,24,100,47,51,8,37,29,17,18,50,77,35,29,82,49,6,82,1,86,38,36,59,61,94,44,98,6,34,88,79,42,94,53,27,73,53,81,0,37,64,60,60,57,52,67,89,48,60,44,86,18,90,47,4,66,83,99,22,25,40,91
21,49,33,84,96,34,87,62,6,95,16,9,57,92,15,75,12,66,91,7,48,99,15,4,50,1,47,53,54,10,93,3,10,42,41,53,3,57,38,95,98,82,14,49,28,56,71,78,82,95,68,81,69,79,71,27,24,33,6,81,11,69,99,23,58,58,25,27,99,62,7,81,84,57,34,9,62,98,74,71,93,45,20,6,15,40,7,48,94,100,57,18,43,85,86,14,40,24,75,26
82,2,83,2,56,19,57,71,5,35,78,37,83,97,64,50,14,1,15,80,46,38,19,98,17,8,11,8,87,9,45,96,85,11,93,56,24,94,33,75,15,8,8,62,9,71,27,95,63,50,1,86,18,38,49,45,50,41,66,26,35,17,61,33,6,80,78,62,64,39,73,11,13,73,6,67,78,27,94,98,3,3,16,25,5,24,36,43,86,7,66,21,35,38,94,57,67,56,80,39
66,2,25,82,30,0,8,65,94,0,69,24,46,51,29,39,53,22,12,100,11,13,92,44,81,15,53,80,67,98,97,32,36,5,61,64,33,92,12,28,66,90,87,63,91,100,27,21,7,64,28,14,21,43,14,69,91,99,98,36,24,85,24,0,60,2,54,95,90,95,33,52,68,33,35,24,10,53,70,52,42,73,16,60,18,91,27,6,62,20,87,80,4,47,89,1,69,29,17,43
65,42,61,14,24,9,89,2,5,42,10,35,11,54,83,4,100,21,71,54,94,96,18,97,28,6,20,22,76,60,15,44,99,79,10,90,13,64,79,26,64,77,21,53,95,2,79,88,53,31,0,78,56,37,81,44,57,55,3,69,27,78,20,6,88,92,20,32,1,40,17,100,91,39,100,90,33,35,27,82,16,64,33,13,17,57,52,11,22,2,80,28,96,31,74,79,67,88,0,73
37,10,97,89,57,97,61,54,63,99,17,53,43,57,5,4,56,82,74,50,57,86,70,89,14,87,20,51,13,2,82,53,24,47,36,44,2,89,22,58,72,85,92,19,72,63,60,16,24,72,93,82,33,51,60,16,89,34,100,15,97,23,23,21,52,100,55,26,54,46,42,23,62,91,70,71,32,89,95,34,31,66,31,33,82,78,0,29,8,62,14,57,12,49,20,79,66,58,24,8
14,86,75,100,38,85,39,49,76,18,15,5,96,55,0,7,69,43,6,43,28,79,69,75,58,39,92,11,4,50,36,32,70,81,66,68,25,3,91,18,31,44,69,38,88,100,68,99,23,68,77,16,60,5,9,77,41,37,47,75,63,14,86,6,52,2,12,61,82,68,1,54,43,79,54,24,50,60,43,22,24,24,52,87,50,88,66,67,58,89,3,9,2,44,51,67,29,24,15,85
47,93,5,28,85,84,4,70,55,38,84,76,30,95,85,45,39,93,53,41,67,92,3,45,33,0,67,1,65,22,40,70,22,78,26,0,67,50,35,63,42,68,27,95,87,66,12,86,97,12,16,16,99,0,20,59,76,73,27,26,67,18,99,16,86,37,1,94,31,23,88,31,6,32,16,91,29,83,22,24,45,65,64,49,81,46,69,97,50,78,41,75,49,35,51,89,90,11,53,97
7,39,40,45,0,37,15,85,50,42,24,97,49,77,2,13,26,64,80,74,32,9,40,58,52,64,79,52,29,12,94,63,64,100,89,7,4,94,92,61,60,21,51,20,80,79,31,55,32,66,14,60,88,91,29,14,4,10,78,56,64,36,61,32,32,29,36,82,44,81,11,33,72,2,27,81,83,22,88,52,46,85,61,47,42,72,64,65,11,53,7,31,52,21,76,57,8,11,90,86
76,90,56,78,77,45,65,65,84,13,43,87,18,44,30,67,21,99,43,97,85,13,36,57,34,86,78,65,24,38,58,97,87,95,95,56,96,66,2,40,2,33,0,35,35,0,65,80,13,62,67,51,59,70,91,58,61,9,73,97,80,67,5,45,19,13,93,9,76,40,13,63,58,94,14,77,62,62,57,14,84,51,31,74,60,19,4,60,51,86,92,82,41,77,78,90,22,16,10,92
86,31,64,100,29,98,75,35,18,39,61,71,21,45,14,13,45,88,33,25,25,89,14,89,19,25,39,2,17,74,41,25,74,76,82,47,85,16,19,29,24,2,70,80,80,26,40,11,17,76,84,25,32,86,75,27,98,46,20,63,17,92,86,3,27,54,84,77,25,2,68,69,83,90,24,72,63,39,4,19,95,10,77,83,15,27,13,37,21,42,80,75,29,34,20,22,99,1,22,97
28,19,19,53,43,50,0,46,53,39,22,62,70,5,42,69,28,92,5,67,96,93,97,1,45,60,100,94,62,41,75,87,30,62,66,69,97,98,50,77,65,52,15,75,91,69,80,21,43,46,26,18,50,61,43,36,59,10,53,54,99,16,47,7,90,56,17,94,0,45,16,80,83,84,68,23,59,91,78,88,93,8,96,67,90,35,98,58,100,72,92,29,50,70,1,98,33,17,4,41
76,94,21,36,86,27,28,24,30,7,97,3,70,46,38,70,27,6,50,58,82,66,71,8,52,55,49,54,70,29,25,93,32,67,42,21,64,87,76,71,11,75,53,23,66,21,59,90,88,91,35,31,24,39,70,69,64,72,54,18,51,38,55,54,47,18,85,5,64,95,44,43,10,78,72,34,65,4,34,33,44,46,68,48,95,0,5,16,45,50,10,61,68,22,1,35,33,6,52,50
73,74,74,18,19,30,30,28,38,11,98,31,89,53,13,40,23,33,76,85,90,2,35,60,17,98,3,42,18,94,29,78,63,8,54,87,24,16,40,9,47,65,92,11,35,44,5,17,24,42,18,98,4,20,28,21,46,71,39,63,6,86,94,71,83,5,41,53,72,82,71,65,63,32,89,86,43,20,62,38,14,14,29,84,12,92,70,65,8,7,77,48,77,26,39,42,45,38,59,6
88,41,2,0,7,39,93,67,77,17,45,86,50,41,38,26,94,52,100,64,48,93,77,33,18,46,23,75,61,50,43,52,94,54,43,59,61,86,19,1,73,44,51,65,82,69,59,18,21,19,40,63,61,28,88,8,36,62,62,57,45,57,95,95,28,14,54,27,3,62,13,24,71,47,47,63,35,1,100,50,79,30,8,88,10,90,68,12,77,46,89,21,67,7,39,95,11,68,96,25
71,64,34,14,27,16,21,30,35,48,19,33,10,6,33,25,66,3,6,55,20,65,82,12,60,72,19,32,75,97,76,24,10,50,3,75,58,86,80,82,87,64,52,55,97,75,36,27,45,25,39,13,28,53,31,89,8,79,8,28,44,26,28,8,85,53,1,67,17,100,90,4,72,81,46,92,79,79,41,84,90,31,24,82,53,6,82,16,90,82,16,0,34,61,79,1,38,40,95,87
97,93,4,24,98,56,13,84,44,94,77,67,44,47,72,24,97,51,76,0,68,50,80,65,34,34,91,65,37,52,100,85,12,94,23,66,77,79,82,30,21,24,4,87,37,40,25,69,1,43,35,8,54,82,72,26,50,35,100,33,16,33,76,67,57,94,63,41,43,78,48,40,58,19,98,74,59,15,69,27,27,95,74,81,1,40,41,17,90,27,48,57,16,80,92,41,3,43,17,23
34,78,71,68,45,13,38,26,78,73,79,100,0,14,32,84,100,87,62,49,91,81,84,54,66,53,47,11,64,81,50,81,83,54,26,89,99,75,79,13,100,31,43,53,43,30,46,15,87,98,52,80,14,86,90,59,32,84,40,35,49,86,31,95,83,87,16,68,73,53,17,98,19,58,40,41,28,43,36,53,66,100,86,50,6,100,95,69,67,75,32,86,72,16,45,64,36,24,31,15
23,76,44,72,18,62,22,32,69,29,62,55,77,39,88,34,58,70,8,66,58,13,36,84,37,60,35,59,78,96,47,20,1,61,26,53,39,62,32,7,94,46,77,87,11,63,76,69,19,34,32,15,45,13,34,70,92,33,1,83,16,94,68,66,59,47,80,32,0,60,57,72,35,4,35,86,94,100,34,50,88,54,97,77,20,81,21,42,54,25,96,45,50,49,56,94,50,46,27,58
16,100,96,2,96,26,70,65,77,79,27,76,18,47,39,96,53,25,44,12,40,21,36,28,20,32,20,63,36,69,82,47,3,28,6,95,53,98,5,2,53,19,61,89,39,23,71,30,80,28,18,26,37,90,53,15,7,8,4,79,39,4,69,29,65,56,79,55,0,79,93,81,31,32,18,98,20,35,96,8,52,17,76,99,96,56,20,10,69,88,31,21,71,46,0,20,86,52,27,41
38,9,69,39,94,69,81,60,69,88,34,97,6,93,70,28,48,3,64,11,81,73,67,92,16,5,76,66,69,49,34,54,13,82,17,13,1,13,97,46,64,35,98,8,90,94,57,83,86,78,31,37,88,87,96,28,91,49,41,26,37,96,67,55,9,79,92,76,28,78,17,9,48,5,77,52,26,66,55,78,81,93,29,8,100,64,8,36,84,90,90,91,6,12,80,64,43,90,87,51
46,14,20,26,3,70,37,26,65,31,52,75,83,83,58,46,60,38,5,15,40,53,77,0,47,39,37,5,92,78,67,89,97,87,9,80,40,81,81,35,62,10,73,47,20,39,37,21,38,68,48,84,79,91,52,88,29,53,82,92,55,64,71,38,50,2,39,4,17,56,7,27,89,94,64,14,87,36,49,21,85,4,98,34,54,28,22,61,79,43,46,55,15,8,4,14,57,80,52,12
53,10,32,82,69,2,16,7,50,67,42,66,83,57,49,86,88,17,97,37,17,16,35,31,98,11,80,29,73,47,15,32,2,90,49,45,47,32,70,16,14,59,49,72,56,83,52,97,2,45,14,72,19,60,25,1,12,25,61,100,31,17,98,81,23,84,89,59,9,2,35,85,31,23,36,62,1,79,58,27,52,55,42,69,8,95,32,57,45,62,68,91,87,42,94,79,32,20,83,88
56,58,94,90,44,37,86,22,43,72,20,84,79,0,15,12,5,42,56,71,50,79,30,19,87,67,69,37,69,99,6,39,83,9,61,21,12,14,35,40,44,88,94,53,84,12,93,49,87,36,94,86,100,79,62,89,5,65,19,100,73,77,45,14,24,77,25,76,44,42,83,67,75,48,27,34,11,5,64,69,65,43,0,25,58,36,42,20,86,1,94,38,67,67,93,40,56,34,86,23
100,17,54,99,16,54,76,19,19,22,14,32,2,48,25,15,36,53,61,90,69,73,75,87,73,53,81,17,69,39,18,3,0,81,82,14,64,97,62,61,17,41,44,94,63,71,67,44,36,88,35,31,83,44,68,92,99,8,8,14,70,44,38,96,11,45,88,14,43,27,5,20,95,14,70,83,44,48,52,95,20,7,84,15,41,75,48,0,38,69,30,67,92,95,60,99,76,95,73,7
99,32,75,84,100,4,96,40,98,60,100,79,99,72,33,40,10,93,19,2,3,39,93,34,41,31,28,83,38,29,26,67,40,57,78,81,69,99,40,26,57,40,59,84,36,54,49,19,69,97,99,7,75,15,68,64,44,4,47,100,81,78,24,82,53,76,38,22,93,79,95,19,61,70,45,0,21,70,31,17,16,72,33,85,40,5,19,98,52,67,67,48,81,16,35,10,27,41,0,90
90,39,94,42,6,70,37,8,91,23,43,48,77,42,67,43,62,13,74,34,93,37,29,58,48,34,12,81,52,56,22,92,63,74,56,18,24,33,58,84,25,66,57,88,44,82,76,94,45,44,4,86,73,5,99,94,50,66,64,54,70,85,33,64,24,45,51,84,45,51,95,5,23,45,99,32,50,39,100,50,55,58,84,59,86,44,53,74,2,33,35,62,73,73,27,4,46,65,70,9
89,87,94,95,40,87,85,30,74,63,66,30,86,94,1,83,25,86,89,20,10,43,8,11,35,46,45,89,79,26,34,13,24,80,63,30,48,42,14,13,24,10,16,46,13,27,10,24,81,72,20,93,81,28,58,67,73,20,51,2,42,86,86,4,42,10,10,34,66,39,5,51,79,91,52,9,100,67,74,90,18,77,43,1,3,1,51,14,28,22,60,83,35,2,84,83,93,81,13,67
100,83,65,35,33,84,61,91,42,35,51,26,98,40,30,98,40,44,11,91,22,62,9,11,79,23,10,84,97,62,38,70,92,41,18,74,88,26,54,65,55,97,68,87,29,38,99,64,43,79,72,66,72,23,26,70,74,61,96,60,63,97,76,77,95,61,20,56,92,81,48,30,95,47,13,52,58,28,25,14,17,87,17,85,86,96,39,3,84,90,46,89,45,84,26,95,70,3,34,27
86,73,62,29,58,85,30,75,68,3,82,58,98,19,72,69,79,60,60,50,73,62,93,26,3,4,24,83,93,86,73,25,62,8,16,71,13,20,41,100,24,92,31,76,100,56,27,96,28,83,56,47,16,81,43,86,16,21,79,24,19,2,52,100,52,21,53,54,81,39,12,28,74,67,32,23,74,39,71,0,80,77,46,7,94,89,58,7,57,88,48,82,87,89,44,46,94,23,48,49
32,59,37,55,100,67,98,36,23,96,3,25,2,5,57,25,3,3,76,59,73,79,27,63,13,96,45,47,16,58,45,8,7,34,29,34,38,31,78,57,59,98,54,67,51,85,73,22,54,73,50,77,63,74,59,48,87,74,81,34,1,63,35,59,96,99,4,93,41,52,74,31,5,76,4,77,75,50,67,5,14,38,76,67,44,57,17,30,94,89,8,59,92,42,49,33,37,75,60,18
72,49,48,76,38,0,57,49,37,97,31,11,77,19,90,81,8,19,1,58,42,38,53,20,7,20,13,63,28,59,48,79,96,14,54,2,21,60,37,95,98,93,43,48,77,59,69,20,69,0,48,17,11,40,68,87,10,17,89,83,70,13,93,30,52,21,40,25,90,16,16,63,100,85,22,29,27,16,50,25,13,28,74,38,97,18,76,98,54,11,24,22,14,30,10,68,58,18,28,42
100,35,97,47,64,67,7,34,94,6,3,11,83,57,71,23,81,11,78,83,83,8,4,79,35,88,86,3,18,30,85,83,83,99,41,36,73,31,48,73,36,94,59,100,66,44,17,36,12,6,20,8,42,2,47,9,18,44,68,7,20,23,81,1,97,33,2,74,46,55,89,31,92,45,62,27,2,82,7,31,92,35,28,40,93,89,22,17,94,13,95,56,67,50,60,22,11,82,8,84
51,98,57,82,67,87,35,70,85,72,12,62,42,45,99,35,0,88,89,22,50,91,36,79,61,52,78,36,91,53,61,14,20,95,93,91,60,7,12,27,83,65,23,76,29,1,56,19,53,91,50,67,31,22,2,52,36,70,42,94,90,79,14,32,44,82,48,67,100,85,40,72,52,56,55,45,26,9,37,3,53,10,37,3,36,97,27,56,63,55,33,28,36,27,84,82,55,94,42,35
13,95,0,85,12,86,55,88,37,7,78,15,25,15,36,40,67,16,57,15,5,14,36,85,98,21,64,70,60,84,46,88,23,61,63,30,29,46,52,41,46,57,2,18,93,8,31,89,49,27,1,93,43,67,89,58,66,90,97,39,40,19,24,96,21,43,96,78,48,68,24,31,36,89,71,20,73,71,26,31,97,35,18,79,6,34,0,17,18,83,49,93,7,10,89,56,37,4,88,0
67,10,24,50,32,41,33,80,57,18,18,56,71,66,78,100,86,18,25,19,57,3,81,46,16,3,12,81,30,33,33,86,58,32,91,24,30,66,63,29,39,28,32,31,88,6,92,17,53,96,52,55,20,8,16,11,47,60,99,27,46,21,85,68,82,12,9,29,36,53,2,10,72,40,29,77,62,17,94,56,42,85,0,82,87,31,11,60,21,17,70,63,81,26,94,7,51,1,42,97
9,2,21,81,3,40,72,54,3,59,28,43,56,72,46,71,56,83,22,9,84,14,98,85,77,14,94,17,46,18,7,81,83,62,70,99,87,46,24,25,59,9,84,99,0,60,82,3,81,60,31,14,21,13,28,18,83,92,88,29,12,73,87,30,91,95,69,21,61,7,13,85,24,51,19,22,73,22,47,24,32,39,58,31,88,16,46,66,52,35,0,100,4,20,46,43,86,79,34,99
31,10,4,67,33,68,18,67,93,49,82,27,99,13,7,24,23,36,27,81,76,36,17,70,97,75,86,53,2,70,27,29,50,59,31,49,32,7,16,8,53,83,23,29,42,51,56,74,72,96,85,13,89,3,57,77,26,17,59,70,78,38,97,52,28,30,64,65,80,51,17,79,69,9,65,33,91,30,31,10,65,40,85,12,60,25,50,73,3,7,60,30,96,46,77,71,1,56,25,16
45,0,40,25,68,28,22,96,24,66,53,53,38,84,3,69,91,47,88,33,49,85,71,27,39,7,42,94,25,87,84,92,88,30,71,90,62,68,51,71,57,51,23,5,16,17,34,77,76,33,95,9,5,61,52,25,87,1,7,80,89,86,89,18,39,57,25,66,16,17,76,64,91,30,90,70,52,4,47,10,51,36,75,89,61,92,74,44,62,30,25,3,44,20,51,45,5,91,31,49
10,30,57,7,84,51,83,92,39,39,80,10,82,4,13,15,93,40,8,74,19,64,56,38,30,18,53,93,73,27,22,96,91,95,9,16,27,56,20,42,42,37,67,6,23,21,80,54,93,39,22,75,38,7,35,7,59,80,40,72,79,64,75,64,47,24,28,83,28,88,0,17,53,16,54,2,67,4,72,17,43,12,60,50,47,95,37,34,53,49,92,73,29,75,56,1,46,58,49,99
62,89,83,84,5,41,94,49,84,8,68,85,65,16,57,20,59,12,99,43,34,75,20,19,81,39,40,23,75,74,44,15,100,42,97,60,27,52,61,55,7,68,13,72,65,2,22,95,66,58,45,66,18,29,98,51,19,80,91,51,77,57,66,8,66,78,32,25,39,21,40,58,61,99,100,100,78,38,92,8,11,81,21,83,52,31,51,77,3,49,32,75,90,51,90,43,100,86,93,7
14,77,50,69,22,19,23,60,10,82,67,19,12,15,16,96,20,13,23,4,90,42,51,1,84,32,6,95,51,28,53,76,99,60,11,69,52,24,80,92,65,63,12,40,77,88,99,61,2,59,52,35,75,25,41,64,20,45,12,23,68,70,68,65,70,18,71,22,99,81,2,50,84,87,84,86,82,23,32,63,7,82,37,94,80,6,60,67,78,37,52,95,61,2,67,22,92,42,97,7
45,9,26,2,41,65,76,60,60,32,73,62,34,36,57,10,93,17,14,1,82,20,78,3,33,6,60,91,27,69,71,46,33,27,85,68,63,89,54,9,42,47,33,61,12,0,75,97,63,39,43,43,16,34,96,94,99,52,72,26,5,5,87,71,62,78,62,26,99,44,27,67,22,35,84,27,62,100,73,60,49,43,100,30,50,40,41,51,19,8,25,22,25,44,57,97,7,54,78,9
49,89,59,59,2,95,41,33,10,100,65,80,65,34,9,44,4,8,34,77,43,0,23,96,11,30,12,35,52,98,63,76,10,19,33,87,60,39,90,31,94,11,1,91,37,74,57,67,28,30,98,96,69,14,12,91,42,56,37,28,66,43,37,51,67,35,91,68,71,10,60,52,12,46,71,68,40,65,95,80,99,29,31,17,5,37,33,39,26,77,7,11,23,65,12,100,93,51,94,2
59,71,10,6,91,17,75,90,6,48,79,46,43,2,58,100,18,4,76,16,8,4,82,81,47,93,72,48,76,81,65,96,12,20,65,43,98,40,85,93,80,63,57,35,82,37,44,9,31,99,71,81,91,44,86,33,68,82,100,93,77,30,20,80,48,89,65,72,52,64,34,74,97,63,45,71,70,93,34,62,15,52,28,47,31,18,71,90,45,94,2,60,0,69,83,37,96,24,58,78
76,24,26,56,31,67,71,84,9,95,29,91,81,6,0,14,95,47,41,99,83,13,82,49,51,24,80,70,57,59,60,46,87,73,100,60,3,55,53,72,60,33,25,24,53,15,5,72,34,5,46,92,14,24,2,45,96,50,85,7,31,63,89,37,45,69,35,31,58,37,77,41,46,61,48,4,7,83,53,32,30,63,75,47,67,7,25,98,86,31,44,68,98,58,84,45,3,50,63,52
45,90,29,23,80,66,85,54,41,82,1,29,79,85,57,53,53,72,96,20,42,68,22,33,50,67,24,52,97,19,15,15,57,41,15,17,95,86,57,2,9,51,38,18,3,88,21,30,18,81,57,34,25,79,50,77,83,90,19,67,54,75,62,82,2,33,82,47,45,99,10,60,31,20,55,34,48,87,1,24,30,67,41,85,85,33,96,23,97,26,6,60,84,33,62,39,34,23,71,43
63,8,43,34,63,9,89,62,12,89,76,80,90,51,81,96,82,67,89,78,31,99,40,64,14,56,5,24,74,34,13,49,92,47,17,78,45,77,38,100,10,19,14,28,33,13,70,65,100,34,64,32,83,99,66,57,30,81,0,30,22,5,69,50,22,14,27,30,33,80,15,42,36,97,83,90,71,99,2,18,85,70,27,36,19,6,67,61,7,91,63,72,39,45,16,69,77,83,51,66
45,15,20,74,18,99,62,97,75,11,18,12,99,43,38,68,33,10,5,84,38,14,53,46,34,96,17,52,0,9,65,6,41,53,43,57,12,55,61,3,4,39,63,85,22,82,25,59,53,42,91,82,6,34,45,80,56,70,32,25,95,86,46,68,69,52,49,66,28,30,94,65,23,13,29,98,13,55,93,4,100,64,89,45,13,8,71,60,19,13,91,35,89,51,43,84,65,12,48,63
32,0,77,33,68,44,79,9,77,31,92,65,53,26,66,79,56,69,77,44,98,76,3,73,11,37,91,65,33,47,28,11,36,68,70,43,96,91,64,40,96,8,74,38,84,81,56,98,32,93,26,45,53,92,59,43,91,59,19,18,15,5,2,86,75,37,64,82,27,21,48,46,94,15,29,53,68,48,18,73,91,96,28,59,79,32,86,89,56,41,31,96,28,7,94,69,13,14,43,73
87,24,52,65,96,48,63,43,55,9,30,73,50,1,20,55,48,98,76,4,82,61,11,48,58,100,22,4,73,92,75,23,62,100,29,95,98,75,65,5,41,2,31,18,46,64,49,76,76,87,92,3,40,86,27,99,47,7,33,39,39,28,30,54,77,85,11,20,69,50,55,96,83,85,4,75,42,10,94,52,84,55,3,13,94,95,15,2,31,2,8,73,79,89,71,31,56,0,61,38
3,74,18,92,30,79,26,16,17,82,68,18,25,34,37,3,16,60,34,15,38,69,44,55,43,91,26,31,52,84,99,71,32,31,17,81,36,94,25,28,71,69,4,72,51,8,63,40,94,82,51,69,78,37,54,68,65,57,50,0,40,94,34,25,22,49,12,18,25,73,89,27,49,53,6,90,94,68,99,45,29,84,81,41,18,88,87,63,69,0,2,19,21,29,12,12,91,16,25,33
85,86,12,37,18,7,81,27,10,30,51,41,4,99,60,50,80,52,63,31,40,45,39,72,76,98,11,0,29,97,22,78,63,68,53,32,66,65,32,76,66,31,58,85,89,83,88,39,79,24,45,38,75,10,79,25,31,1,19,75,61,59,36,5,1,48,100,92,45,95,27,50,62,83,77,19,60,32,57,59,83,39,82,45,46,65,60,73,38,79,60,86,82,77,64,6,25,21,57,100
60,79,71,0,8,59,4,11,0,15,99,92,78,84,37,76,27,57,78,91,13,30,51,22,11,97,27,4,38,50,14,27,36,88,9,30,2,93,88,44,49,70,71,86,9,35,8,85,48,68,46,30,17,22,8,85,50,67,84,15,58,35,9,17,86,88,36,3,56,98,38,44,17,53,45,89,65,10,10,54,82,30,62,100,84,25,85,34,14,17,17,93,47,33,78,3,80,68,31,74
75,76,87,97,50,40,85,85,56,89,34,55,28,85,0,92,92,93,73,69,97,40,81,44,87,62,18,29,73,36,32,92,87,67,62,10,71,99,64,36,41,47,22,69,48,81,72,71,56,12,76,81,27,8,73,71,66,39,18,84,27,67,13,75,63,49,98,99,44,44,71,40,85,91,79,7,28,18,11,63,65,95,84,76,34,85,61,79,33,7,48,26,65,95,41,59,23,83,47,54
64,84,13,39,52,62,68,27,57,77,74,30,89,80,84,86,11,24,77,72,65,47,24,59,66,71,85,33,38,95,4,64,44,86,40,93,91,33,43,9,91,24,67,93,25,64,41,16,22,7,66,48,84,25,6,39,72,66,52,41,77,41,32,94,39,16,22,49,33,59,4,55,65,26,89,4,5,13,96,80,93,78,62,35,100,94,59,79,72,72,100,11,43,15,20,95,43,37,85,27
94,4,67,68,34,47,98,1,82,61,19,5,33,31,34,56,93,91,66,14,73,50,82,71,49,18,94,95,37,51,29,12,73,25,83,86,45,80,70,4,12,36,32,74,2,61,46,28,71,92,15,73,23,18,8,76,87,91,67,56,5,46,20,54,59,62,11,2,32,78,12,63,46,68,9,92,97,45,44,68,90,5,22,52,44,1,25,15,46,38,14,20,14,90,72,73,28,83,90,34
93,29,63,66,79,46,41,58,62,37,22,26,5,14,61,46,15,27,21,97,26,83,0,86,39,7,71,6,71,64,51,65,42,94,89,93,81,51,69,19,58,47,48,2,27,28,88,58,54,100,30,65,57,31,59,21,32,94,20,43,44,17,76,77,29,46,33,61,10,37,86,0,36,51,86,76,19,40,29,61,69,62,54,74,65,94,76,87,45,77,1,71,62,30,83,83,83,14,5,0
66,63,82,42,76,10,51,89,36,99,0,30,83,36,71,68,58,48,13,22,51,47,81,8,14,44,7,73,16,97,11,48,27,98,84,47,22,45,35,98,93,17,79,91,76,37,99,59,97,1,5,71,80,88,28,82,70,60,91,39,42,44,52,81,51,8,58,88,67,92,96,25,16,91,80,23,14,36,31,23,79,57,86,63,74,3,23,8,46,60,46,98,50,64,79,96,3,17,43,18
100,3,16,37,21,76,78,26,85,29,43,87,52,63,2,97,39,68,85,72,21,77,91,0,75,54,41,15,33,23,18,39,69,72,37,3,65,16,22,80,93,53,12,31,37,51,78,7,60,13,60,63,41,94,28,18,67,5,16,75,68,79,61,84,42,28,20,93,77,15,26,61,80,47,48,64,40,12,33,75,73,86,81,21,70,46,75,29,57,79,87,89,48,78,15,82,91,53,83,51
36,20,8,38,97,90,20,46,65,86,100,18,36,74,83,87,75,40,42,95,37,58,19,68,75,68,37,70,84,91,4,53,47,19,22,47,94,22,70,38,28,95,49,19,6,1,68,73,97,37,85,97,20,40,4,100,2,98,20,54,76,76,26,85,16,54,48,40,73,74,77,36,26,20,38,3,82,80,63,20,64,100,92,62,39,97,48,78,65,91,86,98,71,84,54,43,19,84,51,28
8,60,72,27,38,65,16,82,32,58,50,19,84,13,23,100,44,63,16,2,63,66,78,26,86,12,23,48,23,6,68,23,60,34,99,64,42,49,77,62,67,72,72,55,53,5,78,83,60,89,6,32,13,27,87,2,93,4,58,32,53,54,73,4,74,25,2,49,66,91,89,5,45,1,44,37,90,77,57,87,75,95,11,57,19,96,1,71,77,77,46,52,63,42,50,20,49,53,61,22
67,1,90,78,88,90,82,63,38,78,20,98,83,37,48,9,50,44,54,80,75,41,81,27,6,47,20,71,71,32,47,78,90,16,89,25,21,20,45,91,41,38,97,73,58,45,29,46,38,54,40,43,94,33,38,31,71,86,47,17,92,6,0,61,10,14,55,23,53,9,64,70,98,87,55,57,35,67,30,43,100,96,6,86,44,5,14,54,54,13,53,93,29,91,35,48,65,75,50,81
28,52,33,68,97,55,60,78,54,4,0,58,59,71,78,4,88,67,23,89,28,2,24,3,52,63,78,89,94,52,81,87,84,3,75,10,14,25,73,54,67,71,78,68,76,93,4,50,10,92,78,97,52,26,38,76,74,13,71,61,58,63,53,78,12,77,14,2,38,22,17,30,63,94,96,57,2,99,25,27,61,6,98,81,43,63,83,79,73,75,71,58,85,48,2,97,77,85,77,41
40,56,98,12,22,1,82,71,60,50,12,100,90,6,60,40,22,65,97,3,46,69,5,69,53,83,11,27,68,26,13,56,85,28,72,79,70,46,74,92,76,74,36,59,95,67,25,43,75,95,14,58,85,5,1,96,93,33,33,6,1,77,74,16,73,87,67,4,98,96,40,65,23,80,12,40,58,68,17,96,37,46,41,30,42,66,45,16,75,46,30,92,31,31,39,19,81,36,96,22
63,14,94,71,85,10,4,77,69,95,76,58,71,40,48,85,2,98,51,56,35,29,30,60,50,79,60,17,93,71,93,14,63,37,30,16,20,46,88,53,86,43,64,0,12,36,2,94,95,6,9,26,83,62,22,41,49,75,43,67,88,42,18,73,9,23,39,65,9,8,24,56,11,20,86,32,91,27,68,8,63,43,7,29,6,97,78,17,28,30,38,57,32,41,42,90,39,37,10,70
4,30,100,39,78,29,96,95,13,24,6,35,96,81,83,3,93,78,29,36,15,8,88,53,40,90,99,25,6,82,74,11,94,48,88,88,38,66,38,86,60,67,29,39,72,64,51,36,10,1,98,100,64,24,84,46,8,15,100,33,3,74,66,63,97,17,69,82,12,10,34,28,52,75,19,18,47,40,95,20,26,74,88,82,21,88,17,39,55,43,89,6,59,41,75,39,3,69,2,33
82,64,17,18,97,9,85,93,40,94,50,63,89,38,57,35,67,79,85,97,90,74,76,13,43,50,40,3,80,100,8,84,98,25,63,7,8,41,17,9,88,24,68,68,53,95,86,27,84,39,48,52,54,91,24,98,65,56,1,43,46,19,59,32,82,19,96,78,44,76,62,69,15,74,56,6,24,29,45,92,78,1,11,58,71,0,95,52,71,66,91,49,9,70,66,66,2,17,31,66
6,81,74,72,17,56,89,34,46,65,100,55,12,66,17,82,26,87,90,71,53,87,73,53,8,66,91,98,77,87,30,61,36,16,97,97,61,68,5,16,33,8,24,40,1,6,32,11,41,17,58,44,45,9,95,26,77,9,61,68,78,33,59,100,82,97,72,57,66,69,5,56,87,19,20,17,2,83,43,68,21,82,1,96,64,24,33,24,89,46,40,12,0,87,72,67,75,50,63,29
85,82,45,67,65,81,29,81,49,89,84,38,39,60,26,35,50,77,68,47,89,92,54,10,55,30,90,44,38,60,99,60,5,32,66,54,35,9,4,69,90,76,75,22,45,0,91,68,72,54,26,34,87,61,79,30,70,21,43,10,91,70,88,99,26,84,68,11,42,5,7,32,83,82,74,38,27,89,35,77,10,83,33,89,26,4,37,60,72,50,79,2,96,65,90,10,39,59,42,22
48,33,43,66,67,30,94,38,34,57,95,54,81,76,36,88,56,49,49,38,88,71,93,17,13,8,43,71,29,48,73,53,68,83,57,48,91,58,12,56,91,28,52,51,6,15,4,65,5,16,5,1,59,92,71,37,69,86,8,40,41,41,26,47,0,97,81,31,78,68,20,91,61,100,42,30,45,53,88,58,22,60,62,7,31,96,1,48,56,38,61,68,43,51,37,91,66,15,49,71
97,65,43,55,3,67,7,77,6,34,75,7,35,46,57,44,91,6,16,2,74,89,14,64,25,36,55,91,41,11,56,77,39,94,85,87,50,10,61,89,49,31,29,78,6,58,14,94,56,69,98,42,84,81,2,15,93,4,54,24,14,91,9,59,4,7,72,47,48,67,26,45,73,13,33,10,82,73,70,8,12,32,30,65,38,72,40,59,46,66,90,92,6,57,19,46,2,47,23,16
60,45,39,30,26,11,72,20,44,82,32,78,7,78,6,37,54,24,54,85,76,35,95,62,31,15,57,26,53,7,34,63,38,99,78,97,90,5,48,90,28,62,77,2,11,90,15,16,94,26,60,62,91,53,98,32,51,84,10,57,27,91,98,57,60,74,78,54,53,97,44,86,100,27,76,94,34,33,60,0,97,28,4,37,54,26,11,74,34,38,35,86,76,25,22,10,99,17,62,34
78,89,40,7,26,91,41,1,54,29,72,84,13,24,84,11,83,86,92,13,25,41,84,92,3,93,79,84,33,31,44,36,71,62,7,90,17,44,20,3,75,21,48,85,3,54,88,67,15,76,49,99,40,21,58,89,22,22,61,66,77,74,33,6,7,59,10,78,31,11,47,6,42,94,37,10,69,32,75,55,5,92,38,76,11,13,39,20,58,79,41,57,6,84,26,69,95,16,67,23
3,99,54,43,97,2,88,49,2,33,34,3,33,93,49,14,6,86,35,84,83,85,21,51,64,70,94,32,63,43,33,5,16,99,23,12,44,87,5,38,97,23,30,13,48,66,16,7,31,32,92,16,63,85,81,41,80,17,17,31,79,77,60,2,8,75,14,27,92,20,22,26,25,31,39,28,58,72,80,47,89,36,47,45,54,9,99,73,80,15,21,39,95,23,62,13,74,44,13,76
54,45,59,2,64,64,14,77,45,1,32,64,83,51,33,60,32,79,18,98,65,14,31,69,61,26,13,45,13,30,47,71,33,59,58,40,31,52,50,31,46,51,72,49,68,25,82,42,20,75,51,75,25,30,40,54,83,79,12,88,79,89,14,41,32,78,72,65,72,6,95,64,74,43,71,78,26,51,75,41,17,69,46,7,37,92,43,69,52,3,19,70,3,71,91,33,3,52,97,35