7,95,90,46,50,3,22,40,5,36,56,53,76,12,12,36,81,45,54,71,33,9,58,77,60,63,48,99,27,100,79,31,47,14,97,100,12,80,100,74,24,74,73,59,98,96,68,0,47,48,59,92,94,3,93,16,65,19,39,93,77,80,60,83,44,73,37,14,80,82,62,92,1,17,9,22,68,32,35,39,100,12,45,25,63,25,2,61,48,9,6,98,6,55,73,39,19,61,14,7
83,3,23,38,7,100,2,80,48,57,82,3,31,33,16,4,76,80,37,44,18,44,73,17,85,10,42,59,20,61,89,80,22,27,15,37,63,42,6,94,18,33,58,51,9,54,61,43,61,59,8,31,23,15,99,58,36,8,81,35,47,59,97,51,53,49,18,38,53,63,61,85,91,84,5,71,30,45,56,25,53,51,51,93,58,88,9,16,27,26,72,93,18,56,22,82,53,59,23,68
89,3,57,81,52,77,24,78,2,43,0,78,40,84,28,2,66,47,15,98,56,98,82,83,83,13,76,47,52,14,42,61,98,19,41,74,87,39,98,84,23,95,82,7,17,3,67,95,86,59,51,97,14,18,5,52,57,26,89,14,100,55,27,56,88,80,74,91,85,78,82,50,28,1,25,23,73,93,94,68,10,86,26,30,52,33,73,91,50,30,32,56,85,56,59,49,2,64,2,39
91,44,8,66,21,79,9,20,57,12,56,39,30,73,79,57,19,39,20,13,58,74,70,78,9,76,90,90,96,32,59,31,38,14,56,30,8,77,47,99,16,82,17,50,48,13,58,36,30,39,41,73,21,65,22,73,25,47,48,3,22,91,83,85,25,5,43,82,21,20,22,42,91,94,64,11,74,77,57,5,61,54,79,4,57,85,95,44,32,94,59,56,89,36,97,3,79,24,4,26
8,73,86,59,19,70,62,51,27,9,47,27,43,10,18,57,10,27,64,84,65,83,15,6,92,79,69,7,40,75,46,7,80,41,82,83,54,73,95,99,42,31,43,55,34,46,13,23,43,98,13,39,65,1,12,96,3,2,96,71,34,64,9,88,65,19,89,7,30,24,6,13,95,82,49,71,65,43,11,50,96,80,80,28,0,84,76,42,27,5,79,38,62,28,44,37,85,96,88,19
96,0,70,98,73,82,99,34,50,46,21,8,98,36,91,49,57,82,66,8,3,54,19,3,0,7,16,35,7,92,99,12,36,40,21,6,67,35,75,23,19,53,42,100,68,2,83,49,47,88,17,58,33,80,38,80,37,49,40,58,45,75,86,40,100,78,62,34,63,5,88,70,44,72,27,9,46,99,34,47,0,100,75,34,83,30,49,42,57,91,65,98,34,6,65,14,53,95,71,76
92,52,25,38,4,89,47,97,48,6,70,72,75,89,58,31,65,61,12,89,37,6,82,90,99,55,20,20,39,22,63,98,10,86,94,83,44,56,61,24,18,8,75,56,71,96,96,74,56,32,76,24,82,58,89,8,33,90,97,53,78,62,67,51,31,77,11,27,70,77,90,100,62,47,9,59,95,97,84,63,1,29,48,10,57,97,93,51,59,92,35,73,46,79,5,99,90,34,31,80
47,73,86,42,3,23,51,4,95,3,6,86,61,99,31,8,65,65,37,67,25,20,33,38,92,64,5,47,15,48,40,70,36,69,26,53,28,30,43,0,87,61,90,92,67,84,87,44,12,38,62,36,46,68,24,57,44,60,84,16,30,95,9,76,80,20,39,25,11,29,59,59,71,69,60,65,90,30,36,91,91,86,4,15,18,87,96,90,70,90,79,21,84,58,94,23,59,30,15,77
59,67,56,39,24,75,74,36,97,13,60,6,7,21,25,59,49,58,2,93,75,33,0,13,59,13,12,30,11,57,21,77,88,42,34,73,85,56,51,94,35,84,93,61,69,24,61,66,36,99,76,42,92,47,44,90,87,24,97,97,36,24,33,46,76,11,81,43,18,94,13,27,39,57,91,68,44,50,89,63,60,90,82,46,53,66,98,24,17,37,89,49,80,81,20,80,5,62,66,37
47,7,95,84,18,3,19,67,39,10,32,13,50,3,52,31,12,50,12,91,34,74,77,57,62,51,60,85,63,28,22,16,99,47,17,2,40,57,47,6,9,86,75,41,82,48,64,85,36,30,78,61,5,51,100,38,58,33,60,10,15,21,56,62,99,89,76,13,10,7,54,84,45,48,25,26,93,32,49,50,13,49,16,0,84,96,3,16,79,12,43,51,76,83,17,33,85,21,18,13
34,18,32,90,67,5,78,74,15,81,68,79,2,79,55,46,93,44,52,2,55,39,17,57,28,78,48,70,16,31,65,86,60,73,90,87,66,7,85,30,13,20,83,45,43,90,30,43,26,84,53,97,21,97,74,58,92,84,19,2,60,5,96,73,76,98,83,23,73,37,64,74,50,9,49,95,71,66,3,55,35,20,33,27,78,57,74,31,47,37,92,35,72,26,45,97,8,29,60,15
47,66,97,6,32,65,40,35,64,74,90,95,58,48,90,46,10,27,62,29,84,35,74,6,94,36,52,80,42,74,64,76,88,18,20,55,50,91,72,100,68,10,9,60,97,96,94,24,25,3,18,61,14,33,44,58,71,39,78,92,43,68,66,92,54,66,76,64,28,13,87,82,89,62,1,70,84,86,81,83,10,32,57,49,43,43,38,55,64,25,50,25,65,64,29,45,91,83,98,27
93,6,1,93,87,60,27,6,54,48,90,62,81,73,62,77,38,6,41,4,73,21,48,85,24,83,54,7,22,83,36,19,36,89,94,7,89,54,67,78,34,57,32,84,7,73,80,32,77,14,23,72,95,49,29,8,31,53,48,28,75,70,3,38,29,89,92,99,85,57,99,92,31,54,56,100,64,65,15,21,0,13,45,7,69,51,64,2,48,21,0,95,42,94,93,38,36,72,32,33
48,57,97,27,58,24,22,17,59,31,9,97,42,76,34,4,59,50,60,45,77,11,82,72,51,2,86,32,69,6,96,97,64,73,99,54,60,6,23,24,81,98,10,66,22,11,61,25,2,72,97,70,23,29,84,31,76,4,43,51,66,26,47,95,32,16,17,93,13,39,78,7,16,0,41,95,85,17,96,64,59,58,48,14,36,33,4,18,87,42,18,40,11,90,81,87,21,85,39,93
27,93,37,25,84,35,81,40,16,27,31,14,8,51,18,22,44,5,80,86,45,58,55,44,11,9,16,83,19,91,94,87,73,55,95,55,34,64,98,19,72,11,27,4,36,6,79,21,14,18,63,77,88,87,52,67,89,11,55,66,91,79,78,48,100,36,91,25,33,53,76,61,76,88,49,87,54,80,8,7,46,3,89,10,18,78,63,25,6,12,29,52,48,40,68,18,36,2,20,84
53,15,20,43,55,69,67,85,33,36,15,77,83,13,69,95,30,22,99,37,19,30,46,10,68,93,1,98,40,73,96,56,41,37,88,73,82,46,56,7,82,19,75,24,55,44,52,33,94,29,18,34,52,72,52,37,95,6,1,78,33,45,33,38,77,52,92,53,46,83,15,78,70,37,13,92,36,29,67,14,67,67,60,24,33,2,10,22,40,77,4,36,53,83,68,7,74,74,78,98
71,78,41,36,8,15,98,98,34,63,54,27,0,72,19,41,55,100,63,4,75,30,93,15,37,98,60,99,6,27,64,80,93,26,12,68,4,51,75,83,40,24,56,8,1,49,25,65,61,17,17,3,36,37,74,16,25,62,21,5,93,98,70,69,22,82,84,15,76,18,96,100,31,87,91,58,85,95,27,42,77,17,95,28,74,29,66,79,65,63,46,41,98,49,44,25,56,21,78,23
52,57,40,96,64,4,26,14,62,98,87,56,85,46,76,0,47,35,31,29,27,61,87,78,74,59,50,40,68,35,49,93,52,12,20,41,22,13,11,55,84,11,69,63,99,15,31,31,83,74,66,33,96,93,4,69,44,90,83,29,92,51,77,87,5,31,68,2,94,25,45,67,11,56,98,90,1,51,86,28,35,42,40,64,67,23,59,31,8,59,80,23,6,37,88,57,9,41,80,95
25,41,21,36,64,63,19,32,69,86,75,25,62,84,32,82,53,27,4,46,65,48,6,75,60,99,11,54,56,59,4,6,95,55,75,61,50,12,67,97,58,50,69,98,18,41,62,43,26,3,29,22,49,10,11,52,44,46,61,95,92,29,65,19,15,10,39,54,13,61,88,72,45,24,8,80,2,81,25,24,59,72,95,35,88,0,54,85,66,48,25,92,66,82,28,30,32,29,45,20
76,19,31,93,35,66,30,89,54,39,53,19,20,51,44,18,92,70,58,65,50,10,18,85,9,78,57,40,14,83,98,43,73,4,39,41,85,59,52,9,76,0,10,1,88,96,81,85,40,98,41,36,8,37,57,53,3,72,39,24,88,93,4,67,69,60,59,86,97,86,38,71,99,70,98,66,6,61,56,37,39,21,4,5,4,87,76,25,47,100,17,87,90,38,81,10,86,69,43,53
93,70,36,0,90,82,56,85,4,61,87,27,79,13,72,23,44,88,10,10,76,63,13,74,7,26,34,23,11,10,6,69,4,41,85,73,75,36,59,50,28,51,89,58,72,98,66,22,16,74,4,97,55,85,29,32,96,39,97,80,88,59,76,19,26,80,2,33,42,26,83,70,45,34,21,11,96,12,45,52,48,78,89,31,87,72,73,92,41,44,47,78,69,57,98,6,97,88,19,39
17,55,75,91,54,69,96,87,74,60,7,0,15,35,93,63,0,68,26,55,47,24,83,37,67,38,46,92,97,40,87,3,46,22,45,67,41,60,19,0,18,63,33,62,23,56,93,10,10,79,39,7,78,60,28,22,82,12,27,69,95,86,14,32,10,54,94,97,28,81,97,60,5,19,25,9,51,85,70,99,22,71,2,76,7,55,78,44,19,23,22,37,69,7,13,74,24,90,77,2
65,57,98,8,65,49,83,46,29,44,66,77,34,32,4,100,22,6,20,89,28,68,30,39,16,25,3,16,96,65,65,12,59,99,38,85,99,42,66,87,78,51,48,65,26,100,7,58,96,98,36,48,10,0,93,16,31,95,4,24,13,63,17,5,72,47,58,27,32,79,15,38,77,72,44,90,53,94,52,46,18,49,1,48,30,18,44,14,5,78,52,8,76,69,32,5,86,15,15,17
94,60,77,88,28,32,52,13,47,45,86,1,100,19,77,87,20,13,69,0,88,77,16,33,10,90,58,58,42,54,28,58,48,57,66,39,98,22,73,36,25,37,9,42,50,81,0,8,91,100,40,95,48,4,72,59,73,51,83,64,43,14,77,6,43,76,47,34,8,67,50,82,11,12,26,24,40,26,88,55,32,48,19,56,56,45,80,98,81,56,96,56,84,70,56,20,98,16,15,83
10,16,39,3,100,29,20,43,49,38,97,22,40,93,45,42,57,60,88,96,40,24,66,21,4,45,69,60,50,12,55,78,94,70,39,23,96,9,25,82,48,41,100,32,27,94,5,28,17,81,68,10,88,1,57,35,63,76,32,63,15,97,42,5,62,25,95,50,68,44,25,54,34,50,97,48,85,69,44,35,35,30,99,39,58,99,8,100,28,96,49,17,27,56,37,49,94,91,0,30
77,85,22,66,94,65,90,95,22,53,47,97,86,67,70,26,17,66,62,19,39,86,69,40,93,77,17,24,31,3,87,38,85,38,1,98,80,71,98,77,23,22,24,51,17,58,98,88,76,44,56,36,41,34,33,13,96,34,74,11,35,39,99,68,73,38,91,31,92,38,82,27,31,8,54,67,71,41,35,49,68,11,72,48,37,62,41,77,78,47,78,62,82,12,52,1,38,11,43,18
25,34,1,42,7,45,44,66,81,55,11,28,79,92,41,36,79,2,72,2,29,51,85,85,52,77,7,2,85,98,57,85,7,1,52,75,4,40,53,94,53,58,3,1,21,83,71,28,9,43,87,6,63,94,47,95,50,59,100,15,77,39,98,3,51,21,63,92,75,64,85,87,16,68,42,52,20,35,29,23,17,14,98,73,18,5,89,40,34,20,44,63,27,86,33,82,69,1,44,95
64,80,95,81,35,1,1,92,72,63,72,100,4,95,66,65,27,90,82,53,5,17,62,71,53,53,60,44,68,56,63,11,88,83,11,34,16,35,98,30,77,36,23,61,92,46,82,84,16,86,65,45,11,29,73,55,19,79,39,48,3,33,55,17,93,18,76,65,64,47,10,50,48,73,73,74,19,85,98,12,26,28,27,19,5,22,92,24,90,100,83,79,13,54,85,100,49,72,70,65
15,28,48,31,59,73,97,87,64,86,75,47,64,41,17,37,77,60,84,92,8,11,28,86,8,71,15,40,24,38,38,29,81,15,95,83,25,20,9,54,27,12,19,72,12,15,37,45,100,14,46,91,54,93,16,23,95,35,38,3,69,0,83,52,51,76,74,8,79,78,22,79,94,83,25,31,0,47,39,54,37,92,54,5,22,97,43,0,51,55,71,95,100,88,50,22,57,42,60,53
88,69,21,37,0,61,25,36,50,62,97,54,13,25,33,97,85,76,27,3,38,37,61,1,92,24,89,95,92,75,99,65,94,71,62,1,65,64,72,43,13,69,63,98,73,2,70,65,44,82,95,51,81,91,47,40,29,31,43,20,71,91,67,49,91,23,69,71,39,61,39,100,58,75,24,4,2,9,95,23,2,25,48,6,19,23,19,15,70,11,14,31,73,80,52,40,96,25,29,55
61,96,84,29,15,88,12,75,50,23,20,55,97,51,65,5,2,80,53,34,11,55,36,42,75,8,88,47,38,87,43,7,17,9,13,56,27,37,34,16,40,30,9,23,32,93,0,73,64,99,54,58,43,7,15,34,70,43,9,59,21,60,71,65,70,79,37,97,18,17,92,28,96,42,82,11,67,76,14,88,18,84,52,53,73,46,86,99,2,14,6,81,94,86,53,52,92,59,81,3
51,41,75,70,32,48,70,29,76,94,10,44,37,4,57,48,3,71,95,54,52,83,78,3,38,59,59,40,25,36,92,52,69,14,14,63,94,78,24,69,90,76,34,36,65,16,67,34,58,10,73,52,61,74,39,59,96,49,29,46,58,4,84,33,83,70,35,63,25,12,86,44,75,47,66,33,3,78,52,26,30,54,75,11,37,75,12,12,74,75,0,16,88,16,43,61,83,25,41,75
74,97,20,17,2,44,57,6,76,69,89,100,65,30,57,71,46,69,84,3,47,93,98,100,90,76,56,65,94,48,14,0,40,4,59,34,4,93,13,24,71,23,68,1,7,46,78,96,22,64,69,73,15,35,89,20,96,12,28,27,46,10,37,82,12,91,52,60,56,62,11,50,51,56,33,77,19,65,100,97,16,49,50,2,56,80,95,83,86,85,31,65,38,93,73,80,62,35,73,85
27,3,98,35,90,0,22,95,93,48,99,100,73,29,33,46,96,70,43,3,13,22,24,74,16,66,40,81,35,11,41,3,63,53,7,55,18,50,11,49,76,22,80,35,69,88,17,51,13,69,55,17,14,76,24,71,14,19,51,94,48,40,10,70,10,48,40,16,98,68,65,11,47,29,88,73,0,70,52,41,36,67,85,54,7,3,79,36,67,52,37,69,44,23,92,24,30,80,13,51
89,65,27,36,65,36,70,13,40,3,85,16,83,39,98,25,56,74,24,63,100,24,17,45,100,75,88,9,91,100,81,92,28,2,21,56,84,30,12,36,57,88,25,28,8,10,91,47,73,74,73,69,62,64,45,22,32,65,66,11,100,16,39,69,29,85,66,47,68,36,56,33,45,75,79,77,23,14,95,40,6,36,91,68,42,17,72,31,45,92,86,95,60,47,79,25,81,0,55,58
44,11,37,4,69,47,45,54,67,7,40,85,94,40,50,66,40,33,73,81,69,38,63,59,73,40,71,16,48,16,57,22,6,82,96,49,98,16,70,69,3,32,32,1,35,31,31,25,35,17,89,13,67,92,25,2,4,15,83,3,41,61,24,83,35,25,15,59,81,76,97,45,92,51,18,6,94,47,96,30,58,73,25,38,8,25,92,77,86,72,59,51,13,25,32,1,80,90,6,24
60,13,2,98,100,76,96,42,46,4,85,97,29,77,28,53,18,88,27,6,69,17,50,24,70,40,33,68,90,38,46,63,64,37,13,66,47,54,90,39,90,80,39,60,96,75,0,19,19,70,67,1,55,20,50,18,88,82,45,39,40,9,14,29,46,38,39,44,27,36,99,58,29,62,94,45,63,35,11,35,57,0,71,91,87,61,81,69,87,41,100,27,48,41,60,29,36,11,74,47
21,70,85,5,49,14,34,65,78,23,6,55,91,14,85,31,43,23,83,20,49,41,98,26,74,72,59,42,99,23,32,45,25,84,46,47,1,97,48,10,21,25,82,51,62,18,44,99,77,10,80,82,80,40,50,42,42,68,51,23,38,87,70,97,84,29,93,89,70,67,3,35,35,61,68,32,53,7,15,2,0,24,18,78,91,60,77,19,85,74,65,73,82,13,28,69,49,85,3,73
62,30,94,91,53,30,66,72,12,84,61,54,44,98,65,62,58,28,70,91,13,64,27,50,28,68,24,25,57,62,96,70,12,80,61,100,24,13,24,44,62,43,82,82,96,73,41,74,57,28,14,57,73,9,74,84,15,22,67,26,86,1,69,88,82,15,20,16,26,56,10,98,13,64,45,7,14,45,1,44,67,77,7,37,34,60,51,98,68,27,83,34,24,52,5,26,20,75,55,43
57,62,32,39,26,5,79,73,79,63,96,4,64,5,83,78,20,36,95,38,85,13,20,94,76,0,80,44,75,55,87,1,47,38,96,33,93,70,88,20,68,80,27,81,33,27,98,39,35,81,4,48,58,10,53,66,61,66,91,51,9,80,35,52,61,35,27,92,39,81,97,75,34,91,68,69,27,86,61,97,67,91,87,95,12,90,56,56,72,35,14,57,15,54,27,69,89,17,22,80
87,35,99,49,70,14,82,55,33,97,71,94,0,98,35,8,35,2,47,52,99,17,18,34,24,89,1,76,36,11,86,76,35,94,77,94,3,79,83,31,9,62,31,86,10,3,41,0,37,6,46,50,70,9,95,40,56,27,57,17,19,77,89,75,71,55,62,97,38,34,6,50,29,61,62,67,56,53,47,91,33,9,21,53,36,39,24,91,50,91,14,52,57,30,1,41,49,95,55,32
58,46,92,47,38,88,61,3,98,80,74,82,78,87,52,18,10,75,81,29,91,94,10,17,93,44,99,54,31,1,50,90,54,88,59,66,74,26,7,46,32,48,13,56,49,14,80,2,17,7,27,98,91,39,72,75,76,20,60,78,47,38,81,78,10,92,79,24,50,61,47,4,52,75,17,6,90,96,64,97,81,19,98,88,35,27,32,13,53,73,26,1,82,29,6,21,57,60,73,49
55,96,16,40,20,42,12,52,27,44,80,79,36,29,78,58,92,88,19,44,42,46,0,29,50,31,53,52,27,95,81,31,58,54,25,98,31,22,20,46,67,74,5,18,31,91,92,56,68,25,28,31,58,17,89,98,77,90,79,49,31,11,54,55,57,24,6,43,19,77,85,26,92,42,54,84,46,64,90,50,1,30,60,38,100,34,93,96,98,71,86,19,57,82,50,75,81,82,68,75
63,99,71,52,99,32,24,48,39,18,44,30,65,48,31,36,35,26,15,56,89,12,4,21,10,50,16,25,99,61,86,32,74,35,16,43,86,65,58,43,98,86,97,97,13,20,9,37,92,58,34,67,67,28,53,49,81,75,55,96,5,31,58,54,100,11,28,78,11,6,64,96,86,17,64,99,93,14,10,52,100,33,84,95,38,5,46,77,25,0,99,59,25,51,94,92,76,38,55,36
90,91,17,29,96,89,3,47,0,53,48,45,39,62,47,33,34,66,89,53,76,54,60,20,40,49,37,63,53,93,3,40,80,11,94,71,51,56,38,80,88,98,8,81,3,99,70,88,69,44,86,59,69,91,10,61,1,54,80,88,32,73,85,18,85,27,34,60,38,83,66,98,38,87,64,42,0,4,57,39,92,97,69,37,72,97,52,98,77,73,72,55,61,93,87,1,2,0,20,36
43,28,83,1,43,59,29,89,98,44,32,92,26,55,92,69,75,57,61,58,92,26,98,13,28,82,74,78,73,86,74,64,74,89,20,13,24,57,46,56,75,50,77,15,78,55,11,31,39,78,28,94,57,43,40,88,16,39,64,66,53,46,7,3,27,85,82,72,97,54,86,87,73,97,85,20,62,67,27,10,10,15,96,90,7,15,29,83,96,22,83,21,12,52,100,19,0,1,75,88
74,20,97,63,92,64,88,52,54,1,50,45,78,20,49,47,94,48,39,82,44,27,43,97,67,23,65,60,86,6,26,20,65,81,90,80,45,68,44,74,51,20,36,68,33,20,47,53,84,37,96,23,69,63,67,9,81,15,1,94,83,34,38,68,46,9,86,67,98,98,34,93,100,16,85,88,46,92,94,30,43,92,0,31,89,87,16,38,43,88,15,35,67,25,91,11,20,23,91,98
75,63,33,62,72,83,98,53,89,29,62,99,99,93,78,54,5,86,69,50,88,98,8,87,80,87,44,41,25,54,2,82,88,72,18,34,62,32,54,9,81,52,72,100,1,39,3,15,10,40,16,37,44,94,93,25,17,21,81,87,75,64,23,16,44,100,79,0,30,81,32,78,53,91,76,8,97,55,45,99,35,52,45,76,21,19,12,33,91,10,26,49,11,56,44,22,89,46,14,27
20,48,71,88,91,56,97,82,77,6,78,31,25,96,10,43,77,21,77,81,29,48,11,100,73,83,29,29,82,46,16,20,3,100,69,70,0,31,73,60,52,20,75,88,80,59,28,12,29,86,39,65,46,40,36,53,10,40,85,14,64,45,60,50,93,47,6,15,49,4,8,43,83,82,45,79,24,59,5,49,76,51,15,47,57,100,44,88,43,85,44,4,19,95,94,3,55,28,1,16
6,9,64,67,67,41,97,5,97,37,3,93,14,48,60,4,76,45,81,76,74,22,23,8,5,92,45,4,95,77,9,10,85,7,18,22,34,20,87,2,19,88,54,92,84,58,86,18,16,72,25,12,22,38,16,98,49,71,15,5,68,25,49,92,29,4,25,23,63,46,31,63,84,76,17,6,1,15,49,43,34,8,29,55,68,77,53,68,6,51,95,72,2,1,70,76,76,30,40,64
63,48,41,96,67,98,40,71,6,21,96,10,78,93,59,53,87,86,83,35,69,14,92,21,50,100,28,41,53,93,85,43,56,90,82,95,57,56,62,98,72,10,45,65,69,79,68,72,42,70,64,41,77,50,1,64,86,55,46,18,5,17,91,87,62,9,1,37,14,30,18,13,5,22,57,5,75,21,64,12,0,28,86,20,76,72,10,66,4,88,30,19,20,90,42,58,49,50,4,30
70,30,7,18,83,16,88,50,66,29,3,49,49,96,24,82,60,94,10,10,22,49,95,71,56,28,27,5,26,31,67,51,75,64,89,1,17,11,100,70,61,11,7,95,84,50,70,50,72,3,89,21,75,24,91,16,55,38,83,26,95,66,60,74,88,62,24,85,94,34,73,69,60,36,34,29,30,16,69,32,71,31,52,96,1,47,38,22,12,42,74,88,36,66,0,69,5,19,73,25
47,8,12,95,66,29,35,24,75,14,50,55,76,49,88,12,80,27,82,20,73,60,10,86,79,92,12,34,5,39,6,33,79,6,12,63,89,100,9,100,12,48,46,96,78,80,91,80,19,69,30,5,9,60,47,56,83,52,32,82,47,60,95,19,100,38,75,87,100,13,80,30,90,39,42,70,12,60,17,66,38,67,21,22,26,22,57,100,17,6,57,61,12,92,28,38,21,2,3,48
56,55,24,2,93,89,87,74,64,19,68,4,0,93,92,46,58,89,89,19,24,25,68,19,31,26,76,50,99,83,28,56,83,31,13,28,7,23,49,70,48,100,66,56,25,55,58,1,100,69,16,31,13,79,86,88,24,61,86,35,95,68,96,63,22,80,3,97,97,7,95,56,31,9,16,27,12,10,30,26,23,27,30,69,78,6,40,12,20,75,74,24,48,90,82,86,20,26,74,7
35,54,53,75,21,87,82,87,40,38,38,95,89,93,98,67,72,46,6,91,9,50,91,27,1,43,11,32,70,93,97,79,84,0,42,3,42,88,48,19,26,39,46,58,65,10,76,69,33,49,6,34,64,81,76,64,87,40,75,25,35,62,45,81,72,4,92,67,68,81,90,98,55,10,41,29,85,4,83,97,98,97,59,0,31,44,70,47,43,30,76,88,41,83,90,57,71,18,77,32
34,8,81,53,26,71,50,39,17,74,22,57,24,68,86,26,35,97,88,69,83,30,54,12,30,27,78,50,23,71,86,26,92,6,94,19,7,16,90,54,7,4,32,22,29,28,41,80,32,22,10,52,26,26,56,87,90,78,79,80,1,62,4,92,15,68,30,68,30,56,45,73,41,36,35,43,32,11,19,86,56,99,61,44,74,83,68,85,87,71,7,60,74,63,6,81,50,42,13,4
32,44,25,81,82,26,27,50,5,39,44,38,16,51,21,84,93,28,67,3,46,52,61,42,90,16,100,48,63,46,46,48,73,5,27,88,61,43,97,7,2,63,10,53,65,24,82,12,15,36,75,47,52,47,44,20,29,28,78,41,86,100,18,93,12,22,13,59,60,64,47,66,37,91,32,26,61,56,56,92,68,36,69,13,14,59,71,54,36,52,64,93,50,80,99,22,34,62,41,9
9,54,75,38,0,67,50,15,59,91,9,63,84,36,46,43,26,57,47,22,100,92,41,30,41,56,92,15,13,67,51,43,29,10,93,21,52,50,7,62,86,64,17,88,34,46,56,6,46,93,70,82,29,26,4,45,85,6,54,82,34,19,77,35,19,49,55,79,71,52,37,43,40,16,59,87,56,52,24,85,51,80,4,40,71,22,1,78,25,18,83,30,73,75,94,66,39,35,48,1
64,95,10,83,10,61,2,19,38,0,18,43,7,50,81,71,36,57,97,52,46,6,73,63,58,28,52,1,64,21,40,34,33,78,74,37,8,53,68,6,12,9,72,86,28,74,30,27,78,27,55,39,47,0,45,81,21,89,89,57,99,78,81,21,96,96,25,2,90,91,26,42,67,10,51,62,16,11,20,53,47,99,79,64,96,97,44,22,73,5,0,59,71,38,24,88,23,56,57,68
69,94,3,21,22,100,89,94,42,21,74,76,85,98,29,62,87,19,49,48,25,25,17,93,92,86,56,62,10,66,84,31,27,70,63,58,26,13,21,97,35,13,27,45,99,84,88,0,46,16,4,8,50,64,41,31,63,85,49,11,59,12,30,44,93,57,50,60,34,70,78,95,73,81,60,67,80,87,99,0,65,99,62,0,100,1,25,51,90,23,23,36,13,83,54,29,87,52,4,2
19,27,94,0,4,24,67,66,68,61,51,78,97,86,77,57,26,4,63,45,91,14,83,55,59,5,24,85,71,0,75,11,2,51,93,14,43,7,100,76,52,48,65,95,87,37,26,79,14,31,65,66,93,42,73,47,87,70,85,88,53,65,11,26,65,26,32,31,6,35,5,67,55,71,75,26,80,56,71,91,94,85,22,4,90,3,77,1,99,19,69,74,63,98,82,43,8,11,29,78
51,37,57,6,16,51,56,96,98,72,81,32,44,11,48,41,29,96,48,6,70,76,39,17,94,55,12,53,97,74,78,36,15,7,35,73,37,47,31,99,49,45,9,58,83,82,25,11,99,54,100,56,75,48,53,95,91,100,87,26,62,1,31,79,69,30,2,1,87,20,67,79,7,10,89,71,15,50,66,3,32,99,42,3,83,9,45,64,8,81,51,76,10,81,36,17,83,75,81,81
63,78,6,85,6,54,51,98,35,75,90,13,46,57,59,3,94,2,15,20,39,94,93,78,67,90,52,56,0,61,73,67,22,97,55,29,0,26,73,37,46,44,0,7,26,85,59,95,73,45,55,8,11,96,89,77,53,43,28,99,15,24,60,50,39,15,6,26,15,37,53,1,12,40,4,20,52,36,37,8,83,0,17,80,84,44,96,22,95,77,42,49,4,37,78,31,41,43,11,97
10,39,26,55,9,84,58,67,60,99,87,93,50,52,91,12,80,40,4,39,94,39,97,0,1,74,38,26,54,72,42,92,0,94,10,63,33,79,53,74,63,1,19,68,9,75,45,39,81,37,66,73,84,14,77,92,2,28,90,61,75,54,14,47,89,50,10,33,25,57,71,96,33,47,72,90,73,68,46,83,41,33,18,28,47,10,71,69,97,22,99,12,38,45,37,45,43,3,6,62
61,54,97,66,15,92,53,46,4,84,95,45,42,46,4,90,63,25,18,91,99,64,24,34,94,33,61,17,82,21,29,23,18,26,51,32,65,23,95,34,50,77,61,26,67,59,82,33,8,23,5,40,13,71,5,31,98,91,17,89,10,86,71,79,87,96,20,17,71,7,42,5,11,57,72,11,15,98,68,18,85,85,76,88,16,58,26,93,73,23,85,63,81,88,27,23,14,81,19,90
66,97,27,54,57,73,27,51,75,24,17,51,66,66,78,82,41,76,68,35,82,49,43,85,49,14,79,46,7,53,2,76,47,90,50,23,1,61,97,90,67,54,71,57,80,73,30,34,16,95,35,60,0,43,59,94,67,6,79,46,69,65,26,7,91,31,68,75,16,52,49,67,2,39,12,18,57,78,57,55,94,5,25,90,97,13,80,86,53,1,60,7,6,92,24,51,90,82,61,21
2,80,34,65,75,45,64,5,12,77,36,62,92,82,46,3,93,72,7,8,17,10,91,9,67,68,25,17,20,27,18,37,14,23,95,35,37,27,67,80,34,63,31,9,1,50,65,92,75,86,21,2,85,39,43,17,72,16,7,17,83,9,73,17,13,54,5,93,67,16,64,16,1,64,38,69,65,2,74,48,87,2,51,42,0,28,95,47,22,88,90,65,88,46,58,85,17,4,78,81
16,60,1,42,33,29,4,24,32,48,91,60,19,88,83,25,51,30,2,100,93,26,56,70,94,91,1,64,35,81,8,57,38,68,36,78,4,38,55,17,41,18,75,4,52,32,87,69,36,35,0,87,94,24,87,78,9,30,44,72,75,70,91,6,53,71,96,41,48,34,61,30,5,36,84,46,67,10,97,21,29,21,90,28,90,69,71,12,68,73,85,89,8,56,46,63,19,28,22,44
32,5,81,81,97,90,52,23,72,22,80,13,37,62,6,88,32,84,66,8,66,59,53,20,37,37,66,14,93,45,9,74,46,94,21,27,96,52,85,40,23,40,82,73,38,29,73,93,78,13,70,84,25,74,66,73,62,97,71,64,81,75,55,9,52,57,59,21,54,97,31,57,77,65,96,90,3,82,15,36,33,26,10,97,87,88,74,95,13,39,1,32,81,25,60,71,11,15,81,44
43,9,16,78,18,46,9,94,48,97,31,98,73,68,92,55,12,53,31,15,38,50,53,0,5,18,52,64,86,54,55,55,66,31,49,56,25,92,15,82,54,43,32,63,23,68,3,93,80,66,96,65,33,90,2,84,87,64,62,91,47,51,67,82,47,47,34,81,78,58,70,51,40,17,64,90,91,27,95,67,4,65,97,43,60,78,13,51,80,34,47,66,21,86,17,39,64,41,95,86
11,50,23,31,5,75,25,16,50,72,40,16,6,11,29,65,66,61,50,75,97,1,37,30,96,2,79,3,24,28,48,68,40,98,48,72,20,43,50,100,27,51,91,10,70,89,53,71,10,23,45,38,28,57,76,51,21,29,16,86,33,3,11,17,53,71,24,80,14,92,85,46,73,88,33,100,7,28,48,26,45,15,90,45,7,27,86,36,36,30,3,97,4,59,12,70,10,99,98,60
27,26,0,94,44,17,75,80,84,27,44,60,18,22,50,6,27,98,78,87,6,49,86,49,96,42,9,77,78,18,96,37,34,9,94,80,68,92,72,76,20,14,47,92,97,20,25,55,91,44,95,90,29,71,4,40,6,90,52,2,92,74,79,27,39,28,45,81,61,45,74,31,87,75,78,38,91,3,26,49,91,70,23,23,36,15,98,57,52,59,82,1,85,63,58,91,93,78,29,0
1,83,36,95,64,43,20,53,96,68,53,50,68,94,45,40,39,13,0,2,15,79,6,67,63,14,47,3,20,38,15,67,44,10,98,61,4,88,61,82,52,96,24,21,69,93,43,100,76,82,49,79,25,82,26,29,10,25,7,23,58,10,53,56,66,33,71,48,82,83,9,18,21,6,21,70,26,100,44,15,96,96,44,54,33,93,83,4,2,67,86,15,92,15,54,97,21,82,74,16
100,45,27,83,84,78,80,30,17,30,70,67,75,46,99,100,81,49,43,68,5,1,76,24,19,16,99,95,32,18,30,52,94,86,94,50,30,64,15,89,10,32,27,54,1,15,50,10,70,46,0,42,0,19,71,24,8,74,59,37,8,41,30,73,89,37,58,98,39,42,52,100,53,76,56,39,100,66,7,62,80,91,73,54,2,19,53,9,64,72,15,7,18,99,77,99,64,20,94,46
16,61,64,32,91,48,22,78,69,49,26,64,43,9,36,7,2,98,15,35,99,35,42,30,37,47,70,57,41,2,34,60,2,33,19,79,75,67,86,40,88,12,70,80,38,66,74,7,68,4,15,55,12,98,56,84,58,13,57,60,27,29,95,30,98,99,69,34,80,77,59,16,20,81,42,56,5,60,53,24,57,38,7,45,95,72,79,24,4,3,14,6,66,29,16,44,7,28,81,38
100,12,53,72,31,84,81,51,56,92,7,19,50,13,38,55,9,89,62,52,90,81,89,72,40,72,21,88,44,47,82,43,98,91,95,30,3,18,56,12,71,85,71,80,17,13,57,93,9,63,14,88,74,23,24,32,11,35,53,32,17,67,34,88,10,99,40,69,69,79,53,25,61,32,82,37,85,16,87,84,12,50,19,43,58,10,96,16,89,75,42,15,59,17,58,5,97,42,48,6
23,88,29,36,41,65,47,0,11,35,30,8,54,2,28,58,40,2,41,36,82,19,35,86,19,33,24,40,91,28,45,76,39,21,71,67,79,21,80,22,10,17,48,21,17,90,21,29,57,96,78,77,1,70,62,77,94,28,73,18,73,58,83,55,0,56,97,36,36,47,95,57,18,37,95,15,65,31,66,23,16,4,97,64,5,77,98,39,6,72,17,26,58,78,44,84,58,2,17,93
69,29,87,63,86,69,41,15,36,24,56,16,100,93,48,52,43,64,100,12,50,81,60,76,92,9,86,54,91,14,81,73,74,9,73,1,80,21,16,88,63,68,54,73,89,43,55,100,3,34,16,11,86,32,14,20,9,61,10,95,78,7,63,84,28,9,72,0,69,13,1,72,68,28,62,38,26,1,31,47,95,7,82,15,79,29,40,23,9,94,18,80,5,6,65,80,74,11,62,34
26,46,71,25,4,27,74,48,15,40,70,19,86,9,0,51,3,77,31,86,12,19,98,86,18,36,41,45,1,54,28,6,57,51,17,51,61,89,77,48,63,73,65,24,91,19,72,42,23,43,32,56,8,63,90,47,5,79,6,29,37,8,92,69,6,3,100,60,14,92,38,15,63,18,2,17,9,77,39,17,91,14,89,37,2,82,66,84,82,31,32,47,75,37,50,34,22,16,2,46
10,84,54,67,34,78,11,31,63,25,45,67,49,88,42,91,82,72,79,51,31,79,87,63,83,98,98,33,58,63,19,75,33,48,25,49,66,5,75,85,75,41,71,99,28,67,73,35,75,83,67,83,47,1,69,19,95,66,41,32,18,87,63,22,57,50,72,79,65,52,57,53,19,44,24,0,42,18,89,16,46,60,16,71,59,27,43,6,47,94,4,28,39,5,79,16,30,46,64,28
90,92,81,56,37,18,72,56,97,36,79,5,46,75,19,65,19,43,66,29,13,17,98,54,8,71,11,84,31,9,55,95,13,25,17,61,81,18,16,47,90,73,9,49,37,47,62,68,17,47,4,43,85,70,34,71,89,47,29,29,62,60,32,95,11,89,6,7,71,71,90,58,96,34,88,30,18,63,73,31,1,77,96,2,51,83,12,45,54,70,70,49,78,64,84,93,5,89,45,24
58,85,26,29,29,50,80,42,41,41,89,55,48,57,18,80,66,99,72,83,53,81,32,26,89,86,47,59,5,65,94,19,88,8,0,37,87,95,81,14,46,60,1,98,49,86,60,18,75,41,62,29,12,10,90,11,5,68,62,62,2,98,38,78,60,48,50,13,56,7,63,40,87,28,90,72,20,89,52,84,66,59,4,16,67,62,63,49,70,90,23,9,82,20,76,60,85,9,30,9
79,17,38,34,81,5,28,93,44,39,95,28,88,62,17,12,55,33,29,83,45,29,45,99,51,4,79,53,5,38,77,46,87,14,73,7,35,31,34,84,58,36,2,44,64,95,78,30,13,11,66,59,48,30,62,88,91,49,83,1,88,93,9,49,92,37,88,35,80,81,38,86,40,26,15,28,28,53,76,100,94,94,17,74,93,79,90,62,48,36,35,7,38,43,5,14,87,30,94,60
76,15,51,81,94,56,32,96,97,81,74,76,31,6,94,2,36,3,64,58,19,67,95,100,67,0,22,55,60,76,26,91,0,92,42,12,85,86,40,9,8,82,90,52,16,25,81,47,77,62,51,19,42,2,90,2,44,58,75,51,28,16,2,70,69,12,49,88,36,53,30,4,94,37,12,17,44,15,22,51,81,49,46,95,10,38,21,93,21,42,27,2,79,83,55,28,70,60,13,89
18,88,76,42,84,67,37,57,9,69,32,65,18,3,94,87,67,56,21,7,47,55,86,98,35,41,97,50,66,84,55,48,20,86,23,42,96,59,28,47,89,74,94,1,92,34,18,6,18,80,64,87,67,78,24,5,25,49,54,92,3,70,72,97,50,32,61,15,50,51,92,7,64,66,43,1,7,33,25,98,28,40,73,2,81,43,2,28,75,78,97,22,7,64,52,54,44,90,25,60
72,84,100,94,69,24,39,65,57,35,25,41,45,93,17,67,29,81,46,37,87,48,72,76,79,74,35,8,24,25,83,74,59,5,87,26,54,83,74,60,73,0,79,5,87,43,2,63,59,74,59,84,85,18,58,68,98,4,94,83,53,22,15,99,89,80,5,6,92,73,85,60,80,66,26,58,71,8,87,70,60,11,81,87,93,28,6,21,12,41,81,25,15,62,59,27,51,48,13,19
42,31,99,13,39,20,72,99,96,88,15,93,71,34,75,98,11,60,4,5,16,43,74,31,88,13,3,63,73,72,46,49,28,95,32,15,11,71,14,19,79,45,99,93,59,100,30,4,65,21,4,17,80,19,39,7,89,94,97,17,57,73,70,39,35,73,90,89,47,55,32,98,42,11,81,92,74,68,99,78,19,65,91,78,85,47,42,34,20,96,40,72,68,72,80,69,9,61,55,18
8,90,52,93,5,5,8,45,88,84,75,50,100,13,17,25,24,85,7,60,95,17,79,20,97,9,23,52,50,54,46,10,56,99,55,100,4,67,12,36,59,57,56,94,20,33,46,73,53,75,72,31,92,22,82,14,8,31,45,94,33,74,9,98,100,40,85,17,34,80,52,60,11,86,72,17,68,52,60,97,26,19,96,61,59,42,46,85,29,1,29,86,67,47,65,65,83,16,56,34
78,57,95,33,51,9,1,19,21,28,10,38,30,2,35,4,28,27,90,49,93,73,37,56,50,47,55,74,23,95,63,100,41,70,92,39,55,32,89,71,79,51,53,61,67,5,34,9,42,64,79,67,52,68,11,13,25,66,6,27,72,50,74,19,94,67,29,3,55,23,68,31,16,59,21,9,31,0,69,43,56,58,68,56,11,87,20,14,81,31,65,95,39,51,3,14,37,93,89,95
33,10,10,84,5,89,53,30,28,5,23,23,10,43,69,53,8,84,61,3,46,4,27,93,25,41,31,83,87,95,26,62,4,74,73,63,63,43,25,99,31,23,16,55,61,16,98,51,93,32,59,45,65,87,84,12,16,83,49,37,87,98,54,76,64,91,35,12,71,72,34,94,80,92,80,88,15,1,16,21,7,20,5,35,82,98,83,97,21,10,44,52,27,69,46,2,95,41,15,6
50,12,27,72,37,23,91,11,98,7,85,51,81,85,90,50,39,58,77,9,50,17,99,29,75,41,34,26,57,88,79,21,14,18,9,46,11,18,27,20,8,94,77,30,40,16,65,5,59,15,73,25,48,86,30,55,54,94,43,48,47,81,97,72,58,37,74,67,90,70,81,3,32,66,25,83,16,66,62,70,32,48,50,49,10,92,50,55,18,94,82,78,24,86,29,52,29,45,0,70
80,18,82,100,2,69,92,82,0,76,38,89,7,85,63,60,89,84,4,53,6,24,11,57,17,64,57,52,99,59,18,16,60,84,19,41,60,52,85,33,21,59,53,23,46,97,1,43,87,98,14,59,22,95,70,91,46,19,18,60,81,21,29,62,18,9,81,27,35,96,32,61,16,70,60,98,98,7,42,15,19,49,26,39,87,35,50,82,40,3,20,9,8,41,47,36,95,22,100,31
75,70,77,49,35,18,95,19,60,35,69,77,61,30,80,30,95,32,13,94,59,16,63,47,8,71,81,84,50,75,20,0,69,74,87,71,99,23,68,87,57,19,52,14,32,26,22,42,75,54,18,54,86,37,99,69,100,2,78,85,47,78,79,90,34,83,9,33,29,9,29,9,49,52,18,66,77,85,29,47,71,3,76,97,94,33,14,99,48,100,11,56,45,34,65,71,6,25,84,59
25,38,95,32,96,37,44,41,92,21,58,83,75,15,29,60,21,39,39,72,82,6,76,97,81,72,47,57,44,52,27,98,74,43,77,61,55,80,6,64,51,70,34,71,78,10,72,53,4,57,10,87,54,86,91,74,46,44,52,64,93,97,82,35,43,34,31,96,84,28,60,55,71,21,51,3,27,9,66,83,78,15,51,18,50,36,39,91,54,2,55,37,5,88,21,31,47,85,12,48
22,6,76,18,84,71,84,79,100,76,5,99,52,63,32,7,2,81,68,4,31,16,17,9,58,15,25,9,7,81,24,32,65,16,44,26,53,72,34,4,38,76,45,87,2,49,98,81,14,15,74,71,96,23,78,40,99,54,37,8,27,73,47,35,83,91,66,2,91,99,12,65,20,81,88,23,5,92,41,6,82,79,65,98,1,38,76,52,81,83,87,9,58,91,9,5,70,22,71,44
74,30,67,13,95,82,7,88,48,5,16,59,38,18,49,97,63,46,43,83,6,16,80,81,80,26,90,73,6,36,93,4,28,97,4,71,22,1,48,19,10,99,25,0,43,98,97,13,59,59,61,30,74,3,91,15,87,89,20,2,61,13,1,25,51,25,68,97,100,77,73,29,88,87,5,56,21,44,83,45,41,51,91,47,87,90,40,38,41,25,21,2,0,83,42,40,73,36,2,45
21,85,94,32,69,91,85,42,72,36,93,40,47,76,41,65,97,14,99,78,68,56,75,66,54,69,3,74,96,12,54,87,24,45,29,100,94,26,8,37,42,93,0,38,95,18,80,39,50,4,6,67,38,98,32,31,95,9,9,4,16,96,82,72,20,42,15,72,79,33,71,39,22,20,59,62,68,26,3,90,4,48,36,31,13,77,9,39,95,63,91,43,42,20,10,87,65,85,79,19
72,74,100,2,69,83,100,42,41,79,34,24,50,35,35,45,68,3,79,90,13,72,83,42,23,10,59,58,0,95,16,27,43,76,77,76,17,67,72,40,6,92,28,92,53,2,29,21,61,87,74,68,60,26,57,45,6,46,95,73,41,66,6,53,9,15,9,53,88,32,20,50,65,86,33,56,77,84,17,43,79,69,25,72,90,73,66,18,27,45,42,16,69,50,85,47,64,5,68,88
95,39,67,89,21,83,93,75,69,84,19,61,59,6,19,89,45,3,20,26,16,25,63,39,36,29,41,69,4,76,15,77,10,67,19,61,51,5,29,58,96,89,31,6,18,55,11,78,95,89,66,48,66,75,96,40,5,65,91,39,48,99,9,32,67,74,57,11,25,92,29,85,69,77,10,34,65,81,44,30,16,67,94,32,40,44,25,19,17,85,37,97,20,89,37,62,55,47,69,51
10,5,14,12,48,1,7,32,1,5,9,60,31,61,11,31,62,61,9,90,61,42,19,98,62,72,8,33,48,60,61,80,51,94,0,36,16,25,54,22,89,39,5,55,96,85,97,79,36,29,77,99,10,78,92,70,84,23,4,94,82,90,5,55,74,47,40,81,58,3,79,40,20,75,85,14,50,76,7,84,13,91,100,67,51,71,99,97,20,59,68,1,13,98,71,5,93,43,48,56