24,9,60,72,95,100,45,20,6,81,43,97,26,12,34,12,92,54,91,62,63,74,36,51,0,51,64,9,38,50,15,67,88,44,30,96,9,34,7,42,81,69,63,18,41,68,72,5,18,24,6,19,53,49,25,37,6,72,11,11,80,73,52,6,38,2,53,32,44,100,75,37,63,3,94,85,19,33,15,4,42,76,74,71,73,59,29,59,52,77,71,76,56,65,43,79,43,87,42,37
5,6,80,10,7,31,4,64,30,4,93,11,17,88,4,36,71,44,33,94,55,24,77,95,96,95,1,75,67,46,49,86,52,41,64,43,60,10,94,96,100,70,73,33,5,37,72,59,48,20,6,100,29,13,13,62,77,96,17,48,76,10,2,34,54,65,60,48,41,10,94,79,30,24,63,64,98,25,96,42,81,73,47,56,98,62,24,13,84,44,51,54,64,8,16,100,43,24,49,22
22,4,56,78,71,86,17,78,100,25,59,10,41,77,95,98,44,2,54,99,49,20,75,71,11,41,67,47,38,11,74,96,63,46,93,17,12,59,32,17,78,66,96,62,85,32,80,81,82,78,72,42,83,97,71,84,92,73,38,18,9,70,81,4,99,75,17,97,85,64,47,18,52,72,3,70,34,80,20,87,82,62,24,80,12,12,28,73,78,27,28,38,37,73,83,12,71,65,68,78
13,7,63,38,100,65,35,52,40,89,80,68,44,52,53,84,38,16,51,61,10,65,71,71,0,27,91,24,13,24,36,18,71,14,61,5,87,62,85,99,23,20,9,51,20,36,93,9,17,16,96,28,42,13,22,43,12,87,31,55,97,25,69,62,56,31,43,49,38,58,98,80,19,5,2,59,64,10,0,88,56,43,13,20,60,64,4,74,14,80,80,88,74,62,47,78,34,93,21,3
89,19,20,88,26,76,17,29,95,43,58,61,91,29,59,11,83,67,18,81,81,67,79,88,21,91,66,34,73,49,86,54,42,64,3,83,47,36,3,56,15,72,2,99,100,30,38,61,77,12,29,14,17,46,70,44,29,57,50,12,29,52,20,74,79,11,44,22,86,78,25,62,56,72,6,99,92,51,10,41,35,80,89,65,55,37,94,24,10,4,50,6,67,52,64,80,19,17,72,54
80,98,56,92,58,31,2,64,23,47,77,24,46,94,81,8,47,0,66,80,65,3,75,81,23,25,21,78,2,26,63,98,88,55,53,9,90,83,87,2,40,60,5,49,35,4,1,16,86,70,29,15,70,63,6,10,19,9,89,81,29,34,51,72,46,19,24,61,13,91,5,94,98,8,93,48,66,49,16,67,85,13,51,35,97,16,22,59,41,45,89,63,80,81,78,89,82,40,73,42
24,100,38,37,25,10,49,15,48,6,55,43,40,83,83,52,6,25,18,75,53,76,73,71,35,56,17,0,74,2,20,55,6,23,43,99,40,33,65,16,95,16,71,0,74,27,36,73,23,87,5,66,82,43,50,13,89,70,45,55,57,94,7,100,92,48,13,63,48,3,53,44,100,2,47,84,4,54,23,50,83,39,60,88,31,6,20,71,85,24,43,80,38,44,44,8,91,10,41,18
32,63,80,82,52,75,8,100,86,99,6,85,11,3,39,24,100,79,24,85,75,49,22,15,88,36,79,7,24,35,39,87,40,20,77,0,69,13,10,52,4,99,22,13,67,18,35,97,28,30,79,22,13,58,55,33,0,53,6,25,0,95,17,35,76,28,95,18,1,76,20,38,50,66,75,90,24,100,44,30,2,100,70,29,88,76,71,84,65,57,73,76,27,27,66,21,45,39,7,47
55,5,93,27,33,83,18,23,83,14,55,12,44,8,100,86,17,55,28,56,90,44,96,48,52,69,52,84,47,97,17,33,35,19,61,75,43,94,46,64,9,3,4,82,19,16,70,100,20,10,7,73,33,79,26,92,69,51,58,48,22,88,25,77,31,28,6,64,33,27,9,59,60,17,56,15,84,49,43,89,37,26,23,79,77,96,33,61,77,43,29,94,58,21,37,55,87,98,66,99
31,55,85,4,24,78,65,26,3,37,18,52,11,31,17,89,24,94,22,69,79,0,84,97,95,48,14,60,78,44,16,73,10,73,83,97,60,49,15,42,70,70,59,69,81,74,60,43,65,73,61,94,9,66,7,33,29,78,48,0,64,72,77,42,18,5,59,2,13,5,85,43,69,64,31,2,61,3,26,95,59,40,40,6,21,15,89,74,35,15,59,5,25,62,74,17,63,61,44,7
78,86,88,34,11,27,57,7,72,37,92,8,99,15,56,31,28,82,86,75,98,82,52,27,93,52,61,22,96,20,73,0,8,14,63,53,50,68,7,55,68,48,46,59,0,0,96,41,54,88,32,88,35,52,22,62,90,22,65,74,74,5,52,61,61,66,10,42,76,83,94,71,24,10,56,80,11,4,55,64,0,27,61,34,45,62,98,2,67,57,58,2,32,86,98,13,37,66,63,50
49,17,15,51,22,80,48,75,34,22,50,28,6,44,29,95,54,40,87,62,91,31,8,60,15,78,59,84,5,27,93,69,49,60,32,34,36,50,46,42,73,30,75,58,39,77,89,37,0,32,58,14,66,72,94,49,92,48,100,80,79,4,71,62,2,62,74,93,92,67,16,53,67,59,69,52,78,54,32,4,68,51,55,95,69,6,84,48,51,95,21,31,30,76,88,32,48,16,44,19
28,27,0,85,28,92,3,32,2,43,16,71,21,21,63,80,99,94,30,100,73,67,65,27,69,54,4,28,95,50,34,3,44,39,19,75,51,10,23,46,62,50,44,97,42,77,4,19,46,35,92,35,50,52,67,57,86,91,99,92,83,61,96,33,29,35,85,77,18,38,47,48,66,93,35,22,0,39,78,60,11,23,81,41,15,60,58,4,14,19,98,82,47,29,44,24,17,36,50,56
22,38,29,5,25,98,46,91,88,42,43,40,28,47,62,38,39,97,85,66,81,6,12,16,43,40,86,87,53,93,61,82,55,70,15,87,77,59,76,48,78,60,1,70,52,1,26,76,94,54,54,21,100,4,26,28,59,59,27,63,60,63,58,49,8,63,11,65,76,6,79,27,15,45,22,61,93,93,88,93,32,12,88,79,74,62,70,10,100,93,97,20,24,50,43,4,83,88,68,91
98,43,53,13,10,8,14,48,79,52,83,56,79,100,88,50,26,62,85,7,19,31,9,45,22,69,97,12,58,37,81,33,59,53,14,62,73,92,31,64,11,9,3,29,16,90,24,13,5,52,4,36,90,91,13,55,80,64,31,0,40,60,21,3,49,9,50,50,64,40,92,48,9,14,56,92,77,74,35,45,19,45,9,10,92,5,65,17,96,72,66,0,47,61,96,58,47,2,78,79
80,18,12,20,70,70,27,16,98,5,44,77,92,38,14,31,61,99,36,12,5,65,100,80,30,39,87,8,46,67,63,6,69,64,31,5,64,59,20,42,10,97,4,10,100,5,84,47,66,76,67,13,68,10,14,76,82,10,29,24,20,26,75,19,43,75,57,86,66,50,80,19,95,63,80,45,10,78,25,10,62,100,28,12,18,57,48,76,21,62,84,59,20,51,57,46,36,97,35,99
85,59,21,95,42,10,58,88,11,75,4,62,93,6,69,16,88,99,38,9,91,87,13,65,69,43,39,75,62,25,13,86,44,1,93,55,1,79,87,26,4,74,37,82,91,27,58,46,18,50,63,21,72,42,41,88,49,17,18,0,91,63,42,75,51,77,0,84,12,19,27,26,93,41,8,49,19,40,40,75,30,32,47,65,85,95,8,78,65,83,49,30,53,61,38,62,69,92,83,97
34,68,48,47,87,76,84,97,69,10,53,23,100,63,85,97,7,14,43,73,86,99,12,71,1,80,96,44,12,93,98,66,98,78,82,64,15,66,22,24,29,40,74,51,44,2,12,43,31,17,38,99,24,39,33,11,61,65,97,19,91,33,17,0,85,40,16,76,41,13,53,89,81,48,11,88,20,82,49,99,68,6,69,65,16,61,79,76,43,36,25,14,46,67,89,70,0,43,13,82
0,45,82,0,28,9,86,69,60,29,93,66,97,71,9,95,54,16,42,85,27,27,32,33,80,10,98,47,40,83,52,81,81,31,16,74,0,67,67,61,91,29,57,90,95,22,76,26,42,9,39,1,94,81,50,8,15,40,50,100,33,40,96,46,85,51,66,2,5,60,99,35,85,43,19,37,94,30,54,49,20,59,69,93,76,19,76,84,26,40,65,50,49,59,60,15,48,42,95,26
72,34,53,63,13,92,50,54,65,80,14,100,52,5,63,82,80,24,37,10,80,38,7,45,7,42,28,15,11,82,47,64,65,49,5,36,38,84,45,54,29,82,93,90,1,6,4,32,97,67,73,13,0,86,15,100,29,20,20,51,63,6,82,35,36,15,45,78,83,25,60,44,93,37,16,40,88,5,65,8,5,35,9,85,7,25,59,34,26,96,18,90,41,54,52,68,59,61,42,62
42,50,56,40,11,79,94,50,98,32,0,3,49,30,18,99,27,27,51,18,41,89,100,9,64,24,43,79,11,17,64,80,20,95,3,71,46,44,76,93,92,58,52,25,79,4,100,87,74,35,43,51,88,25,14,30,65,2,57,6,51,32,48,8,43,53,62,19,69,25,69,68,23,23,22,98,22,93,86,60,19,18,1,61,35,55,7,72,81,41,68,39,97,77,23,100,79,30,48,3
75,100,61,0,7,26,42,15,36,53,39,60,28,86,69,66,40,55,21,42,71,68,23,33,53,72,15,98,14,44,62,89,36,24,98,33,79,47,49,1,42,34,60,44,72,81,6,48,67,76,53,34,100,88,15,53,78,32,68,92,42,59,68,33,76,30,21,43,25,12,7,47,33,92,20,24,14,58,67,45,77,35,84,18,76,15,93,14,50,80,10,95,91,37,51,56,29,35,42,58
36,63,24,61,15,39,89,13,92,38,13,29,56,27,82,46,93,0,6,13,74,53,97,84,6,91,100,5,18,38,46,0,31,10,72,20,16,78,95,33,68,59,53,48,23,25,95,77,89,57,80,4,74,12,77,32,41,21,55,29,6,21,75,49,39,76,30,68,36,15,15,24,39,10,71,39,3,32,1,83,59,87,72,53,47,76,3,85,41,25,64,1,96,52,45,42,30,98,56,10
29,15,32,74,30,32,80,25,32,5,49,35,9,10,55,93,36,27,35,51,71,75,73,19,9,36,27,33,44,64,0,8,66,60,78,97,69,77,4,91,68,50,38,60,17,38,76,77,39,50,55,2,13,98,72,21,48,26,91,94,9,40,29,63,14,9,27,61,88,28,93,8,29,73,8,42,4,88,90,93,80,83,68,51,9,11,98,35,55,41,77,33,23,41,98,74,6,42,89,75
45,9,45,75,92,5,85,56,93,80,74,23,50,0,96,64,68,88,74,75,36,0,48,28,30,82,25,58,36,100,39,96,11,28,4,4,100,8,25,7,67,12,73,23,91,73,66,4,65,86,81,2,90,55,10,25,22,76,90,90,51,74,23,56,98,1,87,86,9,98,46,90,73,52,94,18,36,60,23,35,64,96,75,52,12,3,68,96,48,59,40,87,95,95,80,60,88,62,34,28
60,36,66,14,99,87,17,68,31,32,17,95,69,77,25,42,53,81,41,68,79,61,80,83,47,10,99,79,3,65,52,39,2,59,72,20,3,36,65,24,7,27,23,0,37,98,69,18,96,43,33,61,69,9,52,68,4,26,71,88,0,74,26,83,5,73,10,71,29,89,82,63,55,11,32,98,53,67,63,57,82,77,27,60,74,18,37,91,45,20,6,51,31,63,99,37,85,79,6,51
21,72,37,8,28,76,97,65,54,94,98,62,13,1,32,6,65,32,3,11,86,92,11,41,12,40,76,56,11,49,92,56,90,23,15,52,90,50,33,64,12,14,92,26,12,6,94,46,2,40,39,17,34,57,19,90,34,58,86,48,94,45,69,91,30,52,60,62,24,63,68,35,62,50,57,40,59,64,82,84,94,42,33,45,23,57,86,6,50,57,38,47,100,6,45,71,99,8,94,83
26,1,78,37,86,33,17,82,26,61,99,61,26,4,67,97,17,19,64,28,93,63,80,62,46,3,86,72,99,1,26,96,49,39,53,55,98,99,58,9,80,8,99,8,97,29,54,20,86,7,94,99,73,3,32,8,85,37,11,91,23,89,36,30,37,59,65,75,17,94,61,64,37,53,25,92,22,82,61,21,80,83,77,31,27,88,14,28,6,8,8,54,13,88,29,18,22,73,42,11
49,35,22,91,24,21,67,6,74,85,68,29,41,14,31,49,18,29,57,43,92,69,21,38,67,73,73,66,94,26,85,28,17,14,91,28,50,62,37,69,26,20,63,97,79,49,51,68,47,84,64,92,19,88,26,91,7,60,61,27,15,51,18,3,64,23,72,23,50,34,40,21,25,39,43,28,76,76,72,94,16,70,90,41,63,75,84,63,37,7,22,0,85,71,47,98,43,93,84,17
36,84,3,12,45,9,19,33,66,64,9,74,52,100,32,68,24,60,93,16,91,38,77,41,18,28,16,83,5,64,83,27,5,71,79,19,75,89,15,45,89,5,46,93,93,73,44,52,87,29,38,86,52,42,87,28,0,87,90,66,16,60,58,54,80,15,80,98,63,25,98,42,22,90,44,46,91,86,60,32,50,54,27,61,28,82,57,23,50,94,90,61,23,94,93,77,27,3,31,66
11,74,66,98,48,55,36,5,16,12,88,42,68,39,7,42,56,55,39,10,27,26,40,76,14,17,58,54,51,99,20,80,30,79,84,64,81,17,21,90,82,44,42,54,73,92,15,33,44,33,26,63,72,25,30,61,89,10,70,55,9,19,61,30,33,87,2,33,96,82,10,30,4,45,40,72,20,47,34,36,74,90,68,34,19,74,44,97,33,81,47,30,80,27,17,32,36,67,61,56
73,86,9,66,23,29,53,18,19,61,49,50,94,68,87,89,56,98,99,22,19,66,19,70,28,91,25,83,100,99,56,98,83,74,27,77,35,60,20,98,48,31,83,96,22,26,48,100,94,69,97,49,8,92,50,55,4,94,77,63,52,95,48,73,79,68,21,59,14,3,30,88,91,40,27,75,5,22,37,33,88,78,21,97,59,52,8,56,58,73,64,64,80,60,10,52,20,2,94,78
54,4,41,58,36,86,74,5,41,61,62,45,13,40,31,69,72,32,57,16,9,74,1,91,11,81,77,74,8,13,24,61,87,59,24,66,35,90,65,30,75,61,41,53,19,42,98,58,59,27,25,15,63,82,7,64,73,5,22,93,52,20,72,41,51,87,15,39,72,65,96,15,28,36,29,9,9,74,95,69,70,17,84,70,23,41,23,25,35,84,14,34,33,11,32,88,94,73,64,38
16,5,35,47,34,35,52,43,60,91,90,57,49,88,57,54,48,15,36,91,53,81,30,50,31,45,40,23,64,40,14,92,12,11,0,13,3,41,89,88,3,21,94,35,2,20,49,75,23,44,13,49,94,23,31,68,76,10,96,74,6,74,34,8,68,51,31,81,68,15,82,20,42,22,38,50,84,3,6,61,83,59,5,11,35,36,66,59,79,82,42,76,30,31,49,99,79,81,15,31
23,39,61,45,42,55,92,47,53,100,48,73,4,53,82,30,1,58,15,90,1,90,12,90,86,55,11,58,67,57,23,79,96,100,5,26,52,55,95,26,3,71,12,32,35,1,22,62,34,82,30,35,0,57,57,56,17,82,28,89,74,28,60,81,53,62,48,44,47,65,60,6,23,13,36,44,68,69,99,26,85,44,20,21,13,88,93,93,25,67,59,20,41,96,90,21,42,21,62,90
72,95,50,43,13,42,72,30,10,44,79,69,99,33,54,49,48,74,42,42,0,74,78,92,96,95,18,54,29,84,58,80,65,43,73,70,99,4,49,74,41,21,62,57,75,83,73,34,3,91,42,37,48,14,14,84,5,60,45,97,67,1,100,71,65,5,63,7,7,9,44,42,10,91,50,63,85,38,18,14,59,81,70,55,38,88,76,15,58,96,90,72,28,52,48,47,23,97,52,94
86,46,9,9,37,34,7,77,74,33,97,23,48,16,14,29,59,45,39,57,70,16,9,75,86,91,59,81,97,79,4,75,40,5,53,98,88,18,57,22,73,8,38,99,89,5,74,85,47,8,37,39,98,65,13,95,81,93,77,45,12,10,71,66,60,58,80,49,0,79,7,16,98,90,88,63,30,0,34,87,7,33,0,35,48,82,55,38,78,52,8,52,94,21,33,93,55,35,94,6
33,26,1,38,77,59,21,64,51,91,79,95,32,3,77,80,74,0,84,54,40,52,58,11,11,18,30,55,83,24,89,26,82,78,78,31,1,74,35,22,38,11,77,2,29,43,51,96,52,86,7,15,66,96,49,64,54,93,1,8,25,32,92,25,87,74,69,95,50,91,48,72,31,77,6,48,77,53,22,77,74,21,59,15,81,58,46,64,54,88,26,15,48,6,20,10,100,28,30,20
22,13,52,42,21,40,56,57,78,7,48,78,5,32,3,62,39,86,1,43,56,56,16,80,95,2,69,66,36,80,87,16,26,64,50,4,56,95,85,30,44,97,49,54,94,59,80,16,45,83,60,44,3,56,53,2,80,88,22,84,20,78,59,41,7,75,2,79,90,40,81,64,11,25,79,57,1,44,79,18,6,21,44,74,81,62,85,23,55,77,20,38,76,53,45,39,95,21,64,82
19,67,76,74,70,55,28,32,93,84,84,59,73,39,22,99,15,67,38,6,22,52,45,40,46,62,78,16,90,22,13,79,68,41,31,65,28,92,55,67,58,46,15,36,83,24,34,45,95,0,37,54,72,66,91,98,95,77,17,23,53,83,9,7,27,90,97,98,67,51,89,75,12,48,97,18,86,44,11,88,28,56,98,40,63,71,18,36,51,18,69,45,69,7,38,56,59,26,98,4
49,72,61,14,90,83,3,44,92,20,99,3,84,14,57,29,41,1,27,75,11,46,45,75,83,79,28,39,90,50,80,88,49,76,71,29,30,75,52,44,73,56,83,26,65,58,43,23,82,20,33,75,14,52,15,85,1,79,92,1,69,15,67,21,10,100,78,84,2,95,31,23,86,48,6,0,93,85,27,56,9,64,84,12,68,69,24,27,77,6,22,52,56,7,91,23,46,78,18,79
41,7,41,85,36,2,93,76,6,68,80,72,88,57,47,18,7,36,43,76,2,14,24,63,1,25,53,85,56,41,52,13,83,16,33,16,97,30,2,58,59,49,72,91,24,59,78,69,91,27,83,70,11,60,74,31,74,78,87,59,42,52,78,78,98,12,13,63,16,59,31,8,41,95,74,99,10,62,37,20,56,7,60,21,4,59,89,15,46,17,17,32,1,0,48,75,78,41,74,73
100,39,81,12,86,77,44,8,67,0,77,43,26,21,3,45,80,42,34,26,16,66,31,83,28,70,1,96,87,31,26,71,26,26,3,51,88,99,62,93,69,92,57,18,80,97,83,22,65,3,44,82,85,56,34,0,50,4,35,58,33,9,29,4,74,47,33,61,67,38,91,39,32,97,66,35,90,61,38,35,81,82,31,81,80,72,48,77,94,18,53,68,41,12,96,39,63,48,15,51
27,0,86,76,38,45,80,77,68,70,42,95,5,24,22,10,100,27,90,31,32,47,90,22,66,42,45,2,98,61,94,75,58,66,5,18,40,30,9,53,78,33,37,90,63,71,61,49,79,1,70,18,33,55,55,91,71,86,31,80,76,75,69,60,50,89,5,7,96,8,0,91,4,73,5,85,59,43,28,14,95,22,98,82,70,46,53,22,37,80,14,23,16,52,43,71,82,42,96,23
15,2,49,89,45,81,75,28,88,25,96,16,26,37,60,52,82,62,47,69,1,97,39,80,40,60,77,45,80,88,35,31,30,30,78,67,88,63,63,37,87,50,53,87,99,60,87,64,20,25,44,75,40,13,37,32,89,30,89,12,17,14,1,37,95,18,92,77,72,47,83,60,84,24,99,10,62,38,12,12,91,100,24,31,66,76,66,0,99,51,63,70,94,29,44,15,70,56,37,95
15,10,31,10,93,71,76,10,67,81,86,39,94,18,93,69,19,87,7,14,80,51,44,99,63,98,8,48,79,14,95,68,99,48,45,1,4,84,46,41,86,25,2,8,51,67,72,43,32,3,10,31,44,23,64,64,35,98,47,76,88,56,85,22,78,49,70,81,33,62,39,49,36,94,22,45,62,12,5,24,22,1,50,75,6,56,83,48,3,2,59,1,79,15,29,77,30,99,69,89
42,39,99,93,48,56,64,79,83,59,94,45,67,63,95,68,69,8,90,58,100,41,41,74,58,47,89,36,98,36,60,56,72,3,60,36,40,56,53,25,71,87,43,17,81,45,97,92,26,43,43,49,56,37,2,72,31,65,26,8,3,48,93,35,87,46,23,24,22,25,8,21,98,91,89,75,51,31,66,95,66,61,87,89,71,85,15,59,1,24,91,61,29,24,98,30,86,2,55,89
2,26,48,13,42,11,23,78,94,94,37,5,14,30,16,52,5,71,71,69,23,63,42,37,99,95,66,71,33,27,46,14,43,73,67,11,5,71,89,2,27,16,100,94,92,74,14,11,65,48,5,86,21,13,0,29,28,27,91,84,3,19,24,21,77,13,36,27,44,37,50,37,90,40,97,52,2,17,27,20,29,53,78,72,47,98,54,87,6,1,28,94,12,99,60,7,52,60,4,66
43,65,15,50,18,6,49,40,73,26,95,52,46,30,59,67,58,91,54,30,80,81,11,53,12,32,38,40,52,23,75,5,71,33,3,37,23,98,72,21,84,76,74,93,12,51,58,44,38,78,31,34,50,99,21,41,59,0,17,10,39,7,68,29,36,12,97,63,42,18,83,20,36,2,25,22,42,85,97,49,53,78,36,66,29,75,4,82,46,34,89,24,3,29,26,98,81,71,59,1
8,90,31,48,8,9,84,55,7,6,27,71,96,97,30,88,27,46,76,23,23,47,39,97,36,81,11,23,15,85,47,7,6,59,88,10,18,97,70,74,16,79,10,47,79,46,9,19,87,67,83,16,13,1,33,32,60,17,86,62,82,1,69,62,41,29,27,24,38,80,100,63,61,29,79,31,3,83,18,66,94,25,72,11,49,39,73,20,18,54,90,84,73,65,96,98,9,75,3,11
96,94,6,24,100,31,67,25,55,69,4,89,71,80,54,61,96,7,24,68,17,27,73,41,63,9,8,88,42,99,52,94,25,64,20,57,16,43,33,47,7,76,18,51,81,23,16,51,58,28,21,98,47,65,78,64,84,12,43,11,4,48,11,34,35,0,98,67,9,3,20,73,70,12,95,55,90,90,37,85,46,41,60,80,11,45,73,61,60,14,24,33,26,22,44,60,93,12,4,38
30,79,16,96,64,19,17,18,32,25,35,0,41,40,70,10,61,13,10,7,41,86,81,22,90,48,60,93,97,65,87,67,39,96,33,81,4,49,2,5,73,46,86,75,84,94,23,87,32,36,65,79,26,14,26,17,97,66,54,39,70,1,79,62,2,84,68,91,27,15,45,82,64,49,98,80,88,54,46,56,30,34,73,56,69,78,2,32,7,5,34,98,66,43,5,84,37,19,27,59
6,24,73,65,97,11,76,67,68,77,44,1,91,72,69,77,53,98,28,11,11,13,100,86,59,80,11,77,81,99,32,88,50,68,80,98,71,62,61,98,51,29,83,54,99,87,22,1,44,69,57,8,45,39,100,62,64,82,64,99,95,33,39,85,70,54,39,30,31,60,71,94,63,79,14,90,100,12,13,10,88,98,33,43,36,72,64,52,61,10,46,46,92,50,5,24,50,93,50,88
64,28,72,24,86,56,18,82,22,49,2,78,34,98,8,26,92,19,68,3,87,37,43,39,15,43,68,72,69,11,36,92,51,25,58,54,19,93,56,70,97,45,23,65,13,98,5,28,91,22,57,41,51,95,78,28,23,2,16,73,26,36,39,49,34,19,69,35,69,10,49,13,45,48,35,67,85,80,44,93,58,54,39,85,7,9,71,22,50,7,88,19,99,74,36,41,88,93,96,71
32,71,17,68,25,7,52,19,7,57,2,77,79,90,43,6,71,5,26,83,12,21,48,70,22,28,100,3,61,93,20,47,76,24,11,20,10,85,95,71,43,62,97,76,92,15,38,36,99,88,74,13,73,48,77,99,56,19,100,9,54,9,49,1,22,44,60,28,96,25,57,3,31,99,21,56,31,79,5,66,35,73,15,76,95,26,82,30,22,30,76,39,47,32,85,91,65,79,64,26
73,23,88,66,47,47,24,83,74,61,55,51,23,95,93,14,99,63,48,81,62,100,32,63,41,52,69,55,80,51,82,12,43,13,78,30,28,68,26,40,61,23,23,13,14,94,11,95,59,68,37,39,72,73,46,22,30,21,38,13,0,40,3,20,16,89,95,2,98,84,57,76,60,37,27,88,67,41,73,35,38,63,62,11,67,31,75,76,51,87,56,19,24,77,31,21,56,38,12,10
79,82,89,63,77,74,24,34,39,57,12,55,31,50,61,31,91,65,29,27,59,34,47,13,79,0,62,24,15,74,40,86,64,83,31,5,62,4,33,16,99,89,59,29,93,74,86,69,12,28,73,69,43,54,89,42,59,33,87,8,97,69,63,73,19,9,7,82,39,99,69,41,18,27,63,67,76,19,1,53,29,56,95,57,75,66,41,79,38,98,7,3,5,97,46,43,60,44,94,51
24,10,72,24,32,54,10,23,60,89,51,12,83,29,100,88,94,28,72,10,29,72,82,97,14,48,100,12,83,11,87,88,15,80,98,47,66,91,92,56,81,84,70,71,53,74,82,5,87,16,73,81,13,27,98,92,29,55,16,11,91,58,61,74,62,55,89,19,4,90,64,0,74,26,62,95,19,6,7,63,58,61,18,65,19,7,45,97,7,42,1,60,97,53,42,19,6,13,31,51
22,85,56,80,24,15,9,98,36,76,32,53,39,2,62,28,87,79,79,24,80,14,60,93,21,86,19,71,25,17,46,84,68,71,86,85,1,86,42,0,75,23,59,52,78,12,47,45,100,84,79,20,45,82,21,2,11,42,7,81,86,91,9,64,86,5,5,41,4,10,93,8,59,74,18,22,10,63,4,6,66,82,37,13,49,26,24,81,99,52,32,23,40,32,87,100,4,7,57,79
66,97,27,15,31,74,12,62,65,94,85,62,93,29,82,37,66,37,18,40,85,4,81,89,81,50,45,82,16,68,61,58,6,17,4,22,63,12,60,76,8,28,48,84,63,84,49,76,56,47,68,6,72,1,62,53,77,74,59,94,21,80,17,47,12,6,32,93,1,42,31,48,20,35,10,68,20,89,29,21,75,19,81,53,83,57,43,37,22,49,90,73,58,97,66,70,99,44,37,32
50,88,85,8,36,84,18,66,42,30,38,22,82,87,79,73,58,6,0,53,33,13,22,92,55,92,64,27,95,44,24,72,77,33,60,76,18,10,9,22,78,7,63,18,60,84,35,22,100,28,25,79,43,41,61,72,22,52,36,16,21,1,92,58,7,100,19,75,45,70,26,80,36,100,86,18,66,63,8,6,38,71,33,19,16,0,27,1,13,10,62,45,97,12,65,40,91,8,74,48
84,94,41,23,42,11,62,62,63,78,47,87,43,95,56,56,12,7,17,22,39,43,27,58,43,49,24,54,43,50,69,70,26,68,10,41,78,100,50,30,85,10,70,71,6,73,38,46,85,92,72,73,28,59,38,36,26,68,93,99,45,38,40,20,54,90,56,7,76,71,14,96,61,64,38,11,48,49,12,5,63,100,70,31,50,31,10,45,88,28,52,15,77,58,30,61,47,44,26,4
89,88,58,81,6,8,76,32,76,80,15,27,37,61,93,30,55,38,14,7,36,4,9,36,16,40,14,35,77,42,34,41,62,6,78,75,90,46,36,29,85,76,31,3,26,34,72,88,16,4,71,8,57,6,87,19,9,58,94,66,21,81,5,14,76,95,59,42,47,55,88,11,92,9,28,10,16,81,81,85,38,39,52,80,31,66,4,92,98,50,53,52,54,11,19,95,73,22,95,13
99,75,100,11,32,14,70,72,29,26,40,58,78,24,19,88,79,81,33,87,11,38,26,77,86,89,96,10,65,36,37,81,31,6,17,60,73,2,65,97,32,84,85,21,97,30,94,94,52,91,25,71,14,72,91,51,80,61,32,16,92,67,68,58,100,41,24,44,4,7,16,3,30,4,33,47,65,78,24,97,48,91,74,100,68,12,12,94,90,85,86,95,70,89,41,0,34,87,69,49
9,72,50,24,53,43,2,78,90,36,65,73,25,75,32,31,97,75,9,18,83,59,4,17,4,44,49,91,75,53,88,30,91,19,49,22,71,29,21,41,56,0,55,64,30,41,82,9,66,45,81,87,78,91,16,36,50,22,18,2,86,9,81,62,59,42,62,7,19,97,77,88,22,43,7,91,66,76,9,27,59,86,33,50,63,17,61,74,51,4,46,90,54,44,23,78,50,18,65,81
32,34,18,34,46,68,84,73,20,14,19,33,82,18,18,42,13,15,58,29,5,32,68,38,77,69,91,79,49,23,81,11,4,56,62,6,61,73,19,65,63,73,9,13,42,78,52,65,58,35,36,66,81,16,42,9,29,76,84,28,13,40,35,96,46,30,5,6,47,57,34,23,33,45,66,43,29,52,57,78,75,31,55,78,26,37,39,61,27,43,11,21,80,14,32,99,19,59,18,24
20,4,83,10,57,30,36,44,68,1,75,4,22,69,60,51,10,43,54,89,1,95,27,83,80,77,54,8,39,99,5,60,74,53,40,59,91,14,49,56,22,4,66,74,88,22,27,96,74,57,56,17,60,96,48,16,28,13,21,59,18,24,71,54,96,1,61,87,12,55,1,99,24,82,21,51,49,5,22,1,91,52,95,24,73,82,88,91,47,91,13,3,69,31,73,96,64,40,83,29
75,82,27,18,99,86,81,48,58,55,8,45,32,26,78,93,41,46,38,72,54,55,84,16,71,61,82,82,2,90,27,93,18,42,36,42,80,57,38,14,91,1,71,43,71,22,56,43,99,9,68,10,44,69,47,81,37,5,23,10,20,39,79,15,38,76,18,84,10,45,16,75,16,39,87,4,38,20,20,1,37,70,6,39,35,64,36,86,50,64,4,11,23,79,41,68,95,82,35,44
11,20,26,33,32,12,33,30,40,45,98,78,81,53,39,20,8,50,63,29,74,66,50,92,16,89,23,72,0,14,94,42,35,7,55,86,33,47,90,61,36,19,92,95,47,65,59,22,11,87,0,14,99,90,65,80,62,85,65,19,97,29,12,78,5,14,11,53,81,56,36,84,86,48,32,64,87,62,9,55,33,49,79,18,71,37,81,10,4,50,72,46,87,4,75,24,49,66,63,8
85,93,6,10,66,29,23,7,7,65,55,9,71,63,19,47,62,85,98,22,39,59,26,71,94,7,56,75,52,75,2,21,19,73,97,7,4,82,57,100,19,70,89,88,38,3,58,40,35,89,51,55,61,22,59,70,86,6,82,11,85,29,40,35,23,32,7,13,57,76,90,11,96,51,16,71,95,51,16,96,84,57,42,0,83,53,32,51,10,91,21,76,29,15,94,54,65,52,96,21
79,41,67,9,79,54,62,41,77,50,79,47,99,54,13,99,43,73,82,82,70,54,92,62,92,89,24,13,64,13,23,9,30,95,56,58,24,61,34,93,49,52,54,62,64,14,88,96,24,71,38,17,34,68,61,92,12,2,62,74,77,31,72,21,45,13,45,76,25,30,41,96,100,11,67,25,45,20,56,45,10,99,42,19,52,19,20,53,53,39,72,46,74,71,42,62,82,20,28,17
46,28,32,64,0,92,32,46,66,66,46,40,39,61,11,10,20,9,72,39,19,46,47,11,96,100,6,46,48,44,80,78,47,57,83,54,70,50,7,82,36,71,64,69,13,20,72,17,95,68,14,51,63,61,7,81,50,31,91,31,14,54,76,29,88,61,49,50,64,54,68,70,4,78,25,97,35,46,78,74,87,43,39,92,19,61,69,94,94,24,60,66,71,41,9,15,3,19,87,81
94,8,18,53,76,60,88,80,13,40,66,81,77,21,38,18,8,89,2,66,20,2,82,10,31,96,23,10,70,4,86,22,25,3,4,52,34,20,47,14,88,9,87,98,46,31,45,16,62,90,46,72,77,29,76,27,25,45,57,90,40,83,35,89,90,24,24,31,58,86,79,30,0,10,92,53,21,86,50,63,51,95,68,40,82,6,48,74,45,44,31,60,52,50,36,17,63,71,28,46
34,91,80,53,50,50,5,96,16,1,44,59,11,34,23,63,21,71,56,80,92,72,40,34,100,16,10,48,93,100,29,97,17,26,31,76,0,34,13,54,72,86,6,58,75,45,49,26,29,32,67,61,91,24,21,59,12,53,44,57,100,50,37,59,100,27,2,34,79,15,36,78,9,61,82,33,9,57,85,53,69,70,18,16,46,26,73,97,82,11,64,74,16,36,67,53,99,59,52,26
39,70,96,77,14,7,59,26,22,41,95,66,96,11,94,77,77,69,11,84,39,68,57,43,31,65,15,23,87,62,37,46,98,55,27,95,72,61,30,33,55,19,94,55,38,8,94,37,76,40,13,68,11,81,75,33,41,19,9,85,80,16,27,71,67,40,57,84,82,48,33,77,60,7,37,26,36,76,39,91,24,62,4,67,10,81,66,42,1,39,67,31,65,68,74,13,19,52,58,80
43,81,93,81,32,100,65,61,44,76,16,94,40,72,39,11,86,24,59,41,59,62,72,20,57,17,65,61,37,78,74,34,20,15,25,32,49,82,51,68,13,49,26,77,1,99,94,9,0,1,51,52,48,29,54,12,11,38,28,11,23,77,12,16,7,26,84,4,35,46,82,94,13,69,3,27,47,90,63,88,14,79,51,56,36,48,45,80,14,27,16,69,26,58,89,22,94,60,72,34
63,76,15,67,88,76,28,84,75,32,51,24,57,81,92,87,8,41,79,79,82,0,5,26,89,34,36,64,37,8,43,79,88,85,38,33,74,72,73,12,86,93,16,52,0,61,33,33,47,0,69,82,60,98,48,66,0,6,40,27,32,72,95,44,30,2,10,23,2,3,22,16,13,15,38,71,98,17,44,71,48,11,29,54,48,81,42,64,85,49,20,48,97,96,16,35,91,7,31,90
73,12,9,92,72,58,54,21,71,71,16,58,6,36,0,43,11,95,64,86,84,92,67,55,4,4,95,56,84,87,43,16,32,25,29,47,52,77,91,6,25,41,86,63,75,49,40,56,24,63,60,99,65,21,67,47,39,84,94,1,35,45,18,16,41,29,9,82,24,84,63,95,82,98,37,74,92,96,84,40,2,21,86,64,31,41,85,20,37,68,28,22,87,83,18,36,55,45,46,25
30,16,27,76,68,15,65,18,83,80,0,89,48,67,55,45,21,76,56,33,25,67,24,89,36,71,93,36,91,24,62,46,92,96,38,49,6,96,97,20,100,43,30,70,22,79,16,8,0,35,21,67,69,95,43,5,51,89,34,39,97,96,50,11,63,38,76,98,24,15,77,65,82,90,16,9,30,37,72,72,42,44,18,13,34,4,83,50,72,22,77,92,11,44,87,23,61,85,34,94
84,97,0,65,4,55,69,18,29,96,50,60,2,48,53,2,76,40,94,82,14,0,84,87,8,40,15,1,71,84,78,60,12,85,60,93,93,76,49,79,91,84,24,54,90,9,33,64,40,0,76,27,13,45,85,51,97,58,64,22,63,8,26,42,52,28,87,84,69,58,32,27,45,93,25,15,26,27,99,86,58,28,23,45,95,68,97,58,30,10,75,12,37,7,39,79,34,28,1,98
60,71,30,32,30,18,23,9,76,10,11,88,33,70,40,63,18,52,15,12,54,67,84,54,2,23,20,5,87,57,75,30,11,27,51,85,33,58,63,85,22,31,71,76,55,31,50,54,80,87,88,13,42,79,73,41,74,78,59,22,35,35,2,98,31,40,86,32,5,69,46,100,48,41,79,5,71,72,47,76,93,67,98,45,41,20,24,89,93,52,67,43,36,84,78,79,14,9,90,89
9,7,80,77,60,88,53,83,36,17,11,100,62,13,56,65,3,35,51,98,26,0,22,43,11,34,42,60,68,76,78,77,5,89,3,40,43,93,29,100,43,34,98,16,83,84,3,7,15,10,13,38,99,93,29,27,21,60,19,48,47,74,74,21,58,47,68,44,0,51,59,52,83,44,45,76,0,27,50,31,86,44,71,45,3,98,20,52,41,18,4,96,28,1,74,33,18,43,8,56
32,94,95,94,79,73,62,3,60,21,28,86,90,68,93,84,10,58,94,9,45,75,86,59,56,27,80,18,50,81,28,32,20,11,81,94,15,66,99,53,41,68,75,95,80,54,24,73,61,40,6,92,36,87,41,45,38,6,72,72,44,41,46,8,32,15,71,15,12,83,33,30,83,60,97,77,23,11,11,81,71,75,51,58,26,29,22,53,32,42,78,0,32,90,39,44,45,27,41,38
25,0,76,91,99,98,25,44,58,20,88,82,38,61,80,54,7,80,27,32,27,60,75,94,37,53,41,56,91,87,63,82,57,64,4,1,75,60,44,12,58,76,65,12,56,80,24,91,67,40,6,94,3,92,12,32,96,98,90,51,70,23,16,38,59,57,96,61,77,30,90,44,2,33,83,65,7,100,79,29,94,18,31,19,16,71,75,39,14,11,90,6,85,11,22,52,52,10,88,90
12,78,46,3,50,10,61,51,39,5,21,68,7,32,24,84,62,48,62,10,31,22,81,72,95,44,80,47,31,60,33,92,86,51,14,75,93,17,87,61,76,26,61,32,73,6,43,50,83,14,41,31,23,9,66,39,58,80,87,65,75,56,47,22,68,94,70,95,28,84,94,81,75,88,24,6,45,46,35,92,92,84,33,83,68,58,89,5,67,73,51,44,6,83,21,51,15,67,54,79
29,8,53,69,72,26,46,77,100,34,85,19,93,53,71,38,85,56,23,66,74,48,82,74,3,79,12,46,73,88,93,76,77,33,91,36,31,79,24,8,33,95,0,23,27,41,7,10,89,38,80,5,80,17,4,9,16,49,90,90,54,69,88,74,9,40,4,60,51,34,7,32,97,12,52,73,22,52,63,50,85,10,28,87,26,83,43,97,42,80,69,61,70,26,48,51,47,44,64,41
20,26,67,77,67,64,91,91,35,91,60,48,21,19,72,56,40,88,34,15,42,18,51,74,15,76,29,59,95,62,28,83,68,25,62,16,35,28,47,59,95,48,26,71,96,63,5,1,12,21,63,58,48,80,5,45,95,37,59,95,7,18,76,2,71,0,81,55,64,44,8,53,35,40,4,25,14,20,62,32,43,100,69,7,19,67,88,68,66,44,25,39,83,53,36,2,65,89,37,6
11,25,53,71,32,61,90,42,4,83,14,2,20,66,48,7,14,75,97,32,43,88,46,68,76,69,54,90,80,41,72,43,9,27,29,67,25,40,74,42,62,31,37,66,53,73,81,61,53,76,44,93,39,19,46,14,91,56,26,24,0,22,43,75,83,95,71,65,40,82,59,53,60,60,43,69,42,23,31,62,39,55,15,22,81,65,33,3,88,36,52,68,25,8,53,53,45,94,98,45
48,16,34,9,34,18,9,34,76,8,36,67,80,79,91,65,81,59,95,65,93,29,39,21,8,2,47,80,45,85,74,97,27,11,20,39,37,93,77,29,1,61,95,38,4,56,45,99,74,54,63,20,8,89,43,74,82,80,50,65,32,47,2,73,6,54,75,91,41,46,6,12,86,74,91,75,66,27,83,57,43,23,80,100,53,4,68,20,19,76,23,89,63,66,52,100,2,19,68,25
82,73,44,65,76,99,84,92,64,39,3,96,53,73,42,48,73,30,91,86,21,35,17,71,78,85,22,100,62,51,6,83,66,95,56,47,39,99,46,16,82,46,23,12,20,11,86,71,4,1,60,78,28,9,0,94,85,65,25,55,29,75,38,58,14,76,7,49,11,82,32,80,93,38,99,22,54,63,19,92,71,53,64,82,6,45,71,94,33,18,80,20,1,73,20,12,36,64,51,79
81,71,11,46,34,84,70,28,79,70,97,87,73,22,54,100,71,55,16,96,36,68,68,67,85,25,26,80,4,59,92,0,86,85,18,14,44,74,29,55,45,62,18,42,0,13,34,89,57,80,76,9,68,37,62,19,53,31,13,10,8,76,55,49,81,62,37,78,86,64,52,81,91,37,66,8,70,15,14,60,54,72,95,49,50,42,80,76,79,65,0,77,76,50,63,75,32,100,28,17
55,65,37,15,42,75,83,31,64,27,13,66,32,21,67,47,20,2,81,6,40,19,0,17,80,13,36,57,47,77,4,68,99,27,99,12,46,16,76,24,96,22,2,18,28,60,57,11,46,67,1,40,97,81,43,27,18,31,15,81,23,71,92,100,19,34,74,68,56,83,1,12,57,34,65,11,39,53,9,53,68,56,87,62,42,78,95,77,2,8,65,72,90,42,63,13,20,98,24,45
60,49,84,48,53,78,41,27,73,45,43,53,42,18,4,72,10,1,95,41,19,88,20,42,8,10,6,7,9,73,90,56,14,70,69,53,37,11,99,94,12,81,76,50,6,73,5,50,55,30,77,6,65,45,68,12,4,0,2,0,95,0,88,90,49,69,52,74,80,85,77,69,38,79,11,92,76,22,14,15,81,30,30,52,67,63,63,36,15,68,50,75,18,27,21,21,16,83,64,10
12,68,73,91,26,58,82,16,36,19,61,59,62,65,40,46,33,90,62,3,54,75,69,82,74,56,14,94,96,42,56,98,63,33,62,77,99,64,47,21,90,26,50,89,80,22,69,100,76,59,66,32,80,59,5,77,27,84,31,18,25,68,69,15,11,1,45,13,20,54,93,68,76,57,97,5,54,9,36,51,7,77,80,15,4,44,4,70,45,3,29,72,20,70,14,79,43,8,53,63
43,11,42,89,36,85,1,60,26,92,56,90,93,62,28,8,21,43,16,9,51,24,96,53,72,56,55,74,66,2,15,76,84,13,77,28,77,87,70,97,6,23,6,51,17,94,75,80,68,60,99,28,57,13,72,61,1,55,25,14,19,94,59,100,6,95,17,35,21,86,64,21,12,24,81,47,76,82,5,57,74,41,82,82,81,45,70,83,10,53,54,6,55,60,60,92,9,32,90,55
32,33,36,18,74,46,33,61,94,82,63,41,38,9,84,30,10,51,36,95,17,100,2,45,82,24,92,53,30,83,24,59,76,37,11,76,50,73,68,4,72,6,69,16,67,12,44,3,38,33,92,24,7,44,10,18,62,63,48,80,5,14,80,53,90,44,29,48,85,21,42,63,10,36,50,28,0,30,75,64,48,43,51,43,83,6,91,18,93,74,68,65,89,65,4,66,52,33,65,10
82,88,40,11,39,56,81,89,43,90,14,52,97,81,13,37,55,6,3,3,70,33,23,72,95,33,25,61,62,30,87,81,39,55,2,60,77,70,42,13,56,5,21,55,63,11,92,94,82,20,65,13,18,21,74,15,63,86,93,97,27,33,44,13,39,82,55,93,91,53,89,50,17,58,18,35,55,91,65,72,54,47,3,85,48,80,88,88,97,29,25,13,4,1,13,13,4,20,78,46
80,78,23,48,37,26,73,51,50,10,94,66,82,28,2,55,100,66,20,4,36,22,19,96,13,51,55,50,59,91,30,45,82,50,33,64,97,48,53,13,57,86,43,67,48,31,13,99,71,10,20,4,84,96,24,48,25,55,94,21,50,22,2,87,5,4,87,61,37,84,60,52,18,41,97,45,36,99,24,82,29,33,3,100,25,35,75,70,43,61,6,63,88,64,59,8,46,11,47,63
20,10,8,61,67,96,27,75,0,40,72,33,80,82,82,32,38,80,88,41,59,33,74,84,16,99,83,35,4,54,20,81,55,48,17,44,35,36,44,51,37,78,45,73,69,69,93,51,5,74,61,68,14,17,96,29,92,91,47,91,3,84,9,67,69,98,91,22,36,28,100,28,10,95,99,84,19,54,70,94,79,97,25,52,72,12,39,20,42,93,29,27,89,28,18,81,15,63,12,3
88,39,98,48,24,73,25,55,11,49,48,91,5,14,25,78,48,63,22,5,92,20,69,93,44,45,32,80,41,78,72,81,77,17,86,30,97,32,93,2,13,34,6,36,87,45,64,57,85,45,69,71,55,54,58,64,9,42,45,47,82,36,50,11,69,3,6,91,69,34,11,2,12,40,57,24,8,43,50,7,35,92,88,47,57,96,15,22,76,57,54,62,43,18,59,13,37,80,69,73