40,94,35,14,53,97,3,38,18,54,99,62,23,8,58,16,72,84,44,10,11,14,17,84,48,59,77,75,64,55,48,79,4,11,55,3,48,84,92,23,10,20,42,22,81,90,52,0,18,71,2,11,92,90,4,12,44,61,52,50,49,96,81,11,81,7,92,28,99,83,20,20,33,57,21,44,30,65,40,5,43,10,54,100,6,48,7,67,15,35,94,80,89,13,40,29,14,19,43,70
42,97,96,79,17,95,35,37,17,59,48,86,91,92,82,93,4,18,6,49,21,89,68,33,84,67,1,68,23,23,38,47,10,45,22,26,94,92,9,10,25,79,35,52,78,79,66,49,45,96,82,84,51,34,89,5,14,100,18,27,36,0,38,66,23,45,2,61,100,4,16,8,31,31,98,51,46,36,88,49,2,40,84,99,37,58,76,47,18,41,26,26,80,1,65,46,58,45,13,86
49,79,64,62,67,74,70,61,73,94,11,11,47,93,73,43,6,39,99,63,66,88,95,15,12,54,64,25,97,35,48,8,100,57,27,100,78,32,62,59,82,6,5,87,66,22,61,58,20,45,94,38,50,86,15,91,75,8,40,58,89,44,56,17,42,40,97,54,90,50,29,22,86,59,1,41,36,63,26,95,4,54,5,70,51,61,70,24,95,45,55,10,52,28,34,44,40,49,54,10
78,41,13,46,93,66,73,100,56,2,34,79,99,62,66,23,7,50,88,35,27,32,46,55,57,40,22,99,35,55,94,42,76,62,70,90,64,56,92,1,59,80,79,34,99,37,39,74,9,38,13,40,82,31,14,48,9,16,89,10,84,54,46,4,22,80,55,39,28,54,52,10,44,87,87,12,50,14,54,56,36,59,93,49,84,39,24,24,66,15,7,37,70,27,66,17,92,7,97,3
92,99,92,45,39,29,89,79,74,28,48,77,97,1,61,96,83,75,76,29,14,16,13,51,99,19,2,64,65,91,1,77,87,25,37,74,47,40,66,18,71,62,15,20,62,44,78,41,40,93,11,61,4,53,20,48,96,7,1,24,5,54,59,40,10,65,30,22,13,35,4,80,30,51,55,12,11,93,42,81,71,40,23,55,34,86,100,100,1,30,48,91,52,60,40,96,17,0,11,90
48,25,86,0,36,52,9,24,15,72,91,36,61,30,1,33,82,40,29,85,0,9,21,69,36,12,65,86,58,99,41,33,93,84,60,71,36,17,12,94,92,85,71,67,10,55,27,47,30,72,56,79,59,42,22,19,91,80,95,23,3,83,38,10,30,80,72,40,27,96,3,46,96,70,10,36,87,41,37,76,49,33,26,95,13,35,55,33,90,35,38,40,48,100,90,7,10,3,43,75
65,24,37,11,90,4,92,38,64,78,44,12,36,34,0,27,41,48,42,86,10,1,58,37,33,79,66,52,65,40,100,11,94,39,3,73,70,86,19,37,59,63,4,10,51,61,7,4,48,40,45,9,39,94,10,1,22,17,66,31,86,54,98,23,44,49,59,12,39,41,3,40,72,54,65,18,88,6,14,38,27,55,33,98,38,96,77,41,54,98,5,3,37,37,4,74,3,43,33,10
13,22,55,63,32,62,27,85,89,15,90,40,49,56,70,82,67,42,2,0,14,74,54,68,6,26,80,38,41,47,27,3,51,53,14,65,100,89,26,58,55,48,80,27,40,82,32,42,62,11,6,39,5,18,89,3,42,74,13,57,45,69,26,47,44,10,96,36,25,55,60,12,46,93,38,28,24,93,72,43,54,62,29,36,27,35,30,7,40,15,45,42,19,26,35,55,56,62,27,1
14,74,96,15,15,48,9,52,24,10,48,80,66,80,75,93,16,99,97,16,42,2,64,84,16,63,79,79,32,59,42,13,23,15,28,50,19,56,38,48,23,87,20,69,14,95,30,74,76,82,100,61,50,59,89,41,56,14,49,87,45,79,22,29,61,12,17,16,59,56,91,83,100,93,0,42,80,44,36,84,21,78,20,0,80,76,38,4,16,39,27,32,81,49,76,58,3,61,32,5
9,56,60,10,61,47,63,50,48,100,52,86,64,54,96,10,41,25,23,91,98,44,56,54,13,99,15,84,64,4,85,1,29,26,82,77,40,76,99,72,70,8,83,69,51,94,80,73,88,2,73,92,6,54,38,70,98,6,81,12,21,21,58,26,90,7,46,69,18,8,51,58,0,37,70,79,40,78,38,18,97,76,50,66,15,5,87,17,17,83,20,86,84,3,14,54,32,78,44,67
69,40,9,51,96,38,61,69,35,77,51,2,0,49,43,11,12,81,4,63,1,81,15,45,64,66,45,30,4,80,30,56,74,100,39,60,60,72,19,15,86,34,90,78,27,85,77,18,47,23,6,44,14,98,66,29,13,1,12,89,88,46,44,31,88,45,98,93,2,99,52,94,8,98,52,38,8,58,0,30,100,12,16,35,54,63,18,6,11,15,86,41,85,64,77,93,73,33,9,90
48,24,50,44,100,14,56,29,8,39,86,52,74,27,28,55,52,6,87,73,76,26,48,9,62,46,14,68,20,19,52,75,92,87,80,29,26,12,68,1,28,27,72,36,67,51,20,79,22,57,94,17,88,7,16,19,64,3,28,36,28,85,71,52,84,46,93,35,57,2,45,33,83,60,74,52,91,32,61,72,7,19,56,10,50,9,2,50,28,58,45,50,71,66,29,61,97,53,29,33
95,31,74,31,84,67,72,100,29,25,0,54,43,13,81,43,60,61,10,45,80,31,95,82,53,99,72,100,73,43,84,52,6,17,70,32,3,11,60,9,40,13,3,91,22,17,6,44,21,39,44,36,72,99,49,77,9,89,93,15,90,15,70,89,24,92,96,71,28,41,2,72,100,94,74,71,21,64,48,14,4,35,35,53,44,41,33,89,35,91,2,54,1,25,95,27,42,49,20,66
52,76,27,95,27,90,6,62,41,53,45,97,60,54,82,25,23,16,54,19,39,48,100,55,72,82,55,88,56,24,65,62,50,69,15,49,33,44,31,67,91,42,66,54,18,69,67,43,32,7,80,85,43,42,33,9,36,17,70,74,73,34,17,4,36,47,93,95,94,79,21,26,42,89,72,85,36,65,3,52,34,58,1,61,24,45,78,84,19,98,45,56,82,48,47,88,55,53,1,15
63,85,97,11,55,20,4,55,44,4,66,49,42,69,54,89,52,76,17,25,14,4,78,23,5,99,32,25,7,20,64,0,27,49,21,97,59,2,89,92,18,38,68,37,88,13,44,1,64,95,98,77,63,15,69,65,79,60,58,90,46,85,43,1,31,39,3,8,7,3,37,68,42,77,10,65,61,23,68,50,81,2,55,18,98,53,6,29,29,7,75,7,95,87,76,32,22,70,89,17
50,64,4,81,39,58,61,93,49,77,15,54,83,51,76,12,31,28,96,85,18,11,8,43,48,22,87,61,76,90,97,3,0,59,36,22,61,69,72,79,2,28,19,59,4,15,86,41,39,79,46,45,79,89,53,24,17,27,19,22,81,96,64,75,11,21,88,20,62,87,33,6,7,25,8,88,66,25,16,97,74,25,46,25,45,40,15,96,27,70,53,15,47,61,71,47,94,96,92,48
82,40,81,85,83,98,73,35,14,42,32,96,39,83,60,84,49,38,47,15,43,68,36,97,50,16,35,87,99,19,3,84,90,28,68,83,50,1,100,50,16,80,65,8,46,34,53,85,40,92,68,42,80,42,58,62,80,73,27,11,65,10,16,58,94,23,58,17,46,48,37,44,99,38,3,98,85,42,15,22,9,63,28,42,11,67,58,45,80,8,28,27,58,61,53,43,64,86,56,31
56,28,8,73,39,46,64,52,34,72,3,100,38,58,79,91,18,48,28,5,25,61,94,91,60,34,95,38,32,23,47,23,30,40,87,68,21,53,59,65,11,23,4,94,56,77,52,20,24,56,36,96,62,98,67,98,20,61,18,96,60,53,10,56,7,53,63,13,63,79,79,43,73,51,11,99,77,53,62,55,88,77,93,40,92,72,21,87,34,15,1,27,39,39,56,96,25,68,55,93
99,81,32,78,39,82,73,48,26,33,27,100,29,74,10,31,66,64,58,39,77,69,65,53,9,23,85,68,88,12,64,64,37,68,56,27,25,48,23,56,90,29,93,44,83,88,59,41,56,47,73,13,11,88,38,9,45,23,86,60,44,80,89,22,95,54,27,43,23,78,81,7,62,32,60,8,46,43,52,89,84,79,56,100,42,41,85,35,66,44,77,59,29,75,83,16,27,40,21,20
65,44,33,82,21,83,80,58,52,75,34,56,46,18,28,23,20,49,4,61,32,41,65,68,25,60,79,76,54,1,54,83,73,36,5,21,69,70,3,15,91,38,9,44,42,83,32,61,45,100,11,0,77,68,33,12,23,63,70,28,70,74,96,40,59,39,34,39,81,78,82,36,21,31,14,22,4,93,19,15,57,75,51,65,28,55,50,14,89,83,70,100,1,0,34,27,38,0,88,81
23,23,22,91,18,100,93,100,40,50,64,89,88,5,89,82,40,76,11,49,14,20,84,1,48,4,5,14,98,83,54,64,16,82,81,78,57,22,2,31,82,97,37,48,28,22,92,54,17,49,10,35,52,100,31,16,73,97,57,32,27,92,27,91,82,2,7,34,52,49,69,58,46,49,43,100,92,7,81,39,30,46,52,90,92,62,31,52,83,98,6,32,62,12,86,96,93,28,52,5
45,88,63,13,27,64,56,89,76,63,26,31,91,49,89,25,62,45,27,30,39,76,71,37,85,77,25,90,70,54,20,78,51,7,3,34,85,5,68,20,87,83,44,98,50,6,62,68,35,82,77,49,26,74,63,10,24,55,53,43,19,78,84,16,68,78,98,3,99,56,16,78,53,77,99,41,3,36,12,14,18,34,41,4,99,28,63,52,58,61,65,8,40,85,74,76,12,39,24,97
39,27,68,93,74,66,37,28,37,0,94,42,83,40,67,65,39,91,47,37,37,21,36,92,89,62,48,30,75,95,98,16,88,93,17,79,20,34,91,65,84,28,6,30,38,42,46,15,50,95,12,52,20,63,66,91,39,92,34,46,71,93,29,44,66,95,68,80,72,53,0,39,95,97,69,78,27,69,89,66,20,73,0,98,50,91,81,69,53,59,38,0,71,66,3,92,19,91,71,89
63,11,89,85,53,95,55,84,48,98,96,36,84,0,41,25,67,80,33,2,84,86,93,28,31,70,100,95,85,25,36,0,13,42,7,16,67,43,5,61,4,59,61,96,90,66,13,80,24,44,100,92,10,18,94,84,32,13,9,96,5,38,77,24,16,76,24,17,94,50,31,4,55,48,25,59,17,87,31,7,6,77,17,75,93,93,37,51,43,97,30,49,82,18,32,41,63,80,8,98
6,15,37,89,22,95,89,97,26,26,57,51,93,45,46,7,58,56,61,7,95,7,2,21,4,51,5,28,3,93,38,5,82,54,25,45,18,93,25,28,69,64,91,43,55,40,3,83,78,47,24,92,36,44,80,28,8,52,38,34,18,76,26,41,9,95,25,16,1,43,3,9,85,75,26,22,30,10,54,10,98,52,81,58,25,61,11,23,96,25,25,94,26,25,32,37,90,96,61,42
1,82,57,89,94,68,41,13,63,81,60,13,74,90,43,56,44,7,9,100,51,16,83,31,78,82,87,40,91,48,59,29,87,1,32,45,32,82,34,48,58,4,17,5,6,9,85,74,62,83,18,20,65,68,53,66,70,89,41,98,11,33,78,77,40,23,53,39,89,94,0,27,64,83,52,55,23,100,61,87,32,68,95,60,29,47,37,47,29,94,85,68,66,79,80,68,49,61,20,56
76,43,49,28,35,74,71,69,85,58,13,50,31,67,66,85,88,15,6,58,55,43,83,1,12,27,78,32,83,29,17,58,93,37,39,31,4,63,80,23,6,39,41,24,69,57,67,73,62,17,95,32,38,67,14,38,95,30,88,10,10,30,3,40,49,37,43,84,66,22,54,8,33,90,8,99,75,79,87,88,46,55,17,74,74,20,88,75,22,36,20,61,79,52,11,70,3,39,51,37
2,39,28,33,39,56,90,76,76,87,6,83,50,74,38,21,0,51,18,39,71,73,0,79,7,29,21,22,8,14,78,10,94,100,68,6,56,91,51,34,82,16,92,31,34,6,52,54,21,37,5,98,94,41,10,27,89,48,50,80,17,59,61,87,4,73,3,87,76,75,30,98,5,95,99,46,90,0,84,29,25,73,95,76,79,31,26,0,14,39,60,59,97,18,52,89,27,38,32,33
84,34,54,68,65,60,85,7,57,52,11,31,67,94,93,5,84,28,87,81,55,51,91,19,3,72,18,90,48,71,17,89,95,94,78,55,39,67,100,67,67,46,77,5,53,47,77,39,10,65,78,19,0,27,10,14,8,97,18,76,5,11,20,34,12,23,2,96,21,65,64,21,66,78,57,94,97,23,51,8,82,99,24,42,42,33,50,45,38,94,2,47,76,50,52,76,37,1,87,83
23,7,21,79,91,22,8,63,29,45,58,46,64,4,67,4,38,65,92,69,17,34,91,74,26,99,98,35,48,77,92,22,9,51,70,86,91,55,45,14,24,18,94,74,4,67,90,33,80,51,21,78,61,50,98,35,73,14,5,40,3,7,18,69,89,88,36,65,49,52,46,75,55,70,36,42,100,19,17,65,90,9,70,74,16,28,97,58,95,47,16,30,42,22,62,47,52,94,72,74
59,89,49,77,16,31,99,27,6,10,97,57,36,80,0,12,85,26,47,35,27,61,52,58,26,59,66,72,75,39,44,25,21,91,84,24,5,1,25,53,84,65,97,90,91,54,67,46,45,85,71,1,16,22,74,27,68,53,95,57,4,0,100,72,67,12,54,30,88,24,10,93,60,28,11,97,37,1,48,8,79,30,51,57,50,79,59,27,94,84,81,93,1,55,59,11,95,9,89,61
48,32,23,100,76,57,26,95,62,38,57,100,73,48,90,54,48,40,79,98,49,58,80,46,59,18,52,67,49,15,41,0,14,50,62,75,72,40,33,93,61,4,77,63,91,3,46,40,29,60,48,41,59,28,56,2,39,75,34,7,52,65,59,53,31,80,22,89,64,84,80,89,27,82,96,70,33,0,19,11,25,9,69,40,26,59,49,66,53,93,72,52,69,60,55,14,66,5,20,99
78,85,24,9,58,79,36,78,70,32,84,44,33,72,48,39,9,66,75,56,74,61,74,55,80,98,63,16,36,82,35,37,91,70,72,22,24,88,31,81,66,34,24,84,27,64,39,90,51,85,33,8,28,29,44,30,92,48,26,63,16,12,14,9,28,51,15,3,10,65,82,98,1,14,65,69,1,59,17,40,68,92,28,38,86,9,12,87,57,56,47,55,47,69,44,64,63,83,20,20
78,94,68,40,36,28,20,93,1,60,7,29,59,12,56,29,90,57,14,67,52,23,16,91,29,2,65,27,64,60,54,65,87,54,98,31,66,74,91,55,59,67,57,42,58,41,43,34,85,22,90,100,98,95,68,65,27,12,53,91,50,25,68,13,17,21,46,18,47,3,44,29,29,37,50,44,89,30,83,81,80,80,57,44,83,93,79,85,70,2,39,68,62,23,16,51,5,31,72,2
12,23,28,15,81,36,29,4,55,17,97,1,20,73,48,26,32,78,76,28,51,44,3,2,43,17,4,7,3,55,74,12,47,72,65,93,93,90,56,80,73,10,62,37,83,71,33,51,9,47,88,39,32,8,80,49,79,23,22,49,55,58,76,34,91,29,44,7,49,28,62,37,62,56,96,23,61,66,75,19,22,75,44,35,53,89,56,43,1,98,84,69,40,46,55,34,7,76,28,66
83,27,75,77,59,100,60,99,47,97,48,71,99,53,84,14,0,30,99,98,78,65,30,13,81,39,69,27,10,39,45,69,1,54,54,16,87,43,76,77,88,36,41,75,22,18,49,44,5,59,59,47,39,1,7,98,37,50,100,76,17,25,78,76,92,26,1,74,52,58,78,82,15,23,2,77,75,73,79,90,48,41,37,32,59,9,59,65,46,54,22,62,85,8,53,85,47,36,79,61
86,30,77,10,15,52,81,15,29,83,99,69,89,91,74,39,13,85,52,25,73,74,88,45,15,72,16,98,4,94,7,84,90,32,27,98,25,95,36,21,59,8,49,69,80,75,71,91,74,21,39,24,15,81,18,54,43,2,35,59,18,15,34,62,92,87,92,34,48,88,89,37,65,35,66,73,45,33,38,87,89,3,77,17,100,36,65,62,40,30,29,17,3,25,10,85,12,37,97,58
74,44,67,71,72,84,47,31,74,74,12,54,96,99,47,67,4,60,70,98,93,63,49,36,75,21,39,99,71,44,84,63,10,68,53,10,84,70,77,39,95,2,65,36,53,55,72,21,100,18,60,59,15,51,43,43,51,30,78,67,25,88,43,94,26,6,100,80,85,44,65,14,22,13,43,14,69,88,25,27,65,23,68,100,33,84,31,79,77,6,1,24,13,76,26,20,44,19,31,12
80,91,16,17,16,35,94,12,80,18,95,63,41,0,51,51,73,52,57,70,92,31,55,19,84,97,40,74,86,47,48,40,67,32,55,86,88,59,4,85,71,80,35,9,30,50,85,62,30,84,93,51,73,46,44,90,91,99,35,74,42,58,93,70,83,16,48,67,90,4,97,27,25,79,51,72,38,67,53,54,94,33,79,7,20,76,55,93,80,4,79,11,15,39,28,84,84,43,98,71
73,80,10,42,8,24,6,3,6,30,83,91,37,17,18,8,62,95,28,6,25,54,16,37,8,26,47,43,70,23,51,31,61,48,99,89,14,98,92,22,53,51,28,42,2,80,55,57,5,38,23,58,9,80,4,47,11,23,7,64,26,52,44,73,56,42,28,76,99,49,2,93,64,95,1,45,93,35,49,30,85,30,30,44,19,29,14,43,49,25,30,7,41,26,18,98,53,86,57,1
93,41,18,28,31,5,100,89,73,7,95,21,56,9,8,23,1,100,85,87,1,50,11,96,67,15,27,69,65,90,57,68,35,14,30,54,60,69,82,95,49,30,30,8,15,35,83,63,15,53,66,44,70,65,25,61,11,13,48,78,3,80,54,87,80,51,16,17,4,5,24,61,29,30,45,20,82,50,42,25,89,19,12,46,27,23,40,8,40,75,69,32,68,76,45,5,51,93,27,14
99,70,45,97,93,65,92,73,75,67,6,15,14,19,97,13,46,76,33,54,43,48,75,3,79,82,12,35,75,3,24,73,99,67,59,88,13,16,6,3,42,3,17,21,95,10,15,5,95,85,45,70,53,19,62,11,19,85,90,64,32,71,66,55,33,85,64,20,78,9,27,86,60,40,60,31,88,85,21,31,10,46,62,16,81,68,12,43,35,32,96,1,91,75,8,27,25,36,65,42
98,88,47,1,61,87,16,89,31,15,51,43,25,64,20,81,45,31,77,60,26,74,78,20,92,87,52,98,22,60,76,48,57,83,63,52,61,25,43,22,46,10,56,12,19,69,14,77,45,53,48,4,54,73,90,56,25,66,8,31,41,1,91,25,2,87,51,27,91,33,66,90,22,5,83,41,95,94,75,37,21,27,6,45,54,4,23,49,87,31,36,37,18,57,31,61,73,7,32,43
94,74,47,5,75,5,3,16,85,96,63,59,14,33,85,91,16,49,55,1,91,85,75,67,63,93,30,41,41,74,72,96,76,77,41,3,25,84,7,17,65,17,63,30,63,97,99,93,15,31,30,32,91,24,72,12,33,99,6,17,44,10,82,10,56,71,18,24,24,36,50,23,47,56,43,38,65,8,28,30,12,24,57,79,11,34,90,21,38,34,81,83,74,100,33,1,1,94,19,43
32,9,24,86,84,39,57,80,37,91,68,100,11,92,65,82,19,75,22,10,26,87,55,58,68,42,31,34,38,84,87,15,96,29,48,45,12,24,9,79,46,6,33,59,58,42,29,62,59,48,56,94,20,61,67,34,39,5,25,59,82,26,78,89,97,57,13,84,66,74,56,71,65,38,62,83,68,96,22,52,4,42,86,59,33,47,85,10,83,71,84,82,35,54,22,73,22,29,70,100
32,77,63,70,86,29,21,10,75,98,77,43,10,74,65,78,30,63,69,95,43,16,12,43,22,27,79,18,44,49,69,16,6,65,74,70,45,86,98,70,72,59,70,54,92,57,33,95,44,69,18,35,38,57,77,98,8,17,0,9,19,15,35,100,84,54,65,76,9,7,31,7,97,7,73,23,62,32,22,38,12,88,57,49,61,64,32,98,95,4,73,100,11,96,20,12,74,94,33,72
12,1,22,43,45,33,22,41,33,37,44,54,98,13,28,42,92,48,25,89,9,35,27,39,65,9,72,49,65,2,31,13,17,61,89,45,4,57,51,10,63,31,61,63,57,51,15,80,85,67,46,0,89,89,13,25,26,82,96,8,14,92,9,40,91,61,45,27,93,58,24,49,10,16,65,32,66,3,31,14,20,0,30,64,4,57,53,82,93,2,24,7,86,52,85,27,42,4,22,98
76,30,74,8,19,22,41,40,69,30,40,42,78,10,82,1,30,37,85,88,40,12,56,79,1,23,88,83,11,6,8,85,99,54,88,91,80,13,33,48,28,97,87,26,66,8,81,67,77,82,6,79,2,49,49,89,64,60,99,94,17,22,7,99,69,53,87,38,12,63,50,39,55,83,6,58,79,55,26,40,73,51,89,36,96,59,17,19,81,60,55,94,56,49,60,88,70,60,88,19
55,49,62,20,69,3,55,13,54,84,48,47,3,12,52,17,8,76,42,16,84,75,23,47,17,29,71,31,90,32,97,28,10,19,13,24,21,65,26,15,70,44,83,49,24,93,67,22,92,100,53,72,22,6,38,91,5,19,31,13,62,23,89,64,35,64,63,31,52,50,56,28,17,64,56,40,47,19,97,10,19,47,29,96,80,93,55,64,18,62,5,41,45,53,39,77,12,13,63,67
44,54,33,91,40,30,93,28,36,15,36,74,47,32,80,12,22,33,100,86,23,16,78,36,45,0,17,16,100,32,85,32,89,99,81,28,26,86,90,95,39,42,54,7,90,59,87,29,68,94,60,26,58,31,72,4,49,6,83,73,19,63,28,57,14,28,8,88,54,24,92,2,67,8,70,94,54,41,18,50,95,65,62,61,3,48,79,77,80,100,31,15,90,96,31,27,80,10,35,88
51,13,90,94,88,6,53,50,24,1,96,46,2,60,39,97,94,30,41,6,99,92,38,64,93,22,6,53,98,53,9,72,12,3,46,49,61,88,32,57,41,13,38,49,1,20,44,67,6,83,95,45,84,47,34,17,74,22,36,78,89,59,14,25,42,9,60,83,85,37,34,58,16,33,30,20,88,81,34,25,31,55,15,75,49,52,16,29,62,99,20,1,52,91,3,86,48,45,47,46
100,19,75,56,95,67,53,65,75,23,31,7,69,31,49,34,56,83,74,59,45,24,95,10,39,39,48,92,18,11,9,72,28,30,14,98,65,12,95,56,82,1,48,16,20,45,95,15,3,98,14,50,72,99,20,20,7,69,61,90,10,7,88,65,15,36,66,53,59,35,32,1,83,40,98,58,64,98,14,11,43,70,52,63,55,44,5,81,7,96,66,87,74,40,2,69,8,30,73,15
63,27,79,7,11,41,79,11,39,9,99,26,78,33,67,53,67,85,89,83,16,58,86,76,15,56,62,0,29,34,68,82,66,2,37,4,45,39,27,54,49,45,43,2,52,30,5,93,53,73,63,66,4,82,93,19,74,85,47,39,37,31,38,15,96,71,22,45,33,10,64,8,8,25,56,65,14,30,63,44,95,68,6,60,94,28,62,44,91,78,26,0,68,54,26,29,67,9,68,38
69,88,55,60,93,84,83,44,25,42,50,20,93,84,15,34,65,86,36,100,15,88,49,23,98,55,95,26,12,67,100,5,21,15,50,91,21,72,3,41,16,22,63,15,43,71,10,50,40,1,97,39,36,57,22,95,72,56,92,24,57,22,67,31,83,50,42,14,35,74,40,63,75,75,76,73,9,15,46,95,53,13,9,23,74,58,20,69,16,45,90,57,74,65,84,23,98,86,71,39
43,4,76,26,75,4,15,27,23,14,94,15,24,55,78,96,36,30,76,37,49,63,46,7,50,79,54,61,74,95,81,47,10,92,96,77,97,87,19,12,85,5,34,60,40,85,99,91,69,50,21,28,11,36,64,28,77,42,48,60,71,63,68,53,16,26,60,29,17,74,74,42,48,95,52,47,29,42,60,40,20,1,72,10,50,12,38,71,75,78,34,4,92,33,69,42,95,14,74,46
54,74,25,14,19,2,84,31,40,94,71,48,58,67,40,54,60,17,30,16,78,70,42,76,83,17,20,91,91,44,11,18,21,29,22,48,97,74,88,88,49,6,23,53,93,86,76,76,56,95,74,20,4,16,16,4,23,5,44,81,59,36,43,16,97,48,10,11,77,26,46,65,29,97,28,10,70,93,71,36,98,86,70,3,0,84,55,21,17,0,72,33,5,19,92,28,95,20,72,50
67,33,100,17,96,73,45,56,41,2,90,7,48,85,70,49,33,76,29,42,8,38,4,65,52,2,39,94,7,69,55,76,83,42,32,44,45,52,86,87,71,14,67,74,89,50,39,67,68,15,84,59,100,72,79,62,48,25,20,3,96,37,96,69,83,97,12,17,3,32,22,39,53,97,68,42,29,37,60,52,0,62,52,47,98,63,29,22,29,99,41,37,74,60,60,78,17,42,18,16
49,78,26,9,30,36,49,12,76,7,92,33,70,73,9,76,13,90,62,88,61,95,80,48,94,6,11,40,84,14,60,39,78,81,8,35,15,50,3,6,3,45,10,8,44,92,63,55,79,98,7,7,21,79,35,60,67,65,68,28,1,37,68,37,65,80,47,22,68,80,27,57,78,51,74,61,86,10,58,62,17,98,16,79,52,30,93,72,50,18,19,55,92,100,46,87,11,92,17,87
77,90,15,56,95,58,0,31,74,60,86,21,18,12,75,85,42,5,84,53,80,95,66,65,76,99,97,30,38,59,1,17,33,30,0,27,58,78,92,56,80,28,0,89,87,49,83,73,23,46,11,42,65,11,42,52,59,96,5,84,34,67,72,90,67,84,89,37,87,39,29,16,53,18,79,60,64,21,96,2,27,61,39,35,36,59,31,87,66,70,99,67,62,9,80,75,26,57,5,47
0,89,8,42,78,44,17,14,96,68,27,32,52,18,38,57,78,80,7,17,50,23,30,31,95,10,86,92,99,18,33,38,60,29,82,43,46,64,87,23,63,95,8,3,60,37,60,65,73,70,32,9,34,81,92,80,4,24,41,86,28,60,30,73,52,37,95,8,44,11,49,82,98,48,52,4,82,54,100,61,89,75,2,56,39,54,71,62,64,36,95,40,62,43,28,27,17,36,27,30
33,34,27,38,92,17,74,34,4,53,96,10,16,11,16,79,68,12,84,38,60,50,37,40,15,64,91,25,92,11,44,52,88,85,97,57,22,76,87,87,45,16,91,30,60,45,56,70,97,3,39,40,32,38,92,13,50,88,70,72,29,2,94,55,91,5,83,40,67,68,77,19,71,39,84,45,66,12,45,89,45,89,23,69,12,7,74,92,40,35,11,12,47,20,57,80,67,11,8,43
98,22,30,80,94,93,62,93,89,82,84,38,89,64,43,31,38,96,40,17,87,0,21,91,57,32,13,58,96,73,40,28,51,75,54,59,67,34,79,90,80,42,95,47,56,30,3,85,15,78,64,11,98,97,98,29,86,92,70,89,33,12,34,12,89,46,5,70,47,51,65,15,60,18,6,59,56,81,14,4,57,1,51,100,55,19,98,21,27,80,47,77,75,2,94,19,84,8,51,97
33,72,40,49,7,97,7,34,56,6,16,83,48,53,57,47,0,69,60,37,90,36,16,11,19,32,32,20,23,12,89,34,16,91,0,76,61,11,93,73,100,71,1,8,56,7,71,90,18,8,43,41,67,72,18,4,98,93,78,20,80,12,28,76,38,76,8,63,49,80,29,78,29,49,26,27,12,11,31,20,1,21,55,33,75,91,93,56,26,59,56,22,21,71,65,23,86,72,15,55
0,3,97,56,28,70,46,61,32,14,39,52,64,3,29,64,24,9,67,61,12,46,76,99,69,93,97,52,91,78,60,84,73,82,51,84,57,31,51,93,73,86,76,4,3,37,6,46,78,34,44,8,11,8,30,56,52,88,54,38,28,59,36,23,27,23,78,49,81,82,34,43,40,72,92,74,51,79,42,7,74,95,25,87,87,99,95,75,44,43,89,56,94,73,88,69,64,80,82,15
30,92,8,68,97,1,49,38,15,37,57,57,66,50,34,79,1,92,71,54,18,72,51,72,87,32,38,94,3,54,87,41,44,39,60,59,14,14,52,4,7,24,33,9,79,10,20,57,51,77,77,46,64,62,76,49,77,82,30,34,45,10,49,44,100,15,62,3,96,3,73,46,4,24,90,10,97,38,84,88,91,0,54,99,41,45,88,97,18,37,13,76,96,90,1,18,65,83,92,28
46,43,61,40,34,47,49,40,71,80,57,61,84,29,40,50,4,48,82,92,43,99,94,96,9,3,64,99,44,68,75,23,18,41,81,62,17,63,40,11,77,72,45,64,10,84,66,13,25,65,94,78,38,31,96,8,59,24,64,83,66,45,56,34,78,82,55,83,99,70,57,73,43,82,94,0,13,49,60,30,22,80,57,22,86,49,83,80,21,59,37,15,59,4,99,65,7,98,84,78
18,46,94,29,56,63,1,44,53,69,51,4,79,5,44,48,6,76,46,4,7,3,77,78,30,20,52,60,59,59,8,31,33,99,11,94,75,37,62,22,8,13,30,20,61,69,27,74,10,92,46,96,55,33,0,87,82,65,39,63,22,61,62,11,76,37,1,71,15,97,70,71,99,2,69,29,22,81,3,37,52,34,24,46,3,7,43,43,68,0,25,35,41,86,18,39,12,96,52,57
28,58,23,51,18,98,87,97,10,61,85,77,68,21,23,93,51,69,29,10,58,25,49,29,25,22,40,41,16,19,75,52,100,60,34,78,96,8,1,93,74,8,2,70,92,100,26,45,20,99,72,17,12,24,35,49,45,97,100,32,12,7,15,74,96,10,68,37,83,81,44,10,94,65,30,68,41,62,61,20,43,30,25,40,53,98,70,49,90,97,53,81,43,4,42,38,84,50,72,64
24,27,80,68,87,57,80,25,74,61,12,75,38,71,90,69,59,56,92,90,67,78,57,54,16,21,87,100,87,36,15,66,52,52,24,55,15,100,69,25,0,27,33,46,86,65,45,54,61,46,30,24,1,80,42,78,34,0,88,2,28,64,22,28,41,43,94,43,80,43,28,18,18,56,27,77,61,65,3,77,46,13,95,98,51,78,91,7,99,98,74,79,50,93,7,66,83,30,85,37
23,14,4,37,74,3,34,22,63,32,44,46,50,37,41,28,16,80,99,30,69,10,62,71,29,15,42,37,78,16,83,89,37,98,28,77,77,74,22,70,60,56,58,37,99,81,7,42,40,59,80,81,16,70,65,4,9,94,13,30,23,22,2,99,43,76,50,48,13,76,27,43,100,1,66,67,61,50,34,56,93,58,35,37,78,22,93,31,19,7,77,95,52,65,4,73,0,61,32,77
78,44,94,69,15,45,49,53,96,98,60,47,38,87,72,26,62,48,92,47,54,6,3,63,17,64,3,11,59,27,15,70,8,9,66,61,6,45,66,40,72,5,44,79,82,52,56,9,19,51,26,50,66,54,7,91,98,70,54,11,58,60,7,20,65,22,63,47,18,31,67,83,93,21,4,78,72,92,96,72,30,52,54,96,26,21,2,1,51,87,65,84,11,58,65,79,35,27,72,13
83,56,55,4,1,80,97,92,10,54,63,54,68,72,57,51,31,41,28,33,71,39,81,96,89,14,64,88,2,86,62,16,24,9,67,98,82,64,91,75,15,60,29,2,90,33,51,95,11,33,30,91,52,3,62,30,77,45,33,61,24,89,74,17,100,35,32,100,6,0,43,42,60,97,65,73,59,73,1,79,9,46,61,62,1,10,35,39,37,74,91,95,98,14,1,26,86,29,0,69
2,76,19,82,9,42,96,41,29,20,65,31,27,67,27,20,83,89,22,74,55,3,68,57,86,58,39,58,19,56,66,80,17,57,37,51,4,80,21,41,11,44,86,57,33,62,13,94,73,75,96,42,34,24,34,30,11,45,10,15,96,25,5,35,57,7,89,96,81,77,25,52,56,3,42,57,94,39,48,33,74,85,27,75,27,42,25,40,33,52,73,37,22,16,58,30,78,11,20,83
82,63,83,35,43,40,53,34,16,10,71,12,64,84,7,70,75,55,44,76,34,42,8,27,23,19,69,78,44,85,86,14,35,16,38,79,18,16,54,48,41,96,92,88,70,6,45,30,70,49,56,11,10,96,11,95,33,66,23,6,67,87,4,95,62,12,69,20,97,47,19,75,52,88,100,14,66,32,28,25,59,43,11,40,0,32,59,69,0,38,93,92,100,69,82,88,99,68,36,14
72,54,89,82,22,43,46,5,70,11,9,10,11,96,47,38,23,62,63,24,39,7,60,33,84,44,65,45,5,93,54,33,60,81,39,72,42,79,15,3,50,12,61,46,63,18,52,23,76,63,64,81,32,100,23,14,28,89,91,22,30,24,74,62,71,81,58,40,4,32,28,52,94,92,54,74,42,63,17,100,81,81,74,100,28,78,68,95,34,56,62,82,4,94,40,78,55,28,93,55
91,49,82,88,6,18,97,67,29,81,53,75,7,1,69,81,35,70,70,40,67,86,7,14,72,55,59,56,7,83,79,20,23,28,81,38,12,23,1,78,43,92,92,18,26,48,54,4,26,87,79,12,39,73,61,29,1,91,92,59,88,57,45,6,33,38,21,10,19,34,79,17,67,28,74,23,53,77,24,55,35,62,35,8,3,49,57,55,37,41,18,71,34,65,28,73,21,34,85,53
82,64,56,55,4,65,17,52,24,98,69,62,67,92,91,79,71,92,18,45,21,41,44,22,48,40,1,37,13,81,71,14,17,46,76,95,78,52,46,64,98,100,47,32,79,2,62,76,92,35,67,78,25,100,48,34,65,43,82,72,28,89,58,49,5,54,19,45,76,22,19,33,49,3,19,36,27,83,82,20,57,41,62,91,42,6,85,64,45,34,0,78,62,45,65,66,38,5,98,54
93,67,8,68,53,59,53,42,35,17,59,8,81,39,92,16,73,81,11,66,36,16,35,52,26,70,94,62,15,81,29,12,90,70,85,61,7,60,7,6,3,61,13,28,43,1,6,26,56,78,9,54,2,35,72,52,60,27,71,81,32,97,52,76,62,25,96,67,28,79,32,77,91,68,81,53,96,67,91,1,93,44,22,56,14,59,4,28,93,51,9,25,37,99,77,78,12,11,71,82
4,51,57,44,81,14,58,63,34,27,25,96,64,75,38,71,70,6,52,41,73,77,32,61,22,80,85,25,68,97,43,28,94,61,21,59,5,42,9,85,62,43,53,4,26,99,38,8,74,88,21,15,38,43,3,98,57,24,21,44,67,65,60,31,81,96,92,20,17,52,19,79,41,44,31,100,86,55,85,74,2,19,71,64,89,8,31,67,68,36,23,80,80,33,7,6,87,37,75,13
40,1,82,97,25,75,31,24,39,68,46,17,19,70,79,90,18,66,47,97,34,26,16,26,30,84,15,0,82,46,74,52,6,22,69,37,14,93,65,97,17,3,88,15,37,18,5,31,17,63,88,98,48,93,23,100,9,16,21,93,76,51,48,29,18,65,18,46,54,36,47,22,56,16,85,79,8,26,82,13,90,97,28,61,44,7,58,80,21,1,48,55,58,86,88,77,77,1,22,30
32,15,65,74,68,23,76,70,95,66,37,65,72,69,69,13,60,19,86,28,2,95,98,11,78,21,29,19,92,2,25,22,57,99,36,74,51,12,30,34,90,2,32,26,36,23,95,15,16,54,59,25,9,51,33,56,74,15,94,39,7,33,53,52,31,35,83,75,61,70,97,69,53,89,75,31,81,59,21,68,47,86,17,25,28,63,28,25,45,61,66,70,90,69,18,64,12,80,11,11
3,69,12,72,71,89,71,56,46,88,38,62,67,92,95,48,32,39,34,45,56,98,77,18,73,25,96,62,33,82,58,83,93,100,77,6,74,100,17,27,46,44,71,40,74,61,84,29,44,75,62,69,96,81,33,84,45,39,96,42,90,66,97,52,54,82,60,63,68,0,7,3,75,70,13,81,14,80,90,46,64,20,42,4,21,78,16,61,84,92,97,15,90,47,10,61,32,69,22,3
36,28,17,21,32,38,63,68,74,98,36,57,13,16,73,11,68,59,54,85,19,63,4,75,13,75,0,100,24,74,6,39,99,77,67,49,24,5,67,100,28,80,64,70,35,83,3,48,92,1,18,69,39,3,96,59,26,90,45,55,53,89,51,61,54,99,11,64,37,76,25,29,100,92,80,31,11,15,19,22,80,81,40,4,3,12,0,35,53,30,98,36,55,62,97,3,54,47,76,40
46,85,99,39,40,3,17,94,42,88,63,22,71,92,10,37,47,56,71,11,59,43,24,65,55,58,20,74,45,80,17,29,62,36,62,75,36,54,32,50,73,83,49,58,31,3,58,8,60,34,61,16,27,9,84,17,78,76,60,3,78,7,41,68,11,74,6,72,20,71,94,77,69,88,90,63,92,85,51,42,1,96,23,77,37,24,63,60,65,82,89,2,37,62,86,52,28,16,12,62
73,16,43,65,25,91,83,48,96,43,82,45,67,77,88,84,87,7,29,6,98,85,78,24,18,70,56,81,26,53,88,81,13,40,15,54,55,3,63,80,37,49,72,26,57,2,95,59,96,5,72,68,91,32,22,100,14,16,14,29,60,13,4,86,42,73,0,92,4,81,35,39,51,21,29,20,37,90,11,36,56,32,11,63,36,33,1,2,80,59,74,19,87,94,75,8,32,26,63,27
22,60,35,81,43,25,14,5,35,60,84,40,55,41,13,87,5,31,86,28,16,51,89,29,6,33,74,82,96,30,19,81,89,39,5,37,70,8,73,36,34,0,29,83,18,87,31,4,36,89,32,33,69,37,37,75,27,83,64,39,42,93,67,2,25,94,76,88,78,72,75,99,74,65,44,52,43,71,48,25,54,93,27,1,94,3,51,30,45,76,42,90,26,4,67,35,38,37,39,82
39,37,51,17,97,66,66,58,40,64,58,27,85,60,45,96,76,83,12,32,90,54,77,7,83,96,68,42,82,100,77,82,18,18,81,48,92,96,82,99,50,4,75,19,56,75,54,94,71,84,19,32,19,3,60,61,13,10,17,37,72,30,43,90,18,15,65,52,40,81,25,58,67,51,46,49,30,8,80,45,42,94,43,67,54,94,18,26,63,96,87,37,49,59,74,76,24,53,78,96
1,82,58,87,24,53,32,35,89,66,50,30,96,45,87,36,32,91,21,69,8,69,70,70,23,70,11,39,76,90,85,80,85,15,99,17,46,14,88,11,51,30,100,85,77,41,37,83,58,67,3,13,79,87,82,48,68,73,1,26,89,80,73,12,14,77,38,95,72,89,65,21,3,59,34,31,53,35,88,77,48,66,51,11,52,42,35,66,97,35,13,2,35,25,63,68,38,49,87,44
53,67,50,1,90,94,52,65,45,72,39,11,47,10,35,60,16,51,21,90,31,98,63,73,27,79,97,46,19,23,32,73,5,7,8,18,99,11,17,31,83,88,51,24,57,7,93,45,70,98,46,56,79,58,52,61,19,83,50,42,46,85,40,85,73,88,34,40,0,28,38,82,0,26,58,4,47,34,17,36,18,100,24,73,24,75,13,27,70,98,54,82,87,61,74,52,61,79,45,59
38,61,99,96,86,92,99,9,72,78,63,19,13,13,83,28,86,77,43,94,22,8,57,99,65,98,6,73,33,69,97,19,86,76,71,98,39,74,73,58,56,26,81,34,61,99,100,66,68,29,45,92,8,66,10,41,66,78,18,86,33,54,21,21,77,17,23,30,48,30,19,62,29,54,75,55,0,31,73,98,84,65,47,6,53,51,43,43,50,28,0,31,53,57,3,97,57,60,3,33
8,7,98,16,70,24,68,6,46,1,52,74,75,30,34,76,73,13,19,66,86,89,52,68,56,97,84,41,18,51,37,65,5,39,57,21,37,44,59,90,22,89,69,55,13,79,70,52,47,33,28,98,8,97,25,36,6,57,67,10,40,25,75,37,41,86,73,14,52,76,82,47,51,91,39,74,14,40,6,71,60,44,12,10,2,34,73,38,24,26,26,96,98,44,86,35,36,54,90,73
74,46,25,25,59,74,79,85,77,10,82,84,72,72,62,52,95,35,66,11,11,59,10,18,0,79,1,49,88,42,81,51,26,97,83,98,34,84,89,16,35,90,25,83,46,26,81,62,41,65,31,95,2,12,26,8,36,88,40,55,29,93,63,95,60,27,94,88,42,17,88,3,42,50,82,79,36,20,23,88,55,11,4,96,42,79,50,30,41,12,63,19,21,30,11,33,3,78,27,9
8,84,2,73,10,73,73,16,43,82,4,75,82,9,64,99,11,42,19,56,54,62,78,30,100,28,96,7,72,5,90,13,32,49,99,33,28,36,96,90,10,57,19,79,67,71,47,14,44,71,26,0,43,16,53,89,9,0,35,17,7,30,64,57,98,68,91,71,98,24,95,75,23,53,3,42,44,69,82,61,19,85,84,39,39,32,95,29,50,68,52,67,25,29,89,54,96,24,21,86
27,91,46,13,42,90,79,8,11,54,58,4,50,0,13,89,74,95,61,34,21,75,81,10,2,18,46,98,93,48,75,63,2,46,49,5,35,26,64,58,73,76,71,10,36,54,31,16,68,90,10,64,100,46,21,94,12,65,29,54,0,21,6,3,53,26,64,58,66,87,13,77,17,90,60,94,29,49,3,72,63,97,17,61,83,98,79,93,53,49,69,33,25,23,8,63,49,79,87,69
74,37,47,98,44,78,33,25,3,99,24,70,5,96,24,15,32,59,100,37,55,37,84,48,32,79,80,84,43,65,9,50,98,92,72,26,58,24,62,82,45,33,76,83,20,15,89,57,71,66,90,65,58,56,10,18,20,48,32,73,25,6,86,66,81,99,78,42,86,32,23,76,90,24,83,37,3,35,24,26,94,88,14,32,54,42,5,52,79,48,81,30,40,26,62,82,100,58,27,50
60,50,95,16,64,66,91,73,2,72,17,50,14,10,85,74,73,31,18,40,11,43,95,93,44,12,61,80,61,95,83,70,57,30,78,60,58,26,49,78,84,20,69,85,76,20,52,45,15,10,86,24,14,50,35,0,34,97,68,76,2,45,75,68,14,10,90,66,47,34,24,15,13,85,38,36,31,63,80,14,24,46,82,54,96,90,85,65,58,96,85,35,95,87,63,35,81,28,36,18
53,45,18,21,70,37,5,10,40,62,74,89,89,44,34,34,56,98,62,99,50,100,22,32,80,57,33,23,76,15,14,91,64,72,0,41,64,30,2,47,83,41,53,98,87,13,96,89,60,74,37,20,35,8,14,6,41,56,62,86,97,1,35,57,81,11,81,56,66,53,70,29,63,57,19,62,27,59,45,37,69,70,2,100,21,6,56,22,12,41,73,10,46,34,49,85,92,21,55,86
92,15,39,42,19,74,97,43,27,56,49,14,48,93,61,85,48,75,44,40,63,81,26,13,73,51,88,44,40,93,83,70,14,69,39,37,17,38,35,95,39,31,12,57,67,100,11,63,75,7,92,80,82,86,24,28,59,95,34,25,21,47,64,57,0,25,73,47,80,20,55,27,85,20,98,42,32,59,97,4,13,54,98,72,39,69,22,8,79,23,40,58,51,45,10,20,41,16,16,29
54,18,76,3,79,99,77,69,78,6,96,79,10,59,90,82,63,34,79,78,74,67,65,96,41,20,59,39,69,19,35,87,29,35,59,77,18,74,45,76,23,85,22,50,69,52,97,96,42,45,56,60,13,58,49,87,16,47,46,55,9,48,57,90,98,80,9,100,0,99,21,41,45,35,66,40,76,67,7,77,50,7,100,23,36,16,60,6,31,41,20,61,32,14,13,42,12,64,76,28
85,30,55,47,53,10,2,62,40,51,62,43,88,82,90,68,84,44,64,59,55,8,64,96,18,22,23,45,68,84,31,58,8,91,87,83,64,27,40,14,59,75,76,87,38,31,98,27,35,41,40,86,47,78,25,89,56,49,62,42,56,23,44,97,10,92,48,75,82,88,86,26,35,16,65,4,27,97,4,96,86,16,27,78,27,79,32,28,62,99,76,62,17,32,84,43,97,96,1,30