15,64,32,60,73,76,95,61,38,55,15,57,60,56,56,13,10,0,18,44,26,27,53,52,89,1,57,68,93,69,34,63,26,17,44,88,41,68,72,5,88,75,31,49,1,84,44,15,52,11,50,93,51,50,90,69,2,34,94,44,94,67,6,7,32,48,73,100,68,51,71,13,41,4,21,12,77,12,68,17,49,76,60,61,72,0,43,93,30,57,52,75,83,81,64,51,1,86,81,42
65,4,96,33,75,56,23,62,97,10,45,80,63,30,44,96,30,45,33,43,8,45,6,71,96,62,58,67,34,50,58,95,31,4,51,79,8,77,42,26,78,64,58,37,77,10,35,17,92,79,92,95,27,95,82,35,46,35,2,35,18,38,56,63,25,98,35,0,4,76,28,45,78,98,19,67,26,21,47,34,56,16,76,2,75,27,65,66,100,50,24,95,17,75,18,2,6,60,31,64
4,50,95,49,54,23,86,72,66,30,37,76,45,19,1,64,13,47,45,52,41,2,55,47,1,7,74,18,89,72,87,66,62,41,12,29,37,96,17,36,22,37,46,61,65,19,34,0,96,84,9,33,5,17,44,79,34,69,17,73,82,50,38,41,77,90,63,54,4,8,73,71,57,21,89,40,18,49,18,76,2,94,84,65,11,79,49,70,2,13,40,50,30,57,91,65,64,55,60,55
61,97,90,27,95,53,65,15,50,45,61,27,93,52,59,11,72,38,34,3,67,40,47,86,7,0,67,83,70,56,56,73,98,9,46,70,77,8,88,39,69,25,63,24,100,82,50,93,100,58,86,82,45,2,25,75,82,47,24,100,9,37,92,97,32,80,62,84,66,79,44,6,44,87,72,57,23,77,7,53,19,39,94,16,70,35,85,8,37,63,2,53,66,0,72,8,61,0,84,80
64,38,30,20,0,61,67,41,56,22,24,25,17,38,92,8,55,78,43,88,46,97,47,77,28,7,72,80,90,83,19,26,65,46,28,22,51,32,31,41,7,2,64,73,98,31,5,99,49,60,26,60,30,90,56,14,21,14,44,31,85,55,32,21,39,89,70,88,15,46,51,35,71,1,78,29,56,48,36,81,29,46,17,100,92,78,80,50,39,22,44,59,52,12,16,33,83,36,15,95
10,2,44,16,8,25,22,63,61,26,72,75,18,99,42,63,63,2,97,6,76,98,23,74,70,11,93,89,32,14,84,2,4,3,40,90,43,3,39,4,4,8,12,31,61,34,81,5,78,88,65,81,9,18,69,71,78,30,46,66,6,31,21,55,6,30,14,37,57,62,64,61,94,18,92,70,96,38,34,26,88,23,26,100,5,92,46,28,72,70,2,56,40,54,91,85,54,77,89,78
56,79,44,83,42,56,9,8,27,17,64,75,85,0,35,93,34,74,69,40,68,70,21,14,9,2,30,53,25,95,21,40,59,91,71,82,29,89,63,50,44,10,37,97,10,8,14,53,15,16,34,2,63,59,57,27,33,62,97,10,5,76,70,86,87,52,51,84,9,78,48,18,39,5,82,86,11,19,65,19,81,94,40,56,97,74,38,79,11,42,44,21,22,26,85,90,79,15,19,74
98,79,40,49,74,13,26,100,59,94,34,66,46,49,27,37,22,30,94,83,97,13,68,9,36,39,41,19,18,18,95,78,49,61,46,65,94,92,50,100,74,11,50,21,84,90,18,36,55,54,32,62,95,87,80,89,1,34,25,41,87,95,14,28,48,72,31,82,22,86,57,63,95,50,67,6,69,4,2,64,12,95,5,70,74,95,17,26,78,42,98,77,26,50,84,61,72,18,70,33
47,55,90,89,82,96,5,4,22,70,41,68,24,98,58,98,91,66,2,82,76,60,47,47,58,60,50,74,82,13,53,73,67,3,25,51,41,20,95,46,20,64,20,55,82,79,72,58,18,43,83,60,2,24,67,98,11,33,61,43,77,28,2,21,27,55,75,75,36,59,76,39,37,78,37,12,39,61,44,91,2,37,5,19,22,56,18,74,20,52,32,10,88,100,2,82,28,26,76,18
12,8,79,18,27,94,89,83,54,85,4,48,17,3,99,42,8,1,97,29,6,81,54,5,48,12,89,67,62,57,27,50,62,59,32,84,48,92,44,70,68,13,10,97,6,92,98,35,79,65,21,51,17,1,57,77,8,6,47,67,33,18,99,73,53,33,89,4,25,17,71,53,51,21,84,55,16,19,20,38,39,0,47,58,38,86,11,44,95,7,15,2,20,34,27,55,58,81,29,52
83,37,37,62,14,78,30,57,54,54,87,29,45,93,18,54,95,8,50,87,24,75,49,70,39,8,100,81,38,100,38,14,54,19,84,43,17,72,87,50,49,84,97,40,32,0,42,85,99,35,10,46,54,98,94,37,32,93,54,16,16,55,54,74,81,44,25,77,97,69,67,6,96,35,72,93,84,32,51,78,39,78,82,33,69,95,35,10,23,57,76,62,23,39,93,98,77,78,72,90
86,95,65,28,100,94,55,67,52,79,43,3,61,63,95,64,66,80,13,85,18,89,23,37,27,16,96,16,9,26,58,27,24,14,89,13,25,45,64,23,85,8,43,18,72,32,60,0,76,56,77,0,12,61,67,95,95,71,24,75,89,33,88,87,16,92,17,93,60,69,23,8,16,75,14,42,54,42,66,31,20,81,25,16,84,14,39,38,40,88,79,88,79,11,11,16,45,38,62,71
36,97,12,43,2,55,1,57,94,1,49,9,70,69,26,82,21,33,16,45,97,67,50,9,92,31,71,8,3,92,79,93,34,53,28,7,9,10,50,50,0,20,13,53,79,35,3,69,49,89,85,90,21,58,1,21,98,86,49,29,39,77,49,51,98,13,54,86,70,2,24,51,100,59,42,22,20,30,38,87,59,55,15,31,98,31,13,96,55,30,26,5,86,61,60,14,90,0,82,6
16,16,0,41,18,100,4,93,2,61,64,60,32,17,6,15,89,76,3,8,12,61,42,92,79,97,25,86,57,21,39,16,1,96,1,51,48,8,1,29,90,81,5,14,57,69,36,1,8,60,31,21,15,8,13,15,88,32,83,92,88,58,40,64,81,61,7,26,96,37,32,17,96,46,64,77,62,63,97,62,36,79,84,8,64,77,36,49,18,6,57,28,10,61,71,90,71,74,25,3
7,24,60,30,73,33,60,60,17,5,45,24,9,50,37,44,80,66,68,38,52,41,94,70,87,70,56,25,64,100,90,19,41,71,87,23,26,60,54,26,42,9,92,22,40,73,9,28,96,19,71,61,30,60,34,10,55,50,18,42,69,24,68,37,56,86,57,62,88,46,63,31,37,23,60,92,96,37,74,81,48,20,52,83,80,65,76,30,93,14,12,33,95,40,76,63,38,35,59,57
38,59,9,16,60,38,24,87,64,25,91,62,34,10,76,59,73,29,92,4,3,68,68,21,2,99,42,87,16,6,8,18,17,85,90,37,91,27,81,57,80,35,59,73,32,30,13,59,34,96,6,26,71,92,63,2,94,93,60,60,98,10,33,75,61,18,16,8,52,88,29,72,88,70,60,15,16,97,42,15,73,44,83,98,0,84,81,98,81,41,15,90,61,67,26,61,43,40,96,27
52,52,1,60,83,85,8,38,76,54,15,63,3,97,68,81,87,54,83,89,55,26,62,69,58,53,13,26,72,74,65,2,74,34,59,80,33,55,46,93,13,25,88,99,87,95,38,4,4,94,9,56,1,67,64,18,83,67,89,16,49,95,58,14,34,23,45,39,48,32,48,62,9,93,44,95,34,83,2,79,0,16,77,37,55,9,86,67,98,95,27,50,78,54,64,93,41,38,15,54
92,3,4,41,41,84,95,80,76,33,23,49,38,50,88,18,44,37,32,40,68,14,0,78,77,72,51,21,70,93,26,94,14,39,67,33,43,6,9,46,64,21,50,14,37,91,70,53,51,8,23,62,36,49,48,73,53,93,50,59,82,6,26,30,31,11,52,58,21,80,64,80,92,30,33,99,58,37,58,59,13,65,72,9,45,82,80,45,50,36,27,52,14,72,31,35,93,9,29,99
18,94,11,68,77,6,89,32,72,11,82,85,73,56,55,55,27,57,54,43,94,93,24,7,98,16,95,18,33,0,76,34,42,4,32,5,12,53,2,86,31,13,19,78,86,38,81,91,32,19,76,38,75,8,38,39,73,50,19,100,11,13,1,36,11,98,29,61,0,58,44,29,98,71,60,65,3,71,82,98,30,34,93,71,74,75,55,1,31,42,19,6,73,51,92,22,91,45,53,67
50,18,12,0,42,26,61,98,53,69,81,27,80,52,15,19,53,99,73,52,14,17,66,66,40,47,77,31,84,59,41,61,45,71,98,33,17,26,42,66,83,77,63,51,28,68,56,36,44,87,64,91,22,17,15,100,65,52,14,59,68,55,0,43,6,47,97,85,38,7,60,81,60,21,63,61,27,55,0,85,10,90,81,84,9,67,46,39,99,96,54,11,46,80,0,21,76,6,44,16
13,22,100,44,91,35,67,31,5,52,87,18,34,33,30,64,8,51,65,4,77,48,86,63,27,28,40,20,32,76,86,22,21,100,93,39,65,20,58,51,36,63,14,40,71,88,23,37,40,9,69,8,59,8,79,25,55,35,72,84,77,56,59,95,87,89,16,12,84,91,100,62,59,79,28,79,60,14,18,78,40,74,10,24,56,31,6,100,73,65,32,42,75,21,74,3,48,11,80,56
45,50,54,51,29,78,33,70,94,52,73,7,14,3,20,13,39,58,52,66,33,24,72,20,59,88,2,96,4,37,46,8,99,96,46,10,56,31,17,34,100,26,60,86,8,64,75,74,53,86,45,41,22,32,1,57,18,26,50,76,89,72,38,67,22,14,67,88,4,3,66,61,29,15,54,71,2,45,50,34,27,63,91,51,16,65,8,5,50,78,57,60,89,73,78,70,98,67,7,34
16,24,83,77,18,39,58,42,29,2,68,12,26,52,52,27,95,46,57,47,12,62,43,14,73,8,65,81,76,96,7,67,20,63,62,53,90,14,38,56,89,14,25,83,38,44,100,100,57,14,15,86,39,5,68,14,59,29,59,73,4,71,93,5,83,91,38,100,74,59,91,13,80,89,38,12,80,13,80,100,47,46,100,47,19,53,60,73,90,100,46,17,32,27,42,25,28,67,32,8
27,61,67,97,33,0,7,23,16,56,87,46,32,37,65,48,17,96,41,44,88,14,87,21,90,95,53,11,56,32,51,78,71,96,8,4,74,29,96,9,18,91,2,56,7,15,81,75,70,0,62,55,83,67,64,38,18,100,92,33,45,83,47,6,47,16,87,23,89,77,33,31,43,48,32,72,58,0,29,13,51,43,90,52,52,67,94,29,63,51,0,15,36,8,75,63,89,60,41,45
41,78,82,48,72,89,41,47,47,91,73,22,95,8,32,95,43,42,86,35,31,84,1,96,84,71,25,74,99,85,19,90,57,51,41,39,55,100,22,18,7,72,72,40,29,51,42,56,65,43,74,60,26,67,75,17,79,54,29,13,71,63,44,55,83,29,76,34,23,81,42,86,93,64,55,50,95,19,82,14,12,75,58,76,99,78,93,93,44,58,13,33,16,63,100,7,8,74,93,98
99,4,65,95,2,11,84,30,85,88,90,46,35,21,94,28,90,36,29,19,92,76,37,89,44,13,15,94,5,50,89,36,92,21,91,79,96,47,22,48,12,18,58,54,91,73,16,49,65,21,63,29,0,69,14,41,81,72,81,90,95,51,37,91,27,1,23,90,73,40,56,52,95,46,33,44,21,11,13,45,76,7,32,40,20,47,65,70,60,32,31,77,60,68,25,39,76,74,77,20
70,94,75,18,44,91,83,32,54,28,66,75,46,21,61,67,4,92,78,98,6,95,19,21,23,92,21,85,96,54,92,51,59,36,41,81,48,12,81,1,23,54,76,25,0,48,50,63,94,53,89,2,66,28,78,23,71,62,14,52,38,68,15,77,14,66,29,88,61,4,74,93,56,36,67,75,36,7,83,72,3,23,72,16,65,20,77,73,54,92,64,36,77,58,6,12,71,74,94,68
99,6,84,56,60,6,88,21,16,78,0,99,77,81,25,1,36,86,35,87,6,53,27,56,67,56,56,57,98,24,46,11,45,79,89,49,79,3,64,58,87,36,96,23,61,3,64,44,75,6,62,40,44,49,60,22,19,15,63,70,20,51,2,85,81,91,39,22,8,58,86,3,92,90,70,45,30,53,43,57,4,42,87,79,25,68,36,73,49,66,52,45,18,91,22,99,47,47,83,88
42,27,4,78,92,51,51,88,44,38,37,71,92,79,63,79,97,73,29,0,64,31,65,65,77,3,29,60,90,29,40,18,42,90,75,60,81,23,27,94,33,6,67,7,34,31,89,88,56,26,43,8,86,86,14,40,45,71,81,73,2,82,90,15,20,88,15,26,10,83,32,49,11,66,15,87,6,83,25,100,50,97,88,34,7,45,62,0,73,24,47,19,59,89,10,28,12,80,4,6
8,98,61,50,74,98,54,77,78,42,86,10,28,73,37,40,83,92,99,41,35,27,82,46,64,74,18,25,1,66,99,35,23,34,73,60,38,95,89,30,81,3,72,86,75,27,14,51,30,10,69,59,95,23,81,75,30,32,26,22,70,3,83,3,73,44,21,14,6,69,86,91,64,12,46,78,71,33,31,21,14,67,71,91,54,68,81,29,31,50,90,56,30,29,93,59,87,81,1,75
85,79,26,75,79,9,1,42,20,5,33,66,17,11,84,65,60,39,1,69,36,43,90,63,70,71,53,0,43,83,68,89,29,14,87,38,81,64,68,66,61,64,94,63,57,80,79,45,78,38,55,14,75,91,24,98,7,35,55,93,16,0,100,50,15,92,4,57,6,13,48,15,15,92,74,2,4,93,29,68,32,8,24,20,45,33,99,38,85,73,95,38,27,83,94,25,64,9,39,12
70,14,13,50,83,65,50,87,38,83,25,24,27,98,62,49,87,69,49,52,7,79,8,74,84,100,54,87,22,52,41,31,77,68,84,71,24,99,43,62,4,98,26,36,91,18,22,63,40,41,99,43,77,2,40,55,1,81,71,18,13,36,69,70,28,40,76,79,93,10,11,61,68,17,45,79,80,94,55,83,58,27,45,91,61,21,56,0,31,47,43,24,29,32,0,98,41,43,71,19
37,96,32,6,27,23,65,41,70,3,55,46,41,68,81,34,18,97,81,58,41,45,61,79,88,79,17,40,92,24,10,8,87,74,56,34,42,5,74,19,10,6,44,5,75,14,85,25,44,52,88,47,59,34,55,45,0,75,2,74,69,56,0,45,89,72,41,3,11,3,54,63,41,71,79,96,66,64,87,19,33,74,69,77,9,38,46,49,26,57,33,1,55,11,97,3,76,34,79,10
26,40,83,90,0,2,6,12,40,48,57,21,7,84,25,87,33,94,59,59,48,16,65,84,12,9,14,37,48,51,86,94,35,64,34,12,62,70,76,3,31,68,33,38,14,29,60,55,98,68,73,42,69,38,54,36,21,14,23,60,52,99,77,44,32,67,60,15,65,62,51,47,62,26,81,37,51,18,23,71,61,82,9,32,52,14,30,12,65,82,11,77,82,90,92,90,32,53,46,0
2,74,99,72,76,91,94,79,58,98,83,0,53,61,85,87,52,35,89,33,59,70,87,19,18,16,94,59,17,26,82,93,20,64,29,65,95,2,25,5,87,78,99,96,30,37,21,92,73,13,98,34,73,85,93,27,36,40,14,94,95,32,65,43,21,70,4,27,28,56,95,21,45,15,67,87,100,88,9,49,65,41,1,44,36,53,43,51,58,65,45,57,30,62,44,95,43,44,68,3
84,67,46,21,96,14,40,18,77,34,75,82,64,44,93,16,29,69,61,50,75,30,51,89,56,78,43,33,37,43,64,6,10,85,90,91,16,48,78,32,4,26,30,68,39,82,85,27,32,22,54,13,25,57,61,99,94,89,16,26,2,81,44,93,48,100,71,91,96,97,82,67,28,73,79,98,56,26,82,92,47,63,57,25,64,75,43,89,100,77,79,10,30,19,67,23,59,15,42,24
41,57,34,15,66,4,67,68,94,45,36,95,92,38,19,45,66,5,78,5,64,14,17,10,91,54,59,33,52,27,2,45,21,28,17,14,82,14,46,37,84,21,93,49,20,96,18,26,45,88,89,99,72,65,22,99,23,6,50,39,38,29,69,64,82,56,14,87,46,86,3,35,89,30,42,85,42,93,98,18,62,41,4,92,68,88,98,12,6,95,36,75,41,0,7,63,27,70,14,66
74,47,28,10,24,48,89,41,68,77,6,77,17,51,2,94,22,60,55,72,19,96,13,38,76,54,6,1,87,19,91,100,8,99,64,85,42,73,66,69,39,78,95,39,81,89,51,47,5,80,42,14,48,18,12,23,33,85,12,1,66,55,48,43,75,85,16,59,6,18,90,48,60,70,88,23,44,84,71,64,12,64,14,99,11,72,58,82,52,51,98,82,35,19,21,95,3,33,0,60
64,73,2,71,25,69,35,53,15,27,95,53,63,95,93,2,95,16,8,51,83,11,20,24,99,15,65,13,16,28,31,15,76,84,89,19,56,74,4,76,87,20,9,69,53,66,62,75,64,37,58,87,23,78,23,64,37,56,72,76,90,13,96,70,75,25,77,65,66,50,66,78,85,42,17,46,41,92,53,97,24,60,89,91,9,2,47,45,19,17,28,84,58,49,46,50,61,80,56,37
17,27,4,73,100,1,44,67,23,91,37,93,79,96,18,3,41,12,46,77,69,70,28,24,74,33,26,16,68,66,84,34,62,57,68,54,90,69,86,69,58,19,2,0,95,94,75,100,44,93,64,34,55,61,96,47,23,48,18,20,59,85,19,10,6,41,100,58,33,38,87,19,11,19,19,36,82,16,16,21,42,30,76,95,40,100,25,74,98,94,52,74,46,92,80,32,17,69,35,16
66,5,35,70,100,67,35,15,55,77,37,1,30,23,0,89,4,15,61,36,45,12,17,25,2,15,73,77,32,4,86,30,92,77,84,31,96,50,0,17,47,41,52,51,74,2,54,69,95,70,27,25,16,30,81,84,30,11,30,57,52,88,29,33,91,77,71,93,67,31,29,28,48,94,40,74,45,9,43,14,53,38,28,18,93,0,65,13,43,69,86,13,6,43,93,73,98,75,74,41
46,56,45,16,96,24,92,70,92,26,50,8,40,17,50,25,90,44,60,81,6,40,15,41,62,11,4,4,69,36,97,59,94,69,19,78,100,88,56,43,55,91,23,86,79,29,18,37,30,79,33,78,27,26,70,91,68,91,26,31,53,39,11,83,67,95,56,43,54,5,0,2,37,32,8,100,96,52,23,24,67,50,75,42,36,94,35,88,5,6,60,23,29,78,12,58,95,88,57,24
90,76,1,72,62,96,20,23,60,37,61,59,74,83,6,12,13,37,49,82,30,55,28,38,51,18,9,86,21,13,94,32,36,13,38,55,39,5,30,86,92,99,5,9,89,70,62,18,77,33,67,54,25,94,48,63,61,33,75,68,62,18,25,43,49,59,10,88,38,96,99,3,94,86,74,17,29,90,25,49,31,24,98,84,43,67,72,94,2,52,98,93,19,86,100,100,20,38,78,66
12,23,71,87,90,70,82,99,89,48,98,18,71,6,100,41,54,74,17,91,92,49,2,56,47,58,51,54,4,40,47,5,18,68,82,15,31,51,81,46,42,82,56,6,53,72,15,50,52,61,83,20,21,45,53,69,13,42,75,21,47,11,17,40,39,6,7,41,66,62,38,61,46,11,38,27,61,32,17,13,31,29,66,78,54,77,63,76,48,89,63,82,33,46,37,11,36,65,62,34
40,36,13,50,66,49,4,25,91,44,95,43,73,51,0,51,95,16,97,43,70,42,33,28,52,51,89,50,22,44,96,24,80,4,82,18,74,29,59,1,41,38,78,77,73,92,7,53,84,98,70,97,36,66,7,95,69,11,46,0,37,25,82,23,32,2,68,22,68,71,46,99,87,86,34,49,56,56,92,91,75,36,84,25,91,3,54,60,33,42,56,89,76,90,78,10,12,50,36,79
39,85,47,39,20,71,35,70,82,32,98,30,25,38,9,86,56,14,72,46,47,37,25,73,99,10,39,98,30,17,96,39,90,69,8,29,58,85,72,59,75,52,74,92,68,42,96,91,98,89,93,92,80,95,66,34,14,23,39,26,5,35,8,76,13,74,75,35,15,1,64,2,2,39,17,12,27,52,69,95,35,74,91,3,75,34,99,38,92,56,12,57,67,74,67,93,3,6,7,66
75,21,25,81,25,26,84,13,36,44,19,4,25,71,26,13,29,9,51,88,88,11,21,25,97,83,83,76,48,32,31,29,6,42,34,47,81,13,88,13,1,69,75,77,96,29,45,53,92,81,60,35,0,70,29,88,79,50,100,38,44,12,37,94,42,74,88,2,74,2,21,96,31,61,19,52,31,40,42,74,99,59,25,80,53,18,47,52,6,61,1,86,46,96,64,53,96,96,51,27
15,2,27,29,36,91,41,14,19,4,20,13,71,32,48,60,9,57,40,91,88,31,74,93,40,80,53,78,30,34,88,33,71,92,16,94,17,11,6,79,26,82,46,93,20,53,36,93,64,20,17,77,56,23,77,15,54,52,89,0,34,26,83,55,84,14,22,52,11,34,38,79,25,58,28,25,30,43,8,49,41,86,24,3,32,71,52,13,0,100,97,45,38,2,55,64,39,45,58,50
50,10,66,44,28,33,83,61,88,100,76,14,66,22,58,9,52,99,9,91,72,84,17,27,26,54,20,85,84,96,94,54,53,75,64,39,2,60,40,89,25,28,60,45,2,36,53,3,21,94,3,67,58,10,96,52,56,72,15,49,12,3,33,83,74,14,22,46,1,78,68,25,23,78,18,94,29,11,70,86,51,88,21,40,17,43,43,7,52,67,54,56,0,58,60,77,50,3,10,82
13,83,73,79,27,68,61,83,49,35,86,8,57,5,2,45,4,61,43,41,64,19,69,32,99,53,51,60,93,14,58,11,59,39,82,73,81,5,30,2,51,61,73,34,2,13,82,25,25,35,67,87,87,3,92,51,65,19,79,60,42,10,64,51,88,98,61,66,74,72,38,17,3,40,75,4,41,45,76,17,45,0,56,77,49,23,5,32,34,41,3,44,73,84,33,49,84,72,23,98
52,32,39,93,47,57,44,2,62,82,81,22,76,42,54,57,47,27,88,53,86,23,50,32,17,75,66,11,82,4,66,16,35,52,78,75,41,44,38,3,47,33,54,66,16,4,61,90,72,46,0,3,16,58,2,55,17,51,29,58,50,48,50,94,9,15,96,11,6,32,20,97,63,70,47,47,21,88,94,48,71,61,97,10,19,38,20,92,87,100,19,51,94,15,29,12,35,40,59,74
26,45,82,31,97,34,58,15,51,45,39,35,37,74,81,89,87,41,1,42,44,16,5,14,72,93,44,71,42,77,16,77,92,93,99,62,39,87,23,49,98,6,11,25,62,34,33,2,61,48,72,80,45,83,52,90,31,93,23,34,22,15,11,70,80,90,2,88,1,60,13,33,7,46,66,42,41,0,41,89,95,62,27,25,63,61,71,39,42,77,15,48,71,96,17,58,57,42,92,1
46,61,98,60,32,57,16,91,44,69,36,18,91,24,77,67,92,97,90,6,55,18,64,93,75,36,90,60,58,67,37,12,96,31,60,38,72,69,67,34,96,82,0,8,78,79,65,83,95,25,17,40,94,85,4,4,3,75,83,86,43,52,57,34,80,54,57,70,28,78,21,64,24,4,54,42,28,33,76,13,62,35,27,61,25,78,69,88,53,52,36,22,63,80,13,95,33,87,67,6
20,65,97,41,26,22,22,64,1,66,39,45,93,30,89,14,60,56,26,22,23,67,87,15,84,6,62,89,56,3,41,8,21,83,88,45,32,36,47,92,57,3,69,13,89,25,9,24,57,29,38,90,77,5,6,67,16,55,54,43,63,37,82,83,93,24,55,11,45,65,63,56,2,21,40,22,51,2,54,75,48,98,80,74,34,75,64,88,33,100,72,46,94,2,29,42,20,100,28,86
89,12,22,96,18,18,15,70,82,59,31,16,89,53,64,3,18,84,45,39,15,92,34,84,61,88,40,73,33,79,87,12,92,42,7,95,59,70,36,15,51,67,97,32,95,75,43,18,75,77,5,83,56,72,45,68,16,43,75,40,67,69,40,75,78,52,71,13,10,49,1,81,8,29,15,28,88,50,78,4,33,32,54,6,50,82,88,69,19,21,58,21,53,94,57,56,62,56,99,55
14,6,62,19,11,20,39,8,32,67,28,40,12,9,80,95,59,4,66,0,40,94,29,31,75,49,40,93,31,66,43,81,97,16,5,80,99,10,5,59,91,91,37,44,52,96,32,28,58,45,51,70,94,61,56,30,34,84,47,71,91,0,64,15,41,5,64,1,34,67,7,93,83,97,58,11,84,57,79,56,31,82,43,8,91,95,90,12,35,47,28,26,6,18,50,85,39,14,97,59
20,72,13,61,80,11,20,64,29,48,27,37,33,47,71,65,40,78,100,53,85,54,67,26,79,32,35,62,13,68,12,80,57,46,58,1,17,7,87,60,6,35,92,17,60,62,36,70,17,92,4,89,92,75,19,85,16,71,12,2,85,51,19,28,89,87,33,34,48,68,85,60,13,45,75,99,98,91,86,46,75,92,27,79,58,52,48,76,14,12,9,73,57,14,69,59,44,15,64,17
29,22,25,20,18,88,86,42,46,31,76,80,10,76,45,36,87,19,30,77,50,58,69,21,94,39,25,4,28,64,84,15,36,80,55,48,88,48,49,25,79,69,56,57,83,27,45,89,62,0,17,46,27,41,77,52,15,85,88,54,72,78,12,46,60,2,33,88,34,78,80,83,15,60,38,59,72,51,69,16,82,56,38,95,16,10,71,34,54,77,33,99,81,99,89,21,44,63,11,51
48,26,79,68,4,46,72,30,49,2,40,69,2,64,86,90,19,38,28,10,29,63,91,9,84,28,15,45,66,5,40,15,28,33,45,77,87,65,81,31,11,85,96,24,23,84,23,13,39,78,41,41,39,95,19,26,7,0,25,78,57,78,54,83,66,56,3,41,54,72,20,95,9,18,5,41,55,36,43,77,79,79,10,91,58,55,19,0,4,8,88,34,29,79,23,42,77,45,23,39
96,93,61,86,13,39,47,27,21,91,37,66,75,61,32,72,28,2,30,37,98,60,63,60,73,9,45,15,55,52,13,64,7,51,16,94,72,37,78,31,5,52,22,72,83,13,97,73,45,56,36,88,47,66,2,20,88,80,11,25,26,51,66,59,94,0,59,49,51,83,62,14,75,30,74,6,2,36,10,84,67,74,9,72,85,41,69,22,66,51,34,9,80,17,18,96,90,67,76,10
30,74,35,74,19,46,74,54,81,64,35,41,15,77,14,79,62,92,34,23,3,47,26,2,34,8,3,46,47,69,81,100,78,78,63,58,19,27,76,85,94,97,28,12,68,53,98,35,17,93,85,71,99,8,0,14,34,100,30,13,42,87,19,20,3,31,59,41,82,7,97,63,22,75,27,27,67,63,29,67,23,49,6,38,50,72,75,80,15,35,82,34,12,34,59,0,75,34,37,12
73,37,54,75,94,6,6,3,76,80,51,62,34,9,76,47,11,98,10,53,36,15,50,92,69,50,61,31,74,8,22,66,95,28,32,41,23,31,21,12,27,48,0,79,71,68,28,9,85,82,80,18,12,74,26,12,86,60,80,41,6,84,21,92,19,89,0,64,100,93,2,13,83,52,9,85,93,36,37,47,61,33,54,5,67,37,93,88,26,77,66,3,54,38,60,18,45,29,60,23
16,86,51,24,85,26,4,34,86,70,14,54,61,49,92,51,7,1,64,0,15,37,6,94,9,17,64,34,7,81,70,0,35,12,69,13,17,73,59,98,15,76,30,45,93,93,100,24,35,45,75,0,7,87,46,83,14,36,86,71,13,46,28,47,1,41,47,39,46,30,21,92,15,33,55,51,41,34,40,79,75,20,90,70,70,20,13,90,93,0,32,32,57,57,59,51,59,85,5,72
21,16,97,8,18,53,18,32,20,38,86,59,88,49,94,31,69,84,43,37,7,77,100,85,25,40,26,83,33,88,96,94,0,39,88,79,77,39,29,39,28,2,46,87,51,24,39,53,99,31,63,16,29,81,63,11,24,69,52,8,42,83,66,72,17,97,80,55,64,9,80,75,55,82,100,34,25,70,63,43,52,33,29,98,68,52,97,62,31,46,85,55,97,32,36,100,54,81,2,6
77,72,7,53,28,45,26,73,0,7,0,93,78,95,86,41,59,52,23,47,57,3,43,62,33,77,37,57,85,64,63,83,91,55,49,73,92,53,49,90,58,13,0,34,33,50,28,81,20,76,17,10,26,57,33,27,76,87,45,51,67,29,80,23,57,21,74,87,33,57,80,8,97,59,98,35,91,29,77,24,96,95,88,70,78,33,34,87,92,30,87,83,9,19,96,60,85,76,3,62
72,43,60,31,15,15,14,1,89,50,31,7,15,93,99,69,98,41,90,77,32,94,96,64,69,98,33,13,68,20,99,48,15,76,83,89,83,55,33,53,62,53,75,93,18,21,29,29,27,35,41,70,10,47,86,79,91,81,54,2,41,10,79,89,42,9,59,89,61,52,75,10,97,63,96,59,87,0,91,57,70,34,50,55,67,100,78,47,33,52,37,2,20,65,35,46,41,93,100,55
52,30,93,17,13,80,77,53,62,31,79,100,73,74,78,47,5,14,47,37,15,74,17,14,75,49,42,71,24,5,11,85,38,29,96,27,41,92,55,61,56,23,70,34,24,22,1,34,41,22,91,8,24,65,49,68,42,80,31,11,52,35,90,30,93,26,71,98,31,26,83,99,50,22,27,94,18,89,71,46,29,16,74,85,68,94,96,11,54,80,48,40,79,37,64,17,6,16,58,78
54,95,39,79,1,45,53,3,27,69,45,32,13,91,51,49,81,54,25,12,73,88,42,33,91,41,6,20,94,64,41,50,39,72,7,91,92,74,57,60,13,49,83,26,65,6,33,59,29,45,69,100,54,73,40,59,83,19,8,4,87,66,93,54,30,89,53,15,13,69,28,98,68,67,51,16,67,86,99,92,83,85,56,51,6,16,80,69,29,93,13,36,54,76,74,15,72,78,2,83
38,43,31,80,14,5,49,5,68,12,39,55,91,54,47,55,18,94,5,94,1,85,37,13,43,73,1,53,72,50,24,62,15,97,88,75,75,46,1,10,67,53,97,47,49,94,44,66,23,94,29,24,42,40,9,5,46,74,28,75,15,72,44,71,95,4,57,26,79,23,55,66,27,64,56,91,56,34,100,55,77,52,47,1,30,65,69,4,59,70,46,76,9,23,6,96,57,69,99,46
75,0,15,48,68,1,3,60,100,63,27,82,37,71,28,37,4,91,94,2,44,18,73,23,93,71,79,70,14,94,12,88,58,16,49,69,52,69,84,62,11,52,77,9,16,51,62,16,64,95,99,4,81,91,19,35,25,19,18,98,55,86,11,15,94,5,45,31,91,7,80,64,3,59,99,49,78,54,100,57,84,32,79,83,56,22,31,78,60,47,53,52,69,25,47,72,97,18,55,36
73,2,91,60,2,59,98,20,69,54,49,48,46,1,27,82,30,51,50,79,19,59,90,85,27,49,90,63,17,57,94,84,2,27,53,94,4,31,16,27,1,76,72,0,97,92,90,37,18,39,84,50,98,58,57,67,33,94,20,49,61,96,37,86,25,5,49,59,71,75,58,25,90,91,79,9,81,94,87,26,78,50,77,52,8,37,8,15,20,98,54,95,74,8,59,79,57,67,98,37
36,65,54,26,16,93,100,85,4,33,44,9,57,86,38,99,13,30,91,98,91,50,19,33,33,11,68,73,88,91,44,32,74,3,25,2,56,17,6,65,53,16,15,8,59,76,23,77,60,16,32,3,94,98,13,76,34,50,59,58,20,0,75,3,47,41,71,33,38,44,51,16,18,81,98,82,13,66,18,67,31,65,26,42,58,94,58,72,12,90,74,41,92,61,56,36,42,46,30,11
4,66,34,69,99,13,46,46,4,20,18,5,2,60,59,80,6,19,76,68,27,9,96,51,70,14,3,20,39,91,71,36,63,12,55,18,14,44,69,55,50,67,67,5,22,65,69,82,26,97,71,21,13,56,24,14,20,74,48,46,44,82,24,40,54,15,39,68,78,72,71,41,53,97,88,92,34,36,74,57,22,48,16,57,24,20,30,25,44,74,68,43,30,86,37,3,50,75,39,1
66,78,3,95,25,46,5,2,55,19,54,56,8,43,67,18,45,85,31,59,40,71,33,54,2,72,20,81,95,32,54,23,35,27,81,50,37,96,94,99,68,17,100,82,18,5,32,71,71,34,43,6,77,76,94,19,99,62,14,30,71,71,95,47,84,74,1,53,87,5,39,63,31,88,80,84,60,7,69,88,19,75,30,14,36,26,27,5,90,18,1,55,13,89,72,56,96,36,37,26
14,21,16,46,42,81,78,61,5,23,96,49,85,88,36,20,56,50,3,10,12,93,24,70,2,94,51,17,84,81,14,23,79,93,19,90,16,85,100,71,84,36,68,14,41,64,29,97,11,91,32,86,89,57,12,33,19,98,3,72,54,13,35,38,4,55,77,64,49,48,92,37,82,20,44,69,68,6,69,22,41,77,87,13,6,80,12,89,90,19,82,58,21,29,23,64,50,22,48,81
59,97,32,79,65,62,72,21,2,98,26,17,99,35,67,78,26,77,41,27,93,65,41,15,12,41,31,69,74,99,50,50,54,81,58,100,95,91,70,29,39,10,75,93,23,69,56,10,70,56,0,28,91,10,30,70,11,0,4,64,5,14,2,62,86,66,34,29,99,5,98,83,64,8,35,79,58,42,0,43,16,3,30,25,81,85,43,34,78,85,49,44,61,35,88,54,52,16,40,93
17,11,51,65,38,58,71,72,95,71,29,30,19,10,43,29,26,94,99,95,34,66,45,55,57,39,2,65,57,74,93,75,42,34,18,74,40,0,56,10,35,74,23,21,37,44,37,33,43,43,68,69,19,32,75,99,49,8,18,97,4,13,43,9,70,26,48,42,88,73,85,23,42,66,90,95,71,54,25,31,99,71,33,9,16,81,58,13,13,57,84,46,42,82,84,45,97,15,64,86
41,51,5,12,74,100,40,39,30,79,49,14,46,44,5,34,32,68,76,23,3,11,39,42,15,72,83,77,18,37,65,22,27,20,50,44,84,34,4,36,33,81,79,9,76,25,43,8,33,11,82,38,88,40,38,97,77,100,84,64,68,2,42,27,82,65,72,68,88,1,98,90,14,82,73,3,69,99,56,51,9,49,31,56,34,60,95,2,61,35,22,85,36,10,58,93,14,95,2,60
13,75,51,70,4,70,17,97,61,1,80,4,5,34,80,62,95,95,100,37,72,6,20,19,20,54,89,77,43,77,29,42,94,88,56,34,2,30,17,22,26,90,35,73,57,60,33,37,64,26,81,77,1,8,36,44,66,65,26,3,55,78,81,71,68,62,30,73,19,30,83,7,26,27,92,50,72,48,45,0,7,43,45,35,7,91,18,41,8,65,45,99,49,87,59,99,8,54,34,56
50,64,12,69,76,42,46,64,49,23,43,3,55,31,30,43,70,41,36,23,49,0,67,97,70,88,1,49,89,39,8,34,65,47,22,91,51,10,6,80,21,54,70,72,93,57,99,32,30,48,17,13,17,51,25,7,13,83,60,20,16,45,61,46,10,52,62,77,6,45,17,18,45,52,49,5,61,90,34,14,47,49,52,41,14,25,24,82,52,74,13,79,84,84,48,0,58,70,58,44
45,41,47,79,80,14,79,16,33,24,50,16,66,71,86,89,6,35,8,16,53,19,53,12,92,71,39,48,18,39,25,61,30,81,43,17,65,23,87,94,80,58,56,46,33,80,69,27,59,58,88,96,93,35,6,49,86,83,9,75,26,93,61,23,64,6,87,24,99,91,18,94,40,60,62,28,93,37,24,47,21,77,81,93,13,56,3,29,72,63,57,8,64,42,44,7,83,13,73,80
90,23,66,31,62,64,50,71,33,79,39,81,65,4,22,100,7,1,44,4,34,12,72,93,27,20,88,27,73,18,51,43,30,8,15,84,52,99,68,2,80,50,98,48,14,84,53,35,97,13,88,10,23,12,39,47,44,73,38,45,13,4,36,12,10,0,98,73,32,93,43,65,46,12,4,21,27,97,12,98,50,52,64,28,75,31,39,95,71,78,79,58,27,36,27,44,50,21,89,26
20,35,15,89,37,92,61,24,17,43,74,78,44,29,16,6,18,66,77,98,81,48,12,77,35,88,76,68,1,75,46,34,23,3,20,18,9,65,10,13,21,15,90,9,48,61,96,61,97,38,74,93,30,22,6,58,10,2,59,40,4,64,43,33,55,55,50,47,84,49,3,3,56,86,52,41,10,77,2,2,96,54,16,68,22,16,31,22,38,0,95,51,28,40,99,26,36,93,47,77
61,19,45,42,17,100,40,82,49,92,56,85,28,1,41,28,92,18,94,80,25,53,22,86,25,33,11,89,98,88,38,22,65,79,57,6,61,57,48,15,82,60,47,88,89,16,28,62,61,40,54,63,94,8,69,78,22,85,54,84,64,2,4,37,13,83,85,26,28,57,100,68,31,47,31,75,83,44,14,81,33,66,1,16,91,33,11,25,6,73,83,35,26,36,18,8,26,4,30,47
27,90,36,65,24,52,83,19,49,60,95,80,88,37,64,21,43,18,83,75,68,67,32,19,2,32,9,97,38,10,9,76,52,22,13,7,74,46,8,37,94,40,7,75,51,63,6,77,73,55,81,73,14,99,81,91,52,91,53,55,4,40,11,16,96,59,35,100,39,1,67,57,98,61,23,61,73,58,68,95,11,20,79,47,18,68,35,47,28,62,77,66,35,78,8,26,30,79,18,0
99,67,0,50,28,23,10,80,6,49,8,44,63,95,35,49,49,22,95,91,90,31,55,74,8,14,5,27,21,89,92,78,4,82,46,72,95,99,75,93,82,47,39,25,0,71,71,54,27,14,32,55,42,10,31,47,35,31,30,71,44,0,0,90,52,67,62,62,4,65,73,27,69,49,57,27,52,20,77,46,92,17,69,54,70,43,90,43,53,43,47,82,93,97,89,17,24,14,46,92
31,61,27,70,28,26,53,57,13,40,10,86,5,72,6,15,31,52,2,68,57,93,17,50,94,73,93,39,71,26,20,71,3,96,61,30,72,63,14,3,17,29,40,86,77,12,65,9,86,15,3,36,7,74,29,79,28,65,78,15,67,77,57,46,85,11,46,32,75,8,3,50,5,77,73,69,49,8,7,79,58,10,65,45,19,49,43,84,78,94,56,36,98,56,17,84,76,17,53,75
97,10,66,26,86,53,64,90,9,84,73,8,80,4,27,46,70,81,21,60,83,86,87,38,47,81,94,83,16,5,59,19,22,78,77,32,45,16,98,94,52,88,1,51,86,29,81,1,45,57,76,35,7,29,14,79,53,98,2,69,75,31,84,1,22,72,56,72,58,84,84,53,14,79,95,33,28,100,42,56,78,81,72,0,30,66,42,48,5,77,66,85,65,35,93,66,72,4,25,91
15,30,46,71,61,83,21,57,92,8,77,42,82,88,64,74,23,34,46,10,80,76,97,77,99,76,78,24,2,76,30,5,51,38,28,33,91,99,57,98,80,3,10,20,17,9,95,47,65,19,41,92,63,96,76,97,83,16,22,55,23,47,41,43,56,43,85,84,27,0,12,20,33,37,62,68,62,66,93,49,73,38,84,13,94,2,73,36,89,4,22,89,50,43,62,27,55,86,21,31
47,16,2,80,35,37,75,87,29,14,8,72,38,17,66,38,27,38,95,45,77,93,84,95,36,78,27,94,7,46,28,71,26,45,48,53,44,49,95,77,22,64,9,57,69,41,96,87,87,38,34,89,83,75,43,59,86,40,54,6,87,89,46,12,71,35,20,84,34,23,14,21,30,17,29,51,26,49,77,9,33,84,60,60,71,2,9,87,93,65,34,38,49,64,70,15,94,31,70,54
27,56,16,4,60,90,10,0,88,76,67,74,25,34,94,5,16,41,49,53,66,85,73,99,41,10,58,86,36,8,32,95,84,0,39,59,30,11,14,47,85,91,68,87,95,24,99,22,21,0,64,66,59,83,83,24,39,43,72,60,85,43,96,85,91,56,72,4,60,99,11,88,82,79,74,82,83,56,40,90,37,56,55,80,74,6,86,92,86,81,67,63,2,76,34,50,92,25,30,42
77,83,41,84,78,21,37,61,13,87,49,12,31,92,71,67,47,61,3,58,43,16,57,39,53,90,90,96,63,11,32,25,89,91,60,50,64,73,30,55,3,57,16,98,80,87,88,50,42,61,26,66,30,41,78,97,90,0,3,73,75,83,21,16,51,58,24,71,77,69,68,18,55,42,12,83,18,85,22,51,0,94,13,81,22,86,98,84,44,21,37,85,70,60,88,29,99,36,87,0
29,97,3,97,24,10,40,61,4,76,4,55,33,24,31,22,3,96,20,30,55,27,33,78,37,18,71,59,21,27,72,71,84,24,33,3,69,63,98,48,66,46,86,32,21,7,64,70,87,98,6,61,46,82,26,5,67,96,24,34,88,96,60,81,89,62,36,89,99,91,26,49,99,30,95,48,17,15,90,19,48,55,75,11,95,23,45,68,20,79,69,31,66,50,77,3,36,76,13,57
41,79,90,75,95,94,2,72,61,96,70,62,69,17,33,54,3,90,0,30,3,12,13,30,17,13,51,69,76,83,60,87,63,1,50,0,17,3,35,55,73,23,37,98,84,33,8,92,22,94,17,13,6,0,59,10,83,48,0,29,84,32,23,52,9,18,11,98,21,83,65,5,2,14,52,63,41,94,9,6,72,90,44,88,51,12,74,30,88,5,36,53,18,14,33,77,88,82,87,53
49,38,41,26,12,12,66,7,37,84,36,4,9,47,71,60,87,10,41,27,84,22,25,55,36,43,84,17,2,38,23,39,91,28,85,38,65,50,93,5,6,42,56,6,76,97,43,35,52,66,31,52,83,49,66,31,52,82,27,71,2,9,26,87,12,9,79,35,29,56,85,89,25,77,12,47,12,99,15,21,6,88,77,50,40,2,53,78,48,86,19,4,11,59,51,22,70,69,5,66
36,20,72,1,89,63,76,86,72,35,45,60,64,3,98,41,55,62,17,39,91,84,59,67,15,72,21,96,72,10,88,40,39,66,72,87,9,87,44,6,47,82,9,8,47,31,98,9,22,20,29,3,36,99,22,88,9,66,87,62,68,16,47,97,86,98,39,97,14,56,71,29,59,41,37,18,48,75,78,100,13,34,15,43,16,87,25,39,38,66,91,35,65,8,59,80,1,77,100,83
84,23,86,28,27,53,76,88,48,50,2,69,43,15,13,75,41,8,34,36,37,37,96,90,20,31,98,4,78,26,14,97,49,90,20,77,37,12,0,79,4,38,45,48,63,44,84,22,12,86,54,45,79,27,80,31,70,67,15,7,37,21,63,79,45,76,31,21,55,51,100,33,47,84,29,59,91,12,72,18,65,34,81,29,41,22,44,70,97,59,81,20,92,18,94,47,75,1,59,89
40,6,39,86,11,96,53,37,95,10,92,90,80,16,43,25,68,97,94,100,79,97,4,75,28,63,96,82,77,61,69,15,12,93,98,65,26,81,17,28,100,25,11,21,27,62,46,47,70,83,39,100,42,27,39,55,21,69,83,53,22,61,92,40,5,72,100,11,2,89,47,74,84,31,94,63,60,3,3,9,64,57,100,35,28,37,6,37,14,2,12,88,25,70,15,73,73,68,55,36
43,14,23,62,26,58,56,45,16,81,74,22,98,90,33,0,49,86,10,11,89,63,85,39,30,65,78,98,18,10,5,95,12,60,35,33,40,8,65,52,13,51,74,100,26,19,1,31,6,28,47,5,70,95,81,86,64,85,43,39,87,69,50,50,14,35,12,40,48,69,76,94,66,51,94,30,6,25,57,28,63,64,84,36,94,68,33,20,73,28,36,67,67,66,21,76,89,5,43,68
55,1,3,25,52,92,50,35,57,57,9,53,72,25,9,41,83,6,15,68,54,78,0,92,61,39,76,89,62,79,13,89,1,99,72,22,21,76,70,58,41,15,37,77,15,58,90,27,36,44,43,78,28,99,75,67,91,95,43,48,34,100,76,63,59,23,21,65,43,19,70,27,11,45,84,56,11,20,35,21,68,7,57,54,5,93,36,15,83,23,39,78,73,57,20,22,16,80,61,15