85,41,65,10,31,15,12,84,66,83,11,27,60,73,18,11,56,89,36,91,22,38,27,2,69,78,23,51,27,13,10,44,84,65,24,50,14,8,96,78,32,41,20,13,97,5,37,91,59,2,97,96,51,5,39,39,88,100,20,30,82,38,15,10,90,51,69,8,50,35,21,81,74,6,20,97,24,57,74,59,32,40,2,77,50,27,16,92,27,45,31,95,67,75,33,99,13,48,30,66
88,63,84,89,33,0,6,59,75,93,77,75,16,93,33,85,91,25,38,25,94,88,78,39,16,60,2,97,40,54,97,97,100,85,55,61,70,53,48,43,33,76,17,77,61,12,2,98,33,3,98,68,97,92,40,65,77,51,27,35,16,7,96,70,63,53,77,99,72,12,37,34,56,20,88,70,51,11,63,77,99,76,54,84,92,72,30,69,55,35,83,93,61,16,94,37,48,86,16,6
71,37,29,33,58,30,29,80,70,93,68,60,18,72,79,80,18,83,58,44,76,52,50,57,42,38,14,20,66,48,69,26,69,60,19,100,85,42,62,82,19,88,68,98,98,64,71,93,94,58,47,15,14,100,27,62,99,21,61,74,2,7,10,53,28,85,97,57,89,49,94,48,24,58,16,44,16,74,75,60,44,93,54,7,5,79,44,79,79,68,45,57,70,25,15,78,15,39,73,30
37,74,6,78,78,53,79,59,91,7,66,71,90,51,97,10,95,26,32,47,32,95,66,32,23,65,92,44,78,28,84,80,51,89,54,17,60,90,28,9,72,36,82,95,7,31,59,1,29,75,61,48,47,35,95,12,32,39,30,14,64,92,6,5,85,1,25,97,55,55,63,49,64,29,19,81,27,58,79,89,53,42,55,35,53,74,9,34,14,85,79,58,82,61,64,75,29,84,67,53
85,25,67,97,72,62,59,56,59,34,27,13,74,65,43,77,74,42,97,24,97,67,82,25,58,28,85,64,15,70,6,63,40,16,6,25,26,53,95,54,80,12,55,12,9,26,96,1,94,26,100,96,97,7,89,51,41,66,63,79,21,72,11,17,82,8,72,84,47,20,51,79,46,11,34,27,96,57,29,33,88,55,39,66,3,81,74,47,37,59,60,66,56,21,97,81,15,19,12,57
51,26,82,31,30,99,58,20,55,71,92,67,73,90,74,25,77,76,79,84,21,15,87,72,84,45,26,10,34,53,72,68,73,24,35,79,72,14,80,78,7,45,58,16,94,24,27,11,13,37,53,52,24,36,6,90,74,40,76,51,91,23,44,14,94,64,5,55,72,99,7,37,80,31,58,96,8,59,85,3,48,49,48,3,24,56,74,9,77,86,100,78,24,24,67,22,30,13,87,90
0,40,81,3,19,54,3,48,0,69,76,51,95,60,0,85,92,41,54,98,6,19,38,41,29,10,65,63,85,16,71,39,81,45,20,87,96,96,55,68,24,84,67,31,49,100,25,87,3,61,45,69,84,81,24,31,24,8,97,24,92,60,41,59,85,91,32,94,65,55,26,15,83,37,5,93,38,100,74,43,16,32,96,78,90,99,32,98,48,15,49,33,55,11,85,63,80,17,39,91
12,21,6,84,71,22,84,61,24,30,42,1,43,76,39,0,2,49,3,33,35,79,19,33,32,49,60,38,85,90,85,43,85,61,73,24,71,79,82,92,60,42,88,90,18,80,33,48,7,48,75,96,23,100,0,43,32,16,11,92,89,6,65,76,98,91,43,23,73,92,26,92,65,18,51,88,58,59,20,14,55,80,89,43,8,29,82,66,56,64,88,92,72,87,29,10,56,71,32,47
57,52,35,38,73,30,34,41,66,29,2,92,9,3,45,76,5,31,62,74,48,48,52,0,36,7,50,10,56,56,42,80,13,9,85,100,45,69,92,19,23,73,81,59,86,37,31,75,13,80,30,1,0,81,64,39,44,38,14,60,25,70,89,78,73,4,65,79,34,58,99,47,24,53,51,0,86,84,9,92,9,93,5,32,47,28,39,3,42,71,2,45,42,64,12,37,16,46,97,0
68,77,61,83,29,9,26,70,65,37,17,7,36,52,88,89,71,24,29,87,66,18,8,38,30,28,40,98,58,38,33,34,47,92,100,72,51,95,12,20,1,89,4,29,38,41,82,37,3,62,35,1,70,54,27,22,47,48,65,22,48,89,22,67,69,54,43,91,59,50,97,76,37,31,8,66,86,11,52,77,45,19,72,62,88,1,36,56,53,0,89,12,97,5,9,100,19,21,47,52
45,83,71,38,98,60,13,37,63,55,79,41,25,67,92,49,6,1,41,44,39,36,31,29,9,52,84,50,8,2,23,38,90,4,29,87,9,8,7,12,92,35,73,29,28,93,67,81,98,97,2,93,60,13,30,0,5,56,96,88,59,30,16,47,1,47,100,15,90,75,77,89,26,94,71,28,58,84,57,37,75,34,70,30,47,93,93,64,93,80,70,9,58,31,54,54,94,41,8,42
92,37,2,77,60,1,75,97,61,37,92,89,87,20,77,0,88,15,84,45,22,49,82,23,98,84,97,84,40,7,29,88,10,84,86,92,61,75,57,3,51,63,98,26,78,58,27,67,11,75,34,25,77,8,95,1,100,97,44,34,61,33,73,76,25,13,93,17,36,10,39,14,57,99,27,100,83,0,35,92,85,70,70,100,52,88,74,4,36,95,1,24,76,79,79,27,40,31,19,38
94,33,20,52,22,45,76,57,83,29,2,81,29,18,35,36,61,29,9,73,33,75,23,81,38,89,17,12,92,23,82,22,25,61,87,93,0,3,76,45,13,36,70,26,68,20,50,43,69,11,44,55,55,16,17,15,37,97,88,35,76,51,30,72,44,50,44,99,82,4,0,71,86,14,76,90,88,2,44,58,81,22,99,7,91,45,80,10,14,54,80,38,25,34,36,53,29,65,5,13
49,60,20,100,64,15,58,47,19,83,47,72,36,96,23,72,81,86,42,12,6,56,8,89,96,51,68,6,65,91,46,3,29,30,55,23,4,100,59,15,32,26,93,78,79,1,48,97,24,72,98,79,20,81,42,43,85,89,1,81,71,3,93,55,58,76,27,53,3,12,81,69,42,82,5,39,43,77,51,38,42,9,52,33,68,41,84,41,28,1,53,100,84,33,55,97,42,59,28,82
96,65,24,50,75,65,34,17,41,87,97,47,88,100,89,76,47,33,11,77,68,65,87,72,37,61,61,37,42,75,82,62,38,83,7,92,65,75,22,44,95,83,65,83,35,17,100,21,51,51,76,38,34,9,94,94,99,95,76,25,31,16,12,96,8,72,36,11,16,69,7,53,67,32,29,70,16,18,39,61,37,70,63,34,95,62,32,21,7,67,96,13,95,89,18,100,28,10,75,94
63,92,14,13,94,37,9,50,70,8,67,30,78,42,76,43,52,38,95,69,41,15,12,53,98,14,11,52,60,13,67,4,57,30,66,75,40,98,31,7,18,98,55,11,27,99,19,43,79,77,97,61,1,21,40,9,54,48,26,28,28,73,2,93,11,70,99,91,54,98,83,39,66,52,21,51,63,86,83,84,71,78,19,47,97,4,75,25,92,25,80,50,23,29,13,2,85,95,56,78
66,52,97,56,78,19,98,78,6,65,82,43,66,72,80,89,17,34,86,9,86,64,57,32,60,39,87,10,34,3,62,19,89,9,33,54,38,20,69,55,47,38,53,67,88,57,14,83,41,9,45,23,63,71,20,22,68,68,15,76,33,39,99,82,46,10,11,0,50,14,52,69,36,64,19,89,84,62,54,15,72,2,75,14,27,70,95,51,89,19,36,91,23,91,93,91,81,10,83,82
4,26,41,24,46,37,61,99,95,6,32,58,50,44,37,64,34,9,54,96,3,94,19,58,100,91,47,4,9,72,3,14,13,69,56,93,37,24,76,61,27,80,71,77,55,8,71,26,84,63,9,66,94,55,56,50,3,75,41,7,36,2,93,91,44,39,45,47,29,37,51,35,79,47,77,72,87,13,68,88,82,71,67,47,28,47,70,48,30,37,14,77,9,71,16,88,7,60,7,31
57,45,79,81,25,99,74,85,58,74,51,15,4,3,18,93,15,75,14,87,70,49,7,49,64,59,5,100,26,51,84,96,33,5,10,94,12,50,19,32,70,11,27,90,87,67,29,54,57,76,72,22,96,84,53,94,37,25,41,80,11,23,3,93,33,4,52,44,59,87,47,21,12,28,45,3,98,54,1,18,87,11,54,49,53,13,60,54,85,79,52,52,30,96,24,96,91,6,58,47
1,83,67,57,33,96,20,3,51,95,33,99,9,56,13,56,49,81,15,94,94,78,50,88,94,40,85,98,41,77,48,85,3,21,84,31,17,93,55,54,35,37,92,61,42,72,90,27,35,13,18,5,55,13,3,86,80,37,99,18,90,79,31,21,73,92,0,64,26,27,67,81,92,45,22,55,69,11,50,97,53,46,91,52,10,86,93,15,34,56,10,68,94,97,69,75,38,74,96,78
54,69,85,63,10,16,25,22,1,38,81,48,24,22,29,2,90,47,51,40,54,67,44,6,32,52,54,21,90,19,86,18,42,76,36,92,36,74,34,24,45,20,47,30,0,91,93,93,83,29,79,44,17,80,97,18,90,81,43,47,29,32,25,13,11,53,52,96,73,46,21,86,67,78,94,5,15,11,14,31,77,74,40,69,82,80,7,63,26,47,62,93,16,66,32,7,21,27,25,19
82,16,93,48,26,54,86,14,98,26,36,74,7,7,22,37,96,43,16,33,53,95,61,55,30,98,78,59,70,40,13,23,60,70,89,40,57,38,61,44,5,80,60,67,6,49,23,54,96,81,32,38,52,76,55,20,91,71,36,89,67,98,58,53,43,61,57,94,12,28,64,79,82,16,26,96,86,63,13,24,18,22,31,88,50,32,73,21,91,3,10,29,12,18,81,24,5,32,12,71
52,44,33,93,89,100,61,2,63,80,36,73,20,84,100,60,59,17,86,68,3,39,93,93,84,55,89,60,45,0,40,57,82,2,50,10,48,76,27,77,26,91,81,83,89,31,76,2,11,33,93,12,9,62,8,42,13,85,91,69,26,70,36,36,37,68,29,52,60,85,11,25,40,38,53,35,54,86,68,45,10,36,21,86,6,83,80,15,12,11,13,31,5,82,99,50,47,95,78,57
51,10,25,76,58,35,46,84,62,60,34,53,95,96,13,88,72,16,28,63,79,16,0,41,55,16,79,42,85,27,6,11,45,10,30,1,4,81,81,70,59,47,63,72,64,77,41,90,17,68,36,64,83,7,31,60,50,76,75,66,12,71,38,11,69,50,61,8,6,63,49,55,59,24,56,18,6,56,99,49,2,25,3,87,44,68,20,21,4,93,50,97,58,40,15,37,1,11,1,20
78,65,37,4,17,33,71,81,35,56,40,98,57,14,72,18,42,14,65,4,7,48,46,12,51,36,81,1,93,13,48,31,65,25,73,45,68,9,53,28,45,38,43,48,17,72,40,56,74,78,40,30,60,42,42,38,96,41,83,43,52,67,83,32,4,84,53,53,55,33,88,67,54,82,71,31,17,85,95,39,19,39,94,49,48,78,37,14,26,8,63,72,89,11,12,66,32,47,78,70
14,58,14,34,32,24,1,36,84,70,92,97,6,87,24,18,41,33,85,5,77,3,23,12,7,96,13,53,93,18,87,99,45,39,13,63,54,95,89,24,28,16,57,94,36,65,36,41,68,30,89,3,16,6,84,46,2,50,73,98,10,6,86,58,5,62,1,33,38,76,59,98,71,47,26,28,100,31,57,96,95,85,96,53,85,72,61,83,36,79,61,6,51,79,14,3,62,95,55,4
10,65,54,19,82,58,81,99,78,7,12,78,92,78,29,0,14,15,89,33,20,94,40,47,15,34,96,28,12,53,70,92,5,89,9,67,36,25,18,33,80,2,68,68,71,75,83,75,14,85,63,66,18,41,14,52,19,24,78,14,42,52,95,58,58,98,1,13,88,80,44,18,55,29,59,48,79,32,78,46,63,51,21,31,33,24,24,79,50,12,95,61,27,54,14,74,17,42,20,85
82,6,41,28,93,70,84,52,69,5,35,17,37,19,64,4,97,39,78,40,71,54,99,17,27,65,84,11,24,47,64,46,80,61,68,94,24,30,19,50,56,44,82,74,47,35,73,48,46,100,54,93,77,32,42,28,19,87,46,60,11,42,3,5,22,91,39,36,32,16,76,66,55,83,30,32,46,54,92,68,30,44,85,94,21,18,93,38,55,45,45,56,37,68,46,46,3,73,51,55
58,94,96,95,83,50,16,26,76,13,9,58,9,7,14,17,69,9,44,7,1,3,75,88,35,91,64,25,55,98,80,35,18,53,49,26,29,26,97,100,51,38,34,30,14,85,89,25,10,66,60,19,34,68,56,7,41,76,30,61,47,100,20,64,29,6,60,26,23,100,66,95,75,62,68,37,0,28,26,46,1,94,31,59,72,31,100,98,7,8,25,5,13,68,100,72,69,96,32,84
40,45,20,28,74,81,7,66,32,87,52,37,81,99,3,50,85,63,88,89,92,54,34,100,28,5,40,67,85,82,75,1,84,52,94,85,56,57,0,100,89,75,100,47,6,20,45,16,89,90,94,24,5,84,49,59,26,29,78,18,26,58,56,29,76,21,85,17,65,80,93,90,60,30,88,58,52,45,26,99,74,71,31,84,18,54,74,43,54,6,52,95,12,87,49,35,62,72,77,73
43,19,37,55,7,57,43,93,34,65,69,11,1,1,30,92,71,87,23,68,76,96,29,79,67,41,16,35,47,34,32,51,88,81,43,53,0,55,64,30,34,78,40,31,88,27,82,61,50,70,65,96,57,8,32,46,62,2,9,94,43,32,13,44,90,56,27,67,4,34,30,8,7,43,78,31,44,24,32,85,40,90,63,19,3,98,60,49,28,58,25,39,44,13,68,88,78,59,100,4
98,49,1,50,73,25,50,81,55,92,34,49,66,38,91,38,54,75,40,79,21,18,44,58,64,66,31,40,60,14,76,74,94,31,20,76,2,21,33,42,52,36,19,33,79,25,16,8,59,100,99,84,64,92,41,4,10,12,49,41,50,18,82,84,54,82,89,71,34,70,54,28,19,20,18,39,13,44,76,0,73,78,77,6,36,83,46,64,64,95,13,84,89,16,27,41,38,19,35,72
95,68,22,45,17,17,19,49,47,12,54,85,17,96,67,86,62,24,94,34,2,48,4,50,78,11,96,19,14,44,25,84,53,98,75,100,9,83,38,51,64,77,64,45,64,86,46,16,13,89,53,57,53,48,73,95,62,36,60,21,35,76,12,96,73,36,32,68,7,94,98,41,26,11,16,3,84,17,24,82,89,56,14,46,23,96,28,34,95,39,0,39,37,47,88,40,6,35,51,41
9,53,18,9,16,43,62,68,73,78,33,17,21,86,7,18,98,76,0,32,83,82,65,85,6,36,24,4,51,30,5,13,70,52,15,80,81,44,49,77,88,16,63,39,86,77,22,29,22,48,64,48,48,33,48,25,49,98,18,47,89,93,72,61,77,64,19,68,98,99,12,3,99,5,100,14,33,57,63,37,16,41,22,99,94,95,56,3,56,89,17,61,74,56,34,32,70,49,5,24
71,99,70,50,5,62,71,26,81,83,27,96,21,85,82,48,93,95,17,35,94,92,54,66,16,67,1,48,88,87,0,92,74,31,56,86,93,50,36,87,43,54,88,98,63,90,31,11,86,9,80,88,80,94,49,23,71,34,37,52,61,80,8,87,55,35,77,95,15,93,34,89,83,63,39,40,38,37,94,22,72,98,87,94,0,71,47,28,11,24,87,7,97,50,20,97,39,95,87,41
80,45,99,74,51,80,59,12,46,44,26,87,68,43,0,82,86,53,71,97,77,82,66,88,10,50,70,37,67,32,90,53,54,60,70,77,35,63,4,13,50,78,48,20,34,46,13,3,26,53,16,38,11,67,84,57,98,34,60,46,62,96,3,4,67,61,10,12,100,7,40,77,11,97,90,29,63,75,25,21,2,14,21,94,21,98,73,16,17,8,4,87,35,74,3,29,57,67,14,71
95,86,84,44,79,99,97,96,53,22,43,12,59,82,80,10,92,34,24,5,18,71,30,44,99,37,75,94,50,96,76,7,9,29,57,18,84,69,45,15,83,57,86,48,24,14,44,13,91,100,70,78,47,74,83,47,71,63,10,25,27,44,51,3,63,17,62,85,34,81,25,77,58,43,14,7,99,80,94,73,76,67,36,50,92,77,67,62,0,9,14,72,31,11,92,28,60,23,64,24
100,38,11,29,7,83,100,98,10,40,88,60,31,14,20,54,86,64,90,47,72,33,98,79,84,62,1,65,35,85,13,20,8,55,58,81,28,3,14,74,42,5,20,65,71,57,65,54,56,67,69,97,22,89,99,94,74,26,50,44,10,41,73,45,13,99,59,30,99,59,77,30,6,4,72,68,85,85,99,34,40,68,17,64,55,91,19,7,43,88,19,94,39,100,63,4,45,29,94,5
20,51,77,82,85,60,77,12,79,68,38,48,13,96,11,63,44,55,52,89,0,34,17,33,15,50,91,58,57,27,66,42,6,6,83,23,38,28,84,21,13,32,87,82,63,15,6,50,44,61,19,59,78,20,6,38,24,76,6,25,30,0,77,36,71,38,47,30,28,23,5,70,24,7,69,43,80,32,82,65,18,41,3,42,12,13,40,7,40,89,50,63,12,41,92,3,25,34,56,88
71,45,56,72,82,67,52,30,36,49,35,22,80,49,58,69,58,72,60,20,5,11,18,32,47,64,32,23,91,90,90,64,17,19,32,17,1,53,50,66,31,84,7,62,40,42,54,37,87,50,49,74,72,69,84,46,1,27,60,73,53,54,24,14,21,48,73,29,46,27,12,30,63,47,66,46,5,80,34,30,33,56,93,13,52,90,78,24,60,14,77,14,12,89,6,27,29,90,18,27
59,52,36,5,69,71,73,22,92,42,50,67,57,77,12,67,4,76,52,36,25,96,54,95,74,14,35,30,76,26,38,41,38,9,40,25,66,2,1,5,99,64,14,18,99,34,70,97,84,30,61,79,48,8,60,17,47,67,71,37,46,38,29,63,18,76,90,11,26,93,19,44,28,15,85,60,47,93,46,6,100,10,26,92,63,8,83,43,49,47,32,49,62,74,95,77,10,63,53,12
36,45,70,49,13,32,22,73,11,23,54,77,41,56,31,23,30,66,66,4,49,96,52,90,2,82,90,22,59,24,84,41,56,81,91,74,62,35,3,32,4,34,3,4,70,44,56,44,42,18,49,86,61,1,81,91,98,99,93,22,24,10,34,68,38,18,67,42,33,86,58,64,97,79,16,67,96,8,98,7,77,39,92,11,18,41,70,29,31,78,70,5,57,83,27,14,34,60,9,51
93,89,68,49,97,48,40,39,88,53,23,18,29,88,43,10,15,40,40,96,31,93,32,100,94,28,86,93,46,90,18,2,37,6,78,43,39,87,32,93,36,45,6,63,16,54,38,52,17,88,14,68,27,80,66,61,43,50,39,20,27,3,72,20,34,53,18,56,81,37,27,95,89,14,46,8,30,65,3,99,28,40,19,72,51,68,13,73,7,97,21,73,53,97,10,76,8,26,58,7
66,46,3,42,11,64,87,76,0,94,73,45,33,8,40,1,24,72,4,26,69,79,72,65,69,25,66,34,57,6,48,11,48,5,90,17,17,9,33,86,42,17,19,94,44,63,71,75,42,54,38,80,52,94,97,36,20,63,79,5,78,48,27,53,1,39,92,43,89,44,71,60,31,93,38,1,21,99,0,46,82,87,94,69,53,33,39,52,95,84,71,32,1,52,77,46,38,45,20,39
59,65,64,34,24,25,43,62,55,67,72,34,85,88,30,44,21,4,33,71,72,87,5,28,60,32,85,82,43,10,68,5,44,87,39,33,74,32,66,81,77,7,37,7,74,50,88,66,13,29,85,48,48,35,61,77,62,38,58,38,23,80,77,97,63,59,69,16,9,72,62,59,7,29,28,11,84,57,16,0,3,95,86,42,70,10,15,0,100,10,97,70,53,5,21,39,57,0,56,18
58,85,64,74,1,98,52,77,50,93,98,66,78,77,25,4,74,18,53,20,37,30,88,75,40,8,14,27,48,9,23,94,17,1,16,89,19,6,28,57,82,42,79,43,8,45,97,32,70,24,88,53,67,85,94,26,53,97,83,14,92,62,53,40,44,43,72,53,77,44,18,23,25,94,8,83,76,57,19,68,87,56,99,68,59,77,48,71,63,48,69,36,24,71,20,76,28,47,9,31
97,71,80,91,63,28,81,18,26,39,35,28,51,82,100,100,29,11,61,80,36,42,87,75,28,90,77,23,63,58,96,6,48,98,66,90,78,48,39,93,9,56,92,59,79,69,41,69,1,74,31,94,89,20,19,36,24,9,35,91,67,98,10,10,82,9,92,98,94,54,83,31,76,18,84,68,75,66,27,85,38,5,95,27,37,60,95,31,81,52,58,43,39,69,33,43,47,80,80,20
74,83,34,11,48,81,41,86,46,70,58,36,2,60,89,57,9,0,13,16,85,28,29,92,44,1,45,3,58,42,90,6,5,93,50,84,42,65,48,22,69,81,45,3,44,5,48,9,64,50,14,68,18,11,1,83,47,52,43,57,50,66,66,11,30,62,29,25,31,76,28,0,86,49,64,78,81,88,61,27,20,100,72,63,87,37,82,57,85,65,59,93,14,12,90,31,42,10,28,46
31,23,41,52,57,41,72,67,65,97,16,86,23,56,38,94,69,53,32,48,72,36,45,1,22,58,7,99,4,82,6,92,66,29,1,80,6,10,45,51,2,25,8,99,64,2,84,42,98,3,84,78,15,73,75,25,40,78,93,92,39,70,88,26,10,44,6,97,76,54,56,92,36,27,41,59,19,40,37,2,11,83,53,66,97,51,62,68,53,52,93,13,33,18,94,10,2,78,10,55
96,14,4,70,100,79,98,5,14,47,44,32,63,17,87,21,12,70,14,50,97,62,100,22,89,4,10,11,70,83,67,13,6,54,39,93,1,24,95,17,3,62,25,16,29,33,65,86,37,19,67,84,67,14,51,28,51,85,5,21,4,72,4,22,57,76,92,2,4,63,58,59,33,49,17,53,92,98,52,60,64,20,66,45,91,1,9,7,3,45,72,29,97,42,41,99,41,32,20,83
39,68,53,95,3,42,77,36,18,66,25,33,3,44,75,4,32,63,37,41,25,34,91,67,58,26,100,45,6,22,79,93,35,66,84,90,60,17,55,83,36,38,6,72,64,11,9,59,86,84,58,81,66,20,84,58,11,31,68,1,47,43,53,33,8,24,86,43,7,67,3,87,88,72,76,77,1,37,19,39,20,30,79,58,91,57,14,94,70,17,90,20,25,97,37,90,10,43,63,5
9,9,90,60,4,66,74,35,66,86,85,37,76,58,84,35,89,93,25,80,78,2,21,85,23,14,13,12,57,38,28,48,69,30,79,95,52,65,47,85,45,93,71,77,45,72,95,89,58,31,33,61,96,89,98,14,57,46,68,86,71,70,7,46,95,88,83,34,55,87,81,1,38,81,85,45,91,12,90,86,3,83,40,22,69,4,54,58,76,76,53,65,78,20,35,18,24,96,19,92
75,36,57,81,88,58,44,73,60,91,85,57,40,97,94,77,70,32,15,24,97,28,64,10,55,51,80,92,76,66,72,38,51,71,9,79,22,98,67,69,98,91,19,75,0,68,54,63,48,46,35,34,45,25,94,71,50,74,93,12,79,52,87,32,74,66,66,97,95,66,57,26,48,5,73,10,45,55,57,36,66,64,55,58,51,50,48,32,91,7,10,73,10,88,36,75,21,51,61,56
95,31,48,26,11,62,69,40,61,84,35,7,38,18,31,49,50,39,75,8,25,38,57,93,57,90,74,22,0,29,8,98,56,43,27,51,11,24,45,61,29,56,27,22,8,72,78,72,74,1,64,69,43,25,31,4,21,99,79,10,57,57,71,1,26,68,38,4,46,70,41,61,1,15,52,29,78,48,11,73,23,34,75,59,66,39,99,68,42,16,13,100,4,73,78,24,51,92,76,15
96,13,52,73,92,94,6,97,14,35,98,2,59,43,89,54,5,20,18,23,56,41,43,20,10,48,31,57,35,64,8,100,7,28,2,39,15,64,37,96,44,57,68,53,80,27,76,76,11,65,83,97,23,71,13,67,14,71,15,54,69,31,98,77,9,80,33,18,45,3,50,33,95,73,76,80,49,7,84,39,62,48,45,71,26,64,45,16,59,34,90,35,15,65,86,57,99,61,56,47
53,2,37,24,100,77,94,50,61,91,33,10,83,12,96,61,94,36,92,62,51,18,64,3,15,59,28,10,8,12,67,59,73,23,62,5,16,66,21,3,58,49,53,39,68,88,53,47,79,78,33,49,89,60,36,74,52,60,33,82,92,2,94,82,18,98,25,6,71,81,58,71,83,16,19,7,59,71,99,12,27,66,60,21,71,27,52,91,83,87,64,8,32,24,86,6,90,87,42,32
5,100,91,90,70,39,74,86,98,6,73,22,77,27,90,29,46,11,3,89,86,99,38,77,57,17,27,19,12,55,10,73,93,7,37,27,56,83,61,2,83,44,53,33,3,20,99,85,75,66,30,5,5,35,22,81,96,31,45,6,32,69,23,23,81,76,18,68,60,30,55,30,91,78,84,15,27,7,11,84,77,50,9,73,69,29,63,5,87,22,9,51,22,88,10,28,88,2,6,22
78,16,96,88,83,22,50,35,72,3,86,61,89,35,67,96,60,24,41,31,15,11,31,19,47,55,40,55,66,88,91,83,26,53,9,49,77,29,55,63,23,69,68,29,61,0,7,66,25,24,58,8,40,77,77,73,51,26,92,42,15,100,31,19,79,75,4,49,74,48,24,95,67,4,90,74,37,43,81,76,93,43,93,65,13,88,41,61,17,32,44,48,39,97,37,39,27,88,96,97
21,43,57,88,83,87,98,5,100,23,71,30,22,33,11,89,26,64,81,90,66,33,52,70,54,78,61,75,73,56,48,48,1,45,77,40,54,42,83,70,91,65,98,98,35,60,2,88,84,52,50,20,98,80,32,79,4,6,30,33,45,34,6,23,46,40,2,2,76,84,6,97,85,67,3,48,86,37,20,57,73,29,26,71,15,89,70,31,58,38,43,7,44,42,84,59,9,87,7,18
37,73,20,3,96,35,75,27,45,21,24,68,61,84,74,21,15,72,80,60,22,62,50,93,5,53,32,77,60,68,84,82,35,0,11,25,39,59,21,19,19,42,29,71,46,32,47,48,90,67,68,5,48,58,69,9,83,77,56,74,75,80,25,91,25,38,21,94,32,63,38,99,59,29,99,99,50,26,81,50,55,50,18,83,6,43,87,23,18,50,73,30,39,84,35,63,49,81,77,26
65,92,6,22,7,90,76,5,5,59,40,81,71,78,27,55,28,55,37,99,51,44,74,71,49,56,39,50,26,91,39,99,32,85,24,26,52,100,69,28,75,47,24,36,2,78,76,60,73,41,57,85,23,81,28,36,63,39,72,95,80,56,17,40,77,4,64,3,34,75,45,74,99,12,48,54,56,1,34,34,93,47,67,9,32,47,87,81,88,36,57,32,27,15,100,9,18,75,54,56
80,100,87,40,29,59,22,100,21,71,85,92,49,70,25,77,73,59,76,67,69,70,70,63,56,82,29,12,15,97,22,21,42,28,90,61,86,80,94,14,5,67,19,12,93,78,51,69,99,67,90,60,55,80,44,78,24,54,3,41,97,37,62,74,71,36,57,32,62,37,21,18,50,71,49,22,90,93,48,30,45,29,59,66,32,28,92,100,65,17,44,90,65,36,14,4,91,23,14,40
4,34,32,63,91,64,75,42,55,73,19,0,17,6,72,58,87,83,30,44,41,14,93,52,73,29,53,49,97,10,71,69,39,91,47,87,35,16,9,89,6,73,10,83,92,43,82,55,74,100,2,42,100,23,1,2,42,31,18,0,5,96,39,11,93,76,51,89,12,89,79,29,23,83,28,84,52,8,25,90,21,8,2,48,45,46,80,81,93,0,49,37,87,62,34,44,47,15,16,20
19,87,98,59,31,58,36,31,30,43,92,42,45,67,76,100,52,48,21,81,95,33,53,53,87,49,59,59,60,47,96,81,61,91,92,56,10,78,53,49,52,3,58,25,55,16,82,69,21,79,65,42,2,85,8,14,67,25,51,22,55,68,20,81,62,79,14,14,26,84,59,44,77,89,47,44,46,7,45,85,24,24,53,21,76,91,83,50,85,73,37,96,15,9,56,99,49,5,3,81
33,70,5,57,50,56,74,19,93,85,32,26,57,35,69,38,51,48,77,87,96,93,97,36,57,43,28,6,56,64,54,56,52,79,45,12,30,93,8,95,89,55,41,39,33,88,32,4,74,92,0,75,34,40,71,38,99,98,71,7,53,0,36,88,31,82,3,91,34,74,46,66,14,42,97,30,51,11,91,24,24,69,68,84,30,98,56,60,43,66,73,50,47,6,54,88,67,44,77,25
21,18,41,28,17,94,63,35,97,16,94,39,51,84,67,52,74,62,42,24,94,54,43,38,95,60,87,19,94,79,67,79,34,85,5,59,66,29,42,89,2,30,80,74,30,9,54,85,4,83,45,2,13,10,30,37,23,40,87,43,81,18,23,54,49,28,58,57,14,56,25,100,62,43,19,15,17,33,56,39,30,14,52,93,33,75,61,72,24,49,13,97,22,26,82,59,34,35,42,59
11,24,85,62,44,2,64,86,69,70,70,20,6,49,30,34,66,8,66,82,26,64,15,79,30,94,60,5,81,72,84,49,61,33,55,31,1,84,88,7,3,92,31,9,26,100,59,62,34,39,71,80,30,53,26,68,29,44,86,74,40,45,61,8,66,73,65,36,86,27,18,86,33,18,37,4,95,10,87,42,0,87,60,66,8,96,37,1,6,56,48,91,2,31,5,41,30,48,15,75
58,100,63,49,32,97,44,58,54,7,87,67,84,42,84,31,16,42,31,9,6,33,99,72,81,16,66,67,70,38,62,19,67,73,21,39,80,58,26,18,31,6,88,20,96,84,72,75,66,20,58,89,89,74,57,22,73,33,12,66,0,16,85,33,22,26,76,52,3,90,86,42,83,16,66,100,52,78,81,73,73,63,43,98,64,97,86,66,19,21,87,64,50,91,94,0,38,100,78,43
45,19,71,97,19,14,92,0,1,15,77,8,36,57,99,33,47,90,3,83,79,59,18,16,81,93,74,73,65,32,84,29,7,83,81,63,28,61,26,62,84,40,14,93,77,95,78,46,25,56,22,73,37,54,67,63,49,66,82,98,98,76,90,1,26,49,83,81,20,42,85,97,74,55,43,96,10,56,98,22,90,34,14,67,25,78,33,23,39,83,33,88,95,99,85,42,35,84,61,66
86,98,84,95,54,3,34,55,90,87,1,53,66,93,56,63,27,100,28,62,20,61,70,7,89,60,19,43,10,75,40,15,14,57,65,73,99,83,44,34,61,75,17,83,66,82,68,72,16,96,61,75,93,3,18,52,5,37,12,28,26,66,95,91,78,84,79,78,11,35,16,59,98,6,38,57,93,50,7,84,77,44,72,67,37,89,41,100,93,66,100,15,24,9,47,90,58,84,38,96
78,12,95,33,53,93,32,79,89,11,87,74,28,25,73,40,52,78,89,31,76,52,77,61,81,31,20,4,48,97,36,71,39,98,19,36,59,83,66,16,30,2,32,2,49,58,15,86,57,48,43,66,71,37,49,65,59,92,77,35,31,76,37,23,41,52,7,12,95,80,93,65,29,25,28,7,5,56,27,99,99,15,76,70,91,12,37,27,50,80,68,57,70,1,22,82,28,44,11,93
78,62,96,48,93,61,86,83,92,50,71,94,70,22,72,51,57,42,45,100,55,2,10,100,5,57,9,97,48,11,94,46,4,100,46,88,93,84,98,89,32,77,82,49,91,11,7,4,75,17,68,74,55,11,39,91,4,58,7,2,100,56,24,51,70,76,69,99,59,45,30,84,19,90,51,37,93,5,11,8,100,83,38,45,55,14,64,8,68,97,17,42,5,87,64,1,78,16,6,24
9,60,57,1,14,88,47,54,95,27,62,59,16,78,48,37,76,50,84,38,22,12,52,93,2,90,79,31,38,8,55,92,71,66,53,70,11,49,35,17,16,68,64,21,13,33,79,45,54,80,34,100,5,27,18,32,0,30,91,7,60,86,92,90,63,85,4,26,80,44,91,59,18,96,7,85,5,82,73,29,47,54,69,68,74,42,4,95,3,8,39,61,31,69,5,22,64,15,18,22
77,84,2,23,60,73,11,79,74,61,17,33,83,67,44,15,44,55,10,75,87,7,91,7,68,32,6,19,6,80,99,58,83,38,39,75,81,54,79,58,4,39,80,19,25,34,40,23,99,92,19,75,11,30,37,2,94,78,59,7,58,93,47,32,49,33,15,15,38,92,53,89,27,44,28,19,44,22,27,68,74,39,43,81,69,57,11,51,20,30,36,73,45,68,29,32,43,40,21,84
84,4,14,86,100,69,21,84,49,81,11,50,36,32,91,99,59,98,77,67,80,18,25,50,6,54,88,3,47,93,36,42,24,4,17,63,81,74,89,55,41,74,26,15,8,12,93,28,72,80,42,5,63,63,19,62,39,89,61,35,91,57,48,48,49,26,18,10,1,5,32,92,16,6,40,51,85,81,74,36,41,27,2,46,17,67,3,33,29,2,23,97,71,33,36,70,22,29,24,4
9,89,26,36,94,1,12,44,99,95,12,98,13,35,35,61,54,8,100,97,44,73,85,65,92,75,8,53,0,4,69,40,16,20,17,91,82,55,29,84,5,28,10,33,49,62,18,94,97,97,51,92,17,76,22,77,33,49,76,27,93,91,62,37,88,82,3,82,39,7,3,61,47,71,74,66,95,100,41,36,31,89,55,21,17,46,0,58,39,20,80,66,27,17,14,76,94,5,11,6
37,73,58,82,53,12,62,48,86,82,84,93,41,97,69,100,69,35,7,84,77,43,24,80,53,14,10,43,14,40,67,94,15,16,42,19,33,35,80,10,19,59,89,5,6,92,52,74,9,53,51,30,97,25,97,91,13,73,53,28,85,76,29,57,41,35,37,85,49,25,23,89,97,14,33,7,33,91,60,66,39,77,14,70,65,26,89,61,57,69,15,50,3,56,17,73,46,23,3,37
26,71,10,91,8,35,68,14,11,11,81,39,76,0,68,52,64,74,81,59,28,69,23,73,84,63,29,65,73,26,74,9,41,48,77,51,84,63,52,72,4,26,45,38,20,89,71,2,78,34,46,89,47,21,32,67,18,73,73,30,56,4,36,90,23,57,80,24,51,64,73,84,88,70,40,15,16,57,13,89,68,27,10,55,44,53,74,14,23,60,51,89,26,51,74,93,60,45,27,17
60,85,74,20,93,1,93,79,57,28,75,41,64,79,9,72,38,17,32,96,19,45,26,23,60,94,66,46,23,68,30,95,50,34,63,87,15,32,19,8,24,42,37,60,81,30,94,84,64,91,3,19,18,44,28,19,97,82,87,56,68,37,65,64,74,79,96,74,74,1,84,99,76,15,45,42,33,51,27,57,36,72,96,86,61,31,95,40,6,65,55,62,17,74,77,3,36,52,60,97
43,5,40,23,2,97,21,73,57,89,84,56,61,85,57,46,85,29,70,8,93,79,55,53,80,49,69,89,78,9,80,85,56,26,55,1,74,100,64,5,96,0,67,64,76,64,42,2,32,95,11,39,36,98,55,35,53,31,22,50,90,23,47,22,27,71,25,14,16,71,86,58,62,81,6,68,66,92,7,26,66,27,16,39,12,27,39,49,38,9,14,60,36,77,58,37,97,36,55,22
75,4,22,7,8,90,64,97,99,28,6,41,43,35,5,7,58,56,58,19,86,66,48,90,44,38,43,29,86,89,45,63,76,44,53,8,89,19,59,71,65,56,92,41,95,33,79,92,34,42,5,14,51,78,57,26,72,20,62,11,69,46,24,97,41,39,7,98,81,46,25,57,96,77,26,32,45,59,53,36,79,89,55,88,40,72,46,52,98,27,59,32,27,70,38,29,27,3,28,9
23,9,16,56,19,17,94,81,41,82,76,39,67,62,35,74,16,34,42,34,25,10,29,13,88,91,90,12,9,61,64,7,98,5,10,57,1,57,54,1,97,67,33,53,55,37,95,55,96,72,2,21,92,51,2,55,74,98,51,20,79,64,23,0,17,16,6,92,48,70,65,17,73,85,14,50,12,72,97,70,73,77,57,40,24,78,17,55,13,3,77,36,52,2,57,98,100,57,23,81
9,39,56,20,44,86,92,34,4,30,47,10,7,50,21,8,15,55,54,47,8,38,85,58,84,91,50,24,56,50,84,20,62,50,73,0,24,71,21,28,71,85,68,21,92,65,24,7,37,96,37,66,78,54,77,9,52,0,4,42,0,89,34,88,84,76,47,41,5,6,81,41,56,4,60,4,77,70,17,29,76,16,77,65,93,51,19,13,54,81,57,72,45,31,41,85,31,98,24,82
21,36,27,34,35,22,29,54,23,13,76,9,86,81,38,2,3,3,64,19,72,79,28,43,21,85,32,35,63,43,82,97,42,19,51,37,78,47,88,7,56,76,53,67,23,30,79,90,97,74,73,11,16,60,41,99,71,91,94,48,48,73,16,61,44,51,40,12,61,4,96,21,93,2,18,12,57,27,44,42,9,85,9,18,48,74,28,71,48,81,87,3,63,50,44,17,44,90,42,62
35,21,14,65,93,52,38,80,99,26,67,88,43,46,79,73,86,53,59,77,69,35,92,18,78,61,85,60,28,94,99,0,44,93,41,15,29,7,48,46,0,25,91,11,0,100,55,91,27,62,22,53,58,87,74,15,66,49,96,14,48,98,24,80,34,31,10,43,49,72,52,13,94,36,1,5,19,25,96,26,28,98,30,76,39,20,84,54,35,64,28,27,27,38,93,37,94,26,1,6
76,14,88,48,35,73,97,44,2,69,68,26,41,30,82,24,57,50,52,37,21,87,100,35,42,41,39,59,32,47,81,71,41,2,74,74,9,34,99,87,88,5,6,21,73,74,98,10,32,65,21,92,5,66,82,48,92,71,95,5,46,74,7,83,42,4,31,28,78,89,75,51,7,38,53,63,14,48,77,44,74,66,4,88,19,35,99,27,98,23,66,96,21,64,31,58,93,43,69,65
48,68,16,72,20,3,12,15,96,61,51,63,10,60,37,99,10,27,64,27,52,59,98,65,38,43,44,27,59,71,45,81,91,62,14,90,52,86,52,57,44,82,60,23,63,81,80,4,86,81,96,31,70,14,72,89,69,65,93,95,59,18,14,5,67,64,40,36,2,9,51,50,77,28,89,89,90,77,70,14,77,87,5,25,11,55,40,73,25,70,55,97,80,93,22,94,32,53,67,73
73,28,48,75,42,72,55,81,10,65,71,79,0,8,7,36,46,79,71,51,13,9,6,43,56,49,85,5,41,96,64,19,94,54,44,88,36,77,74,97,46,78,83,42,12,100,8,50,74,45,5,80,87,83,69,25,18,99,46,96,0,70,74,60,85,21,43,100,30,35,98,53,61,26,44,30,19,82,76,60,81,35,14,9,47,55,50,41,47,51,33,61,62,16,84,61,33,4,36,92
69,17,89,6,22,41,13,37,52,85,89,97,51,76,62,73,55,19,70,22,99,98,38,4,6,0,20,89,11,75,12,50,56,57,53,55,39,13,6,36,44,14,61,7,71,18,55,44,96,92,90,10,48,28,82,96,65,10,80,67,68,46,53,37,31,11,94,6,79,43,52,4,35,34,44,38,29,38,10,17,34,93,34,23,32,47,24,53,76,45,32,67,13,44,54,47,6,56,67,75
60,16,22,62,93,27,0,53,18,52,100,56,13,53,86,61,4,62,97,24,74,97,81,6,92,87,73,100,56,6,5,19,51,14,23,93,20,48,31,6,70,41,58,8,43,2,81,7,54,86,92,20,52,87,49,58,100,38,35,9,99,98,56,62,16,94,58,11,57,38,74,29,97,35,72,1,45,73,78,16,16,50,46,28,36,62,36,9,61,56,81,73,60,8,90,40,87,59,8,52
19,50,82,74,62,30,66,62,50,17,100,92,35,15,13,7,78,49,64,46,27,4,37,8,66,7,97,17,36,33,29,58,92,98,86,63,7,65,17,93,38,74,64,50,22,42,34,58,58,96,48,84,10,83,62,95,31,92,16,14,53,25,73,7,95,96,75,19,48,62,64,89,99,41,36,29,0,77,39,41,35,97,67,82,0,6,92,30,62,98,6,12,59,12,18,18,18,26,87,45
98,77,13,2,36,37,91,7,42,18,5,43,27,1,19,90,71,90,52,44,57,9,18,51,82,48,41,76,41,10,50,61,59,4,59,58,9,10,6,39,83,75,73,61,45,73,89,50,17,49,88,93,42,73,49,11,43,80,30,27,34,56,83,2,4,50,79,63,100,14,28,20,33,2,36,65,18,0,29,93,12,81,83,46,65,88,33,85,37,29,93,53,39,17,38,54,27,56,79,39
86,43,32,10,27,24,31,51,9,65,10,14,5,20,12,46,83,0,28,52,51,33,43,97,2,9,56,20,18,18,54,77,75,77,90,9,23,15,51,62,21,25,69,92,24,93,92,53,18,50,77,98,31,41,22,42,7,75,59,73,99,96,47,75,4,45,8,41,70,72,16,44,73,98,61,28,18,64,43,28,25,68,66,69,53,4,80,43,2,25,97,46,28,15,74,75,64,75,44,62
43,38,53,3,99,1,17,17,62,10,1,94,42,6,40,6,89,32,72,45,75,99,33,24,84,41,47,88,45,61,81,16,45,48,92,71,85,5,58,73,43,86,14,67,62,17,39,55,24,96,23,59,49,2,0,32,85,57,14,89,89,5,93,77,74,3,40,72,34,94,53,56,78,10,66,15,72,68,29,57,57,71,57,98,30,61,41,60,19,25,83,36,75,87,48,99,53,33,3,87
55,89,59,46,81,31,95,41,83,19,36,33,22,94,8,16,44,87,3,9,24,44,1,79,97,29,97,100,99,35,8,100,46,0,79,36,79,7,6,95,58,64,57,53,38,2,28,21,29,26,5,84,14,72,72,73,30,8,34,21,10,14,60,15,36,62,32,88,44,58,28,64,49,28,100,49,42,26,44,71,17,92,46,52,75,70,69,20,48,34,13,24,46,18,95,35,72,64,46,4
40,76,60,35,32,62,16,62,77,32,35,39,46,28,38,29,31,26,66,53,42,7,53,90,3,95,14,19,24,53,77,6,11,100,15,85,71,53,12,76,33,45,85,32,24,77,47,66,44,22,20,57,32,78,65,7,10,40,55,86,61,7,47,39,27,82,41,47,0,4,11,13,56,12,39,98,13,27,30,90,30,54,53,41,48,23,15,92,48,5,84,19,75,13,72,94,13,28,40,72
53,15,74,21,68,71,63,83,74,1,72,48,83,78,68,83,16,85,52,67,49,43,72,16,6,78,12,91,67,93,60,53,3,0,15,40,89,47,37,72,7,80,12,69,80,12,50,36,56,3,18,76,78,86,95,0,35,62,41,5,31,90,73,57,98,92,84,6,32,92,77,18,99,84,69,47,89,3,9,51,25,28,47,5,1,42,92,66,28,54,41,30,6,43,50,99,88,44,97,8
59,38,85,78,4,74,47,13,84,21,7,68,81,10,16,44,74,90,56,76,85,51,33,18,15,81,64,11,61,14,90,84,68,33,9,34,2,5,37,63,13,67,97,40,58,37,45,26,2,20,2,24,15,13,38,43,73,39,82,34,77,98,37,64,81,38,3,94,50,75,7,50,37,27,19,38,94,73,67,50,69,9,16,83,53,76,79,36,34,32,17,13,74,97,17,5,31,22,97,82
36,57,14,77,25,57,10,53,54,11,56,60,88,22,57,16,21,10,35,84,32,73,95,86,93,41,52,39,59,83,30,32,34,93,95,29,90,14,89,45,6,55,67,77,78,42,59,37,76,32,57,85,72,59,17,1,82,1,28,53,37,33,51,66,13,36,52,75,31,79,25,54,10,59,44,33,96,36,17,10,20,96,26,38,90,83,12,87,76,99,64,88,69,70,69,74,60,52,42,63
10,68,8,22,7,28,11,54,35,64,63,83,63,13,57,95,69,40,90,23,6,19,45,95,52,56,27,30,38,47,28,66,36,17,86,63,87,41,14,53,15,82,75,23,78,62,90,65,39,99,10,88,91,35,71,26,79,54,76,62,61,64,33,65,84,15,44,30,45,92,64,35,83,70,17,14,98,46,38,91,40,65,41,43,40,45,31,36,76,70,33,77,38,5,84,94,91,22,1,2