61,44,58,21,75,47,24,90,59,76,39,91,89,1,52,53,15,91,36,76,89,98,57,17,15,97,79,40,19,6,28,74,83,19,98,82,64,51,82,97,70,51,63,56,53,55,26,28,19,83,53,51,94,79,51,58,32,36,14,13,21,48,46,23,2,89,87,28,97,96,50,98,34,5,93,25,43,56,38,35,77,55,26,12,87,13,69,1,21,21,39,62,81,39,7,83,94,100,83,54
43,51,26,49,42,88,53,24,95,68,65,7,33,59,12,34,93,62,32,7,64,80,40,30,92,31,96,72,65,22,71,2,48,18,85,15,84,12,20,40,68,66,57,16,15,2,70,99,80,75,73,93,73,66,60,99,71,11,42,77,44,73,44,48,31,90,23,47,8,48,33,89,80,84,16,96,27,36,36,58,61,68,9,62,44,39,99,97,81,97,33,3,51,92,52,71,22,83,59,89
99,8,22,25,21,40,69,68,52,49,39,60,2,20,56,0,93,18,86,64,87,94,67,67,19,17,2,60,25,25,64,53,54,10,56,0,18,44,52,34,96,60,61,39,53,85,52,25,96,50,4,56,50,68,0,90,1,3,40,70,25,6,25,23,29,87,84,32,53,71,79,14,36,17,98,51,68,68,86,43,7,0,17,85,9,40,52,57,84,35,42,64,2,89,59,17,62,44,66,83
8,12,69,83,65,83,24,4,3,72,90,10,48,0,84,82,63,16,23,46,24,2,73,98,42,59,66,24,44,26,96,38,7,64,71,63,42,97,69,71,36,50,84,59,22,35,43,33,94,46,61,20,37,100,47,40,86,76,39,36,23,38,23,44,18,48,28,7,83,75,93,41,72,0,62,52,33,25,9,28,76,44,34,34,45,71,52,88,15,1,25,2,80,20,2,96,2,77,84,37
95,64,81,67,58,28,78,53,73,30,60,57,21,39,52,37,48,60,33,52,59,56,20,77,6,95,98,34,89,40,69,42,92,95,83,48,53,29,93,14,63,17,83,26,99,94,31,74,63,87,35,94,57,58,61,45,53,65,18,44,4,7,97,75,19,78,45,96,56,74,51,5,21,2,27,61,46,6,100,56,95,14,7,15,83,39,30,68,50,49,41,77,55,53,82,7,8,99,38,45
47,95,43,68,89,59,74,25,27,91,41,26,67,89,21,6,19,36,56,51,41,92,66,36,54,98,44,10,60,38,43,27,8,82,14,31,27,14,63,38,87,53,36,57,7,29,29,6,100,68,47,41,55,83,80,49,6,75,85,22,5,88,89,98,13,58,94,69,28,34,99,42,59,64,89,48,25,92,50,61,93,36,3,66,25,47,37,83,91,0,97,88,40,75,61,32,73,98,39,77
8,20,21,77,25,25,20,34,20,39,74,50,94,40,19,66,34,93,45,11,79,78,10,67,43,84,17,95,14,41,23,86,90,62,78,36,63,87,81,7,15,34,51,31,42,3,91,37,48,13,66,62,8,22,9,19,23,4,51,57,30,38,37,10,82,46,40,71,60,91,45,0,92,49,84,79,19,30,67,46,5,46,31,95,10,30,30,40,27,50,39,95,28,2,40,26,13,91,6,62
63,14,93,32,94,24,46,10,23,31,31,79,50,10,93,93,70,21,56,52,31,77,93,39,70,100,80,33,71,18,39,8,29,58,57,1,17,85,17,97,64,28,79,13,60,81,87,16,28,98,68,11,49,19,43,32,53,2,93,71,55,76,2,60,78,38,92,9,52,58,25,73,88,65,47,86,62,20,6,85,57,34,89,19,84,86,97,5,64,90,50,89,56,59,88,76,69,51,97,39
5,76,31,81,50,42,22,26,58,81,67,13,79,82,47,66,39,32,25,59,22,69,44,20,83,28,35,39,68,48,75,16,10,41,58,67,11,83,53,2,98,24,59,26,6,81,87,10,68,80,23,53,81,95,32,98,97,29,13,11,61,68,41,3,82,20,50,65,84,100,91,18,61,88,47,8,4,82,0,41,49,1,45,39,30,85,18,62,3,31,61,25,95,32,66,17,54,66,41,17
42,25,42,29,79,42,50,63,67,27,49,26,78,27,65,74,66,53,51,54,83,20,20,35,54,86,73,75,16,96,56,66,89,52,28,83,48,8,25,37,66,65,86,65,84,98,41,32,45,63,47,31,57,2,41,91,68,2,24,96,23,57,1,53,100,58,92,60,62,59,1,51,23,71,16,46,85,34,48,59,58,65,80,62,29,35,76,61,34,40,65,28,55,19,98,73,97,26,84,76
2,62,22,44,93,24,21,51,45,55,64,52,28,96,74,24,53,24,66,80,68,31,42,21,79,26,38,25,89,73,24,14,81,23,31,19,71,95,33,12,64,58,21,75,72,33,28,70,35,91,12,39,46,31,79,30,51,13,67,76,64,49,3,53,74,75,35,37,73,66,1,97,23,24,39,34,89,9,50,71,58,20,18,58,97,15,85,30,85,23,48,58,71,23,10,32,93,83,14,43
55,74,17,56,31,41,59,91,99,64,76,15,11,53,62,82,32,60,89,64,0,45,68,54,57,74,67,78,100,60,53,31,74,11,36,90,66,44,9,73,40,9,71,54,85,75,28,45,44,67,51,67,50,97,20,48,8,82,8,100,36,61,1,30,88,55,79,1,13,74,60,58,67,55,2,16,86,18,3,88,10,50,44,81,67,9,24,90,70,90,48,83,38,36,61,23,31,34,75,93
5,16,77,87,93,7,50,50,1,41,34,70,64,93,77,89,77,72,5,97,79,91,71,18,8,43,34,44,43,20,5,76,27,34,51,26,30,20,66,6,40,7,89,88,50,50,51,44,41,5,5,80,4,14,64,100,56,4,52,74,1,85,37,9,91,64,81,58,57,25,83,75,92,63,80,59,74,15,61,27,23,90,83,22,19,49,35,5,55,44,11,23,74,81,94,27,76,87,44,9
52,4,83,40,45,28,100,34,13,60,97,85,42,23,30,54,70,23,5,38,98,17,25,81,13,100,62,48,2,44,53,65,30,6,92,18,47,46,24,63,70,74,9,77,21,78,73,9,11,100,30,30,64,81,64,9,75,56,70,22,45,60,55,2,40,40,79,88,91,34,99,41,29,16,56,7,80,27,41,66,73,85,47,35,60,53,43,58,22,97,25,15,92,62,35,39,3,86,61,45
19,75,4,21,16,53,100,76,94,31,67,68,25,26,23,69,80,8,47,45,27,86,41,93,59,1,73,89,90,28,79,10,61,8,7,36,6,10,55,68,81,2,27,16,46,44,12,77,51,33,16,16,41,1,58,30,93,55,73,72,78,66,39,62,68,46,85,84,83,18,29,29,13,28,20,14,13,79,0,84,30,60,87,61,39,58,85,45,70,9,2,58,29,14,48,24,89,58,73,36
67,90,26,3,0,100,36,42,58,6,32,35,53,90,43,37,49,52,49,13,2,19,97,92,1,98,75,77,28,97,7,52,91,6,50,29,16,81,28,98,65,50,76,45,2,53,60,48,43,3,92,10,83,13,12,26,57,73,79,97,54,24,33,55,45,38,90,65,17,70,11,86,34,27,52,9,5,99,82,13,55,66,79,94,56,21,24,46,47,60,2,39,49,33,53,6,77,88,31,4
78,2,83,46,40,2,18,29,62,60,1,38,7,44,21,44,91,13,46,69,8,93,46,56,66,97,63,14,10,8,17,28,71,93,10,14,93,67,48,10,28,52,78,62,53,67,10,61,59,96,51,55,88,79,33,96,11,89,0,83,67,91,92,96,69,90,19,97,84,95,65,16,0,90,28,93,31,87,100,19,81,7,65,37,41,5,30,92,21,23,81,57,40,77,37,88,67,61,82,9
12,39,8,51,30,75,99,26,92,30,12,84,21,64,16,21,12,36,97,1,52,96,98,75,7,58,95,76,2,18,85,54,51,14,1,82,42,36,11,1,65,16,36,43,48,95,68,8,83,35,95,2,22,44,93,80,62,46,82,42,16,42,14,80,33,67,90,15,67,50,77,59,79,2,100,81,41,52,6,77,21,90,100,42,63,65,0,83,88,32,88,63,94,87,48,41,27,11,46,7
41,90,83,26,83,45,90,86,84,9,10,87,61,27,39,75,17,7,79,56,34,44,61,88,97,64,90,36,68,72,97,92,53,95,80,53,39,75,29,34,82,31,87,92,95,62,41,50,85,19,49,72,84,45,52,19,13,6,47,87,0,90,10,36,38,54,43,17,21,92,68,26,80,7,46,39,85,95,28,1,58,67,9,38,78,20,63,69,45,15,67,41,6,94,55,45,53,18,33,0
2,0,76,82,88,1,90,13,65,59,38,26,33,44,61,58,72,23,30,30,17,82,40,51,58,1,54,72,61,1,33,11,65,61,72,82,8,4,86,55,35,75,92,30,79,37,47,8,46,82,12,63,54,8,5,97,44,62,15,16,74,59,1,91,17,78,15,28,21,60,13,2,4,74,84,47,5,14,87,33,77,30,99,28,41,15,82,31,69,47,84,26,7,12,63,33,79,96,75,70
9,3,80,74,17,12,63,44,13,19,46,35,60,31,67,89,82,25,93,92,61,100,12,20,17,42,42,93,90,70,44,50,7,48,69,33,7,5,58,92,38,10,87,62,8,99,34,52,33,98,14,98,36,23,90,74,94,90,97,79,79,50,75,24,63,35,17,17,43,63,69,65,69,18,22,79,23,18,18,2,36,87,46,24,49,95,36,14,54,34,50,3,53,60,74,90,45,7,98,20
3,34,64,50,68,43,21,71,45,4,59,42,28,94,9,45,37,31,60,12,100,42,10,25,32,88,41,68,98,12,30,33,40,6,16,54,92,10,96,96,95,46,57,25,36,53,35,68,11,73,96,64,79,25,37,46,88,100,31,61,22,23,8,4,20,50,42,3,28,39,53,37,46,20,99,83,83,41,38,54,60,47,23,90,0,62,7,16,69,91,54,38,64,4,17,47,0,85,46,25
27,84,75,81,65,69,95,27,93,36,80,50,17,4,19,49,18,54,7,0,11,33,1,43,21,69,70,90,45,21,40,25,80,16,3,51,22,13,46,92,81,52,25,13,79,5,56,99,52,51,99,62,30,64,94,27,14,35,92,3,51,36,22,77,71,26,44,71,96,20,8,23,31,44,33,6,67,17,71,21,12,7,71,0,47,6,37,0,72,60,25,8,76,99,77,44,35,16,19,91
61,90,33,69,30,7,74,76,46,4,97,63,1,58,46,53,13,45,71,94,54,10,96,84,98,18,50,99,50,56,66,73,1,82,75,36,77,66,42,28,44,63,86,81,45,90,61,48,66,3,7,21,1,27,52,59,32,72,16,86,33,14,93,47,8,76,77,42,65,23,94,53,56,79,88,28,58,81,73,34,66,89,68,99,100,86,73,91,23,27,65,3,49,16,84,30,37,89,27,36
15,8,57,98,77,98,10,57,81,89,25,56,80,18,1,39,28,5,42,94,76,81,28,77,43,45,50,33,60,62,88,47,6,60,9,13,22,37,100,33,35,23,2,32,79,11,48,55,57,38,88,1,55,11,5,88,39,94,97,80,7,27,33,72,49,34,14,93,45,50,98,53,97,98,26,84,49,72,33,61,36,21,60,87,25,33,31,10,82,39,50,9,69,65,34,44,57,27,92,17
88,91,52,93,32,39,16,8,65,66,9,34,70,25,64,16,56,37,82,46,47,24,60,28,88,13,50,6,46,1,46,93,30,11,77,57,24,93,46,11,31,18,30,61,9,20,46,8,19,71,4,49,24,96,44,37,84,63,16,71,46,33,66,84,49,38,32,21,77,21,29,42,19,77,76,14,40,64,96,50,14,10,18,45,60,26,30,68,57,88,44,26,94,98,20,60,32,83,90,71
71,55,24,69,56,58,86,45,70,77,98,11,19,87,74,57,41,96,46,2,43,14,67,17,100,18,55,90,51,90,30,66,15,78,83,72,1,45,82,3,55,97,80,13,85,22,77,47,80,52,39,90,76,71,77,43,64,20,41,88,99,96,16,97,62,96,10,0,4,62,48,74,41,2,60,74,11,39,12,47,45,71,43,98,56,62,50,18,98,40,73,63,59,11,2,74,41,1,88,95
26,68,55,56,29,88,14,43,93,99,97,48,62,8,51,55,32,19,4,76,50,49,23,62,98,22,87,63,33,98,79,66,68,78,62,20,3,87,26,93,41,66,42,10,29,94,77,59,13,49,99,15,34,20,13,57,87,41,83,68,94,14,19,24,98,30,79,68,74,66,10,6,26,27,51,11,31,87,87,33,20,72,65,45,5,85,78,68,2,9,21,85,97,0,6,56,64,48,12,6
47,48,48,10,77,10,59,71,49,36,30,2,48,33,36,97,99,39,87,80,58,52,27,5,66,84,39,80,67,28,90,31,82,49,63,74,30,99,24,91,54,100,19,17,44,94,19,15,91,19,57,15,30,41,69,39,9,17,23,23,64,44,59,49,66,96,95,81,97,34,17,18,40,65,62,49,70,11,65,17,91,4,88,48,53,25,90,70,22,74,85,37,69,96,50,43,55,66,34,91
25,11,84,83,3,25,24,35,27,83,31,17,16,95,81,72,47,100,38,56,2,13,10,44,56,37,61,32,10,43,47,94,36,35,73,72,63,73,57,56,77,29,96,96,15,10,67,4,89,75,4,36,28,1,76,48,51,4,62,59,48,83,24,90,18,12,38,64,55,21,36,26,58,39,6,32,24,64,10,17,44,61,96,64,97,21,94,39,69,6,62,31,7,20,4,89,28,81,25,47
96,1,33,38,81,84,80,66,25,39,48,100,9,74,91,79,35,19,91,32,53,55,53,52,42,73,91,82,93,12,61,3,90,84,55,31,59,95,0,75,70,1,65,53,95,63,78,84,17,19,53,86,70,92,93,36,25,20,3,18,84,56,12,4,12,71,54,59,95,97,25,17,11,25,79,6,70,90,1,42,51,59,47,16,45,35,27,4,39,57,15,35,23,22,78,60,98,99,5,59
91,30,51,51,59,21,91,83,37,3,23,21,45,10,85,82,35,19,96,34,27,57,8,45,44,0,69,59,49,78,35,57,40,3,92,47,5,5,89,47,56,35,62,72,94,52,100,8,86,69,9,46,94,46,83,0,5,70,93,93,40,90,52,100,100,51,70,29,99,56,75,80,14,7,69,38,7,19,76,61,100,59,73,31,68,76,70,38,95,89,23,83,49,94,38,53,61,72,5,13
80,32,24,72,24,89,55,71,13,42,96,45,99,71,46,6,22,88,31,76,8,66,12,66,2,81,8,3,18,46,65,37,69,95,7,54,3,72,63,70,86,59,94,62,4,74,92,51,6,74,32,91,33,47,29,48,29,65,55,72,20,16,32,76,76,78,26,8,82,4,22,95,38,23,41,36,61,81,15,46,69,28,82,47,60,65,21,38,96,31,44,73,63,85,9,95,36,34,80,33
32,93,40,14,98,35,33,31,63,96,96,5,27,80,44,63,61,12,13,77,91,13,95,22,84,56,36,72,37,29,76,65,55,17,39,29,62,30,21,91,34,17,18,15,25,65,14,29,46,64,18,99,49,83,70,26,69,1,93,56,18,95,15,45,19,88,74,46,16,48,33,52,61,26,74,7,77,22,52,79,39,94,48,93,73,99,78,75,78,54,87,58,25,52,93,5,0,58,99,80
22,51,38,94,52,24,20,80,59,25,7,52,70,88,58,78,26,56,78,91,53,90,78,92,76,98,20,55,30,2,78,72,60,85,55,0,12,8,80,94,53,50,2,49,60,49,79,86,17,93,64,98,0,16,14,89,38,43,96,3,80,20,21,14,39,11,88,35,42,35,30,37,70,13,36,97,20,51,30,35,38,63,6,31,100,59,21,25,30,15,83,87,69,16,93,43,37,5,69,86
79,68,43,66,7,98,31,13,47,56,70,72,39,20,8,61,9,34,93,47,88,63,53,93,57,65,77,42,15,20,81,65,83,58,13,61,57,58,5,60,67,45,8,28,59,85,84,16,4,9,2,21,57,93,40,5,76,69,10,26,42,40,62,62,100,71,100,8,77,37,20,70,57,14,66,54,63,0,71,50,49,80,27,84,0,29,56,18,76,14,44,89,61,15,48,81,90,88,62,7
94,20,75,31,55,55,27,92,52,28,50,28,64,48,88,0,23,82,54,60,99,63,57,90,3,17,77,59,51,75,67,46,2,3,99,24,75,4,50,100,9,60,13,2,11,4,17,20,53,10,89,35,47,62,72,24,72,39,25,68,100,53,94,56,21,51,48,75,5,8,50,44,6,8,70,76,70,83,88,68,31,82,84,14,2,80,78,17,77,57,55,34,49,92,61,78,17,44,78,5
87,25,52,3,13,45,55,57,10,94,70,9,91,52,18,77,22,44,66,2,63,98,35,41,91,70,31,89,49,87,60,6,96,27,39,84,100,80,76,22,4,14,48,69,6,93,0,56,29,16,46,14,90,15,24,94,70,36,17,60,72,28,97,11,0,97,94,15,50,44,66,43,100,62,5,42,72,44,47,34,65,31,44,13,41,40,37,38,83,35,24,17,67,61,44,19,62,12,47,53
4,36,27,34,21,64,35,78,90,15,3,5,83,82,43,47,21,21,80,17,98,59,48,61,63,61,62,43,80,93,1,12,90,35,40,64,29,92,88,82,61,14,5,21,70,94,90,46,75,36,58,50,83,18,54,27,52,24,99,50,38,45,75,92,84,29,60,38,8,25,95,30,52,0,1,58,53,75,55,80,50,81,66,85,28,45,7,11,20,79,41,68,39,53,72,52,94,38,27,15
32,73,93,86,65,0,10,71,56,48,30,61,27,37,19,1,55,20,60,60,60,67,0,99,96,89,29,31,69,13,16,71,78,2,32,22,46,57,34,45,17,54,30,78,95,4,34,36,20,53,60,51,21,44,52,93,66,34,46,60,57,15,4,31,43,12,59,93,85,49,0,74,33,39,62,40,91,83,38,43,97,10,56,82,90,79,58,25,85,71,91,41,61,32,49,55,40,37,78,67
38,65,19,93,39,61,83,79,11,89,3,53,3,50,89,19,77,44,62,9,37,66,86,80,9,41,55,82,59,97,86,14,5,98,37,15,54,76,91,23,2,91,73,22,37,81,51,21,29,50,83,26,33,0,93,90,96,36,11,38,54,69,100,21,39,6,69,87,93,92,73,24,45,14,95,13,94,62,45,72,49,83,73,56,45,85,24,53,29,69,6,16,47,78,3,66,81,69,94,43
85,57,48,6,55,54,60,78,38,12,7,69,12,13,81,30,89,67,7,1,35,95,40,81,57,12,35,44,63,64,2,32,46,40,42,62,64,10,4,43,65,96,97,73,99,6,50,37,24,25,99,33,68,79,86,44,82,51,77,61,4,25,40,10,21,95,29,75,52,32,14,8,4,32,82,7,62,63,94,73,31,39,98,26,82,73,29,54,54,89,14,14,12,39,33,69,40,53,58,19
34,64,91,9,0,38,15,50,75,74,68,5,18,80,19,27,41,85,41,55,39,96,54,51,61,48,20,63,54,57,14,46,51,9,47,19,29,83,83,64,10,66,84,60,85,75,58,76,60,58,10,3,43,78,77,43,78,70,13,16,32,77,34,1,56,27,66,64,93,37,99,33,57,88,99,72,28,36,15,79,18,81,26,31,41,56,76,33,62,45,19,76,65,48,4,68,7,67,100,69
100,43,90,18,51,19,1,50,31,34,35,46,20,13,53,100,7,35,85,95,35,11,41,57,33,47,99,99,43,74,77,76,54,13,78,69,3,72,28,100,0,38,2,10,93,16,24,38,42,15,0,4,19,14,66,41,44,40,27,46,7,89,10,71,81,67,26,76,19,3,37,4,100,95,52,86,35,98,23,53,11,27,60,46,61,72,12,3,85,41,12,18,39,66,4,9,9,56,78,68
94,28,79,21,16,8,11,23,8,13,85,18,85,28,90,38,21,91,57,79,52,96,97,70,65,83,55,54,93,79,41,23,90,29,47,30,36,52,28,20,3,4,59,2,25,34,70,68,92,27,93,40,80,78,50,44,10,19,39,34,56,53,39,59,83,66,28,74,16,47,98,55,21,62,86,32,71,88,1,2,100,33,90,30,0,100,86,82,32,80,87,26,23,16,32,21,77,5,6,56
32,29,35,15,89,23,93,65,47,18,80,83,16,49,65,73,6,3,39,61,45,8,67,42,7,87,83,22,42,20,80,35,9,80,98,15,9,40,67,51,86,66,9,90,90,100,58,92,91,87,5,31,31,87,87,6,11,84,3,63,43,19,47,53,76,67,18,89,82,14,75,76,94,77,8,56,70,61,48,90,73,14,100,80,83,66,95,62,36,5,55,33,1,53,76,20,81,15,60,0
7,96,9,44,46,0,88,39,35,40,31,39,6,39,68,25,47,68,32,87,10,75,88,92,49,18,53,8,20,26,14,43,39,83,49,58,46,45,21,66,43,38,57,81,63,67,41,53,46,20,78,51,3,9,4,20,70,85,54,83,60,75,74,78,17,66,100,46,66,59,24,75,23,22,32,79,71,42,84,37,100,48,92,66,94,56,89,69,36,13,72,96,7,63,90,85,77,88,61,8
8,88,52,30,4,94,0,82,15,58,27,34,53,18,96,74,62,95,66,13,50,3,57,7,42,58,53,57,3,56,11,0,4,62,73,70,14,6,14,78,13,88,85,41,69,12,33,36,35,62,51,51,75,84,49,9,25,54,75,59,26,14,22,32,20,93,97,58,99,17,58,100,69,25,94,12,88,91,44,65,6,10,76,84,13,42,3,46,81,0,40,84,65,97,38,9,82,17,40,57
89,45,52,58,10,19,20,87,88,91,2,58,93,28,57,39,38,20,14,29,88,93,100,42,58,9,11,79,77,32,89,78,95,9,34,82,17,18,5,56,63,90,41,28,29,62,6,72,61,40,62,90,20,60,42,25,31,99,59,48,11,62,93,68,43,83,69,71,45,94,72,44,91,37,45,62,61,12,97,95,86,99,35,6,33,84,38,31,60,35,26,81,58,60,54,30,26,2,46,80
23,86,81,11,42,58,77,18,22,63,12,73,76,87,24,5,46,29,98,45,54,45,0,74,89,100,61,86,37,99,100,27,82,28,22,74,73,5,45,45,18,58,11,14,44,25,8,7,26,95,28,36,91,37,76,62,26,86,36,52,98,61,79,81,88,77,76,81,1,28,32,90,52,95,96,65,92,76,80,12,75,84,69,78,65,83,97,22,46,60,70,70,17,48,100,5,12,66,78,59
52,74,19,37,83,5,62,74,10,13,50,68,86,99,70,77,48,66,86,30,57,88,62,11,34,19,11,48,70,97,88,48,99,34,89,51,91,73,22,42,21,14,77,68,97,96,75,100,17,34,88,77,34,57,29,3,46,58,38,32,8,81,8,48,58,69,42,0,89,17,57,11,84,25,27,56,18,45,55,94,72,19,48,42,3,15,34,62,17,90,18,98,95,48,51,13,45,100,27,84
8,70,24,22,87,80,42,66,60,62,60,10,34,35,62,68,49,34,23,26,98,36,22,90,9,81,89,54,19,84,58,61,30,0,15,16,97,67,75,47,5,98,65,88,97,83,79,90,36,35,38,27,82,49,53,90,91,11,70,63,65,46,68,24,27,96,95,83,16,86,81,72,40,66,77,35,28,8,63,93,65,80,95,3,50,28,72,71,28,48,56,97,68,16,89,55,21,5,15,94
36,45,93,72,18,85,82,94,21,5,3,58,12,70,10,89,57,12,69,54,28,49,7,51,0,2,63,11,57,73,39,63,51,42,25,54,81,27,13,31,64,86,57,5,23,45,26,81,79,26,10,84,72,30,43,48,62,94,79,76,20,85,2,90,15,23,9,12,17,57,54,22,61,38,21,15,63,56,76,32,79,57,34,53,54,68,80,37,9,5,78,48,85,16,94,25,46,50,80,72
48,99,96,14,54,62,75,85,55,56,96,80,36,7,13,46,55,22,2,63,50,65,88,23,38,21,6,45,19,28,58,89,67,8,19,93,5,28,25,41,31,63,23,38,75,95,88,69,68,48,68,92,3,90,83,2,3,44,82,92,9,32,40,66,36,4,65,58,97,91,57,65,77,96,90,48,25,50,45,87,59,54,1,91,84,92,83,34,83,0,43,65,71,92,14,99,15,97,73,8
96,69,95,50,60,75,54,61,2,87,34,70,16,64,48,74,27,81,59,54,59,0,3,79,62,9,70,85,15,99,83,21,86,82,10,69,83,45,34,31,13,21,39,78,77,34,97,80,67,93,67,94,50,98,52,97,36,54,10,55,52,74,60,66,14,87,25,32,77,73,66,16,31,95,52,68,24,51,0,64,17,53,37,20,38,44,20,38,59,61,84,91,5,77,48,72,43,95,21,4
26,17,19,52,4,72,70,35,58,93,59,7,21,14,84,66,89,24,43,74,2,71,64,39,40,18,85,46,64,59,16,36,85,29,94,34,73,32,41,70,10,64,47,97,5,50,79,24,58,43,61,36,25,90,27,51,8,32,2,45,96,12,90,90,28,27,15,73,48,11,5,16,91,54,50,60,1,67,76,4,46,24,9,10,33,65,63,37,90,10,77,61,92,80,3,5,15,12,31,53
46,83,61,56,12,83,94,87,29,26,39,94,96,3,38,7,53,36,57,14,23,15,84,54,13,99,47,10,83,94,67,2,49,96,43,89,46,10,66,53,30,22,54,80,29,42,4,98,12,77,66,77,83,32,43,78,76,2,27,9,62,5,98,80,40,74,19,13,76,5,81,6,56,46,71,77,93,6,42,45,11,15,61,71,47,99,1,79,55,70,77,51,73,97,89,68,37,2,52,81
8,49,43,67,12,15,29,45,28,4,12,17,96,98,67,21,85,17,41,1,5,14,43,16,68,37,45,15,44,42,72,28,37,49,35,21,12,8,35,70,76,4,67,96,12,17,4,10,7,81,70,3,95,78,75,98,77,93,17,53,35,54,31,33,92,60,24,21,88,30,99,77,8,37,54,74,94,70,32,3,20,9,39,70,48,98,86,96,59,70,95,0,34,60,34,55,52,97,68,12
36,56,44,93,90,48,43,55,14,52,25,51,51,60,97,1,36,40,41,25,89,65,79,79,42,55,69,100,53,69,58,30,2,44,63,21,31,74,30,0,65,26,50,7,40,28,75,91,33,7,56,43,98,59,51,2,87,62,8,88,75,7,4,100,66,73,1,87,31,76,66,78,25,53,3,38,60,90,84,92,74,33,54,57,58,83,44,1,68,78,45,58,55,35,57,74,48,51,8,71
66,9,50,86,25,100,86,20,51,52,51,75,86,88,50,72,90,7,82,47,4,99,30,91,78,87,0,26,89,68,8,48,80,65,58,90,36,12,12,13,53,27,15,32,46,7,74,33,41,37,8,8,51,37,19,75,92,80,72,41,90,79,90,78,29,95,64,2,63,26,1,100,61,41,14,63,93,81,87,71,9,56,59,82,73,65,25,29,25,18,98,26,11,97,89,28,49,70,75,82
42,3,6,32,71,20,67,5,88,56,51,71,97,86,12,79,53,12,29,79,90,44,26,18,77,68,70,25,40,13,72,39,97,66,52,62,86,38,29,46,14,91,14,78,33,6,50,67,90,94,56,52,34,11,39,77,49,9,23,52,35,35,100,37,23,26,5,10,21,31,82,38,65,15,79,99,37,55,91,15,4,63,31,36,94,4,33,42,67,98,31,31,16,33,90,65,28,47,0,59
6,58,78,39,45,18,24,20,90,0,46,81,69,58,81,19,70,32,2,24,29,85,56,99,32,96,63,43,26,84,25,74,37,31,19,22,49,71,27,45,70,24,84,66,8,17,68,1,8,21,98,86,25,17,26,60,50,62,15,35,42,52,25,6,20,30,12,71,66,38,75,82,91,62,4,47,9,13,87,32,3,24,6,41,15,56,75,87,78,43,98,31,41,65,76,92,86,24,39,95
16,48,51,60,33,51,0,38,40,85,76,83,15,14,16,18,100,10,42,67,34,16,25,83,15,47,40,0,85,80,36,98,45,91,43,48,77,12,37,53,11,1,57,7,24,36,19,65,93,39,71,87,94,82,52,57,48,51,68,61,55,91,23,75,49,90,9,60,5,15,82,78,11,92,33,28,6,49,79,38,44,84,16,37,38,54,10,28,51,93,82,67,1,9,99,40,20,9,88,31
52,53,30,46,2,82,95,50,67,88,5,77,67,11,99,34,71,14,6,49,68,74,50,94,81,89,87,86,28,60,79,9,20,98,56,92,31,22,27,73,82,27,71,56,39,10,32,92,39,70,65,15,27,13,52,96,25,37,100,55,53,9,68,96,26,75,58,47,31,11,67,41,72,72,88,56,15,32,15,37,58,89,86,64,24,94,53,29,97,41,19,52,81,22,22,54,43,3,33,23
50,29,90,83,73,37,53,21,45,83,35,37,69,20,85,37,59,88,11,87,29,76,39,84,20,0,32,26,90,52,39,40,90,49,31,22,31,6,60,80,93,88,53,90,53,72,99,91,80,94,3,36,70,100,27,17,85,43,2,96,58,27,74,27,56,77,9,60,78,78,10,83,46,3,31,100,38,23,9,70,33,55,32,94,41,15,99,40,88,48,46,99,95,95,43,43,28,85,86,56
70,46,81,37,32,17,9,53,59,43,99,75,89,15,78,2,8,50,84,53,37,4,21,33,53,4,24,47,81,100,60,12,88,26,4,89,50,2,31,56,36,69,85,76,50,50,56,79,45,44,45,68,30,77,72,44,35,87,44,21,98,35,99,93,51,88,62,5,2,30,38,1,55,51,91,11,12,61,65,45,82,52,14,99,99,18,21,36,52,99,4,89,70,48,80,63,32,49,58,83
62,88,50,7,72,37,5,63,26,94,37,97,56,29,28,1,46,25,24,75,74,86,1,55,72,23,67,76,83,27,53,91,28,55,94,31,73,60,16,74,90,10,75,54,72,29,91,51,89,80,18,84,85,9,48,85,2,7,17,49,62,18,60,18,55,36,77,52,83,82,47,12,49,29,99,44,12,45,27,10,21,41,47,47,98,54,67,15,20,99,93,26,22,40,95,5,30,22,68,11
59,21,74,4,70,50,33,74,60,53,89,75,90,86,31,87,17,44,37,55,40,57,11,86,84,91,50,90,70,41,23,24,61,35,7,96,16,7,66,60,78,45,12,31,87,17,3,85,47,47,52,45,78,96,37,28,72,26,54,8,75,60,30,41,90,84,95,49,79,32,30,56,57,15,18,23,74,46,61,14,75,94,1,73,9,97,15,87,74,95,55,41,59,5,47,26,58,93,81,63
72,61,1,93,70,35,66,43,74,78,59,43,17,29,57,25,7,2,30,27,96,48,71,59,92,71,7,93,53,79,45,44,58,1,79,76,65,7,28,26,32,97,76,82,57,87,34,64,68,6,68,81,72,75,79,92,35,44,25,7,45,3,69,32,95,17,76,84,39,47,51,37,15,60,47,61,7,61,43,96,68,38,10,39,24,66,42,100,91,80,97,81,72,82,94,43,99,73,12,0
90,5,63,51,66,54,40,22,6,67,21,82,47,54,69,64,73,49,17,70,66,30,12,19,39,16,6,13,54,7,47,38,13,66,36,75,87,33,17,8,67,70,32,26,94,100,4,83,48,91,95,70,33,87,81,71,33,44,41,83,99,19,97,20,46,66,77,82,77,76,65,32,96,49,94,98,80,88,40,81,26,12,93,56,31,45,85,72,30,8,40,76,32,68,22,33,73,26,95,49
43,8,91,49,1,79,100,97,96,22,70,68,4,69,48,100,15,12,17,48,57,75,62,11,35,22,85,35,69,63,19,46,74,46,60,65,75,95,97,37,85,85,47,23,29,52,58,26,32,59,18,3,69,62,11,10,86,19,1,30,73,63,7,5,39,1,52,57,86,91,0,95,98,63,49,50,85,13,35,18,99,54,5,90,40,95,15,44,20,70,33,70,12,13,25,13,97,5,44,5
22,12,88,49,5,46,99,55,50,70,52,28,37,76,17,26,48,99,13,70,37,14,27,80,26,3,34,14,80,46,3,42,28,91,52,16,54,44,75,91,21,19,42,44,63,62,37,95,67,88,77,3,36,95,21,39,21,54,57,97,60,70,3,42,55,89,81,29,88,24,82,8,72,79,31,55,28,45,79,4,10,54,41,35,87,72,17,30,51,24,92,97,65,16,22,50,53,67,23,0
78,40,25,25,66,17,69,29,16,86,17,36,41,88,48,67,86,32,47,57,10,21,77,71,29,41,21,28,85,97,96,87,27,2,20,57,11,86,38,86,18,46,14,72,41,58,23,97,74,38,76,65,90,72,35,56,88,0,96,88,95,48,54,82,4,37,57,14,99,72,92,87,61,49,99,35,2,37,6,93,50,69,31,67,68,5,20,9,44,8,32,66,37,78,19,29,89,60,81,7
90,16,26,94,61,51,64,75,48,79,55,14,40,75,38,99,18,70,29,92,46,39,41,2,82,77,45,99,13,15,90,87,33,43,25,79,12,53,56,13,47,37,41,71,39,26,66,3,88,55,28,65,49,83,64,53,55,15,14,35,94,81,13,15,57,87,41,75,7,46,3,19,0,36,31,100,75,41,77,51,4,36,99,55,1,46,14,25,10,56,84,2,34,45,4,13,22,13,36,46
65,96,49,39,30,17,51,91,67,46,53,0,2,20,10,96,64,6,13,3,28,66,10,68,96,13,22,83,7,42,41,62,4,55,82,73,73,4,59,81,8,45,87,44,31,78,38,19,95,1,38,66,80,54,85,17,53,22,64,58,54,78,53,43,19,71,45,74,36,60,38,15,13,97,77,18,21,65,39,39,63,77,39,54,76,34,7,45,1,67,92,1,91,47,59,99,68,48,77,98
91,34,0,19,98,79,46,57,10,28,86,14,55,31,58,71,78,36,36,68,40,89,13,95,92,57,31,41,97,16,48,71,38,9,1,1,42,99,46,94,85,63,74,88,1,100,99,44,56,54,68,71,17,89,19,52,33,9,36,30,82,52,19,55,99,8,17,48,51,35,24,86,99,30,35,83,5,51,66,21,35,7,21,73,80,67,44,76,9,38,73,93,69,10,31,64,88,35,11,16
1,26,7,77,10,86,56,4,78,4,50,52,70,27,28,28,36,20,43,76,7,7,51,16,67,71,99,82,35,60,4,2,55,3,45,63,20,28,3,42,55,4,70,69,92,89,50,21,34,4,89,13,35,2,80,31,74,42,25,50,36,76,46,64,11,83,68,55,93,68,60,99,79,65,65,52,79,64,47,17,23,35,3,24,86,96,6,68,91,75,80,27,60,62,99,22,99,32,94,35
44,8,20,73,41,7,55,47,58,10,83,18,20,70,50,6,69,79,44,38,8,98,33,55,77,19,78,67,59,64,36,30,32,97,92,33,51,56,51,13,72,30,32,99,38,72,4,83,74,20,17,71,53,33,37,64,77,46,39,25,43,24,79,8,51,15,38,28,42,61,78,87,51,79,79,30,10,69,99,7,49,0,96,37,36,97,84,81,85,32,4,34,87,43,26,89,51,69,89,49
69,86,66,65,64,36,3,35,76,72,22,95,51,68,77,16,33,55,58,85,94,70,2,76,54,74,80,85,17,43,26,3,50,6,57,65,65,94,25,86,27,76,75,25,3,62,28,64,33,48,18,93,96,31,33,56,33,14,90,51,5,100,44,76,27,29,49,11,25,48,74,27,52,22,29,48,35,91,7,72,10,86,20,79,1,33,29,24,63,82,12,43,57,67,45,64,8,67,73,50
72,31,73,1,7,82,41,50,2,81,25,17,67,66,98,38,2,39,96,5,17,88,68,0,18,63,44,67,52,57,38,53,94,55,17,7,64,72,72,6,94,88,32,52,78,66,15,83,16,41,12,9,49,86,16,41,17,48,45,8,49,26,18,89,97,71,66,70,52,43,60,80,53,16,29,2,9,4,83,80,76,97,95,68,66,47,70,27,23,70,75,55,53,76,23,35,28,97,96,40
17,84,18,61,94,5,98,35,14,6,34,56,55,76,28,8,83,48,31,56,26,76,13,36,59,11,17,95,63,17,51,62,77,22,1,49,23,90,48,55,95,64,6,5,36,71,48,83,2,49,53,6,25,16,17,9,9,95,32,38,19,76,27,0,78,3,73,26,17,72,43,54,27,47,97,56,37,96,49,96,79,22,56,75,54,63,90,55,85,78,11,8,37,19,59,37,76,61,18,40
8,79,71,43,15,26,38,97,63,13,65,89,99,59,88,42,51,48,60,68,16,62,0,49,40,56,96,42,4,9,18,11,62,24,84,4,82,22,19,26,76,13,33,8,92,57,86,59,96,18,62,67,22,59,46,16,97,13,40,41,0,86,35,79,10,38,72,1,32,58,49,93,51,69,90,97,83,90,56,10,47,93,17,23,68,23,75,86,84,79,18,18,55,73,10,79,78,13,11,62
51,12,8,75,53,73,32,4,3,4,67,66,52,71,68,34,0,11,14,32,51,19,53,73,93,48,34,16,59,66,3,35,17,2,35,85,76,44,9,52,71,9,32,93,18,65,57,2,45,18,86,56,73,46,2,72,40,40,52,62,88,22,16,70,18,3,51,94,55,93,82,41,81,51,13,56,14,83,8,48,72,85,53,45,11,36,89,68,91,95,60,77,7,2,7,93,67,2,21,1
13,53,32,27,46,10,74,96,28,8,52,40,10,20,0,93,73,72,7,5,65,84,99,52,31,81,12,65,28,2,74,47,11,20,15,43,70,32,64,81,80,8,99,75,8,2,66,94,15,74,80,90,67,24,53,87,62,32,65,51,99,16,10,7,9,78,30,59,93,2,61,32,64,57,21,15,39,6,26,7,71,7,43,64,41,51,8,26,100,98,6,62,73,1,25,28,16,100,71,47
13,4,72,91,56,67,15,99,70,64,49,1,59,68,83,70,8,38,74,49,38,5,87,11,27,26,69,48,88,81,90,94,53,91,30,87,63,8,39,83,59,21,3,33,85,72,83,36,91,82,65,59,96,27,21,2,74,56,79,98,12,63,31,74,95,53,55,58,90,62,31,66,48,81,58,33,82,38,41,13,31,25,74,5,20,20,94,9,0,5,3,13,74,98,87,6,44,29,60,86
70,91,52,57,28,4,28,12,15,45,10,55,8,15,17,44,25,35,76,86,96,97,91,40,69,84,34,14,3,65,54,71,52,4,24,25,77,76,58,42,25,56,70,59,74,74,25,3,14,40,41,41,40,61,67,81,3,34,2,28,28,48,23,72,16,20,15,43,13,5,39,59,6,100,55,7,8,66,68,81,54,44,64,62,55,6,0,73,53,96,82,35,77,73,15,45,71,2,82,10
85,41,46,92,42,42,98,77,0,5,14,66,91,20,4,71,24,53,62,63,69,95,6,65,13,5,35,60,30,54,4,97,51,51,18,17,8,25,37,77,32,29,72,95,53,32,95,100,100,33,47,56,61,56,32,78,57,67,79,70,3,61,8,62,56,64,44,60,39,19,10,24,25,4,95,67,48,79,77,61,29,29,37,86,90,79,90,37,86,83,56,88,83,38,47,18,99,57,77,6
92,71,91,93,75,11,78,46,18,87,99,46,85,82,69,1,53,67,4,98,46,52,41,51,28,30,51,38,10,60,7,1,72,85,19,45,47,69,9,67,34,76,31,61,53,87,3,63,87,64,35,56,60,34,77,2,60,22,86,60,75,40,95,100,70,72,35,94,75,21,37,33,45,7,49,99,88,52,90,86,31,32,53,60,57,59,16,78,63,53,97,52,18,86,8,67,48,68,28,94
71,80,94,75,63,66,18,52,97,33,82,99,3,32,44,86,22,54,17,81,45,25,85,86,98,76,79,100,41,8,3,8,14,41,5,62,33,73,33,95,49,35,43,40,35,80,68,42,33,20,19,26,99,41,78,32,35,87,9,47,30,52,4,73,14,91,58,49,38,37,4,9,12,5,35,50,56,10,28,50,87,48,5,30,6,23,40,99,16,65,34,7,69,62,80,56,57,22,65,90
17,9,0,81,58,59,37,36,46,82,77,99,89,32,8,81,50,77,61,73,99,88,62,93,27,71,74,53,88,48,73,90,74,24,60,92,100,9,55,39,44,97,95,56,35,0,4,28,25,5,91,73,35,80,47,76,87,95,4,0,29,18,63,14,14,49,7,5,76,4,23,36,13,63,25,79,42,35,85,4,44,3,30,22,0,28,35,83,76,71,92,84,6,16,94,10,79,93,15,13
24,54,97,69,49,97,83,18,9,3,25,71,64,18,73,18,90,11,40,90,20,94,61,80,52,22,55,62,86,52,5,18,10,68,44,75,51,65,32,100,95,50,22,16,66,20,7,72,87,97,57,54,23,63,27,84,98,65,26,64,26,95,9,13,17,59,17,35,78,44,54,69,84,54,20,92,38,55,6,88,54,22,2,72,86,2,84,49,26,14,2,73,40,9,3,1,16,38,1,94
4,3,29,14,77,42,81,47,22,50,34,77,57,52,8,64,77,3,83,11,59,2,40,68,36,84,61,22,23,5,83,12,13,90,3,97,26,48,31,77,58,61,74,26,8,89,17,69,4,55,12,19,48,84,94,70,98,95,76,85,83,100,52,15,42,11,15,49,70,36,86,34,22,38,55,54,4,41,77,67,25,79,87,77,95,90,79,73,10,6,62,90,42,34,38,48,64,14,78,91
27,10,71,40,73,21,97,75,60,66,75,27,66,50,30,40,60,85,78,58,5,94,40,72,32,13,96,29,0,75,21,44,24,26,17,59,39,77,8,82,63,86,38,20,71,100,46,90,59,36,74,85,29,90,19,54,95,11,66,59,92,32,74,60,25,18,58,16,34,97,13,59,90,14,92,57,34,51,78,81,30,77,85,79,24,8,78,14,61,11,1,73,26,65,11,16,63,14,55,45
8,66,70,72,21,71,25,19,71,98,52,87,93,45,74,40,13,51,39,41,1,57,83,72,23,84,57,62,0,99,12,60,74,84,48,90,46,66,57,65,74,53,13,40,35,85,47,94,85,16,18,65,68,76,28,11,65,55,70,0,82,0,72,86,75,54,28,50,34,68,42,43,2,38,53,45,2,15,55,37,23,11,78,93,34,47,85,81,64,53,37,41,98,32,83,30,46,63,98,64
0,76,37,86,41,8,88,52,39,37,48,20,2,94,43,72,66,22,66,24,65,10,34,44,87,53,9,39,40,46,49,28,87,24,95,64,51,91,54,66,19,40,98,26,28,95,81,66,40,73,37,61,83,28,92,20,7,50,50,8,23,96,95,47,54,64,39,71,13,100,96,46,39,18,80,37,51,51,36,51,97,86,21,56,72,82,79,86,22,8,39,42,31,8,46,18,96,86,84,98
16,13,67,40,26,47,56,4,57,41,57,73,65,64,48,1,8,54,47,90,0,97,40,82,37,57,81,99,35,71,92,66,6,78,26,10,96,85,61,22,10,98,52,74,14,86,47,40,52,93,12,44,39,73,45,48,67,18,9,53,33,19,57,53,87,81,15,84,29,57,26,24,64,55,45,11,63,12,9,51,53,71,83,45,19,52,73,88,32,22,92,8,98,55,76,12,34,57,96,47
13,58,25,96,4,86,94,26,74,39,69,62,40,33,33,98,79,58,15,70,56,99,6,80,18,25,79,42,96,71,29,16,79,25,75,63,39,92,38,41,41,46,96,71,99,40,74,12,18,46,92,82,19,89,38,97,71,100,84,0,39,57,99,3,81,59,18,11,84,82,93,90,72,23,34,71,100,61,42,98,46,46,74,9,38,1,37,39,40,52,33,67,68,55,2,88,1,34,66,13
39,19,2,63,90,10,53,1,95,51,48,76,91,47,31,65,78,42,22,40,39,16,26,93,25,13,91,98,32,82,48,92,2,84,37,29,76,86,97,21,35,19,5,99,40,46,7,10,96,94,52,46,36,21,48,10,4,16,29,0,27,7,47,30,46,53,5,56,17,68,86,23,38,72,76,84,63,64,77,29,77,28,56,71,10,20,51,85,27,6,98,94,11,15,85,74,40,47,61,56
4,59,68,33,30,43,41,73,20,57,49,76,61,65,89,1,93,26,13,4,15,40,91,23,31,97,40,28,37,91,64,7,72,26,33,69,52,21,40,48,84,81,84,46,45,3,68,19,14,39,71,25,50,70,3,84,84,94,32,50,83,80,95,1,17,18,29,99,44,91,51,4,2,9,42,85,14,51,75,49,62,24,20,25,53,61,43,12,92,90,21,56,11,72,14,46,4,7,79,41
43,25,15,78,24,60,36,28,95,94,81,68,79,15,95,88,19,57,90,7,79,72,6,2,60,13,27,88,68,73,63,71,88,96,62,85,49,55,79,37,66,32,35,16,10,15,64,53,94,0,8,42,49,48,19,79,70,24,5,16,66,22,89,91,6,65,27,4,37,43,52,44,67,69,5,19,28,56,13,22,76,25,20,92,60,64,91,68,22,1,9,63,73,62,96,56,16,45,42,89