63,82,48,44,25,41,57,96,35,87,58,86,89,57,1,88,66,85,44,26,31,22,7,10,76,44,87,30,45,39,87,5,97,51,26,80,78,78,5,31,44,22,31,15,7,12,91,99,43,100,3,57,43,44,74,10,91,53,97,61,27,5,32,79,8,44,1,14,9,43,91,5,28,74,25,74,65,4,40,40,13,92,59,57,73,93,71,5,16,40,46,41,68,56,10,33,6,94,74,3
13,69,19,48,63,98,54,60,94,77,17,70,5,80,72,8,16,37,43,93,62,18,46,16,72,82,76,34,3,9,45,40,5,20,16,52,77,65,4,60,90,45,35,18,73,89,0,14,74,59,60,56,65,7,97,87,11,35,68,36,75,94,64,79,71,80,56,67,62,75,15,10,43,90,77,32,58,52,72,94,36,53,43,80,63,96,79,18,5,59,4,13,46,66,3,46,42,75,37,0
28,37,69,4,64,28,47,49,28,91,26,12,73,30,80,15,76,74,47,26,91,97,87,22,91,72,92,86,91,71,21,96,92,77,67,40,82,74,74,3,70,87,30,20,93,21,4,67,14,21,48,23,33,46,24,74,32,46,95,71,60,4,43,25,94,65,81,94,87,60,71,22,10,28,79,63,47,72,51,46,82,29,54,100,66,52,42,50,88,87,49,57,59,41,38,1,83,3,81,85
76,74,1,11,31,78,0,5,80,72,41,23,11,92,8,31,88,4,66,9,11,65,86,42,71,22,63,51,47,43,62,80,61,88,72,58,78,24,86,64,90,69,15,2,86,99,29,72,96,72,54,61,56,24,41,31,51,5,97,37,90,37,63,59,38,40,82,4,28,43,85,45,71,27,20,63,1,87,26,13,60,29,60,17,78,30,80,81,22,87,59,37,79,19,49,23,44,92,55,19
84,44,96,61,98,6,26,12,97,57,81,37,97,83,80,100,3,78,21,29,68,100,75,60,74,48,33,4,71,77,18,28,71,76,71,34,91,28,96,73,44,38,29,92,95,77,98,21,6,50,100,60,6,46,54,62,29,85,61,7,58,48,12,29,10,66,55,0,75,20,14,71,27,63,35,73,66,54,62,54,55,100,69,92,42,3,32,53,97,91,3,54,10,66,65,29,3,72,8,67
84,76,18,74,30,85,30,46,100,22,72,3,41,100,28,86,63,95,90,37,49,94,35,58,17,79,28,3,33,85,39,11,66,46,21,89,76,17,35,41,81,65,21,55,76,55,71,21,54,50,38,48,95,7,19,58,82,65,35,99,64,84,36,18,54,21,46,31,9,90,6,32,90,42,45,23,77,8,8,90,100,70,91,29,60,69,73,91,88,6,83,34,12,12,94,10,35,67,53,62
29,76,52,14,59,39,79,35,57,10,94,100,24,45,9,15,81,39,13,33,94,8,73,67,36,29,92,10,56,52,44,26,26,25,62,1,59,43,68,72,38,71,42,39,17,93,15,78,33,93,56,4,60,21,94,25,58,90,54,12,68,10,69,19,73,29,81,78,85,63,51,8,7,49,29,65,44,58,16,18,88,81,44,38,69,53,70,86,22,75,78,10,98,38,56,57,84,84,18,80
95,78,84,76,10,82,39,60,57,83,73,87,91,73,92,42,81,24,98,22,14,86,14,70,9,69,67,55,77,47,88,99,32,20,3,82,37,17,96,38,69,32,84,59,31,79,23,93,44,21,20,43,72,52,38,11,63,43,74,50,58,64,76,17,86,38,99,7,85,66,25,63,100,47,90,35,78,90,53,44,7,18,40,60,45,54,86,98,81,77,78,51,99,2,1,83,7,95,17,75
41,8,1,91,80,22,75,22,57,73,79,21,31,63,84,86,34,98,55,55,45,69,76,45,64,50,10,29,68,54,91,47,56,7,29,75,44,83,0,76,66,72,79,22,46,23,31,1,10,40,86,9,68,7,100,33,40,12,41,27,18,93,5,54,12,18,23,35,11,79,10,26,5,80,0,19,8,64,26,92,18,2,62,57,45,53,13,65,33,19,7,20,65,4,100,58,97,28,50,58
73,26,26,65,75,42,82,37,39,24,63,84,21,98,76,2,33,79,44,10,80,59,11,39,46,37,43,93,94,61,99,65,30,9,91,14,65,18,30,61,1,45,25,84,75,12,86,100,89,33,66,67,10,64,78,89,40,52,34,69,65,87,27,48,75,93,22,56,92,85,43,100,69,48,36,50,76,56,57,16,71,22,55,66,60,10,57,95,60,24,33,87,99,94,71,63,21,66,74,87
30,4,77,4,5,74,6,57,91,7,30,93,33,65,3,35,41,26,15,94,98,39,61,1,66,91,11,95,48,98,52,65,14,27,50,83,100,60,50,83,11,41,82,98,72,41,99,38,73,72,12,31,90,60,77,22,5,99,67,37,78,14,11,21,15,7,68,56,42,11,52,67,71,56,93,99,84,88,78,43,74,26,70,36,13,19,68,3,86,42,52,97,45,81,94,12,67,45,49,78
23,31,91,31,8,59,25,22,6,19,82,91,88,2,19,13,53,28,5,1,6,53,4,17,91,25,35,92,3,22,55,19,79,89,59,65,63,96,9,74,64,18,83,96,54,85,9,29,9,82,31,19,0,29,72,16,21,55,59,50,33,19,14,91,77,66,57,44,23,70,64,42,82,3,24,21,81,8,96,29,85,94,57,38,0,41,35,57,61,50,36,92,92,24,97,38,6,70,58,41
86,71,53,63,77,31,67,66,13,52,26,30,47,36,1,67,91,70,36,22,46,25,40,54,26,42,83,14,64,2,7,69,4,42,44,43,32,76,15,89,1,4,48,50,62,68,42,92,19,80,82,18,23,71,82,42,45,16,25,24,45,87,67,27,97,88,52,67,90,77,50,26,66,59,32,48,1,16,29,0,12,33,29,42,72,84,49,65,68,7,15,54,40,78,54,90,88,17,71,100
60,2,68,2,94,69,95,12,5,89,41,53,53,69,18,89,97,6,36,95,92,27,54,72,90,41,13,92,96,22,7,88,4,19,59,26,16,4,78,5,66,60,41,78,60,25,24,7,74,58,80,46,51,22,80,92,9,71,44,9,67,0,58,53,38,38,3,31,41,24,18,7,100,23,28,94,76,14,61,53,45,72,69,12,55,16,82,72,56,15,41,77,51,71,33,19,39,49,41,93
4,87,72,64,36,25,13,43,27,7,83,72,63,54,16,21,98,20,6,54,11,22,21,35,97,4,57,47,34,30,13,85,36,75,70,43,81,23,28,80,28,2,84,11,23,88,62,48,14,66,50,0,21,62,48,72,29,71,5,81,90,53,43,12,6,78,39,1,100,24,55,86,54,61,77,42,92,4,65,88,18,28,22,25,99,43,90,100,68,86,48,59,13,52,68,94,86,41,81,53
11,53,19,90,38,39,39,49,49,81,83,49,62,31,7,61,6,24,64,32,58,25,79,19,27,18,75,17,77,99,71,35,49,57,74,99,95,59,76,55,25,24,17,13,24,49,37,89,40,15,89,55,73,79,37,70,69,70,69,19,27,88,99,84,46,29,93,93,43,11,3,3,25,64,54,42,20,96,92,95,51,96,47,31,92,80,49,42,60,70,36,10,14,76,55,57,29,10,46,61
1,83,89,88,73,22,72,85,6,73,11,85,61,30,13,71,100,95,30,61,55,29,70,12,13,52,46,20,72,24,90,50,98,65,92,19,15,45,27,23,8,51,33,54,59,35,61,3,91,45,38,51,10,100,0,92,66,90,60,64,71,66,90,80,42,1,90,64,26,21,98,55,70,16,86,9,36,20,99,90,4,75,37,69,67,70,60,20,49,10,93,47,25,97,94,34,14,99,72,21
59,93,70,33,19,7,23,29,30,23,12,40,45,32,20,5,54,38,76,52,9,83,46,87,44,39,97,59,8,14,12,59,71,29,87,74,12,8,33,17,65,66,8,30,65,42,69,89,82,39,81,3,71,18,58,47,99,89,37,63,35,52,91,85,58,31,1,57,89,40,67,21,98,63,46,29,21,33,13,69,54,39,59,57,79,45,69,8,52,88,56,6,32,10,51,61,6,39,9,84
59,57,96,39,24,47,50,63,53,96,28,27,32,45,27,60,10,8,33,3,22,88,27,66,99,23,59,53,35,93,40,78,50,49,46,12,27,63,32,5,64,19,78,63,85,4,2,95,38,94,5,76,1,6,6,7,0,78,40,94,27,71,11,1,24,43,46,24,30,41,59,7,73,70,98,65,64,32,23,1,70,45,83,20,10,48,83,4,24,40,49,100,93,69,48,37,33,26,18,53
79,32,13,37,25,9,75,3,29,84,5,27,86,10,69,54,34,89,58,65,83,71,7,68,60,34,42,95,58,16,26,17,29,25,71,6,37,65,61,93,14,65,51,2,16,32,40,96,67,35,81,58,44,19,37,35,100,20,44,78,7,21,0,6,13,83,36,56,12,81,72,59,71,18,32,98,64,76,56,3,91,28,69,44,68,45,89,46,40,17,58,97,92,51,70,92,87,36,98,99
73,14,76,67,6,4,19,92,54,69,99,8,87,68,24,4,66,41,84,54,6,57,99,79,32,90,9,86,56,77,32,45,26,82,5,84,66,92,37,96,2,39,17,54,32,5,95,23,42,59,8,98,51,2,71,46,52,100,69,28,95,60,95,91,96,26,28,70,52,60,18,83,22,64,58,96,39,57,15,86,3,40,21,20,75,43,75,61,90,23,53,95,39,34,51,42,76,64,10,56
80,76,2,27,67,27,90,46,33,19,95,35,38,5,12,63,21,19,94,39,45,94,58,54,53,62,76,5,18,66,5,37,32,34,35,8,39,98,89,74,44,44,36,55,41,59,76,68,18,41,99,2,11,95,54,59,93,91,2,28,35,17,55,38,31,75,70,48,97,58,86,11,82,83,85,83,68,92,61,54,98,9,67,48,60,9,46,74,31,6,38,59,23,63,31,75,38,11,64,74
7,78,11,80,53,78,26,29,91,41,94,96,99,20,23,43,19,50,55,76,37,28,75,28,95,97,95,80,55,1,39,87,21,88,84,2,91,57,97,22,44,59,85,9,54,28,36,97,41,10,3,1,41,47,57,21,73,28,41,95,12,97,96,74,29,0,62,39,48,78,36,51,33,5,72,58,80,86,18,42,49,12,95,98,78,85,70,36,2,89,37,60,38,4,54,80,51,53,31,5
16,28,5,59,63,13,58,40,30,75,3,13,78,2,24,87,46,48,18,35,38,90,6,95,18,43,65,86,17,99,9,91,47,15,69,5,6,96,43,9,16,25,37,63,90,89,0,9,9,18,25,21,18,95,93,97,0,45,65,45,36,35,50,33,41,62,98,52,44,97,24,34,88,18,47,56,34,64,31,38,75,41,37,11,23,49,16,0,100,13,41,85,23,78,26,67,84,35,52,65
21,80,19,75,80,55,58,3,27,97,18,31,59,70,89,7,21,5,41,52,79,82,49,23,81,23,23,31,12,74,40,39,13,73,21,83,45,88,62,57,18,46,43,74,84,10,29,63,55,38,54,26,96,54,79,86,58,72,93,72,9,1,45,31,94,75,38,23,98,49,64,77,79,65,1,2,89,46,11,99,52,58,67,91,94,84,66,76,55,9,79,56,55,63,50,26,46,13,32,14
8,38,87,56,81,24,97,64,26,75,11,7,54,69,27,21,20,25,46,12,25,69,65,55,56,89,72,22,97,67,27,61,13,69,20,38,11,52,41,39,65,49,68,93,92,50,72,93,73,14,41,93,14,99,41,59,51,74,38,78,14,40,87,21,60,47,78,25,43,33,100,89,63,65,45,41,32,71,6,43,46,72,77,20,3,84,26,1,78,67,96,74,73,60,29,86,97,7,60,92
44,94,77,29,61,73,44,34,82,66,81,70,19,49,44,65,58,43,47,66,89,61,45,54,93,13,40,70,29,18,16,17,63,9,18,70,29,48,100,94,28,82,18,25,73,83,52,0,12,38,97,2,30,61,90,79,0,80,74,50,59,47,2,75,58,2,28,40,15,6,97,69,34,27,78,4,89,78,73,82,5,7,92,63,91,32,82,78,67,22,74,23,21,86,81,15,69,30,55,60
84,70,1,1,44,47,26,5,56,23,28,60,45,23,1,52,46,54,35,97,71,82,27,79,96,69,67,5,21,78,5,20,100,75,42,0,62,24,48,73,100,88,15,42,18,74,96,66,71,97,13,13,17,24,85,36,33,0,22,52,7,30,32,100,69,59,87,66,94,44,11,72,37,81,91,72,78,28,74,5,59,22,21,29,32,69,22,8,57,19,41,17,86,34,50,35,35,56,99,21
65,62,54,84,88,97,66,100,15,76,75,89,75,34,3,48,10,95,47,20,82,39,16,85,88,53,38,23,61,56,93,69,95,53,68,14,59,3,79,88,77,66,92,10,21,43,11,97,58,47,88,47,69,26,77,1,44,55,97,78,45,62,19,58,13,9,92,61,71,57,98,78,61,98,2,54,40,74,34,33,95,77,14,81,9,47,9,46,83,65,14,11,66,3,47,99,43,16,99,41
44,89,53,52,32,38,98,21,95,3,73,45,62,5,69,85,8,9,73,45,77,4,3,37,27,17,53,6,27,92,77,46,64,20,62,67,19,19,99,43,18,73,63,9,87,12,73,15,98,66,12,38,47,6,77,17,61,27,26,55,5,36,22,9,60,45,33,69,75,87,7,14,55,49,27,53,26,79,89,58,56,36,77,28,2,85,1,37,49,18,92,29,46,82,9,69,36,88,64,8
24,63,26,12,26,6,96,25,69,11,7,90,16,15,50,7,60,44,50,49,0,34,94,51,81,73,16,32,49,4,78,73,85,51,79,23,47,87,83,31,90,70,29,88,14,100,50,45,56,21,19,5,77,69,2,2,76,83,5,10,78,31,11,77,58,88,36,36,88,17,100,14,25,44,25,42,14,51,63,16,16,57,42,47,29,42,99,53,13,79,62,5,45,10,74,35,72,26,49,78
87,65,57,0,3,39,38,28,57,77,87,79,90,19,28,43,59,6,87,20,68,34,100,49,49,22,1,82,15,7,75,94,6,37,55,100,18,3,34,60,47,40,78,41,87,51,53,95,91,27,17,59,47,21,42,35,56,6,19,30,30,47,80,21,77,23,67,63,22,42,1,78,33,73,18,83,16,81,90,82,86,12,89,0,2,35,88,14,24,77,68,100,64,35,97,38,57,4,11,59
38,78,16,71,25,29,11,63,78,12,88,2,8,64,40,85,67,89,60,65,77,18,71,94,78,74,74,62,18,60,9,67,37,8,32,48,99,75,22,55,10,80,20,17,79,56,84,25,81,79,75,76,99,5,14,15,29,34,96,37,26,45,76,66,39,2,94,49,72,15,52,13,87,92,87,20,26,18,58,64,18,53,85,27,47,6,7,41,89,43,74,83,18,37,83,74,10,32,54,48
18,2,49,58,38,64,40,63,36,63,9,10,31,13,30,40,5,20,91,41,6,100,38,72,68,78,56,54,71,72,11,57,92,87,42,43,16,53,3,16,37,37,72,34,9,17,37,92,58,38,46,83,7,100,81,55,10,19,95,8,29,14,39,70,11,18,1,38,3,95,66,16,56,12,6,0,13,76,91,94,15,62,94,99,31,41,22,37,42,48,43,50,99,100,90,71,65,41,64,29
7,60,0,72,62,16,27,23,17,11,78,92,66,61,33,67,60,56,14,46,11,26,85,6,83,35,71,71,30,76,99,38,31,39,66,46,67,68,4,81,89,24,77,3,29,73,33,33,45,11,39,94,69,14,86,86,27,47,27,60,28,59,100,43,47,35,51,69,40,59,69,45,35,77,93,72,77,81,74,48,30,12,45,52,39,69,20,66,88,89,9,88,5,18,67,72,59,90,100,32
67,14,88,89,42,50,47,81,15,21,41,56,63,87,83,36,75,35,8,60,27,74,23,51,32,63,7,33,83,62,0,8,74,98,71,76,98,10,37,60,44,4,93,32,13,94,52,58,3,50,35,90,69,41,26,59,67,25,23,47,69,55,80,76,43,72,40,96,56,19,85,2,17,35,48,90,45,54,24,71,2,35,91,96,20,24,34,57,96,55,0,51,53,22,9,24,81,13,70,93
78,20,62,93,85,72,59,8,19,46,17,68,22,92,29,73,24,8,68,67,57,10,68,63,89,10,46,85,72,43,33,60,8,0,28,16,37,99,84,14,93,2,35,78,2,30,35,14,95,4,71,99,61,23,77,73,90,65,29,86,6,31,15,84,60,76,88,94,78,47,42,46,91,61,53,72,70,91,14,91,31,15,66,68,93,6,37,0,4,46,75,6,68,73,81,5,74,29,75,63
88,48,92,5,48,92,87,44,8,87,37,26,93,18,10,43,68,61,72,34,0,25,54,45,75,86,46,54,12,86,44,55,80,72,28,41,34,61,15,21,25,65,42,95,35,77,64,3,82,65,74,60,52,16,58,67,59,77,78,46,32,4,88,95,70,58,6,27,16,82,76,94,67,58,60,69,73,94,62,80,1,34,4,61,72,51,88,9,19,55,79,56,29,94,61,10,91,90,48,57
65,44,61,88,8,2,80,16,55,34,99,34,73,87,37,40,16,10,31,59,2,14,33,61,20,1,53,4,29,50,18,4,89,77,1,24,6,86,49,72,26,60,95,1,36,78,28,49,85,68,61,47,13,19,70,71,48,57,67,66,4,30,48,83,30,61,94,45,70,83,34,66,87,79,17,39,72,61,44,13,75,0,91,66,63,65,93,85,19,65,82,27,56,96,30,52,45,64,100,41
99,12,39,85,55,94,79,25,57,63,54,33,61,21,34,31,92,19,19,8,83,33,12,48,99,37,38,59,12,29,63,44,31,74,94,53,92,63,3,0,97,7,28,50,77,95,20,59,51,6,93,36,24,94,13,37,37,31,53,20,83,96,28,59,43,100,70,3,31,33,36,94,64,97,45,44,63,19,42,14,42,41,38,33,2,62,98,42,85,81,51,79,12,45,68,55,59,53,26,77
67,50,96,72,96,100,95,92,44,56,62,22,89,61,21,25,51,29,20,2,48,68,1,9,10,15,58,63,26,62,17,11,67,74,37,0,63,0,49,1,53,69,81,77,32,64,37,1,77,31,30,12,7,67,84,22,37,13,89,12,2,76,40,33,100,81,70,32,72,100,23,93,90,60,28,87,51,25,64,18,26,17,4,89,6,88,96,64,87,58,3,40,73,88,83,73,41,27,29,1
57,18,40,71,28,44,15,7,55,11,77,98,10,89,67,4,11,37,67,1,42,42,96,12,8,29,50,60,4,76,97,28,4,96,65,57,36,50,61,59,81,74,70,82,3,13,59,8,39,87,90,12,7,1,88,58,24,13,93,24,18,32,7,60,31,79,37,90,49,9,58,28,40,13,65,16,71,16,88,46,37,53,38,81,63,92,18,25,99,51,29,34,8,96,34,63,38,55,79,41
13,73,62,38,28,85,70,12,34,83,98,84,77,63,38,18,33,72,51,42,79,2,1,84,95,50,64,52,96,88,69,76,41,5,10,92,18,39,74,16,12,36,72,10,49,67,49,100,57,31,84,14,53,69,19,2,7,46,24,60,20,64,32,76,96,66,6,98,47,19,14,92,44,10,49,49,76,98,57,46,4,76,77,59,90,67,50,81,79,88,100,6,81,79,59,16,69,86,87,17
62,82,20,3,10,71,54,15,76,34,55,27,67,99,67,60,62,84,13,46,40,20,82,1,98,50,25,16,55,26,8,71,49,48,27,90,100,25,17,29,95,26,67,54,20,68,54,30,9,88,30,36,31,53,22,83,42,76,53,36,44,76,13,3,29,51,47,74,45,48,33,69,90,58,80,8,50,54,68,96,40,27,41,44,83,22,48,62,96,100,83,17,51,74,22,24,70,38,27,5
67,3,11,86,53,84,5,91,25,2,11,76,91,93,58,34,53,72,15,63,27,19,37,33,23,63,76,19,9,22,66,5,48,0,22,39,76,55,15,47,16,27,68,90,9,93,84,65,77,78,10,55,58,3,21,53,64,7,44,79,50,75,71,17,3,29,38,52,85,23,74,77,85,74,33,75,20,72,80,69,56,17,80,36,12,44,90,25,85,71,37,51,35,78,59,76,65,18,15,24
54,49,22,53,8,70,13,61,93,30,27,76,91,12,94,25,68,78,93,41,96,44,99,26,87,96,59,50,86,93,28,45,68,66,2,90,29,81,25,10,7,3,23,83,12,10,86,71,23,16,86,87,21,23,2,9,32,34,19,13,97,80,12,68,89,17,15,22,48,73,91,0,8,24,99,37,49,65,28,60,60,91,15,37,4,39,49,83,45,33,5,82,53,32,60,58,33,68,37,84
86,21,94,94,76,96,38,10,98,3,63,17,14,25,65,34,27,30,25,57,10,59,83,6,58,69,31,96,55,28,23,47,39,87,5,83,67,62,94,96,55,95,13,99,95,0,25,77,85,18,14,13,21,92,52,61,49,99,29,64,71,52,22,32,89,43,100,93,51,26,57,18,43,94,13,14,97,100,50,68,59,76,16,91,6,86,1,69,45,96,57,60,75,31,72,91,20,71,7,68
61,69,21,99,79,12,87,72,87,86,2,39,6,63,41,64,63,24,95,30,51,27,49,45,94,60,50,49,62,24,31,24,36,30,22,33,82,12,62,76,45,98,72,3,78,84,87,39,10,71,10,59,64,87,31,9,65,57,12,5,80,94,86,81,45,11,50,80,33,93,80,67,89,80,37,86,54,13,10,79,89,90,95,20,33,81,34,77,35,28,57,61,23,18,69,83,25,26,6,54
87,80,90,23,8,4,50,73,58,32,93,38,73,28,77,70,84,13,89,58,83,57,99,57,31,90,39,11,43,33,6,32,8,2,44,0,97,32,63,44,82,15,97,72,100,44,93,25,63,23,7,27,3,21,99,89,96,87,83,33,56,42,95,26,83,66,64,78,18,83,50,87,47,9,70,16,83,72,91,58,64,37,69,100,51,49,14,28,15,6,54,59,76,60,18,13,35,62,97,55
12,31,49,4,91,34,86,56,21,82,36,54,79,20,85,81,82,78,100,37,57,96,56,77,41,60,72,89,44,60,52,86,97,36,97,79,81,81,94,19,40,43,12,21,67,61,98,37,82,87,10,48,43,43,62,11,56,76,80,27,37,51,12,10,6,97,59,29,81,37,58,58,48,64,62,70,62,94,87,32,40,28,23,21,38,2,0,85,25,53,71,1,98,16,58,34,57,74,51,16
78,0,78,94,51,31,44,70,64,83,98,83,90,31,73,17,97,60,80,77,3,90,3,99,59,2,40,41,88,35,17,71,3,2,15,45,2,23,41,71,64,91,78,62,20,49,45,0,21,63,15,100,69,51,100,35,60,64,64,55,77,14,31,20,85,58,33,1,94,100,9,32,92,35,86,30,99,19,88,18,73,63,47,22,19,6,98,36,38,63,29,93,98,47,9,23,85,94,68,7
28,47,36,65,52,37,10,78,69,29,71,94,38,14,33,60,87,84,64,61,30,90,99,22,19,23,70,42,1,99,84,61,97,19,26,73,12,40,74,32,97,46,43,99,3,10,71,92,88,98,23,66,80,76,89,59,80,0,4,2,35,49,85,68,42,11,43,11,66,48,16,53,75,52,23,7,98,23,44,31,43,77,26,17,24,33,75,91,52,9,35,75,83,94,47,22,37,70,2,45
9,71,16,96,82,41,4,56,53,36,50,23,99,98,47,35,32,80,72,37,22,80,99,33,18,47,51,48,28,71,19,19,49,77,96,91,19,56,50,7,57,40,61,83,64,32,86,12,97,9,82,27,91,25,31,71,57,13,31,55,12,45,7,92,10,5,91,33,29,76,26,99,63,47,41,39,4,15,100,29,43,28,37,69,21,68,91,54,48,86,77,22,26,28,71,4,51,8,38,64
49,99,48,22,1,7,33,71,80,35,39,78,92,31,11,66,29,5,10,13,59,37,4,30,47,7,91,5,77,12,71,78,24,65,96,68,60,4,7,57,16,87,98,79,74,74,57,62,23,99,62,25,74,11,91,37,39,66,2,48,56,13,44,66,32,15,66,82,74,22,73,96,69,44,36,14,84,58,41,30,3,27,94,17,25,77,27,2,89,17,72,43,70,52,32,51,10,29,35,36
40,58,18,44,39,56,28,86,48,97,23,72,75,98,3,59,15,66,13,58,74,25,44,98,61,34,45,14,27,60,87,17,5,56,50,30,20,5,76,64,2,22,26,90,11,2,45,64,71,62,56,19,67,94,74,8,78,3,64,8,47,56,25,20,87,38,57,42,13,12,90,26,6,48,66,98,58,2,94,60,90,51,65,13,16,83,37,76,22,72,29,66,17,55,28,14,88,49,64,52
92,61,95,46,65,54,14,52,93,83,0,43,20,93,0,77,40,87,19,26,12,51,74,16,89,94,41,73,1,31,39,58,98,43,4,47,63,61,17,7,98,2,67,16,29,24,100,73,79,43,46,16,81,4,70,90,13,59,29,96,45,95,67,3,17,39,85,33,46,39,14,97,16,24,72,31,69,7,57,6,29,12,75,47,16,5,90,85,30,97,23,83,2,76,38,63,35,39,29,61
98,88,38,50,22,41,32,3,1,39,86,39,62,16,78,85,54,27,78,90,16,99,8,31,40,84,0,51,5,67,81,30,11,0,86,37,71,75,79,73,62,41,93,59,98,64,45,8,53,23,79,96,89,83,44,27,6,84,57,10,35,93,39,100,70,49,5,54,67,59,45,9,84,25,92,49,95,3,78,98,30,27,31,59,75,99,35,75,18,66,14,25,87,17,27,66,53,83,32,62
86,7,95,84,73,92,51,55,9,58,27,17,96,33,26,90,52,47,4,76,37,49,29,34,32,80,82,60,30,39,48,97,50,17,15,37,30,59,46,33,97,52,53,70,74,43,60,86,14,88,89,22,32,80,72,56,64,92,6,89,77,30,62,98,93,5,9,61,32,41,93,85,60,77,60,43,83,71,88,97,43,83,12,26,35,48,14,76,99,70,0,3,1,95,76,14,97,65,76,63
33,21,57,98,71,16,77,36,34,48,40,89,75,36,56,88,58,9,35,50,88,72,94,34,61,42,79,77,90,34,28,97,73,67,3,4,43,54,100,56,84,41,2,13,67,30,57,30,73,56,96,96,75,75,54,14,7,58,92,81,3,10,92,36,15,41,9,71,92,25,4,13,84,75,97,27,12,33,28,2,62,61,65,88,77,3,26,55,40,38,27,93,90,24,24,82,82,31,23,45
20,32,71,18,53,62,57,64,64,62,4,3,25,46,9,25,56,53,40,88,37,9,79,24,28,37,67,21,57,28,6,27,5,46,50,94,47,45,62,97,17,55,21,79,45,66,16,21,79,15,36,2,51,91,43,11,59,22,59,18,51,41,5,87,43,62,73,16,64,38,80,9,40,48,97,75,50,33,55,36,25,69,60,63,8,67,93,57,9,43,61,89,12,37,49,17,76,24,39,84
43,74,53,51,35,59,70,69,94,10,51,38,33,86,93,51,59,26,1,61,58,82,73,92,89,80,3,43,69,81,35,44,86,33,100,47,2,14,61,25,51,78,86,81,26,79,13,53,68,100,22,34,29,23,74,48,9,46,83,21,12,49,64,64,29,41,11,82,90,73,76,58,31,79,28,94,71,1,36,86,71,52,82,9,89,49,62,92,20,37,67,13,47,99,48,15,58,11,98,82
35,9,1,49,56,42,85,45,87,22,87,48,78,63,17,53,34,13,32,10,34,10,91,34,73,35,9,41,75,39,17,7,54,93,13,62,75,86,95,55,25,38,42,47,55,54,76,70,15,81,77,69,52,67,62,7,59,49,87,22,22,75,13,19,13,73,41,66,74,38,89,78,29,25,4,63,68,70,44,5,45,96,15,65,36,95,42,95,76,13,99,50,48,49,52,7,52,58,63,80
23,11,49,10,38,58,74,5,97,10,3,79,40,73,26,9,80,58,76,25,66,11,96,65,32,2,83,34,37,7,86,5,49,36,23,54,86,65,87,36,37,4,88,14,3,17,89,52,67,93,39,44,70,8,53,89,59,61,57,26,50,66,24,3,64,79,34,5,0,83,89,91,37,40,7,84,92,15,62,49,21,40,41,66,67,32,25,36,84,96,42,8,63,31,58,32,12,0,86,32
9,10,76,2,31,96,24,81,10,45,90,7,31,44,49,76,25,10,86,44,49,70,82,36,90,50,1,99,100,84,55,26,96,21,75,96,15,12,65,20,60,92,76,69,50,17,54,61,89,14,49,30,62,75,65,19,71,32,93,46,73,7,58,5,89,19,41,93,34,16,74,19,90,9,41,48,42,53,58,66,36,49,64,73,42,92,74,29,38,88,31,98,92,36,52,98,32,3,90,14
49,21,0,29,18,58,98,41,11,51,41,57,40,74,92,31,99,0,8,38,22,100,44,17,85,79,51,52,65,77,20,86,97,66,72,37,70,45,14,23,95,42,15,71,26,50,54,77,38,13,91,45,69,13,52,90,64,94,38,22,8,9,62,42,4,19,16,39,69,76,6,81,62,2,35,20,76,88,28,89,45,12,77,75,73,80,49,22,45,80,14,89,16,61,13,24,77,34,4,7
11,67,22,24,30,87,12,42,49,79,16,87,28,73,31,42,98,35,19,90,45,49,30,80,16,34,54,60,87,74,17,12,17,62,9,90,46,3,76,48,31,29,86,57,71,54,45,83,17,59,64,75,83,38,85,24,48,54,85,16,100,17,83,83,64,12,32,96,93,50,1,57,66,16,37,20,96,25,1,35,16,43,62,46,1,100,10,88,60,23,66,24,12,1,30,74,53,87,28,29
66,87,39,55,59,54,58,39,30,35,61,23,47,22,31,4,54,21,35,90,14,99,43,89,68,0,74,63,45,40,15,34,59,64,62,7,84,30,13,6,85,15,35,72,73,82,59,0,74,19,64,6,7,14,44,84,79,66,93,76,56,62,55,27,36,14,15,43,54,47,38,84,43,16,28,20,60,78,61,75,41,30,67,18,88,82,41,76,71,78,44,35,11,58,66,15,97,5,91,77
86,53,81,14,48,76,0,18,11,32,88,56,29,16,41,10,61,75,32,92,54,54,45,3,36,23,34,50,8,20,97,45,91,75,94,71,12,46,29,94,82,98,50,75,61,14,72,48,55,94,76,9,4,54,32,30,95,26,56,0,85,56,76,40,63,61,37,66,41,67,15,31,28,42,15,6,2,9,39,51,42,7,41,92,80,69,29,38,69,54,36,7,84,67,39,62,85,37,41,96
72,93,47,31,32,3,21,79,43,98,58,39,52,78,39,42,29,22,5,7,10,63,82,72,15,3,47,82,78,79,27,7,62,9,13,43,92,38,45,5,73,1,61,95,4,83,22,67,31,69,84,84,35,75,76,6,5,57,6,12,63,27,54,88,63,42,78,92,2,17,96,32,18,37,57,28,44,95,33,11,86,48,4,15,77,62,38,27,81,2,31,94,24,5,87,20,89,64,28,7
0,54,37,25,56,80,53,66,99,84,33,98,77,98,26,24,63,81,68,1,76,10,89,15,64,90,4,57,56,40,55,58,25,8,25,43,25,51,61,91,83,12,62,18,74,73,29,22,26,30,43,25,67,10,36,81,100,99,99,48,38,63,47,81,68,54,31,90,4,13,99,99,29,33,81,88,29,39,85,99,1,34,66,80,73,93,26,11,26,50,23,97,75,96,53,31,34,42,79,2
46,8,100,27,4,98,41,83,96,87,62,91,50,27,29,92,3,47,76,75,42,53,56,36,9,44,0,68,40,52,34,68,22,14,6,57,33,21,65,41,22,83,73,24,86,41,76,18,19,94,49,51,14,16,15,18,5,20,99,58,20,98,58,44,36,8,4,51,99,67,48,56,39,32,91,80,3,31,59,92,76,92,7,83,27,32,36,19,82,52,58,70,59,46,99,43,74,89,42,34
24,41,25,54,53,84,49,26,24,50,45,16,29,49,40,72,38,3,98,47,49,5,19,67,95,80,37,88,19,17,66,47,98,74,59,47,27,5,24,9,17,51,37,47,36,24,76,82,96,68,24,34,33,67,3,96,44,77,55,35,69,81,48,50,39,15,91,73,61,11,80,78,41,22,62,30,84,78,52,95,70,95,95,5,81,6,91,95,69,55,63,57,87,77,76,35,70,45,47,72
72,30,3,52,18,47,86,2,49,51,3,79,99,61,31,26,4,55,63,58,14,91,100,54,12,42,21,33,92,39,70,57,64,79,46,95,71,1,16,60,18,57,40,31,24,66,64,41,93,31,77,86,34,12,8,24,35,0,31,80,26,9,30,19,49,45,59,16,93,38,88,46,23,42,42,15,11,85,10,29,54,49,90,63,6,5,83,50,56,10,17,33,85,41,73,93,96,21,35,85
61,16,17,42,86,5,98,23,8,70,89,65,19,58,83,96,86,89,10,41,79,40,27,91,13,13,3,67,56,94,5,63,51,72,26,33,44,46,94,26,11,98,55,81,33,35,54,93,92,93,59,55,89,36,32,46,42,93,27,7,64,29,0,17,60,96,11,45,70,47,33,20,88,0,84,58,97,69,65,97,84,10,1,83,66,78,91,70,45,24,3,32,14,40,63,40,91,72,25,81
18,67,58,74,19,86,91,0,69,40,51,14,28,87,48,50,38,91,8,24,23,56,48,97,35,59,1,24,85,31,3,50,50,95,74,96,78,84,6,87,73,42,45,19,23,37,59,86,10,11,57,57,0,68,96,23,77,75,7,40,57,72,86,45,15,60,0,25,66,25,68,25,10,0,7,34,55,94,41,85,72,62,54,89,92,92,37,85,42,70,79,24,100,63,34,18,97,68,67,88
11,24,5,11,37,60,98,35,35,39,86,84,81,88,61,25,6,42,28,25,36,98,57,81,4,82,7,60,39,20,50,58,98,19,96,80,94,40,65,80,26,76,4,32,20,58,51,12,48,70,50,79,20,39,5,39,44,95,28,53,34,4,80,100,1,34,23,36,48,12,85,30,26,77,54,90,47,88,10,44,93,99,27,59,23,55,20,52,39,79,14,48,78,95,13,56,27,82,13,99
30,4,54,2,61,48,71,87,99,59,9,53,81,55,70,30,30,83,34,35,87,31,46,17,36,99,72,77,17,47,94,91,88,0,91,0,7,23,60,63,38,26,5,93,21,30,70,5,47,94,5,51,8,1,38,55,62,2,52,61,6,90,4,29,28,84,46,83,28,5,59,75,11,63,95,65,72,52,42,55,98,60,17,31,30,30,34,93,55,78,9,100,28,41,13,56,67,14,45,51
7,91,91,11,53,51,95,16,13,59,94,53,40,66,83,79,63,45,17,55,99,91,50,57,94,58,55,68,90,47,32,94,75,85,66,6,75,97,27,11,99,77,13,4,84,41,55,57,95,78,48,41,100,11,10,74,64,24,98,96,60,67,93,50,70,95,48,26,61,55,4,37,20,31,20,26,96,81,40,9,54,52,23,76,33,25,50,37,18,73,65,0,78,23,17,81,48,95,3,39
33,52,62,52,95,13,14,34,99,74,58,6,60,96,34,97,56,38,41,2,52,78,97,61,23,36,98,84,10,32,1,89,37,59,89,65,63,77,90,1,32,8,44,49,3,11,23,25,33,67,28,86,72,74,82,10,45,10,10,93,52,82,42,20,62,21,37,26,14,55,69,76,48,37,81,13,97,46,26,76,54,24,81,63,4,80,84,8,12,27,40,43,62,54,33,91,24,82,48,91
83,80,92,91,85,86,19,56,53,31,94,37,97,90,52,39,32,72,57,52,87,69,20,3,95,77,49,21,30,44,64,80,82,94,14,40,86,9,28,55,29,46,58,35,95,25,54,32,39,25,28,1,97,95,37,34,6,20,62,11,26,1,93,13,69,90,68,5,10,13,90,68,46,66,41,35,32,15,50,5,51,5,14,31,35,3,13,30,56,85,41,13,26,81,43,46,75,24,23,86
75,39,80,95,24,5,98,86,61,13,2,8,66,76,19,44,30,26,71,66,42,77,100,21,41,28,33,90,89,90,53,86,23,93,36,68,90,8,80,22,65,26,52,25,71,30,8,66,43,34,26,44,47,47,64,26,92,46,62,29,15,98,92,39,25,93,11,90,24,33,7,25,63,100,51,35,18,41,30,90,72,40,52,26,52,95,94,49,97,23,11,48,59,63,38,37,87,92,71,41
1,50,24,82,47,47,58,51,58,8,93,52,85,2,28,28,31,35,77,47,35,30,83,12,57,62,18,35,17,89,49,89,98,18,42,4,72,47,62,59,63,91,67,96,71,34,44,47,82,9,11,64,54,81,82,71,23,51,66,85,97,98,1,79,7,83,66,72,30,83,79,85,48,10,43,49,15,94,51,81,75,23,60,91,63,94,53,12,5,87,46,37,81,93,2,71,85,5,52,9
91,81,71,10,86,18,84,73,14,70,13,73,57,59,84,55,59,86,73,24,61,47,6,90,5,17,71,37,84,9,71,63,38,98,65,0,86,8,49,28,25,41,54,67,76,18,16,78,9,75,33,37,88,58,6,71,78,0,82,59,50,29,69,8,87,96,80,55,94,95,29,34,88,50,61,88,20,98,64,15,76,92,34,27,81,21,91,67,16,78,35,46,72,58,20,63,51,72,50,50
80,17,38,19,3,42,6,94,82,51,92,88,38,60,21,64,100,80,48,73,6,65,58,13,61,46,82,5,28,68,28,52,18,62,15,43,43,0,24,6,15,14,70,27,41,80,92,75,21,42,53,64,33,86,19,28,42,88,61,61,33,35,31,89,30,40,91,20,98,80,54,45,83,83,34,4,36,56,84,4,31,23,75,70,34,83,92,62,21,99,15,18,23,94,59,58,69,95,14,96
53,4,6,61,71,60,13,15,46,99,7,8,89,34,72,99,1,79,39,21,68,60,73,47,85,87,99,31,25,27,8,63,23,55,90,56,15,72,38,77,55,35,16,49,48,78,35,63,71,66,21,72,37,21,6,24,57,95,36,98,15,59,47,40,89,85,46,48,10,16,89,40,98,92,53,56,26,73,76,34,6,46,3,70,89,87,59,5,51,67,63,13,81,56,49,59,51,88,41,60
70,81,96,39,15,64,22,31,44,72,75,25,95,56,5,22,9,54,55,93,61,91,71,50,94,73,59,7,17,49,5,78,25,71,36,38,11,46,16,43,93,70,62,23,8,64,20,6,69,2,63,65,99,41,69,49,30,75,40,76,55,39,11,23,43,73,11,5,98,32,63,89,64,29,84,90,76,50,69,24,69,27,0,84,61,28,34,89,55,22,23,22,51,85,54,71,64,45,37,98
31,15,84,61,36,3,12,79,43,27,35,18,99,56,86,52,70,73,72,59,7,24,14,66,40,84,88,54,85,26,74,28,57,59,35,40,47,47,26,56,72,58,66,28,40,63,78,33,91,40,13,9,1,76,28,66,85,94,83,72,77,54,82,27,85,91,36,39,40,3,53,75,77,21,65,57,80,16,73,7,16,10,10,97,11,89,96,20,61,28,35,50,34,9,6,12,11,40,2,17
50,58,54,34,88,71,29,59,48,18,43,14,29,49,82,30,0,97,91,72,8,8,25,93,98,57,5,79,86,48,100,64,72,22,96,69,46,70,73,64,83,1,37,34,17,45,51,98,93,97,66,86,36,41,59,44,48,11,51,67,94,60,97,95,69,63,42,41,25,100,21,26,35,67,60,30,34,62,63,21,85,57,0,84,27,66,92,99,92,60,33,16,28,97,22,56,17,91,14,92
97,89,61,15,60,75,99,66,50,2,17,26,59,96,18,59,97,88,53,61,50,58,52,17,45,35,17,52,44,27,31,23,84,18,58,93,36,22,42,49,19,38,56,24,18,69,26,10,17,8,89,98,0,27,6,66,90,0,67,1,63,15,11,3,88,38,91,42,35,46,13,98,22,69,21,32,45,70,69,2,7,95,94,84,72,52,10,13,49,43,61,32,29,21,81,53,91,57,76,27
4,82,7,18,46,73,47,46,34,34,43,68,15,16,56,5,86,31,21,58,22,43,31,2,74,93,6,26,67,10,95,15,58,0,83,64,4,56,92,36,41,6,37,11,4,44,53,85,51,20,88,38,77,8,63,8,42,26,70,71,3,18,8,49,15,0,38,25,34,13,1,0,57,81,50,57,78,81,1,88,57,55,62,29,43,94,9,63,30,32,0,12,59,25,4,76,83,66,54,15
59,66,28,43,72,100,84,41,17,86,5,39,44,84,65,92,34,69,48,32,76,28,24,36,2,82,12,97,50,16,27,30,69,75,87,24,39,40,17,38,85,96,34,21,11,63,20,79,91,41,28,41,14,95,29,85,57,43,94,69,55,75,35,35,80,4,14,92,56,9,70,90,99,50,7,60,17,18,3,31,28,94,58,51,29,15,4,67,95,62,12,85,98,81,24,7,76,16,60,19
44,52,38,92,45,19,42,27,26,17,29,52,71,31,61,26,95,3,82,55,73,15,18,32,26,91,1,82,1,6,80,64,81,19,79,54,27,1,47,42,19,86,26,24,18,29,97,61,18,14,9,99,93,6,75,40,58,14,93,25,40,8,41,38,8,82,31,78,54,22,11,12,11,5,13,24,41,82,10,97,87,14,83,83,50,63,73,12,13,41,62,48,67,45,60,7,30,23,52,40
46,17,89,6,34,38,99,77,11,90,70,34,94,46,55,88,65,56,33,10,29,50,8,12,28,29,44,88,19,47,55,99,25,100,69,41,88,0,83,68,46,4,90,92,82,40,65,57,27,63,39,95,84,86,26,73,17,76,38,89,14,18,98,7,75,27,75,16,73,83,31,80,57,57,73,73,53,52,29,1,73,70,85,91,58,57,59,12,82,93,3,76,86,24,72,91,33,5,28,61
73,50,80,21,3,74,10,77,68,86,62,66,83,59,76,14,2,45,66,18,35,7,58,31,70,60,58,81,70,12,80,54,47,85,69,15,0,16,45,69,26,100,58,93,61,88,87,42,10,14,22,96,34,79,94,14,56,16,11,89,15,66,29,35,6,21,86,3,51,12,70,12,99,94,4,80,65,48,37,82,82,88,31,44,54,44,57,1,28,94,68,26,70,26,69,41,98,72,86,53
66,11,41,45,100,96,20,24,54,15,92,84,43,24,64,93,5,57,95,93,71,37,100,99,66,78,63,53,72,25,41,98,43,40,14,26,82,96,62,89,52,69,72,81,18,59,4,34,14,94,61,3,20,100,22,86,36,3,16,59,98,25,9,4,70,84,65,11,49,65,3,61,13,27,98,4,67,14,20,3,87,23,59,74,34,11,34,73,39,99,2,61,89,96,97,68,33,65,89,7
18,64,14,25,94,77,12,0,78,77,82,10,100,86,36,66,42,80,13,1,76,15,17,76,7,29,5,9,30,26,53,97,90,77,68,14,45,63,95,33,30,53,32,31,51,48,34,62,19,87,45,64,74,21,52,5,1,71,44,35,81,45,1,19,44,67,40,25,75,31,98,88,67,33,43,18,17,33,32,65,17,40,60,39,8,41,11,9,96,89,50,9,2,58,29,38,5,17,70,61
45,53,88,76,25,57,12,61,88,0,16,58,5,86,43,73,64,25,46,21,77,10,70,24,60,6,87,63,48,21,80,90,33,38,88,2,73,34,34,62,88,100,98,87,4,64,33,31,100,43,100,34,53,45,16,89,91,33,63,5,53,72,83,23,88,30,22,65,27,71,0,65,33,88,21,6,43,61,8,97,50,79,23,95,60,67,89,70,33,56,83,64,24,28,89,65,33,90,10,41
34,51,77,26,97,76,45,63,8,92,2,82,9,75,31,6,96,87,65,31,71,46,57,87,99,86,88,49,21,98,16,11,57,27,67,62,31,24,32,70,3,50,2,31,53,10,94,21,48,65,92,99,57,53,8,58,0,47,63,12,80,62,27,10,23,60,99,10,76,85,32,9,61,11,33,9,20,4,89,95,85,38,12,0,79,58,8,22,45,0,54,72,34,99,27,88,41,96,37,8
10,89,71,6,24,74,56,46,81,74,9,98,28,74,90,38,17,86,91,75,93,33,93,21,64,16,65,36,38,95,47,88,3,29,30,45,82,99,19,58,35,22,75,20,18,94,82,34,44,27,43,33,46,42,3,52,71,10,84,55,53,73,22,21,11,21,29,79,79,34,1,97,72,56,46,35,60,93,32,25,89,82,50,92,54,77,45,34,77,48,7,10,75,47,39,86,22,27,73,68
72,21,49,58,17,9,53,95,87,73,31,69,25,71,95,22,94,36,5,2,17,49,31,56,71,87,99,36,9,49,29,9,5,73,67,21,59,55,15,5,100,62,63,30,29,6,37,79,44,70,49,31,90,12,69,69,30,90,21,48,71,0,87,44,59,87,98,26,72,27,65,0,3,6,77,13,6,50,6,31,69,49,28,20,63,18,69,76,35,30,88,54,64,92,96,92,62,2,73,65