81,27,32,40,2,92,78,19,40,32,31,2,59,66,63,18,64,18,66,43,45,71,10,87,24,7,43,59,57,74,19,30,68,84,47,43,2,58,68,57,82,96,22,3,17,89,45,99,8,85,16,95,2,14,29,19,85,93,21,48,42,6,69,94,69,38,75,24,90,11,49,63,76,30,61,33,30,64,38,45,82,19,37,96,65,10,9,74,73,2,98,75,80,75,97,85,3,66,87,51
74,83,77,45,59,23,96,50,11,98,60,100,93,0,94,0,72,88,90,99,60,25,22,28,43,85,70,46,22,18,7,4,61,81,10,11,42,35,29,61,62,70,12,3,15,29,19,1,53,83,27,14,20,42,12,5,69,89,40,45,71,64,45,38,46,51,29,13,90,87,70,13,66,15,11,87,92,18,9,2,71,0,93,56,16,66,49,79,83,39,71,85,76,33,92,2,31,71,25,81
78,69,20,92,33,71,32,48,83,47,75,55,64,17,30,34,43,49,86,93,60,47,96,55,17,57,66,81,46,68,73,92,55,92,90,77,12,55,20,78,59,3,36,27,16,63,13,100,35,12,41,54,15,48,68,78,16,63,19,48,21,6,30,52,59,74,42,7,18,81,69,1,15,61,39,11,89,94,43,100,80,96,42,30,55,94,95,88,52,40,18,19,59,45,19,100,58,37,23,96
55,17,19,56,32,40,92,68,90,69,65,80,60,48,4,68,34,87,98,56,85,7,86,36,90,4,0,92,84,36,93,33,0,75,70,63,33,96,64,39,66,14,12,68,98,46,28,72,66,16,8,45,90,58,98,42,52,78,42,90,54,6,52,23,85,91,87,49,85,9,46,66,93,94,1,36,25,51,70,59,81,33,65,12,51,54,90,37,0,33,87,82,52,16,86,72,82,81,20,57
80,60,47,99,93,97,98,89,89,75,73,88,37,59,33,19,49,54,8,38,55,37,33,31,35,61,56,6,69,44,85,24,76,40,62,84,46,29,3,61,63,19,49,6,53,25,60,86,66,3,44,78,95,87,67,41,10,21,35,48,64,40,59,2,28,4,76,27,24,32,48,47,59,41,74,36,48,83,27,2,18,88,15,49,42,35,79,18,22,97,9,24,56,20,43,24,85,12,41,50
48,48,93,57,98,38,9,54,27,63,43,86,74,14,80,61,72,66,94,95,62,41,69,49,44,93,47,36,71,77,55,58,14,52,86,92,50,41,76,43,48,23,47,74,98,8,20,70,66,96,1,80,26,13,18,22,69,61,29,23,48,49,4,52,54,83,87,84,14,75,66,52,64,21,59,85,73,21,15,35,57,35,73,85,84,22,4,42,17,17,5,11,67,9,17,36,73,60,67,86
96,72,87,34,86,66,57,30,99,88,97,31,23,12,30,59,35,81,24,26,39,89,64,34,64,16,5,37,72,22,10,28,72,32,34,100,58,41,25,92,27,54,3,93,59,52,11,11,65,42,44,16,86,26,56,1,86,3,18,34,22,1,18,97,11,97,86,68,10,91,74,83,7,66,74,8,78,93,82,7,55,48,37,50,23,41,42,55,94,2,85,64,6,97,68,56,56,7,98,89
99,62,36,1,2,1,68,39,90,21,93,75,28,15,66,49,99,26,88,63,68,74,9,6,87,29,14,11,53,86,76,66,68,76,82,94,79,95,50,43,8,30,72,45,10,63,7,2,72,25,61,28,100,19,81,28,69,9,99,57,3,87,12,96,70,38,75,73,13,8,94,17,67,3,44,61,21,31,90,24,62,24,95,11,45,11,40,40,40,21,61,88,69,48,74,5,11,74,94,36
83,86,68,20,15,26,73,67,86,15,21,70,31,72,10,83,23,67,3,74,38,80,31,53,74,7,11,20,53,9,59,71,15,57,66,41,59,9,52,64,2,96,31,12,81,72,24,42,82,7,65,6,55,93,97,23,24,8,46,98,27,99,79,33,36,47,55,33,94,3,70,98,26,55,87,88,83,78,64,33,67,17,75,22,14,1,44,81,77,39,41,0,97,48,28,4,62,20,60,63
5,8,35,54,94,1,48,3,24,35,39,77,28,32,60,18,88,100,62,45,46,31,51,69,79,30,68,80,28,10,27,20,84,79,45,92,47,18,47,78,57,57,81,80,86,48,63,62,31,25,19,90,4,95,70,37,37,33,37,28,81,99,47,65,96,15,59,38,52,91,92,83,0,35,91,97,87,17,46,37,74,94,27,64,70,25,37,38,47,78,5,1,46,3,71,73,45,55,64,15
87,38,96,62,47,7,83,27,80,88,46,97,22,31,72,61,7,93,12,47,72,22,81,5,98,8,67,42,55,15,73,3,57,40,3,0,60,29,83,10,42,49,46,51,52,16,78,49,95,30,68,45,93,37,9,36,95,100,34,28,91,30,42,19,88,6,13,48,4,86,11,2,78,69,11,84,1,0,65,26,43,52,48,49,11,30,32,13,31,95,61,25,83,82,50,100,0,29,59,66
37,13,71,26,87,75,39,78,26,23,50,96,4,8,55,78,94,72,97,21,32,72,58,63,12,4,34,3,65,87,12,11,98,4,94,53,100,0,94,9,30,80,40,61,94,11,99,9,97,89,42,55,51,85,34,97,19,21,73,81,69,99,62,32,12,23,31,24,11,97,53,79,18,32,95,6,10,64,55,73,30,19,10,52,29,0,93,88,28,73,38,86,97,81,2,96,33,31,38,65
89,10,47,27,58,72,33,95,76,36,23,54,8,42,4,63,100,85,69,73,39,49,29,38,56,43,63,40,82,68,83,53,90,85,20,86,28,39,83,6,13,50,40,37,93,82,14,94,76,43,69,97,25,97,45,14,61,74,77,64,64,1,32,70,35,28,34,51,65,35,16,2,42,83,50,43,49,60,66,57,11,16,18,0,0,77,57,31,81,26,16,91,16,31,63,50,19,24,53,3
52,1,73,31,33,24,70,79,43,82,24,75,84,22,65,95,68,16,20,92,11,61,66,80,21,43,23,63,0,19,69,19,84,21,59,46,57,77,16,6,68,62,16,95,34,31,33,72,4,78,14,47,8,89,67,12,27,74,28,14,44,78,5,33,50,93,97,6,26,29,66,42,69,5,1,1,29,88,78,8,81,2,84,82,37,31,62,39,25,63,54,28,24,83,99,34,11,70,63,24
92,84,20,54,36,67,23,32,79,75,14,11,25,67,87,91,37,30,12,54,100,1,84,95,73,28,86,7,73,60,30,12,93,36,73,44,32,84,58,5,20,3,32,52,22,54,42,4,7,18,57,2,65,22,53,21,95,92,69,38,42,99,9,87,81,52,28,43,26,83,6,20,48,46,98,17,33,50,16,21,52,24,7,28,99,85,42,97,30,86,60,82,51,0,16,76,10,75,22,54
11,45,21,72,70,19,45,42,76,10,61,0,50,41,79,73,91,77,84,76,45,51,92,28,58,55,19,75,88,32,74,63,1,5,71,100,84,96,57,15,24,13,86,40,85,22,7,18,29,84,30,45,90,81,85,73,78,38,81,1,24,74,91,100,52,12,44,12,81,26,50,0,87,21,17,18,92,16,74,46,32,22,84,97,29,2,86,97,57,39,72,16,85,61,75,44,83,43,22,80
37,59,79,78,0,51,32,40,90,59,40,36,21,54,34,66,8,56,36,48,58,98,1,84,25,96,5,67,43,61,47,44,40,90,65,49,90,82,9,25,12,21,68,17,65,87,27,46,51,76,64,71,87,54,0,97,22,13,11,66,95,3,16,20,88,27,38,72,99,60,57,36,67,31,39,16,94,19,38,52,47,67,82,39,13,99,93,78,95,85,94,39,3,85,20,99,51,71,41,31
96,42,86,15,77,41,11,38,9,73,83,90,71,61,63,22,39,7,81,69,93,31,26,70,22,9,85,85,6,97,65,47,100,32,29,79,74,95,21,83,18,62,61,70,98,25,55,95,17,87,85,66,98,28,2,92,32,14,9,73,97,70,54,34,100,16,33,51,31,64,31,88,13,19,17,23,78,86,60,52,51,62,55,64,56,86,38,56,26,76,13,22,58,8,70,58,96,29,71,55
52,65,82,99,36,43,44,10,24,98,41,34,36,65,33,46,63,83,11,67,78,44,53,34,74,16,9,69,59,9,71,65,22,28,77,77,82,36,50,37,84,100,10,31,32,5,27,81,56,55,91,67,67,66,98,14,27,48,53,98,33,3,53,17,27,46,35,29,19,87,83,19,93,11,2,83,10,34,95,75,41,34,54,90,61,23,59,60,97,47,12,97,12,78,64,80,19,54,34,69
88,1,15,63,91,59,89,39,0,22,5,10,29,22,54,19,43,23,53,72,17,9,50,70,22,26,86,45,11,8,82,68,70,51,79,75,17,20,85,64,93,54,16,80,11,20,19,95,74,67,9,80,58,10,27,70,99,39,93,51,28,46,3,37,2,76,0,38,7,4,59,0,27,74,91,40,76,46,54,59,62,87,22,43,71,73,87,50,5,39,42,53,17,50,3,62,85,93,51,6
31,67,31,33,9,91,42,9,57,85,85,50,46,65,75,44,2,42,94,41,44,72,29,49,89,77,49,78,57,16,99,63,18,6,39,53,81,69,15,59,34,57,25,49,33,10,49,92,43,51,96,55,63,85,89,5,25,74,12,13,5,74,23,69,60,26,89,30,40,80,26,49,31,74,87,2,54,59,69,0,27,100,14,79,27,58,85,5,15,6,40,43,73,76,45,95,6,81,21,81
19,26,50,92,12,64,46,2,100,55,45,10,12,79,47,70,80,7,56,12,41,38,77,95,16,45,66,55,41,39,99,20,54,7,39,9,97,52,31,45,89,23,63,72,53,51,30,39,25,3,48,89,73,32,70,75,8,46,20,90,9,13,80,29,90,17,99,78,35,33,48,27,42,9,24,11,33,4,54,35,3,72,97,34,16,46,36,92,25,73,83,51,9,9,36,63,55,100,32,81
61,68,5,7,80,51,70,73,64,38,82,93,100,42,92,35,66,46,10,41,18,98,8,14,78,76,19,17,43,40,25,41,93,6,84,97,16,53,7,89,99,86,23,39,31,6,27,84,87,78,28,35,100,11,97,74,24,9,65,43,28,92,38,85,4,11,55,48,30,45,52,87,31,46,42,44,33,38,91,23,98,78,30,25,60,19,37,5,59,100,99,72,4,76,1,86,23,87,24,2
62,66,30,49,60,25,43,19,88,17,11,38,9,70,83,29,57,53,26,32,75,71,83,83,67,33,10,28,32,59,59,36,51,59,12,12,52,11,62,12,16,3,23,96,0,58,62,16,18,51,66,87,88,8,99,12,34,68,8,16,83,8,41,34,11,9,87,74,23,74,93,72,71,45,20,79,28,40,85,44,91,66,90,5,96,94,29,81,35,70,69,91,21,58,100,56,19,76,91,73
42,28,57,94,27,56,0,72,64,65,85,5,95,88,82,8,51,51,49,95,20,8,9,2,77,3,66,88,26,13,64,59,1,27,59,30,74,79,99,15,69,94,27,59,93,37,62,42,44,60,33,17,16,15,78,43,80,97,42,80,95,48,10,9,81,34,65,6,37,98,88,48,93,85,57,88,24,58,31,54,65,69,9,25,10,32,94,79,21,87,6,19,88,63,77,83,81,54,17,68
99,56,40,44,54,27,19,27,93,11,38,18,18,99,17,47,99,94,38,25,39,63,34,37,74,31,51,96,6,80,22,11,0,42,36,6,40,100,41,80,56,92,9,50,43,94,64,57,49,84,89,38,50,85,39,5,52,97,71,26,37,72,74,39,78,13,9,63,100,9,79,45,43,38,82,86,71,15,70,12,31,68,59,95,48,17,57,100,62,18,96,76,18,68,84,68,5,27,11,24
11,33,88,2,44,75,0,25,87,64,65,0,0,44,74,78,72,14,40,9,33,75,33,17,5,93,68,45,66,31,96,46,79,64,7,15,2,0,60,89,35,32,10,87,78,22,84,72,45,73,1,86,62,56,70,29,61,54,81,37,58,77,51,86,78,67,45,21,20,38,44,27,30,61,20,76,34,51,68,34,84,77,8,15,59,85,81,93,70,25,13,17,49,19,20,24,12,7,91,64
29,15,65,1,73,4,68,5,32,62,87,27,13,25,83,27,54,50,69,87,99,23,29,29,19,64,92,53,26,60,9,36,75,1,7,20,72,35,70,9,94,66,27,81,77,36,83,92,23,37,83,40,86,59,67,93,46,13,56,91,77,47,40,18,17,75,9,77,4,99,36,48,80,78,90,42,66,15,10,10,80,68,36,31,44,3,25,18,51,99,89,93,28,95,10,19,53,95,79,27
52,78,49,48,35,64,41,16,40,50,67,33,63,89,58,81,77,29,10,31,94,29,80,56,98,98,56,51,75,0,55,61,78,70,64,58,98,14,0,7,33,25,7,13,18,55,98,7,45,94,6,39,12,36,63,81,43,91,33,69,49,99,88,94,96,69,66,79,25,10,49,69,65,19,27,60,8,60,6,17,82,70,87,45,17,84,3,38,14,50,13,64,77,35,61,53,36,1,11,67
69,20,28,74,16,73,92,84,78,34,72,20,19,86,76,52,85,86,20,100,86,21,24,15,46,51,72,12,62,7,69,84,28,56,88,77,48,36,38,57,73,74,96,55,48,91,29,23,3,98,10,81,100,55,49,16,82,99,74,90,25,10,72,17,20,49,54,33,12,51,49,39,78,12,96,96,39,80,4,95,26,4,54,48,32,96,4,35,3,80,66,65,20,70,63,39,34,15,22,99
30,36,66,36,82,73,32,93,72,71,41,52,47,5,87,72,55,22,34,1,10,45,98,37,69,3,87,90,75,43,69,47,1,23,79,3,99,32,77,94,72,95,31,63,77,35,3,33,32,21,12,68,40,93,96,0,86,11,76,49,27,9,63,86,38,35,4,28,48,62,11,34,48,67,76,86,78,39,2,73,48,95,73,16,43,15,100,43,45,12,24,50,62,100,96,10,17,23,72,40
52,86,52,36,77,52,60,42,42,21,22,44,3,12,2,94,64,37,64,14,18,46,32,91,83,58,6,49,60,9,39,63,89,23,45,82,36,30,52,32,73,91,12,69,41,74,60,41,88,14,35,50,79,60,57,49,61,21,61,43,3,11,76,45,29,63,87,79,55,91,65,36,94,87,72,41,13,4,88,5,47,4,51,64,88,73,82,79,8,66,52,46,76,34,44,38,73,25,18,7
29,61,3,17,6,67,76,63,53,69,27,19,99,5,23,3,51,93,78,21,15,92,100,23,27,8,28,69,80,34,1,95,80,25,85,6,51,78,2,71,52,31,21,57,84,3,41,16,74,76,44,27,28,5,7,73,30,80,78,18,88,70,74,48,44,33,6,72,82,66,0,22,24,81,49,47,4,81,52,97,12,55,41,25,3,70,45,84,43,39,39,29,36,45,32,36,36,15,7,91
43,26,51,56,21,57,10,98,53,81,5,9,52,72,97,27,1,66,80,28,31,28,39,83,83,0,23,12,67,31,73,9,5,77,12,98,62,16,48,41,88,13,7,57,35,98,86,46,93,19,43,62,35,52,54,88,100,44,7,0,52,27,79,90,37,73,36,37,2,53,36,65,76,90,71,56,41,54,26,27,29,67,54,56,90,44,68,51,13,78,70,68,30,61,0,75,20,97,28,98
80,41,1,94,81,90,50,72,95,74,73,37,87,73,3,61,23,42,28,46,24,60,47,50,100,19,29,60,63,73,30,12,23,84,72,1,90,72,49,22,50,58,18,53,5,99,54,16,84,53,19,38,88,16,19,9,15,75,55,16,26,60,99,80,91,92,48,53,32,61,60,71,88,61,91,9,94,97,21,3,91,84,20,100,85,49,86,17,19,61,17,26,3,87,26,86,29,42,84,50
2,84,11,42,10,95,63,26,85,15,54,33,74,29,12,74,100,24,13,23,72,50,0,88,36,89,66,21,7,5,89,36,88,94,37,35,74,0,26,23,43,59,34,72,31,98,23,28,26,94,6,48,95,43,40,34,3,3,97,39,2,6,91,65,98,65,1,13,44,8,63,36,53,92,50,64,38,48,45,31,57,5,25,15,81,4,18,96,74,53,67,28,98,62,38,99,60,30,13,80
8,33,11,58,23,40,87,81,52,12,68,9,20,44,100,18,43,45,85,11,19,56,91,50,39,67,95,43,43,24,71,43,94,95,3,100,78,64,32,6,72,47,2,67,6,71,61,28,66,62,12,39,61,52,38,28,38,21,65,56,69,33,34,85,49,44,100,17,96,44,98,43,80,8,4,99,27,53,77,42,6,38,84,97,63,46,2,59,98,98,16,16,30,1,25,6,48,21,44,99
23,22,43,37,70,40,56,52,85,27,80,7,40,14,84,9,64,2,93,89,64,88,18,49,77,4,19,93,84,32,0,66,13,39,99,37,61,45,20,95,97,18,78,68,64,27,42,12,10,86,49,53,10,49,37,39,47,82,61,57,37,0,69,43,73,2,77,85,100,39,61,12,67,92,36,64,86,45,45,31,36,88,69,51,63,59,13,72,13,38,0,29,78,9,56,83,85,63,59,2
86,8,8,4,24,49,73,81,41,0,41,90,84,63,4,17,89,71,79,91,23,31,66,84,33,89,36,96,60,84,14,9,91,6,70,24,96,95,57,66,10,48,95,95,42,99,28,15,36,23,100,52,66,41,41,52,91,29,88,53,88,83,100,19,29,74,59,58,22,30,79,39,4,46,73,48,21,19,50,46,26,48,82,71,55,42,92,71,25,34,86,59,0,42,99,76,62,30,66,53
43,78,52,14,3,49,97,18,48,61,87,73,58,95,3,34,43,23,17,9,66,52,58,20,53,23,53,97,5,3,72,47,60,42,91,83,51,8,59,87,95,95,37,95,63,49,59,71,6,9,37,68,63,23,12,88,3,3,56,52,13,84,47,51,66,93,86,12,45,8,89,55,81,59,51,81,78,87,5,77,75,78,21,96,67,22,85,8,25,64,93,33,75,74,81,32,69,93,86,63
40,17,65,43,22,56,92,17,28,24,23,45,75,34,86,90,40,42,12,91,21,97,47,22,20,16,4,56,30,16,5,49,29,63,56,61,3,95,40,78,77,90,25,42,17,52,83,79,21,6,94,45,68,15,84,36,49,3,8,41,98,10,7,36,31,48,53,8,95,14,4,46,87,53,45,51,63,77,54,28,71,8,28,91,86,26,66,22,14,21,81,48,44,42,56,93,61,49,50,30
40,68,82,23,13,77,21,35,71,37,13,89,52,65,41,73,16,86,62,64,65,41,29,2,17,38,3,12,99,2,99,38,100,8,61,14,47,29,85,62,99,78,96,28,56,49,69,73,18,10,47,4,58,12,25,59,55,79,63,85,6,16,47,13,31,63,70,56,0,90,100,84,78,24,100,96,71,12,21,13,10,7,92,41,36,56,86,96,57,81,42,56,100,51,28,41,52,19,54,82
24,20,14,46,47,10,45,87,68,47,54,56,47,88,77,35,59,12,45,84,7,26,71,22,47,52,33,12,47,52,80,24,11,47,30,3,26,34,16,2,82,3,73,61,92,15,57,42,49,54,26,10,22,57,75,24,56,99,1,51,81,63,73,53,9,1,25,54,75,71,13,68,29,20,90,10,91,80,21,74,70,12,10,67,6,23,70,65,22,38,22,5,29,95,11,11,63,31,5,100
90,63,61,87,4,60,37,80,58,59,60,51,84,100,58,58,44,80,59,39,80,3,50,64,51,38,89,83,34,73,42,68,55,9,3,30,76,56,37,32,30,45,35,5,25,60,52,27,42,67,2,27,70,10,22,12,29,16,61,44,82,40,72,87,87,94,69,48,26,40,87,63,28,68,57,27,69,5,20,91,46,80,65,9,98,80,15,2,14,68,35,22,20,98,90,53,83,42,73,29
4,89,21,95,62,28,94,52,64,28,38,10,100,63,27,39,95,75,44,84,50,83,70,55,4,20,99,99,95,18,88,87,24,44,68,8,7,1,80,16,0,50,29,24,75,49,75,10,0,22,18,48,26,28,12,93,24,6,57,9,20,73,82,41,8,87,52,54,4,61,14,79,37,45,17,18,58,54,25,54,93,81,54,91,14,92,54,22,1,88,98,17,70,67,32,68,39,80,100,83
0,12,19,36,59,83,58,31,84,85,89,25,51,80,20,95,90,79,56,39,73,5,66,85,94,97,87,49,4,79,34,0,68,7,89,91,44,19,95,97,43,21,27,77,89,1,50,35,37,74,46,79,2,55,21,8,0,64,49,91,6,49,70,6,22,30,12,89,78,89,77,89,56,82,56,0,51,30,56,8,95,4,82,14,83,28,81,44,69,88,88,12,82,47,96,73,57,16,42,98
85,91,96,11,50,39,40,27,4,84,73,36,43,67,14,93,85,98,85,67,2,66,0,44,19,58,40,98,49,6,2,13,96,63,83,80,62,17,91,40,48,33,27,5,96,70,60,83,38,37,36,68,82,25,93,4,59,65,74,98,57,15,37,93,43,64,72,59,8,56,16,51,71,41,71,43,16,28,27,3,28,98,89,76,23,43,86,19,38,24,42,85,83,65,88,2,40,82,62,56
87,87,76,100,2,46,59,31,57,31,14,6,18,53,32,15,81,13,65,91,28,32,81,90,100,51,86,99,9,49,73,40,48,18,39,12,99,55,6,84,62,79,3,34,0,97,74,12,90,98,39,37,80,82,98,70,42,47,7,24,74,44,92,99,62,67,97,34,90,78,12,90,91,1,73,36,19,2,32,20,81,31,42,1,6,42,61,87,39,86,14,23,20,86,22,50,96,60,46,61
7,100,61,82,1,98,27,65,75,29,66,78,64,8,12,43,34,76,90,60,11,1,60,77,54,8,43,24,2,18,58,18,0,96,99,0,62,88,56,76,36,70,6,85,15,27,52,75,35,81,36,84,49,36,59,86,33,33,79,56,59,61,24,8,49,53,86,71,48,97,90,61,23,11,1,56,49,33,22,31,60,55,8,87,68,32,25,60,36,49,33,91,70,4,50,38,9,49,88,24
33,60,98,86,88,38,68,13,2,28,68,28,7,86,91,71,79,58,30,32,46,57,25,65,48,72,55,11,96,66,95,85,40,100,80,64,2,95,77,28,28,77,71,93,24,93,66,24,53,8,100,22,80,37,71,34,44,81,16,81,35,18,85,30,93,52,64,70,75,40,52,88,17,18,88,48,84,43,13,91,27,9,45,8,22,93,35,78,66,58,25,78,18,84,16,14,78,1,93,75
93,32,81,87,70,76,5,6,80,63,47,86,80,95,40,3,42,30,69,52,60,64,19,25,10,46,67,50,90,77,91,100,73,0,96,93,9,63,68,29,71,68,24,91,9,80,25,97,73,68,21,32,97,90,5,37,71,2,54,76,39,84,94,66,64,53,21,79,21,5,20,24,54,57,3,95,61,13,11,0,95,14,6,95,17,51,60,29,100,19,25,62,45,50,93,93,14,32,83,20
32,65,31,96,66,79,41,4,40,58,81,97,44,3,97,65,7,8,42,28,68,12,34,17,84,43,26,48,80,60,57,15,82,80,64,56,95,12,22,26,81,22,10,41,33,73,47,1,92,94,66,67,77,93,49,43,32,29,64,77,25,92,99,2,75,21,38,45,63,61,71,72,16,46,15,29,43,70,65,100,54,87,49,12,24,85,36,78,56,91,37,98,34,58,41,97,3,21,75,30
85,40,88,59,62,69,81,87,28,49,70,84,28,43,72,45,80,47,37,53,97,29,7,30,26,14,53,94,5,85,26,97,56,35,68,40,71,17,13,75,64,83,86,66,31,83,97,51,92,75,47,71,100,52,51,88,45,40,86,4,17,20,60,54,96,26,71,72,2,7,99,10,99,88,46,0,59,14,78,28,58,28,18,6,43,27,37,83,19,42,73,70,56,85,55,35,47,71,59,50
60,26,44,7,75,60,95,88,47,74,82,32,27,71,70,27,80,16,55,10,13,73,47,15,59,8,22,12,63,96,77,54,65,88,52,71,63,59,8,19,31,93,23,4,51,24,91,94,66,47,95,37,60,83,80,28,19,11,69,4,25,47,38,9,50,84,62,84,63,62,43,18,98,71,34,79,69,18,67,37,79,67,81,24,56,24,50,44,4,11,6,24,58,99,16,81,29,97,26,85
76,50,47,54,48,15,88,0,21,14,98,99,4,57,70,32,94,87,29,32,25,89,39,27,83,36,10,36,98,96,50,28,84,66,6,44,29,53,31,57,80,17,48,53,53,69,29,61,90,95,50,25,76,79,44,44,80,25,3,90,34,60,92,28,87,30,19,83,96,78,75,31,12,11,47,11,80,60,88,28,86,22,35,20,27,72,47,78,95,65,94,42,64,67,57,91,23,77,0,75
76,90,26,2,92,65,54,84,47,82,28,6,74,22,61,1,82,88,56,93,38,4,25,77,58,9,68,64,11,46,74,83,8,44,26,96,39,31,46,55,32,18,28,98,5,59,57,37,45,1,72,39,69,64,64,54,74,15,44,16,86,14,63,38,58,39,76,26,100,85,1,15,15,68,22,1,40,99,29,92,77,65,54,31,22,25,52,89,66,61,64,21,78,15,68,76,61,62,40,5
28,38,54,17,47,95,87,70,96,63,57,32,39,88,1,53,93,79,88,97,75,49,38,25,65,30,6,81,15,55,73,50,31,98,41,92,79,46,40,13,83,10,71,7,52,25,29,79,89,19,43,90,64,27,77,87,69,3,100,25,67,10,59,28,3,62,70,97,94,19,63,97,27,76,67,82,66,98,14,76,96,83,56,35,76,99,86,22,32,55,100,17,23,36,61,23,43,79,96,40
74,2,31,35,45,43,1,95,53,27,76,50,36,42,78,71,63,46,30,5,1,34,35,90,79,99,96,9,87,25,16,42,69,22,10,0,31,33,44,93,59,9,54,20,63,60,25,65,12,7,29,98,21,90,83,77,18,50,93,71,92,10,18,10,53,86,90,13,75,98,50,92,52,26,14,50,10,70,64,29,88,23,6,28,5,47,39,24,33,30,71,61,99,57,26,77,59,43,82,53
58,38,13,34,10,10,50,12,72,4,40,25,34,37,89,27,86,3,99,38,76,13,36,75,27,96,65,92,99,45,62,29,90,37,0,74,28,31,41,0,19,10,40,32,24,58,9,69,33,30,88,22,15,65,21,21,27,18,6,81,21,45,58,34,12,29,6,6,1,24,89,75,54,18,14,77,65,75,64,49,6,7,44,27,33,62,48,82,99,53,24,85,44,25,34,77,7,49,32,29
32,66,25,66,52,60,91,75,96,45,49,99,22,5,87,23,59,49,38,65,13,47,29,42,11,88,4,34,0,76,90,40,0,64,55,42,17,55,82,65,99,19,77,30,90,88,85,10,9,16,97,84,63,7,86,91,78,36,58,80,20,87,51,79,25,18,76,59,2,39,57,23,99,67,58,2,6,63,19,98,48,56,49,42,55,69,46,88,37,49,40,4,35,45,96,13,75,16,99,87
24,86,36,64,30,43,3,98,82,56,72,51,12,91,60,32,76,66,45,43,14,14,52,85,80,35,22,21,86,32,79,35,12,80,98,70,4,55,41,20,59,8,78,13,99,35,10,94,59,71,32,96,30,41,52,81,59,47,26,64,75,1,7,71,19,2,17,95,84,39,98,74,96,78,6,34,41,78,84,75,34,37,89,27,88,26,36,90,44,42,16,43,88,35,36,32,100,24,79,22
94,40,13,0,65,33,65,78,8,36,70,15,2,12,58,85,85,6,100,7,47,38,58,16,49,76,98,10,4,8,45,84,36,47,53,86,26,7,64,48,70,92,2,76,37,52,67,40,28,98,12,76,33,79,14,12,2,59,10,15,81,48,24,51,59,100,2,30,52,39,42,47,12,82,46,31,23,5,85,95,96,89,80,17,86,53,14,89,53,22,43,73,82,37,77,66,75,26,62,31
32,14,0,7,63,68,21,32,10,48,39,71,33,69,100,64,50,54,49,56,64,88,24,46,21,77,7,10,28,33,39,91,44,57,94,52,96,82,97,17,67,39,13,66,39,10,93,91,96,33,6,83,68,69,72,9,56,52,59,88,41,67,99,30,24,27,30,19,80,43,75,5,91,71,26,3,31,8,21,74,71,96,46,92,2,22,65,57,58,71,58,28,72,88,19,28,6,41,46,5
26,1,41,64,0,52,40,93,25,20,74,31,1,78,88,28,99,65,94,8,83,30,32,8,62,57,95,56,76,55,92,98,54,94,50,35,33,75,87,17,24,31,32,40,99,58,84,52,22,89,24,64,66,36,52,32,93,10,82,33,5,9,98,40,67,73,71,57,81,33,31,35,40,85,88,57,88,26,77,9,25,16,82,14,15,73,45,44,65,82,85,82,23,47,12,0,75,29,10,97
80,81,86,6,86,88,68,82,55,84,0,15,10,73,29,88,19,75,19,54,55,89,50,54,41,49,17,96,33,6,100,13,47,14,26,31,91,37,1,56,12,47,63,44,54,84,88,61,90,99,28,89,64,76,40,53,17,55,93,92,12,83,58,7,68,57,48,94,89,94,5,43,11,82,90,36,7,69,9,31,29,90,76,92,20,7,3,95,31,32,63,36,58,99,91,56,11,73,84,100
37,89,2,26,19,65,55,13,79,63,72,18,86,40,65,57,76,56,83,32,80,38,49,34,20,31,91,40,71,19,54,77,77,99,55,80,31,29,38,86,56,53,59,56,77,87,28,49,32,53,89,82,6,100,18,69,69,89,83,78,71,77,56,56,73,55,58,55,15,25,70,98,18,63,16,43,98,42,33,63,96,65,71,18,96,47,95,69,35,67,18,70,24,55,5,2,50,20,26,96
75,34,23,72,62,34,15,86,55,98,60,38,3,42,12,59,21,67,5,93,40,18,92,10,92,7,55,25,7,96,47,68,34,17,7,91,58,98,34,86,8,46,69,75,54,0,33,47,49,65,39,87,43,62,17,42,100,87,26,77,20,62,50,56,87,14,79,33,5,56,58,1,62,51,57,27,42,81,62,37,42,72,98,85,21,14,43,75,83,58,24,97,27,32,75,79,78,13,53,76
57,71,84,11,88,99,84,6,44,26,72,15,64,52,88,57,79,26,1,73,61,53,36,58,35,9,0,98,2,56,96,47,87,69,87,93,32,55,8,97,18,1,21,70,94,88,53,3,99,46,19,62,22,9,76,12,33,60,27,7,26,20,21,74,16,0,74,92,3,24,66,32,3,12,7,47,88,18,35,55,74,75,37,17,36,88,9,32,29,51,17,37,81,6,97,81,57,55,59,8
36,59,4,14,98,96,49,75,61,62,24,78,31,17,10,57,54,29,35,85,10,65,50,96,100,28,47,47,86,98,69,40,40,68,62,31,34,88,38,82,71,28,59,84,78,23,54,21,71,58,98,41,1,58,35,38,89,5,15,33,70,18,57,60,51,88,1,5,100,35,31,11,95,14,100,60,29,59,12,32,42,86,69,16,5,74,40,45,8,61,78,80,20,98,93,75,18,4,72,35
12,42,97,100,46,18,48,53,34,65,73,51,2,23,100,62,70,74,61,29,49,62,97,32,8,29,94,42,84,82,40,89,5,60,54,6,24,24,47,72,59,90,87,69,82,25,28,71,81,80,13,96,22,59,39,73,56,31,24,0,77,71,36,51,95,63,38,25,69,0,35,63,99,47,88,17,90,45,18,94,99,67,86,85,56,14,54,28,24,41,91,1,41,52,24,67,38,45,38,71
22,58,28,20,19,7,97,6,85,79,13,21,69,41,86,2,41,75,59,29,5,50,68,96,3,84,56,19,92,11,45,47,68,32,22,58,78,68,86,82,17,21,35,4,24,19,5,26,37,91,18,29,91,86,96,97,12,88,57,35,49,72,87,16,87,15,87,68,42,24,24,10,1,41,16,20,62,29,53,39,87,25,46,58,21,86,38,96,44,32,70,34,53,61,39,61,40,0,48,70
47,26,21,16,5,1,4,70,57,67,38,1,67,4,92,87,36,79,4,63,58,44,99,19,68,98,38,55,62,26,77,33,75,27,40,63,22,94,74,82,81,54,47,74,45,31,8,19,80,36,4,30,83,18,1,6,32,96,2,14,79,70,11,73,80,24,34,57,32,16,53,27,99,29,30,19,39,56,18,69,35,85,96,80,41,40,76,6,69,32,61,26,20,8,36,0,38,40,5,39
32,24,91,40,76,42,24,86,45,61,3,79,93,63,11,61,39,84,85,45,52,30,20,53,49,71,86,83,99,82,7,14,22,64,94,98,39,64,82,71,33,83,95,100,8,50,67,68,93,66,10,68,52,90,66,2,73,42,68,85,86,45,72,45,21,0,56,13,2,51,29,0,0,64,56,63,10,14,33,52,84,81,54,37,98,3,28,84,90,18,53,6,53,42,38,56,15,67,64,72
26,66,6,99,77,93,68,58,6,94,55,89,54,45,57,65,58,9,84,22,87,98,94,54,30,34,70,51,70,26,39,38,17,56,83,68,11,86,54,29,84,80,100,17,39,4,21,74,46,22,18,38,34,93,73,26,64,60,61,79,98,70,3,93,63,67,95,41,25,72,77,43,83,35,22,60,33,10,20,5,25,62,70,7,2,36,40,39,82,59,24,53,10,44,50,50,93,6,29,5
33,37,8,12,76,17,80,80,79,35,56,56,53,65,5,94,87,30,80,3,67,75,64,29,41,3,18,65,45,39,20,61,96,62,98,92,65,33,100,24,19,67,52,88,67,64,63,46,36,66,17,17,84,84,91,25,45,77,88,37,46,18,9,38,96,71,68,83,58,75,84,90,71,43,55,84,33,33,21,66,19,49,13,78,51,3,73,68,22,70,14,30,87,79,83,98,73,93,39,26
42,98,100,55,22,95,56,28,37,99,49,32,52,76,73,63,25,22,16,73,33,80,99,48,54,31,70,80,3,2,18,15,8,60,48,57,72,73,47,93,46,31,59,87,54,32,68,5,78,59,12,4,61,62,95,43,95,13,64,14,31,15,56,77,96,19,9,11,22,39,28,9,6,80,62,60,59,64,72,60,41,64,94,38,55,99,71,13,86,7,66,88,74,73,12,30,53,48,43,75
30,30,21,18,50,91,26,93,63,83,52,3,32,88,10,2,32,62,73,36,17,98,97,16,47,90,41,23,49,40,17,54,41,50,63,29,82,32,39,58,60,49,31,89,24,84,0,77,14,19,32,89,90,58,47,95,26,92,74,91,38,72,94,69,85,31,73,1,26,2,0,46,25,18,11,76,99,15,17,37,32,35,94,91,51,83,12,86,62,25,62,7,83,1,56,34,14,71,91,8
2,100,100,93,71,100,87,73,36,57,43,66,33,36,73,46,34,8,59,21,7,84,59,18,40,84,35,37,15,21,61,66,76,18,61,98,93,29,37,24,18,81,55,32,81,26,83,29,26,91,79,95,44,27,51,89,77,2,54,4,60,30,70,46,85,53,28,96,2,13,20,73,8,71,33,86,61,36,86,78,47,89,85,35,33,7,5,8,22,4,50,97,92,25,28,10,100,40,22,49
31,32,84,84,78,4,60,80,81,48,43,91,62,69,74,51,32,73,54,63,4,81,95,59,57,100,91,60,83,51,90,2,17,73,66,37,14,59,56,8,94,91,73,21,1,100,43,47,78,83,82,68,11,59,32,28,8,34,98,58,52,51,16,19,12,66,3,23,60,19,25,14,23,73,70,45,48,51,20,35,83,7,89,13,79,12,45,52,52,30,34,18,57,2,73,49,29,93,49,41
19,62,63,74,92,32,4,39,58,88,30,81,42,35,35,19,91,28,100,48,79,15,63,48,12,67,58,26,24,66,37,61,16,91,89,37,20,32,12,8,18,59,66,71,78,72,21,39,22,68,19,44,78,47,47,67,70,67,46,88,62,42,8,85,91,90,93,98,22,69,94,64,46,43,79,55,10,7,77,24,23,60,87,37,28,50,75,64,95,78,62,27,35,62,6,40,95,87,14,21
48,92,33,32,17,64,100,79,86,72,70,59,18,96,86,57,72,34,13,60,59,19,23,92,1,96,32,77,92,16,73,63,88,13,81,82,57,14,43,2,54,48,81,50,53,24,51,20,59,95,20,7,29,82,64,70,28,13,88,2,10,45,39,61,12,92,28,46,87,92,31,17,79,66,78,59,80,93,8,76,99,86,30,31,36,30,88,96,17,39,76,90,8,73,27,63,28,49,6,2
27,39,61,29,0,91,0,70,98,39,90,78,99,98,88,70,7,91,86,81,95,70,8,29,95,7,72,30,48,59,76,36,48,58,9,63,63,71,5,55,12,61,34,58,44,63,85,5,37,81,8,72,86,82,85,47,23,52,15,67,21,27,34,7,91,31,9,91,8,64,25,48,16,35,55,27,10,21,2,27,74,68,12,46,69,43,26,47,26,32,4,6,90,35,48,30,57,37,19,52
18,90,47,18,22,4,87,19,59,70,9,61,41,60,74,81,84,20,92,52,60,45,34,37,7,73,1,14,26,56,17,73,74,68,60,36,12,76,1,39,86,13,3,60,11,96,0,85,30,88,51,39,16,39,96,50,43,81,58,86,15,20,67,8,85,21,55,57,12,64,19,15,68,96,3,21,24,62,63,3,14,33,10,45,97,36,86,0,40,10,76,5,43,86,63,99,3,66,69,20
81,99,54,60,83,55,5,26,4,39,25,41,8,41,62,25,51,6,35,56,12,21,65,72,76,53,61,76,23,6,41,51,76,73,3,56,29,100,62,44,35,78,26,75,69,53,78,80,87,5,10,98,90,72,31,1,20,34,34,86,56,69,90,29,14,20,78,45,88,4,75,1,15,4,52,92,16,71,85,25,11,6,50,17,39,62,94,40,75,32,71,39,72,73,1,62,38,52,45,42
7,78,65,93,81,48,79,81,31,93,26,34,98,39,46,90,96,4,81,38,44,12,22,59,16,35,50,82,47,12,7,43,15,13,26,40,96,28,15,18,82,39,86,53,43,56,3,15,9,3,20,50,16,72,39,69,18,92,34,83,46,76,85,7,47,16,83,81,40,26,77,14,18,44,42,52,93,91,28,26,42,25,8,86,84,16,90,3,33,30,69,87,70,42,45,39,9,62,79,55
78,33,8,79,62,81,64,56,49,3,47,12,78,62,87,75,94,62,79,43,50,3,5,74,97,65,41,24,42,84,11,43,74,42,54,35,54,10,28,43,7,0,63,22,18,55,55,81,45,49,28,100,71,16,17,98,4,55,30,30,97,65,15,68,57,68,50,23,96,65,19,7,19,44,3,97,63,14,86,62,7,67,7,41,75,22,100,54,4,88,69,46,48,3,77,87,39,24,2,96
29,56,39,44,79,87,3,68,94,18,8,64,91,91,49,48,18,73,14,61,46,53,84,53,36,97,100,16,0,61,99,75,81,26,20,95,17,18,45,60,83,82,14,7,67,17,62,46,10,49,86,57,97,11,24,76,91,9,40,30,86,88,30,74,75,37,65,8,55,39,38,39,57,37,81,2,2,16,1,14,79,8,25,63,66,56,67,28,18,46,63,22,40,79,88,54,75,3,94,73
71,89,36,26,17,67,63,78,70,62,77,31,27,93,40,41,91,74,18,16,8,59,7,47,20,25,72,76,87,28,24,44,38,71,35,91,24,60,57,20,64,18,39,56,79,0,96,13,40,49,96,65,72,22,91,61,74,94,93,98,11,39,20,70,90,85,80,20,2,68,77,30,39,35,76,97,50,28,63,59,21,36,12,71,86,11,79,60,12,8,72,76,65,0,52,72,95,0,98,34
36,80,38,86,94,78,69,3,25,43,27,31,99,32,55,60,34,27,62,4,100,18,82,9,99,68,71,44,75,40,55,47,8,50,85,79,25,25,7,51,50,76,78,82,72,35,32,56,61,86,33,7,29,37,35,79,20,53,21,87,0,64,2,81,16,63,29,23,28,0,27,90,16,41,97,56,47,22,33,14,100,6,24,100,16,33,16,49,6,47,75,63,53,45,57,1,30,58,82,26
47,43,61,79,6,27,27,14,36,12,43,11,22,26,5,82,13,33,70,91,100,16,79,26,67,17,79,27,47,25,33,89,61,65,19,2,32,93,85,26,99,57,68,6,79,34,73,75,75,11,35,18,3,44,35,43,30,40,2,43,7,10,28,6,47,36,3,31,74,20,79,8,84,82,59,76,71,76,93,40,87,83,73,27,62,60,45,59,46,80,41,6,8,60,9,43,1,63,16,26
53,99,52,60,35,21,14,16,56,94,33,80,9,9,47,46,86,94,46,27,47,34,91,86,67,74,48,94,53,32,68,91,27,54,42,6,69,40,8,91,8,23,14,38,57,80,12,13,27,99,21,69,34,79,90,91,11,72,98,71,57,93,57,25,30,96,98,35,98,24,96,12,51,12,23,31,37,66,54,76,15,32,83,9,46,22,33,30,34,79,12,54,23,41,95,69,26,23,97,16
72,23,82,52,82,20,81,61,45,72,83,48,83,94,6,42,84,10,0,59,2,61,90,20,51,70,34,31,33,33,61,81,18,20,32,37,4,48,0,92,39,21,1,33,68,93,8,8,66,63,90,70,42,31,97,95,26,42,63,90,82,73,0,19,14,93,22,97,17,16,82,78,44,50,8,36,9,45,92,36,56,70,59,81,22,25,52,9,23,92,58,89,0,30,33,2,38,80,47,55
97,41,90,4,93,15,1,100,72,95,56,51,41,100,83,23,41,95,4,94,16,79,19,100,16,4,91,11,78,81,32,22,84,20,96,25,51,35,42,97,27,43,32,27,85,48,6,41,91,95,18,12,49,53,47,75,76,46,60,88,2,7,93,88,94,47,92,33,69,31,0,71,88,55,83,59,81,13,8,82,20,42,32,13,69,0,9,31,9,87,13,25,54,48,19,77,88,79,92,5
21,27,20,77,3,84,36,41,50,60,46,26,97,95,39,50,58,74,54,84,96,64,42,38,11,82,15,83,49,89,59,15,13,51,86,85,5,54,79,15,4,24,44,14,27,15,13,41,49,69,17,71,76,45,18,19,51,77,41,54,45,4,36,31,48,18,41,53,48,92,94,39,40,46,73,69,17,50,32,58,36,20,43,4,64,71,46,55,46,49,75,27,25,41,85,33,20,33,34,87
59,92,52,62,49,40,12,8,29,66,95,33,28,51,96,1,7,43,34,1,21,60,83,98,15,10,8,94,84,65,71,88,91,45,13,50,9,30,56,24,45,49,54,67,33,67,84,54,47,21,41,18,93,26,3,85,73,86,32,38,74,92,90,23,5,36,75,29,76,88,74,53,19,28,10,94,67,61,51,28,10,10,2,43,60,67,61,25,36,59,35,3,97,35,73,19,49,87,4,31
2,56,56,28,20,61,19,94,70,92,40,62,47,15,8,77,39,8,89,1,6,1,1,1,19,27,83,56,61,76,56,41,75,39,57,13,5,34,89,5,80,56,38,15,74,91,60,23,26,78,53,50,94,4,26,85,17,79,94,61,42,49,20,16,97,18,63,50,19,45,32,7,99,17,83,12,54,37,4,46,14,51,83,7,37,16,76,47,69,83,91,3,33,33,52,7,12,1,69,85
56,60,33,39,98,61,58,49,41,17,33,61,99,99,90,57,4,91,93,53,46,97,85,8,43,33,80,34,64,79,1,25,47,47,94,73,14,9,25,35,9,73,81,99,72,5,74,21,50,4,44,99,79,59,13,22,27,40,68,87,88,10,56,23,77,9,84,17,81,32,27,24,30,31,68,6,73,15,58,10,25,64,87,10,89,72,41,98,82,68,6,52,10,40,2,43,75,51,93,25
25,65,86,10,9,98,86,34,90,25,43,39,60,52,58,67,87,93,84,58,62,72,64,67,23,87,13,35,51,12,27,65,43,20,79,40,16,91,22,100,85,42,42,99,67,81,46,61,17,43,11,17,93,74,58,18,78,41,80,7,90,0,51,66,38,51,10,26,31,87,0,33,31,18,45,9,42,93,10,10,26,88,78,99,18,58,52,70,73,90,88,72,51,35,50,0,34,38,23,52
42,54,12,10,43,43,13,95,12,87,20,50,37,74,24,11,59,70,1,45,85,13,50,39,16,89,50,41,50,3,24,65,99,71,87,37,54,24,79,96,62,40,47,30,57,31,33,91,15,54,41,35,27,49,68,26,62,42,84,34,83,18,15,41,34,1,4,20,68,86,27,84,91,68,86,39,67,82,60,65,85,87,37,35,2,70,67,32,73,63,26,33,6,10,87,4,83,56,29,58
2,46,70,45,36,9,18,53,26,31,46,17,89,19,50,51,79,65,78,96,46,18,92,25,100,46,27,38,46,39,98,49,76,49,56,50,73,35,70,86,23,90,38,53,23,50,25,33,24,67,59,95,35,2,96,62,15,29,55,65,69,43,56,55,19,58,85,21,48,10,87,95,79,95,77,8,95,64,78,22,80,11,42,42,52,27,93,69,21,35,21,46,27,19,54,46,25,29,74,90