0,89,45,24,65,38,37,13,34,59,5,19,75,57,24,65,30,83,39,2,99,100,19,23,2,25,22,75,79,28,68,98,49,43,37,77,74,31,7,50,57,97,58,13,88,1,56,57,72,34,49,31,25,12,89,73,14,68,78,37,75,0,37,14,6,39,85,71,56,38,14,57,30,7,57,32,40,0,68,90,99,76,95,29,100,87,16,98,85,7,42,45,3,30,32,29,33,63,0,2
23,58,96,20,71,12,13,92,50,67,9,59,83,71,88,98,60,1,56,62,27,75,5,13,70,58,44,64,58,9,49,66,15,32,83,11,14,39,64,44,88,20,57,30,91,55,54,75,15,21,67,24,18,36,72,32,88,50,87,97,97,4,61,81,31,96,66,97,75,64,77,15,33,58,72,74,2,48,55,76,56,35,95,44,6,81,84,43,61,23,93,97,99,40,97,92,43,11,82,28
4,44,56,78,76,10,64,53,9,62,65,80,68,64,13,14,67,10,100,61,75,44,15,99,48,94,74,59,95,8,26,29,29,93,67,40,97,58,0,10,87,91,84,16,17,36,56,51,89,32,12,78,95,4,15,43,44,51,66,95,31,4,50,2,13,66,97,7,25,72,26,66,36,73,15,99,33,100,75,80,63,33,84,72,73,92,7,82,6,5,18,32,33,4,60,99,97,59,6,75
18,58,100,78,57,10,44,46,90,68,32,62,80,17,94,57,28,27,25,55,95,35,15,66,78,74,66,57,26,52,87,0,2,87,65,93,74,35,4,5,86,99,5,35,24,67,3,53,35,11,17,64,80,78,9,95,81,16,13,53,8,45,11,13,0,94,94,71,67,51,51,69,32,42,69,20,3,71,93,46,100,30,94,91,85,11,92,78,20,99,50,13,90,17,42,61,16,86,38,69
30,94,46,64,72,70,63,26,94,100,97,67,64,63,73,11,42,71,56,97,85,36,30,45,37,95,92,100,53,62,19,20,15,57,54,34,74,72,88,0,87,20,8,43,40,54,5,42,91,91,68,13,8,16,18,14,21,58,5,70,50,36,34,58,69,84,65,56,73,9,8,48,38,33,13,44,47,0,88,68,11,6,87,5,17,98,86,85,23,78,9,26,63,9,80,41,84,63,12,15
60,82,6,20,40,90,26,85,84,88,5,13,98,66,34,6,33,63,67,99,13,60,16,91,11,6,15,19,62,81,46,18,71,7,97,39,1,61,54,73,15,95,62,17,57,63,51,10,67,74,77,2,52,48,30,91,1,98,64,15,43,99,65,7,44,39,57,43,54,90,20,47,38,23,92,39,1,78,99,16,29,35,58,40,14,9,27,49,53,84,96,48,8,56,86,23,85,0,10,54
11,88,55,100,51,82,99,20,84,2,91,51,73,73,23,7,25,48,78,88,99,90,74,76,54,57,29,33,29,57,0,86,14,39,79,92,87,10,26,20,91,54,71,63,2,85,76,30,49,85,80,100,86,70,90,30,77,56,18,29,12,86,1,43,91,99,33,62,72,100,43,97,28,9,47,99,80,81,67,7,88,9,62,99,30,44,70,23,43,92,69,83,77,95,22,24,40,31,49,95
42,90,76,40,35,84,94,96,31,33,52,100,43,98,7,97,78,7,51,35,78,35,13,44,33,53,28,68,21,17,72,78,48,91,51,79,59,10,75,95,54,7,62,8,87,15,88,27,64,23,94,82,57,7,52,0,98,91,48,48,0,24,79,68,98,99,22,22,60,96,53,83,55,41,78,10,0,51,38,86,77,95,51,55,100,100,71,99,100,1,80,36,97,49,75,72,7,71,97,4
98,38,15,46,94,33,68,69,43,49,67,45,80,80,57,42,72,49,75,56,44,0,83,28,42,23,47,66,50,43,20,55,14,33,18,64,98,32,0,70,75,17,17,99,38,70,50,13,43,4,88,3,10,64,31,88,10,18,68,4,51,36,18,3,26,64,49,94,34,83,48,2,69,36,53,97,95,56,59,45,29,82,10,80,44,25,7,45,23,23,64,23,88,26,74,44,5,97,19,81
55,49,84,48,33,20,20,87,7,32,72,37,97,24,62,15,7,32,84,52,70,75,31,91,48,15,31,22,64,66,90,75,19,47,82,31,55,94,7,83,99,50,13,53,17,28,44,33,67,27,30,8,62,65,3,45,81,40,27,27,89,76,92,14,67,99,40,4,65,66,54,99,37,61,72,23,98,38,50,28,97,44,94,29,25,84,41,58,6,12,20,82,100,23,26,2,1,60,99,50
19,23,31,66,36,80,23,84,72,25,90,76,100,75,53,14,66,31,36,55,40,29,60,58,83,95,3,61,26,94,0,81,43,0,22,65,91,20,81,73,14,29,86,17,48,49,14,64,38,30,57,47,20,44,93,43,82,54,0,9,73,7,1,41,54,29,16,3,17,57,77,67,45,28,1,82,33,28,59,5,14,95,72,70,8,3,72,87,56,25,79,99,29,28,56,57,56,71,82,84
50,77,4,21,90,27,23,35,56,44,33,9,97,89,59,86,29,9,52,24,27,32,34,41,8,54,88,52,93,39,8,65,67,50,93,35,13,12,86,76,37,41,82,67,91,89,68,1,0,35,88,52,100,34,55,62,94,57,1,62,75,75,26,97,53,10,82,72,78,53,63,23,45,77,57,9,28,75,9,43,23,55,29,18,36,61,82,35,4,48,90,28,89,95,27,67,71,77,77,76
42,60,72,89,56,95,100,89,81,35,93,94,62,23,35,46,96,63,79,41,66,53,96,79,71,77,12,20,30,27,11,100,1,64,38,24,5,4,51,21,66,40,83,3,47,92,78,74,46,16,63,94,85,93,67,3,53,19,93,39,71,60,85,44,20,3,25,37,75,74,22,79,10,81,57,55,59,56,82,45,66,28,79,62,84,66,93,97,100,12,9,74,77,99,65,59,97,20,54,62
44,85,68,14,83,5,49,3,4,99,59,63,65,82,64,74,34,50,53,80,73,24,14,95,25,9,33,17,83,87,41,13,86,80,40,19,42,28,94,86,47,38,14,19,16,56,20,30,77,14,50,28,86,69,43,59,56,57,92,36,8,39,75,17,91,78,9,46,15,20,6,86,5,31,69,80,17,29,7,44,50,5,64,11,86,2,79,66,2,1,8,22,93,6,26,42,74,58,9,56
83,3,91,81,81,52,32,51,78,34,82,4,10,48,18,71,6,69,72,25,98,28,83,12,64,24,61,0,67,36,14,20,71,85,13,81,3,48,38,59,90,38,70,89,41,97,0,94,99,58,44,16,31,94,53,44,92,9,72,77,2,22,86,63,89,10,71,97,96,52,57,46,66,27,1,6,92,74,56,40,42,51,82,54,68,1,43,77,11,38,13,73,76,25,10,20,61,69,88,36
58,14,64,85,51,94,5,71,54,67,37,100,5,77,91,21,95,4,24,87,41,82,59,86,35,70,95,33,78,83,7,47,12,3,35,83,57,40,58,62,25,70,39,1,90,86,97,44,36,25,90,23,92,88,2,85,57,52,64,38,93,59,66,55,64,93,89,89,12,62,59,72,94,45,45,44,27,0,72,51,66,46,14,33,21,27,2,48,53,65,34,41,61,23,69,18,78,82,69,9
76,33,39,52,13,36,9,1,14,23,98,84,23,83,95,0,13,94,32,90,75,86,11,91,89,83,41,3,17,6,13,57,31,2,12,60,10,16,27,88,28,12,50,18,40,45,90,100,72,21,23,78,25,62,2,7,48,77,81,36,8,26,100,86,5,88,0,39,85,21,55,61,42,47,19,16,56,31,73,81,84,33,32,100,76,93,89,20,41,90,7,17,62,85,97,79,100,48,66,55
98,39,85,63,63,96,72,71,42,23,1,27,57,91,67,3,67,99,88,99,7,85,61,46,5,17,41,7,79,16,49,54,49,8,91,18,15,14,33,15,33,56,54,18,5,93,80,37,87,15,61,56,94,2,11,53,32,21,32,7,63,51,11,32,49,65,68,72,20,59,62,14,96,56,90,5,24,65,73,87,99,43,69,36,8,31,17,42,74,42,21,8,23,19,60,59,60,30,40,98
42,94,4,79,75,8,8,6,38,41,15,69,67,4,29,65,55,11,100,14,72,33,44,15,76,79,80,15,38,66,64,60,0,14,82,41,14,69,48,5,43,73,91,3,81,97,81,70,10,59,73,31,30,85,56,36,46,32,91,60,95,18,90,29,74,92,68,11,55,9,46,53,13,43,64,69,73,64,28,55,9,75,20,94,42,43,11,93,36,37,92,18,88,2,26,71,52,53,58,97
79,0,28,64,96,29,13,55,27,24,21,71,23,28,96,78,1,27,13,94,85,77,33,83,97,59,41,58,8,31,11,84,96,84,95,3,13,93,87,31,59,42,57,6,29,2,24,9,44,75,1,5,23,17,43,26,87,17,27,41,50,22,57,69,86,77,46,91,14,16,74,27,72,51,58,12,67,83,27,88,86,10,81,88,37,98,80,7,59,54,24,51,60,1,20,56,22,78,56,19
70,92,71,41,85,80,94,26,60,82,28,73,45,22,25,8,23,82,90,40,46,22,32,56,40,57,33,67,18,75,97,79,92,1,23,13,70,94,92,32,16,2,22,8,47,2,81,75,74,9,77,38,24,36,62,13,42,59,52,30,32,92,2,90,69,20,15,40,21,34,16,26,80,93,98,88,50,1,100,44,87,47,90,82,41,15,11,7,9,20,29,81,19,99,100,95,84,26,34,9
78,75,8,80,48,60,2,30,68,39,86,56,23,62,12,59,71,79,49,30,98,28,40,70,63,36,48,4,8,89,50,0,24,79,45,66,73,58,55,84,49,6,13,70,84,35,67,70,51,67,57,19,34,89,48,38,22,31,12,42,66,28,38,70,67,39,51,23,0,81,92,17,85,56,42,55,6,12,78,7,48,9,52,15,51,98,65,58,13,97,50,0,91,63,36,19,88,36,91,48
18,82,97,79,70,4,60,86,44,65,12,94,95,4,23,30,66,88,19,80,93,76,8,86,20,6,68,52,71,69,36,34,14,96,99,89,33,69,56,2,44,73,17,62,16,9,75,37,90,79,31,40,65,4,36,57,50,54,36,47,41,73,72,26,64,46,0,62,3,7,94,36,33,27,72,61,27,73,66,4,68,74,45,63,73,1,37,6,41,44,71,15,74,2,35,36,28,72,15,16
41,73,54,99,58,24,21,61,75,60,39,11,66,1,54,81,80,53,29,20,69,4,72,86,97,14,82,76,42,33,11,93,80,38,42,14,52,21,57,8,39,98,63,75,54,88,75,14,48,31,36,36,44,14,9,44,11,21,75,41,97,19,6,84,51,53,77,65,46,87,44,48,59,14,99,27,49,34,46,50,90,60,7,88,92,25,13,49,40,39,53,72,23,40,26,81,92,27,34,16
92,14,10,57,85,97,82,16,1,91,27,47,82,44,67,64,11,23,38,0,43,11,18,24,25,27,90,49,74,47,58,39,72,2,51,68,38,78,46,72,43,71,35,50,85,30,58,32,31,76,84,51,97,29,49,72,99,68,12,81,75,85,18,99,62,74,19,2,50,96,79,18,35,89,24,8,37,98,11,4,6,24,39,2,5,69,70,96,5,90,55,80,39,37,60,85,57,90,7,77
73,93,86,97,44,83,95,77,6,43,7,63,84,14,91,72,80,22,31,48,99,32,3,10,88,48,46,2,95,55,34,74,20,33,25,65,22,17,0,71,14,48,17,77,15,9,6,48,45,55,19,2,37,56,7,43,60,50,61,89,53,26,59,69,92,97,98,46,30,71,52,48,36,33,48,37,83,94,36,71,59,82,14,21,84,74,49,16,45,82,56,54,2,6,69,12,44,6,87,87
78,24,18,54,20,42,37,49,8,81,38,55,32,34,25,71,72,100,17,65,5,100,49,89,10,81,84,39,18,42,48,32,70,47,5,38,56,65,78,67,46,4,70,38,33,69,72,3,91,14,24,19,25,52,14,70,56,37,88,59,52,48,91,93,30,69,19,5,26,76,37,89,17,58,37,40,46,82,71,15,30,86,95,37,72,29,28,56,83,28,37,66,75,57,18,91,92,78,19,7
85,60,96,31,6,22,37,68,80,68,67,40,22,99,83,47,2,95,2,64,98,100,90,64,52,19,1,57,87,20,11,5,74,13,15,25,49,56,39,83,13,2,19,24,5,28,82,75,77,37,45,96,41,58,75,21,99,93,61,33,67,58,62,10,42,96,61,18,39,0,98,62,17,62,49,3,26,99,50,63,77,97,27,52,58,50,48,100,88,28,81,90,77,91,66,92,79,42,32,89
60,44,44,92,70,23,78,57,40,77,69,90,14,10,35,89,97,42,13,45,31,80,62,0,89,90,16,85,39,19,39,21,26,100,83,95,88,95,12,48,36,80,52,82,97,5,55,16,90,64,73,32,43,41,36,74,62,1,71,77,21,91,51,95,8,26,67,7,86,14,14,78,97,67,74,51,0,90,50,58,6,26,60,13,64,71,54,53,12,50,98,8,65,64,82,92,15,8,50,31
30,77,74,1,43,26,90,48,90,24,46,4,1,10,90,85,60,81,11,94,68,88,18,59,2,64,72,27,41,62,86,16,94,97,41,54,85,67,48,17,94,10,42,56,73,15,97,51,12,88,72,84,89,31,98,97,91,13,28,51,92,71,18,22,50,77,21,21,17,95,69,72,45,38,54,46,89,37,27,81,52,90,31,17,87,23,32,60,74,97,30,7,50,94,17,5,93,97,22,75
11,45,96,11,61,24,73,99,51,91,48,48,89,15,57,96,79,49,12,53,95,20,87,76,89,25,12,33,68,98,41,93,79,0,3,81,20,52,53,81,41,42,69,98,97,21,7,81,37,34,55,76,49,57,21,24,96,23,80,22,19,60,55,36,37,21,31,39,93,58,8,65,75,80,28,71,21,87,67,67,73,52,79,55,20,75,99,40,69,59,71,51,29,62,67,58,63,50,82,18
88,81,16,9,56,2,73,74,20,39,91,74,46,34,73,79,23,6,51,51,38,78,6,73,71,79,82,34,43,63,56,35,40,39,55,32,38,47,72,54,56,93,73,2,41,84,58,78,16,38,95,46,74,69,89,33,98,12,19,31,45,46,40,7,57,55,93,25,58,52,47,88,99,28,39,93,24,67,30,83,75,75,72,23,3,95,10,9,68,99,75,14,20,76,90,29,30,62,44,61
45,61,36,25,0,31,76,42,79,44,40,79,68,64,51,74,4,6,79,41,68,8,11,83,32,29,67,79,4,69,99,16,62,16,2,86,3,25,11,30,85,2,17,99,93,100,95,56,92,26,12,36,2,76,15,65,77,3,37,61,20,35,5,23,11,77,34,65,45,45,49,94,75,3,15,1,36,63,53,68,67,99,79,13,40,5,28,80,3,77,67,58,70,25,30,68,33,47,21,56
64,92,67,66,15,97,33,37,61,45,76,31,74,23,12,23,21,31,32,68,38,38,90,14,75,90,25,17,50,76,60,79,51,100,21,24,41,89,14,29,12,65,65,22,1,93,43,80,45,40,94,0,63,27,76,91,17,82,61,100,24,75,73,97,3,98,26,65,52,38,31,61,31,89,27,47,30,81,27,50,53,84,57,11,93,34,61,47,1,87,50,18,14,94,48,84,49,29,47,76
73,92,47,39,29,16,73,13,24,13,58,40,90,59,80,74,30,72,52,67,47,43,77,55,54,2,0,53,17,80,46,28,14,21,0,39,5,18,65,6,18,42,39,76,7,3,86,5,25,83,93,44,90,83,72,73,15,74,16,64,29,84,33,28,46,48,61,54,74,67,96,19,10,76,96,75,77,94,62,41,62,67,95,38,4,80,61,93,30,99,83,47,3,11,58,75,19,0,98,61
69,64,67,89,51,17,24,36,35,43,44,58,66,61,84,22,73,93,21,64,69,1,56,37,32,35,48,78,32,97,95,17,82,10,91,74,49,64,57,28,7,3,98,63,3,32,29,51,45,83,34,77,29,45,59,57,58,70,38,66,27,90,2,57,94,78,71,57,96,89,3,25,4,28,85,62,85,54,73,34,60,67,53,50,55,39,35,5,84,13,24,79,100,17,7,38,46,67,26,92
47,61,14,36,51,55,29,19,46,47,20,47,85,43,73,58,46,6,24,98,28,10,24,20,34,9,69,63,99,17,90,96,78,12,7,54,51,68,68,0,81,37,26,66,18,45,30,54,67,98,45,5,52,99,68,45,10,37,67,70,28,57,47,35,53,67,18,4,98,55,19,38,15,79,77,98,76,91,63,84,75,16,87,56,20,27,16,98,45,15,62,71,98,60,33,43,89,69,46,88
70,90,62,14,31,73,95,34,74,78,39,76,51,92,49,88,75,66,98,79,12,51,73,85,4,46,7,92,45,23,19,15,93,1,20,60,66,76,3,67,2,94,48,59,23,23,79,29,59,69,58,2,29,69,23,49,93,10,40,89,98,37,66,34,13,27,33,26,67,36,66,8,1,59,54,67,91,48,52,100,26,37,43,67,66,25,11,26,63,99,15,14,26,92,87,28,67,14,68,95
97,78,71,93,44,53,43,98,36,70,34,90,95,41,30,51,6,52,95,61,25,18,78,37,81,0,73,68,41,36,80,0,42,19,8,22,97,0,83,34,97,6,55,78,13,100,60,77,80,47,92,26,16,19,96,76,12,14,28,19,12,48,67,70,4,53,92,60,71,53,73,30,57,62,95,84,93,40,89,78,97,92,54,4,30,49,55,54,27,37,52,94,56,27,49,73,39,23,46,49
28,24,85,44,22,5,31,89,71,73,42,54,80,52,43,48,58,16,88,21,47,18,70,71,11,82,9,88,100,86,91,37,42,65,25,47,97,23,26,25,58,76,39,39,82,82,74,100,28,83,96,63,71,90,69,62,61,61,96,56,76,43,99,44,55,83,25,0,40,6,25,17,91,44,82,2,79,24,95,94,94,89,43,14,83,79,75,2,54,86,98,82,77,79,69,59,85,7,96,100
35,23,96,88,55,65,3,43,87,82,75,39,53,66,62,48,52,39,63,88,32,61,45,6,26,5,51,90,49,51,71,57,32,45,39,95,94,88,36,83,95,40,14,55,53,61,75,72,84,38,42,78,0,55,52,7,97,15,84,49,40,99,94,66,90,95,99,10,78,77,2,79,70,63,22,2,15,73,72,49,8,74,19,46,70,21,67,3,82,70,74,58,78,95,19,44,70,73,64,100
10,33,98,70,16,6,10,83,74,49,68,26,46,56,53,85,36,44,24,47,2,44,31,2,83,52,28,51,0,77,80,76,20,70,69,25,39,13,4,97,76,13,32,17,60,88,91,55,73,93,59,70,54,81,28,69,94,53,24,22,76,10,97,14,63,29,18,86,81,61,34,55,59,87,52,60,44,89,31,20,98,96,96,16,44,98,8,81,100,0,23,31,35,56,33,79,42,83,47,93
83,87,70,47,3,92,23,22,45,46,53,35,26,33,48,75,4,93,86,71,86,67,70,51,68,42,53,13,43,50,1,59,27,8,26,56,3,71,84,28,78,31,16,90,34,80,14,22,44,82,14,63,32,100,51,15,22,67,36,32,45,58,88,62,91,22,15,63,19,21,29,92,85,99,85,22,31,25,78,97,97,75,55,56,51,96,57,42,97,60,93,2,90,49,31,70,83,76,78,100
96,91,25,6,80,96,22,32,35,20,34,19,75,58,42,9,47,83,45,94,37,56,92,11,48,31,95,24,61,96,72,85,72,6,35,41,61,19,58,97,14,95,14,38,66,28,3,0,24,6,92,36,3,38,99,81,39,44,67,98,70,53,68,28,70,59,74,36,100,81,28,66,52,53,51,25,62,29,70,37,78,42,81,91,31,72,12,44,79,9,34,58,78,43,2,24,11,20,80,27
93,50,10,96,9,42,31,24,78,35,12,43,71,79,47,34,26,74,31,85,41,7,57,59,37,8,33,19,99,2,45,46,50,24,29,43,55,52,1,86,99,26,96,64,10,84,39,10,17,69,32,36,9,90,73,0,15,68,71,40,85,78,14,95,11,27,86,13,66,22,36,97,50,28,89,42,95,95,32,80,20,34,46,14,74,12,9,97,44,71,20,94,30,70,31,8,94,24,76,91
32,82,24,86,95,37,52,77,25,30,71,18,82,20,70,38,77,53,73,25,99,64,75,86,33,9,77,58,12,28,92,88,48,61,10,58,0,68,9,89,95,39,2,90,29,80,32,91,61,84,17,80,36,53,38,20,37,64,47,5,29,25,50,22,28,64,33,51,20,93,24,92,26,86,18,7,24,29,36,22,92,36,26,83,65,81,54,13,59,96,87,64,63,42,28,70,6,87,28,31
73,37,83,81,11,46,20,36,47,94,88,10,70,49,6,49,96,0,59,45,1,3,22,97,25,44,70,68,72,45,15,13,57,62,61,64,64,4,76,71,44,48,41,73,33,7,29,72,3,72,71,96,32,23,7,85,26,62,35,89,87,30,89,43,23,11,37,55,97,51,31,70,60,19,92,8,66,69,86,84,24,83,88,97,13,71,0,83,75,99,67,0,82,4,51,83,46,68,50,71
28,54,2,18,75,30,70,94,3,66,80,44,25,74,64,10,4,57,30,26,99,20,27,38,24,62,40,65,19,21,65,77,71,67,76,70,88,88,8,48,73,2,5,26,66,21,38,49,98,7,70,56,72,20,77,98,74,1,92,73,34,85,83,52,9,19,8,14,12,100,94,83,35,67,61,17,21,10,18,60,90,84,90,97,44,100,73,32,84,27,40,72,20,62,14,25,50,16,60,75
35,69,8,28,24,65,80,51,19,2,9,79,59,47,24,20,20,96,61,5,10,5,8,66,28,74,93,11,2,78,40,85,47,92,9,74,0,26,16,55,61,57,73,33,57,42,28,41,65,11,11,84,13,36,36,38,38,26,39,3,100,68,98,93,17,1,15,17,2,44,87,68,78,93,64,20,21,29,96,65,94,59,81,30,46,77,30,52,49,70,60,13,59,1,97,79,76,28,13,38
93,25,57,32,77,85,19,4,97,40,32,6,59,96,91,52,49,9,7,54,76,92,98,16,27,71,39,67,25,53,33,18,78,71,47,17,35,73,97,46,22,67,86,78,63,35,87,35,99,54,86,17,2,0,71,87,34,79,89,74,46,50,10,68,23,95,60,5,7,48,63,5,6,79,76,60,41,14,96,97,1,8,25,10,72,96,99,55,69,55,13,7,65,76,89,99,13,46,10,4
6,3,19,8,33,80,77,85,65,68,68,23,97,9,13,25,51,100,7,33,56,39,83,88,44,69,46,15,33,79,32,10,11,81,100,37,32,74,77,1,5,54,12,29,29,81,76,85,82,23,57,52,87,16,0,84,5,20,94,51,70,85,79,26,99,41,98,74,68,34,20,97,88,3,64,98,1,80,77,53,49,87,72,52,11,20,91,41,95,11,30,14,95,17,98,34,56,57,90,72
74,88,91,51,96,79,59,14,2,41,22,72,17,76,95,4,43,97,25,26,57,31,85,63,7,13,1,62,3,64,29,28,81,56,69,39,24,40,13,90,36,3,22,3,69,35,100,23,84,65,60,25,94,62,43,3,47,81,34,43,48,62,61,84,51,66,28,12,24,85,14,71,32,1,78,58,22,23,31,75,81,23,7,93,92,94,13,57,4,9,64,74,73,51,53,5,90,77,97,82
75,65,73,47,16,82,8,53,86,88,1,25,68,57,98,26,38,72,73,40,91,23,77,42,80,19,72,73,76,59,3,7,30,96,17,82,21,74,1,86,78,18,85,97,38,10,49,87,33,20,71,9,93,48,97,45,87,49,71,99,78,14,87,62,44,28,44,68,60,7,25,64,93,5,87,81,86,48,2,40,51,88,93,28,25,1,34,71,75,51,97,62,67,62,11,56,99,90,31,84
65,34,24,52,7,79,68,37,80,52,47,51,13,18,47,96,54,42,9,7,33,97,42,83,18,90,52,57,37,29,34,66,61,36,29,54,52,0,96,41,4,30,63,24,42,82,19,26,82,12,77,99,25,42,4,19,67,24,94,25,43,75,80,6,15,96,83,83,65,21,85,32,86,68,95,94,78,0,9,20,76,70,19,87,77,51,55,26,61,29,36,24,86,12,30,21,27,1,72,74
1,41,61,31,44,65,9,36,28,1,21,45,29,81,16,64,3,90,31,4,100,55,73,24,17,41,15,66,73,12,87,77,9,7,10,78,29,52,87,95,86,86,100,11,76,0,81,48,25,95,88,59,90,81,85,23,8,97,26,88,75,77,6,62,6,81,53,8,82,25,38,16,95,4,12,6,28,54,4,66,53,30,90,53,9,79,82,21,64,2,13,17,17,6,87,16,4,45,48,6
19,88,23,63,56,32,87,52,87,2,33,43,28,9,36,11,97,30,44,24,81,20,28,71,38,67,93,79,21,50,9,66,26,86,27,15,92,46,98,34,94,93,100,15,2,78,1,11,52,77,54,65,3,59,54,84,29,18,62,74,44,62,76,31,14,77,70,55,94,31,61,30,7,68,42,5,79,74,96,40,87,30,45,70,26,15,24,69,9,56,93,45,18,14,61,82,84,93,92,54
35,69,37,20,87,22,17,61,59,93,100,77,14,19,85,23,67,32,89,63,6,17,12,29,34,64,80,41,71,77,28,68,75,93,41,99,86,40,45,66,63,77,61,17,43,7,81,60,86,85,80,40,50,72,7,63,16,88,2,35,29,90,82,31,18,26,74,25,78,18,28,37,96,30,93,1,9,30,58,42,78,39,65,76,78,45,19,73,31,78,50,68,22,50,8,12,27,75,74,56
80,45,60,71,45,77,1,75,56,36,15,66,26,49,22,21,0,75,27,1,97,42,78,92,13,9,64,87,3,80,1,80,46,68,36,60,35,66,59,11,38,94,94,69,77,5,1,92,56,57,75,19,90,20,74,7,32,97,16,46,34,73,87,28,26,34,10,67,23,74,5,82,26,53,57,46,29,32,53,78,49,4,17,92,78,37,57,94,1,64,91,19,61,78,10,64,74,30,48,38
69,9,33,77,4,46,98,84,22,53,12,0,17,95,15,58,54,4,74,68,51,45,71,85,37,51,68,57,54,43,21,30,27,14,15,100,60,32,99,2,78,20,77,88,76,81,47,75,7,79,45,81,99,83,60,22,7,96,80,22,81,14,99,38,15,50,84,19,13,58,84,96,64,46,12,89,32,57,8,50,99,41,4,87,35,2,88,78,26,79,48,73,33,96,17,52,15,41,30,85
52,11,94,83,76,15,5,15,83,13,93,1,26,65,6,80,65,84,16,83,4,1,34,76,76,3,5,53,41,94,44,65,67,74,24,95,17,78,82,87,90,67,62,28,43,55,44,53,7,29,66,46,62,42,48,46,99,82,3,84,58,18,55,51,62,53,8,42,27,95,67,30,95,43,95,14,90,20,24,98,66,87,67,5,69,39,70,98,18,99,72,43,81,14,71,98,43,89,97,52
5,50,8,92,81,9,43,41,74,29,83,95,100,53,82,84,73,56,38,77,92,13,5,77,99,99,100,28,27,88,100,30,70,59,37,32,25,63,80,18,24,86,35,16,71,83,21,61,49,63,85,87,52,85,49,8,40,76,3,98,60,13,95,24,56,2,9,83,7,8,1,68,50,52,2,69,63,86,77,57,23,40,21,85,58,95,30,23,26,63,78,58,86,93,24,38,30,99,16,40
37,26,31,39,93,89,45,8,50,30,7,52,13,75,33,32,12,82,70,89,48,70,91,13,54,22,81,15,7,30,65,36,66,19,91,27,12,58,99,5,70,24,1,88,88,32,37,23,40,64,60,20,76,94,74,5,71,59,42,68,94,9,88,49,65,52,48,2,21,70,17,51,58,80,52,34,65,32,71,90,14,91,38,99,21,74,90,89,83,7,72,68,66,5,80,46,4,22,53,76
93,80,96,50,100,53,24,60,19,1,66,41,9,18,28,18,28,82,63,37,8,66,58,58,78,88,61,21,94,10,28,97,10,97,47,26,86,41,78,6,55,53,31,44,72,81,24,76,25,35,48,62,73,33,14,48,94,54,69,75,26,35,81,55,44,61,53,83,52,89,3,91,76,65,64,46,19,10,11,52,9,99,38,55,53,9,43,43,74,26,81,1,44,70,56,6,52,58,71,84
99,60,25,75,34,18,80,51,66,46,55,89,63,38,27,99,95,73,40,66,8,23,53,6,59,1,66,11,56,89,6,41,34,12,86,73,62,46,65,50,11,100,51,24,31,41,4,64,47,36,86,12,23,12,52,52,54,44,13,63,46,91,54,84,41,23,62,10,51,89,47,97,61,79,97,12,61,65,14,42,20,72,80,55,23,76,77,15,20,51,71,7,57,99,2,6,75,72,68,81
17,22,90,93,36,64,37,95,37,83,56,58,3,37,74,62,99,13,56,43,67,18,44,50,54,80,31,39,74,87,81,38,87,23,32,47,78,5,50,14,90,48,4,92,8,30,7,0,22,15,51,9,54,8,24,39,98,29,71,46,36,88,85,96,51,63,87,96,47,17,59,24,92,79,86,11,38,73,93,68,8,2,62,74,97,91,0,16,53,34,65,44,91,17,69,15,27,83,84,31
73,63,83,11,43,7,5,3,67,90,64,28,0,33,99,90,77,49,53,34,76,86,33,7,25,61,98,77,73,85,68,15,57,20,0,48,69,50,84,48,81,37,23,54,75,88,42,41,100,30,90,30,2,65,53,69,25,41,47,10,35,87,99,96,36,53,1,28,33,21,64,90,97,97,73,97,61,45,76,42,28,81,58,76,40,28,43,63,8,18,4,66,90,36,63,22,9,82,16,12
31,92,24,69,77,59,43,67,26,59,67,57,55,85,64,99,44,57,79,59,75,100,9,72,73,39,45,86,33,2,68,55,60,86,20,73,47,88,93,83,14,15,44,76,87,15,50,38,0,4,85,65,48,99,30,43,46,18,5,32,70,72,83,91,51,52,14,85,12,60,12,51,15,72,79,10,61,10,59,86,94,23,19,92,68,43,70,80,95,95,11,69,99,70,10,16,65,33,77,92
74,79,51,4,60,3,34,61,35,57,13,57,9,52,99,94,52,76,88,69,61,9,81,32,89,40,95,7,62,47,30,20,27,70,99,93,43,50,11,64,69,66,94,63,32,66,53,42,33,36,81,35,43,64,3,87,66,97,99,25,65,61,27,45,11,43,67,18,33,13,54,48,77,2,57,7,25,53,7,83,57,56,26,67,28,63,77,67,86,68,94,70,32,68,19,94,22,85,9,57
21,26,45,69,51,29,88,11,1,37,49,0,86,21,20,14,88,12,80,30,9,23,85,47,0,12,55,48,51,14,22,28,68,63,70,81,58,88,74,90,94,2,87,98,84,82,63,89,32,17,42,19,87,79,41,0,52,68,20,84,33,63,57,54,94,50,95,46,88,87,96,20,4,38,100,14,23,57,11,11,49,80,97,62,72,64,91,98,9,77,61,58,36,53,71,72,60,52,0,8
38,69,18,92,71,2,91,84,93,57,99,61,61,72,80,72,19,100,45,66,36,39,22,27,11,38,29,71,66,48,16,35,73,7,12,66,27,56,76,64,81,52,53,3,77,54,39,13,15,53,29,41,38,55,24,86,14,81,73,40,35,15,18,57,87,40,88,62,10,39,33,86,84,34,25,82,93,67,52,37,69,20,73,0,94,11,44,90,18,23,57,20,81,59,0,15,17,15,89,12
55,87,63,98,60,29,68,64,15,72,79,31,63,37,92,86,36,51,40,71,12,61,15,8,58,57,47,9,22,17,100,68,62,5,78,42,80,59,52,13,79,48,27,89,38,4,43,68,63,94,62,73,97,76,75,52,46,3,20,36,93,49,32,42,67,60,47,67,0,96,1,96,92,24,56,13,94,37,97,12,67,30,87,89,70,69,29,48,84,48,31,39,15,50,33,14,82,21,78,55
20,13,6,75,100,46,13,24,40,23,96,53,68,69,83,30,51,30,1,32,23,9,93,97,58,85,43,95,69,69,34,86,20,56,8,34,27,89,100,41,37,46,45,47,13,20,13,56,99,2,14,53,38,83,38,89,87,53,10,15,93,60,9,2,12,87,43,63,66,36,2,51,41,57,40,84,35,53,75,39,76,100,98,77,64,29,74,59,99,62,89,57,25,71,32,5,53,58,81,67
29,29,21,72,32,48,100,16,51,67,52,62,67,29,18,30,79,8,82,44,4,4,65,4,60,41,74,48,36,20,67,95,90,67,91,52,45,50,22,7,34,30,73,87,2,90,12,61,71,32,98,70,77,26,98,78,44,87,48,70,15,38,33,75,35,26,33,81,64,21,12,4,63,98,92,23,94,48,90,76,80,9,52,50,34,34,6,42,94,34,77,31,48,45,23,79,99,54,73,15
51,86,84,72,68,94,67,90,49,90,34,80,13,21,61,9,25,33,74,38,15,12,100,84,76,82,55,55,55,96,42,67,97,20,25,43,1,70,58,89,34,42,0,14,53,30,47,10,94,80,85,84,74,14,42,36,95,43,23,27,46,92,40,17,56,68,64,44,77,3,33,23,62,94,61,1,47,79,91,45,57,42,77,54,21,83,44,81,31,57,4,45,100,71,33,32,83,30,29,48
52,52,62,53,61,100,56,12,53,5,69,49,6,62,39,47,63,3,87,79,38,42,92,15,38,18,56,45,87,42,20,74,17,86,21,36,57,64,69,5,21,51,1,89,38,62,41,17,3,90,95,17,12,15,23,96,15,97,70,75,37,84,65,23,95,46,75,100,51,80,66,72,52,41,52,54,78,96,96,9,77,13,38,50,33,81,75,14,27,73,2,23,84,21,42,91,82,37,46,78
11,24,40,46,47,0,81,17,96,8,81,13,88,82,82,96,31,21,80,1,65,1,86,94,1,10,92,9,71,92,40,41,11,20,77,80,73,44,28,67,52,25,66,58,67,22,4,36,19,17,1,84,76,69,19,59,18,76,41,42,79,55,72,65,31,52,58,22,98,36,52,31,28,54,48,43,42,13,40,4,87,4,99,59,12,76,76,36,51,17,20,83,43,45,44,43,83,93,44,55
49,55,44,22,24,90,30,88,94,37,70,30,47,43,100,23,100,36,47,5,34,6,70,93,82,59,0,20,39,13,66,72,84,0,91,57,45,62,3,95,98,57,69,34,28,82,45,72,54,31,14,32,58,77,2,69,83,90,76,24,24,49,38,69,8,87,89,77,1,64,25,65,90,55,28,57,98,32,64,11,35,97,80,71,13,94,62,60,10,59,32,18,83,48,69,26,20,40,31,39
17,13,95,91,3,29,3,100,5,29,7,22,65,51,94,23,51,41,29,31,98,60,72,28,54,11,55,34,46,18,44,70,11,46,22,42,70,34,48,34,64,9,85,43,54,26,3,64,31,69,88,43,49,56,83,92,44,33,83,59,4,65,83,23,33,37,7,3,43,90,82,42,42,59,85,60,7,13,89,9,85,88,12,22,96,46,43,85,79,27,80,53,11,72,86,65,42,66,10,71
86,54,67,81,18,44,78,32,65,43,38,90,40,46,65,13,46,80,84,70,32,59,51,80,61,71,31,16,68,67,2,8,92,53,38,59,11,88,23,80,89,0,72,50,93,60,86,23,56,58,69,25,4,74,54,37,92,63,98,6,46,77,14,11,18,70,39,95,53,30,71,37,59,35,19,67,57,21,10,60,85,30,34,19,41,76,14,54,10,43,11,20,77,20,88,56,77,84,15,81
44,94,100,65,68,89,99,54,49,0,65,54,59,2,75,56,9,53,56,100,4,20,2,0,64,46,74,63,7,55,86,39,65,86,60,8,12,20,21,76,96,22,86,42,7,59,81,15,54,9,34,66,69,79,92,86,92,52,36,93,87,15,29,87,99,70,39,7,14,10,89,97,12,79,42,23,23,90,12,24,92,21,96,17,76,1,98,7,3,34,40,37,24,11,62,23,14,10,92,64
61,26,53,99,96,8,91,83,88,91,73,96,67,98,91,58,78,53,36,3,75,33,36,87,60,90,11,76,35,16,78,7,44,22,47,64,94,98,27,49,81,37,100,1,56,89,45,42,38,78,4,86,44,14,18,34,66,82,54,40,52,14,38,51,28,56,28,62,5,81,47,36,79,69,71,98,34,54,15,95,80,2,10,70,24,9,87,25,99,30,67,80,7,18,9,6,1,42,7,45
69,72,46,55,19,65,95,3,32,96,44,65,28,35,75,87,90,18,35,88,30,54,86,20,87,94,2,88,62,37,82,45,33,77,48,43,40,49,53,8,80,1,61,22,92,72,93,83,7,25,52,21,71,26,1,76,69,30,17,28,32,3,17,75,92,8,91,68,23,3,0,86,39,83,85,54,60,98,35,24,31,91,80,16,27,92,12,2,75,31,20,78,92,8,93,87,15,63,5,64
71,98,27,39,35,49,75,82,84,40,93,91,44,42,89,41,12,58,9,49,87,97,40,74,90,53,75,30,82,98,99,59,47,61,25,51,57,7,95,30,81,40,90,77,97,22,83,27,60,77,33,17,88,81,74,44,68,38,54,2,74,88,52,95,35,43,42,37,99,18,75,27,46,83,27,70,5,94,69,96,15,21,10,5,57,6,20,7,32,82,89,95,4,66,48,58,55,76,26,25
50,10,21,29,69,66,30,94,57,14,83,53,33,66,36,30,63,2,70,95,73,40,84,35,93,21,34,82,74,64,44,68,25,91,17,30,76,20,66,22,87,34,20,59,3,71,52,80,94,11,27,30,31,12,93,67,71,25,32,16,51,62,33,95,46,2,6,40,90,89,19,64,18,34,41,31,68,64,2,59,68,97,46,0,43,15,21,95,31,13,98,29,71,100,48,36,21,100,26,12
49,79,75,99,23,97,30,60,27,50,14,66,57,54,84,16,94,17,78,75,88,26,88,76,100,14,73,69,84,6,61,55,56,63,5,95,12,50,73,52,28,100,19,11,87,44,4,57,56,20,72,88,57,2,59,98,45,84,45,54,13,93,19,88,95,2,68,1,11,21,55,73,7,69,16,87,84,57,0,83,14,2,87,58,29,73,20,27,96,95,32,85,75,22,80,19,7,36,24,77
50,93,55,15,8,96,46,77,37,27,77,38,59,9,93,59,62,10,97,43,38,18,38,81,87,33,19,13,98,32,40,57,74,58,23,73,90,71,20,20,43,44,21,55,83,71,79,45,88,29,87,38,94,50,74,97,5,54,42,67,46,94,38,38,74,97,28,4,93,96,20,55,66,34,78,79,24,97,16,24,29,57,13,10,60,72,0,85,42,78,59,85,18,46,40,89,10,64,76,8
47,86,45,17,41,74,67,64,35,40,67,11,64,98,39,64,8,25,4,35,71,17,59,7,34,99,60,93,93,85,5,74,31,8,57,30,84,63,78,43,82,12,80,92,21,66,100,53,71,88,6,41,76,24,0,47,75,57,18,17,79,14,49,54,61,42,95,56,33,70,98,4,29,34,72,66,71,36,82,21,71,64,26,24,52,69,54,81,64,23,93,8,38,64,31,75,76,24,59,83
50,19,81,54,20,17,26,76,77,52,88,5,6,52,21,100,13,23,3,96,44,47,1,39,92,6,64,49,99,82,18,85,5,99,23,8,77,12,70,66,95,34,17,93,10,92,93,34,37,19,41,19,96,57,72,2,40,89,46,40,79,45,87,51,10,35,94,1,62,37,41,18,39,40,19,29,89,93,64,52,31,54,49,73,98,52,66,39,13,32,31,3,0,14,72,55,35,20,84,71
42,84,76,29,72,6,98,94,87,40,78,21,36,5,59,68,49,77,90,31,15,97,38,15,70,49,9,87,29,70,43,50,87,68,84,78,32,58,32,51,63,75,24,90,77,36,52,71,65,99,49,56,19,8,22,22,83,4,23,38,48,51,32,40,10,4,70,44,86,32,87,92,75,82,81,66,15,9,87,56,4,37,40,78,56,90,68,62,38,73,31,48,89,73,65,92,75,45,7,0
1,50,81,38,16,34,54,85,92,69,60,25,89,26,88,15,11,75,6,65,42,29,77,80,35,88,32,3,58,89,42,69,59,41,10,22,95,81,32,24,39,13,42,15,28,12,87,37,44,2,26,37,35,71,97,52,87,98,36,13,17,21,10,46,46,69,22,59,38,6,57,59,77,19,11,100,31,78,90,13,3,57,36,39,6,97,56,14,95,42,6,4,61,69,9,80,12,47,23,36
82,65,3,10,64,0,84,7,5,25,77,7,42,54,31,57,35,6,84,89,33,48,92,45,41,17,30,96,100,48,31,46,48,1,73,43,25,52,19,34,81,53,69,19,85,73,74,9,99,43,46,18,90,62,21,88,67,60,28,92,52,34,68,22,15,88,18,73,81,1,38,50,30,1,89,60,15,38,38,26,19,46,16,36,49,42,25,99,34,25,3,77,90,47,93,71,99,17,49,100
27,89,93,34,64,42,61,43,63,12,49,56,20,84,46,5,10,11,20,72,49,75,69,71,71,79,62,4,50,13,1,100,94,44,0,94,46,0,20,23,53,40,24,71,83,53,37,85,93,81,94,100,71,59,45,74,72,70,22,86,89,69,26,94,26,43,84,75,12,45,74,19,81,62,91,86,67,77,89,53,33,12,47,76,100,8,53,98,76,92,20,41,15,13,0,100,31,41,68,48
64,5,97,35,24,35,90,32,50,73,49,72,90,31,70,58,95,100,43,16,77,12,31,16,60,84,69,2,35,24,89,73,6,85,7,83,67,37,92,48,81,41,90,89,62,29,71,12,40,70,2,60,16,60,76,91,20,68,44,1,29,76,50,69,78,40,18,24,63,90,43,26,23,2,27,38,4,52,55,12,52,46,19,12,87,78,2,68,62,51,24,78,90,40,86,79,80,53,22,25
51,33,45,29,27,47,34,27,76,58,45,79,8,43,54,69,97,8,24,87,8,82,35,72,22,89,85,6,67,62,38,77,4,24,11,47,17,21,11,57,43,53,14,34,27,60,22,51,10,3,95,82,13,95,71,41,61,64,29,45,25,77,96,52,84,68,61,27,74,100,89,58,65,66,27,77,77,4,33,15,58,83,54,95,99,92,2,37,65,21,62,46,73,78,37,94,56,12,62,14
3,13,28,68,90,63,71,86,76,73,81,74,16,34,93,61,63,36,64,11,83,85,0,66,14,60,23,61,37,56,48,91,38,82,72,12,21,27,69,84,86,9,14,31,45,74,35,9,53,34,43,70,91,62,63,16,94,83,86,9,81,72,72,71,34,32,71,82,96,19,29,91,98,68,60,36,24,70,19,40,66,62,89,65,40,99,5,60,19,4,36,62,59,32,83,27,75,71,70,48
1,34,63,36,54,4,82,63,10,89,25,43,28,1,13,100,46,72,90,22,84,57,80,16,44,82,61,93,85,1,29,5,79,91,29,45,27,74,28,90,41,72,58,73,4,58,23,68,68,63,22,31,46,12,93,87,28,24,40,6,14,83,18,90,28,15,1,18,85,85,91,6,28,21,28,8,17,86,45,47,16,87,97,14,29,30,45,49,89,11,77,8,71,22,33,38,9,63,80,9
16,100,0,91,67,11,29,83,11,53,48,12,37,59,13,61,83,5,96,40,66,33,96,19,71,38,42,41,44,0,37,79,100,52,34,90,35,64,69,16,68,81,58,39,45,72,20,79,19,95,18,56,63,75,18,34,77,55,51,70,46,85,34,58,89,90,51,5,39,36,49,22,23,15,33,94,16,71,68,14,88,56,17,0,48,31,82,15,66,69,60,81,36,34,20,91,14,34,93,10
0,97,63,57,1,93,50,78,37,52,41,99,9,45,44,33,42,61,67,5,69,65,15,26,25,55,40,81,20,72,55,74,88,79,73,79,72,44,95,95,53,94,67,90,20,51,82,85,89,83,3,38,62,1,61,17,4,22,9,47,63,36,40,6,54,86,81,91,90,63,95,5,28,12,81,64,15,80,98,99,73,83,25,72,55,67,13,17,85,91,2,66,8,67,77,72,28,29,78,66
99,9,95,6,58,89,20,86,84,41,29,73,88,88,79,86,18,94,48,58,1,42,42,89,13,38,66,25,72,9,42,4,75,25,13,14,43,76,42,83,57,46,83,84,52,21,24,59,3,56,15,94,52,44,12,59,21,89,55,80,30,66,40,79,55,13,76,20,39,28,15,86,80,71,85,8,88,33,17,58,11,63,82,28,93,40,72,70,87,32,28,76,7,15,7,38,4,26,50,81
73,62,45,15,59,66,21,26,93,13,20,64,38,43,70,60,29,61,79,28,43,93,46,63,26,53,60,94,72,91,47,54,17,37,60,7,83,64,95,94,57,26,64,75,52,59,23,94,27,86,88,10,22,13,54,16,56,50,46,95,89,62,12,49,18,45,56,84,34,65,84,67,31,82,27,25,23,9,59,54,11,11,82,56,51,53,85,8,57,50,79,14,35,61,12,12,85,11,30,31