78,1,89,88,64,35,65,48,70,89,67,56,37,4,56,44,13,56,39,26,30,9,57,99,39,14,59,4,8,91,32,43,85,64,78,85,26,51,2,5,99,63,79,41,40,43,60,78,55,51,15,56,33,67,12,24,28,4,88,13,56,35,39,60,57,37,19,6,7,79,97,30,54,32,74,45,77,32,10,21,86,64,36,96,53,39,62,27,28,37,20,38,21,57,49,38,78,84,43,17
77,7,4,67,39,72,62,60,54,92,82,36,8,29,90,61,86,93,80,78,16,36,43,22,30,73,59,0,14,72,17,97,32,41,21,30,71,48,12,44,93,21,100,83,99,91,67,39,71,33,12,61,79,12,77,51,73,98,46,99,95,23,47,68,37,61,4,39,46,39,68,90,64,74,22,70,58,26,37,97,98,54,32,62,23,81,49,53,22,27,70,38,33,11,44,23,90,59,56,78
37,36,53,71,94,75,19,34,44,93,4,55,97,14,97,23,37,88,50,41,77,72,83,58,72,80,34,51,18,56,2,22,5,6,86,8,5,93,49,74,78,12,86,64,85,95,13,10,14,80,97,39,83,86,90,25,25,67,39,3,32,6,4,12,65,45,16,75,35,44,41,13,20,58,36,44,67,70,14,44,4,34,71,49,51,69,60,98,2,64,94,32,47,67,23,79,90,33,59,48
53,100,52,60,40,72,36,32,88,59,36,34,59,30,18,8,63,87,9,2,16,42,11,58,96,3,39,25,59,68,45,57,50,46,11,9,27,35,9,67,28,100,12,71,52,79,96,67,0,80,9,75,5,39,65,47,66,52,87,79,73,15,5,79,40,91,78,7,52,84,10,93,68,46,30,4,83,84,84,98,2,65,48,75,67,75,92,77,55,48,6,56,99,52,97,52,56,55,79,92
92,24,70,44,82,7,14,50,50,59,82,36,75,8,49,68,52,11,59,3,74,15,27,89,29,0,52,26,45,10,86,72,1,44,100,85,22,62,72,96,46,71,13,90,51,85,71,46,15,80,18,14,99,76,15,6,54,37,89,67,93,50,43,8,67,62,81,90,80,86,57,2,93,68,3,55,66,82,63,41,46,57,33,34,17,1,21,48,87,75,43,36,60,98,51,58,76,26,8,63
5,21,64,29,6,55,42,33,28,3,27,73,97,27,47,96,69,11,88,52,78,70,66,54,57,90,76,83,24,35,24,69,93,92,39,21,20,66,52,19,28,33,74,27,77,9,45,37,95,66,25,14,33,97,20,69,82,39,65,88,10,74,82,45,93,22,4,1,59,25,80,44,15,96,52,84,57,78,62,63,46,25,74,33,56,75,69,58,2,37,44,79,94,67,74,21,32,56,84,75
37,30,75,16,52,65,53,56,60,46,59,94,6,64,75,8,58,100,44,39,22,67,38,30,66,8,73,59,46,85,59,0,50,66,37,61,56,70,15,8,63,93,75,51,15,63,65,55,10,67,15,87,25,55,3,95,94,57,26,8,2,100,7,42,16,18,50,42,70,25,53,66,46,28,92,70,95,87,39,59,49,42,41,58,25,42,3,48,80,80,54,92,77,55,51,55,70,99,19,99
34,57,43,63,17,76,18,65,82,52,72,98,21,94,52,55,99,39,23,86,82,19,69,80,34,3,90,99,46,8,3,38,11,58,81,64,99,42,66,60,38,90,7,40,51,28,71,25,38,64,10,100,18,55,73,13,55,83,56,15,18,100,25,54,83,66,20,88,87,15,11,16,51,54,8,8,30,79,98,94,56,5,70,84,26,40,36,69,99,83,16,52,73,41,62,65,89,99,84,60
69,55,4,64,62,40,57,60,97,81,86,93,6,12,12,3,58,79,60,62,61,4,47,40,54,14,11,9,26,74,31,39,57,22,25,92,2,83,80,72,57,88,39,89,95,94,23,18,60,29,63,93,63,25,90,75,57,72,99,2,84,39,92,87,36,78,3,64,58,53,10,63,100,31,76,87,94,18,69,60,66,79,76,76,79,25,92,98,98,37,60,22,88,50,0,34,88,22,31,97
62,27,11,47,12,94,72,16,27,73,50,32,28,25,82,37,27,78,82,99,60,54,98,9,6,7,29,36,31,13,68,83,99,72,73,8,99,22,47,30,59,68,43,29,0,50,30,99,84,67,63,47,93,96,67,94,3,65,2,85,59,5,100,7,48,58,9,38,67,73,71,0,86,27,38,17,52,17,24,33,4,55,79,73,13,51,65,0,7,98,9,22,53,33,62,28,50,21,51,27
78,76,64,44,68,44,84,9,39,87,19,85,25,57,54,1,80,26,32,17,0,71,8,9,33,16,22,56,66,52,77,57,27,71,57,20,36,92,98,58,92,31,27,9,14,73,61,45,26,55,25,41,15,74,66,98,38,21,24,95,57,67,42,21,85,91,13,44,48,75,46,54,100,8,93,51,32,25,7,13,47,74,63,63,50,58,17,31,2,62,67,9,96,64,14,59,91,90,45,38
63,10,38,57,98,76,91,42,63,6,74,63,53,50,66,40,93,75,52,86,51,75,29,36,38,61,7,2,94,40,59,55,45,47,77,81,97,54,88,53,71,33,74,61,30,44,40,80,13,3,18,67,41,23,64,29,1,5,37,65,66,38,71,3,65,27,14,14,1,70,98,14,93,12,96,69,33,58,11,1,22,79,96,19,85,42,21,76,67,23,9,22,51,83,37,69,60,35,85,80
85,66,44,18,98,53,71,20,63,90,24,64,76,73,65,67,55,39,90,62,73,31,87,22,72,79,91,61,61,39,31,59,24,4,29,59,65,36,35,1,51,42,59,15,88,69,17,12,85,21,37,70,70,10,100,64,53,15,14,32,63,31,71,36,62,16,82,46,91,81,63,39,56,30,43,43,20,9,63,8,43,26,46,11,84,30,26,34,25,55,83,41,63,54,24,89,73,90,70,55
29,53,81,69,7,67,86,63,88,31,15,5,72,61,16,89,1,91,28,61,66,17,88,23,71,65,42,32,17,80,23,1,66,42,8,16,14,27,66,88,8,41,80,58,95,81,86,71,31,33,70,44,31,17,62,85,91,41,36,56,32,23,97,1,76,73,83,55,94,95,24,49,60,57,29,54,3,83,65,75,25,58,66,40,49,72,89,53,77,50,79,87,20,64,30,62,52,61,1,51
14,50,87,19,88,84,93,23,12,33,37,44,23,4,96,50,13,23,18,3,49,28,17,42,53,32,65,13,53,4,96,98,37,42,69,87,17,14,60,100,1,29,91,43,86,35,90,20,23,49,53,31,48,84,53,92,87,70,68,43,12,89,63,94,11,17,83,14,18,32,21,64,17,63,65,81,54,25,21,76,54,77,34,22,52,95,92,78,12,62,73,35,62,37,49,24,27,82,16,50
28,38,13,14,32,48,89,72,7,6,54,83,91,65,0,32,14,60,62,26,45,95,53,64,93,55,3,80,90,56,91,35,38,0,32,23,41,37,3,58,85,60,97,64,99,74,92,71,44,62,53,9,88,41,6,87,28,52,83,64,92,86,10,19,25,94,70,28,55,49,11,99,62,87,96,52,6,40,58,48,77,61,89,14,69,44,99,70,51,4,74,13,55,33,83,87,3,47,44,29
39,99,81,27,5,90,44,60,53,91,13,23,74,1,62,78,10,87,28,23,76,76,14,64,35,24,86,28,48,66,55,94,73,32,60,49,70,20,17,57,94,1,17,82,49,48,68,36,98,30,61,82,98,12,37,73,93,50,98,19,47,73,77,93,100,62,72,70,21,21,81,87,84,69,56,14,11,39,78,52,9,14,73,48,61,58,55,44,68,36,43,22,62,89,9,89,60,84,71,65
7,6,19,83,88,87,39,99,36,32,0,73,8,23,76,100,64,96,69,12,14,33,93,11,60,73,3,4,81,40,36,89,72,55,4,16,30,79,22,10,44,30,61,74,87,70,15,86,49,18,1,3,44,82,34,92,39,80,73,91,64,47,16,55,8,40,82,97,69,97,18,59,72,44,85,41,14,85,41,11,8,32,13,98,56,97,85,72,13,42,95,56,5,87,54,44,76,60,88,11
47,34,92,99,88,85,8,95,18,92,42,89,61,68,42,28,51,23,44,18,49,47,79,28,31,86,70,16,97,20,63,45,64,87,16,70,78,89,99,12,46,40,89,95,71,97,96,55,77,8,12,32,40,26,70,60,58,35,34,93,84,32,46,7,67,60,41,73,48,44,94,66,80,8,13,6,44,11,87,33,63,15,22,25,29,4,88,37,69,100,84,61,31,38,61,66,43,72,74,88
33,64,95,29,39,12,3,85,40,40,67,80,11,35,29,18,45,25,7,25,13,88,61,22,65,46,47,77,60,94,73,55,34,0,0,46,49,27,31,24,89,36,22,80,53,75,16,33,32,48,44,1,1,42,49,84,60,91,34,92,76,0,23,100,57,38,97,59,87,78,47,4,92,76,4,1,36,90,74,55,79,98,86,18,18,0,77,93,52,23,4,36,72,81,4,83,17,56,49,84
76,93,27,76,33,15,24,55,39,58,48,13,76,15,80,22,81,78,91,72,39,51,62,59,74,18,23,68,81,32,13,79,22,6,65,79,82,50,11,68,18,83,94,37,42,57,50,92,84,9,34,10,90,39,43,83,69,29,34,96,22,84,83,48,19,42,77,3,0,73,26,2,48,13,33,6,53,34,66,86,84,4,100,99,24,62,8,24,2,12,51,10,46,73,91,84,15,24,82,72
25,77,70,41,2,14,18,97,86,85,77,59,73,16,20,72,78,98,47,86,77,92,40,41,79,6,24,29,6,21,2,19,77,24,90,60,7,41,9,74,11,27,66,75,62,89,40,29,100,15,61,18,56,21,59,81,86,66,21,96,97,92,30,85,33,90,0,81,98,10,97,94,87,30,23,56,26,79,9,33,62,18,35,40,30,42,0,47,33,99,37,38,71,72,97,83,73,75,17,100
0,52,71,84,63,1,91,56,76,41,13,38,98,92,16,38,90,61,93,33,56,10,39,8,47,37,51,21,34,65,62,42,53,74,10,11,99,99,41,41,49,53,59,43,43,69,41,21,88,79,59,21,55,0,39,34,93,6,84,76,19,37,81,25,48,7,1,39,99,82,68,14,99,58,11,18,40,13,39,4,59,43,81,67,67,4,38,74,63,34,33,44,66,21,81,52,80,62,85,80
7,92,86,63,66,99,86,99,82,13,100,60,53,93,99,72,50,12,11,87,16,1,20,33,88,19,58,74,89,11,41,32,35,73,40,0,59,14,82,14,48,11,40,86,6,16,32,68,100,6,50,63,93,75,5,94,78,34,27,63,70,4,59,9,98,21,6,97,3,7,15,38,21,34,47,56,30,13,89,23,37,2,48,53,30,29,18,90,11,58,74,72,85,95,18,39,82,4,85,55
52,61,36,27,20,34,6,77,52,3,2,57,24,30,38,34,53,32,56,81,50,15,22,90,9,84,36,41,70,16,36,15,99,99,10,55,77,68,65,93,42,48,16,12,92,48,6,55,62,90,6,67,10,69,32,44,17,75,47,79,65,5,99,64,53,38,59,16,56,31,7,74,59,35,60,27,90,27,16,5,97,3,34,60,10,62,54,15,71,99,66,90,8,52,17,81,98,53,95,19
63,31,19,64,43,60,6,19,45,55,46,99,66,35,30,32,75,23,84,97,61,99,0,68,32,11,35,56,83,18,73,38,39,47,33,34,86,61,82,51,70,26,90,38,27,26,69,99,5,51,70,96,8,5,69,9,83,37,93,28,83,5,39,53,76,74,45,7,26,84,59,90,4,28,53,88,70,42,20,37,9,67,50,79,84,87,60,89,31,63,85,6,19,34,4,8,14,82,36,84
98,52,21,61,55,24,36,97,62,70,10,61,87,98,11,52,100,12,63,99,28,87,94,18,36,50,0,81,28,25,77,22,29,74,0,51,9,99,95,86,48,77,87,93,83,11,72,53,90,53,20,67,46,59,74,9,11,48,33,57,33,77,69,17,80,73,78,11,86,26,4,15,32,73,86,96,62,100,55,55,66,43,2,81,66,96,76,9,21,31,4,65,21,47,56,76,30,4,51,69
14,45,52,85,14,66,16,27,49,6,37,58,72,66,81,66,40,4,20,8,72,85,26,2,74,85,50,78,96,88,40,46,76,89,15,24,25,8,30,91,8,23,73,40,52,24,32,22,64,18,12,61,18,76,31,54,97,22,26,28,56,59,10,48,73,75,25,73,100,59,16,12,79,4,41,50,27,10,5,91,65,58,82,39,36,95,15,22,36,85,63,36,23,28,81,26,40,1,73,4
51,28,1,12,46,15,0,57,57,30,85,26,83,26,0,0,47,17,50,11,7,21,94,80,69,84,51,67,70,74,59,6,21,89,15,42,9,99,90,44,100,27,89,12,27,14,41,25,82,82,33,96,29,67,100,56,65,14,67,96,89,10,26,48,1,18,25,8,90,52,9,71,50,65,54,74,3,74,34,23,57,82,51,80,35,53,13,91,83,42,69,44,40,68,7,63,71,42,89,58
72,45,73,91,53,10,63,86,32,24,78,31,93,6,80,90,9,28,24,11,23,46,40,3,29,7,51,19,72,40,83,40,44,77,49,31,18,49,55,33,69,45,77,92,19,26,7,15,50,32,63,82,49,26,41,12,24,57,1,43,95,96,13,37,82,83,95,64,93,87,56,37,58,40,54,1,37,98,82,35,62,31,54,87,43,52,75,0,40,67,68,11,93,51,97,81,64,50,35,8
2,96,42,96,60,30,38,80,13,16,21,17,93,32,71,32,64,35,14,46,31,45,37,8,63,27,10,42,30,1,32,91,83,36,91,59,32,97,46,71,24,52,46,89,56,80,12,34,78,53,82,34,24,92,97,33,97,18,97,30,37,34,80,87,4,10,71,72,33,22,13,97,53,27,90,37,21,82,42,25,0,12,41,2,87,96,8,35,2,30,25,33,61,77,29,34,27,90,12,3
11,64,2,10,82,69,30,75,2,60,77,55,99,4,91,97,10,33,65,89,12,7,15,83,30,40,33,70,24,97,63,38,82,93,98,49,75,75,19,6,22,4,89,31,34,43,80,98,79,48,46,63,93,74,71,6,7,22,68,36,30,48,40,67,18,87,6,54,67,93,25,74,63,94,10,53,62,68,31,43,49,61,49,71,81,97,84,1,32,98,70,51,57,12,7,14,74,90,96,9
41,79,23,67,95,18,25,60,57,57,26,98,92,2,0,28,36,29,78,33,2,97,97,75,66,50,85,73,47,6,70,3,74,73,65,45,45,44,47,47,23,82,50,26,61,63,59,70,49,85,76,29,33,82,18,1,7,64,16,1,34,17,2,36,30,67,52,73,62,3,72,89,79,3,34,82,59,86,34,47,98,10,85,69,99,43,63,44,71,26,46,30,53,9,94,84,48,99,61,40
91,70,15,6,13,69,84,60,30,55,64,89,24,69,67,95,34,89,90,78,45,8,86,35,16,6,39,39,48,86,38,84,51,70,6,43,85,19,67,83,100,86,49,22,66,28,50,7,92,3,31,68,18,18,40,14,91,93,96,55,47,64,51,54,20,48,59,62,92,54,94,18,65,34,98,48,93,45,82,0,77,52,8,80,8,30,63,49,72,25,3,52,65,51,39,73,85,46,57,68
33,73,54,70,6,74,49,96,76,94,9,92,43,5,93,82,99,21,78,76,27,93,84,73,0,91,33,10,5,28,55,29,48,32,73,55,28,16,7,34,51,62,36,57,44,39,61,9,48,81,32,73,1,31,56,97,48,85,44,5,37,72,62,3,71,12,84,83,85,86,43,40,45,84,64,38,3,57,70,60,45,32,62,66,70,24,62,56,11,19,21,0,68,92,20,7,10,6,72,84
98,5,83,67,94,2,35,55,81,71,27,72,4,70,72,63,50,55,42,21,55,14,19,29,20,38,46,31,29,71,33,64,11,50,56,81,67,46,90,27,79,77,62,5,12,1,67,33,23,56,98,7,7,2,26,14,82,39,53,22,89,35,50,35,25,30,52,46,68,31,11,35,51,38,93,51,78,29,82,36,5,43,76,47,83,9,46,50,16,86,9,3,56,65,98,50,63,48,86,65
88,74,20,31,32,79,39,96,6,76,78,60,48,75,50,66,34,87,96,85,56,1,24,61,96,20,21,49,25,42,32,90,39,0,62,94,71,93,63,77,79,4,36,38,47,83,25,37,46,11,95,55,68,24,98,40,7,97,40,1,16,7,84,68,60,44,81,64,39,39,14,55,65,56,81,32,77,2,25,97,69,12,76,30,22,79,26,20,40,7,66,65,91,67,28,67,53,87,7,70
63,54,21,91,15,4,49,20,33,21,71,66,7,20,99,40,51,41,50,80,50,99,68,50,9,15,32,46,59,12,88,43,15,72,43,71,61,35,47,43,36,11,42,77,58,62,15,0,4,100,65,82,48,91,61,21,38,81,22,59,43,67,40,94,52,75,58,46,30,46,3,81,10,20,41,6,30,35,18,29,72,78,7,90,76,2,76,68,82,0,83,97,96,6,18,86,31,86,5,71
52,35,3,10,45,50,17,45,100,35,69,6,87,81,12,45,26,11,54,0,37,26,34,62,73,68,25,94,13,36,71,39,72,77,15,41,44,35,55,93,1,75,71,39,4,79,79,70,61,76,40,0,49,5,12,56,27,66,10,25,58,97,15,12,58,8,23,53,85,8,81,29,44,48,74,84,48,50,81,86,68,52,60,46,51,58,32,68,90,0,84,10,68,40,28,63,25,96,46,97
34,100,81,15,7,71,68,99,97,75,68,68,76,20,31,44,12,49,47,69,8,25,100,44,57,35,4,12,10,81,36,5,32,67,16,52,22,46,87,97,83,1,85,28,48,5,88,7,87,78,32,77,61,79,46,59,8,3,16,92,36,20,58,36,69,83,73,54,7,71,95,82,50,87,80,40,66,44,67,93,14,62,27,77,45,97,45,94,67,54,72,39,90,44,89,11,69,59,70,48
84,46,66,46,72,14,1,37,33,37,45,42,33,22,36,47,24,90,61,52,83,63,74,92,4,66,13,22,39,57,21,74,61,47,49,86,32,55,18,37,79,75,91,2,71,0,46,10,77,7,5,91,72,10,43,20,80,6,35,38,73,46,13,36,46,14,42,79,27,70,89,44,3,52,91,48,97,6,10,26,90,77,2,89,18,74,52,75,23,45,87,85,6,69,2,87,2,26,29,60
22,42,76,87,55,41,5,41,52,16,84,84,55,48,29,34,66,62,0,36,11,92,62,18,20,18,66,15,24,61,11,98,95,72,20,88,62,3,23,92,11,41,96,19,22,37,96,24,94,81,73,28,89,64,30,84,3,94,56,16,70,82,68,30,56,41,83,32,0,62,48,73,4,6,90,13,2,24,8,100,55,36,55,11,57,33,90,22,11,26,44,64,45,39,63,55,77,95,49,88
83,45,28,21,97,52,89,35,55,1,16,96,13,66,17,75,12,4,13,30,93,4,1,60,72,24,21,36,61,66,12,62,96,64,1,66,48,36,22,100,42,26,50,67,14,0,24,18,33,22,100,71,62,61,43,35,93,34,39,36,72,34,84,29,48,12,66,97,47,85,79,34,26,70,88,100,65,52,42,55,19,3,9,69,69,35,94,31,55,21,5,88,76,78,81,17,16,60,74,41
37,44,29,1,76,70,58,36,69,88,20,29,98,41,39,87,78,67,89,62,11,51,6,59,21,79,28,41,44,94,62,81,95,19,65,35,43,5,60,10,52,76,96,40,4,0,87,55,25,70,95,44,16,41,76,7,20,88,59,13,40,31,87,71,86,74,28,81,0,19,16,1,29,34,88,77,1,27,48,32,84,21,75,47,61,20,75,56,1,74,59,73,99,55,13,89,97,88,20,13
80,56,11,56,26,67,43,96,89,7,84,100,62,95,98,78,91,13,51,70,75,36,40,44,29,82,32,79,30,81,33,7,76,67,68,67,43,4,84,0,15,51,76,15,82,74,9,8,67,69,6,85,54,30,4,39,72,38,20,28,59,85,83,13,29,42,38,5,52,53,5,93,73,32,73,43,26,23,70,46,99,44,11,9,69,59,25,74,23,4,97,53,49,62,11,16,9,74,78,87
94,78,45,31,92,84,86,96,40,92,49,62,27,31,35,79,48,26,16,69,84,48,62,68,45,55,19,12,6,91,16,53,56,21,28,3,56,9,87,39,95,55,81,33,60,55,8,90,38,75,80,93,84,78,100,83,0,98,12,98,87,61,53,13,68,30,95,1,59,32,62,65,47,26,47,55,23,12,36,79,38,37,27,34,87,46,51,18,96,28,84,1,92,89,84,27,93,44,35,42
58,15,58,96,87,44,50,15,18,91,0,23,90,1,55,10,64,63,67,94,63,3,43,20,19,28,20,30,18,96,30,34,19,34,85,79,20,19,6,32,36,34,38,71,30,19,88,12,33,31,76,29,45,53,56,73,88,72,3,77,56,12,67,2,52,65,45,77,57,37,64,73,91,16,52,95,45,68,3,87,78,4,46,33,19,80,46,35,58,56,4,88,50,49,0,69,65,23,98,92
56,84,15,36,35,18,85,45,62,47,74,1,55,61,26,59,20,66,32,18,5,36,10,47,65,67,22,43,83,47,61,1,53,24,93,15,74,78,59,60,65,78,67,69,19,72,3,44,43,47,96,31,46,30,17,52,96,25,89,49,76,12,56,67,6,5,39,19,41,93,58,98,58,25,50,5,32,99,7,49,88,20,45,26,37,51,46,40,28,52,45,31,55,13,89,63,30,27,76,6
5,32,20,45,41,15,65,21,46,23,36,28,98,59,28,66,72,72,4,76,39,28,11,71,44,93,31,63,91,4,46,17,32,32,56,51,69,69,40,53,95,79,96,35,52,73,56,61,30,17,15,80,47,86,21,5,17,76,77,95,10,19,14,60,38,58,82,97,7,96,4,96,4,99,19,24,79,47,30,11,62,94,8,13,50,33,3,30,66,0,36,14,75,1,56,21,11,16,1,16
65,78,63,96,65,8,33,15,97,66,80,44,68,15,15,15,72,99,18,58,90,79,61,82,70,80,89,68,39,8,35,14,36,90,72,14,36,56,14,43,70,17,9,60,6,37,99,24,95,55,31,72,12,18,18,18,58,7,97,78,45,71,51,67,81,7,42,45,53,43,45,92,79,31,43,64,68,66,21,20,21,45,92,73,20,64,39,84,100,24,57,15,44,31,88,51,28,26,3,7
48,52,81,24,92,26,51,54,50,39,24,14,25,93,11,3,12,30,49,62,88,18,60,69,42,16,98,39,67,12,42,75,19,53,20,0,35,42,39,91,92,56,8,82,57,32,4,6,33,20,82,42,98,89,54,25,73,87,17,24,9,96,8,56,23,49,93,32,14,65,55,81,98,31,50,27,18,89,27,8,61,57,63,23,95,71,48,7,69,8,22,28,83,2,90,13,97,51,82,56
51,83,10,83,64,100,34,38,55,35,78,37,84,17,35,45,8,77,76,11,73,14,9,37,38,97,20,79,26,57,49,44,33,56,27,31,89,36,1,87,43,69,82,85,39,2,85,7,64,54,17,57,91,78,80,37,18,10,47,46,99,66,68,62,67,87,21,69,24,3,84,29,77,64,45,1,2,5,83,95,86,64,58,57,47,45,59,32,7,28,71,7,1,60,82,5,22,51,58,2
85,3,18,29,99,79,89,36,100,23,86,56,99,3,74,12,14,21,83,10,32,38,12,1,55,51,89,73,68,52,14,32,77,63,17,41,53,100,23,34,5,27,85,79,49,60,32,42,61,37,55,15,23,71,41,60,9,54,92,48,2,25,16,62,88,74,46,37,33,45,18,75,63,36,1,49,52,3,100,80,55,61,0,17,84,33,14,22,2,81,15,1,65,51,81,30,65,88,28,65
58,37,24,56,57,24,79,68,51,10,37,87,42,63,90,57,68,13,39,31,47,93,10,49,37,53,21,0,97,11,34,71,57,10,11,79,60,15,99,86,58,8,19,64,7,31,49,74,59,96,75,1,83,0,93,50,53,58,20,39,77,23,61,4,46,29,93,73,61,71,45,14,43,93,58,100,29,94,71,9,17,48,52,81,14,32,16,39,22,30,32,96,72,33,40,16,0,17,29,9
39,64,82,56,43,39,77,63,38,52,59,97,22,76,80,36,79,28,39,74,66,15,41,68,30,59,63,9,94,83,25,38,96,53,68,61,100,93,46,61,92,1,46,34,74,14,52,47,93,85,33,31,71,13,64,74,62,59,54,47,34,17,16,84,77,92,75,99,83,6,26,83,64,94,71,22,66,7,85,90,75,8,79,94,14,82,27,8,61,73,100,61,51,96,94,88,55,73,83,83
89,75,13,65,21,55,10,99,52,20,13,19,89,42,61,3,94,10,74,85,35,12,5,35,30,21,31,98,80,6,69,27,40,62,90,91,54,43,41,15,53,32,72,96,23,49,41,42,15,15,13,10,13,5,40,97,13,88,61,14,33,25,50,24,90,24,97,47,33,54,85,2,49,85,98,59,28,42,53,43,26,33,34,84,41,17,13,98,80,64,97,96,71,71,30,90,61,38,93,50
21,6,13,5,10,40,49,87,57,90,52,20,34,21,51,31,18,86,18,96,37,17,23,7,50,94,72,92,40,24,48,88,98,82,65,4,72,79,20,44,34,37,33,88,42,52,82,20,31,83,48,1,72,94,88,91,9,40,6,94,41,74,79,25,12,58,66,38,51,83,33,3,92,36,79,24,85,55,57,29,92,41,36,46,65,99,80,42,51,98,98,53,89,8,39,40,53,25,14,31
37,15,23,47,82,3,26,47,5,46,10,24,92,71,98,50,27,99,20,86,67,78,36,7,95,81,100,63,65,45,79,42,71,43,0,70,28,46,68,43,93,56,52,55,96,41,49,57,47,20,50,22,49,21,88,98,77,27,21,61,32,40,43,56,48,39,31,48,53,33,10,79,41,28,93,97,84,74,52,64,10,93,93,11,75,49,98,44,87,22,68,9,94,72,11,43,59,82,30,48
47,2,92,9,43,53,18,60,90,79,50,85,76,96,30,12,51,39,44,30,29,85,56,16,22,18,58,64,52,22,28,50,38,73,28,77,59,76,20,81,53,36,39,80,75,85,2,17,99,33,80,76,49,3,26,13,90,48,66,5,53,26,76,79,97,6,48,11,70,35,98,57,84,24,34,61,37,7,42,95,11,76,39,20,57,19,78,9,55,97,78,93,96,67,27,98,82,96,11,78
79,97,70,90,91,13,82,86,28,25,43,93,59,62,87,0,99,97,57,13,52,34,78,16,15,69,71,28,58,31,84,88,76,94,43,100,60,25,96,0,16,46,70,12,32,94,14,84,63,51,83,27,16,22,2,51,21,68,25,83,30,56,84,30,91,39,41,92,71,83,95,2,41,31,69,0,88,16,84,78,76,84,0,40,81,83,36,66,47,53,23,21,43,79,49,80,37,84,62,55
51,77,36,9,50,61,89,63,78,81,56,5,5,62,56,76,97,86,49,81,17,29,91,89,29,22,13,6,15,49,83,65,78,95,53,81,56,27,13,37,30,67,37,58,70,91,43,86,18,16,95,71,17,11,19,50,71,11,70,86,54,90,69,95,40,79,79,95,95,61,66,18,6,53,86,20,9,23,51,22,3,1,18,39,77,98,61,31,89,0,86,18,67,70,38,39,82,6,3,94
4,45,28,90,39,10,56,20,78,17,2,42,20,87,31,68,17,99,85,70,59,68,3,8,81,60,89,25,68,51,100,35,89,2,45,48,83,12,46,31,31,39,21,19,22,96,7,58,50,31,55,46,99,77,100,4,100,62,27,50,74,100,24,62,46,22,90,0,16,78,55,44,40,73,86,27,60,89,28,45,20,18,50,11,62,52,4,49,15,61,87,70,12,23,97,82,18,59,58,3
72,48,19,33,67,75,10,99,90,61,40,75,77,81,14,76,78,88,58,67,93,89,15,80,87,47,23,81,13,64,63,26,78,90,54,43,27,17,29,38,46,47,61,78,61,35,25,75,56,24,10,23,16,83,31,6,7,8,10,12,98,40,90,68,32,55,21,8,87,5,7,7,6,17,92,82,52,51,92,84,27,43,70,31,22,33,70,69,18,89,57,36,38,82,96,8,33,42,78,78
70,35,42,19,88,52,69,39,24,33,16,78,45,32,59,7,94,70,24,77,57,29,50,65,46,39,44,69,80,68,32,3,72,41,90,17,1,60,26,78,41,77,8,36,48,56,1,97,2,49,78,79,100,96,67,84,59,62,23,49,79,0,83,44,41,31,16,38,8,2,19,70,56,25,39,88,17,33,77,69,87,42,21,100,18,10,96,32,48,93,26,12,66,93,13,0,23,83,31,67
48,27,26,55,51,43,2,27,97,33,8,3,54,77,74,34,40,52,23,84,30,84,32,26,67,42,99,70,38,46,68,17,90,10,93,87,28,17,56,94,36,41,76,2,95,42,21,95,44,39,35,97,24,88,46,56,62,20,22,59,84,41,88,91,42,34,30,67,96,78,56,16,36,44,36,12,33,97,60,59,2,48,57,8,37,26,67,55,16,53,24,59,20,8,32,14,45,57,34,5
67,73,81,8,73,13,17,0,75,38,84,37,22,0,95,8,100,86,52,69,28,63,1,12,62,40,64,55,43,64,87,100,48,82,55,80,3,83,58,75,25,92,26,8,10,38,66,91,40,1,31,94,29,95,17,14,44,30,14,55,52,95,38,91,59,16,49,6,41,54,87,31,56,66,42,74,42,14,21,40,51,83,11,16,90,17,47,15,27,91,15,1,7,63,78,97,70,72,20,44
9,90,89,13,28,30,81,3,71,16,33,60,63,82,71,42,90,26,68,15,66,42,36,95,29,42,57,68,92,15,42,34,0,76,89,47,84,69,64,33,74,78,66,84,74,64,56,27,55,8,44,92,9,4,27,62,33,41,14,72,99,54,4,55,35,72,72,19,95,77,86,38,33,27,14,20,60,93,67,38,72,68,32,27,47,33,73,14,70,65,24,87,27,52,32,61,26,47,3,23
13,77,53,35,8,77,89,93,98,23,9,70,34,28,49,61,23,39,14,18,39,83,33,36,19,43,6,19,37,47,41,16,59,17,36,72,21,65,43,28,32,16,76,27,8,35,69,84,11,60,78,12,99,32,81,73,66,62,95,50,1,99,42,92,57,59,100,92,14,77,34,84,25,61,23,35,97,30,55,51,0,53,98,74,82,62,51,61,100,36,29,38,55,78,41,100,78,81,62,4
43,32,29,31,79,26,6,44,70,41,69,12,60,18,32,6,93,98,70,11,61,14,27,26,98,29,48,28,67,90,41,29,70,14,50,1,78,83,31,92,19,79,97,65,56,46,2,62,81,86,67,93,2,46,14,85,36,55,18,81,86,37,91,87,4,41,12,82,60,43,69,63,61,86,100,53,87,39,68,96,26,93,88,57,70,26,34,37,32,91,34,41,97,51,95,37,17,39,24,13
43,43,6,30,15,53,57,38,43,26,1,26,30,75,0,48,23,38,94,85,37,78,49,98,1,37,28,79,19,35,49,34,90,50,68,25,14,44,75,52,20,13,33,18,30,84,29,38,42,35,80,100,28,61,50,19,88,93,27,38,11,51,16,34,78,98,18,72,12,29,41,37,62,41,23,42,61,11,64,98,68,35,5,44,76,38,60,65,60,65,32,42,2,10,72,7,34,94,11,79
80,14,41,4,63,24,31,80,8,45,16,77,38,89,84,62,91,70,96,99,47,70,61,95,29,35,92,67,74,20,95,96,17,83,16,86,60,75,53,63,55,79,88,6,50,4,90,47,17,57,14,77,86,48,87,25,92,11,53,76,38,29,65,80,97,63,21,48,10,60,37,94,19,53,85,26,25,95,20,55,58,4,70,99,89,51,43,88,98,49,8,96,53,6,71,76,15,21,27,0
16,47,29,94,49,59,78,5,20,51,90,22,99,58,20,45,19,13,0,71,97,97,65,73,95,43,27,33,18,52,58,2,10,53,53,60,8,28,79,79,66,90,71,66,23,95,91,33,85,55,56,84,85,0,75,14,73,29,45,46,17,88,91,20,22,31,13,19,90,94,57,30,47,59,79,61,7,47,82,37,4,56,85,93,93,70,97,39,76,22,46,93,2,63,22,71,4,46,89,94
55,78,0,9,71,50,24,19,30,2,63,67,7,40,52,30,7,18,92,32,25,96,85,58,48,54,46,87,34,42,39,39,50,61,60,47,90,98,75,71,87,83,1,46,42,15,72,97,43,15,79,62,88,70,23,18,96,56,74,38,1,90,10,23,49,51,33,44,64,44,6,73,71,98,84,12,44,35,68,47,56,34,26,85,1,5,72,42,96,74,11,100,50,100,34,77,2,59,38,3
99,90,77,46,98,43,65,81,20,68,56,3,98,64,37,10,37,48,27,26,40,57,23,16,14,39,60,85,69,32,2,70,75,16,55,13,10,55,3,25,3,20,31,30,19,62,71,68,26,61,59,68,13,53,15,14,100,40,2,6,85,1,60,4,10,96,29,47,89,10,80,57,100,83,17,76,88,99,84,30,86,13,67,86,10,0,62,42,53,23,27,93,32,84,83,49,68,85,36,31
50,4,77,40,41,39,38,96,98,37,19,15,62,8,54,35,16,29,48,5,59,40,77,78,80,3,44,17,25,3,65,77,81,66,9,2,54,88,30,52,84,61,85,10,37,28,81,35,86,70,6,29,82,35,99,47,80,89,45,26,2,48,99,22,71,10,93,13,76,50,19,94,54,59,99,63,99,7,27,56,16,95,76,57,7,42,48,87,9,83,71,83,74,63,74,76,77,42,10,20
79,0,86,22,43,67,24,66,26,81,98,91,32,61,16,10,45,78,77,47,59,44,63,69,38,10,62,86,9,57,10,13,77,49,47,86,5,33,89,34,85,45,80,7,0,27,23,63,74,82,49,86,80,36,29,17,80,8,57,38,30,65,56,64,91,0,76,7,49,31,8,70,87,87,84,83,3,59,21,27,94,83,43,57,50,54,29,96,57,1,7,74,39,66,60,29,84,77,85,84
89,20,83,82,13,13,9,55,9,34,65,62,23,39,44,10,10,37,2,26,81,42,70,76,53,27,95,80,94,67,33,22,87,88,31,53,96,100,85,45,20,18,33,29,96,61,25,8,52,53,38,18,58,44,28,56,36,56,55,90,28,98,71,62,90,87,21,14,87,65,24,74,48,42,15,40,21,36,53,28,24,92,49,76,86,67,94,85,60,58,35,89,19,88,46,9,22,58,96,7
46,87,83,10,96,6,38,94,24,9,18,7,36,47,86,77,90,13,28,69,36,9,30,93,26,98,60,25,96,58,9,53,86,88,17,91,80,67,18,44,87,82,8,37,92,72,48,45,13,21,67,11,74,94,19,97,33,94,30,99,40,33,70,50,53,70,46,79,21,79,4,68,9,34,63,30,58,61,53,14,30,65,29,98,28,53,9,63,2,42,73,48,74,17,10,66,65,24,63,56
71,6,60,37,77,57,61,19,44,72,94,21,45,2,52,47,95,23,8,95,22,52,32,57,90,59,99,31,19,15,83,97,60,35,63,80,87,75,74,92,21,81,64,52,59,22,17,9,96,52,77,0,49,43,16,37,8,62,63,99,8,84,7,27,5,62,33,100,76,19,94,55,60,98,16,30,30,17,66,51,33,80,0,14,49,81,92,70,51,80,33,54,29,97,3,19,16,9,15,18
77,35,24,88,81,19,0,91,61,26,42,97,73,23,41,61,1,1,50,60,60,61,71,58,15,93,57,62,20,11,93,94,78,50,16,94,36,45,20,95,78,60,15,33,11,25,56,18,87,71,9,27,54,72,36,59,96,17,6,66,71,100,95,45,28,40,61,81,57,73,56,8,68,30,26,50,50,0,81,83,58,33,42,58,55,37,30,4,70,52,71,98,77,85,28,17,37,93,75,47
21,22,38,39,100,66,36,13,3,42,80,5,9,19,55,57,68,13,76,35,43,68,44,99,33,52,76,86,82,8,16,97,63,77,97,31,91,71,15,24,86,82,23,70,65,2,62,74,53,43,46,88,73,20,32,89,96,39,43,82,73,64,24,21,73,86,37,49,22,35,39,34,85,44,42,7,85,31,90,0,4,82,55,67,90,52,29,82,30,20,20,48,22,69,24,56,14,35,51,15
65,81,100,43,98,19,94,34,23,49,83,30,32,96,32,74,87,98,54,8,12,70,83,92,35,32,38,40,45,48,40,94,21,85,7,72,40,0,40,16,89,89,84,62,25,58,17,75,64,31,88,82,79,43,25,71,63,55,78,46,8,37,59,83,22,31,61,71,22,19,27,58,53,97,94,12,33,46,23,49,62,59,45,49,48,8,24,4,97,17,45,95,41,96,50,30,42,12,75,25
79,92,60,3,89,25,89,70,14,84,1,85,43,12,1,24,33,71,30,27,18,24,16,19,41,44,16,34,48,77,98,17,9,56,56,35,1,73,72,67,22,51,95,49,94,33,81,31,44,66,49,95,78,1,26,89,40,95,36,62,18,94,72,63,35,8,86,94,88,7,69,79,70,49,75,89,7,60,80,81,64,95,100,63,87,28,55,55,100,64,77,59,21,44,26,37,94,76,99,17
67,70,98,70,63,0,27,31,64,94,21,77,86,88,28,23,17,87,45,41,13,88,68,25,34,86,41,93,84,9,85,75,64,59,11,96,21,23,30,92,38,3,31,23,23,84,47,100,10,95,82,68,30,54,17,7,52,56,18,21,79,37,31,12,15,44,22,16,86,27,78,91,78,90,39,89,18,48,39,20,81,5,100,0,41,84,85,90,76,16,48,23,71,23,13,73,36,26,74,81
8,96,95,19,74,67,22,52,45,1,17,27,87,24,69,80,59,27,1,50,69,51,0,48,14,12,92,67,96,29,60,10,21,77,7,77,34,19,71,38,3,14,49,64,33,40,68,30,63,3,95,83,17,59,48,3,0,38,15,75,9,58,66,53,47,31,33,43,33,1,59,99,46,33,21,90,61,3,23,15,83,7,37,36,58,24,10,18,69,89,55,15,18,96,24,62,45,23,85,66
17,9,85,96,75,48,6,96,9,71,6,93,87,51,18,14,100,74,42,19,32,73,86,61,75,81,8,81,10,100,99,61,62,48,93,0,81,95,3,76,27,78,4,14,19,70,15,32,87,14,87,63,62,58,71,56,59,17,82,46,5,9,71,88,87,17,13,10,56,73,15,69,86,49,69,51,45,0,23,46,82,63,4,35,45,67,11,94,47,51,97,97,81,54,0,56,35,74,9,77
67,72,44,72,57,23,65,0,55,55,65,14,5,30,14,62,19,55,92,12,31,31,68,26,62,83,71,44,6,67,8,97,45,92,87,97,29,22,77,59,93,41,39,76,58,51,92,86,97,56,78,60,58,90,54,6,63,43,89,21,48,11,64,14,35,2,84,42,1,15,13,44,10,13,86,71,44,61,48,51,55,57,34,36,75,85,89,89,83,78,64,4,18,43,17,66,34,48,5,38
95,100,60,40,3,65,14,17,19,88,91,38,10,7,72,0,100,58,76,79,79,95,61,63,45,50,39,28,81,65,30,11,85,93,14,68,26,52,77,37,37,61,48,14,38,69,93,96,56,59,71,53,40,48,75,51,37,86,84,35,60,100,23,44,37,19,4,13,89,21,1,21,68,50,96,52,13,23,27,8,99,65,82,17,86,98,31,71,100,59,89,50,66,27,12,1,89,62,13,78
51,30,62,28,89,94,2,7,11,96,53,23,17,72,87,67,55,37,85,95,43,98,42,77,38,55,19,22,49,49,33,10,51,9,8,7,57,64,4,14,83,67,13,88,82,88,48,12,71,16,27,87,100,16,7,46,62,47,73,7,12,47,19,85,79,27,100,19,55,77,78,98,75,59,81,52,54,19,57,27,92,22,22,39,49,31,32,10,82,19,12,3,7,38,11,23,8,23,10,94
40,15,98,48,54,77,91,91,82,88,36,28,85,60,71,84,11,31,2,38,33,26,66,47,44,65,70,99,46,9,5,36,90,48,14,53,75,28,70,13,57,67,58,74,98,49,36,26,40,60,72,77,59,12,9,29,29,33,21,91,0,1,84,45,23,89,97,72,10,89,2,29,54,95,76,17,71,29,39,64,4,47,3,48,52,56,9,9,39,80,10,70,9,25,11,2,74,23,69,58
46,61,73,89,85,16,6,64,35,11,29,44,81,92,4,67,14,25,70,15,73,96,95,53,72,70,57,78,55,1,52,97,29,11,97,34,11,41,46,28,99,73,36,48,10,27,16,90,35,58,0,45,80,40,45,45,19,48,5,32,18,43,90,86,30,86,91,3,82,2,67,36,91,69,12,87,59,49,37,64,33,39,72,13,60,90,31,56,61,9,44,52,43,81,75,50,6,13,55,21
97,38,24,57,82,77,17,8,89,69,58,17,97,65,89,5,11,75,39,36,31,82,98,47,95,88,91,27,50,95,3,75,8,60,43,0,0,44,38,2,69,100,1,60,84,20,63,70,86,28,6,56,42,53,15,92,43,80,73,41,66,86,65,14,10,83,18,97,29,51,66,53,82,80,54,3,6,73,17,10,6,61,0,92,63,79,8,24,48,55,81,88,23,88,53,81,29,84,81,81
90,15,39,19,33,49,74,39,29,100,43,32,50,4,78,95,60,54,61,46,68,55,48,22,63,30,16,12,34,37,60,15,94,56,28,5,100,35,5,28,6,39,32,79,16,28,70,10,39,12,70,23,27,42,39,4,43,12,82,47,63,100,75,10,2,40,32,46,69,97,73,74,34,41,69,86,6,83,15,45,54,11,67,77,60,32,45,65,59,2,55,27,26,99,4,39,64,46,52,37
90,17,7,70,72,81,89,35,89,91,40,15,9,45,68,61,1,40,49,34,0,58,1,35,37,65,76,89,75,11,97,92,32,82,43,14,0,66,48,37,96,24,66,45,54,25,51,9,62,64,27,18,74,5,51,34,84,98,42,60,54,93,52,57,22,8,43,84,53,14,95,70,71,60,13,20,60,83,96,5,69,36,57,97,43,91,27,51,38,40,73,41,67,37,61,14,12,4,88,41
70,78,87,86,61,81,19,88,41,39,30,11,27,29,49,35,64,25,29,89,58,29,42,10,83,15,26,39,11,3,75,30,16,30,64,98,45,73,33,66,10,90,22,95,42,83,9,37,59,100,8,29,39,35,76,74,83,67,3,41,3,3,19,28,43,98,97,62,32,42,62,32,86,1,28,98,89,70,48,34,71,85,53,53,64,51,67,10,47,8,69,57,16,25,70,43,89,59,32,55
10,28,90,57,63,16,42,46,43,39,45,36,95,85,53,31,39,51,60,41,6,64,39,52,93,58,6,15,20,24,33,35,62,48,31,27,29,71,32,44,68,85,74,48,54,74,40,7,0,74,56,84,42,90,76,0,65,19,63,79,98,91,50,24,73,40,77,34,89,15,12,58,73,93,5,50,63,24,45,25,28,47,44,47,92,54,51,61,27,5,21,74,31,34,98,71,53,32,42,11
85,39,45,20,54,62,24,89,31,48,56,92,40,8,58,27,84,59,15,42,40,69,44,0,5,48,19,24,52,76,93,19,68,57,92,19,77,21,15,78,21,95,52,87,72,99,6,26,21,59,79,40,16,58,86,31,86,1,86,54,67,65,25,52,58,99,60,15,5,73,46,77,80,86,54,88,76,80,53,25,49,64,43,33,89,86,93,72,41,76,41,26,9,6,71,93,100,27,31,33
26,82,78,12,69,12,94,72,16,47,59,93,12,16,91,44,15,45,9,84,69,52,55,75,45,39,29,14,2,77,99,100,78,37,37,58,59,56,100,38,66,24,13,78,13,11,99,10,14,40,74,54,24,9,93,7,32,31,32,62,73,14,92,52,61,30,21,59,98,53,36,25,3,56,51,89,59,41,0,65,95,51,15,78,32,76,10,27,42,52,66,82,21,82,67,61,10,3,98,92
70,82,66,60,42,98,3,99,20,54,98,2,81,14,43,68,31,42,50,21,33,78,71,21,16,98,94,62,43,89,48,14,86,54,57,62,79,22,95,58,1,9,62,50,39,14,82,52,26,77,41,76,34,4,85,50,59,73,66,31,65,4,72,46,16,69,54,33,31,95,13,43,39,57,98,88,19,75,38,100,31,75,84,93,54,6,77,51,53,71,21,77,8,89,19,4,2,47,58,66
88,39,3,42,40,81,16,8,90,23,34,55,80,42,10,57,97,81,17,38,49,21,69,68,95,91,10,90,87,91,61,29,49,13,51,6,71,96,14,83,4,89,77,24,66,16,78,52,76,86,64,35,70,48,20,8,91,100,68,66,40,10,6,11,61,18,22,44,23,28,68,58,36,89,34,10,37,26,35,91,27,56,38,41,95,31,86,50,51,66,49,17,38,10,61,86,89,93,88,87