53,3,76,32,47,69,75,98,94,56,38,22,18,25,32,12,79,83,61,12,36,14,12,48,4,71,61,49,46,35,37,5,76,82,42,41,77,6,85,7,99,86,4,10,65,32,9,31,32,7,83,24,28,14,40,5,5,12,16,20,13,66,8,57,8,6,36,18,12,12,39,99,71,61,19,28,23,93,6,13,51,69,4,21,12,5,57,28,75,59,71,45,52,52,49,80,45,99,72,70
72,1,59,47,26,43,96,59,38,96,40,34,90,53,76,62,71,54,97,81,69,53,54,68,97,23,12,14,49,72,2,47,46,58,23,44,85,52,72,89,63,90,49,61,85,26,67,20,6,75,69,92,74,36,83,19,48,86,42,76,58,53,65,25,76,11,83,81,16,1,99,68,93,40,23,100,49,17,83,23,82,51,43,48,71,99,57,100,81,81,11,71,64,7,95,21,0,45,4,57
73,62,99,56,75,82,66,18,77,17,67,97,79,70,21,78,44,55,29,29,92,48,23,0,11,87,9,49,10,48,14,89,16,27,54,38,47,75,87,20,68,64,11,7,67,24,77,99,38,63,37,80,88,80,11,13,93,28,12,96,56,90,72,14,41,79,12,68,16,26,81,15,95,56,77,92,57,14,95,95,55,55,32,39,84,33,27,43,51,21,35,82,36,26,22,44,28,52,94,98
52,39,67,71,41,93,39,86,89,56,12,100,64,44,10,66,0,66,29,15,39,74,82,18,6,18,63,59,0,67,60,37,16,37,29,82,46,51,3,58,17,3,72,20,96,19,7,40,83,13,84,56,25,24,41,59,38,80,93,72,30,93,17,96,11,17,74,22,40,98,79,92,8,56,27,41,19,8,26,10,71,31,6,60,18,48,39,10,71,88,95,60,3,38,23,30,69,23,59,58
12,31,100,96,28,89,93,23,37,33,4,65,53,80,4,25,43,26,34,87,53,33,89,44,18,0,48,94,98,3,83,41,84,21,34,76,64,60,28,92,55,3,3,18,20,81,1,86,62,53,26,85,87,96,98,19,55,79,21,8,88,27,69,100,99,31,1,58,40,21,79,12,30,17,85,39,73,29,49,99,21,96,36,20,44,30,50,82,73,100,63,31,38,7,26,57,85,15,32,37
6,100,36,13,61,99,33,59,98,18,55,83,41,55,75,33,31,64,24,68,85,84,51,18,69,41,50,56,76,21,19,19,24,87,43,69,16,43,37,46,83,3,42,16,38,8,65,28,3,24,10,47,64,27,61,28,60,94,81,82,37,100,26,22,46,79,36,5,3,87,50,14,69,44,81,29,30,28,50,67,38,72,15,28,52,70,36,74,72,25,33,75,23,95,84,15,86,8,56,90
26,99,37,21,19,32,68,7,98,12,100,36,35,63,76,36,74,32,29,30,38,35,70,40,98,75,89,100,57,77,76,49,80,23,21,65,0,30,83,34,87,19,69,21,72,62,33,7,61,95,43,19,52,0,39,18,2,8,42,14,10,31,31,93,25,67,34,20,93,26,42,19,2,18,77,98,5,40,96,78,89,89,23,69,59,33,82,49,14,76,100,13,48,40,35,5,0,80,8,40
90,22,12,35,72,2,80,43,56,96,43,14,70,52,28,23,18,36,10,16,47,93,44,72,5,58,3,28,21,60,68,36,66,58,1,44,47,41,72,58,14,52,4,42,31,74,44,88,49,7,22,6,51,82,77,95,78,33,82,97,69,69,47,89,90,48,82,0,25,38,27,0,51,35,11,49,44,60,60,24,4,28,10,17,20,24,76,54,42,14,39,84,3,45,22,73,15,47,26,54
15,98,96,86,89,95,26,74,20,3,89,0,46,1,42,1,6,69,2,53,8,70,33,56,37,43,22,32,89,84,57,28,20,53,16,5,19,53,91,12,18,58,9,59,34,35,69,41,80,96,37,71,27,62,44,33,83,13,23,60,65,55,91,19,70,68,30,68,79,17,35,49,51,90,53,92,65,45,91,10,43,22,78,8,33,11,12,4,45,27,16,79,64,68,56,59,98,33,92,39
57,16,44,47,4,14,79,67,11,83,60,13,25,60,62,42,88,68,4,5,99,48,93,68,33,95,90,53,2,1,59,35,40,61,3,76,80,60,43,77,15,58,41,53,68,19,96,36,31,67,32,73,39,100,44,34,55,31,69,29,8,3,80,38,88,71,34,15,7,35,44,50,21,87,80,81,26,51,100,25,64,65,17,35,21,65,13,62,2,92,25,35,45,45,71,67,51,53,70,24
48,21,53,87,45,23,26,50,62,60,36,81,40,95,39,96,31,64,61,32,0,45,9,45,27,64,36,51,16,1,82,22,9,47,18,83,46,25,78,27,60,45,4,99,14,76,21,49,20,91,33,75,57,42,68,56,30,22,36,53,65,82,7,74,30,26,68,0,53,66,99,73,95,0,91,41,29,58,31,75,59,92,2,53,47,98,60,49,27,5,36,74,96,40,40,82,60,39,87,38
64,2,43,47,33,54,19,92,97,15,53,94,46,45,23,98,92,86,19,51,5,78,78,16,8,88,100,14,38,100,20,77,3,51,26,90,62,49,17,93,72,51,27,76,39,17,97,3,91,70,61,28,43,74,44,44,33,6,59,28,15,67,96,70,23,95,29,3,39,77,100,4,40,11,24,24,99,71,28,39,45,61,73,29,4,38,66,99,97,21,49,50,70,55,13,0,52,53,82,23
15,71,58,14,65,57,5,67,28,37,25,84,59,92,83,21,92,87,32,21,93,99,30,48,87,53,68,27,15,10,8,12,24,6,71,73,75,72,2,20,46,29,49,74,53,89,87,50,82,66,64,11,7,41,48,10,70,42,36,99,28,34,5,46,95,67,56,89,95,89,72,42,33,40,90,98,37,49,54,10,25,62,64,70,40,4,0,69,24,13,82,33,80,98,24,14,3,48,59,97
1,71,77,28,61,84,91,94,33,59,1,61,88,50,29,41,84,61,56,19,50,34,16,10,79,57,69,53,20,63,35,87,42,83,8,0,73,15,70,6,4,49,5,4,87,53,41,4,63,59,61,45,16,22,30,27,4,90,20,5,100,13,26,77,7,36,90,25,90,8,12,85,44,49,26,100,35,36,84,15,50,100,64,48,57,89,58,2,6,6,15,30,51,69,12,51,78,51,95,5
12,42,87,69,61,22,40,38,55,68,89,33,74,36,47,45,76,56,42,26,40,77,53,54,62,4,48,80,31,88,26,91,25,13,5,85,100,39,28,27,11,14,14,71,46,90,5,23,33,79,92,61,33,74,35,70,99,32,33,17,67,94,41,95,89,24,57,78,52,63,73,34,23,60,85,44,47,100,16,43,45,94,65,45,79,33,67,33,24,13,20,16,8,65,98,33,65,65,82,2
79,64,32,55,34,16,7,43,88,58,29,83,35,77,20,84,81,97,84,28,65,81,87,17,68,49,29,14,15,14,4,11,60,54,97,67,71,25,83,61,52,59,59,32,71,69,20,98,48,30,83,50,24,8,93,87,35,36,8,78,98,54,5,29,96,56,90,4,22,48,38,73,94,26,32,55,64,84,27,1,78,75,61,90,40,11,23,64,64,80,14,49,7,65,64,55,48,75,93,56
10,67,99,49,25,89,83,18,74,77,63,45,23,28,34,6,32,43,65,10,92,42,61,56,1,60,92,7,15,88,89,81,58,21,33,67,32,27,22,26,72,62,93,92,51,50,62,99,47,74,74,13,33,61,20,33,94,88,42,70,88,14,54,59,94,46,30,32,90,29,8,61,69,21,54,45,56,33,73,11,25,52,40,47,40,70,2,26,46,29,90,100,38,33,90,82,92,8,33,100
79,56,9,75,72,73,31,79,27,18,63,2,5,66,69,35,59,8,99,24,54,3,41,9,64,26,45,42,20,69,3,22,18,57,82,53,12,12,21,88,100,3,94,37,26,37,24,7,37,78,11,34,82,42,7,27,49,90,0,20,46,18,78,87,56,31,55,89,27,74,44,11,19,60,97,63,30,91,11,8,68,84,10,32,95,14,48,21,77,4,29,16,63,9,39,28,13,94,9,16
54,17,40,90,73,50,27,89,43,97,90,79,19,71,70,28,11,95,29,75,21,64,39,47,25,44,45,94,20,94,63,56,57,34,92,12,3,74,7,80,54,68,7,62,40,64,76,7,69,72,88,56,44,37,47,16,66,17,76,41,95,30,72,91,62,6,25,77,2,36,41,5,12,47,61,87,74,2,57,27,76,13,71,48,58,83,89,92,46,29,97,2,57,29,45,41,14,29,35,54
2,22,93,68,56,19,71,88,9,16,83,87,71,55,13,66,12,90,100,76,61,78,8,75,98,54,64,65,2,7,98,17,12,51,8,81,41,22,74,51,64,33,3,13,73,53,32,3,10,94,57,91,25,87,19,23,2,47,100,32,1,74,1,86,74,12,79,87,3,68,8,11,87,30,65,3,5,16,47,18,99,85,10,23,12,64,46,32,81,85,81,90,56,94,80,48,11,54,84,38
45,75,68,12,62,97,40,81,47,100,76,3,54,84,59,29,24,14,45,26,34,13,98,54,13,72,38,55,53,19,83,98,50,61,100,3,44,11,15,2,0,83,11,43,78,18,72,56,73,56,30,0,49,72,92,94,28,92,68,96,50,63,12,80,78,54,62,93,19,41,15,93,57,7,29,90,52,93,33,1,94,82,99,79,14,18,38,79,86,42,20,84,24,76,75,20,65,2,10,60
11,38,82,77,88,98,69,84,43,27,86,25,11,86,78,81,87,23,60,49,47,83,100,24,21,33,7,63,28,62,39,24,32,6,31,48,15,34,34,100,41,35,2,80,74,86,71,74,8,5,77,98,74,61,67,23,32,69,75,75,98,0,76,13,23,66,62,65,46,76,64,76,20,83,43,7,32,54,61,63,48,96,55,7,30,78,46,84,95,83,53,40,38,80,3,12,64,73,47,67
41,35,29,78,29,95,32,5,65,80,50,16,4,22,72,91,40,87,72,95,35,98,21,1,69,9,42,12,56,45,32,97,21,87,43,92,17,84,97,22,77,71,66,24,14,79,54,58,13,97,99,50,66,19,62,79,14,39,91,60,58,57,69,54,65,91,8,51,14,9,82,42,31,83,91,61,11,51,10,71,56,10,92,5,69,70,18,42,33,4,56,80,95,75,30,73,91,79,15,36
71,92,38,1,11,72,47,8,64,30,53,83,46,8,86,93,70,3,97,1,35,52,90,21,85,50,99,12,12,33,58,91,19,76,77,7,14,79,97,99,9,46,60,75,39,19,83,92,56,27,13,15,86,54,36,59,63,5,71,19,27,19,71,33,24,28,73,85,72,61,5,86,6,0,65,89,38,87,35,39,12,37,66,7,68,78,84,39,48,70,87,57,65,14,13,59,66,46,10,23
42,94,76,97,51,18,44,24,33,56,22,42,78,71,50,73,31,30,74,29,4,47,85,64,42,74,39,21,3,49,57,73,76,55,94,73,17,61,87,60,82,64,77,77,96,17,96,79,27,86,10,50,30,46,48,23,15,12,9,55,88,72,70,92,97,76,70,10,20,47,69,76,84,35,68,67,80,81,32,41,15,62,64,22,90,92,10,33,60,18,51,34,5,33,10,29,31,47,45,8
58,0,23,82,46,69,63,5,14,11,29,74,6,82,29,2,100,87,19,0,100,9,18,40,66,1,88,28,31,93,11,38,77,57,25,10,36,88,16,88,67,38,42,49,56,78,82,66,13,59,23,66,81,95,57,55,44,62,96,44,8,80,27,92,9,35,82,56,83,30,18,78,50,82,57,9,94,60,90,23,47,66,84,0,65,43,32,6,25,5,73,58,30,24,64,89,42,14,100,42
80,71,23,45,61,10,34,77,19,98,44,47,44,79,91,45,32,97,18,77,58,80,36,61,48,30,51,16,8,37,89,98,94,98,18,79,63,69,21,20,100,21,6,9,37,17,76,69,84,30,31,76,29,87,8,45,60,38,62,13,8,2,27,37,35,35,63,73,15,88,82,9,63,59,38,21,43,47,59,37,0,41,55,35,36,62,12,46,46,97,50,21,52,40,84,80,26,78,52,33
74,50,16,16,4,7,20,71,32,89,5,4,10,81,3,96,2,28,78,13,1,5,8,3,86,75,20,94,37,1,80,59,64,68,4,25,84,4,18,23,87,66,84,26,65,61,14,14,38,85,75,7,60,9,26,96,98,33,81,52,39,6,77,3,12,74,65,24,6,5,49,26,35,64,21,37,33,24,95,43,11,16,73,67,11,16,95,86,54,78,32,39,92,41,3,45,34,91,61,0
8,16,6,22,98,11,3,8,30,81,35,25,17,85,87,18,61,17,90,23,11,54,51,81,94,11,19,74,72,58,90,0,46,88,10,51,6,30,91,51,47,78,91,1,24,15,44,89,48,22,7,66,60,58,42,53,44,97,42,0,0,48,2,52,52,84,40,36,31,1,11,1,39,15,28,60,84,35,24,41,6,100,32,5,42,22,75,79,2,84,79,16,51,18,27,19,50,18,72,26
73,61,14,43,13,56,46,31,81,66,85,46,82,41,20,8,21,61,45,39,17,48,42,38,97,70,50,23,31,21,69,73,84,62,60,43,87,39,66,26,14,50,62,60,51,15,57,46,42,12,63,6,54,46,88,60,2,41,53,9,42,89,61,78,67,63,85,26,5,3,75,0,87,32,1,16,5,78,35,35,73,66,62,35,3,54,46,11,10,54,40,89,7,92,82,73,92,0,43,40
97,66,34,10,41,51,1,3,47,68,6,10,85,95,54,45,26,76,54,65,9,68,25,67,83,99,25,18,74,15,74,75,40,81,50,39,18,24,80,27,26,71,9,81,34,78,49,35,2,62,61,76,33,37,75,33,65,37,11,87,4,83,35,38,87,61,87,21,75,21,82,93,26,78,32,93,84,18,88,53,57,42,29,47,73,79,18,38,89,71,19,92,67,55,79,100,22,39,76,58
46,59,13,88,9,10,85,87,16,9,40,31,94,100,26,67,67,5,56,16,40,62,29,69,36,55,62,38,13,57,67,61,77,48,35,87,23,71,31,37,79,96,19,67,82,36,36,4,11,86,22,79,1,93,26,83,17,47,57,79,75,56,76,70,60,100,52,50,81,53,87,71,86,69,17,90,71,60,0,73,63,40,99,83,23,0,90,55,28,59,57,94,42,89,96,45,38,8,40,83
92,66,46,92,66,65,76,2,20,75,16,16,20,63,85,53,9,2,88,6,81,76,36,2,74,23,52,4,84,99,5,48,33,78,36,66,59,52,98,85,19,8,39,96,84,68,36,5,59,5,11,90,19,68,71,62,63,16,20,78,79,51,16,9,28,99,70,90,29,23,16,61,44,40,76,97,40,99,25,70,52,43,51,98,91,35,18,56,8,44,10,13,34,88,15,2,53,28,38,94
86,70,52,10,29,11,2,43,97,42,38,92,58,78,6,9,26,62,69,87,40,46,57,5,97,95,79,96,69,95,0,88,61,8,0,14,12,55,87,1,81,76,70,53,17,7,93,6,93,70,10,71,18,85,87,13,67,25,83,36,77,27,46,24,4,67,11,75,9,47,70,94,42,89,70,4,43,80,100,26,46,95,32,15,91,83,98,18,7,49,77,57,26,65,4,36,34,14,2,62
52,49,30,96,48,0,33,22,14,43,64,56,87,80,3,78,94,49,79,99,57,55,75,76,98,91,95,100,32,10,82,94,45,14,47,6,46,29,26,71,48,50,65,96,57,58,75,69,43,21,49,15,14,97,54,80,51,7,99,99,60,31,65,35,82,91,44,49,13,6,91,96,84,5,93,93,26,40,33,36,76,38,9,5,9,23,67,73,16,14,17,60,72,4,42,57,16,20,52,10
71,69,39,50,20,84,80,94,6,53,71,23,23,85,19,44,89,4,48,18,86,12,17,18,94,52,17,88,56,61,58,35,90,50,52,70,84,40,73,91,0,26,49,37,95,57,3,9,96,63,99,62,20,25,96,94,91,21,29,42,59,13,30,97,54,50,7,84,7,14,23,14,24,34,75,12,7,6,44,86,29,97,95,80,22,73,96,31,88,3,91,99,41,22,62,100,16,50,72,5
58,91,4,95,14,72,86,49,95,53,33,35,34,100,95,27,41,26,59,51,83,41,35,95,11,11,19,76,13,92,57,5,24,68,7,54,45,77,47,39,58,3,84,81,88,95,68,31,98,68,71,71,79,27,36,52,35,95,63,68,20,70,49,16,46,15,0,85,40,29,3,6,90,24,78,62,46,17,14,84,29,70,16,12,39,40,37,72,78,55,45,27,20,47,20,92,24,73,8,37
82,25,62,76,83,47,54,57,17,57,13,91,9,65,38,12,55,83,56,55,46,69,17,30,24,28,28,27,61,88,95,23,69,78,3,27,19,90,19,0,29,77,91,46,55,71,21,1,94,5,72,77,50,17,85,57,97,0,55,77,33,55,42,58,17,95,85,86,82,9,36,40,50,1,76,81,33,100,63,63,43,62,71,87,72,75,13,37,60,18,41,94,36,68,58,33,28,92,60,0
32,10,76,27,22,44,79,0,54,56,46,99,10,93,6,23,99,90,37,94,93,51,77,70,42,81,37,78,100,96,11,61,63,42,57,54,5,82,22,51,12,75,31,92,35,97,4,33,74,74,33,76,69,1,49,16,69,68,7,62,52,50,37,2,87,33,68,34,20,72,14,51,85,43,41,58,82,26,100,24,78,13,76,54,57,0,38,54,87,27,14,41,0,90,72,29,44,89,58,35
15,66,78,12,67,66,52,96,62,24,91,67,40,80,28,14,60,76,43,11,85,49,27,34,85,21,29,84,78,84,0,66,33,70,0,30,70,42,81,94,17,84,80,90,24,67,60,95,4,83,32,18,6,86,93,11,21,75,88,70,1,93,82,31,33,43,93,46,91,50,25,63,40,46,76,79,76,12,95,23,50,4,19,83,43,67,96,16,45,17,66,41,83,25,46,46,39,5,10,94
63,59,93,47,55,33,51,79,55,71,97,24,82,65,19,88,87,41,68,34,14,97,93,60,91,65,56,76,96,10,71,24,81,77,78,64,50,51,66,5,11,26,18,55,20,80,72,18,89,14,89,34,63,82,23,35,91,38,41,58,68,58,51,29,46,72,37,44,93,97,39,38,9,79,6,72,49,82,94,65,77,93,46,66,37,28,99,14,37,16,10,54,42,73,25,75,18,50,98,10
69,46,62,16,36,10,33,30,81,52,20,87,90,50,97,50,55,43,60,49,79,91,24,90,98,19,69,5,92,22,17,37,88,64,98,59,1,71,36,22,61,11,9,67,41,87,21,70,41,22,10,90,82,48,38,61,21,76,92,41,2,30,69,8,4,92,13,79,72,78,94,51,92,19,72,47,38,78,30,93,31,91,1,85,17,37,91,4,61,70,20,79,67,67,42,99,43,42,33,12
81,97,71,61,4,43,74,10,25,50,4,100,47,43,19,69,63,83,12,72,49,26,33,89,12,49,86,64,25,92,2,55,25,61,82,20,66,56,7,24,10,96,42,58,0,89,98,2,43,30,15,68,17,24,59,54,91,44,99,31,41,65,11,83,51,92,77,39,84,64,56,5,38,63,74,17,42,28,47,47,38,28,9,66,80,24,26,19,85,72,35,42,61,54,97,75,62,56,87,15
7,68,8,1,70,5,85,80,62,17,94,21,30,54,68,26,90,29,0,19,32,38,68,91,25,70,60,72,59,78,91,38,56,77,69,28,49,54,0,93,49,14,29,73,13,47,76,40,69,55,32,59,44,53,84,0,36,9,79,92,63,20,18,14,44,46,31,8,12,5,80,63,38,44,41,34,54,22,95,29,68,59,19,96,88,36,36,58,36,22,28,80,7,33,51,19,5,79,6,33
37,63,78,40,28,68,26,27,18,65,65,74,48,20,58,69,8,17,12,24,96,59,99,75,75,46,48,5,50,61,51,20,80,94,66,19,90,32,53,2,100,8,0,50,84,8,22,53,18,65,19,50,85,64,90,89,2,93,17,23,2,64,58,66,74,2,69,40,20,6,21,55,56,73,48,61,81,68,20,35,82,87,0,0,51,99,6,20,83,43,36,52,48,58,22,91,38,73,4,50
72,74,85,87,65,43,52,75,98,17,79,70,67,19,37,83,97,74,63,47,62,99,80,46,21,75,3,25,42,8,24,100,59,97,31,100,23,85,0,39,70,39,75,74,80,90,84,84,1,12,35,41,36,64,4,52,17,78,42,62,30,91,83,50,38,11,86,72,8,74,69,8,12,8,93,87,31,31,10,28,100,50,35,46,84,26,95,59,83,76,80,82,90,16,54,9,37,35,62,55
27,53,81,18,30,27,17,43,71,28,9,56,80,11,78,15,69,57,21,80,2,52,31,22,72,9,74,5,56,40,7,14,31,25,25,2,70,40,17,73,75,73,74,25,40,97,81,61,54,2,6,28,97,66,28,74,94,52,68,76,37,18,90,62,55,78,62,85,84,27,27,0,35,67,95,58,8,27,26,26,34,87,12,67,11,34,56,10,47,63,90,92,38,89,32,61,64,6,31,76
37,28,54,91,89,46,24,55,16,70,58,5,18,50,50,62,38,6,32,44,3,84,67,76,60,8,60,49,13,49,87,67,73,27,40,47,13,19,56,45,41,56,37,12,82,64,6,3,46,3,35,81,25,61,33,61,93,38,1,67,97,84,26,97,82,76,55,63,28,83,30,10,68,9,63,64,40,13,81,9,70,44,76,60,29,16,28,39,18,38,10,59,31,93,60,25,98,12,56,89
43,53,53,32,71,46,28,58,52,86,52,82,51,55,4,21,60,13,32,61,67,14,69,1,31,27,92,67,8,11,49,0,52,91,23,25,65,49,89,40,55,42,36,39,11,98,19,50,67,38,63,27,22,4,2,54,76,38,75,32,79,63,84,13,26,92,79,84,5,72,69,28,82,2,78,81,80,76,37,90,48,90,96,46,12,5,38,26,50,91,76,97,67,29,90,67,57,81,82,40
41,7,33,71,48,10,0,55,36,76,38,100,55,82,100,68,18,87,92,94,36,89,92,53,69,39,76,74,13,84,26,1,79,79,43,0,49,77,26,59,62,94,17,22,81,50,48,5,66,95,72,48,25,76,8,57,76,15,32,20,64,62,56,34,41,58,40,65,31,14,82,85,55,1,4,29,14,66,42,26,91,45,67,39,29,89,3,70,7,82,21,51,78,38,41,51,91,6,2,15
34,60,65,32,93,87,51,94,53,98,92,24,99,42,29,47,4,67,74,35,75,8,72,5,95,32,34,68,68,35,68,79,11,30,58,90,33,6,7,68,54,41,48,48,95,7,87,6,45,50,41,26,34,52,61,79,22,26,68,94,92,63,78,26,72,36,67,23,85,60,85,78,35,60,32,78,93,50,39,37,70,14,25,31,97,52,94,22,37,79,16,30,28,51,94,54,36,82,76,38
4,70,44,95,64,0,12,94,58,96,15,37,91,99,26,49,91,89,91,11,9,45,49,72,55,16,22,71,18,66,8,93,32,91,95,82,56,32,93,85,80,23,6,52,96,76,15,78,29,20,65,46,39,50,44,12,20,12,69,75,30,96,46,60,30,53,64,14,64,18,58,58,59,69,95,76,18,77,5,63,27,60,95,4,48,18,6,91,9,24,90,48,0,51,60,17,31,43,59,9
75,54,65,90,42,56,46,49,51,86,46,52,38,26,82,63,86,85,64,94,16,69,26,28,61,65,74,62,11,16,79,85,29,68,36,11,67,16,45,28,24,13,20,87,5,11,88,25,5,86,37,16,77,2,43,66,20,30,8,66,65,16,85,74,22,9,39,89,1,81,95,63,93,48,77,23,9,56,30,32,26,49,73,0,84,54,23,80,64,48,68,57,0,39,93,47,82,46,51,39
87,3,5,70,68,9,32,74,20,30,100,22,75,33,30,100,23,17,39,86,53,10,11,22,27,97,20,42,18,4,93,67,85,92,1,41,55,96,45,29,82,75,75,18,36,91,94,77,6,0,9,84,83,61,88,3,58,42,13,57,68,93,46,58,94,49,74,72,52,100,32,86,8,37,67,42,48,13,67,37,72,35,28,58,21,65,40,67,11,91,4,23,18,68,91,34,32,19,63,97
95,62,76,69,89,70,16,23,41,76,34,93,20,92,25,30,2,16,65,59,53,12,70,63,70,14,42,74,24,41,81,91,45,82,88,7,12,6,18,89,63,44,46,78,24,33,41,32,37,37,9,58,13,54,86,49,1,18,84,19,78,95,55,72,82,27,24,67,54,43,45,71,70,89,6,17,91,92,7,36,31,30,42,23,55,76,95,35,55,97,67,16,30,95,2,58,10,4,19,37
64,69,80,9,54,80,13,89,56,84,52,74,43,30,72,28,4,54,97,73,56,41,54,34,88,92,83,21,19,79,20,14,98,0,17,75,12,65,21,92,54,47,100,67,94,6,90,43,68,71,47,48,53,71,25,79,69,62,43,32,55,51,25,17,73,60,26,62,92,29,53,27,76,38,25,60,52,34,76,20,79,29,12,79,26,39,2,81,43,71,17,43,84,94,42,98,47,9,23,90
50,30,94,11,35,53,15,24,53,58,65,87,79,95,27,84,9,22,54,4,29,38,22,49,98,56,58,46,97,65,47,26,32,71,36,67,22,66,17,14,32,48,94,16,84,49,2,9,90,87,19,56,86,96,81,92,29,60,65,32,53,45,92,71,35,79,44,4,71,86,20,31,97,24,56,72,83,46,70,95,79,69,48,86,62,65,64,97,65,53,88,41,57,29,62,53,36,59,56,62
13,9,59,20,36,43,39,27,63,91,11,25,52,26,73,4,0,59,18,99,33,83,35,100,7,73,81,19,35,21,2,88,41,17,4,74,14,79,78,85,52,92,64,31,63,20,10,90,85,96,98,94,64,53,77,15,69,26,60,29,45,25,89,34,20,92,41,21,44,68,13,64,64,75,92,37,77,57,45,64,25,32,81,99,83,72,29,25,93,33,45,87,68,11,54,27,70,57,16,12
26,92,100,49,8,86,58,53,65,29,88,81,95,53,22,34,50,39,17,31,80,19,8,95,78,62,17,46,95,8,96,82,29,8,77,87,87,79,9,15,39,81,100,33,1,95,90,78,52,10,77,56,61,48,30,41,61,61,3,36,100,20,40,5,93,90,46,52,10,9,93,84,17,74,96,72,99,52,86,47,86,77,28,2,46,32,63,45,67,56,26,96,11,95,95,12,40,95,52,5
64,78,69,54,41,45,99,43,89,64,88,28,46,48,93,71,43,68,39,6,64,100,53,90,34,63,55,28,38,78,96,1,77,97,3,37,10,39,37,45,93,28,8,55,93,24,63,63,35,57,81,27,16,4,26,11,76,76,16,30,17,3,84,82,21,91,94,53,94,22,68,88,7,10,11,95,35,98,29,9,41,45,13,48,80,25,26,53,74,26,70,47,77,39,76,59,82,79,46,66
61,7,6,52,65,83,16,48,33,59,20,58,57,94,36,42,97,15,30,2,50,13,0,24,83,64,46,59,59,19,47,37,67,48,42,73,94,79,55,78,7,73,31,20,98,7,59,95,13,34,23,59,22,8,10,14,5,96,76,22,35,88,16,83,42,30,78,95,29,67,31,72,14,66,5,37,36,24,81,36,81,6,56,85,42,96,61,92,25,42,68,87,66,45,87,44,38,82,11,10
75,97,12,2,50,56,51,66,31,90,83,64,79,91,7,26,50,29,48,13,92,18,0,7,2,25,55,12,92,58,91,36,55,83,42,95,40,61,40,1,100,13,69,67,90,86,96,49,80,55,48,27,63,66,92,4,92,32,35,9,84,88,20,79,80,14,16,20,94,18,97,33,70,23,85,42,87,53,59,6,75,77,29,21,54,89,79,36,94,56,88,73,12,92,44,28,99,43,28,50
37,10,46,21,45,97,2,77,94,6,92,65,17,49,49,48,94,65,88,49,16,33,100,56,60,83,70,75,78,37,90,23,97,3,7,9,61,84,85,14,65,7,31,60,84,3,37,19,42,26,65,88,38,58,83,53,13,34,100,61,73,67,24,14,33,81,6,36,94,48,74,67,52,46,89,47,64,54,82,37,36,54,10,29,60,42,45,36,2,53,85,17,3,34,93,20,95,34,42,74
94,77,65,54,30,35,78,24,64,71,32,23,42,42,37,2,81,54,57,21,25,12,2,30,57,10,7,25,36,46,70,8,91,92,32,42,11,13,0,3,74,99,20,40,61,84,73,82,10,39,15,18,85,74,44,42,3,42,98,81,19,71,0,65,82,37,23,61,50,94,71,33,11,81,92,87,95,63,42,57,98,44,30,58,42,32,81,63,88,69,64,94,57,82,34,9,93,5,19,92
47,34,54,83,91,67,16,56,99,48,30,59,92,37,93,75,86,66,21,74,40,39,31,51,64,14,31,88,64,97,23,40,0,71,63,67,24,32,62,64,7,50,11,25,44,99,24,56,96,32,49,30,23,81,2,48,86,77,59,31,72,58,21,83,17,76,9,4,45,23,24,32,46,37,18,53,22,89,8,53,26,47,47,77,69,64,0,62,62,41,48,46,25,56,87,27,20,53,36,90
42,53,3,78,76,68,44,64,20,81,78,17,60,38,40,69,50,70,5,42,0,66,37,54,92,22,43,15,57,18,87,35,99,87,31,33,56,1,58,50,90,88,27,49,97,0,5,41,85,83,25,1,25,31,54,99,49,77,6,31,45,47,62,44,32,1,3,78,63,89,17,53,57,72,14,5,66,55,56,28,26,12,74,62,89,21,44,96,72,58,1,22,57,27,51,97,37,23,66,66
19,34,97,93,93,91,13,48,7,85,29,61,88,91,17,91,77,47,60,42,11,97,15,0,31,84,93,93,73,28,17,81,53,85,1,23,74,69,22,54,48,42,21,93,47,81,63,45,96,75,7,12,81,95,6,25,38,50,64,42,15,94,22,83,32,35,22,50,3,86,34,61,73,28,53,65,52,64,47,78,31,31,60,80,20,23,16,46,40,23,91,80,83,11,79,57,12,88,4,42
27,100,1,24,17,37,4,7,54,9,25,26,14,64,74,18,29,71,26,0,98,45,97,59,0,92,60,46,32,2,72,14,13,86,24,56,25,42,44,93,97,91,83,100,28,54,49,18,63,63,58,55,65,60,42,96,51,14,4,18,56,42,35,31,9,9,8,61,37,80,30,3,21,44,5,62,29,2,66,45,84,12,75,3,14,31,45,3,33,99,28,19,6,60,88,48,94,17,64,98
6,62,49,79,6,14,30,1,82,30,34,30,82,40,75,27,12,23,37,30,44,68,11,85,97,64,96,34,65,12,72,39,61,61,61,99,41,13,49,82,62,91,83,68,3,85,93,30,47,26,63,36,48,69,46,48,32,56,77,6,35,29,25,66,87,75,2,89,37,30,71,77,20,14,0,63,42,77,14,83,26,5,35,89,44,37,73,61,34,65,13,47,98,67,97,74,34,4,52,95
22,67,86,26,47,22,23,87,41,98,65,87,96,1,69,17,1,39,63,58,41,86,37,27,4,60,39,75,73,66,64,58,25,86,71,27,82,47,40,36,40,94,42,9,83,99,3,48,77,55,16,89,28,15,39,0,88,36,74,69,46,39,52,38,33,31,8,25,11,28,31,11,13,25,67,57,24,47,67,2,71,89,55,69,100,18,88,52,45,42,71,36,37,43,89,100,50,48,4,92
21,86,4,8,18,63,27,93,1,41,7,3,93,35,3,99,98,84,18,14,20,72,84,91,40,96,17,20,51,54,29,69,84,7,1,69,74,45,81,46,23,94,29,67,34,6,19,98,0,59,29,48,25,16,36,63,87,8,16,20,90,43,0,59,22,28,3,73,5,14,29,47,17,36,55,87,66,94,48,25,80,74,62,91,0,40,6,76,20,93,89,77,55,97,59,65,51,96,36,56
45,41,98,17,16,33,65,2,30,8,36,39,53,48,37,49,76,15,77,25,59,42,5,53,71,12,79,13,43,20,77,31,75,5,78,53,62,48,84,39,92,27,52,91,63,76,81,0,76,29,58,81,3,3,57,40,26,45,56,74,94,25,25,34,42,97,4,26,17,43,78,81,26,80,1,47,54,5,79,94,1,38,23,27,44,17,45,43,79,51,4,79,63,29,4,34,62,52,18,91
51,12,21,19,8,54,59,26,23,80,57,87,56,23,91,59,72,75,68,68,1,91,69,37,23,55,58,91,15,35,56,78,58,84,60,13,53,30,34,32,62,60,3,64,20,50,76,28,83,0,21,83,41,78,71,23,40,92,0,67,17,68,69,19,59,11,75,15,54,3,83,50,45,56,61,13,87,45,1,100,36,83,55,45,29,74,82,65,22,16,29,77,100,17,23,91,1,12,51,95
95,65,38,41,34,61,36,12,46,89,2,25,51,23,54,41,48,79,97,89,24,27,39,42,96,55,79,84,33,13,13,27,7,32,35,83,83,82,68,28,52,58,84,87,17,64,63,12,12,19,92,62,53,52,36,86,98,6,39,66,41,45,37,24,60,39,45,19,4,79,93,73,90,40,14,77,28,72,72,18,95,21,17,78,72,32,41,3,95,0,3,61,84,78,0,78,53,2,39,18
73,90,100,1,41,55,15,86,55,50,57,97,34,9,63,79,21,61,48,18,21,61,94,78,9,7,47,10,33,92,41,57,24,78,35,6,29,88,8,100,70,47,16,36,86,14,80,81,51,37,11,46,26,9,35,16,22,32,25,47,29,71,36,97,88,30,23,97,10,51,42,92,89,70,53,61,46,60,51,66,82,11,10,95,94,16,79,69,12,69,54,99,56,26,30,45,10,43,16,63
56,77,49,39,83,13,93,39,6,63,35,16,3,43,95,58,16,24,95,22,6,68,94,34,1,44,51,28,13,7,0,79,57,34,87,17,8,30,35,97,61,69,18,58,77,3,29,79,53,68,78,68,22,44,83,9,41,28,29,42,83,16,93,72,24,17,42,43,44,76,2,93,52,21,74,26,5,5,6,77,9,80,85,65,15,88,10,19,1,34,37,60,35,91,34,4,69,60,25,78
78,12,18,1,67,61,58,70,82,20,38,64,40,65,55,85,28,95,46,35,21,88,0,75,11,27,68,65,44,68,38,25,93,96,76,76,78,95,23,55,55,56,87,99,62,86,86,46,11,30,40,43,34,80,40,36,20,80,66,16,64,50,47,13,100,65,41,48,97,19,46,4,58,38,97,57,96,47,68,91,7,58,53,70,46,33,81,2,82,11,23,60,45,12,12,38,9,39,80,90
29,32,53,52,26,40,86,79,55,77,39,30,33,6,88,0,84,88,42,99,50,87,76,24,30,82,62,97,49,41,92,25,81,81,89,48,87,99,66,30,75,54,69,47,65,77,82,86,56,84,60,92,6,25,50,34,67,100,49,87,94,86,66,22,62,57,49,100,64,23,31,42,44,79,57,8,31,51,98,59,99,56,74,75,53,50,29,80,23,19,85,71,37,55,49,81,89,97,97,13
90,93,58,30,71,54,36,91,55,26,36,74,54,14,33,19,28,58,26,5,13,47,6,65,64,40,38,63,61,43,80,35,29,6,45,91,16,34,8,87,83,50,79,67,72,47,15,3,72,91,63,29,74,47,68,53,96,62,36,94,95,98,45,20,36,82,87,67,33,28,91,86,21,82,1,34,35,11,5,48,40,37,29,82,36,61,80,18,86,84,20,62,69,38,0,17,64,77,88,40
10,51,70,38,19,10,88,10,18,47,32,73,58,47,53,95,84,80,40,3,54,71,42,32,91,29,57,73,44,39,91,18,48,42,52,20,29,32,10,70,94,47,2,50,52,81,25,16,43,53,30,79,55,41,31,27,95,18,78,26,73,27,93,89,15,95,78,28,0,69,31,43,79,28,65,50,64,40,26,64,84,0,94,82,16,10,40,98,8,3,27,82,93,6,19,60,62,34,12,51
26,77,56,54,31,27,6,32,85,83,7,25,93,84,25,4,87,47,12,70,19,42,23,59,78,72,4,90,18,28,47,61,20,9,34,95,50,0,74,17,66,80,80,80,56,92,66,35,64,35,50,99,74,100,57,34,25,16,42,85,74,60,64,85,82,42,96,58,31,1,18,95,56,92,28,26,35,95,69,78,98,37,14,56,95,13,95,59,96,61,5,98,98,82,49,36,54,64,74,83
89,45,62,98,70,47,46,96,3,31,98,25,12,5,47,36,1,72,14,62,20,54,32,67,77,95,25,38,48,9,80,11,24,43,90,27,60,92,63,27,49,29,35,8,58,3,39,50,60,86,27,86,39,67,100,38,69,66,56,36,52,6,59,93,25,57,100,17,41,30,75,99,1,57,53,83,33,99,61,69,26,41,20,69,81,5,50,65,41,9,49,57,74,24,10,45,9,41,74,65
22,35,73,74,58,15,93,46,93,73,79,99,55,54,67,0,84,75,70,89,76,75,100,55,36,15,51,67,59,53,54,5,84,84,52,17,81,34,50,74,12,34,35,81,1,79,65,98,85,42,97,85,23,81,14,71,3,81,31,65,84,97,27,31,20,4,17,51,61,3,3,86,41,73,29,17,63,17,95,73,69,84,87,28,99,95,22,82,45,70,50,24,14,83,2,54,97,40,11,22
4,72,55,67,65,66,20,10,13,78,62,75,24,96,92,70,95,91,100,61,97,6,55,33,92,12,32,98,96,73,81,42,11,58,66,97,48,48,42,84,78,68,38,65,70,14,25,39,61,1,47,96,73,70,90,20,65,73,20,99,30,23,2,2,84,25,47,4,98,3,91,29,14,47,97,55,39,12,98,33,8,97,71,37,96,37,66,81,66,6,52,86,13,64,83,44,24,73,10,79
58,19,92,76,86,40,35,74,3,82,88,27,10,16,47,72,9,35,98,23,23,56,88,42,23,50,9,90,85,41,93,83,43,84,45,46,9,6,99,86,5,53,85,72,9,99,85,59,71,65,78,21,2,34,1,4,47,50,51,74,36,96,97,77,48,28,52,72,63,24,99,55,8,40,100,31,72,30,43,9,23,47,23,27,12,60,76,42,70,42,4,64,13,75,12,59,49,12,89,98
62,58,45,18,44,86,87,66,78,25,4,75,19,15,13,48,37,2,93,22,82,0,19,6,28,47,96,71,51,0,47,29,68,42,55,12,38,12,46,87,95,74,30,13,86,81,10,3,18,1,2,24,99,70,90,55,88,4,55,23,61,100,66,65,14,55,84,77,72,95,18,21,42,20,70,99,76,54,11,9,100,65,16,76,96,62,61,6,67,54,63,82,99,50,58,18,82,76,10,4
13,7,6,93,33,68,35,100,54,24,10,43,86,27,35,60,16,74,15,2,73,11,66,62,14,37,70,13,82,90,89,85,67,51,45,96,62,4,34,22,45,10,63,51,88,21,9,20,36,91,74,85,90,86,87,94,83,88,22,51,0,61,95,53,49,91,11,59,87,26,45,96,89,94,94,0,50,13,86,99,67,54,88,17,74,82,72,64,34,40,25,61,57,10,52,94,42,100,84,18
35,30,36,55,47,79,76,25,16,53,49,94,87,75,45,14,71,23,100,30,74,32,91,54,64,58,3,18,84,93,72,59,37,41,26,93,66,63,57,85,29,48,94,94,23,92,1,1,50,44,37,38,31,15,25,69,18,62,64,56,39,23,32,38,71,37,59,22,35,60,54,19,50,96,37,78,68,63,69,27,32,83,83,44,1,77,51,4,10,1,61,28,0,31,44,83,38,73,46,45
34,35,67,41,37,90,63,98,63,19,65,70,14,86,82,3,18,3,17,6,55,45,41,44,8,35,49,39,33,44,6,7,77,100,71,5,73,4,63,34,84,64,36,58,53,44,13,93,88,60,86,99,4,92,46,2,31,71,55,92,65,23,74,4,11,6,28,72,32,29,80,10,23,72,38,75,21,89,92,52,35,39,67,57,37,20,80,37,68,51,28,33,28,33,82,36,40,65,3,25
31,11,48,74,34,95,46,27,40,22,19,3,58,56,13,20,56,70,92,100,100,43,96,42,4,69,46,88,9,71,95,30,37,58,75,61,17,41,35,100,89,41,80,98,93,75,94,17,72,16,74,29,14,59,13,90,79,31,95,55,87,85,72,52,5,0,2,14,3,93,84,54,96,95,40,81,50,97,48,62,45,6,27,69,38,80,76,73,20,87,70,84,57,81,44,16,6,76,81,26
87,83,2,88,41,22,78,34,86,77,40,37,63,36,38,85,50,9,35,17,66,98,65,24,12,67,56,49,99,56,6,73,12,26,19,45,38,26,62,65,14,78,77,0,60,80,77,9,14,30,51,55,18,87,84,25,0,97,71,6,47,98,87,84,73,37,100,32,51,22,47,4,52,41,23,1,37,26,95,97,41,20,75,35,64,30,68,41,60,0,77,20,67,2,24,87,12,73,78,67
38,58,94,47,46,66,89,95,81,6,5,42,33,46,29,4,33,5,79,72,97,5,81,6,58,13,20,42,84,26,60,56,94,16,29,23,52,50,35,21,4,77,41,40,95,59,37,61,24,100,2,21,87,70,64,19,55,47,38,35,35,90,11,5,71,19,32,18,43,46,26,77,66,71,50,75,50,75,19,17,35,35,24,35,74,86,81,81,89,50,25,0,81,36,58,59,71,86,20,93
82,39,5,65,57,40,88,80,50,58,39,88,87,57,67,69,44,48,47,81,19,48,91,26,85,77,67,2,61,92,1,46,44,84,73,96,28,89,17,29,52,27,42,0,96,68,87,34,87,81,88,59,24,77,52,33,6,42,53,84,96,96,91,12,31,2,84,20,7,89,20,35,65,14,93,24,42,35,6,82,78,14,15,66,99,83,49,75,69,7,64,74,48,37,27,56,81,16,26,14
1,40,24,52,5,67,44,80,70,3,12,59,10,22,87,11,22,78,67,45,26,69,70,97,50,44,4,60,12,48,48,30,71,3,47,86,3,11,78,16,61,8,12,72,37,79,33,78,23,65,37,25,81,31,92,89,34,64,0,35,84,83,74,68,64,70,19,41,3,46,15,75,55,46,42,55,15,58,54,89,89,37,92,65,2,7,6,46,73,21,36,26,46,64,89,38,64,90,63,44
66,22,70,26,62,20,79,93,69,45,66,44,48,5,87,64,98,51,4,94,99,4,11,35,80,82,36,96,9,28,23,89,27,91,31,19,84,39,48,10,36,4,41,45,13,77,98,47,70,89,90,92,5,80,76,11,13,66,36,75,47,68,58,54,58,38,95,78,78,67,7,37,46,47,19,49,42,73,44,35,34,9,68,32,32,76,20,69,49,56,18,14,86,44,75,77,13,15,5,12
7,4,62,36,11,1,27,53,83,86,61,84,53,61,48,21,24,38,80,44,99,41,45,2,5,28,87,97,78,83,51,29,62,61,49,85,75,12,34,19,62,99,46,17,99,72,89,90,83,98,38,50,85,61,27,26,53,76,98,79,69,28,77,83,89,7,100,7,42,33,6,12,3,25,43,2,28,30,51,91,31,82,88,58,20,44,60,71,8,8,3,7,16,59,86,13,59,55,25,67
72,43,94,100,7,29,51,94,72,90,82,56,92,95,8,48,64,78,80,48,59,54,66,36,26,65,0,8,56,5,87,94,20,86,10,70,65,14,60,65,1,10,9,77,88,63,21,53,73,79,98,39,70,67,1,86,6,32,28,89,97,68,29,30,45,79,63,8,94,81,49,32,31,13,11,84,4,51,74,56,36,9,56,42,69,42,67,15,50,8,92,98,35,18,13,55,46,19,93,79
79,33,31,26,84,1,88,20,93,68,64,75,23,22,24,13,30,19,59,10,32,69,46,68,84,100,52,85,47,88,52,81,46,21,20,13,10,7,74,29,44,56,9,12,48,48,70,51,50,1,21,80,10,4,11,89,70,9,48,78,22,8,81,22,5,2,84,38,30,62,33,53,71,41,7,26,20,27,66,8,45,21,66,85,62,73,93,17,35,71,82,96,20,62,48,47,38,29,15,86
42,30,84,96,100,49,86,52,70,72,30,60,26,98,48,71,0,44,9,80,52,92,94,54,45,31,39,93,98,70,89,47,47,46,85,54,94,66,63,38,51,0,70,70,59,17,58,61,77,63,63,66,77,6,82,80,38,88,32,63,74,44,37,97,27,25,7,81,35,68,92,62,60,95,64,3,95,95,46,43,74,77,71,97,4,67,47,21,77,66,55,69,94,15,66,37,78,62,23,8
11,0,74,64,22,22,19,68,57,68,4,90,82,78,92,4,1,26,63,19,69,51,34,21,36,6,35,49,24,20,7,3,2,42,94,49,99,5,6,11,66,65,88,28,30,17,89,32,61,54,29,94,64,5,100,78,57,46,18,32,67,28,21,32,11,13,19,48,20,15,32,71,23,1,76,70,57,74,59,52,25,26,13,83,91,9,39,64,52,51,67,81,69,44,34,95,76,31,90,82