81,30,55,44,90,42,34,57,17,42,38,22,86,79,97,55,3,72,99,42,83,61,33,94,55,97,60,19,31,71,13,94,90,45,70,32,19,6,47,94,65,30,98,11,73,74,98,25,99,5,30,57,51,69,30,49,13,93,20,94,71,12,100,16,40,4,24,13,66,66,65,35,83,48,88,69,90,65,84,57,30,39,35,0,94,1,91,95,39,18,89,77,51,28,38,87,53,77,20,62
38,57,1,90,1,13,41,53,21,81,73,93,9,96,38,77,17,66,48,11,22,100,99,79,43,83,43,68,74,98,31,32,17,68,94,51,22,37,45,60,33,97,63,90,88,97,5,20,43,83,54,38,71,42,30,51,69,70,1,55,80,53,86,30,65,17,68,84,6,64,90,21,11,71,42,63,41,11,6,54,83,48,80,69,67,65,71,63,49,82,99,38,59,0,41,55,24,10,62,24
98,79,1,58,68,44,14,43,97,46,62,99,88,5,32,4,1,29,75,89,12,71,69,24,37,28,35,43,90,52,100,91,17,91,13,57,69,17,43,63,61,33,83,74,25,67,48,73,47,46,64,32,12,40,96,59,54,43,36,62,15,84,67,24,89,70,42,91,70,32,11,95,38,95,100,12,5,37,52,78,10,17,77,33,53,100,87,35,80,88,33,37,29,45,9,45,76,59,21,58
79,100,32,49,21,38,82,42,46,68,39,2,67,36,93,63,41,6,81,77,8,36,88,31,25,97,30,23,77,0,95,71,61,59,28,48,17,32,64,32,52,77,68,80,95,76,57,10,80,93,95,90,3,7,92,82,43,34,13,16,75,9,11,58,69,15,8,95,31,0,97,39,10,41,84,21,2,3,82,50,20,10,28,91,37,33,38,98,73,59,96,28,46,85,43,9,32,38,76,6
15,40,99,45,68,9,90,60,40,61,5,0,65,84,78,2,45,23,70,9,55,30,19,37,61,30,2,15,11,25,100,52,88,23,39,31,19,56,78,61,15,45,45,45,91,53,72,96,64,84,42,46,81,66,7,100,74,42,99,71,7,61,63,4,83,68,83,90,80,37,85,18,95,3,79,92,31,66,49,99,18,91,67,80,59,79,9,3,45,99,7,53,79,95,80,30,52,81,56,81
37,56,52,15,63,30,90,83,74,46,44,42,76,69,16,88,28,72,67,72,39,10,89,87,1,63,81,77,35,96,4,89,27,62,55,50,75,23,85,95,60,48,16,76,11,37,0,9,80,80,48,65,79,87,69,29,88,42,3,66,96,16,30,51,37,45,31,8,7,52,91,43,20,64,0,71,89,15,87,0,41,91,76,8,74,44,54,46,80,96,30,82,99,99,66,48,48,68,34,68
24,48,44,46,77,38,79,18,22,54,100,64,98,40,78,64,37,10,3,10,2,82,37,77,23,64,76,55,88,81,1,97,8,96,43,39,59,11,68,8,30,56,89,86,20,15,59,98,79,93,75,89,69,4,85,3,24,87,86,72,6,25,26,75,70,64,82,100,97,46,68,36,0,31,10,17,80,17,96,55,55,61,26,72,36,11,41,40,9,55,45,72,59,74,65,71,57,85,24,58
47,35,97,54,45,75,71,72,72,51,75,87,76,98,16,93,37,38,93,49,37,30,18,43,98,17,41,77,24,3,30,80,20,61,83,15,70,2,16,28,2,69,8,28,15,15,41,72,23,64,41,87,94,69,42,8,37,33,80,91,73,50,81,45,12,99,9,28,13,20,5,13,38,15,47,5,64,8,29,23,56,77,1,55,85,89,57,90,82,72,37,91,18,10,11,31,75,17,3,27
30,4,96,3,78,60,82,71,77,54,5,96,63,61,20,54,46,62,38,49,39,100,94,16,84,86,89,3,48,5,22,43,22,94,38,17,74,47,93,7,9,64,15,94,2,40,89,67,34,41,42,2,22,22,42,89,64,41,91,44,18,51,63,75,90,33,35,44,22,9,100,10,0,75,16,92,31,47,43,78,48,98,57,39,79,85,35,68,57,33,53,83,47,21,67,93,94,19,22,53
48,47,0,95,80,57,57,69,84,16,29,55,12,54,45,5,39,88,70,19,2,81,88,39,99,19,45,77,53,36,64,15,11,43,50,10,16,14,99,55,19,17,0,56,4,63,61,84,26,34,19,22,40,3,77,54,79,68,44,89,95,40,60,31,74,2,47,3,74,65,34,60,57,59,91,69,53,88,94,72,60,52,96,50,35,90,4,68,21,46,94,53,15,41,84,63,95,66,19,89
26,27,8,76,34,28,15,91,33,69,99,20,0,77,85,40,2,31,20,86,52,100,99,58,62,73,64,34,30,57,10,23,39,48,82,63,25,67,51,49,91,89,13,81,66,5,65,73,7,3,1,28,24,57,90,51,40,47,3,82,32,98,31,27,77,8,15,37,75,5,97,41,95,92,89,84,42,48,16,32,98,44,59,49,51,63,12,42,20,61,2,91,62,30,79,4,53,88,37,4
61,44,29,45,57,10,87,4,55,52,3,1,66,48,97,47,80,80,11,32,53,58,26,67,15,65,6,60,64,17,79,64,58,87,80,7,16,93,34,81,40,30,38,42,94,73,82,95,43,33,2,88,97,13,41,29,87,60,11,76,91,8,38,44,67,61,14,18,11,74,58,23,5,96,74,96,69,54,57,1,20,84,9,12,34,62,64,76,29,67,97,8,36,52,96,92,35,21,3,86
97,70,17,20,61,37,77,31,37,18,4,37,13,54,75,12,67,27,24,47,20,35,43,43,20,88,96,27,100,47,21,22,15,29,11,20,100,81,21,98,51,75,66,93,98,42,19,84,42,52,20,79,22,57,23,87,92,11,79,41,36,50,90,18,2,44,57,83,32,10,72,35,35,7,67,85,6,69,13,38,20,20,50,99,30,61,51,56,66,40,55,81,64,82,89,15,13,22,24,58
67,96,96,44,95,98,58,60,86,54,75,53,11,5,92,2,85,60,20,71,5,71,65,5,45,67,76,1,66,4,14,92,81,55,56,9,71,93,27,30,78,24,44,92,95,36,16,32,46,69,78,70,1,14,60,9,80,14,94,37,34,77,58,93,63,72,41,1,76,81,89,21,33,11,8,66,94,34,90,10,54,0,57,43,47,45,76,93,48,3,14,76,46,40,0,53,28,6,60,65
1,93,95,72,60,32,87,91,45,75,85,53,40,51,29,93,19,20,94,56,99,59,18,47,56,33,21,80,50,55,99,76,70,63,53,79,1,62,36,84,95,97,17,55,85,47,99,2,7,37,52,96,34,2,89,31,72,36,21,55,29,30,36,72,48,6,47,7,89,60,40,13,9,85,58,44,93,54,10,42,38,30,78,51,50,60,52,81,79,73,26,29,46,43,20,72,70,40,21,85
37,73,98,89,32,48,85,29,61,39,99,76,93,12,16,82,63,84,7,11,46,18,56,53,50,88,13,13,17,39,86,95,81,22,63,3,88,62,66,79,54,28,47,18,76,31,23,53,47,16,79,73,95,39,100,36,83,2,54,45,55,24,47,43,89,13,10,77,78,65,17,69,26,4,73,93,18,91,97,2,48,10,58,23,26,44,53,39,91,97,12,22,18,28,19,15,73,58,74,5
34,77,4,13,65,7,59,99,2,83,75,60,4,45,40,80,65,81,1,16,77,28,100,72,71,69,96,17,2,30,77,92,89,1,38,18,89,50,45,41,20,16,68,74,95,81,25,65,1,36,21,42,80,25,78,16,76,94,21,74,97,3,87,78,53,16,93,68,42,56,26,92,23,74,61,24,81,8,17,58,40,31,85,78,5,80,43,49,74,6,17,39,70,48,100,22,76,93,36,8
4,19,14,78,46,43,10,6,47,51,63,21,67,89,4,1,83,44,79,64,42,59,71,49,64,82,64,19,7,32,14,43,77,31,23,57,71,88,20,43,45,77,75,59,9,94,97,100,86,80,97,9,90,1,8,98,7,92,30,30,0,27,66,91,47,3,24,93,81,60,52,18,1,35,28,71,32,96,65,67,30,21,15,5,90,70,87,32,21,46,8,42,63,81,54,6,17,46,48,47
44,30,96,41,0,8,1,80,29,60,93,88,13,55,45,4,99,51,77,17,33,52,3,91,29,100,100,24,43,4,24,31,88,7,5,16,52,11,63,40,58,57,85,80,27,95,93,94,43,81,89,37,11,38,99,24,82,16,37,71,90,99,56,90,85,28,43,77,85,99,78,8,28,50,47,99,43,65,60,86,81,43,89,63,84,32,32,64,2,3,84,54,98,17,42,89,100,23,67,73
61,11,43,92,51,31,64,3,96,16,79,29,50,51,13,29,32,34,74,99,74,36,60,7,96,88,62,69,26,34,34,34,63,15,83,4,8,60,92,36,80,34,22,94,74,31,15,46,4,24,64,80,87,96,2,16,71,18,29,87,58,45,49,30,19,94,73,7,36,17,49,98,92,75,63,98,75,94,41,97,83,20,83,37,0,97,65,4,53,80,16,84,96,65,74,35,48,83,29,80
70,96,98,65,79,71,20,39,6,23,23,75,68,14,28,69,20,96,65,51,33,35,7,2,85,64,18,19,62,15,49,59,19,6,2,77,56,66,28,27,99,53,74,46,2,80,82,13,73,3,73,10,72,7,97,59,42,67,79,64,66,8,1,51,49,55,36,47,36,69,80,71,1,6,94,71,25,94,0,11,61,40,100,45,51,78,92,73,21,65,66,15,30,68,93,24,6,23,30,99
36,53,88,2,32,48,7,41,39,28,37,70,53,5,84,53,99,89,45,48,23,16,50,7,39,63,76,98,46,24,57,87,55,86,63,39,76,26,91,44,1,24,4,68,81,99,25,26,75,95,66,90,60,40,25,12,89,68,52,45,27,89,3,100,81,8,5,75,67,82,90,73,80,11,23,10,3,1,60,55,60,67,60,99,99,8,36,45,52,99,17,54,45,35,17,21,37,25,8,9
74,21,17,33,61,52,78,16,77,39,69,78,37,85,50,91,89,50,38,96,55,52,44,76,47,1,72,84,82,98,89,53,61,63,42,22,71,21,34,31,44,57,46,46,50,35,25,23,37,82,29,29,95,57,44,72,8,15,63,14,10,27,54,87,98,92,91,5,81,3,79,95,94,18,93,6,24,44,98,12,10,54,98,75,13,13,97,8,60,61,35,71,52,72,75,96,56,81,1,21
95,17,92,93,49,52,23,93,81,18,29,12,85,21,98,29,52,46,58,81,96,40,80,46,60,35,76,6,20,8,64,99,5,21,49,67,100,61,76,13,52,7,81,85,15,19,63,55,95,60,39,57,28,90,49,6,95,100,43,78,30,32,18,4,30,83,9,40,94,44,4,32,27,24,16,97,73,60,16,3,11,19,94,66,39,88,64,85,11,17,69,7,93,55,11,61,59,60,62,43
98,8,82,44,37,65,61,42,24,26,15,19,62,37,59,50,58,21,92,78,55,64,96,25,96,16,33,51,55,60,79,28,94,85,13,40,28,24,94,31,14,47,26,24,64,97,19,99,100,90,56,20,98,13,70,36,85,51,90,54,63,37,50,90,0,60,90,26,74,79,71,23,24,46,15,85,6,91,0,14,89,46,28,39,20,85,20,41,98,95,89,57,13,0,91,23,74,0,30,82
54,7,80,78,97,90,11,31,61,46,81,29,39,11,55,4,36,45,74,35,37,87,17,75,76,98,83,79,75,94,9,70,47,50,79,61,40,28,4,63,84,12,36,51,47,42,23,39,48,18,8,33,65,8,63,7,5,97,25,38,69,42,32,33,84,21,66,43,51,99,83,42,21,38,15,49,39,30,53,24,34,83,81,13,73,48,9,66,20,84,64,45,40,75,0,38,77,25,98,87
77,89,66,96,84,66,94,31,91,74,16,12,88,33,64,97,73,45,74,81,15,76,81,63,82,10,0,92,23,85,100,29,63,68,79,5,99,30,45,49,99,95,84,34,17,70,50,19,8,53,54,22,33,39,31,33,21,87,73,89,24,76,25,74,3,83,87,87,11,44,38,73,42,54,58,18,24,31,90,52,87,24,25,57,53,4,93,25,80,49,55,68,65,48,54,93,34,72,94,93
30,48,85,31,40,43,31,48,58,21,35,29,48,100,56,51,1,79,96,51,94,6,8,19,50,30,32,42,41,43,88,80,28,35,6,87,15,85,58,91,12,73,34,72,90,23,75,89,79,14,60,57,43,84,65,3,8,39,93,97,76,80,90,64,94,8,97,72,3,9,38,82,45,29,44,19,47,23,44,32,53,11,22,84,61,15,7,49,100,93,63,24,33,51,94,84,91,29,12,24
49,19,40,50,30,15,83,52,59,80,12,54,89,13,37,79,92,25,24,30,3,22,0,0,86,41,33,20,49,57,83,68,9,55,56,71,51,53,56,33,73,65,35,94,60,38,79,95,90,95,35,66,54,13,86,12,77,49,4,15,51,51,3,56,19,95,51,65,20,15,75,39,1,15,53,68,74,62,55,59,79,99,86,41,15,49,75,50,55,49,61,29,79,79,55,100,20,69,42,61
69,0,69,74,22,98,35,42,89,36,8,26,42,21,78,72,36,53,100,64,94,30,16,74,51,91,17,40,13,11,95,56,36,52,89,76,35,17,99,79,89,19,69,40,20,81,30,93,84,36,36,54,44,69,14,80,44,46,7,46,95,44,8,15,99,97,78,75,86,3,25,100,95,43,87,13,42,1,50,49,28,53,32,92,93,92,83,89,58,44,82,39,65,65,85,5,86,62,38,75
96,57,21,72,65,58,5,39,52,18,90,82,35,12,12,55,2,14,13,88,13,78,57,4,37,2,89,96,28,86,74,87,81,93,59,79,21,59,21,47,40,80,12,72,9,75,8,41,78,62,20,82,34,34,18,38,23,96,12,72,3,24,71,42,30,67,93,33,79,63,25,76,94,25,29,60,92,7,62,64,58,23,73,77,92,92,3,51,56,50,61,44,71,49,89,84,41,93,70,67
28,21,36,8,57,12,75,48,23,72,73,78,54,39,77,26,48,69,44,21,56,32,43,71,45,34,69,78,79,7,52,6,84,60,43,99,63,60,4,60,35,35,4,89,54,93,38,19,55,4,20,72,39,71,20,43,72,86,85,34,45,10,60,27,78,59,64,11,38,67,44,77,89,97,43,98,91,59,5,93,44,77,37,54,82,18,90,89,72,3,84,26,99,64,93,21,72,78,98,27
82,64,94,52,14,83,29,88,62,53,13,100,94,75,43,78,37,39,40,16,42,22,21,78,4,95,93,78,39,61,65,26,63,77,41,80,79,55,21,14,66,68,42,51,55,54,93,38,80,26,37,14,26,52,91,57,31,63,31,71,9,69,48,57,32,96,50,71,36,67,79,46,34,4,88,22,64,0,62,33,8,48,65,96,90,45,35,96,70,8,10,96,28,0,72,62,32,90,87,32
2,82,54,7,80,39,41,92,0,38,46,13,61,15,19,9,70,81,74,36,23,8,50,91,87,52,73,25,59,14,36,23,7,47,99,39,50,92,32,38,76,78,63,1,77,87,58,50,74,63,38,98,74,2,14,82,92,94,42,65,54,22,65,25,34,1,87,35,8,56,32,18,18,94,15,83,0,83,72,72,86,82,20,33,88,41,85,42,18,3,53,34,69,63,62,84,57,62,87,91
94,54,84,97,13,42,81,47,68,23,88,9,12,100,40,67,89,42,3,90,74,3,25,55,69,85,6,50,58,42,55,88,50,42,15,33,24,65,57,79,4,18,15,83,53,1,26,84,95,64,40,1,16,87,35,75,92,6,68,10,83,91,84,97,27,47,64,91,46,0,82,87,99,96,73,89,72,76,41,85,18,95,65,57,11,50,78,91,62,44,61,91,74,15,55,92,73,33,85,88
12,88,50,87,15,47,12,81,85,27,45,12,25,26,22,19,88,74,96,17,8,77,78,40,13,41,53,40,46,12,7,13,8,25,40,38,7,57,87,97,27,49,12,1,60,48,6,78,11,13,80,97,72,35,54,95,37,8,88,20,14,100,34,49,98,34,32,32,42,75,39,54,26,24,44,85,71,35,72,87,56,61,90,78,37,19,35,34,61,46,95,76,38,44,40,29,48,71,59,39
86,43,70,93,57,32,9,27,12,94,40,82,70,37,47,71,58,88,94,30,73,39,94,28,24,28,96,48,23,56,98,79,31,83,8,51,33,30,11,49,0,38,53,26,0,16,32,85,82,74,0,92,40,1,11,42,15,58,27,20,63,3,75,84,74,63,9,85,52,43,54,68,8,40,93,93,34,68,6,48,100,63,97,58,88,60,59,50,80,63,25,29,75,43,28,32,18,34,1,7
33,25,22,10,10,46,44,14,94,33,51,77,56,86,61,0,78,57,28,8,83,56,88,73,25,87,90,8,29,97,11,67,71,38,94,31,59,73,93,27,29,66,52,41,39,99,43,80,4,72,58,88,78,34,47,93,100,56,56,92,47,51,67,98,19,83,74,7,27,65,29,93,82,40,96,44,22,30,100,90,92,77,13,67,84,99,30,71,63,17,26,13,46,2,98,82,92,86,100,41
52,20,67,2,92,11,26,90,92,72,56,31,69,31,93,72,43,55,48,57,54,49,59,45,68,40,57,18,53,96,69,87,58,26,44,37,62,91,67,95,48,56,93,28,82,25,26,38,88,3,8,86,82,24,62,44,10,46,87,26,84,94,6,6,1,42,74,87,68,26,42,6,43,57,14,73,1,15,22,36,58,59,83,98,69,10,80,91,49,46,55,76,40,2,56,30,24,59,92,100
95,83,65,96,79,93,5,63,35,90,42,24,75,30,43,41,39,57,34,28,24,78,50,51,43,63,46,34,38,24,97,24,3,100,79,24,30,24,39,83,92,81,83,61,93,50,100,38,15,48,75,43,28,14,61,52,8,56,68,88,33,64,58,95,53,0,16,93,51,45,85,86,14,82,57,9,56,24,37,27,15,47,78,92,38,70,75,21,78,53,92,76,28,40,80,31,55,45,51,9
40,30,61,67,51,37,98,2,39,29,31,4,58,27,45,62,35,23,0,99,51,69,55,37,30,26,93,64,87,76,87,4,8,14,60,77,97,10,75,14,95,50,34,13,21,65,59,96,11,61,40,82,72,86,11,53,10,73,11,2,14,7,41,61,33,49,92,64,92,22,34,59,63,85,68,28,69,63,62,47,80,66,47,19,21,10,40,71,55,1,37,70,85,3,41,17,24,94,68,74
63,55,47,68,67,30,31,80,9,12,89,86,38,51,74,12,74,16,94,31,22,88,80,8,39,52,74,4,44,100,8,0,79,30,4,49,49,2,26,58,56,95,59,24,96,59,23,22,10,42,84,10,14,66,11,46,92,93,8,59,1,77,53,39,76,19,97,17,7,42,65,87,70,59,59,99,29,51,86,60,52,32,27,100,38,86,3,80,90,100,57,3,8,86,67,41,46,54,33,15
51,86,63,39,21,81,78,97,64,67,52,19,36,31,33,95,100,43,68,72,72,92,68,90,13,87,53,6,83,50,89,93,72,100,90,45,72,55,0,90,11,92,50,36,47,99,43,79,14,15,100,99,31,13,22,75,58,90,55,67,39,32,64,84,44,14,47,52,76,95,15,53,19,43,52,41,62,61,63,52,59,90,91,75,56,7,53,87,44,26,72,58,27,43,59,13,47,52,93,86
16,72,67,27,56,17,7,49,96,52,49,62,8,16,52,31,91,54,43,9,64,26,71,6,63,49,64,61,49,42,51,79,0,82,26,10,54,52,23,9,3,78,76,38,31,57,25,27,25,88,11,12,30,92,60,10,29,60,61,86,100,78,19,72,96,29,80,99,47,15,51,67,46,48,63,60,50,37,59,36,6,79,64,40,30,64,94,10,1,31,97,42,52,45,95,81,20,0,58,47
83,54,32,15,45,41,97,27,5,85,26,20,8,14,93,58,67,41,64,96,2,44,33,95,50,62,68,100,0,75,40,53,60,98,6,18,0,70,54,97,66,87,98,41,82,71,36,10,32,24,89,43,81,10,57,39,79,24,86,31,48,82,63,88,95,49,58,41,49,3,41,81,58,0,75,44,6,88,100,51,33,29,9,86,62,58,44,14,27,57,30,98,68,65,28,89,80,98,81,25
72,62,40,24,31,3,86,49,85,96,2,26,60,67,13,17,75,4,43,15,59,38,24,5,71,12,57,1,52,30,15,23,63,63,22,0,84,63,1,92,24,8,37,62,92,93,89,70,87,95,91,11,19,54,1,60,72,5,38,37,23,76,33,93,31,8,19,71,37,47,41,57,22,37,52,20,13,45,5,43,95,79,10,18,40,55,90,82,8,29,74,34,12,8,46,66,2,35,78,36
26,11,48,25,37,41,31,80,12,74,3,76,37,89,38,57,87,87,7,34,89,81,70,9,94,33,19,34,47,96,3,48,55,2,4,75,44,95,8,33,58,94,60,8,65,7,24,19,22,46,41,22,79,8,45,90,27,38,75,51,100,1,37,54,91,28,49,82,49,25,5,78,75,69,96,76,48,54,89,50,99,35,9,12,49,62,12,58,56,65,96,66,46,0,33,30,62,0,41,54
32,66,8,47,19,93,58,14,67,25,49,23,71,7,89,51,42,62,100,35,79,55,100,20,80,33,65,16,53,94,58,7,65,100,70,21,5,28,56,75,48,76,8,33,4,34,56,17,41,90,35,71,63,96,30,93,86,44,28,12,76,10,27,97,52,19,12,23,98,80,3,58,2,52,29,81,28,95,91,21,76,34,42,62,65,42,85,40,26,49,83,50,24,50,17,33,1,11,14,12
7,32,81,65,62,25,11,12,76,38,66,49,85,23,63,41,70,65,96,55,99,82,93,97,97,62,4,59,72,59,4,86,41,25,37,42,70,96,7,97,49,79,68,53,81,7,8,24,82,8,93,85,16,10,13,28,45,13,95,73,88,24,44,77,98,48,35,28,99,19,24,12,79,19,11,35,42,0,55,86,20,51,64,55,35,92,36,57,95,52,73,59,76,39,77,5,79,63,46,73
71,81,57,63,4,41,88,66,80,30,34,47,63,65,63,50,44,64,30,7,20,37,11,33,79,45,40,3,40,32,61,7,45,85,53,69,54,19,81,85,13,9,71,0,82,41,92,66,84,92,14,81,7,97,25,25,6,40,65,42,5,87,9,41,33,51,10,40,56,87,99,61,10,64,87,83,52,71,27,67,65,51,35,42,43,95,48,3,51,30,22,49,11,81,43,39,91,98,41,38
98,83,73,50,29,87,5,57,64,76,82,35,21,91,79,47,96,46,5,31,3,36,40,26,82,87,34,84,57,12,92,14,40,16,20,80,22,75,47,78,75,12,78,11,2,8,15,78,4,56,61,50,30,54,53,36,60,63,9,19,53,33,14,21,77,26,54,87,78,46,14,33,23,99,48,23,83,53,54,12,89,29,33,16,95,1,31,91,46,27,8,20,15,59,34,10,87,19,94,67
47,9,64,64,97,78,9,38,43,65,74,51,77,62,51,82,37,4,18,25,94,47,48,58,12,21,91,85,27,67,97,98,78,18,16,71,33,53,66,13,98,85,33,80,42,32,61,72,33,29,61,24,46,74,60,85,92,93,42,56,48,70,73,94,100,91,37,19,98,71,37,67,98,38,27,67,81,87,59,14,7,82,62,66,61,78,60,42,57,17,81,42,35,44,76,33,87,90,1,23
40,24,22,34,74,54,98,81,53,24,12,37,66,100,66,28,68,92,97,39,12,84,99,20,38,52,92,21,38,27,55,19,30,87,95,81,0,73,83,49,53,2,43,27,43,42,90,74,56,43,44,28,59,55,43,88,95,49,27,32,15,12,50,83,78,26,70,95,14,77,69,65,72,67,65,8,87,62,86,80,98,67,75,2,30,1,41,91,7,83,42,80,13,95,80,46,98,6,15,34
47,77,56,82,46,6,48,71,5,93,17,18,38,65,54,63,11,78,14,65,77,100,54,2,76,48,49,74,44,36,43,90,93,87,94,27,4,80,8,75,47,93,28,31,91,61,74,5,80,73,20,64,25,68,90,6,77,99,93,15,12,76,11,12,37,37,27,4,83,41,45,31,4,11,9,76,0,27,54,54,31,7,81,34,16,23,31,7,18,22,32,32,60,31,12,77,89,43,33,5
60,80,91,62,4,83,68,81,23,38,34,21,53,41,88,85,39,71,20,94,44,40,11,70,63,44,68,84,56,73,28,85,37,10,25,17,25,100,29,71,96,72,16,4,5,33,10,75,0,97,83,84,63,35,5,63,10,19,76,70,62,6,61,18,92,1,64,42,67,68,23,74,54,44,28,84,33,42,33,11,55,29,23,94,41,11,29,42,60,46,93,32,35,79,32,50,87,44,8,33
47,15,24,62,7,55,100,75,58,45,82,47,89,26,78,67,73,97,60,7,6,46,46,15,73,16,25,36,67,14,52,96,90,15,68,62,61,71,54,76,88,88,85,61,73,55,89,87,87,76,8,9,78,9,40,29,5,18,73,41,100,11,71,39,84,1,55,1,54,53,67,92,97,27,81,95,35,27,66,52,62,20,44,75,98,4,64,20,85,3,99,18,75,58,56,4,2,79,65,15
30,80,59,38,21,54,44,24,6,81,5,15,38,27,71,25,32,95,35,50,23,99,41,64,68,22,9,4,4,65,75,40,13,89,53,9,64,43,66,39,30,4,44,12,72,2,3,55,0,13,23,64,15,34,8,4,47,7,98,87,61,18,76,10,28,1,26,45,61,7,51,97,6,39,51,17,78,22,47,63,68,32,88,61,47,27,66,39,16,81,7,47,21,97,26,10,0,64,23,20
9,59,11,77,60,25,11,13,43,52,51,45,82,62,35,98,18,32,44,82,32,42,92,68,54,64,89,87,86,65,37,70,18,89,19,33,53,22,63,85,37,3,27,57,22,29,5,85,29,28,80,45,100,26,87,90,75,34,90,6,53,68,42,0,42,14,3,71,88,6,89,76,37,72,62,81,62,100,100,8,96,98,32,39,60,11,65,11,49,34,94,0,32,89,13,22,82,12,11,79
88,55,90,93,98,76,61,91,16,15,29,48,30,31,14,46,62,38,37,41,96,26,66,90,49,59,91,100,17,3,54,50,56,82,32,53,55,23,50,54,94,24,16,54,94,70,66,73,77,0,20,45,17,42,71,5,87,79,43,89,33,71,73,2,28,0,17,12,12,52,0,65,58,99,78,34,12,40,66,69,29,58,45,96,76,30,38,64,52,89,25,53,29,16,21,35,66,35,47,67
32,78,98,57,21,74,83,74,45,63,45,83,75,5,7,39,7,84,50,18,18,6,95,31,58,40,9,24,63,5,59,4,12,88,84,49,5,33,49,48,23,92,88,70,17,99,64,46,63,5,68,86,86,67,41,72,82,90,81,15,53,21,49,73,90,16,59,57,18,58,74,95,24,29,87,29,86,82,52,10,61,25,24,9,10,14,43,55,100,64,81,77,66,9,54,11,90,97,27,44
32,97,82,67,36,17,2,9,61,89,46,13,80,23,7,5,9,18,13,19,0,37,13,96,10,52,78,77,30,12,58,69,77,73,4,83,7,38,73,41,72,4,62,66,74,76,48,70,88,98,82,35,98,66,44,50,83,32,13,42,67,60,58,85,30,12,63,58,50,94,47,76,18,55,59,89,31,32,81,30,90,90,6,12,15,91,77,22,12,69,2,75,41,39,70,92,58,49,99,90
4,49,39,49,23,62,74,59,43,96,72,76,22,78,54,34,49,41,100,79,40,79,27,69,89,83,43,10,96,47,94,76,28,36,50,16,17,2,2,71,0,66,63,71,87,57,9,50,84,22,54,55,50,63,45,85,49,87,34,94,38,98,55,13,87,65,77,83,97,33,27,3,77,17,74,17,78,96,0,98,8,1,67,82,68,63,73,69,68,90,95,66,84,64,40,89,29,96,100,30
41,43,1,38,75,30,22,43,75,87,94,74,79,99,16,85,69,8,79,78,91,4,92,96,68,64,41,26,58,15,71,38,79,7,39,16,40,22,27,34,95,99,90,91,42,33,14,20,62,96,16,67,55,57,77,27,52,8,93,4,29,36,9,67,23,48,48,32,19,84,28,3,65,97,1,33,91,13,92,22,25,13,40,36,18,55,10,34,4,68,6,48,48,15,80,98,50,63,19,70
12,13,53,73,86,84,73,40,38,85,41,41,72,84,30,96,57,66,11,40,24,7,41,19,42,36,22,79,11,54,13,32,76,70,9,47,45,27,38,40,1,21,26,92,12,94,69,9,81,33,14,4,90,53,44,29,56,93,54,92,21,32,70,61,82,31,32,78,36,86,33,46,88,23,59,83,86,31,70,6,29,65,42,80,11,46,42,33,23,13,64,43,92,13,25,8,4,18,35,31
66,81,74,19,10,48,89,31,28,69,81,60,67,94,1,83,72,29,24,79,84,66,40,85,51,38,41,14,26,85,31,44,86,92,88,23,26,42,80,14,41,38,17,27,59,26,92,48,55,75,8,84,79,61,72,6,40,77,60,74,44,44,65,17,55,68,24,59,4,79,71,9,60,38,12,85,22,75,87,18,53,60,72,16,93,8,36,18,39,3,69,38,62,39,46,66,35,94,96,11
69,76,100,58,78,96,78,55,92,31,37,32,77,37,32,39,5,61,2,34,32,7,40,45,4,46,8,53,35,93,10,40,75,88,19,23,4,83,16,49,67,87,43,37,78,27,46,4,96,85,70,82,90,86,4,100,60,71,45,10,19,11,13,47,20,76,45,13,42,49,91,3,18,11,47,39,95,77,67,58,69,68,53,92,87,74,34,62,42,40,27,71,40,90,41,74,66,21,8,74
20,96,24,97,16,22,60,38,39,41,65,4,46,15,13,77,86,73,89,32,61,9,97,74,7,59,88,44,87,8,56,25,48,87,62,37,80,65,52,30,58,42,6,95,94,35,18,70,14,8,13,36,39,70,21,83,84,90,68,53,1,58,59,76,75,30,87,28,17,48,43,38,42,66,92,41,18,97,67,92,48,41,47,95,85,40,89,62,21,61,33,3,95,58,33,33,14,64,35,45
45,91,15,58,8,1,7,96,58,31,80,9,2,17,14,38,30,78,96,66,84,51,74,76,27,34,49,50,62,24,15,20,62,18,2,74,37,87,22,20,55,48,35,83,44,92,65,8,16,45,97,91,51,3,16,9,25,39,77,3,95,40,33,85,80,31,4,21,88,94,9,73,13,60,85,34,42,74,94,20,88,89,29,93,29,50,13,0,67,81,32,39,78,60,7,88,24,63,91,18
43,48,53,68,63,77,33,59,22,15,59,83,62,90,29,30,33,23,58,94,31,54,68,73,18,10,84,33,18,68,32,46,74,65,91,38,75,64,20,29,66,88,82,15,54,35,65,31,37,76,15,75,28,97,22,76,32,80,34,27,31,80,93,60,99,21,58,19,22,76,54,26,24,29,75,4,42,81,33,8,47,4,27,97,65,28,57,63,67,60,20,14,13,8,18,16,45,8,80,33
52,45,13,0,30,6,12,46,17,49,34,83,46,96,84,23,73,18,78,41,45,51,23,72,87,63,81,35,73,43,52,23,72,61,45,13,47,24,17,85,30,22,93,2,2,71,88,65,50,89,30,52,21,87,30,87,64,21,61,55,73,78,36,7,24,18,63,56,70,97,87,68,29,34,90,5,60,25,37,69,60,35,97,95,16,92,59,61,56,96,94,96,33,73,31,40,87,6,98,43
57,21,67,12,40,41,71,40,93,3,12,83,73,13,82,80,58,16,49,97,41,40,94,29,5,79,73,99,80,96,91,12,19,57,54,73,65,44,82,10,3,44,39,97,42,88,59,72,99,20,94,83,11,68,3,87,24,43,1,72,43,12,11,66,42,79,39,32,38,39,43,80,2,21,61,33,99,45,13,22,79,34,96,85,17,20,82,58,98,5,11,30,78,17,14,13,5,71,70,21
39,68,9,39,21,91,35,28,70,13,91,51,22,88,45,99,76,98,27,33,17,66,68,82,63,19,13,10,87,4,64,56,32,3,9,43,40,43,81,69,4,37,64,9,4,65,7,43,25,6,32,98,10,59,83,44,50,7,95,44,12,67,10,60,27,52,9,57,50,85,20,29,65,100,38,33,20,25,94,72,88,82,99,38,49,51,13,34,80,72,14,51,3,79,89,43,68,85,48,64
78,27,71,58,65,12,34,52,96,38,53,6,84,86,86,93,50,45,8,63,42,59,18,30,32,79,58,51,6,67,100,49,96,5,86,93,85,15,89,95,62,57,92,90,33,56,27,12,63,74,58,39,26,73,57,35,69,35,87,42,55,9,9,27,56,45,61,55,91,92,59,48,65,7,17,13,84,37,76,77,4,7,52,36,44,91,18,88,26,87,87,74,0,11,10,35,11,87,45,8
26,61,29,92,52,43,4,91,75,49,69,31,81,12,1,48,62,50,22,74,40,1,6,28,20,35,34,36,18,31,56,78,24,82,71,55,57,80,39,14,13,93,50,44,93,81,59,60,67,24,19,99,20,93,100,33,46,56,98,20,45,12,94,86,75,80,87,54,19,77,2,78,70,74,6,8,21,38,35,62,76,45,90,90,7,38,22,22,81,38,10,39,34,32,51,33,36,96,31,69
83,20,3,63,67,98,71,95,26,6,13,18,64,79,19,65,81,100,57,9,5,15,62,67,76,16,40,63,4,50,75,83,87,34,12,22,82,59,81,46,57,93,46,71,25,74,33,34,82,11,60,27,15,98,57,92,7,93,69,72,20,47,74,30,32,90,21,10,27,27,24,77,9,49,70,89,67,60,39,31,2,50,29,10,26,85,39,33,62,52,34,12,55,98,58,78,35,2,4,67
97,54,38,43,96,31,8,15,11,21,54,12,62,91,100,19,17,64,20,22,16,100,100,29,10,66,3,80,100,66,60,86,49,31,16,56,64,61,53,0,35,23,11,61,96,17,5,76,21,81,10,33,79,69,40,19,86,15,0,25,25,29,43,89,52,23,99,36,96,14,95,40,19,99,54,55,79,43,49,8,40,98,43,53,70,5,19,88,44,56,16,29,87,77,47,75,40,36,53,81
88,54,11,68,27,26,52,54,44,45,2,76,7,61,40,3,78,82,84,66,80,12,37,24,97,43,2,72,22,26,41,91,35,46,77,98,9,67,70,64,89,98,55,11,78,43,70,45,83,89,58,12,93,20,75,98,46,91,48,39,77,86,88,88,98,69,37,47,43,26,86,6,92,18,83,54,52,12,68,54,8,54,6,98,2,59,33,5,97,44,45,15,64,47,34,38,79,82,9,59
49,77,77,71,31,100,38,46,98,38,100,23,18,82,90,71,0,56,17,65,48,37,89,4,67,100,49,85,16,65,93,88,51,81,80,44,63,64,10,21,12,16,86,54,58,26,94,0,83,22,55,50,75,12,62,60,88,65,71,80,83,54,67,3,55,45,29,94,11,44,77,83,53,70,87,50,26,90,85,18,38,82,14,65,28,25,43,62,63,92,30,7,61,87,49,50,14,41,14,8
90,76,5,76,10,62,61,65,47,33,18,24,68,76,66,42,85,64,64,37,57,97,51,7,68,77,59,91,78,12,60,84,81,57,23,31,20,58,51,62,39,67,71,46,55,45,100,92,14,83,43,34,49,81,75,28,95,2,95,73,56,77,94,65,90,79,35,3,30,73,21,72,82,100,28,25,21,99,81,49,70,64,82,57,30,14,52,34,18,96,74,95,77,12,36,53,11,69,33,50
29,29,27,27,50,2,20,87,48,26,65,82,93,71,0,44,6,9,35,75,6,62,17,30,69,100,25,0,6,54,66,87,68,30,23,58,73,33,72,94,39,28,71,61,89,96,97,21,72,3,55,38,98,54,94,76,71,29,64,52,33,83,2,9,23,47,40,90,56,46,46,40,85,62,30,14,86,18,59,78,81,41,47,80,34,43,40,44,34,67,59,19,5,86,31,2,21,28,0,88
38,58,39,89,21,41,91,68,68,43,55,76,46,57,61,98,12,42,63,63,64,91,6,98,34,38,14,6,22,83,74,51,61,29,3,24,46,12,29,17,61,73,6,17,59,55,94,89,13,76,49,20,20,53,0,20,53,27,0,73,36,6,57,79,36,57,61,89,54,25,27,97,36,20,92,46,40,24,96,73,4,48,52,87,95,72,92,21,33,58,4,58,47,4,0,7,7,52,28,35
75,41,25,35,6,62,53,32,40,5,29,96,73,25,40,45,19,18,88,45,66,71,32,20,66,55,42,98,51,62,4,81,94,26,83,3,16,89,58,64,94,55,20,67,86,55,44,16,79,73,27,44,87,59,25,43,9,67,53,38,46,76,99,84,62,42,62,84,43,92,40,66,60,86,9,77,14,78,31,70,86,44,89,88,38,18,39,71,14,53,79,69,62,15,79,73,24,57,52,54
46,19,94,37,48,7,38,87,52,66,27,89,51,17,40,32,40,96,73,54,22,40,36,71,28,61,51,81,56,72,88,58,0,25,0,4,43,45,3,10,65,54,100,20,62,26,32,39,80,29,92,39,11,98,72,70,60,96,72,59,81,67,1,13,28,66,100,21,45,69,95,23,10,24,49,58,59,75,8,94,73,26,17,33,64,84,42,26,94,72,96,80,47,12,65,59,41,41,3,74
37,16,59,55,54,41,26,84,38,68,59,58,23,21,16,28,15,70,0,30,67,49,7,99,37,81,82,29,50,26,52,36,87,3,7,71,93,5,79,70,68,27,65,5,37,7,55,68,33,54,4,80,3,10,98,82,33,59,69,80,75,94,92,67,45,36,14,8,9,67,45,54,58,71,96,56,80,93,0,79,85,14,38,31,15,72,62,14,14,47,68,85,37,10,46,47,24,66,59,64
39,74,12,48,68,4,91,46,95,59,90,29,63,23,1,17,37,13,52,74,45,80,17,32,7,70,82,82,48,30,65,3,34,84,3,44,3,93,68,42,20,5,37,52,81,79,87,34,96,93,20,37,100,28,78,14,43,12,51,75,57,75,70,3,65,49,41,95,25,76,55,72,6,53,81,85,98,90,4,28,100,98,95,14,60,0,40,8,96,67,83,18,94,32,18,5,56,96,26,52
99,5,73,82,81,74,97,1,59,62,73,90,41,36,57,48,65,19,15,72,81,55,8,22,35,72,36,25,82,74,82,69,11,82,38,49,53,100,30,18,43,97,56,66,96,42,87,15,96,28,43,79,92,36,7,77,77,12,43,62,33,35,33,10,35,47,91,27,17,21,35,84,10,25,17,91,53,51,55,48,47,100,100,92,50,57,81,24,65,55,65,55,64,24,26,26,57,68,46,22
64,48,20,92,22,98,2,48,87,73,82,32,26,62,39,81,56,2,9,55,10,98,96,2,6,74,26,9,40,78,0,20,6,54,77,95,1,27,96,90,63,16,99,74,10,38,48,71,55,34,49,23,16,69,77,88,70,17,61,57,61,81,68,57,43,81,12,5,93,81,0,3,27,8,87,28,72,95,83,48,94,72,78,76,70,96,34,93,60,79,76,55,39,2,20,31,62,23,55,70
76,2,28,46,70,13,44,46,39,27,56,62,30,84,42,31,59,28,85,29,71,99,8,23,13,48,21,68,81,82,100,11,7,4,45,35,77,24,12,54,12,57,19,16,0,61,42,44,49,33,74,82,31,1,57,78,17,82,76,39,78,38,77,32,57,76,57,42,16,28,85,44,9,1,44,87,67,57,96,52,86,96,19,73,83,89,71,11,97,60,30,83,64,57,59,9,95,10,60,34
6,84,3,41,82,71,37,46,16,94,79,66,69,8,19,52,36,72,93,98,67,40,79,99,49,61,50,18,18,57,16,79,83,46,63,99,80,34,34,45,81,29,41,65,60,82,1,81,0,69,95,0,8,88,16,84,65,72,36,99,94,44,36,10,74,42,9,40,18,57,94,29,66,72,38,84,39,14,40,16,4,83,57,96,4,91,15,43,95,74,71,89,46,23,72,35,96,0,94,33
31,83,39,66,61,23,8,11,7,79,0,17,66,2,63,45,55,70,22,57,98,88,89,48,84,89,1,41,38,34,55,44,35,5,59,68,92,15,60,30,34,70,63,60,3,63,17,1,60,57,37,52,18,65,64,74,28,85,90,93,88,11,66,63,86,27,22,19,76,82,75,69,82,7,55,59,70,14,61,27,93,32,87,51,46,17,33,52,33,4,84,74,76,5,99,87,4,98,35,53
29,38,70,86,10,38,48,3,40,42,31,80,6,82,65,33,65,62,58,87,1,38,51,45,77,89,66,21,94,19,16,59,28,11,28,15,49,100,66,92,73,75,31,46,30,54,97,58,99,16,57,85,12,8,48,49,93,100,63,58,6,39,27,3,20,73,26,21,44,95,18,49,56,8,15,51,97,2,24,7,47,64,50,37,67,9,64,0,2,12,44,54,47,6,13,27,85,35,54,59
47,48,48,67,38,41,72,10,73,15,74,37,47,22,13,6,66,23,51,65,74,90,50,97,99,30,40,10,12,89,95,78,57,46,72,11,76,99,0,28,75,89,40,60,84,87,54,50,10,47,74,11,25,40,73,74,92,38,69,98,42,90,79,58,36,44,67,97,42,8,5,40,54,87,84,33,73,22,89,18,87,2,33,33,9,100,67,82,11,54,54,96,77,36,89,38,89,5,27,81
39,91,59,41,17,88,30,31,64,66,29,27,39,97,38,79,49,48,48,34,88,66,36,81,7,35,87,44,0,78,60,97,0,67,70,59,72,54,84,18,35,92,10,100,14,14,15,19,39,95,4,12,23,78,47,22,22,62,92,93,21,24,84,60,33,61,94,50,26,27,4,36,41,1,30,57,56,1,6,99,85,67,14,55,94,60,86,92,52,7,85,25,13,3,73,67,16,57,41,94
81,57,9,22,97,84,15,37,22,29,89,86,59,67,58,40,15,77,73,43,19,7,13,5,82,24,16,100,86,66,47,68,0,60,0,27,47,17,24,61,35,49,1,25,75,61,22,64,82,35,86,4,5,94,27,21,17,41,27,77,4,89,66,31,73,77,43,43,98,40,27,87,93,51,56,91,53,36,55,25,44,24,99,22,11,80,30,79,88,67,80,54,83,93,50,4,66,100,48,21
7,60,27,78,43,61,73,44,89,12,57,75,46,63,39,4,62,70,86,91,41,19,4,63,69,82,95,66,61,63,54,6,37,9,85,41,40,64,74,36,50,37,83,62,90,100,5,81,61,6,33,14,33,100,14,9,74,69,44,24,54,97,61,14,56,84,9,4,33,73,50,32,74,80,5,54,8,86,46,28,11,7,60,31,95,30,35,55,62,29,79,45,98,96,19,94,100,84,79,81
32,5,61,21,91,23,17,13,2,84,77,43,50,14,22,46,57,62,18,7,95,29,99,59,74,61,8,82,17,1,86,89,48,70,31,35,11,83,68,28,42,82,53,41,22,93,15,37,44,75,52,59,29,40,65,26,8,24,69,34,1,67,42,98,38,47,31,9,79,87,98,0,94,36,38,23,53,55,4,84,18,75,49,67,42,86,16,57,32,5,42,52,94,34,73,1,1,44,6,92
13,81,11,91,63,78,77,3,36,8,7,38,95,82,73,49,70,23,44,37,5,74,36,8,63,39,1,99,47,46,71,3,24,85,84,73,58,13,79,71,42,66,81,93,83,96,38,46,24,22,58,81,45,61,19,30,14,29,100,50,80,5,75,44,24,91,2,28,99,75,90,51,85,68,65,24,99,38,73,44,56,14,7,71,78,89,47,22,2,31,48,67,61,37,32,42,72,22,52,73
77,10,55,6,48,31,8,92,93,18,41,86,65,89,64,3,93,97,36,87,77,58,2,89,66,51,93,13,10,99,41,18,62,63,7,50,52,98,29,1,22,68,12,97,16,51,54,18,11,98,8,90,64,87,10,13,78,70,24,44,88,14,38,27,91,65,77,3,71,9,89,46,39,5,86,97,93,18,89,100,54,33,73,7,75,20,10,66,98,31,100,93,56,28,96,9,11,51,90,34
14,7,95,25,93,13,84,22,21,35,48,4,89,91,5,35,52,6,26,33,45,12,96,28,97,84,79,32,74,65,99,1,62,95,61,67,11,41,99,73,50,46,64,35,40,88,34,60,70,12,54,34,1,26,36,5,6,94,39,19,26,69,54,30,53,74,8,58,85,0,62,96,64,44,96,25,37,47,1,1,21,13,93,54,49,12,4,51,64,71,83,69,44,14,14,20,3,79,90,54
69,85,7,30,3,38,51,30,99,55,10,4,56,86,59,22,29,59,39,35,7,71,60,2,56,78,96,61,60,93,18,34,84,47,22,44,57,37,66,66,4,16,33,98,59,4,91,25,14,100,12,5,5,34,37,12,3,24,17,99,93,88,82,89,91,25,23,89,99,37,46,31,80,90,24,11,61,25,31,14,67,8,57,87,91,41,51,64,79,39,21,55,58,79,16,95,39,19,57,49