88,9,74,49,85,65,90,8,85,64,12,42,39,83,57,1,67,39,58,56,66,59,24,4,95,35,40,82,33,72,26,74,60,37,58,19,81,57,9,32,49,78,79,26,94,74,13,24,3,86,57,49,65,82,85,85,69,40,27,88,56,46,97,8,70,89,39,33,19,14,33,94,75,65,78,59,10,86,94,54,37,59,79,37,37,85,8,18,63,27,82,12,70,23,29,98,82,99,97,37
44,45,85,30,21,91,42,91,36,24,87,57,11,34,3,5,8,61,79,2,78,26,22,21,4,60,63,6,30,51,74,81,25,47,65,3,7,80,17,19,34,18,15,91,59,58,44,62,35,12,55,13,6,32,67,34,92,98,56,70,52,0,24,48,71,36,87,22,6,98,64,39,7,11,39,59,6,1,19,75,62,67,3,91,57,39,34,57,94,50,31,43,1,100,93,65,3,19,91,36
45,2,49,50,20,94,29,94,62,57,19,100,74,33,58,12,63,55,87,15,42,90,53,100,67,55,0,69,72,7,24,65,48,67,91,52,8,98,64,31,27,4,16,66,33,70,52,12,49,25,65,87,13,20,74,28,40,50,33,59,16,49,35,61,99,50,3,21,21,87,43,37,100,31,75,41,38,62,4,60,41,61,70,66,53,30,96,85,93,2,71,17,10,38,63,66,12,98,58,8
98,57,31,48,67,73,85,7,82,69,11,23,52,58,0,31,29,83,47,47,18,7,1,40,6,40,43,52,76,89,99,11,37,77,42,23,50,27,38,15,48,3,13,52,90,81,2,16,65,2,54,28,7,83,38,80,36,95,97,11,59,90,100,30,22,89,31,32,79,51,8,62,54,70,92,36,20,93,37,87,37,46,43,42,54,30,93,75,44,66,78,83,73,59,84,53,38,10,79,91
10,74,4,48,72,32,20,66,76,36,31,71,3,16,83,64,6,6,61,11,89,76,9,70,85,70,80,66,39,7,61,93,100,51,48,50,56,91,27,64,68,18,14,90,73,13,40,38,79,14,85,87,59,84,41,21,19,42,6,9,46,93,68,64,4,35,25,10,49,23,50,49,48,31,42,53,46,92,2,6,98,65,11,58,30,66,76,25,24,57,92,3,97,49,42,17,23,65,19,47
9,71,12,85,46,48,19,59,54,85,31,0,11,35,95,95,71,44,64,0,73,48,85,91,11,86,97,94,98,34,45,90,14,85,83,80,39,84,24,66,18,63,8,13,51,77,54,13,11,37,98,36,48,95,70,50,9,40,60,22,10,86,29,25,70,48,47,15,31,46,3,42,99,47,11,10,77,35,72,38,52,69,100,16,84,67,94,80,26,23,43,18,70,17,31,52,85,9,52,31
53,89,61,79,80,50,28,27,52,61,96,9,62,69,10,32,6,16,75,28,61,81,27,29,80,53,43,69,32,25,48,47,53,1,69,79,54,44,85,1,97,60,56,94,30,16,9,19,95,7,42,86,49,32,74,56,20,7,96,93,25,32,84,77,20,52,71,73,2,26,32,91,21,11,90,38,23,54,80,73,69,8,96,27,49,89,39,27,14,92,14,47,40,100,59,13,58,17,68,9
19,64,33,98,59,42,33,5,33,23,81,66,21,63,15,8,55,29,51,47,93,8,44,33,95,11,1,95,36,48,32,71,97,74,14,62,57,32,87,8,37,23,85,30,92,2,89,32,57,7,21,6,18,10,59,72,57,12,29,18,61,16,67,93,39,100,49,26,68,50,69,47,14,8,82,45,99,75,64,42,12,78,90,93,32,60,32,67,49,39,66,9,19,2,2,80,86,10,9,21
6,53,65,66,96,83,94,99,39,47,83,5,89,27,12,67,7,98,53,3,30,5,7,36,96,2,8,25,56,64,96,84,83,61,26,13,9,67,31,60,98,94,91,23,91,59,91,97,10,24,88,45,17,45,40,5,2,46,73,68,77,76,14,72,36,47,83,41,7,17,1,97,10,89,6,7,51,97,34,91,37,100,10,76,14,88,27,52,27,91,28,72,50,7,38,92,43,57,88,40
86,85,64,2,69,30,58,43,62,17,55,91,51,10,33,39,2,44,84,6,44,14,5,97,16,15,49,24,32,9,16,50,41,17,71,97,54,13,39,48,70,76,88,31,11,82,18,54,0,38,6,21,14,100,19,24,63,93,74,30,34,20,81,28,28,31,43,21,43,75,0,47,55,46,55,18,41,70,69,16,69,26,35,84,100,75,83,62,0,18,87,54,21,96,13,94,79,57,4,75
44,14,35,32,23,83,29,5,53,99,0,61,97,28,14,72,17,30,80,20,74,35,32,73,64,0,57,58,27,70,30,85,60,60,20,15,17,73,28,40,13,21,40,28,16,84,87,18,29,86,57,34,35,63,49,40,92,38,16,73,93,47,21,27,52,28,21,89,63,39,97,55,14,19,20,30,12,44,100,60,42,19,5,21,57,61,98,85,29,98,20,92,55,18,49,60,56,5,60,74
78,24,19,59,0,63,47,3,66,13,99,64,80,0,26,97,91,65,46,34,88,93,8,32,2,32,3,57,23,71,56,50,35,38,88,10,6,73,22,43,71,25,92,70,94,15,20,20,98,83,50,59,89,70,49,52,62,71,38,20,65,80,74,68,14,95,54,88,50,2,14,75,31,16,54,75,18,61,2,53,20,39,100,97,51,7,39,55,45,52,43,36,38,91,82,67,94,45,55,96
100,39,20,19,54,8,56,4,82,58,100,25,9,51,87,51,32,48,63,36,43,30,50,37,16,11,59,54,70,90,55,8,48,48,66,47,92,50,18,29,13,3,46,24,33,96,82,86,63,23,98,76,14,53,5,54,78,75,21,81,53,72,42,93,16,12,28,92,39,87,44,79,54,96,32,67,82,77,88,25,97,50,87,29,54,36,51,61,91,62,11,25,35,68,5,46,70,0,40,63
25,62,46,24,3,46,7,35,100,13,15,27,3,18,47,44,97,87,26,38,39,35,2,25,74,94,100,31,69,27,32,81,28,20,96,62,17,73,97,34,6,87,37,86,66,39,77,47,58,31,4,92,26,48,27,42,39,51,86,4,36,47,31,87,1,97,82,57,5,48,2,24,40,82,89,67,88,0,22,57,16,81,6,89,4,72,5,2,99,86,43,12,76,81,9,6,15,45,7,99
22,74,14,72,83,10,33,85,95,45,55,54,99,51,22,17,90,9,15,62,83,14,34,22,45,7,14,84,48,29,73,98,80,39,97,66,85,76,53,28,83,41,98,14,61,62,42,43,10,22,14,82,76,35,91,90,5,12,84,49,27,20,32,53,14,96,85,45,5,54,37,82,27,83,85,33,39,21,41,59,20,99,72,28,26,69,56,19,15,33,36,89,52,46,22,64,13,22,96,59
45,92,86,72,89,86,62,59,71,28,89,60,32,32,1,59,91,65,6,22,7,72,90,60,48,87,56,71,94,55,39,42,11,66,34,72,6,50,85,87,49,31,84,59,56,22,49,5,55,52,26,100,93,67,31,65,47,35,6,53,85,87,20,55,30,99,93,93,81,56,48,33,7,3,57,56,97,92,40,84,95,0,24,17,35,9,29,31,2,15,97,49,5,28,66,11,100,97,10,32
37,17,24,80,2,55,2,85,77,56,61,61,36,77,36,68,67,40,93,89,9,21,38,40,18,41,65,83,41,18,97,17,24,33,39,47,3,94,71,21,22,23,4,73,77,66,16,100,2,71,44,10,60,59,91,68,72,76,71,98,89,89,65,49,82,24,98,67,77,92,1,19,84,95,35,61,71,93,54,13,87,40,9,28,77,1,82,21,76,7,29,18,70,66,58,91,99,24,1,68
79,88,51,72,81,26,49,26,78,85,60,32,90,66,78,70,13,83,59,50,36,0,43,60,41,0,15,91,23,10,77,91,66,66,54,76,88,86,23,79,42,22,57,15,94,91,93,1,46,53,37,69,34,30,64,58,12,8,29,79,5,10,68,62,51,45,73,57,64,59,8,38,24,30,77,84,9,89,36,47,46,16,14,48,17,70,46,78,52,76,80,80,30,55,71,19,54,23,52,50
18,87,89,37,16,79,36,8,83,13,61,18,38,19,28,20,99,56,51,77,43,26,37,67,98,25,9,76,16,61,97,44,45,2,53,34,72,35,85,47,22,47,91,51,47,26,40,26,49,47,55,45,96,88,19,63,59,65,20,66,31,14,50,99,62,58,72,45,5,81,86,46,62,98,55,73,0,73,44,69,20,82,47,93,38,39,27,49,65,33,20,50,84,20,11,44,34,49,72,29
96,84,22,59,98,26,98,15,72,92,52,28,64,42,42,9,89,72,84,26,28,3,82,58,72,80,92,40,74,25,86,50,23,94,96,94,70,53,74,32,92,74,32,37,9,20,21,69,39,78,22,26,38,93,19,6,72,100,67,21,56,50,98,43,24,52,100,99,58,44,96,89,37,4,36,100,20,38,19,12,33,90,0,72,63,4,88,59,3,12,60,89,34,29,74,4,46,67,38,33
66,88,92,13,21,66,4,0,46,51,79,5,90,54,50,87,38,54,95,11,43,76,80,7,51,55,7,57,36,24,55,26,13,25,0,62,62,2,85,81,93,38,55,100,85,7,29,63,27,7,82,26,54,90,100,56,27,34,23,5,84,45,0,2,33,11,39,91,100,19,28,54,67,92,22,49,27,94,16,23,41,60,81,14,3,21,89,27,66,27,8,20,8,12,31,95,20,79,70,69
39,13,94,56,9,42,97,33,47,87,67,20,72,65,4,65,46,52,70,5,37,48,93,13,87,76,34,37,41,24,98,97,86,53,56,95,19,18,12,70,78,20,47,99,55,81,86,76,42,7,22,67,20,48,4,42,66,33,49,9,95,65,78,35,84,15,93,37,14,83,37,89,66,77,14,18,36,8,60,25,62,86,36,100,18,31,67,3,65,56,97,47,71,73,49,65,43,57,39,21
5,19,76,96,14,22,84,91,48,67,28,10,41,50,36,32,31,47,84,24,51,71,91,44,96,9,39,7,99,60,0,68,63,32,73,53,0,9,98,16,27,72,100,81,62,47,46,33,28,82,66,17,25,17,54,79,62,95,83,36,71,72,9,47,55,85,56,99,34,39,11,66,73,84,17,54,18,78,8,63,68,39,63,37,60,84,87,49,68,4,19,65,90,50,98,66,64,33,10,100
23,95,43,49,17,11,87,22,0,16,15,30,97,100,0,77,59,39,34,59,29,4,8,36,61,94,81,56,54,30,87,49,52,94,81,49,84,97,8,0,10,3,36,62,9,91,18,80,82,47,13,65,35,14,20,77,85,15,25,24,34,13,78,93,16,83,1,67,96,71,16,43,34,51,9,35,87,72,45,8,50,20,32,69,70,93,84,92,55,58,60,8,77,25,35,96,34,43,68,32
95,25,69,32,62,34,21,7,72,5,76,75,87,2,66,14,47,53,11,0,64,47,61,0,47,50,79,89,78,62,0,47,12,55,29,15,23,80,19,36,55,90,72,81,56,17,68,33,34,93,8,37,66,29,79,74,66,31,17,42,38,71,38,69,46,1,74,10,73,39,78,31,14,64,15,45,51,67,81,22,44,29,99,57,8,19,100,21,21,16,33,50,47,5,32,78,62,95,3,3
69,94,49,85,58,4,19,18,28,83,57,81,3,59,22,19,51,49,75,87,100,26,31,15,38,64,66,90,43,8,52,72,41,51,95,72,43,29,85,26,38,78,35,53,92,80,73,61,43,12,52,33,100,75,44,59,8,25,54,80,56,58,69,100,7,58,35,37,91,3,60,48,2,53,20,37,42,36,37,57,91,40,71,64,47,92,34,89,70,86,6,73,100,39,100,84,99,22,76,74
49,37,6,13,14,18,3,97,49,6,9,94,34,78,74,30,73,75,92,32,82,27,0,83,41,51,65,52,51,29,38,12,2,62,38,64,24,17,9,87,28,50,28,19,80,55,18,34,22,64,98,35,9,13,52,15,72,75,52,90,22,59,63,15,36,61,52,50,0,66,24,12,82,32,80,5,20,44,73,31,93,75,89,84,10,65,16,6,66,39,20,36,70,21,86,75,21,96,79,63
24,35,56,55,53,39,16,60,10,76,73,79,36,59,45,49,46,94,0,11,82,6,58,33,49,43,95,11,7,82,33,6,0,85,35,25,65,1,92,84,25,29,33,88,2,99,32,35,100,17,1,23,12,81,44,88,92,90,59,62,91,43,74,35,25,46,51,93,100,76,36,9,78,64,23,41,42,69,30,51,10,85,43,50,4,71,74,46,70,75,69,79,8,69,44,73,36,10,73,69
46,73,12,62,67,5,46,71,15,3,23,52,10,29,28,77,60,40,86,84,99,77,34,9,88,45,94,53,14,29,37,17,10,7,29,23,18,98,11,29,16,57,59,14,71,77,80,38,63,49,32,11,62,40,47,44,19,78,82,58,38,75,13,21,100,93,91,94,61,37,37,15,33,3,86,28,58,72,5,84,91,77,94,4,5,83,59,63,35,41,95,58,18,7,91,16,36,1,96,21
59,46,68,65,0,92,48,17,86,62,63,71,81,64,9,68,96,71,52,19,21,40,49,78,75,40,53,86,90,35,13,58,28,53,25,58,61,66,94,41,33,65,5,61,54,93,81,53,39,49,0,34,95,98,17,60,8,76,91,98,50,70,48,90,44,90,50,37,80,14,49,2,36,52,67,19,41,53,83,9,67,71,91,53,66,66,16,7,45,100,51,78,35,90,59,83,5,84,76,85
42,92,42,49,79,90,79,5,91,66,7,6,37,46,61,30,24,19,71,20,18,56,49,81,78,34,16,83,42,80,35,77,87,63,79,87,69,25,10,35,90,68,17,66,82,19,49,13,83,69,87,7,68,24,17,66,26,33,97,68,6,24,86,6,87,100,98,53,92,87,25,29,86,92,17,66,86,67,56,75,18,66,11,20,52,97,50,29,9,51,4,23,18,66,76,30,32,13,37,4
8,55,84,51,22,79,32,39,17,31,91,97,22,88,9,19,43,9,7,66,45,84,82,65,66,99,1,22,76,36,32,36,91,19,93,8,87,77,61,8,84,31,14,37,80,87,95,73,64,74,22,23,0,43,79,29,38,20,69,37,39,17,0,8,70,99,71,17,85,89,15,49,88,13,97,55,24,40,89,89,15,42,34,81,50,73,29,41,68,66,66,36,11,75,17,55,28,59,32,9
16,3,88,18,75,89,40,70,10,84,79,36,91,95,49,90,21,69,50,39,78,89,59,40,40,62,99,54,73,17,42,37,95,86,80,82,76,36,54,35,68,40,45,1,67,96,33,24,93,80,66,83,48,45,60,48,4,48,41,57,65,43,61,75,75,49,71,83,8,95,45,70,46,73,28,16,77,51,13,95,98,42,67,11,55,20,81,88,10,88,98,34,41,9,95,10,27,75,44,87
29,25,77,33,40,54,19,73,59,91,88,71,83,23,23,61,14,46,74,28,75,46,76,5,68,38,33,37,79,30,37,13,41,92,60,40,98,91,8,92,14,32,34,56,61,87,59,61,82,74,74,20,14,51,29,37,67,67,8,39,36,80,76,75,36,56,5,12,86,21,61,63,22,30,83,61,59,53,22,27,36,21,69,67,98,98,100,26,27,66,11,66,85,28,29,67,72,78,63,92
81,76,6,37,26,2,65,91,6,28,57,66,45,40,39,60,62,86,98,12,99,43,55,64,17,83,51,84,12,22,94,98,49,15,38,44,40,18,47,81,23,30,89,22,56,47,82,58,72,31,31,31,30,36,5,84,0,33,95,25,50,9,2,2,2,20,43,86,75,0,83,51,43,78,11,4,55,78,26,15,43,78,75,30,44,53,35,38,88,60,49,70,74,76,61,71,33,72,81,68
97,80,56,49,21,95,92,69,74,2,10,26,70,78,4,11,58,1,83,24,10,16,55,71,54,24,57,16,80,62,46,6,25,34,79,9,43,68,99,19,11,9,5,23,89,50,30,85,6,20,17,46,96,40,27,86,4,65,23,69,37,23,64,63,78,40,74,65,47,11,28,47,11,41,32,10,7,22,86,50,35,43,99,12,35,12,22,87,54,62,41,38,54,47,91,47,58,89,56,49
29,44,18,6,13,95,27,63,60,96,11,37,4,43,53,93,74,77,9,62,88,73,17,40,65,90,66,62,50,15,57,92,12,41,15,72,38,18,3,71,85,31,21,52,47,70,53,68,77,51,60,80,41,18,34,0,62,97,13,10,77,79,75,54,43,16,51,99,70,64,15,43,88,27,62,65,66,12,84,28,92,32,43,32,46,67,39,70,71,66,31,29,94,66,78,23,52,19,91,78
98,61,69,62,76,7,94,47,29,31,100,19,22,27,39,6,29,47,49,65,93,89,99,74,58,26,36,20,15,98,1,97,76,55,23,57,21,73,14,28,84,86,34,20,6,87,10,44,87,97,1,59,71,0,9,67,6,57,26,74,85,62,28,14,87,47,13,9,84,14,23,8,59,98,76,78,41,11,53,63,74,52,44,88,38,100,18,31,14,23,22,64,39,66,61,82,25,39,89,67
25,21,3,77,100,9,58,48,69,80,37,60,30,59,20,52,59,42,64,50,85,48,96,89,83,37,97,41,76,14,75,4,59,92,47,35,63,54,1,66,79,88,45,89,99,68,12,14,89,68,69,40,10,68,19,59,32,51,53,59,33,59,92,43,12,64,73,32,18,78,45,58,48,0,94,26,7,4,41,34,0,69,47,2,100,94,69,62,61,1,40,24,70,70,4,84,47,54,98,79
42,69,2,14,24,33,31,73,3,89,36,36,86,28,81,14,8,18,30,25,85,49,26,81,93,78,4,78,100,44,78,42,52,67,47,4,49,9,93,88,70,51,50,31,44,4,14,48,67,12,11,37,50,92,6,14,23,74,70,8,34,27,55,95,5,19,67,29,36,18,85,24,31,2,95,47,64,0,30,54,77,66,85,44,75,31,4,8,39,85,23,3,75,70,96,17,64,24,6,77
31,83,24,42,44,20,43,14,81,41,66,2,35,84,39,64,17,43,35,59,22,44,26,29,72,27,20,61,11,23,61,87,57,15,49,18,17,63,29,6,75,73,16,40,36,92,43,32,20,1,1,100,69,1,23,56,29,34,60,68,46,16,64,48,88,100,90,22,20,85,34,64,53,91,28,92,89,38,45,53,47,36,73,37,11,41,89,46,40,10,41,71,80,96,53,71,26,55,93,75
90,75,8,65,38,65,38,10,66,14,9,24,34,43,8,60,92,49,8,19,45,22,18,99,74,77,43,63,20,27,17,68,13,53,59,64,37,0,50,51,52,73,100,13,9,65,6,68,29,20,99,94,20,21,63,43,71,4,78,52,95,97,65,51,14,28,97,54,25,27,59,20,73,75,15,88,9,95,24,6,90,49,68,66,67,61,5,91,62,50,1,24,87,24,95,53,15,33,12,100
41,62,19,79,8,88,75,22,74,100,14,92,65,89,47,28,94,82,68,66,42,99,46,69,63,74,9,48,47,25,13,99,78,5,13,2,25,91,40,16,6,38,54,90,80,59,48,29,43,70,31,14,64,72,6,27,28,76,11,77,41,87,25,28,24,83,38,88,42,24,71,13,11,91,82,74,88,91,85,95,98,57,75,3,81,91,45,58,71,60,63,14,10,84,52,60,85,65,83,27
39,29,25,97,85,31,55,6,90,62,21,90,38,68,98,100,77,8,56,45,54,91,76,29,72,42,51,4,32,0,16,51,13,28,92,19,99,24,40,98,67,43,74,18,41,9,14,73,39,43,58,58,11,52,40,82,71,43,55,90,47,92,10,81,71,85,88,23,33,71,17,40,96,86,18,22,100,86,53,41,88,76,7,92,56,87,92,87,8,58,90,46,43,56,48,69,76,77,66,14
88,24,47,29,65,93,20,65,63,20,92,90,85,81,1,38,75,54,21,84,96,32,48,83,53,55,68,10,45,60,75,48,17,42,100,88,68,48,37,93,80,79,97,77,69,13,5,68,40,82,2,47,83,100,82,79,72,1,58,77,91,75,74,54,53,45,5,59,90,7,43,9,8,35,80,37,43,48,99,45,62,60,72,20,13,56,36,22,79,27,85,0,59,58,49,43,14,77,44,56
59,77,77,10,0,48,70,6,17,5,55,89,88,33,17,89,84,13,54,4,12,43,2,91,56,50,6,62,54,56,31,0,6,94,59,91,78,56,21,74,71,41,17,71,2,27,52,1,74,7,38,99,83,3,22,99,1,70,7,50,70,40,7,37,70,54,7,30,80,49,45,21,46,80,65,71,69,56,23,53,34,92,54,49,51,65,41,5,52,17,35,32,32,18,69,29,59,69,68,18
58,85,62,99,67,62,86,29,74,25,19,44,67,49,80,80,11,84,65,8,59,63,25,89,65,95,35,63,98,87,4,30,22,71,20,7,38,84,94,22,1,79,58,90,28,10,86,86,17,85,86,87,44,18,61,89,28,1,49,61,5,17,97,83,71,50,6,76,3,38,74,8,87,30,40,99,86,13,100,95,94,1,6,60,50,84,33,57,94,35,18,39,94,19,8,81,41,57,10,34
30,33,91,93,7,47,43,20,60,51,95,57,44,11,80,57,24,32,74,67,99,47,83,54,67,19,20,4,50,30,98,31,62,70,45,39,89,35,66,3,92,78,45,15,81,64,26,48,7,63,23,18,44,6,21,91,50,50,77,5,50,23,52,97,42,69,63,42,40,27,99,90,79,38,13,95,76,87,90,51,80,15,18,83,55,75,46,24,85,99,70,18,44,14,45,48,59,52,50,50
20,67,7,62,41,94,71,37,64,30,84,55,86,61,64,25,70,24,98,64,35,28,54,19,49,29,3,75,28,76,2,37,2,56,81,37,25,25,61,0,13,24,99,79,72,18,68,42,86,68,94,49,70,81,83,42,51,93,65,62,57,93,18,22,65,64,28,17,30,90,72,89,68,37,61,37,76,94,19,6,26,82,71,76,47,28,6,95,64,94,66,71,50,88,42,19,3,40,39,90
51,49,91,19,53,78,22,53,22,37,0,90,0,67,83,59,34,25,68,56,62,5,79,87,4,5,19,41,29,70,12,93,9,2,56,68,72,82,89,30,43,29,48,83,13,76,7,27,76,29,49,98,26,93,19,27,25,98,51,26,23,60,40,86,83,96,59,23,2,63,18,92,97,24,93,13,1,90,24,87,43,18,27,41,89,45,9,30,26,21,52,56,26,53,63,78,92,23,65,60
16,78,87,98,24,100,96,56,80,66,91,62,52,91,90,32,21,80,19,89,69,43,61,75,91,24,42,5,82,53,2,37,34,58,74,50,88,90,99,14,46,45,12,99,42,25,29,17,19,51,69,45,32,66,58,26,30,91,16,79,89,91,70,55,7,89,64,16,18,39,13,82,84,64,90,36,75,22,94,27,54,44,79,21,99,72,60,22,69,81,65,93,22,65,82,40,12,91,81,76
15,17,76,45,72,24,26,82,11,1,8,32,42,89,68,15,42,44,84,3,93,44,65,85,26,7,4,67,32,50,40,82,39,3,41,51,80,26,19,10,78,89,64,31,99,44,91,58,49,16,2,76,36,67,91,55,39,66,4,52,62,19,75,54,32,67,10,22,35,13,62,67,9,76,89,58,27,9,48,84,4,88,33,11,25,32,51,83,57,28,77,49,42,98,82,5,10,37,64,80
52,58,52,96,64,68,15,76,72,60,38,64,92,41,30,28,7,87,20,17,100,96,60,45,35,45,8,85,38,28,74,33,25,98,42,64,98,26,68,57,62,62,46,87,84,99,79,16,13,10,65,52,66,25,86,87,65,34,76,5,9,15,70,3,17,90,94,88,60,69,66,37,43,18,57,65,28,17,37,21,18,69,54,32,53,75,76,34,23,49,14,82,18,35,93,10,54,75,73,26
23,9,95,81,30,37,25,81,60,49,85,84,27,68,3,16,90,23,59,31,11,52,27,89,53,61,93,88,99,82,32,84,88,27,80,15,64,6,50,40,33,84,56,95,99,36,31,90,62,63,96,11,89,19,50,6,13,51,57,33,10,38,46,75,46,72,24,0,29,45,83,2,15,15,80,42,62,11,74,71,31,8,7,87,13,66,76,8,71,68,69,20,49,89,69,15,95,62,21,3
13,91,0,53,7,6,45,98,76,31,49,74,85,29,49,3,27,23,93,83,47,89,55,13,86,10,97,1,4,96,52,86,44,36,15,21,8,22,33,4,11,68,61,49,4,96,36,88,23,61,70,26,77,32,61,15,6,81,68,86,93,75,55,36,89,90,52,60,44,95,76,33,49,72,37,75,34,56,12,89,29,21,95,38,50,51,51,76,35,94,11,73,8,84,6,84,66,49,76,29
37,79,93,63,11,62,37,27,70,84,84,57,16,25,23,62,67,16,20,27,87,93,92,14,12,10,86,99,99,30,50,37,51,37,47,31,55,48,82,1,6,45,24,74,94,28,94,70,81,37,9,5,78,24,49,23,56,65,67,36,76,61,17,37,93,63,16,70,30,4,20,58,87,63,66,59,48,28,45,4,89,51,44,57,85,32,49,71,67,60,94,31,52,76,58,91,89,85,41,94
42,61,26,84,73,53,9,88,89,76,86,64,17,95,33,56,61,40,29,29,14,71,62,99,75,33,10,74,37,90,1,79,18,48,29,75,47,89,3,88,73,47,40,16,62,64,100,78,62,57,1,24,67,57,14,22,72,8,11,71,81,48,5,21,52,61,77,92,16,67,44,71,42,25,27,80,70,46,47,0,29,51,62,39,7,82,26,18,75,35,55,65,0,51,6,43,21,95,61,48
100,71,4,86,78,84,16,12,58,75,31,4,65,6,21,23,29,18,99,63,42,6,3,47,13,68,29,60,100,71,48,51,34,72,75,46,55,85,95,56,87,9,73,48,69,92,72,77,53,9,46,4,79,18,17,64,33,42,9,87,17,83,37,77,87,32,42,26,18,15,94,40,68,53,22,12,99,41,23,15,60,86,95,79,38,84,16,31,77,45,28,84,6,1,73,92,79,91,78,68
65,28,51,22,69,56,55,61,49,94,37,20,57,39,50,30,20,52,84,57,12,59,11,21,54,84,28,23,90,92,22,29,97,57,47,17,58,65,22,78,56,15,93,24,15,91,90,90,25,51,36,100,28,13,45,24,94,100,19,21,89,72,26,30,33,67,58,95,40,97,6,27,94,19,34,56,81,98,64,63,80,30,15,100,77,19,3,55,54,85,47,24,16,100,42,39,43,76,46,2
48,67,71,50,12,12,68,11,11,5,69,68,9,66,18,29,54,17,96,41,51,27,57,48,45,32,94,0,23,38,71,20,94,78,77,25,90,61,12,36,98,83,74,35,98,15,25,88,36,20,45,37,47,81,18,55,88,23,54,68,76,25,50,87,77,5,65,45,73,43,39,97,44,93,44,69,69,82,19,91,21,0,91,40,5,24,99,59,85,7,36,72,3,19,36,68,28,47,59,71
62,37,45,0,87,46,69,23,60,81,72,80,76,79,14,53,47,96,95,5,28,60,18,46,2,95,67,6,90,26,67,5,64,35,11,6,73,90,76,51,95,40,55,45,5,35,98,55,71,27,51,36,18,40,86,76,5,88,29,100,73,96,53,63,24,68,43,38,86,4,21,5,30,99,37,26,24,75,71,72,0,76,28,19,17,48,91,56,18,4,69,51,11,63,85,100,90,35,93,51
3,0,85,90,21,32,93,35,82,0,96,76,40,16,92,53,95,91,70,33,40,89,32,76,92,38,91,95,90,7,36,16,100,91,87,79,28,49,99,45,89,2,85,0,37,43,6,85,86,51,65,16,82,91,20,72,36,53,7,4,50,74,70,50,64,65,48,31,49,97,34,54,6,66,13,64,46,75,37,88,18,69,44,17,48,40,88,23,65,52,93,84,54,90,52,20,61,26,33,34
52,58,31,26,87,38,67,44,7,25,68,51,34,20,11,93,98,79,44,87,57,31,36,86,2,53,33,15,67,24,61,95,39,32,60,18,85,13,100,100,56,51,2,39,77,94,1,14,91,88,88,87,27,45,81,53,21,62,84,46,57,92,54,56,53,61,60,32,78,50,10,34,58,28,42,56,63,85,6,32,41,18,13,51,17,16,32,37,10,20,83,74,70,39,5,88,10,1,11,19
16,48,67,49,82,84,64,82,34,13,26,48,4,90,30,100,86,11,97,100,93,43,87,90,88,80,21,5,46,0,44,3,49,39,56,23,8,63,98,65,90,69,92,66,29,67,3,33,68,71,61,30,32,21,61,24,80,2,56,41,52,43,24,8,24,56,1,34,1,85,46,35,38,74,100,40,83,96,56,98,20,94,86,42,21,3,14,39,10,86,56,87,42,87,20,31,54,96,82,26
28,97,46,3,4,1,53,55,9,87,5,56,85,49,47,50,75,92,82,47,29,12,49,92,50,36,96,15,52,97,4,82,79,7,93,68,88,17,18,18,31,7,11,20,74,62,31,2,43,58,92,12,91,72,59,3,19,16,30,60,73,31,62,58,0,10,88,2,77,72,78,75,43,83,70,7,50,34,74,72,50,67,5,0,3,71,20,18,42,17,42,7,2,10,49,79,19,14,54,94
20,0,6,78,21,62,26,65,1,14,5,12,49,48,58,26,32,5,15,15,81,43,6,1,68,39,2,53,80,20,82,38,1,98,6,96,76,7,1,56,41,73,32,99,85,10,16,91,54,8,53,78,52,37,61,82,44,69,93,73,82,22,71,39,20,70,48,46,31,9,3,9,32,20,33,46,45,33,69,59,43,89,67,83,32,18,95,77,68,85,92,94,51,75,60,90,30,71,88,18
31,86,84,74,21,65,50,49,7,34,64,35,45,83,42,13,70,94,38,88,25,81,99,3,34,63,77,20,48,100,18,28,17,21,68,33,83,68,38,96,37,100,93,86,19,41,80,73,76,36,38,3,100,21,15,16,16,19,97,77,48,65,26,16,59,77,70,76,33,52,49,18,20,81,56,91,58,54,63,20,73,15,93,18,80,18,37,58,41,39,47,44,32,27,48,3,78,23,36,0
24,97,72,94,10,87,30,79,92,0,58,9,11,99,39,9,55,77,82,97,98,14,53,73,67,85,85,14,3,89,84,75,87,89,24,65,61,1,98,17,35,7,91,76,3,83,68,57,10,24,100,61,76,76,39,60,3,22,31,71,58,40,5,65,22,20,91,21,61,55,68,65,4,30,53,8,68,27,52,53,38,26,38,88,59,72,8,8,48,20,73,14,87,84,71,3,51,11,65,20
56,72,21,95,71,27,100,17,56,89,89,2,80,95,79,42,16,42,72,22,66,7,86,57,87,81,83,13,39,35,51,93,59,65,71,88,74,64,51,46,24,62,94,41,46,37,73,85,17,47,46,19,53,30,81,19,93,26,78,63,62,92,79,49,32,53,66,91,61,34,53,76,52,23,78,88,0,6,49,73,22,94,15,32,42,33,43,7,56,26,13,21,43,22,88,74,40,64,95,64
49,71,41,88,40,14,80,58,43,69,40,85,94,90,17,98,49,36,6,88,87,41,6,28,18,98,81,87,80,11,92,76,75,58,67,96,75,38,72,28,54,10,15,3,86,83,67,82,32,58,41,32,12,31,9,77,37,84,30,36,43,45,62,78,68,2,53,2,38,59,18,56,85,7,37,25,42,68,55,79,46,42,72,63,24,28,11,52,46,100,18,34,97,62,92,51,76,15,13,12
85,4,34,100,83,98,49,60,19,87,85,5,12,68,84,2,22,16,56,48,85,62,70,67,43,64,14,38,15,49,47,27,7,56,83,21,41,40,79,46,80,67,83,22,12,67,17,4,33,17,85,66,93,10,74,75,33,58,47,38,77,76,56,68,25,98,60,83,70,10,51,83,23,38,85,78,88,9,6,4,24,79,87,78,70,17,5,48,76,75,57,89,56,14,94,47,30,3,18,52
44,81,32,98,78,9,48,86,46,93,55,67,58,34,58,84,46,88,61,25,6,24,89,64,94,4,67,62,67,98,25,82,19,59,52,8,39,83,30,63,25,21,13,96,32,83,8,3,50,44,35,87,85,40,37,56,22,42,97,84,18,98,18,79,95,28,86,89,54,85,82,53,28,58,61,91,82,60,27,14,92,1,4,29,65,24,40,41,17,72,0,9,88,7,11,60,74,13,99,44
38,13,96,72,66,4,15,39,23,37,31,15,63,91,47,91,48,85,95,82,37,5,14,89,51,84,45,24,2,42,24,90,33,33,73,87,29,58,89,59,74,1,25,95,78,68,9,79,32,26,64,80,9,60,35,69,52,0,65,32,80,82,16,84,6,92,24,63,43,44,62,40,8,6,94,88,2,76,51,9,53,64,18,7,47,39,91,64,81,26,44,32,66,5,92,46,65,44,91,42
40,71,100,99,1,78,73,62,0,8,35,92,68,86,78,91,51,81,45,42,75,13,79,22,63,35,14,36,29,13,66,1,42,99,62,75,42,47,68,2,2,13,17,32,2,95,86,15,30,90,23,89,41,62,96,57,77,8,53,51,23,48,12,43,25,86,68,55,100,48,31,2,17,94,12,78,21,50,15,1,63,90,60,7,90,77,7,4,23,55,88,71,4,19,93,52,44,6,47,82
65,73,11,33,99,6,69,89,30,29,53,77,39,73,97,89,87,82,62,33,9,15,95,19,25,20,50,44,75,52,20,99,79,37,91,8,53,48,84,35,16,49,63,3,26,1,88,22,66,47,50,17,66,63,67,30,8,53,22,24,94,100,60,86,96,95,92,57,76,26,16,100,65,63,18,83,15,33,16,82,5,7,58,1,32,94,22,53,16,83,49,7,21,0,9,10,67,69,80,16
36,34,87,64,34,62,66,82,11,10,24,62,18,12,80,98,8,84,61,80,66,27,3,92,67,80,90,89,39,4,34,34,73,97,28,33,2,40,77,36,27,82,64,30,93,70,23,58,59,76,36,52,16,62,8,26,35,44,80,30,21,56,49,62,60,52,82,92,82,63,47,22,23,99,59,24,30,32,91,51,100,87,50,59,99,61,8,29,39,20,96,91,91,38,94,28,74,13,41,99
96,89,46,6,27,10,31,59,1,94,97,91,22,81,39,18,45,49,76,77,52,73,18,41,11,10,16,53,18,8,71,73,84,39,76,52,81,9,20,16,73,6,63,32,44,70,43,94,35,19,93,60,35,10,43,27,75,99,41,36,73,36,55,41,40,83,45,25,66,75,89,38,97,20,56,95,11,65,56,13,32,45,42,6,64,32,39,8,83,28,30,11,92,68,32,87,13,54,32,5
21,31,18,13,31,71,31,15,70,58,7,3,64,52,22,25,39,25,29,100,68,33,45,31,36,60,100,10,77,83,98,8,72,65,92,16,96,15,38,20,38,14,57,0,25,9,49,62,37,93,61,55,44,7,15,76,98,86,28,4,67,84,37,96,84,21,81,83,93,56,28,70,38,44,31,95,64,72,85,68,100,53,20,55,38,48,45,61,45,81,53,89,1,94,77,0,34,60,25,33
85,6,60,92,94,29,13,64,92,47,8,59,86,7,18,59,81,60,57,13,8,84,79,8,63,8,36,4,23,89,93,88,100,79,57,29,6,93,62,55,91,95,91,71,21,84,2,10,13,64,57,30,55,74,46,38,41,0,86,21,42,50,5,93,80,74,63,30,5,74,87,34,12,84,71,62,7,82,99,54,63,68,66,29,57,98,29,59,72,36,38,62,99,82,61,34,52,45,93,51
40,81,28,62,38,74,45,58,57,93,57,60,87,33,2,53,31,13,54,61,42,99,67,13,61,49,21,8,82,30,46,62,11,77,64,62,33,0,23,58,33,77,37,33,96,0,31,58,42,83,76,26,9,100,1,52,74,68,0,59,4,73,68,10,36,25,2,62,43,88,39,65,46,12,88,76,41,69,54,66,82,23,2,55,22,27,89,17,23,67,21,36,68,45,0,30,37,74,19,0
7,46,68,58,44,31,99,67,47,45,65,58,35,26,100,88,89,3,13,87,24,28,65,53,61,50,79,74,64,78,8,3,40,70,69,15,20,38,97,17,57,52,99,38,80,79,27,5,28,96,4,69,43,1,9,10,35,60,99,79,85,97,5,72,49,44,13,55,4,41,46,47,84,99,58,11,77,38,17,88,58,72,72,36,52,94,59,47,1,41,38,3,24,35,27,32,0,51,49,18
43,73,30,18,4,88,30,17,70,74,55,24,0,82,31,56,18,81,27,63,37,66,30,77,40,71,39,94,11,12,71,27,99,69,90,90,100,61,74,74,91,26,98,37,38,36,24,22,66,8,49,90,59,59,65,31,45,24,2,92,29,89,52,70,96,75,47,5,74,17,22,40,12,28,55,79,77,84,27,47,2,84,48,92,67,93,72,41,100,40,92,33,28,29,5,67,90,92,38,23
34,43,0,28,36,55,38,49,87,45,52,88,77,10,46,69,67,3,42,70,2,21,58,20,73,93,93,60,91,91,25,12,88,68,56,71,2,46,15,71,11,17,4,81,17,21,30,21,87,74,46,45,94,21,92,5,55,53,19,87,100,35,43,28,79,91,29,46,47,66,75,38,15,50,21,63,1,42,91,54,48,6,42,81,16,20,31,51,12,45,79,29,35,91,33,76,95,85,81,0
71,44,19,21,9,61,38,67,7,28,64,12,65,78,84,45,86,37,49,86,69,85,56,84,74,33,87,3,98,61,0,24,17,18,79,38,66,99,9,23,24,91,73,48,36,14,57,61,42,4,87,12,51,95,61,35,17,36,46,63,51,37,4,99,34,85,39,66,11,49,82,44,51,82,65,3,95,77,50,31,41,33,23,22,81,13,94,38,40,28,52,25,50,5,72,55,75,93,14,73
2,44,55,86,39,30,38,43,86,1,95,0,67,27,88,2,23,100,68,25,68,17,39,29,57,88,81,44,70,20,16,67,14,12,27,5,60,10,6,81,66,17,4,68,94,14,94,4,75,12,71,51,60,43,13,36,98,12,4,42,91,87,25,12,23,56,46,80,51,94,50,37,69,81,24,81,66,50,93,58,13,14,87,62,99,69,50,97,12,73,92,8,52,13,74,65,92,57,23,94
29,75,48,81,41,75,23,28,87,19,15,11,94,89,95,84,9,23,75,90,96,71,43,33,40,56,91,96,100,26,63,31,46,53,20,9,34,94,68,39,22,26,41,45,43,77,93,10,83,46,27,93,7,86,57,14,94,58,45,33,48,27,10,29,48,3,59,45,57,47,89,65,3,43,40,27,38,58,3,92,66,17,79,1,3,59,72,14,76,52,70,5,22,32,63,14,16,43,97,44
72,99,6,90,65,6,43,97,81,65,9,86,95,30,62,62,63,88,91,67,89,89,76,28,57,72,24,68,73,67,41,30,64,91,69,48,55,4,53,65,43,16,38,67,37,36,7,90,8,24,28,9,59,7,8,77,62,85,49,5,79,21,41,23,8,43,53,79,92,83,82,68,1,74,78,65,90,81,71,57,85,1,65,5,27,36,91,70,13,68,68,7,66,30,32,20,63,98,6,98
14,40,22,68,75,70,90,46,42,49,13,60,54,64,56,61,88,90,47,79,0,2,24,2,69,59,27,79,88,93,66,6,97,87,14,93,31,41,12,25,79,4,20,4,45,67,7,100,20,52,90,1,14,23,89,78,37,14,59,34,12,0,37,91,85,74,42,40,47,22,0,7,3,76,20,19,88,78,75,6,74,51,1,24,12,37,23,96,52,44,78,25,50,74,71,7,39,28,49,49
14,44,46,54,3,26,95,49,45,18,29,67,0,4,76,29,32,70,36,10,88,72,27,54,39,6,9,4,96,17,54,67,45,75,60,58,1,2,41,53,54,91,96,33,98,12,19,26,35,93,91,67,6,16,19,19,49,46,97,88,8,52,52,91,54,76,34,56,34,13,68,43,67,5,39,59,85,22,80,21,98,99,41,66,88,12,31,10,58,68,94,39,22,3,46,25,33,72,62,32
51,82,56,58,35,74,51,88,92,59,62,9,63,35,88,65,28,95,53,13,2,61,18,80,3,76,13,61,35,45,94,100,12,37,82,51,73,65,16,46,92,67,27,11,10,81,8,64,1,73,63,92,79,73,99,93,97,79,10,15,89,50,38,98,69,13,28,71,89,96,63,4,66,67,17,24,35,56,1,34,61,8,8,95,79,80,47,84,80,89,46,96,90,71,41,16,15,59,63,43
53,53,89,61,2,5,64,69,64,46,39,10,100,81,38,64,71,58,33,8,28,94,97,67,83,10,81,50,65,58,11,100,77,67,55,57,36,52,74,16,10,52,31,95,28,50,98,59,2,69,97,27,36,62,84,76,61,13,59,10,84,63,55,44,58,30,78,63,38,75,20,7,80,81,90,4,72,100,15,50,97,7,41,57,84,25,62,2,89,39,10,49,79,7,28,28,93,84,5,52
65,99,85,100,73,70,24,76,94,82,99,82,40,88,94,94,54,78,13,93,99,52,96,25,69,69,7,90,18,2,3,45,93,79,32,70,100,93,13,29,24,11,58,40,45,30,32,16,27,86,40,98,67,12,25,70,20,83,1,5,3,21,36,15,63,24,92,13,28,54,89,45,29,51,81,2,19,94,35,69,80,74,49,23,98,83,15,99,28,61,73,19,38,78,83,11,94,83,21,26
76,35,59,32,30,25,70,25,43,2,51,35,23,71,49,14,49,92,12,12,27,82,17,87,84,4,36,33,56,30,86,30,72,55,17,27,16,83,2,43,26,6,68,74,11,23,20,36,64,95,17,40,83,89,93,49,21,51,39,88,48,81,18,32,76,96,87,43,5,68,34,62,82,29,0,93,26,68,96,29,88,81,36,24,83,7,14,36,91,70,91,18,65,72,87,93,31,73,43,91
84,5,61,95,88,55,20,43,49,89,94,57,45,74,16,11,88,29,45,40,27,84,51,8,11,76,88,25,93,82,18,58,93,62,39,71,24,40,60,31,15,95,71,58,91,12,62,98,94,57,78,60,7,85,66,82,46,28,66,62,6,58,9,34,21,6,16,34,29,35,59,82,61,16,93,57,7,100,57,17,88,99,93,69,65,74,99,95,64,51,23,60,17,13,32,9,5,45,15,10
35,71,75,48,59,37,2,8,37,42,17,24,92,31,37,58,75,2,18,79,91,89,77,79,72,39,91,58,43,90,36,14,7,46,86,64,95,63,69,14,1,49,65,52,77,56,49,54,63,67,50,11,79,32,28,43,66,28,90,0,14,39,41,45,83,32,20,63,100,75,89,25,29,65,77,28,44,33,21,80,48,47,92,31,23,88,42,78,93,52,33,36,58,8,89,65,18,11,21,6
8,41,88,61,6,43,3,8,7,59,27,25,37,4,63,28,58,58,97,29,60,53,79,8,86,48,85,5,67,45,83,49,15,55,13,95,41,73,47,60,29,6,48,90,56,14,55,85,82,47,21,63,80,37,80,24,52,30,30,88,82,40,83,100,46,29,68,17,96,16,27,43,40,1,15,64,100,28,21,52,79,42,2,85,55,93,68,27,77,51,13,26,82,32,34,0,73,38,3,17
95,72,20,60,63,42,84,6,88,40,40,97,52,59,36,30,51,0,30,93,57,64,52,70,69,0,65,36,54,70,50,76,99,97,60,60,54,54,16,100,21,21,82,100,80,56,27,97,100,16,61,37,25,10,79,44,71,88,28,37,37,91,58,36,64,4,84,83,36,13,53,37,47,53,92,44,15,91,1,73,47,18,28,28,52,49,92,24,24,18,8,47,90,11,85,54,16,52,3,38
87,78,17,30,11,81,50,28,69,70,43,54,25,43,1,13,17,32,3,56,30,27,94,48,97,12,17,3,75,19,84,6,35,80,19,10,43,75,30,61,60,55,10,84,62,81,41,93,40,89,81,51,15,6,3,15,79,7,94,99,0,52,69,31,19,23,63,48,31,41,92,65,84,99,76,65,24,56,46,34,25,49,67,46,66,100,26,75,7,49,42,41,91,43,18,32,36,85,31,72
62,100,99,38,92,52,0,34,53,81,60,80,49,53,26,20,36,85,13,22,71,92,66,28,66,17,83,16,73,53,54,97,87,35,20,70,22,78,75,56,1,73,90,69,63,53,90,86,6,55,44,23,21,25,73,64,43,18,11,55,81,56,35,79,24,51,69,23,71,72,22,65,65,84,50,21,75,17,38,68,71,76,67,88,70,66,45,18,100,15,65,14,52,89,78,32,91,41,37,73
86,8,62,79,37,100,79,15,29,82,4,88,30,12,30,13,10,85,12,97,64,32,90,49,33,69,11,49,1,46,0,78,42,38,36,97,37,80,53,52,98,62,66,94,22,70,35,17,78,26,75,72,19,41,52,11,57,46,61,72,24,78,4,0,2,56,57,18,96,34,85,42,29,11,61,98,72,9,34,81,29,31,16,85,79,53,6,91,22,90,39,19,53,2,34,86,23,40,29,56