83,100,81,75,26,57,98,41,65,68,50,90,95,45,42,27,16,39,67,85,83,0,97,69,70,92,30,5,45,83,86,26,36,88,57,10,93,3,97,31,87,73,17,34,90,99,56,19,73,37,98,72,97,95,18,53,43,100,69,17,11,16,62,39,88,1,75,17,13,34,84,80,37,84,73,47,51,18,52,85,35,63,87,47,72,84,87,25,35,22,29,45,3,55,72,97,50,4,59,10
3,32,7,58,66,48,68,23,52,13,29,33,51,98,57,83,30,52,93,50,39,95,92,23,84,94,57,61,1,6,87,51,89,75,3,50,98,65,15,27,42,81,45,54,60,91,89,24,71,69,41,47,30,78,79,96,58,74,21,31,2,84,92,30,94,95,91,24,18,27,42,96,20,31,37,50,66,21,66,46,37,69,14,76,56,42,28,44,9,93,89,69,36,65,31,73,34,64,22,42
94,94,92,70,25,62,32,57,63,15,48,20,18,6,3,28,69,6,74,87,18,87,71,10,79,3,7,68,86,61,70,19,48,70,15,26,84,27,57,80,59,13,62,22,69,1,79,76,99,35,73,82,64,64,2,49,21,59,30,75,60,10,67,23,16,8,57,8,5,11,24,28,0,19,14,22,53,62,50,37,27,45,7,99,17,80,4,66,73,97,9,95,90,45,66,63,72,94,91,25
40,30,84,72,5,20,24,75,30,5,47,49,0,11,100,64,70,32,78,26,17,14,7,86,84,41,36,50,95,18,73,25,88,74,24,94,70,33,43,71,47,68,54,40,52,7,6,32,52,75,28,41,62,85,86,20,31,58,87,79,80,61,75,64,12,55,69,43,77,69,34,38,13,14,7,17,69,43,57,74,86,58,76,27,72,88,18,100,6,54,10,33,98,24,91,3,37,72,66,61
71,57,61,46,56,17,32,64,65,15,7,35,17,31,25,67,6,33,83,25,21,57,40,50,67,46,24,3,64,79,31,97,62,3,14,89,80,51,7,40,64,62,33,93,18,88,96,56,86,35,21,27,98,27,22,44,33,22,10,59,13,56,17,15,47,27,33,97,45,64,89,84,48,88,18,24,42,27,58,98,23,24,59,12,92,6,84,86,5,87,93,13,25,70,8,60,44,94,66,51
23,58,3,98,2,33,79,10,7,86,71,25,46,42,50,10,59,21,63,32,30,82,2,90,37,91,22,65,56,88,90,8,13,74,12,2,45,82,92,0,62,35,96,62,6,34,88,43,58,94,29,55,76,63,65,62,72,2,40,50,33,48,55,26,50,71,39,56,31,52,92,3,82,8,6,29,95,90,25,4,77,42,71,54,27,20,65,90,59,16,71,62,72,35,8,59,82,82,46,59
95,96,71,96,51,42,22,69,90,35,49,96,14,42,13,15,49,56,100,74,24,56,51,61,0,24,7,27,48,73,88,27,57,91,33,89,50,55,8,1,17,0,50,97,10,34,67,94,51,50,27,67,97,65,12,26,26,47,57,74,16,61,47,71,95,31,47,93,47,46,53,47,59,99,97,100,1,53,33,89,96,15,97,6,41,27,33,6,25,68,84,5,86,74,6,88,50,92,28,70
65,26,61,89,39,75,1,84,47,44,45,76,12,17,35,98,81,12,15,100,81,31,99,86,91,18,48,92,13,35,1,85,47,47,21,40,22,18,92,85,64,4,56,60,96,56,51,94,9,61,77,19,65,80,85,69,18,64,98,17,40,79,13,66,32,1,66,31,72,86,81,89,23,19,8,64,1,1,5,29,26,79,41,84,21,23,12,93,79,39,63,7,58,26,34,67,44,42,44,40
92,66,95,60,54,100,97,93,5,88,87,17,89,74,27,57,50,16,46,48,16,29,20,57,73,37,43,35,24,100,52,39,72,85,13,99,58,79,37,58,53,94,74,52,88,41,88,92,73,1,13,53,47,44,78,59,37,82,91,96,18,94,92,71,48,24,66,42,88,51,0,25,93,18,69,91,91,55,74,81,47,10,91,40,85,9,9,54,36,91,13,83,86,55,82,65,48,14,20,19
11,66,42,83,49,95,5,45,16,31,26,25,68,72,38,31,4,1,14,38,80,11,11,90,92,75,14,3,38,13,56,74,37,53,91,93,52,7,4,4,61,61,17,60,38,78,37,51,95,60,6,22,9,55,98,49,40,19,10,80,26,46,57,10,99,38,36,75,83,86,80,51,82,67,1,24,13,31,69,93,61,9,51,86,84,44,32,16,38,7,66,5,100,58,52,13,83,82,30,67
65,6,10,61,26,51,15,17,66,80,22,48,86,60,24,43,68,63,37,36,100,97,6,4,83,27,59,68,81,74,86,65,59,14,62,36,45,71,74,26,21,18,62,31,56,48,79,85,94,94,87,96,32,29,0,93,50,26,58,99,91,23,15,65,2,59,12,61,39,36,16,20,72,40,13,82,56,85,97,73,45,47,19,24,44,53,4,6,24,70,96,97,85,100,60,71,75,96,19,67
44,46,22,71,50,99,79,16,79,75,12,0,84,64,4,84,29,14,14,36,57,89,79,4,51,20,63,82,82,31,50,49,23,98,73,63,46,87,29,91,17,88,92,73,74,46,65,48,80,83,94,45,90,0,44,52,1,66,26,58,27,13,24,32,24,77,43,19,51,44,74,87,45,9,92,18,94,16,68,38,78,37,18,78,47,29,84,91,83,52,85,78,15,93,49,51,24,85,100,37
62,4,38,49,61,87,63,51,39,78,50,30,61,11,40,30,7,65,64,78,9,47,89,91,54,3,15,44,48,83,62,1,59,14,28,94,11,32,37,36,51,4,58,31,91,79,65,79,10,51,60,42,88,53,25,70,50,63,83,4,85,21,48,91,33,4,92,80,13,80,14,81,53,46,28,24,59,82,34,12,63,15,14,35,82,99,31,65,30,16,28,75,100,25,37,1,69,32,4,9
55,34,7,3,89,45,73,1,76,31,71,3,57,35,15,6,73,65,11,79,87,28,99,14,43,28,89,42,53,65,33,77,41,6,94,90,6,35,93,49,93,97,27,78,47,83,77,59,79,33,100,10,84,6,96,9,60,43,18,60,35,42,70,76,49,28,64,49,20,3,98,65,31,62,36,12,37,21,49,39,81,29,86,24,45,25,81,53,64,17,83,15,13,99,53,29,79,79,100,6
64,66,49,56,59,85,94,70,22,19,41,0,97,55,8,55,38,38,88,74,81,82,57,85,41,87,9,5,0,40,71,19,26,65,42,60,7,21,81,6,95,89,51,61,100,61,1,31,33,15,52,36,73,15,93,93,62,24,36,86,6,62,84,28,43,64,28,9,68,15,100,87,93,39,51,73,39,80,1,61,93,77,93,62,48,71,60,28,99,30,81,54,49,35,70,38,40,37,54,31
65,7,38,49,78,22,24,96,65,73,43,95,17,26,82,58,2,76,28,8,84,45,8,20,1,73,33,16,80,24,0,95,24,15,82,56,25,39,65,75,81,72,59,73,32,61,27,35,59,16,6,64,90,84,13,33,62,30,57,45,44,58,5,68,49,19,7,83,7,0,78,57,49,78,4,91,97,81,52,37,47,80,94,50,38,22,47,44,81,39,70,9,16,53,11,79,34,53,6,12
70,39,44,65,10,35,18,69,11,94,85,98,81,22,25,96,65,56,96,75,56,70,64,2,77,53,56,12,26,98,79,68,76,98,88,49,52,7,76,79,64,80,0,81,0,23,100,42,35,72,76,60,4,73,67,68,31,11,52,75,92,42,32,9,89,49,0,93,26,33,18,53,96,94,23,9,76,88,91,61,14,2,38,16,18,50,27,24,56,55,27,59,98,54,97,44,94,71,70,18
35,43,93,89,15,72,98,89,49,92,40,68,48,27,50,44,15,77,11,79,32,22,40,49,12,12,85,60,54,16,54,51,40,74,28,78,24,25,31,23,79,38,90,95,66,90,38,14,29,4,45,15,55,98,93,17,61,84,86,37,48,96,94,71,93,16,33,5,43,58,96,37,8,9,69,72,7,88,59,84,66,56,58,13,82,56,66,9,61,55,60,54,25,49,44,16,59,85,65,19
95,100,58,51,57,45,55,7,30,30,24,58,70,0,90,26,69,51,84,9,98,16,28,42,24,75,66,17,71,53,74,97,41,23,0,58,16,72,76,13,4,67,27,98,48,8,1,55,3,88,58,59,34,4,5,1,30,83,53,57,24,38,35,34,8,81,53,100,33,30,57,42,27,74,76,57,38,91,21,95,100,83,15,48,7,32,58,80,44,11,69,41,99,7,85,55,11,22,75,10
43,43,57,24,31,49,31,61,37,83,45,37,10,65,21,75,74,82,84,68,47,88,50,86,86,32,23,99,72,51,86,73,38,39,72,62,5,51,55,93,24,41,19,61,41,18,87,100,41,6,51,64,42,30,78,10,32,65,54,99,87,67,48,71,7,7,65,49,25,81,7,70,74,15,92,43,67,34,29,73,75,67,48,68,89,42,2,82,52,83,9,49,1,51,39,8,93,16,54,51
89,60,30,65,64,78,67,42,45,29,76,72,75,40,93,9,26,72,42,100,67,42,56,77,40,1,50,15,74,70,34,6,9,47,77,33,29,59,88,37,34,8,95,30,17,44,62,8,2,68,48,94,49,36,7,47,99,60,53,22,78,89,92,1,56,84,48,48,37,67,35,70,40,2,21,73,6,58,47,28,39,90,37,37,16,41,81,99,39,47,53,23,83,51,11,77,13,83,18,82
53,64,99,53,56,86,30,36,11,61,21,39,56,23,13,99,22,91,90,77,36,74,8,32,79,18,60,10,17,60,77,81,49,76,54,93,89,85,47,31,61,47,26,77,24,75,67,40,79,92,32,20,31,60,39,84,55,70,76,47,65,17,95,66,50,30,94,26,56,54,82,39,51,29,43,69,43,33,4,75,18,24,47,97,18,51,44,99,39,48,22,79,16,36,48,3,42,91,69,19
56,37,19,27,42,73,31,36,89,13,20,59,60,67,15,73,48,37,94,36,19,92,10,95,87,3,71,10,8,98,57,96,84,27,97,76,60,96,0,69,80,89,97,88,68,8,33,75,23,75,35,44,66,79,89,64,35,89,8,3,74,71,99,74,60,4,3,61,61,27,31,93,38,81,76,91,11,65,4,34,29,21,56,47,45,32,73,25,37,99,63,54,58,95,89,53,77,97,41,68
9,79,92,68,14,26,71,27,67,38,8,37,11,43,7,81,2,41,35,96,76,21,36,88,75,48,56,60,81,64,87,30,9,38,78,54,100,42,95,73,65,51,13,36,85,72,29,55,38,94,20,66,71,49,43,8,85,80,58,32,64,94,4,96,2,34,5,59,36,57,15,48,5,43,93,28,20,61,67,54,36,20,43,16,20,79,30,51,66,98,28,10,88,73,91,27,63,58,44,33
62,38,96,93,33,78,62,67,13,5,52,40,97,29,67,22,40,80,46,69,99,59,75,73,14,90,57,30,30,84,72,22,100,44,35,76,51,7,40,42,32,43,71,55,2,64,33,53,24,20,41,43,14,91,89,41,19,27,68,86,85,88,81,71,85,99,94,24,21,58,46,26,86,14,23,76,9,88,94,79,28,14,17,33,2,59,17,61,58,77,11,3,55,13,30,80,60,71,29,43
40,79,34,67,1,33,89,61,76,67,75,83,58,47,26,59,1,18,90,81,84,1,5,29,44,69,29,12,33,62,17,36,93,86,41,0,52,7,34,42,42,56,92,34,2,0,78,63,99,0,22,74,86,54,99,67,29,67,66,46,40,99,71,5,56,39,8,48,37,6,30,41,87,14,95,11,48,83,34,46,88,19,81,37,85,53,21,85,73,61,99,94,64,24,81,11,5,65,97,1
56,65,41,76,8,23,37,79,94,99,11,9,34,94,71,88,22,12,31,75,80,14,66,20,46,78,97,41,90,52,42,31,80,34,47,89,47,76,38,78,23,74,24,17,66,12,57,3,10,48,29,76,15,94,100,46,67,62,26,23,64,61,78,99,54,22,85,81,3,41,77,60,36,51,37,49,40,82,63,84,71,27,13,77,52,11,17,89,24,30,93,25,21,57,56,27,82,78,17,89
39,82,18,85,74,95,36,41,17,97,35,100,39,45,55,34,87,36,22,62,52,58,96,4,63,60,68,46,41,36,8,0,2,40,40,46,37,99,49,11,54,18,94,78,45,66,34,77,2,16,71,38,45,10,62,78,34,9,77,87,27,4,85,24,10,37,74,89,56,90,27,86,1,66,58,52,57,96,78,60,27,20,19,25,16,90,96,97,14,14,37,36,18,41,68,69,8,86,67,68
75,92,11,98,77,77,63,54,38,52,6,7,45,6,56,96,35,64,100,93,30,86,63,82,15,65,50,43,55,63,38,57,56,90,18,25,44,84,88,23,98,33,15,69,69,13,43,2,91,52,47,15,72,57,65,80,8,46,36,16,84,61,12,90,7,87,8,76,44,0,42,87,63,69,40,6,20,45,40,37,34,28,10,11,22,11,5,61,2,93,17,41,10,24,39,19,88,82,1,29
80,97,28,80,27,11,48,30,18,73,73,58,57,29,78,47,66,26,45,27,31,99,19,29,74,58,35,21,24,59,88,44,8,78,66,2,83,0,19,31,96,47,43,52,89,49,78,63,86,97,99,79,28,62,10,73,42,91,11,57,80,47,69,7,66,51,60,72,44,26,26,94,80,60,94,6,40,31,2,8,65,11,82,57,2,61,2,5,47,97,5,13,8,31,21,56,86,95,13,4
46,51,79,53,73,45,5,63,13,17,15,12,8,43,55,22,6,31,51,44,45,91,60,73,56,34,85,79,17,16,21,96,0,7,4,38,61,89,49,41,4,77,76,55,70,87,77,2,84,7,15,13,74,68,39,53,49,67,58,81,61,47,39,47,1,9,41,29,77,21,35,30,89,70,40,68,20,6,100,83,64,67,49,9,23,54,47,35,12,49,71,37,52,62,61,99,6,50,68,90
78,22,16,50,12,37,42,37,45,77,86,60,87,91,16,55,29,61,54,73,66,65,94,15,5,54,9,16,12,26,38,34,47,33,21,91,49,34,39,0,42,11,64,77,31,61,99,83,68,22,74,95,40,93,27,22,74,95,89,34,27,22,69,45,3,91,79,54,97,33,35,56,90,58,36,91,82,7,12,56,2,17,22,58,77,99,70,6,44,51,58,80,43,29,70,66,97,69,11,23
67,16,76,55,58,56,55,64,34,30,31,41,40,94,62,68,96,80,53,18,30,13,30,71,49,90,30,3,40,16,51,39,35,23,43,6,64,29,49,84,29,86,99,29,31,61,63,11,10,81,12,48,93,87,13,30,13,89,3,30,28,0,17,57,93,47,22,28,38,57,51,93,6,12,86,8,61,91,55,77,47,8,77,1,35,4,67,52,82,83,53,19,87,42,66,1,33,8,26,55
16,51,36,1,72,68,56,52,30,62,21,1,28,74,7,37,13,77,8,21,31,75,16,27,93,0,54,2,92,80,79,43,93,8,39,51,25,4,97,68,65,63,4,51,10,56,13,22,31,6,49,29,41,29,20,17,70,36,85,6,12,80,99,85,60,41,68,3,26,0,77,22,40,51,97,61,45,23,78,39,80,50,29,59,96,89,8,42,0,13,100,66,49,71,39,74,29,27,53,97
15,22,98,27,36,74,12,80,76,0,75,33,36,33,100,85,21,5,77,97,14,61,100,51,8,57,20,4,89,98,91,40,5,72,21,33,5,42,60,28,46,57,0,55,34,10,65,4,7,65,2,41,53,2,75,4,71,78,41,56,45,4,16,17,20,78,59,69,89,4,45,23,55,41,70,38,8,51,45,86,79,35,20,48,24,94,95,85,23,94,46,15,74,75,41,60,77,46,95,97
62,5,79,84,58,51,86,13,63,44,83,49,90,89,11,18,41,28,41,30,84,82,93,64,78,30,58,15,9,38,74,30,57,1,70,46,81,91,0,83,40,6,51,13,28,28,35,6,67,59,100,62,64,26,57,85,66,35,28,65,74,92,2,87,1,49,66,92,85,36,67,89,15,20,30,12,56,54,55,31,99,14,59,91,85,88,57,94,5,52,15,17,75,95,69,63,39,6,44,4
0,49,98,41,47,47,73,6,27,68,70,33,55,73,50,40,49,21,59,95,93,9,99,92,41,27,13,60,88,89,62,56,58,37,51,94,84,2,97,82,98,40,61,90,98,33,10,95,42,6,27,86,66,83,30,40,90,78,54,49,94,88,14,8,51,65,26,26,50,41,95,48,74,51,100,65,47,91,93,53,27,53,77,62,84,45,10,49,76,100,21,21,89,28,65,34,36,78,52,62
61,88,80,63,15,55,39,92,41,77,82,50,16,50,74,56,79,11,82,60,75,71,95,71,36,94,72,62,50,7,45,17,14,68,60,10,56,88,2,59,38,89,72,66,25,1,63,14,96,52,32,1,89,37,66,47,93,22,31,58,85,36,4,42,74,78,64,33,41,95,0,56,89,41,43,40,8,85,46,47,36,87,65,56,42,73,46,89,58,86,73,79,41,68,100,62,42,68,87,16
3,79,2,57,2,72,45,83,96,85,84,97,35,97,63,11,51,42,0,18,52,26,70,88,72,96,81,11,87,7,24,12,69,10,23,55,13,15,45,58,64,13,23,86,51,37,7,81,56,35,87,59,54,5,97,98,7,98,55,79,4,7,29,46,81,68,39,66,26,27,0,63,83,5,67,7,67,15,57,54,27,61,99,5,5,38,77,30,47,98,36,45,60,95,40,70,10,1,16,89
30,61,2,67,55,16,96,19,42,42,48,32,35,81,81,93,32,26,73,54,36,88,71,19,79,7,48,35,20,16,8,2,40,24,32,54,9,17,54,89,14,40,61,14,33,59,2,9,94,65,57,46,58,92,27,44,76,7,4,67,4,89,84,55,91,34,34,45,42,68,11,38,100,91,84,21,41,83,99,73,54,59,73,96,35,45,94,46,64,14,85,27,51,54,72,61,78,57,44,11
39,11,94,31,36,93,82,59,70,17,36,43,5,12,12,26,100,83,47,2,54,97,45,98,43,22,79,54,90,28,75,66,93,33,11,18,45,100,80,94,23,46,31,30,17,79,97,92,22,26,85,8,23,45,64,29,42,90,4,6,62,45,8,55,62,89,99,93,27,65,50,7,30,71,84,23,78,75,67,32,81,21,2,16,43,43,96,12,7,87,93,63,51,72,85,35,7,88,75,41
16,46,69,55,38,85,81,2,83,79,85,24,47,12,54,22,39,54,18,9,89,82,6,24,16,84,70,38,34,64,35,46,32,20,14,75,52,88,69,78,18,47,73,12,72,100,81,86,72,28,14,80,83,49,83,41,53,97,53,26,70,30,48,8,1,95,40,73,45,6,25,7,2,44,96,52,31,76,85,100,27,92,10,83,25,76,0,75,2,79,28,82,47,31,87,4,16,73,47,45
87,6,68,2,43,37,23,48,52,52,59,76,23,27,78,30,80,7,87,74,75,66,52,65,0,8,55,52,73,89,91,32,92,22,48,27,2,17,46,81,57,58,0,78,9,73,51,82,46,65,64,67,65,6,83,26,87,67,48,90,93,21,41,15,7,24,50,0,35,77,10,53,74,1,41,69,31,5,97,93,23,24,57,68,47,33,56,57,9,50,28,2,71,54,48,19,42,49,5,38
3,37,84,26,85,93,68,38,35,3,31,67,59,7,74,30,75,17,73,42,63,69,34,87,81,44,98,15,39,37,76,91,53,19,3,1,73,0,1,90,4,92,85,96,17,68,51,3,20,82,38,59,57,57,6,55,44,22,39,69,39,81,86,46,19,32,28,50,77,6,15,23,46,92,6,100,3,86,86,35,11,5,11,26,85,23,94,86,76,97,22,24,26,21,80,82,10,99,99,25
71,61,20,93,65,79,58,40,86,61,10,34,76,32,72,32,15,79,95,37,41,63,79,27,14,45,100,44,38,90,38,82,65,24,84,74,95,98,16,69,87,60,85,20,67,55,36,46,11,35,11,91,65,71,88,74,49,64,96,58,14,9,82,66,96,43,37,78,59,15,72,72,12,60,24,38,86,6,10,71,30,31,20,74,70,33,43,57,31,88,100,61,74,49,57,89,50,3,100,82
13,26,43,24,1,80,80,92,6,41,42,13,91,86,83,31,52,84,16,19,69,86,76,42,3,74,83,19,59,67,92,69,85,80,15,6,32,7,90,21,33,7,46,78,53,81,63,46,8,84,62,66,30,21,95,7,69,4,33,16,30,64,59,86,50,91,26,18,94,91,87,78,99,46,90,11,74,13,22,94,56,100,86,98,38,78,65,27,8,12,84,94,58,90,89,70,17,65,74,21
41,72,34,89,27,92,93,68,26,16,52,89,55,96,32,22,82,89,10,37,64,77,45,68,30,49,75,34,91,54,63,54,67,61,70,60,27,13,81,84,8,31,87,86,70,63,67,85,21,60,19,8,61,81,96,30,94,27,2,26,38,21,80,84,80,82,69,69,93,23,21,73,85,0,72,54,8,93,22,77,41,79,24,26,91,93,11,81,14,73,5,64,5,45,50,47,4,17,6,15
41,65,61,48,4,27,73,88,66,62,8,84,32,69,95,20,84,21,74,30,78,29,74,75,87,35,8,95,98,72,81,95,9,90,77,77,61,2,9,34,56,47,65,44,76,76,74,43,33,73,91,70,48,59,80,54,22,1,62,20,20,83,21,86,90,77,21,40,64,27,31,59,41,61,69,29,90,17,99,79,88,91,0,54,68,37,93,80,52,55,4,56,47,7,42,31,57,2,73,40
81,18,43,86,84,64,95,47,65,19,22,18,97,69,28,98,81,72,27,32,66,66,18,76,36,17,69,15,0,96,52,31,14,56,83,61,70,29,44,64,68,47,85,96,45,80,18,91,97,84,97,57,53,41,12,21,7,39,93,62,3,27,67,9,46,33,48,57,100,6,84,85,38,96,44,10,78,13,26,13,23,5,67,78,9,94,39,95,95,54,62,62,15,51,33,35,44,100,1,81
35,81,19,70,91,60,21,28,4,25,12,63,59,2,27,55,39,29,91,14,21,29,46,18,22,33,11,53,93,70,20,3,22,77,40,50,91,92,87,73,47,100,42,13,24,2,83,47,75,86,34,0,63,27,70,52,26,82,100,52,15,60,91,48,25,12,34,20,93,59,21,12,55,27,17,9,56,61,27,52,4,21,91,55,93,94,21,74,94,44,12,6,15,13,69,44,18,81,56,90
67,97,96,5,92,6,70,0,2,0,72,5,98,81,23,97,40,43,48,36,28,14,97,18,14,83,46,63,26,64,67,20,63,35,75,44,14,78,14,17,3,30,37,30,66,99,4,28,58,93,9,37,82,76,7,64,2,0,59,55,55,72,61,53,72,21,91,53,94,22,56,35,31,54,85,33,66,71,33,72,86,8,73,82,49,84,32,92,23,74,1,86,5,46,57,73,99,82,57,75
40,81,96,71,59,39,26,41,41,88,92,55,70,80,79,6,77,40,9,82,99,80,61,69,100,99,53,30,47,31,49,69,14,34,67,26,5,69,18,7,1,15,25,60,52,21,69,55,40,6,92,74,50,86,34,38,36,69,53,40,12,21,80,98,27,36,7,17,0,36,30,54,7,55,45,22,82,54,20,20,55,71,81,31,53,71,13,86,69,71,87,65,96,39,62,45,15,65,7,41
11,98,12,15,91,18,79,40,64,49,25,60,8,31,94,63,56,1,85,77,42,61,52,73,91,12,4,96,17,85,6,67,9,24,10,20,30,99,68,15,65,47,70,55,84,20,30,83,59,73,84,49,82,0,98,87,19,62,77,12,66,26,76,98,78,21,38,50,30,19,50,53,73,91,62,75,38,36,28,92,53,2,99,50,12,7,50,44,99,46,40,44,2,20,3,31,46,21,47,21
49,35,46,80,82,28,30,85,66,78,5,77,77,9,95,52,66,33,13,19,59,55,59,0,65,9,6,66,8,18,64,53,98,64,33,45,18,98,100,2,65,59,50,40,1,90,42,93,31,76,67,68,38,73,38,82,98,17,66,18,89,48,15,15,8,81,29,86,85,75,24,24,22,72,67,48,35,77,39,29,10,90,2,6,64,70,40,73,47,72,96,67,18,67,91,26,27,26,13,75
66,1,55,14,80,19,0,87,42,54,88,73,80,94,33,9,18,37,89,57,67,47,68,18,86,31,66,24,26,9,21,8,83,67,97,90,85,54,32,22,1,87,48,85,34,8,74,19,83,29,43,92,68,34,56,25,83,5,1,7,37,59,36,13,44,68,6,33,2,58,30,43,50,26,20,33,28,56,98,22,8,26,12,27,84,50,88,53,22,69,9,1,58,0,47,62,77,54,57,94
99,97,38,6,75,56,55,89,19,65,2,33,95,99,47,4,7,28,8,37,30,36,71,86,3,19,60,23,74,41,92,61,11,56,49,81,57,79,83,20,40,47,97,32,76,71,36,96,56,29,19,46,85,22,65,21,20,95,29,60,83,20,80,100,85,59,91,24,20,48,24,29,1,80,33,65,10,44,70,80,20,70,11,80,9,26,53,79,64,12,54,20,72,92,16,61,18,78,5,74
27,17,61,7,62,66,34,4,58,78,9,16,100,30,26,76,4,50,88,3,1,10,34,41,6,36,54,85,45,55,87,61,30,88,84,65,61,75,88,9,12,99,51,0,78,94,82,83,39,9,25,56,1,41,81,49,99,81,90,57,54,25,69,44,96,36,98,76,35,40,97,2,42,63,72,61,73,15,99,2,72,47,94,67,98,44,4,63,7,37,52,57,89,88,99,1,60,6,39,48
91,24,21,1,4,75,53,69,99,26,54,95,14,88,18,41,9,89,86,61,96,48,5,72,62,67,51,37,83,31,53,70,0,92,71,0,55,33,63,52,41,24,47,80,21,5,89,16,21,78,64,40,15,80,90,85,47,17,95,80,95,81,99,80,14,32,10,0,12,33,11,21,22,62,32,54,3,45,20,39,52,53,53,19,25,50,31,84,36,51,88,42,14,7,2,45,60,22,73,88
2,71,61,85,61,74,53,95,19,5,12,97,39,72,42,60,52,94,35,35,47,43,95,35,65,79,4,0,32,91,19,33,13,69,3,94,53,50,14,39,36,2,52,85,33,15,99,63,12,81,45,48,28,42,97,43,79,38,64,52,23,53,0,15,94,61,51,65,46,72,79,18,67,70,79,96,73,23,44,59,46,37,23,52,19,3,17,69,85,84,89,30,74,80,91,94,68,87,10,21
25,63,97,51,100,100,51,56,51,50,70,35,31,30,31,61,67,1,41,1,19,72,94,78,79,48,86,65,66,19,11,94,12,16,23,29,60,93,21,38,36,22,93,59,68,49,1,90,51,3,0,40,99,44,89,96,13,88,67,48,17,57,56,61,73,42,4,27,62,37,24,11,44,8,60,38,22,50,38,75,7,97,25,18,43,26,97,8,5,44,94,63,28,94,14,24,89,70,38,72
47,72,88,19,59,76,91,27,100,25,3,47,11,55,98,27,98,39,26,88,52,59,58,72,96,25,46,13,26,82,45,36,92,63,5,80,46,0,3,17,56,70,21,87,48,66,27,65,97,98,14,6,84,19,16,60,33,32,82,35,11,21,89,47,78,37,7,56,75,99,17,95,79,53,62,26,100,65,14,32,44,8,93,85,32,16,20,60,99,49,65,71,31,92,17,62,53,10,36,79
5,64,17,65,48,62,8,67,46,71,70,18,57,19,12,76,88,95,76,72,53,22,15,8,25,74,11,38,71,27,80,13,13,90,87,33,81,27,12,20,44,96,0,75,11,90,94,60,43,44,92,35,9,77,20,91,24,42,26,16,59,23,31,82,87,8,63,18,87,68,13,28,24,29,100,70,21,88,99,16,78,61,66,52,54,82,4,38,43,9,37,60,100,1,51,13,72,74,100,12
22,64,6,14,61,61,56,40,4,17,35,35,29,65,92,10,3,72,49,16,38,80,18,2,10,40,11,45,3,32,94,58,16,30,25,39,61,84,91,17,79,62,77,8,63,72,45,75,38,34,94,9,17,99,80,67,85,53,45,75,95,75,35,37,17,57,8,5,100,10,33,47,28,37,35,59,7,29,98,28,83,24,78,1,65,19,99,21,55,36,44,26,95,49,76,75,100,77,12,35
41,97,100,46,65,55,77,97,52,30,35,53,46,0,60,65,61,32,38,16,16,31,44,50,66,30,5,14,50,29,52,34,46,35,34,17,38,12,95,88,97,14,47,41,34,29,42,80,21,79,1,13,32,61,83,88,46,55,30,31,33,2,50,94,69,37,65,66,29,100,43,80,90,69,52,54,60,55,39,93,25,47,1,36,88,60,88,13,90,4,82,59,81,98,30,52,10,28,54,79
94,10,10,100,78,79,35,18,4,26,17,95,65,10,66,65,9,55,72,6,36,93,75,54,81,46,80,15,59,50,4,39,16,79,23,76,67,13,84,20,65,74,49,57,38,28,86,51,1,97,5,1,84,55,26,20,25,16,88,97,39,71,12,84,30,94,47,22,84,15,92,71,13,23,21,32,81,22,21,83,68,49,78,31,64,61,54,27,35,72,56,29,35,15,24,85,86,83,61,53
79,0,40,60,97,67,88,42,37,21,49,14,77,44,17,96,56,24,36,57,69,93,66,13,87,65,83,43,97,55,7,82,33,84,53,50,90,55,81,74,74,11,56,62,21,84,42,64,96,100,27,65,85,21,71,76,8,35,30,13,80,53,65,96,75,85,89,57,27,58,39,45,12,39,12,20,6,5,52,17,46,80,79,46,12,15,61,19,28,99,56,14,52,25,99,81,80,62,46,46
2,38,60,80,15,90,5,66,43,85,27,31,0,14,60,72,98,60,7,23,4,40,36,78,99,6,90,31,7,82,99,94,0,83,10,7,76,85,25,62,13,90,23,56,86,56,88,5,64,38,35,56,57,100,71,31,75,36,32,46,81,20,73,48,17,93,40,79,10,23,64,6,100,54,59,72,41,23,73,31,46,0,68,47,57,62,51,6,19,2,32,94,33,79,26,89,35,58,29,65
52,39,0,19,56,87,8,72,99,17,0,92,55,65,72,17,26,32,12,95,55,35,19,7,14,28,84,71,27,90,96,77,10,16,27,67,43,24,86,68,7,62,40,9,64,89,68,76,85,23,1,71,69,95,96,89,27,4,62,15,14,72,53,72,51,67,70,48,4,64,44,99,55,80,3,41,55,3,95,60,5,4,94,23,92,98,7,12,95,80,51,3,84,82,1,89,69,82,24,39
40,68,98,83,82,29,72,19,57,90,4,70,28,19,70,86,51,50,21,90,15,88,79,53,11,4,89,11,25,19,20,21,84,52,11,72,70,75,85,45,11,30,74,73,94,30,95,31,16,74,98,53,71,11,47,58,78,43,28,47,28,60,93,22,99,85,22,44,100,70,47,31,12,61,71,44,27,32,81,23,81,90,28,23,68,74,100,20,43,79,42,67,65,51,80,31,28,72,13,28
15,69,36,50,9,62,47,93,87,63,93,28,95,63,57,3,34,34,39,76,3,1,39,55,4,12,64,93,1,31,90,5,38,76,48,9,5,97,89,27,63,73,28,61,63,51,20,13,88,79,11,100,54,30,31,58,89,86,79,79,27,76,48,94,25,88,49,48,17,44,2,35,58,42,70,64,63,26,17,14,44,78,79,86,36,26,85,74,44,10,45,10,85,38,65,68,92,18,3,87
56,81,74,25,25,80,29,57,20,13,3,44,33,77,48,81,14,78,50,93,72,100,20,48,45,6,32,82,45,69,74,91,86,88,28,25,17,81,28,2,72,69,20,82,67,10,42,66,18,12,0,84,14,15,47,14,3,63,57,100,38,1,80,6,8,69,92,43,40,11,87,32,1,59,73,94,73,99,82,55,35,73,36,55,74,91,76,79,48,32,3,81,51,62,60,33,67,24,61,50
58,47,18,35,53,79,11,80,97,25,42,37,82,7,77,93,86,89,49,35,62,66,59,85,29,65,39,85,98,74,42,61,57,76,72,83,9,24,66,3,76,90,48,66,77,18,62,47,12,23,38,22,85,29,82,61,87,56,1,57,55,64,30,38,83,66,81,83,64,31,40,58,49,56,4,30,18,46,30,94,97,64,71,42,76,82,18,98,78,100,94,71,97,31,11,49,14,72,91,49
55,92,15,7,0,6,27,67,49,5,73,40,11,87,76,87,14,65,35,73,45,43,54,61,92,100,97,72,61,84,68,59,81,94,79,37,89,25,69,5,20,27,39,25,38,27,53,38,94,72,85,6,2,5,87,8,58,4,95,28,59,72,18,15,80,87,44,94,98,30,90,89,77,97,68,41,77,88,52,51,20,53,26,89,93,87,71,97,59,58,17,4,21,24,94,56,17,37,68,31
65,96,87,46,98,53,97,81,27,49,94,58,15,54,56,98,69,27,1,38,16,42,54,93,77,78,65,46,81,84,29,54,95,100,67,11,88,78,31,72,52,61,34,16,43,22,92,37,83,59,41,9,3,45,41,93,29,86,24,22,96,50,23,100,60,62,96,99,66,98,10,58,31,68,76,35,16,56,6,19,28,6,54,50,16,56,77,33,45,11,82,16,67,27,88,7,24,35,44,88
39,16,61,40,93,17,73,80,43,99,90,63,6,99,14,87,21,42,10,69,99,98,41,41,24,72,1,93,60,82,33,60,81,40,88,35,27,60,5,72,40,58,16,4,6,27,20,16,28,41,82,14,57,18,58,75,86,73,20,76,52,2,88,67,14,79,27,18,46,10,39,73,39,90,99,71,85,26,10,77,92,96,32,84,47,75,23,45,16,65,25,75,67,1,26,39,96,18,97,73
98,47,45,1,10,58,48,56,27,91,10,7,62,80,17,92,68,16,95,98,46,24,26,90,81,45,8,28,55,73,34,74,34,64,62,63,32,86,97,60,44,6,81,25,69,76,17,29,4,75,80,86,2,44,54,80,83,11,2,26,60,20,63,92,10,63,84,57,55,95,21,69,88,45,63,65,60,85,52,54,19,88,17,66,54,34,15,74,90,74,51,0,31,99,40,75,69,63,81,80
54,63,24,43,7,72,96,15,13,32,26,2,15,19,40,78,80,12,27,33,31,11,35,65,65,79,54,79,93,37,81,79,75,49,62,50,4,12,77,92,55,91,86,59,56,85,45,16,74,43,96,95,48,74,53,24,28,89,52,36,64,21,15,83,65,74,41,94,98,66,89,49,94,89,57,4,23,4,15,70,20,27,8,72,41,15,47,49,5,59,77,90,92,93,13,100,69,9,94,18
99,77,22,87,99,85,60,93,97,87,6,65,86,67,21,16,86,12,85,2,82,99,21,51,5,60,78,82,68,96,46,40,65,40,32,31,82,17,85,13,71,77,67,18,38,37,73,94,2,61,43,11,66,76,56,98,69,16,32,25,71,3,91,52,7,70,8,33,97,25,84,78,73,23,53,98,81,20,0,66,65,37,81,5,29,60,37,12,31,88,78,5,32,51,48,87,87,12,52,57
70,57,17,66,48,24,12,18,4,96,35,73,50,100,46,37,97,54,14,74,50,96,45,47,81,90,39,83,75,66,54,29,76,9,34,63,36,14,42,74,89,8,47,100,7,84,72,62,19,36,62,74,85,52,1,56,35,95,3,54,3,80,51,9,72,16,56,13,60,61,79,73,58,89,63,29,74,9,38,99,8,24,94,67,42,96,77,70,25,83,10,95,49,57,31,23,18,89,61,38
75,57,52,75,66,45,100,46,15,80,24,11,31,76,49,13,81,3,66,52,18,89,90,50,33,48,14,17,67,29,44,78,28,45,40,69,86,11,38,11,97,56,72,71,34,11,34,47,0,30,51,53,62,81,100,38,29,93,27,4,53,98,92,31,30,56,63,61,2,92,65,77,45,36,53,98,65,65,54,42,26,99,73,76,68,63,82,76,90,87,37,36,65,48,38,27,54,95,2,35
96,5,60,38,86,45,27,22,24,59,27,95,25,20,60,58,41,21,9,18,62,99,47,20,85,90,23,2,47,25,13,46,30,58,97,24,69,61,8,22,64,45,48,37,84,30,32,26,9,76,7,15,8,0,65,74,21,91,50,96,47,43,8,91,96,80,94,3,87,53,57,47,51,44,34,77,51,60,53,32,95,83,28,3,56,34,41,15,81,17,43,38,97,56,4,0,60,91,3,13
35,49,4,4,53,61,51,7,14,8,39,87,11,95,79,87,5,31,53,97,22,67,88,5,60,77,75,94,34,51,75,100,10,46,71,71,77,99,11,35,71,73,44,10,93,73,92,39,84,59,4,60,95,67,39,89,47,82,46,93,72,64,19,18,42,19,57,0,38,8,63,63,48,54,28,66,30,32,38,95,83,52,75,68,61,9,34,84,29,0,54,49,66,78,48,29,23,34,76,18
19,55,1,37,12,65,8,2,71,80,8,55,14,61,40,96,26,87,79,53,37,64,83,4,76,100,19,43,22,27,63,52,21,64,32,28,77,31,73,1,74,88,82,33,76,33,25,76,44,1,86,60,15,68,18,86,77,29,16,31,95,46,22,77,28,7,26,18,56,92,64,12,17,94,6,52,2,99,35,71,91,1,55,3,53,89,76,74,17,34,90,87,5,75,10,60,83,40,48,11
19,41,23,87,51,77,77,10,47,55,44,7,43,89,83,26,62,74,39,21,25,61,64,15,81,5,9,82,31,14,95,71,72,53,81,22,27,0,0,34,33,96,36,35,83,80,89,43,80,88,68,8,65,32,12,57,96,34,17,17,70,84,86,80,1,93,1,28,53,20,45,66,29,2,33,55,33,30,63,77,77,85,56,30,44,48,1,13,71,98,99,72,46,78,52,79,53,19,5,10
49,33,31,34,15,44,50,44,87,95,71,79,1,86,45,62,86,72,54,92,75,60,9,31,60,63,95,42,14,34,78,100,11,47,37,56,26,58,10,22,95,78,43,26,45,10,42,49,18,93,78,35,93,33,61,86,62,46,77,59,17,49,71,2,56,45,50,57,18,66,96,31,38,7,60,27,38,37,37,34,58,79,83,61,68,73,3,9,81,63,28,82,5,17,38,77,10,62,5,51
3,63,79,27,60,16,20,50,55,32,9,52,55,31,0,57,86,8,59,5,68,30,26,64,93,7,25,39,2,6,28,12,7,96,23,13,53,25,75,28,49,90,41,6,1,73,47,93,32,80,49,5,85,25,41,48,49,90,2,82,49,29,49,2,40,16,17,64,71,43,42,72,7,50,91,63,33,99,61,56,10,45,92,71,70,56,98,49,71,71,93,37,21,7,51,15,46,61,39,55
68,6,32,0,8,43,77,84,4,81,83,11,33,21,73,40,89,94,48,35,94,100,74,36,52,78,72,15,30,77,69,91,67,1,56,44,69,61,43,94,48,83,50,10,99,85,33,86,94,2,7,55,37,99,46,38,89,74,44,60,4,55,79,84,45,97,56,35,44,21,1,11,5,71,23,94,57,20,96,64,78,61,15,86,12,90,84,3,71,100,14,59,35,63,79,70,66,35,70,98
7,7,34,58,95,64,73,23,24,64,99,95,41,8,38,51,66,54,25,52,7,32,4,14,69,46,36,72,12,99,55,69,96,26,99,74,25,39,23,18,50,36,11,49,55,96,30,25,95,63,35,80,65,74,94,9,82,7,37,2,28,32,29,3,60,37,63,15,59,42,42,96,20,8,13,55,70,0,63,62,52,87,41,70,67,99,59,5,20,67,44,92,8,76,89,7,90,83,8,76
71,51,2,31,91,12,58,74,33,44,88,17,55,53,46,8,65,82,55,82,12,71,9,63,91,63,32,45,0,7,49,57,16,77,76,24,16,69,46,22,96,93,18,46,91,18,87,33,46,40,94,15,32,59,7,63,85,99,28,91,84,26,76,95,49,85,31,95,8,14,28,22,19,100,1,50,4,82,55,39,52,14,44,43,47,38,37,2,80,41,10,9,83,78,18,25,92,8,25,88
21,94,69,17,74,23,41,10,79,19,71,64,54,56,97,53,9,78,27,69,75,83,50,16,24,28,79,51,83,63,27,49,65,6,94,10,5,23,59,16,80,98,78,100,18,84,2,53,59,95,39,76,45,71,26,46,4,26,2,26,98,94,12,7,92,78,25,93,30,97,82,78,21,86,61,97,58,12,43,74,12,47,70,97,86,15,98,37,28,1,94,96,41,0,44,27,11,53,68,87
23,85,35,93,88,83,2,98,5,58,75,59,37,44,9,49,76,45,24,7,69,2,19,92,38,9,43,34,100,44,61,30,60,33,47,91,39,5,26,52,46,57,22,49,11,28,15,56,1,61,53,75,32,55,3,36,72,56,92,100,35,15,6,84,34,57,1,70,32,81,1,20,16,61,94,31,61,59,91,55,72,11,40,27,42,43,59,37,23,79,77,6,95,56,47,16,11,69,50,11
56,53,83,2,35,46,26,35,35,73,43,75,31,59,97,11,7,54,29,90,17,77,21,60,20,65,30,48,98,31,67,4,93,13,38,76,97,62,57,41,84,86,99,20,7,89,66,18,41,90,39,3,81,42,25,91,16,25,35,61,81,19,4,17,80,42,89,70,51,73,6,71,66,64,94,43,43,96,56,35,84,71,51,56,100,98,12,39,20,89,46,18,75,4,80,68,12,58,73,36
21,15,36,23,14,26,97,6,40,14,65,99,50,67,28,62,22,85,21,23,96,42,57,45,100,87,13,42,61,12,8,61,16,38,81,46,76,20,81,12,6,24,71,83,72,94,27,61,42,36,52,67,32,38,21,46,42,80,0,0,94,69,97,13,29,19,9,42,99,96,63,25,64,100,91,64,21,28,85,19,43,91,29,47,23,13,87,70,39,51,74,88,53,10,95,91,19,74,23,45
62,94,34,31,17,20,7,32,67,24,70,74,74,63,40,39,71,2,4,64,64,32,42,71,96,83,17,24,79,79,47,93,11,83,44,5,15,84,44,87,72,44,55,84,2,58,80,52,32,54,66,98,72,71,81,92,51,21,52,0,7,44,5,77,7,11,1,69,37,58,68,91,25,23,91,48,67,34,37,26,58,72,58,13,83,53,91,5,37,3,24,94,24,43,77,68,76,4,68,100
80,22,74,8,34,31,87,16,45,14,38,52,18,84,99,57,64,5,79,1,25,49,50,0,49,9,96,76,61,31,60,3,72,8,89,63,62,21,60,66,76,84,85,13,66,55,30,12,89,5,85,66,19,60,6,60,51,81,100,10,95,53,58,63,88,19,82,91,35,94,21,27,1,79,13,62,27,52,11,11,30,43,29,81,24,63,55,3,15,78,34,24,66,76,96,61,98,57,33,100
13,32,15,17,41,91,10,37,21,95,6,18,100,1,56,71,11,48,97,79,58,97,100,54,70,7,14,54,99,49,41,89,73,69,89,52,30,81,23,91,94,3,84,2,50,74,87,25,98,10,41,43,63,73,96,24,60,47,73,74,14,88,10,77,62,65,64,86,38,54,30,91,61,46,18,73,29,58,1,21,69,98,81,91,31,62,77,29,60,58,75,64,68,62,83,52,61,74,53,67
11,38,76,25,39,80,45,27,94,76,31,6,97,41,76,83,46,76,39,83,63,56,69,97,90,55,25,22,10,64,72,91,88,34,54,99,16,62,84,69,76,41,100,15,0,2,48,65,98,2,83,77,60,22,94,45,54,47,61,57,63,15,90,47,79,78,13,24,4,71,99,39,13,19,1,8,96,5,68,26,45,68,5,30,47,5,3,29,67,29,54,68,30,90,84,78,49,65,14,3
18,50,67,27,27,41,31,39,22,66,65,22,32,59,70,39,14,45,18,61,89,76,52,52,27,90,15,24,38,21,100,84,45,69,0,77,81,90,15,79,61,32,81,25,34,14,4,37,37,5,5,39,83,81,15,21,11,24,14,84,1,27,66,90,73,3,86,84,74,21,97,9,88,67,62,27,56,64,55,17,18,53,95,10,93,71,59,58,57,46,66,78,45,0,38,94,54,98,13,31
50,56,85,39,66,62,87,17,95,90,66,73,9,11,78,65,86,84,93,42,64,18,39,3,76,87,29,92,53,36,51,50,31,37,17,6,47,22,38,85,68,30,85,75,8,66,33,71,68,98,21,99,55,5,11,14,93,35,26,2,9,58,28,57,79,23,42,78,38,79,78,61,30,42,96,69,76,50,67,91,59,61,22,22,46,83,42,58,48,85,10,8,20,46,14,63,62,50,99,95
84,100,48,9,9,68,79,72,91,40,69,87,20,73,45,70,45,31,73,14,25,49,21,41,58,67,100,39,34,61,75,87,0,64,52,1,22,95,43,50,6,1,16,67,4,68,93,26,59,89,61,47,98,97,20,11,4,15,100,5,22,51,35,45,40,63,73,70,68,20,57,31,75,99,100,61,72,59,29,38,99,66,19,4,73,12,84,21,72,39,26,26,62,73,30,17,83,86,78,36