66,4,86,36,39,75,78,15,55,65,63,79,9,58,82,61,9,63,68,83,92,5,71,41,73,70,75,56,27,3,21,53,89,98,16,34,61,27,50,17,3,94,7,96,38,73,33,48,56,95,43,23,76,55,17,35,16,73,92,75,78,14,64,95,97,79,10,50,97,98,25,16,42,81,12,84,30,49,48,1,24,38,43,56,64,69,46,73,52,29,85,47,87,91,12,75,90,59,53,30
39,60,83,9,84,11,83,98,64,92,8,8,48,74,28,14,53,49,47,89,39,97,37,91,13,26,75,63,93,88,15,78,40,44,22,97,88,77,37,26,30,43,99,26,7,56,22,68,27,66,47,52,30,61,94,93,5,13,52,33,63,9,57,99,43,58,47,11,35,86,76,36,47,76,16,33,79,15,49,25,63,46,21,10,100,16,85,23,78,13,4,22,73,67,7,67,75,13,96,65
29,10,91,46,71,62,9,78,33,51,81,76,16,54,73,77,3,0,55,78,36,14,45,72,46,59,99,59,7,45,52,9,73,86,26,29,21,19,77,63,72,49,78,68,26,24,6,40,86,46,15,19,64,75,86,25,52,38,41,48,7,17,82,29,50,99,28,17,96,93,14,25,81,22,16,15,96,19,8,57,4,76,64,18,93,21,0,69,63,50,90,2,20,48,6,0,51,24,67,91
83,54,71,96,22,49,51,61,11,52,83,69,58,97,23,63,82,68,43,19,72,62,22,3,67,76,11,76,7,31,95,99,70,43,22,25,4,14,31,51,86,45,10,1,40,98,92,33,100,7,44,98,94,65,65,98,28,19,95,30,61,58,99,65,54,41,48,35,27,27,20,7,36,45,80,70,65,25,49,64,21,40,5,39,35,47,98,50,95,28,12,8,100,55,54,91,13,28,50,64
20,37,27,76,90,67,45,54,66,83,12,70,36,20,3,54,1,97,22,53,92,49,93,79,5,53,96,86,93,68,57,87,14,45,83,2,89,51,50,67,66,71,17,61,25,25,42,21,46,82,57,92,64,42,28,32,69,77,70,9,5,2,2,65,12,31,95,52,95,28,66,30,36,24,8,21,73,81,77,8,17,42,82,83,77,70,40,26,79,62,64,84,9,9,26,83,61,47,19,3
80,76,60,36,7,93,59,41,7,40,30,93,46,76,42,82,14,13,6,44,53,45,20,26,50,43,77,58,9,61,54,40,85,82,8,63,87,85,21,91,92,21,54,64,16,34,5,31,71,33,45,68,51,41,38,92,46,64,99,4,24,99,17,56,63,96,27,75,71,20,71,68,34,34,47,19,28,26,91,99,38,43,94,12,76,3,96,36,4,4,94,14,1,46,62,9,28,44,54,83
70,53,72,55,45,74,7,22,49,43,36,57,76,32,9,4,40,80,30,45,0,96,78,81,88,79,94,46,12,81,83,13,12,41,19,86,16,60,21,90,50,77,24,24,93,90,29,77,73,75,75,65,90,94,52,51,94,37,50,79,97,89,13,85,35,16,47,77,60,80,12,74,43,19,77,100,71,79,57,46,55,91,73,100,87,47,92,56,7,79,84,35,49,52,29,0,76,63,93,8
33,99,70,87,23,90,97,48,72,89,88,75,89,25,1,46,3,5,98,57,72,55,23,89,7,70,18,24,93,15,17,32,2,48,86,44,15,39,32,16,16,85,10,78,80,5,100,18,39,2,58,45,60,3,66,93,48,87,82,99,12,96,13,13,4,26,13,54,0,88,94,39,89,17,7,80,73,97,54,96,70,19,54,16,85,85,59,10,85,19,32,94,61,42,59,67,3,81,18,79
51,71,66,63,84,26,83,30,23,33,17,61,25,77,65,72,93,81,37,45,51,97,75,6,39,23,68,75,46,99,21,11,47,69,21,57,30,15,56,29,12,32,53,82,71,54,68,89,13,28,24,45,55,19,14,14,26,38,50,53,20,92,83,73,60,54,52,10,56,90,37,33,49,25,12,17,34,53,97,43,19,11,28,75,85,95,47,92,73,37,57,81,21,91,92,50,53,35,37,99
94,52,90,37,35,65,89,20,9,66,44,65,55,29,17,20,41,78,32,38,38,53,94,94,0,53,82,87,1,70,52,60,20,94,61,86,90,33,72,10,99,0,2,80,53,86,86,51,4,87,25,33,25,0,87,46,11,46,10,3,9,87,42,83,4,73,64,61,14,20,36,76,2,76,53,93,12,93,12,13,75,75,51,15,9,42,90,20,72,40,58,26,8,59,38,14,76,10,96,93
32,51,77,72,79,15,11,52,44,51,88,84,99,51,75,3,35,74,64,58,12,73,74,80,77,45,77,60,4,50,5,29,51,26,9,64,30,7,89,0,45,45,50,32,58,12,90,53,15,65,51,29,41,49,0,85,51,95,18,83,94,81,8,72,10,75,77,8,60,9,40,22,30,39,54,1,5,58,31,23,69,27,81,75,23,69,94,67,15,28,56,77,87,83,22,12,42,20,27,81
32,18,98,8,41,12,54,73,43,92,36,46,26,95,29,91,32,68,31,37,49,71,81,73,33,25,94,18,77,46,23,61,75,90,51,76,83,59,85,87,32,50,14,72,71,28,100,2,19,48,0,41,98,52,45,100,85,39,38,42,84,83,28,97,43,4,45,96,99,71,74,35,39,23,86,36,28,86,58,25,69,7,44,11,8,55,15,71,83,99,53,70,27,76,77,85,63,8,49,89
37,42,81,100,81,15,28,98,71,9,68,59,52,3,90,86,43,87,90,48,73,13,36,75,66,99,93,98,56,12,36,22,87,31,47,81,93,80,57,88,26,3,90,1,42,5,60,5,42,27,29,73,86,4,21,70,20,29,3,16,49,98,17,44,46,62,23,46,45,54,77,43,76,48,43,14,79,2,86,16,8,99,36,70,27,49,55,36,91,58,60,27,35,8,25,8,2,39,99,69
43,87,71,32,84,95,90,48,30,15,63,40,16,28,81,74,69,72,24,7,33,79,47,56,79,82,63,49,23,70,93,87,7,7,68,45,15,54,32,62,97,10,8,69,9,72,3,88,11,24,75,46,29,80,36,89,70,99,42,6,94,53,47,66,95,17,93,2,56,8,83,75,80,21,24,82,93,91,67,84,28,34,38,19,24,14,65,71,22,74,61,21,92,20,100,71,70,12,64,50
40,48,17,24,5,5,21,78,48,61,55,70,96,66,65,4,29,48,84,83,67,83,39,51,20,52,44,68,28,73,46,98,76,2,91,34,2,14,90,82,31,84,3,22,62,5,95,91,38,93,90,30,64,55,34,57,34,61,65,60,48,86,33,22,76,85,79,76,90,2,20,43,83,87,69,100,9,94,47,20,2,74,52,85,84,84,15,33,61,67,2,92,36,95,18,83,51,33,94,61
98,91,50,0,88,2,14,53,47,2,99,84,0,63,98,11,88,96,97,55,22,46,47,87,11,85,42,37,32,37,67,63,53,4,97,53,53,71,13,66,5,83,98,9,89,79,97,7,15,82,79,77,35,20,60,30,45,73,42,71,12,63,50,60,6,82,69,69,59,16,95,86,42,47,72,34,73,12,58,90,96,47,68,19,11,37,44,7,93,77,76,24,22,59,51,6,73,82,84,97
69,6,74,93,0,97,68,18,39,49,88,1,62,57,59,58,46,94,73,55,21,74,79,68,71,22,40,47,50,57,55,90,12,20,88,88,85,37,44,98,41,3,77,50,54,54,86,90,96,78,52,27,48,15,30,87,65,60,61,6,85,31,91,77,92,2,96,23,3,61,75,36,21,26,100,62,1,51,74,88,41,89,59,19,95,26,9,62,64,81,53,28,0,32,67,73,77,29,58,73
52,96,42,71,1,25,17,98,10,54,84,69,71,66,59,100,11,58,6,12,50,95,88,21,89,25,33,90,48,62,51,40,70,3,9,35,26,44,100,39,25,31,35,10,73,43,71,43,27,7,0,54,73,2,100,49,17,98,57,25,17,12,21,74,30,80,33,31,41,62,97,63,33,8,54,89,44,67,99,59,88,64,61,85,72,27,13,2,55,25,19,6,85,94,100,75,42,13,84,90
97,75,71,13,77,30,54,56,93,32,76,28,62,17,80,1,75,66,69,4,14,17,92,69,82,82,2,8,60,86,52,57,76,36,20,46,77,13,89,76,12,70,86,75,99,52,90,24,42,43,40,37,65,58,83,65,11,67,45,74,97,77,89,92,55,75,27,38,19,16,86,51,49,24,5,79,12,82,49,78,56,20,51,90,76,64,12,88,67,53,62,12,47,58,57,53,96,31,16,70
87,85,70,0,4,91,53,56,13,42,61,33,14,84,81,19,65,12,71,68,40,31,65,37,70,80,13,55,94,50,59,98,22,87,95,37,64,93,21,41,66,78,54,76,24,83,11,68,39,79,38,64,6,82,61,56,72,78,5,44,2,35,15,1,31,0,88,15,9,81,10,32,58,82,63,78,58,38,8,8,40,48,88,68,49,51,66,7,90,18,11,85,39,66,46,38,46,15,20,40
50,88,52,23,49,76,46,65,52,87,48,1,11,91,73,13,90,45,52,76,72,34,88,49,66,23,44,93,48,50,36,20,82,33,20,32,75,96,17,31,38,14,1,75,91,68,6,38,23,73,27,64,77,62,83,69,49,73,21,48,73,27,99,95,89,82,44,96,23,92,17,70,88,33,59,41,61,8,87,43,97,87,3,41,78,99,41,56,87,39,80,73,44,66,1,95,7,1,56,7
12,59,77,84,17,6,63,94,21,63,17,21,65,15,74,65,83,64,36,78,47,20,99,10,54,70,23,91,25,60,68,74,1,12,4,98,22,34,65,50,99,35,52,89,48,96,69,68,65,90,3,51,88,74,29,69,12,35,86,47,14,63,70,94,89,25,20,58,46,3,61,93,86,44,54,33,88,7,88,20,35,48,71,47,7,41,50,24,91,95,21,50,3,75,82,32,9,25,18,64
79,15,15,41,18,72,87,24,89,50,15,89,83,27,64,28,5,80,6,15,13,14,98,35,18,45,59,51,56,99,93,37,84,80,74,8,23,26,67,10,67,88,98,34,51,66,36,79,95,22,83,15,12,59,88,7,8,76,34,36,79,3,58,94,67,72,80,20,83,12,66,98,14,85,37,56,34,12,56,96,87,28,42,36,2,41,90,90,52,21,74,79,0,48,3,70,91,7,50,6
11,52,80,98,28,39,25,93,80,24,77,86,25,100,25,91,97,37,59,100,66,85,25,100,95,31,0,25,65,71,65,16,6,49,73,60,46,66,55,54,38,83,9,58,2,70,99,19,26,27,77,23,24,80,80,73,56,9,19,9,82,54,59,64,92,1,82,52,7,28,80,74,5,8,71,45,77,94,61,44,82,89,3,48,8,4,85,76,5,86,46,45,16,27,1,41,42,98,42,9
51,33,86,26,9,94,3,52,10,38,13,47,7,18,52,10,99,51,42,10,68,72,87,94,33,82,53,31,65,51,16,4,30,71,100,53,92,84,42,48,99,24,46,34,99,17,85,3,10,86,8,75,83,1,51,26,100,67,80,70,92,91,92,80,5,17,42,95,94,21,41,36,89,46,0,22,50,94,40,15,16,24,27,38,68,34,65,13,7,28,23,48,4,40,91,62,80,12,67,31
17,91,25,100,21,32,43,3,88,46,26,23,5,59,49,66,94,0,37,88,50,65,70,67,88,43,19,96,32,15,68,88,28,28,62,11,38,47,25,91,68,51,17,6,55,30,75,76,27,47,45,77,46,41,60,82,52,4,3,13,60,1,9,31,38,52,6,17,9,12,25,12,79,91,67,46,90,9,73,25,48,91,99,2,87,94,30,42,91,89,6,83,59,95,9,72,62,15,53,11
46,1,85,54,95,40,19,51,25,96,58,9,62,4,64,21,6,99,62,41,84,45,91,47,100,57,2,78,50,5,70,19,83,60,21,63,10,2,83,91,48,81,49,57,55,39,90,36,66,81,56,44,100,28,36,63,94,35,13,2,63,38,93,21,46,55,33,42,42,71,61,11,88,55,0,32,16,96,1,56,16,89,63,92,7,98,3,32,79,3,63,86,88,68,17,58,17,23,21,10
67,99,57,40,11,38,40,52,31,27,89,33,31,48,8,6,48,34,94,90,5,64,0,54,47,55,7,52,6,83,32,66,48,69,45,94,33,70,85,16,80,83,9,57,30,0,43,31,43,6,37,7,81,61,76,72,66,75,86,35,41,56,13,28,62,6,39,87,23,35,72,63,70,55,92,49,23,53,73,41,54,1,89,82,85,33,70,5,92,100,20,71,9,62,79,65,15,81,32,25
91,89,88,79,1,62,69,54,98,59,56,37,3,28,6,36,61,52,88,27,25,11,34,14,30,18,89,6,31,59,93,34,71,16,61,75,56,78,81,13,28,92,11,32,44,4,90,79,37,21,95,66,21,33,96,20,15,16,14,42,74,86,54,75,46,52,88,63,24,71,59,26,51,88,58,65,27,100,38,100,80,60,20,68,99,63,87,89,30,98,34,39,49,36,76,7,17,22,15,35
11,59,11,73,49,32,19,59,79,54,7,69,40,56,87,0,50,21,82,70,80,82,73,70,20,80,53,59,43,8,89,88,4,76,98,81,47,98,86,91,70,33,80,20,3,86,5,90,85,24,7,2,97,34,11,94,20,48,89,73,11,89,4,36,16,4,25,58,95,56,54,85,18,22,47,71,81,33,26,17,93,57,81,63,36,99,21,41,34,95,27,4,49,31,36,65,81,16,42,11
86,11,36,32,73,5,2,13,53,25,78,38,27,58,45,56,8,23,57,100,8,1,10,3,95,63,56,24,47,59,47,68,77,93,35,84,9,77,94,3,38,88,30,96,95,60,27,29,4,95,56,95,29,59,58,19,90,73,67,58,99,34,37,7,82,23,29,93,17,86,8,13,98,13,7,8,94,62,42,76,89,53,27,78,78,74,35,28,53,13,78,0,36,49,13,64,4,61,19,89
21,42,43,80,56,88,3,39,20,89,58,90,29,73,30,31,49,46,96,97,64,78,57,18,65,40,13,41,80,49,56,50,7,65,25,51,81,35,84,61,98,56,28,6,74,37,5,26,10,95,92,62,84,52,99,9,42,34,62,82,9,69,89,85,3,42,86,26,43,90,34,20,89,70,64,0,13,25,18,94,6,92,78,79,23,53,95,99,84,27,45,33,65,17,60,3,71,60,64,81
75,91,12,56,92,70,56,8,65,9,73,3,12,78,74,5,19,67,20,78,27,79,65,23,94,34,37,71,98,35,22,73,69,52,42,46,71,26,65,83,41,10,2,69,79,75,34,70,97,97,25,100,28,26,68,18,8,1,52,52,73,96,71,3,93,5,69,56,76,20,68,82,33,32,11,4,36,74,37,41,6,16,54,10,64,67,21,48,90,49,0,85,2,88,65,41,22,40,99,52
66,72,64,95,39,13,32,75,91,96,1,86,20,25,34,98,38,97,9,68,35,59,42,46,72,96,88,29,96,29,11,83,25,35,13,9,50,18,81,37,27,26,57,83,68,22,39,14,64,10,3,14,0,68,49,17,64,4,29,100,40,3,21,19,99,2,85,92,37,39,2,39,43,19,28,32,62,85,39,5,46,92,93,52,69,75,1,75,29,50,26,19,85,26,15,83,84,8,16,40
90,1,27,36,60,56,2,14,74,34,19,3,65,95,44,27,64,22,17,97,30,37,59,3,77,9,23,16,43,6,24,54,95,6,95,16,57,84,52,85,95,37,48,32,24,33,33,12,92,99,73,49,62,37,37,76,54,47,64,15,29,68,87,55,62,81,3,32,63,91,19,2,55,9,71,92,63,98,9,51,41,73,11,54,43,81,52,39,25,18,30,33,30,64,17,30,78,22,36,64
55,42,22,10,75,56,61,13,28,27,90,43,37,82,78,82,65,6,97,54,0,87,45,3,65,80,7,79,9,26,37,10,0,95,21,39,7,62,46,8,39,72,20,34,87,23,70,78,27,24,88,62,47,12,65,51,93,43,9,73,36,14,22,89,77,68,86,49,50,1,14,25,77,64,95,36,58,82,83,76,47,48,31,18,55,36,63,23,88,67,26,76,86,69,75,1,49,36,89,0
13,100,46,47,35,44,56,16,51,92,11,56,45,90,26,8,1,42,73,73,20,93,29,59,50,45,28,5,55,77,29,75,90,57,32,31,22,36,100,64,80,41,35,24,78,72,23,37,73,36,34,81,2,33,13,53,10,80,63,58,99,90,16,47,79,22,87,55,1,30,44,34,51,3,93,74,61,99,9,70,7,76,92,30,25,29,51,38,89,88,14,35,62,54,97,96,79,40,98,42
3,8,82,3,57,62,82,70,70,60,17,97,16,20,52,88,69,30,57,66,99,87,26,2,13,57,81,1,68,83,58,53,100,89,17,41,65,95,95,65,72,93,78,32,66,83,26,71,25,16,26,25,35,65,2,67,60,74,51,9,19,31,48,29,13,89,38,42,0,46,46,70,100,71,74,39,87,61,87,98,81,40,16,15,16,38,83,70,17,11,64,95,87,45,79,38,80,16,90,46
34,66,9,95,25,28,59,91,85,0,99,0,60,99,10,54,86,70,14,40,67,41,68,0,38,16,99,57,80,70,92,93,54,72,47,70,16,89,11,23,1,96,42,26,66,52,4,97,53,71,60,65,100,5,68,30,19,5,62,69,40,1,46,5,55,52,89,58,43,42,72,74,8,40,52,58,45,64,80,49,14,0,42,17,33,45,48,60,16,35,59,61,21,4,72,50,18,18,9,66
34,32,61,26,21,30,6,85,34,60,68,35,41,32,74,86,67,15,53,19,11,12,18,99,9,91,90,23,37,18,62,83,7,83,69,67,18,64,90,28,36,94,42,9,16,69,87,57,17,94,39,79,95,52,84,98,18,62,1,88,77,18,44,6,25,51,85,51,24,89,21,24,79,53,54,19,89,70,30,83,53,35,51,100,55,38,70,68,78,33,27,80,96,18,33,15,37,98,35,79
62,79,61,81,45,94,45,42,81,34,84,78,42,52,55,69,42,62,22,36,34,13,0,55,66,48,45,34,65,6,50,77,35,10,80,48,69,67,8,59,35,33,80,6,29,37,62,98,98,68,45,6,98,88,57,99,29,3,59,31,26,46,8,46,41,22,49,37,69,97,91,15,92,37,6,49,39,44,83,40,95,98,58,63,86,20,37,15,8,13,41,25,74,86,63,74,61,41,47,17
40,100,35,35,39,69,23,94,80,75,7,67,9,85,54,78,59,48,6,5,51,99,82,85,97,18,51,84,60,48,63,56,80,20,80,85,7,67,24,4,79,78,84,100,25,29,45,77,57,22,42,54,31,60,55,81,78,96,44,25,73,8,9,4,100,35,94,86,0,36,85,77,2,94,50,85,36,54,83,13,98,33,73,80,65,10,38,55,8,61,100,81,32,22,20,24,24,90,16,73
23,60,48,70,98,89,36,89,62,75,2,9,95,16,43,91,32,29,8,87,99,29,82,89,68,29,7,54,0,88,49,99,57,0,74,61,48,41,65,83,59,47,91,64,60,32,16,90,46,80,75,11,20,28,9,96,24,52,6,21,84,6,82,77,52,37,11,39,80,86,31,88,40,52,60,5,72,44,20,95,42,83,44,19,68,22,98,15,35,88,87,36,5,65,23,79,73,79,40,19
11,8,98,50,18,95,91,65,33,27,73,12,88,71,8,95,79,93,49,34,12,62,98,91,80,35,45,57,62,75,26,33,40,11,2,60,12,64,13,75,10,22,99,40,58,58,74,48,13,31,96,3,94,61,74,54,5,97,2,59,95,84,56,29,94,4,47,80,85,26,32,2,80,5,83,66,32,98,38,29,80,34,47,78,62,59,25,18,20,4,92,85,66,1,25,86,46,49,88,41
19,31,82,47,16,67,68,78,39,52,96,49,37,61,90,78,21,16,89,76,8,91,49,65,15,76,48,23,15,24,23,26,8,4,95,77,44,31,26,78,60,44,56,4,93,56,33,87,72,39,22,89,89,97,7,43,76,89,32,25,32,60,80,97,58,90,60,56,32,0,17,76,27,73,39,59,67,82,33,11,84,70,17,5,7,61,68,49,83,57,73,68,75,63,69,86,44,28,83,78
3,19,21,37,41,89,74,29,90,56,83,30,7,39,55,99,78,61,45,26,41,41,6,25,91,52,39,95,79,74,87,10,52,33,3,49,27,87,23,60,42,4,33,13,71,67,16,80,87,94,79,80,0,59,85,61,47,29,74,10,45,57,25,26,75,29,58,31,54,45,6,88,100,54,4,6,65,6,39,79,79,23,53,60,93,52,43,94,82,99,35,10,47,57,21,80,72,49,100,13
63,91,32,57,87,46,58,55,60,64,34,32,41,31,60,63,12,96,86,42,0,79,31,65,73,22,0,81,98,53,74,98,51,23,43,100,33,37,10,11,96,97,37,55,32,83,62,22,47,19,22,41,52,23,40,12,22,75,98,41,7,79,12,35,74,68,40,47,86,99,63,20,6,23,6,35,98,84,52,13,36,24,30,6,52,68,49,90,66,26,61,93,13,48,16,59,94,71,19,92
57,8,84,24,31,69,4,36,53,29,1,18,35,20,59,55,65,78,97,80,38,9,60,77,45,50,89,76,71,28,8,21,84,81,98,37,8,30,82,90,29,61,24,74,87,82,34,70,77,57,26,23,57,66,16,28,33,45,41,65,35,96,14,58,8,75,14,28,64,95,49,100,77,33,52,41,25,43,55,37,28,27,81,35,96,86,89,90,19,59,20,29,94,28,53,70,62,3,17,93
77,39,90,92,36,38,31,52,49,63,91,4,37,7,40,59,48,3,44,82,22,20,69,53,23,10,51,8,3,28,81,58,83,9,28,55,52,38,14,95,81,52,4,27,80,50,69,46,14,32,29,94,16,16,95,84,59,96,92,50,32,20,34,69,17,22,69,12,34,25,36,46,59,100,70,77,90,64,100,100,33,19,45,19,81,65,4,54,49,13,95,88,78,97,27,56,84,86,21,49
90,63,7,27,7,91,76,38,92,87,44,41,7,58,92,51,10,31,0,82,28,55,30,35,29,62,26,59,8,44,18,65,42,64,53,12,30,98,19,2,34,59,59,34,52,12,48,10,47,75,56,96,58,75,46,1,48,45,55,49,92,29,94,50,94,91,21,59,35,73,85,81,36,65,76,21,54,6,95,6,4,62,22,94,86,95,10,100,60,51,20,51,61,92,67,72,64,24,65,40
63,45,29,77,15,7,27,91,6,6,40,42,41,21,65,72,32,34,36,52,86,17,8,1,90,87,56,1,74,31,2,8,5,80,30,19,4,60,45,85,91,68,81,77,69,55,35,55,0,46,19,6,33,83,71,17,39,67,4,48,70,37,100,42,65,9,94,77,61,41,2,70,56,80,28,52,56,26,23,36,60,37,70,31,58,3,100,73,48,5,79,24,17,49,45,32,10,86,5,81
14,6,5,86,24,61,90,20,35,21,6,10,64,44,95,57,20,60,91,20,37,68,36,74,17,2,18,6,73,4,55,18,85,94,100,94,89,15,18,31,3,23,37,63,79,55,44,74,45,59,34,23,4,75,17,87,92,7,18,72,93,17,99,7,25,91,10,26,37,36,63,32,76,46,89,80,58,53,15,41,31,88,79,60,32,88,99,41,51,54,30,34,39,0,21,79,64,64,6,94
8,82,83,79,62,35,40,48,57,90,8,39,28,58,6,83,35,16,16,78,4,80,18,92,12,77,3,68,53,56,83,64,69,43,26,28,49,100,62,58,66,26,25,10,45,10,85,18,37,67,80,62,61,47,49,17,21,16,3,2,89,62,3,3,96,94,50,12,53,54,69,8,42,81,38,4,89,89,17,23,22,36,77,49,10,96,83,0,74,83,0,74,28,59,38,12,31,22,72,19
48,12,54,64,93,46,25,48,66,84,92,48,41,77,49,10,87,93,13,17,71,49,91,86,52,68,16,39,21,99,30,83,99,83,31,61,1,97,0,63,91,50,44,77,93,92,11,14,8,70,52,47,71,43,91,26,56,51,18,61,10,28,87,23,41,76,10,19,77,2,100,33,94,86,47,44,6,80,83,53,71,39,39,28,40,88,93,74,95,92,37,23,52,59,84,86,73,25,100,73
24,11,34,76,6,92,53,86,14,66,63,23,31,24,30,37,42,95,86,84,82,60,22,50,60,46,17,8,8,34,6,64,91,18,7,21,14,100,90,15,20,55,28,44,100,79,72,1,94,24,62,88,9,24,61,83,69,67,86,3,87,99,40,78,72,41,91,86,92,7,12,60,34,64,84,81,59,31,85,48,87,25,63,24,54,51,83,70,33,55,27,81,35,17,26,20,16,89,42,62
79,21,20,36,30,20,32,93,57,9,2,99,23,74,2,89,12,8,20,73,91,12,58,68,63,22,30,29,0,98,50,21,21,20,94,3,37,32,69,68,66,85,88,10,10,24,77,78,60,2,24,28,16,30,52,5,32,19,7,45,6,31,95,36,40,56,18,11,95,63,21,79,40,38,97,73,37,4,98,75,76,93,18,85,76,21,13,24,27,20,60,57,4,64,1,49,2,49,6,71
19,95,80,22,87,12,13,63,25,5,9,53,92,97,69,33,0,48,26,22,40,56,81,23,86,1,77,82,7,37,8,74,31,91,54,56,45,44,94,23,9,33,29,72,7,75,18,96,77,21,79,65,71,62,13,86,97,42,27,92,100,38,53,37,32,99,3,95,44,63,68,79,35,54,89,43,58,48,2,80,91,50,26,59,53,46,60,53,30,87,64,93,70,71,38,82,100,53,57,30
56,87,69,57,85,89,26,83,34,62,41,59,7,78,7,73,57,88,97,70,76,22,84,67,58,86,31,45,40,0,86,20,6,86,34,25,42,14,44,27,54,33,22,85,88,54,87,96,72,47,67,26,83,29,91,80,80,63,5,41,32,84,17,99,45,91,61,86,11,42,13,98,91,4,39,63,75,26,78,54,31,34,20,21,18,97,69,35,17,33,70,46,24,77,87,32,1,0,59,89
54,14,77,76,73,90,16,52,84,15,92,83,89,54,53,42,97,18,9,69,28,96,49,25,90,34,63,91,89,81,18,69,68,40,8,37,82,80,15,12,13,73,25,66,96,96,29,32,15,16,69,36,29,15,38,46,44,50,47,20,17,91,0,0,82,70,59,63,83,18,93,94,96,12,77,67,74,55,75,20,28,83,33,71,89,79,41,9,47,81,7,83,56,64,32,5,26,51,3,38
41,97,3,84,12,26,19,41,43,98,49,50,5,29,16,93,35,72,17,6,94,82,81,75,26,56,69,72,10,90,80,4,51,81,41,15,90,33,34,36,93,30,62,29,48,37,79,61,81,65,61,29,82,12,47,89,82,57,29,60,19,6,10,57,81,59,95,70,63,74,89,48,79,78,63,25,40,35,23,30,66,96,7,47,27,27,77,77,72,14,10,46,96,84,53,58,32,53,49,86
56,32,52,18,41,32,16,18,21,48,36,36,70,63,62,32,23,83,58,39,57,49,56,42,57,25,59,56,69,33,5,84,59,28,15,69,79,7,5,60,92,91,11,70,6,11,92,72,18,77,51,47,17,67,36,10,21,61,89,73,57,67,98,1,83,8,61,48,58,46,21,79,75,17,67,43,72,7,17,50,17,49,36,55,98,55,59,90,4,23,64,90,33,89,48,33,11,74,38,78
37,8,58,83,27,99,69,3,32,8,90,13,76,52,81,80,11,10,48,75,7,70,91,60,16,2,20,40,35,36,97,28,32,56,44,37,43,56,72,55,78,50,64,96,94,53,57,33,84,94,89,51,57,93,22,66,13,87,26,33,35,19,81,61,69,85,99,55,18,0,10,8,7,4,30,84,2,4,29,58,60,22,94,42,22,15,2,15,86,63,91,32,93,60,35,2,58,27,39,60
82,66,66,73,60,7,81,1,70,4,19,10,2,9,24,88,69,27,68,18,77,47,2,39,26,69,73,47,75,68,42,41,1,19,81,81,94,87,88,17,43,60,5,96,43,63,35,92,26,42,56,70,38,1,34,42,28,4,35,70,20,62,59,35,0,29,93,10,11,13,71,46,19,29,18,8,20,76,8,4,74,27,8,1,26,100,52,25,62,20,51,51,47,26,66,81,49,1,41,18
53,15,80,1,27,23,26,34,8,84,95,80,11,65,40,66,29,90,33,97,50,52,93,88,37,15,79,51,13,0,76,4,21,62,88,34,4,68,58,59,34,1,99,58,94,43,14,82,75,16,13,60,0,6,41,47,95,56,70,81,15,61,76,71,58,78,55,65,31,38,25,17,51,83,30,24,18,25,48,65,33,16,24,24,2,4,0,27,33,66,27,47,98,89,22,95,0,88,81,20
59,28,74,58,20,79,39,5,37,90,96,98,35,97,28,84,80,47,23,30,19,86,58,31,12,58,45,71,32,88,64,11,25,75,63,97,25,78,30,56,68,71,59,21,30,98,59,89,70,74,48,64,75,1,13,80,59,73,37,31,21,81,96,61,20,57,42,68,40,26,50,37,0,21,61,10,35,26,62,19,96,10,68,98,55,18,97,71,27,36,76,65,60,36,47,97,44,3,15,35
29,8,26,79,16,56,57,1,49,27,20,15,74,92,63,39,66,27,47,44,95,53,60,46,98,3,31,73,71,91,35,13,95,12,60,12,47,70,46,97,49,43,79,29,22,0,86,89,26,15,76,87,61,8,94,92,100,77,97,73,8,82,79,71,6,0,41,48,96,67,78,78,35,0,35,80,39,3,73,0,86,82,14,63,45,96,32,3,76,7,5,91,79,48,13,44,31,28,19,98
1,100,85,17,7,34,95,97,37,19,75,0,71,61,79,42,81,36,99,25,85,48,20,53,57,58,23,51,20,10,7,96,43,35,7,61,82,54,79,24,29,63,67,16,32,100,45,8,13,27,61,52,14,98,90,12,49,19,21,31,73,55,5,67,93,41,7,67,0,58,25,55,90,33,94,31,62,62,4,36,43,97,80,77,8,17,23,84,94,36,6,78,53,92,71,88,39,26,77,49
45,87,18,88,60,34,18,77,65,37,44,27,77,63,62,53,68,84,70,71,5,98,42,48,16,94,85,21,32,51,84,85,40,92,57,94,33,91,58,31,85,45,67,51,83,32,31,98,93,88,22,85,83,44,5,51,89,64,91,22,35,48,70,1,89,84,58,36,48,58,52,88,42,95,66,59,71,39,78,72,87,23,10,47,18,86,85,91,55,30,71,22,48,77,39,48,41,53,58,72
28,21,89,54,52,79,87,73,96,39,49,6,9,7,12,46,68,5,1,88,7,14,33,93,31,34,75,58,90,18,39,48,44,26,16,17,74,25,25,53,98,25,2,78,91,56,13,98,59,48,46,74,29,14,94,47,54,36,17,12,20,38,28,65,62,8,94,95,3,48,29,44,15,61,12,89,67,16,36,100,72,91,41,62,35,65,85,86,42,81,68,32,51,48,76,64,53,82,92,16
44,39,52,9,36,38,99,54,82,86,24,4,63,60,72,18,62,28,33,35,35,99,14,21,71,57,38,19,9,91,48,72,82,83,13,96,4,69,5,67,1,16,86,67,93,6,64,15,28,61,6,3,35,33,86,2,78,85,83,18,27,97,6,58,62,11,18,68,12,35,19,49,11,52,3,20,38,28,60,21,66,49,100,16,52,90,2,14,70,58,46,95,11,88,50,17,54,56,86,72
23,95,80,35,44,76,5,78,55,67,32,45,100,59,68,88,12,36,94,72,2,77,26,30,47,2,9,6,97,28,94,75,61,97,91,79,60,43,79,3,70,79,10,47,41,56,16,43,69,19,69,8,63,30,99,24,29,4,76,1,2,99,28,6,41,22,14,93,67,67,39,87,86,24,2,55,69,5,95,37,84,57,49,8,80,38,90,91,98,12,48,55,61,43,90,38,33,26,87,49
7,96,65,95,74,78,69,25,46,3,17,18,91,74,50,14,18,25,37,16,22,4,90,81,65,73,66,54,44,87,59,17,25,16,45,50,72,59,53,38,42,48,23,10,27,60,57,67,24,64,8,33,41,79,54,10,68,59,44,86,75,3,14,35,1,77,61,77,78,100,30,29,38,65,25,89,38,51,30,27,19,1,81,92,57,25,9,40,48,27,80,5,37,80,84,58,42,36,77,76
14,35,10,62,15,53,70,7,48,25,16,42,62,76,80,5,82,35,46,80,99,40,44,11,16,69,45,44,19,61,30,27,27,22,1,31,94,88,84,100,42,30,69,85,19,98,57,27,47,96,84,47,43,67,94,93,86,36,54,23,17,19,70,44,12,14,48,80,80,53,83,86,72,78,96,55,90,97,7,35,11,42,30,36,69,50,3,74,38,16,82,49,89,42,44,25,75,11,63,24
84,20,40,56,49,15,74,5,29,24,24,46,68,50,70,11,10,93,18,87,85,85,38,10,38,56,80,19,35,64,33,89,7,77,59,55,3,58,39,75,41,74,88,91,94,70,13,29,88,73,27,31,4,1,79,50,69,89,73,76,8,15,20,13,96,63,58,60,38,56,3,78,100,46,23,42,29,83,82,21,94,27,1,11,72,75,70,27,63,1,17,72,100,6,7,37,57,0,38,77
13,65,98,76,56,2,61,23,31,26,78,53,63,36,82,4,38,97,85,49,2,42,41,96,40,22,73,7,28,8,32,23,62,7,61,89,48,46,69,12,33,0,44,65,100,82,45,18,44,5,78,92,40,29,17,83,41,30,22,57,88,95,25,83,38,52,91,77,70,60,18,29,13,86,85,28,45,56,72,73,10,67,30,87,40,87,24,22,80,83,7,87,30,51,0,61,26,32,29,10
9,32,8,10,83,36,63,28,97,41,94,5,55,95,19,12,75,60,63,16,49,100,33,13,28,87,78,0,100,13,73,54,98,53,81,14,11,42,46,66,67,26,63,21,64,19,24,64,68,79,51,97,90,94,58,71,90,6,56,34,40,22,96,87,39,69,96,63,95,45,26,51,81,76,56,43,96,86,22,70,9,27,16,7,27,67,90,55,89,34,45,12,32,5,87,18,74,3,21,7
60,96,91,62,45,56,18,68,29,34,86,48,59,46,32,98,20,30,12,4,99,94,10,51,81,43,27,64,0,81,27,80,99,32,50,99,79,45,7,6,0,29,80,42,24,48,79,78,23,84,18,54,73,34,16,67,57,4,55,36,95,32,30,4,26,7,20,18,16,4,85,62,18,51,68,9,99,31,64,71,61,71,39,85,38,22,62,52,15,30,77,35,42,28,4,40,100,0,55,39
85,32,2,38,74,94,33,26,72,59,62,89,97,19,18,38,10,48,42,48,83,14,36,62,70,63,66,26,64,37,51,53,93,65,67,80,62,89,76,18,48,15,4,21,12,97,13,73,22,37,58,84,71,24,21,47,48,41,10,98,79,67,92,6,23,85,89,61,11,61,40,22,39,39,41,90,39,6,97,10,70,8,22,26,55,33,14,8,70,44,60,12,95,100,25,18,90,5,21,97
96,45,43,51,18,35,69,50,15,62,99,22,93,33,82,93,1,22,24,39,21,21,41,2,3,94,25,46,95,94,41,21,22,36,48,68,61,51,9,46,91,52,73,42,80,80,35,36,68,19,25,40,28,79,23,95,20,69,89,25,12,79,13,85,79,18,90,89,11,5,13,42,18,2,97,7,56,97,4,37,72,100,40,55,40,11,77,25,9,50,11,98,5,92,37,45,91,68,64,55
51,50,35,71,9,63,51,3,70,12,54,36,40,88,65,9,49,29,85,15,51,36,90,24,22,5,83,24,56,8,91,41,90,62,98,46,72,63,0,47,53,90,81,50,81,39,17,85,80,55,87,58,30,61,65,77,33,37,53,34,77,98,6,10,55,26,76,72,36,27,18,62,82,20,66,6,71,20,19,28,3,39,7,27,30,72,24,42,33,88,48,90,31,40,76,97,26,98,52,45
49,96,55,32,2,70,21,56,10,58,59,9,11,97,78,14,61,31,27,71,77,23,23,32,89,25,52,51,68,77,3,1,90,12,50,5,11,77,61,12,10,64,0,98,84,41,96,64,72,2,43,6,70,70,57,14,7,11,6,59,98,62,1,53,91,93,52,2,77,22,27,8,74,56,20,9,12,39,10,39,71,92,47,61,64,33,16,65,89,15,21,45,46,33,78,75,79,95,90,4
71,16,85,99,20,60,40,93,54,72,13,20,7,70,57,42,9,4,56,83,2,49,90,92,25,45,25,17,28,45,88,8,9,79,20,61,77,22,61,94,60,94,41,59,84,72,11,78,43,0,20,41,48,46,70,48,48,98,33,63,83,21,46,88,32,21,92,86,20,41,76,79,46,47,96,77,11,75,89,5,40,39,53,92,28,95,41,68,85,22,22,70,83,59,6,43,52,47,0,73
65,20,47,71,24,87,88,22,81,6,36,49,61,87,81,50,54,81,31,93,17,30,27,76,34,22,22,37,81,64,33,37,41,16,15,73,54,53,67,35,40,36,39,68,92,47,28,8,20,3,90,1,4,6,4,82,70,92,55,50,67,47,87,23,54,88,72,6,4,42,49,23,22,55,61,11,12,56,44,74,56,22,23,64,93,94,34,28,87,73,43,33,99,28,86,31,10,58,73,18
57,79,20,24,84,73,100,58,59,100,88,80,93,89,10,15,14,12,62,19,83,17,54,2,48,73,83,26,85,88,83,0,92,0,3,76,40,59,94,27,55,82,96,83,100,47,16,76,97,93,48,7,18,37,0,62,43,18,83,4,15,89,9,79,57,50,35,23,69,34,47,100,79,1,19,91,91,69,6,27,92,5,56,80,87,89,47,24,15,26,17,65,38,8,32,38,95,28,86,93
40,40,29,49,94,90,40,55,43,77,65,43,12,100,1,85,38,87,12,91,16,87,62,26,56,59,38,3,30,20,52,98,39,0,16,90,98,48,54,59,78,52,87,31,84,66,93,5,82,17,58,89,68,76,25,95,13,12,13,66,78,46,14,6,16,82,24,71,35,20,64,32,96,100,23,32,34,77,39,87,0,36,16,26,99,77,39,82,73,82,1,49,54,83,13,75,56,35,98,83
33,39,84,1,53,21,93,4,43,72,3,98,25,22,90,16,6,68,20,78,92,15,78,97,82,33,14,36,97,84,41,5,24,57,78,56,57,55,72,17,79,92,66,63,19,27,17,0,67,20,17,84,42,28,36,74,18,48,99,7,3,29,54,64,6,15,60,65,96,6,49,56,67,64,90,51,11,16,40,19,23,34,30,89,85,60,84,33,39,13,100,77,9,69,49,35,37,46,81,39
66,52,49,96,2,33,98,11,80,70,12,77,6,81,38,78,86,36,25,44,63,64,33,64,8,78,23,40,6,96,10,57,9,86,20,81,10,30,66,53,75,38,79,90,25,0,16,47,53,42,5,58,13,94,66,63,59,46,39,45,9,77,99,85,64,95,71,61,71,41,33,17,37,42,23,30,96,14,36,81,88,69,89,27,40,82,42,33,24,58,90,7,51,47,92,20,17,0,67,50
91,18,8,20,7,15,24,49,43,98,36,82,9,66,91,59,31,64,9,10,61,75,56,48,26,79,73,85,29,39,88,89,15,65,12,45,43,71,87,94,11,43,29,68,35,98,11,98,76,19,27,7,32,41,58,80,83,15,34,35,79,38,20,21,93,25,83,39,7,57,42,87,82,41,16,61,12,41,43,22,93,64,39,76,80,61,52,29,16,95,96,17,89,61,53,98,6,57,18,44
71,80,97,19,59,45,60,11,20,38,84,52,82,18,14,67,2,3,28,99,98,17,23,59,2,14,81,23,23,82,21,39,92,5,25,14,98,99,42,54,6,51,65,17,79,37,96,93,53,21,49,17,73,38,18,95,72,52,86,12,98,85,47,64,42,83,60,82,31,40,91,73,26,82,40,22,61,21,24,86,82,10,10,7,84,75,89,62,63,38,43,64,36,26,15,32,2,39,64,41
14,9,11,21,96,74,3,81,74,27,86,91,25,55,24,73,22,54,38,21,74,94,57,18,5,99,2,92,46,56,13,48,85,66,21,4,20,26,38,2,87,58,85,13,48,2,19,47,44,36,51,26,8,94,90,41,58,86,24,52,68,21,58,52,56,3,81,73,88,96,75,16,24,47,68,10,50,23,17,30,93,15,37,61,91,77,36,55,12,1,84,92,89,83,16,82,23,50,1,34
22,10,89,93,81,17,65,38,48,64,29,48,19,82,92,27,83,3,67,0,34,10,5,49,54,87,54,41,84,75,19,75,62,72,66,56,32,8,99,85,50,62,29,95,33,50,96,79,59,42,0,32,41,95,59,95,52,34,76,32,46,72,18,9,54,48,99,90,40,100,98,62,39,51,95,96,20,88,51,94,17,15,100,35,42,45,28,37,56,90,94,41,77,49,24,39,40,92,81,17
43,45,78,98,1,79,89,91,71,16,65,85,40,73,73,91,71,81,0,52,59,47,96,92,11,98,97,79,88,33,75,36,53,74,86,66,87,39,14,69,21,6,72,95,38,62,84,47,44,74,51,36,87,84,76,17,56,66,61,45,47,85,23,51,6,80,46,69,60,24,75,69,68,97,58,9,25,13,4,64,29,87,77,49,1,76,54,68,74,72,60,95,60,43,15,94,90,18,56,55
97,50,95,45,97,75,54,71,64,47,59,7,22,54,68,62,26,98,58,99,51,55,97,96,31,4,29,95,39,22,46,92,84,9,78,11,60,64,42,18,21,69,71,90,58,0,7,99,28,40,40,62,31,73,86,60,62,99,56,49,6,14,60,1,28,16,1,82,9,69,30,100,4,55,71,32,32,84,17,42,35,87,70,33,50,34,69,49,34,86,14,9,29,78,34,73,8,7,46,52
87,28,16,91,24,94,1,41,7,50,70,20,2,25,21,62,100,97,54,88,89,35,98,25,37,27,57,51,99,48,59,34,57,87,26,33,23,78,37,50,44,14,12,31,58,20,65,14,38,73,2,97,79,24,2,20,10,97,15,32,4,64,61,78,82,80,73,53,52,22,61,13,90,98,99,43,63,2,27,28,49,91,60,80,74,53,64,67,6,96,65,27,90,50,49,24,12,44,79,49
76,82,53,7,4,28,52,27,36,40,56,14,26,85,12,6,12,65,0,45,80,66,65,61,26,18,98,9,15,17,78,54,37,21,44,61,13,64,31,88,9,48,90,93,71,4,84,84,74,54,41,10,40,60,19,76,91,62,85,10,1,59,83,16,11,10,8,56,46,21,80,21,10,93,39,28,31,60,18,53,98,98,82,25,45,16,96,23,85,74,52,73,89,28,95,38,50,84,2,30
32,4,4,19,22,68,0,39,11,50,99,10,2,62,28,93,20,34,100,13,72,26,76,54,69,75,43,61,38,71,93,5,72,90,47,26,56,60,91,80,14,66,60,8,99,41,17,60,25,99,42,37,86,71,11,37,4,36,67,47,32,90,76,22,99,19,16,69,46,57,37,99,35,42,33,22,31,36,78,28,19,26,68,50,57,0,70,87,41,29,33,75,43,52,9,8,77,21,0,59
86,43,30,64,65,77,73,7,35,17,77,64,74,41,49,19,69,71,21,87,98,89,84,14,21,9,83,66,67,77,24,78,74,46,57,78,89,77,87,41,88,67,46,45,39,51,78,91,32,45,61,22,83,18,36,2,26,30,82,89,26,59,24,18,61,32,78,53,93,63,45,60,95,75,95,19,3,10,83,55,68,50,65,26,82,53,82,6,76,66,56,5,75,24,75,3,93,8,100,50
60,68,76,15,77,55,8,100,73,46,17,67,7,52,16,17,86,86,66,76,82,7,20,86,62,33,89,71,25,34,45,56,72,11,25,22,15,29,40,66,14,41,77,61,28,90,36,91,15,86,21,93,78,12,27,31,83,39,53,77,78,68,94,85,58,72,8,54,87,6,46,64,32,80,45,40,74,14,38,87,2,13,61,46,5,12,64,61,88,13,17,32,72,35,90,8,32,7,29,55
100,55,31,24,16,83,34,60,5,74,95,74,81,68,26,90,45,70,58,3,13,25,30,65,11,44,39,61,4,76,37,82,44,64,76,7,92,18,9,90,42,87,10,83,2,93,18,29,32,26,56,82,21,39,49,70,52,49,95,87,22,53,35,31,45,69,16,12,57,90,93,22,53,28,48,52,55,75,95,70,49,7,87,72,24,70,33,31,53,21,39,19,67,48,71,31,13,29,69,66
41,98,5,2,78,27,20,88,80,86,16,23,47,28,69,66,6,73,51,38,41,47,80,50,30,5,49,81,48,91,13,71,10,28,2,14,24,71,21,58,72,52,73,11,48,19,45,54,32,45,46,54,87,89,71,96,67,93,86,18,61,84,75,24,91,32,47,72,45,75,57,32,7,76,30,30,70,91,53,82,35,36,94,81,51,54,66,68,9,83,20,66,16,25,83,77,57,3,98,61