5,93,65,30,80,13,0,39,1,0,84,33,8,45,37,80,40,64,14,92,5,94,34,27,76,26,7,77,10,53,64,52,97,71,89,20,40,49,99,95,72,33,98,99,9,97,42,41,12,23,44,87,47,67,68,64,42,86,42,39,21,96,21,66,40,28,28,33,18,69,96,39,56,74,22,88,69,39,34,91,65,93,55,86,10,22,71,11,99,25,15,28,34,89,11,6,46,40,63,3
75,51,22,15,53,55,76,0,40,47,82,30,97,57,95,41,0,52,28,59,60,75,30,7,15,35,9,37,46,96,46,71,59,2,55,24,68,95,100,2,23,12,28,44,72,84,32,2,27,97,12,32,43,11,87,84,66,50,61,13,29,17,7,57,63,86,4,8,59,73,2,57,16,80,64,100,9,53,25,14,70,48,86,37,3,37,28,94,71,65,97,64,90,18,93,79,27,13,99,53
99,31,8,51,46,23,73,84,34,30,38,36,38,100,80,65,66,48,57,3,67,43,42,40,28,28,47,95,46,44,4,17,54,73,48,12,32,16,84,42,47,5,27,22,17,83,68,15,83,18,76,58,11,18,67,39,0,50,59,52,87,31,95,84,18,57,14,58,25,100,19,62,84,100,74,37,30,34,92,54,84,87,59,38,64,53,72,97,15,19,71,5,43,73,84,20,30,95,33,12
73,65,18,82,21,52,44,55,100,95,32,48,38,99,59,93,65,77,24,35,16,0,88,8,10,79,83,24,26,79,70,88,23,45,84,80,51,82,48,29,81,40,89,61,65,32,89,6,22,48,93,34,26,64,70,68,60,85,93,25,16,0,31,82,50,2,21,39,28,29,49,74,92,53,73,83,77,51,93,13,33,87,26,96,44,93,72,28,83,11,44,51,28,26,82,88,26,67,7,18
38,66,96,22,47,89,2,55,43,19,54,36,80,36,98,23,4,72,73,92,18,46,70,72,42,1,93,46,44,5,14,5,72,83,54,24,79,55,67,90,78,74,72,59,67,60,12,85,24,78,16,96,47,46,81,7,79,87,57,99,68,33,43,7,28,21,61,76,35,19,28,74,48,85,98,84,56,17,30,94,53,45,3,35,16,84,0,10,40,17,97,31,51,59,100,34,15,69,94,91
73,77,35,40,51,70,71,37,72,83,62,96,100,100,61,75,99,100,73,67,38,60,40,34,1,24,77,73,25,7,4,55,2,89,3,70,39,35,100,53,83,93,97,74,64,75,36,13,29,4,12,60,91,80,5,33,34,96,9,74,68,84,37,7,30,44,78,23,36,11,39,87,14,17,82,76,67,2,36,17,61,89,84,50,8,10,72,33,26,91,33,41,39,38,76,46,98,64,83,51
96,37,75,15,98,96,93,28,87,94,11,18,1,65,41,53,39,72,65,40,22,46,16,97,1,23,91,32,7,94,12,51,49,2,68,4,45,14,31,4,72,1,80,89,23,13,72,60,80,8,12,6,92,7,27,94,87,93,79,15,19,60,67,54,62,42,44,61,98,17,84,14,45,1,89,4,13,64,87,41,12,47,33,0,36,97,47,41,73,62,84,33,44,0,94,17,42,57,14,19
78,6,74,0,49,71,5,97,28,57,17,83,53,41,40,98,63,83,33,42,86,27,37,16,19,97,2,4,22,32,52,48,11,94,56,0,79,95,3,77,85,15,4,50,27,37,56,23,93,31,85,22,99,73,73,45,93,78,75,36,80,69,14,35,40,16,13,2,90,84,69,95,20,7,30,81,79,77,26,57,36,78,27,97,35,9,86,68,56,13,55,77,27,44,45,82,57,49,65,57
59,49,95,71,95,58,20,33,4,66,53,25,86,78,5,7,78,33,93,83,12,14,27,66,22,78,3,16,58,42,83,73,13,98,46,7,67,8,44,82,36,20,71,91,53,36,66,47,13,78,6,21,4,98,83,16,45,100,58,7,82,46,58,21,82,21,14,34,81,56,53,56,65,44,92,18,74,28,7,37,94,68,49,35,8,7,3,25,80,34,72,31,54,4,98,44,92,37,68,62
80,65,71,95,50,11,74,35,34,30,68,40,54,91,8,7,92,54,64,6,81,78,52,100,89,91,62,42,93,44,60,73,68,13,50,82,81,100,62,80,22,82,91,35,2,9,96,93,74,11,35,15,36,13,58,74,89,85,57,12,44,33,38,59,11,63,8,18,44,89,96,75,50,94,14,9,98,56,21,47,64,34,10,16,48,21,38,89,1,83,40,80,50,28,31,97,67,55,14,55
88,76,43,51,8,93,55,6,98,7,62,3,12,38,82,45,59,81,33,20,16,86,49,57,52,63,92,66,51,47,14,84,75,79,70,58,51,61,62,77,6,44,33,63,22,6,3,57,90,95,80,22,59,37,34,58,68,30,91,58,60,49,12,3,0,6,82,74,73,71,0,90,75,83,51,56,99,22,83,54,46,46,54,29,78,86,9,22,45,40,63,76,70,80,67,22,58,95,35,12
16,74,2,39,4,37,0,84,77,20,25,6,72,46,85,55,18,68,93,1,82,46,22,90,62,19,93,29,39,20,83,64,82,63,19,25,35,32,99,58,80,97,6,42,29,98,35,70,32,1,97,54,83,79,22,77,11,22,58,18,86,29,35,61,47,38,37,33,95,60,11,24,60,94,6,83,52,72,74,67,30,75,38,36,80,62,55,48,31,28,97,33,21,43,37,74,2,95,34,4
58,25,78,39,54,11,50,22,36,94,60,48,96,77,53,51,15,23,9,67,48,83,52,7,30,94,53,17,16,79,24,36,55,89,87,19,62,53,73,8,87,35,75,79,91,55,76,22,39,95,89,43,51,84,18,7,33,18,14,36,70,35,7,55,57,22,48,94,4,57,58,43,12,26,35,38,98,53,66,79,95,17,87,31,65,37,11,92,77,59,79,3,24,76,77,80,32,59,94,27
62,7,95,26,93,86,55,64,84,65,13,7,42,43,69,20,100,55,65,90,94,68,39,61,96,75,43,61,85,44,47,92,72,36,23,35,68,35,31,50,55,64,28,87,31,31,48,12,11,84,66,41,61,38,57,47,92,34,68,42,16,32,72,57,52,3,75,30,7,64,82,93,93,2,9,87,6,93,87,92,66,49,68,51,75,47,71,42,58,61,10,67,35,59,8,80,87,30,68,15
66,81,78,82,20,70,94,28,80,92,7,65,45,31,56,28,1,98,6,1,79,6,66,83,64,17,54,19,62,94,46,10,10,86,66,100,24,43,85,73,63,28,87,50,65,16,28,12,48,76,93,72,79,17,72,30,57,60,47,74,43,50,57,47,57,86,36,75,72,29,47,31,94,83,98,52,12,14,21,5,7,95,80,88,45,46,96,88,1,84,28,87,5,25,70,40,24,20,39,70
38,15,67,32,7,84,45,43,24,53,83,6,49,89,33,9,21,74,96,82,27,85,64,29,23,27,61,44,74,97,42,51,8,15,9,82,14,52,34,38,45,68,10,27,99,64,65,42,96,5,81,2,9,84,26,39,93,33,61,20,94,63,64,95,90,10,1,30,72,72,6,24,36,6,1,86,2,29,13,78,100,95,18,62,70,50,55,10,11,84,3,71,74,83,36,33,69,74,77,11
25,43,39,45,37,55,97,81,50,16,64,84,35,43,27,58,72,36,47,91,40,5,6,2,59,11,84,48,22,58,69,43,14,89,26,15,31,42,34,38,98,18,59,0,96,28,0,45,37,40,95,15,35,54,97,66,94,88,35,46,69,49,24,12,7,70,96,39,48,26,79,13,41,0,45,100,54,71,7,64,72,87,71,7,39,6,95,99,30,63,50,29,96,59,12,75,32,65,37,85
89,39,93,52,92,47,59,25,88,32,9,82,3,95,81,62,65,80,50,33,7,59,55,3,45,37,12,53,95,34,49,86,65,58,27,60,56,27,4,7,20,78,18,71,38,55,30,33,47,62,21,25,8,98,83,67,72,38,16,35,69,13,61,41,28,68,99,34,40,37,3,1,44,70,12,4,31,39,97,60,7,33,76,72,15,64,71,79,98,87,59,19,39,23,6,58,1,27,77,86
13,37,66,6,50,43,21,38,27,91,32,95,7,67,70,44,7,16,94,71,55,92,68,91,53,54,86,80,2,6,95,79,86,28,88,40,39,97,54,37,91,23,95,56,13,20,40,53,49,18,19,72,30,60,100,13,67,36,25,0,4,74,83,4,39,8,78,92,69,78,57,43,41,71,5,26,70,99,89,63,99,30,19,45,31,55,69,84,30,68,51,29,64,31,94,36,95,26,10,17
82,98,87,51,48,86,28,6,14,7,84,79,90,47,55,38,59,8,94,26,15,40,96,92,95,30,70,30,33,7,70,7,2,57,62,78,36,82,30,14,83,0,11,48,84,18,78,2,74,91,23,95,37,91,33,71,94,59,76,12,79,40,88,0,66,11,13,1,80,77,1,98,15,21,33,19,39,52,72,3,70,27,90,21,26,91,11,62,95,55,0,11,11,44,80,65,51,68,28,76
48,54,34,8,34,37,50,85,0,76,45,76,44,46,28,82,53,17,7,71,89,71,9,43,54,1,57,100,73,25,57,63,25,14,18,41,57,100,37,59,65,62,13,55,85,38,59,14,73,1,80,81,31,67,6,65,22,33,98,22,45,97,93,41,74,11,42,20,97,10,65,37,27,30,80,74,50,53,100,93,11,36,42,75,47,3,32,70,54,11,83,44,98,13,7,3,44,52,53,32
64,9,44,76,59,25,58,44,40,61,86,30,15,64,97,89,4,35,31,91,10,25,58,68,12,29,68,14,46,29,48,78,38,66,100,8,25,19,60,59,70,66,99,71,8,66,95,22,0,24,39,57,34,78,39,37,92,91,16,97,20,93,79,54,76,35,43,33,64,47,61,70,100,82,73,40,7,24,9,44,67,39,71,92,54,78,42,29,33,55,79,72,84,24,45,2,20,13,91,8
19,76,68,73,65,14,48,84,92,69,24,55,83,8,56,82,95,62,94,46,26,81,50,82,85,77,72,22,52,35,72,34,50,64,27,87,72,47,27,3,38,83,54,84,78,21,61,59,32,75,51,57,20,37,8,20,59,21,75,71,50,62,51,41,78,40,15,85,93,54,16,47,89,94,83,8,71,93,84,7,23,34,84,1,71,58,36,35,14,83,9,62,26,91,24,33,75,42,41,8
51,2,7,30,8,29,52,56,75,49,72,31,94,59,68,66,6,31,87,9,3,0,39,70,10,49,58,70,7,61,66,55,76,2,86,67,90,54,77,71,63,93,3,41,14,59,94,71,20,53,75,57,89,81,26,47,54,79,84,66,60,25,80,66,98,68,91,88,28,45,30,26,54,62,63,91,21,59,70,64,62,21,56,63,83,25,22,58,6,100,68,31,76,48,0,94,18,81,72,90
50,70,30,61,73,49,15,38,14,40,66,76,88,12,55,82,1,42,63,82,78,37,57,59,34,65,35,50,42,64,7,4,70,5,22,72,33,63,93,51,18,68,77,55,74,15,45,18,44,64,9,96,11,32,56,94,96,44,12,11,13,76,38,96,49,20,14,14,20,59,74,27,53,71,62,49,19,95,25,56,65,82,70,84,7,38,0,25,18,21,18,73,45,100,56,29,7,37,56,40
12,50,7,3,58,38,77,90,7,49,84,18,97,83,48,69,33,79,76,63,71,23,59,51,3,69,23,92,58,85,17,75,23,38,67,95,77,21,7,49,21,9,79,54,14,18,54,89,82,20,46,14,84,13,87,65,18,4,12,9,49,6,73,73,100,86,88,48,94,25,44,58,12,39,81,30,42,43,100,2,70,70,27,7,16,8,61,43,55,17,42,19,42,53,82,98,3,90,15,53
27,53,11,67,66,35,95,84,65,33,42,29,77,59,37,58,92,10,92,83,13,55,1,68,2,48,71,22,38,34,79,58,68,42,14,54,75,48,52,59,46,43,9,17,42,51,75,73,71,86,80,73,51,36,80,47,11,52,83,67,49,76,30,27,98,17,0,89,9,39,8,96,59,10,96,49,60,50,44,75,21,12,6,89,30,63,17,75,14,9,50,7,32,65,29,37,6,87,11,44
42,41,22,2,4,33,8,99,55,17,14,63,86,69,92,80,12,50,86,50,86,28,24,61,18,30,79,62,36,60,55,68,20,29,61,55,97,60,87,90,41,13,80,2,48,78,62,44,47,99,53,90,79,20,91,61,37,95,40,55,84,52,44,52,42,42,57,7,98,52,81,47,20,91,70,96,6,91,93,91,75,2,24,86,77,13,37,33,43,36,9,18,17,32,31,5,16,90,10,55
68,29,51,41,87,10,2,36,61,9,60,67,31,42,73,19,30,66,98,21,32,63,7,14,13,30,71,15,12,85,49,38,94,19,0,95,61,60,42,3,35,65,35,85,26,79,66,66,86,98,81,94,14,78,64,52,46,49,26,42,17,85,18,15,3,66,26,6,71,22,87,100,99,77,96,10,36,5,41,17,7,38,74,91,45,8,77,21,38,52,55,23,40,69,78,94,49,98,95,8
65,57,50,33,65,50,74,63,94,63,26,57,71,80,3,18,89,57,23,81,51,56,48,38,81,99,22,34,49,93,79,83,62,1,25,54,35,92,6,32,5,98,55,62,57,24,11,32,6,12,79,94,32,73,96,99,82,6,55,93,82,78,19,62,97,97,41,50,10,59,79,9,15,73,40,18,77,35,79,37,89,7,20,30,69,56,16,14,58,22,100,75,7,93,100,79,89,76,13,23
99,28,83,38,46,41,49,84,44,49,86,79,22,19,35,53,35,12,32,63,33,87,51,22,37,14,54,81,62,51,11,22,18,50,5,62,76,44,64,80,33,88,70,51,64,45,54,92,80,57,37,9,52,79,26,26,3,42,74,5,44,14,65,95,63,48,79,11,65,53,23,99,66,27,77,36,37,16,46,24,32,88,55,55,17,72,98,41,36,5,63,65,50,50,34,9,39,11,55,35
51,50,29,12,89,89,81,80,14,52,81,80,93,18,42,83,96,4,24,92,7,49,37,43,29,55,73,80,73,41,33,9,18,34,9,65,30,7,23,54,18,46,50,62,49,85,48,65,65,66,47,47,84,66,72,76,97,88,4,3,33,27,24,11,16,79,80,66,83,96,87,48,77,54,54,37,93,28,97,33,77,3,65,55,79,19,58,44,48,39,70,28,44,67,27,62,24,91,51,75
40,55,63,76,47,25,58,73,54,54,87,82,38,89,79,77,21,80,16,2,66,58,58,34,52,65,50,12,84,17,73,84,0,62,88,15,92,11,30,55,68,36,0,20,7,51,9,81,61,97,81,80,62,1,29,1,40,71,37,82,39,45,9,72,52,80,11,100,95,82,61,47,55,46,23,81,81,72,57,32,29,57,86,86,26,77,40,43,16,25,23,87,45,85,59,90,4,15,13,33
5,46,56,71,50,97,27,63,70,63,42,26,64,33,44,8,86,67,59,55,3,91,78,28,51,53,77,8,21,8,81,65,5,92,7,52,9,52,28,48,80,49,2,4,79,38,49,6,16,14,2,87,35,47,92,36,79,0,82,45,41,20,4,54,96,13,77,75,67,32,23,67,46,42,78,92,78,67,19,37,56,70,8,79,11,15,29,26,36,90,31,11,60,7,86,19,78,93,12,39
29,72,63,87,67,33,49,73,44,6,1,24,30,88,34,15,58,53,59,12,14,6,63,56,15,94,87,64,86,34,58,93,1,36,19,4,66,84,92,1,57,67,82,58,90,48,34,74,77,26,43,94,97,19,7,77,99,14,90,71,89,62,20,11,60,1,65,89,13,68,69,26,72,87,95,48,30,25,35,10,15,72,76,1,16,10,34,60,66,0,7,9,39,57,51,61,22,44,19,76
3,13,29,35,65,36,9,62,81,24,81,74,69,70,41,30,47,38,92,14,68,33,46,64,53,95,34,25,1,46,53,8,83,57,13,7,91,24,97,22,64,49,22,9,39,33,30,36,53,81,4,86,68,33,98,18,42,60,86,99,80,16,2,67,57,87,50,18,6,36,88,89,90,19,46,25,75,17,87,4,20,96,42,26,1,71,89,63,5,89,76,27,59,20,24,51,17,54,13,91
58,88,89,39,41,49,20,94,66,5,60,81,53,16,31,32,11,35,76,80,6,30,59,86,76,25,33,86,24,27,1,70,54,24,25,63,15,80,78,56,34,71,74,32,92,58,85,93,22,48,30,43,67,7,17,2,45,74,57,35,15,99,39,84,16,46,68,36,58,96,27,49,59,7,34,69,17,34,89,10,100,48,91,26,71,76,87,52,66,62,53,46,31,7,8,18,29,28,47,21
38,4,85,77,60,31,98,11,55,58,8,22,94,17,2,16,26,5,92,28,24,32,100,29,13,9,16,86,35,79,59,48,74,67,54,39,88,90,20,52,98,77,55,84,34,48,7,15,82,61,90,73,44,83,79,39,60,79,81,64,81,46,69,26,2,48,94,41,27,82,7,62,49,54,70,48,99,78,12,45,70,4,41,45,28,64,92,58,37,15,91,53,92,80,74,86,40,43,38,77
25,60,80,93,100,98,43,89,51,51,15,4,23,61,10,19,42,47,22,86,64,6,53,98,87,65,52,78,7,1,88,17,72,13,38,34,57,20,90,80,7,100,78,49,30,14,78,30,91,89,86,56,29,99,45,75,5,56,48,100,51,40,44,36,63,68,91,40,96,20,77,90,92,23,74,47,74,96,12,11,81,8,12,84,84,46,95,10,32,14,93,40,99,11,96,75,52,59,21,0
56,13,80,11,66,55,17,89,97,50,75,68,2,65,98,89,79,16,68,95,42,35,82,26,76,79,5,36,67,79,70,15,22,70,43,63,49,47,57,62,12,97,45,61,45,59,91,86,25,77,7,47,26,68,80,30,35,14,97,30,22,15,6,60,23,33,52,53,75,53,27,17,1,12,78,65,34,31,37,81,8,22,12,23,61,24,73,83,31,4,32,76,21,84,3,12,98,93,59,51
57,76,59,81,64,10,57,2,31,20,73,0,63,63,27,74,86,23,69,23,95,91,44,27,91,77,71,49,74,34,23,2,89,100,94,78,9,10,90,67,54,86,14,11,57,4,22,63,77,96,46,16,100,25,100,43,54,20,89,31,3,36,45,60,51,23,26,41,73,57,58,87,31,80,30,70,86,84,11,60,87,99,77,37,60,38,99,94,61,51,64,0,59,35,30,79,40,70,1,46
48,63,23,9,53,39,29,7,28,81,90,98,71,41,100,12,75,93,90,77,100,8,98,21,78,52,34,62,28,2,93,24,72,10,22,96,34,53,45,75,62,61,86,68,48,92,95,60,54,76,57,51,40,80,77,9,57,95,88,59,12,40,0,21,88,97,31,2,29,7,72,83,93,57,100,94,77,13,67,3,26,26,96,63,15,47,3,16,10,12,58,65,15,84,63,25,63,30,93,58
70,96,42,24,80,57,95,41,59,9,29,79,8,2,30,49,97,66,76,46,59,59,79,79,5,11,11,55,35,91,26,94,15,68,94,31,26,58,17,72,29,54,28,38,43,85,82,17,11,13,46,45,28,10,97,80,1,68,92,23,57,95,33,9,55,57,99,47,52,49,45,34,85,13,68,55,18,6,39,43,75,0,60,2,52,32,80,46,44,64,82,93,26,17,63,87,42,66,23,4
69,38,19,38,97,81,79,34,91,37,64,40,46,75,91,58,2,6,7,40,14,35,28,46,96,66,16,62,16,36,29,57,25,66,1,56,28,41,21,86,28,89,84,77,20,51,76,9,43,45,4,66,53,12,24,31,91,44,60,2,18,44,42,37,61,78,93,92,23,83,28,27,67,12,48,23,52,100,45,71,54,30,64,67,9,43,30,83,50,87,2,70,1,9,53,83,62,51,7,67
82,95,61,93,22,25,60,39,55,66,12,77,30,88,49,81,20,20,50,10,9,77,65,45,56,85,68,80,41,58,19,12,25,43,99,6,73,91,29,99,74,21,11,54,19,13,39,2,56,80,60,76,52,59,61,71,65,19,6,93,18,73,22,39,82,64,42,42,53,37,41,83,26,58,69,61,64,63,65,75,89,61,16,74,76,19,88,30,22,5,23,36,99,12,37,63,4,86,4,74
49,34,13,100,16,44,95,27,38,52,28,40,59,38,8,28,60,23,47,30,22,11,19,41,21,41,17,85,77,83,35,77,3,76,50,48,91,68,70,91,50,6,13,30,5,41,48,9,89,47,54,32,34,61,72,95,28,70,100,13,9,89,31,53,44,31,99,23,59,82,26,87,16,14,31,35,97,9,17,70,68,18,13,67,88,15,67,24,80,94,62,73,5,26,28,25,67,6,36,100
77,65,85,83,5,12,96,49,60,75,9,59,40,80,65,31,5,47,48,32,77,16,18,80,13,64,79,88,43,24,58,37,13,20,41,4,90,3,43,25,26,66,28,59,100,1,41,16,34,71,83,7,86,23,50,76,43,2,9,67,14,50,21,6,89,17,9,41,20,43,41,62,29,42,79,100,94,28,49,57,52,47,24,65,39,57,8,52,64,3,41,82,3,32,62,18,23,53,98,26
14,43,39,32,69,75,60,24,14,74,42,3,20,45,68,34,72,9,98,90,94,24,92,82,87,84,93,15,15,45,38,37,66,56,48,34,24,16,89,12,22,97,56,22,70,43,9,98,36,31,47,84,33,94,94,81,16,24,52,1,62,81,34,75,75,70,81,27,84,3,50,29,20,25,16,44,57,78,16,17,6,24,81,74,38,67,26,37,69,76,48,44,55,72,50,8,86,31,96,30
12,97,85,9,22,15,28,6,29,5,60,84,79,40,76,65,95,2,76,52,99,86,87,49,3,2,52,99,19,66,26,57,37,97,33,26,20,82,53,32,87,53,81,42,36,29,87,64,86,14,56,28,1,94,55,13,85,99,37,92,89,7,81,98,98,42,1,27,75,4,20,100,32,24,83,67,76,27,29,3,85,98,49,87,69,61,50,30,87,86,100,61,46,79,24,8,4,38,41,19
69,81,16,55,19,2,9,83,93,41,79,8,82,7,13,2,99,52,85,94,44,45,53,53,11,13,67,15,12,48,96,16,18,85,41,38,2,44,8,65,19,13,93,17,2,36,79,8,14,9,77,6,33,76,25,53,31,31,51,89,51,10,54,75,16,88,19,86,51,6,19,57,31,46,11,83,0,4,42,58,12,58,7,96,13,64,99,5,100,63,94,70,2,80,97,49,50,20,71,78
60,43,69,16,32,100,1,22,27,54,46,47,75,63,19,12,46,52,24,39,96,0,80,90,58,98,16,60,23,90,79,56,90,21,72,88,100,54,61,92,53,12,74,27,94,17,9,59,93,39,30,26,73,16,33,16,56,68,47,46,6,73,19,87,31,52,67,19,62,54,18,76,30,44,68,13,54,70,72,80,13,12,0,4,2,59,29,47,62,16,20,12,79,91,77,40,13,45,61,13
30,89,0,25,24,40,26,54,84,4,65,14,32,25,42,15,26,59,28,59,75,98,15,35,98,12,36,81,37,65,47,66,97,41,30,18,36,20,66,87,21,53,24,20,56,31,93,62,46,49,46,70,94,57,83,39,30,35,44,76,87,80,29,96,30,60,50,18,52,27,16,39,89,78,14,94,8,89,42,79,96,7,35,83,91,96,24,23,92,100,2,6,59,43,79,98,73,69,74,19
49,36,13,71,84,71,21,25,6,78,14,21,81,4,35,16,24,55,32,42,72,35,56,13,9,49,21,1,12,28,100,10,49,36,71,91,24,97,80,62,34,64,82,50,98,30,67,92,36,50,61,75,9,44,15,15,6,2,93,91,13,45,37,95,73,2,43,56,2,44,100,59,57,87,55,87,93,61,56,0,25,51,48,0,2,31,64,93,36,36,53,66,55,4,40,53,88,46,17,100
57,37,84,9,83,58,47,93,10,51,21,70,77,68,54,25,17,85,28,66,60,36,33,66,60,32,23,67,71,32,29,40,68,80,2,46,67,72,42,12,9,79,0,40,18,19,9,100,52,65,81,95,0,5,90,3,43,10,100,16,49,82,28,16,68,81,96,81,40,65,11,32,6,90,88,62,2,29,72,66,69,7,86,67,57,50,61,95,59,33,28,53,84,40,100,57,79,74,61,38
0,5,28,55,29,85,10,94,61,41,32,63,94,94,49,77,28,88,17,22,19,82,94,73,97,60,68,35,68,62,1,90,22,49,89,27,10,79,92,96,68,75,35,95,30,36,76,77,40,88,63,89,92,59,84,66,15,75,44,82,100,100,74,84,47,31,16,52,70,87,33,12,95,24,10,10,70,30,28,29,78,26,55,59,64,3,28,44,0,82,100,31,35,56,9,60,28,21,37,41
28,6,66,66,87,94,2,76,98,77,92,77,43,70,72,24,23,61,43,79,43,57,10,54,48,92,45,59,77,34,10,26,71,66,44,64,57,92,38,78,39,2,82,93,12,79,35,49,13,76,94,9,50,77,11,44,36,52,80,61,18,0,65,9,60,57,30,49,94,22,89,45,9,1,44,77,100,59,89,2,59,93,30,85,6,54,27,55,0,27,18,73,63,36,52,34,76,23,41,52
53,34,87,24,7,44,20,48,18,61,64,44,21,31,57,17,9,1,32,75,92,23,81,46,89,62,57,63,37,69,50,72,81,44,22,9,80,63,40,69,18,45,33,88,89,76,23,62,99,77,57,3,95,89,31,3,61,34,7,65,0,31,53,21,59,82,35,57,83,47,13,82,30,100,15,31,81,53,82,41,59,63,51,87,48,40,37,88,87,66,100,43,75,63,37,73,3,50,6,58
89,94,11,37,13,9,35,59,85,24,91,68,46,29,48,2,100,36,58,57,42,89,54,89,66,89,32,43,69,64,87,12,91,44,99,48,66,70,67,11,78,12,33,97,48,81,35,53,25,44,83,37,11,49,25,61,38,100,76,18,33,58,59,50,9,78,69,77,67,85,28,93,85,36,51,3,13,72,11,13,45,28,20,72,69,63,56,27,44,35,96,3,15,71,92,52,13,9,75,59
15,4,14,26,4,84,100,8,54,68,12,50,74,54,86,9,47,52,30,52,87,25,5,72,30,85,16,28,57,44,32,3,83,50,70,93,25,60,80,27,61,39,4,61,77,19,7,19,30,96,7,34,24,26,44,93,81,83,67,48,6,81,40,20,75,6,26,84,63,54,52,93,57,51,82,35,6,67,98,70,24,13,26,79,30,45,32,22,52,56,64,78,18,36,37,43,25,60,7,88
94,67,78,55,29,3,76,57,3,76,96,78,12,46,54,41,68,64,51,24,31,70,98,77,89,14,1,72,18,77,17,60,51,88,27,86,93,23,40,98,42,2,62,44,36,17,26,21,90,32,99,14,50,8,32,12,72,32,32,79,5,80,87,38,26,7,22,91,97,91,10,90,68,46,34,80,88,20,9,10,61,56,69,15,42,53,10,36,99,50,85,92,44,87,61,60,16,81,53,9
73,88,41,5,58,95,57,30,28,56,30,15,73,19,35,83,70,57,6,66,73,13,1,35,82,13,100,87,29,100,81,78,80,68,83,29,72,77,57,24,0,54,57,76,57,73,90,71,82,59,74,86,88,40,30,92,1,2,42,94,0,76,44,23,26,57,31,21,25,15,35,65,71,50,93,61,16,48,22,43,57,80,54,13,8,35,27,16,21,95,11,56,82,16,98,21,82,67,63,54
47,16,11,21,19,56,33,29,17,83,73,71,66,64,79,27,0,61,51,33,46,35,44,57,54,61,92,53,13,93,35,81,96,27,18,88,5,72,58,16,38,41,42,20,47,17,19,96,6,22,84,87,30,68,65,16,68,73,57,17,1,96,65,78,65,0,17,39,35,87,74,31,39,41,56,18,44,29,2,12,42,25,54,25,83,4,65,75,72,56,83,82,17,11,40,26,82,85,52,56
60,97,92,30,59,50,28,39,35,65,5,70,71,94,35,25,88,13,44,1,40,66,12,52,88,68,46,83,15,38,25,73,40,42,84,61,70,14,22,85,21,5,70,61,8,49,54,13,27,77,28,27,39,92,99,42,72,40,5,49,60,58,68,76,36,90,60,52,64,71,94,18,19,71,37,79,80,73,46,83,8,95,54,30,68,45,91,50,59,24,75,35,11,82,10,24,77,61,24,42
68,30,76,14,58,10,34,60,39,91,6,35,28,66,11,15,42,2,89,37,88,91,28,44,99,59,6,81,17,35,23,82,28,11,86,75,21,85,19,18,72,86,56,63,87,15,79,6,26,21,92,57,5,79,48,6,77,63,43,25,92,66,11,82,72,59,27,45,22,42,45,96,27,13,98,66,23,52,19,26,50,60,75,72,79,46,22,80,15,41,74,55,67,77,88,6,99,36,14,13
77,79,18,13,94,80,43,36,29,18,96,25,52,37,85,82,34,92,81,50,80,24,19,79,93,69,79,48,60,36,3,46,76,2,30,34,71,51,88,67,85,15,91,89,44,65,22,94,46,76,88,70,53,45,82,66,60,91,35,21,26,72,56,52,16,74,85,50,47,58,68,42,37,18,66,89,10,24,35,82,42,58,89,89,47,92,61,49,69,91,93,55,39,63,63,20,20,75,66,23
37,29,49,60,72,92,59,82,59,62,45,37,3,58,22,12,90,15,6,33,61,7,77,24,5,9,39,97,50,79,98,7,5,10,37,100,45,63,40,73,9,74,15,17,93,3,70,76,5,99,99,20,1,70,69,45,62,0,35,75,12,39,33,67,30,1,90,4,12,54,41,1,36,53,18,13,68,100,75,43,97,100,30,17,60,12,49,37,28,81,3,39,69,55,84,21,72,68,63,70
83,22,0,9,52,46,3,50,1,16,76,20,30,78,17,94,64,10,49,95,24,42,35,93,0,34,0,45,1,31,24,76,62,98,29,3,3,0,50,24,44,28,8,56,94,19,81,47,4,16,82,77,89,97,14,48,89,17,99,92,2,45,92,76,23,25,27,34,97,78,91,62,76,10,74,77,23,100,32,79,17,50,31,94,93,72,60,62,7,30,59,79,77,91,92,82,20,38,23,91
62,98,35,45,12,6,13,33,76,76,35,69,73,81,2,38,61,34,38,46,12,3,36,1,63,58,68,88,60,29,39,86,58,19,50,74,9,96,88,66,27,35,2,65,57,57,23,38,36,4,12,9,92,76,78,45,40,24,19,72,67,31,6,16,13,26,27,94,24,52,32,82,70,89,37,43,99,23,87,68,4,70,50,24,56,6,89,50,67,76,57,32,89,99,9,59,51,9,24,92
94,69,94,95,61,95,53,23,94,25,13,28,16,4,5,66,9,100,95,53,55,2,30,66,55,37,34,92,93,47,45,5,37,47,22,18,77,16,90,28,0,93,68,32,92,71,82,72,19,0,81,43,22,84,21,0,91,8,2,91,52,49,4,93,62,60,3,99,95,90,92,51,71,80,56,32,97,1,15,68,11,11,14,81,49,29,3,83,85,87,81,8,35,52,14,32,47,95,0,62
24,72,11,16,54,15,7,77,48,35,81,97,55,70,74,47,35,26,21,52,18,40,38,27,39,5,75,62,53,74,37,16,72,99,73,6,70,74,8,51,45,57,90,99,37,52,30,75,41,80,23,69,8,66,91,58,51,13,79,91,14,26,97,75,5,3,28,16,92,26,96,19,91,97,56,34,28,57,96,50,29,82,11,7,24,41,80,78,53,37,11,42,42,63,60,5,37,59,47,36
30,77,9,89,16,0,47,2,63,34,68,46,96,52,36,18,65,55,83,83,34,52,88,76,64,74,41,65,36,32,60,9,86,34,75,73,8,13,75,13,28,19,90,8,53,27,89,1,46,44,47,5,32,12,28,23,66,26,40,82,1,69,79,27,17,91,24,27,30,16,2,96,22,97,76,47,19,58,6,1,56,31,53,84,24,53,61,55,76,92,4,12,27,73,43,41,66,64,86,5
32,79,27,54,85,72,7,26,66,38,69,70,42,76,96,16,32,91,3,35,7,18,81,99,41,22,55,75,37,68,26,60,49,13,19,46,70,53,62,75,43,40,14,75,16,8,20,87,99,90,45,10,73,53,71,88,24,92,70,63,43,35,12,94,18,45,68,39,18,39,23,56,60,64,26,96,66,76,26,100,15,40,70,72,16,83,12,10,52,73,47,12,82,87,92,46,26,94,49,86
8,26,83,55,79,54,0,33,11,100,32,42,15,62,96,71,48,23,95,76,63,35,38,54,15,2,38,87,15,21,69,51,89,40,56,12,98,8,45,53,89,8,16,7,88,86,23,19,74,20,21,72,99,47,96,65,28,85,2,52,57,42,73,92,65,93,12,12,64,59,93,95,58,55,83,56,15,70,81,25,99,60,2,48,80,37,99,82,26,66,19,97,11,75,94,37,91,98,32,66
20,72,83,41,5,29,38,48,87,68,55,78,41,78,60,89,87,65,16,90,47,72,94,29,46,71,3,95,43,1,68,16,71,15,66,80,82,62,59,37,37,60,41,23,78,85,89,99,81,31,23,98,1,20,42,86,96,62,27,7,22,32,6,49,63,24,65,27,54,46,36,21,40,35,85,37,6,52,97,11,66,60,83,45,22,89,35,24,93,50,19,83,62,95,84,59,33,64,67,55
44,16,21,97,44,88,92,64,50,15,91,26,9,89,25,96,4,2,77,5,52,85,4,53,46,0,40,18,7,56,80,65,36,52,0,8,55,33,2,66,14,65,14,90,28,24,31,10,39,92,16,52,18,44,0,1,17,9,39,50,50,99,38,91,59,40,38,23,3,55,58,19,61,30,37,97,37,84,64,39,98,88,44,24,5,31,26,19,49,55,16,77,62,96,6,64,21,98,62,50
4,42,15,60,0,4,79,68,38,50,80,84,35,71,16,25,82,9,72,39,35,1,14,29,95,22,98,9,87,3,94,6,49,24,77,54,16,4,43,16,8,36,51,85,83,89,92,74,46,39,15,22,95,3,67,84,70,4,1,32,81,69,15,44,66,39,80,89,8,53,37,100,76,14,50,12,33,58,67,74,63,28,38,60,41,41,92,15,34,77,39,57,57,30,3,1,79,94,13,22
4,99,82,77,72,45,87,19,32,93,18,59,18,2,72,79,15,88,51,45,56,87,17,40,74,85,75,8,9,51,81,17,70,49,46,52,40,11,79,10,30,46,100,71,56,8,22,98,100,59,94,84,95,9,34,31,17,34,15,1,68,60,82,54,7,8,82,57,20,78,56,65,10,99,33,1,84,56,5,41,94,20,83,58,34,90,73,29,24,40,97,41,11,21,12,52,45,86,11,50
87,30,52,23,84,72,93,13,74,34,48,99,36,58,91,90,62,35,91,66,54,56,25,13,52,90,34,15,70,61,77,65,30,96,11,21,47,0,57,72,46,74,88,72,18,84,11,11,83,0,81,21,17,36,54,85,48,50,84,47,75,95,70,13,82,93,75,5,19,100,35,71,0,94,31,72,19,85,63,70,71,3,44,55,81,42,28,3,85,57,79,82,89,31,26,74,99,24,95,92
81,4,82,68,77,58,71,63,78,9,96,60,14,58,80,86,81,83,39,20,100,54,39,13,31,84,23,22,75,40,29,78,76,14,76,20,59,37,47,51,42,93,16,50,73,97,52,70,66,100,31,48,26,89,58,71,63,95,35,22,75,19,73,97,1,65,5,3,77,19,10,37,61,1,86,84,44,6,46,54,15,84,92,55,57,58,81,49,91,41,82,34,30,81,21,6,36,57,43,29
17,37,91,44,92,46,50,6,59,36,6,35,66,93,54,100,58,19,31,72,19,74,45,87,45,19,99,85,3,82,25,49,51,40,84,94,29,76,70,46,5,45,18,100,90,9,30,50,9,81,99,42,79,79,72,13,65,75,8,36,48,78,30,84,88,58,10,75,58,72,60,76,28,8,91,51,28,38,30,5,14,16,28,86,11,73,8,97,92,21,19,47,91,4,13,94,76,73,24,65
96,94,19,3,82,20,76,66,44,44,56,59,75,24,80,36,69,57,59,42,79,29,31,26,23,58,71,41,51,61,24,67,81,32,22,3,20,98,36,67,4,97,93,0,17,52,90,0,99,64,12,80,53,81,49,21,83,40,56,18,18,87,34,66,18,35,50,22,100,60,42,51,2,68,9,83,92,62,56,93,10,32,45,89,32,61,17,31,99,39,57,27,98,13,90,77,51,88,19,59
47,34,40,99,24,75,10,68,38,17,57,52,49,99,7,13,93,45,86,7,73,59,2,56,36,10,46,15,70,62,67,20,16,55,15,57,83,69,36,52,24,42,98,48,84,14,64,58,98,89,85,11,96,81,94,89,82,59,21,23,59,13,94,45,15,9,99,11,92,46,26,74,15,44,31,73,96,81,63,19,64,92,29,63,30,28,60,18,52,14,30,63,85,65,0,98,93,50,78,66
49,97,68,44,25,86,59,84,13,64,59,79,76,92,3,35,14,15,18,13,44,35,95,12,10,31,42,80,2,73,35,86,25,89,10,35,97,32,66,14,58,24,78,60,39,10,100,60,59,17,68,85,65,51,45,94,94,96,27,36,93,5,66,93,9,80,33,45,45,93,29,45,98,62,41,96,72,39,86,87,31,55,77,75,18,67,75,8,98,5,90,28,23,95,71,15,55,70,53,63
98,4,45,36,62,6,68,50,96,10,96,69,69,66,18,39,20,93,69,93,31,50,32,73,76,76,78,96,74,71,41,44,39,43,81,19,6,27,42,100,97,55,25,67,18,25,28,1,85,3,89,6,94,2,4,58,8,53,14,32,42,45,37,84,19,37,7,39,0,99,100,67,87,27,2,62,25,16,47,39,58,59,94,10,94,29,21,32,75,17,90,69,4,18,42,70,72,24,100,52
87,51,38,77,58,18,54,1,19,39,64,38,1,88,59,97,71,28,92,8,40,30,56,89,23,62,58,85,8,70,91,74,54,96,4,70,51,49,20,56,6,33,91,78,81,43,69,59,41,24,87,5,81,72,38,60,46,78,69,24,61,41,74,36,88,37,90,99,98,39,39,86,73,62,69,18,80,54,30,45,50,89,62,91,3,85,15,93,13,6,84,31,69,37,5,25,54,88,42,13
33,59,71,9,57,40,79,5,32,16,30,58,10,84,64,58,48,32,24,40,56,86,97,30,73,27,5,13,100,42,12,11,10,60,54,74,31,57,40,66,76,67,44,84,16,64,80,80,28,59,84,32,32,60,54,41,10,49,77,59,21,98,66,30,65,2,34,88,36,20,38,80,40,79,24,43,0,30,71,59,97,36,56,9,15,96,64,92,30,6,47,100,96,8,11,57,90,89,41,19
39,75,47,58,56,48,48,82,65,58,67,30,75,56,55,32,13,11,50,61,69,28,60,78,66,76,36,12,57,91,46,55,29,56,4,89,95,82,54,75,15,25,80,42,8,21,85,73,97,55,55,74,56,94,10,27,8,66,18,64,69,53,44,77,79,97,75,20,84,14,48,98,14,100,0,44,40,21,39,58,13,57,66,42,7,72,86,55,52,11,93,95,71,48,39,62,25,76,11,82
6,0,22,25,45,90,43,7,49,69,89,100,25,11,53,62,46,44,94,49,91,43,70,55,87,3,50,48,20,45,68,92,45,1,24,12,1,62,42,71,57,24,75,64,91,89,59,39,64,60,33,45,78,59,48,89,36,66,30,98,59,46,12,39,13,84,49,28,68,32,49,40,8,6,5,86,53,17,42,69,5,65,21,39,73,48,86,88,26,40,22,84,45,57,13,16,83,67,69,6
19,20,75,74,7,35,61,1,38,71,8,68,15,59,27,31,0,65,67,95,99,78,47,89,13,53,50,28,26,21,73,76,6,99,89,24,53,65,17,78,88,60,87,13,95,94,50,41,1,34,18,89,53,57,83,36,95,1,38,88,79,37,38,10,66,28,33,60,74,20,95,46,58,79,34,33,54,95,27,35,98,98,46,52,91,30,39,80,52,10,89,75,40,35,96,45,83,74,54,22
25,82,3,86,0,32,1,60,100,12,44,20,67,14,71,80,14,76,9,57,51,38,59,11,54,100,32,62,39,21,55,88,2,36,36,97,22,28,63,37,98,85,66,52,84,63,29,16,62,47,14,77,40,58,62,83,2,99,43,25,19,93,91,14,60,16,54,63,59,22,37,64,39,58,75,19,32,75,73,32,49,98,1,90,12,38,87,11,54,45,100,46,66,49,31,12,76,61,70,95
59,23,1,33,11,99,36,40,44,36,38,8,77,78,75,100,11,27,50,63,63,59,21,34,18,7,30,18,60,7,81,38,98,20,70,76,26,15,3,48,58,76,85,68,86,11,9,72,49,13,82,11,2,0,86,32,5,78,35,72,66,97,35,26,39,16,4,69,19,98,94,33,45,41,73,83,13,100,64,31,85,52,58,26,48,67,82,82,26,66,26,89,17,65,14,47,11,75,30,2
92,97,36,70,85,74,16,79,32,4,8,81,47,23,59,41,43,18,34,94,90,37,58,25,65,65,64,29,80,97,48,33,67,53,68,92,10,63,99,18,54,49,34,11,17,58,79,10,95,76,49,94,41,34,39,13,8,61,87,62,43,53,62,36,47,2,4,84,82,27,72,5,100,33,65,66,57,13,89,74,35,66,89,58,37,40,84,57,9,79,50,94,49,24,58,53,72,85,49,2
53,86,44,77,78,79,93,98,71,89,25,46,34,75,2,72,84,78,54,78,75,18,77,85,84,59,59,93,66,43,58,28,73,54,24,84,60,57,71,90,71,41,15,62,75,52,50,76,13,13,21,64,67,68,43,4,68,53,56,64,74,92,30,25,37,94,90,93,79,42,77,74,56,55,0,85,95,12,66,25,52,44,16,37,59,19,58,89,51,84,18,11,0,30,56,9,4,43,39,49
41,3,8,52,58,54,0,13,70,8,16,94,4,14,74,47,5,68,79,53,31,87,94,55,5,84,45,24,77,13,38,82,97,15,73,89,83,65,61,90,100,56,17,30,9,66,86,68,95,29,54,29,84,42,53,67,25,65,6,9,60,89,17,52,96,95,7,85,82,77,88,53,21,14,86,54,79,46,3,9,73,82,28,79,34,25,40,34,91,87,51,17,65,57,38,14,77,37,93,31
81,77,41,59,2,92,41,48,1,73,79,17,50,68,84,10,63,43,21,45,14,52,8,31,14,21,2,34,55,89,75,41,77,43,74,64,91,62,38,20,47,74,63,88,66,63,60,71,34,81,86,3,81,62,38,48,44,98,74,13,12,10,84,41,64,26,85,65,75,42,71,44,4,68,42,24,49,17,85,6,64,8,5,40,26,62,39,45,61,72,99,97,0,94,6,73,46,29,41,72
51,87,35,30,48,82,19,55,96,92,43,41,77,67,45,18,91,51,35,61,98,70,22,26,88,95,74,52,43,42,5,9,44,54,65,46,45,34,36,53,79,66,30,29,67,2,49,91,15,30,99,1,25,78,22,53,56,79,60,63,86,30,93,29,17,3,84,75,7,7,79,65,2,66,99,50,45,42,11,48,53,5,47,2,59,36,77,89,40,8,66,29,51,80,22,44,51,52,74,44
95,35,7,96,97,16,67,95,68,3,46,29,98,40,92,100,32,94,43,2,44,47,14,35,93,56,43,83,6,41,39,95,52,95,69,72,40,98,79,96,16,9,26,38,38,24,55,28,76,27,41,52,68,18,31,90,26,51,14,47,14,62,27,11,12,22,5,99,1,53,54,69,94,29,47,14,64,20,66,71,97,69,50,69,76,82,80,10,49,99,17,16,69,24,85,41,5,28,54,44
98,22,8,16,49,75,47,0,81,45,38,50,72,26,45,84,66,63,27,90,16,25,74,8,8,26,48,29,42,8,72,61,100,4,90,31,30,5,38,83,67,56,66,56,18,75,68,12,30,13,58,25,64,82,96,57,70,57,12,6,54,24,91,97,89,30,53,25,64,49,93,91,54,21,78,79,18,4,34,18,52,25,61,68,60,16,48,88,31,78,58,59,10,40,4,75,86,90,71,89
48,94,61,1,97,65,73,82,77,16,14,35,52,98,25,52,93,74,47,72,72,5,73,99,17,47,88,97,19,82,21,21,32,42,60,90,87,23,1,71,53,53,94,11,31,18,43,85,46,59,76,3,64,36,41,14,46,22,49,12,21,96,50,49,24,64,95,95,50,87,44,30,10,50,4,82,87,44,48,15,10,31,83,59,99,94,52,51,89,58,42,7,28,94,92,52,24,73,67,98
25,100,3,90,10,58,26,22,87,70,99,34,27,60,2,28,59,60,97,34,62,52,79,33,58,51,29,89,34,92,63,0,34,62,28,26,46,64,95,84,45,24,75,32,49,98,34,39,59,57,29,5,37,57,95,33,55,69,95,37,58,89,97,29,35,45,17,1,18,25,23,44,39,55,68,99,97,49,92,93,44,42,61,5,18,29,9,28,29,41,50,35,62,12,100,100,42,65,31,11