18,15,57,30,94,23,70,34,17,14,39,20,79,51,32,68,2,0,70,89,50,60,69,42,34,15,14,81,52,11,9,40,20,6,87,64,88,61,70,10,24,45,55,60,0,6,16,77,22,97,46,23,27,52,78,92,32,69,39,88,28,28,88,37,58,15,3,73,19,64,83,83,80,52,27,1,6,19,0,2,23,22,80,8,72,34,71,81,69,99,70,50,24,4,24,94,0,14,78,7
83,88,49,79,77,65,67,1,83,96,11,100,100,47,44,21,15,20,97,7,91,60,51,39,38,62,50,70,87,34,33,39,76,70,56,41,91,39,69,65,22,87,46,2,43,76,23,3,95,87,2,73,78,9,71,72,68,74,96,94,74,81,70,63,74,75,22,70,43,42,24,88,82,52,79,62,5,4,73,9,29,31,66,27,45,48,10,87,79,63,86,6,23,83,13,42,38,72,44,48
23,70,25,24,73,77,14,94,98,82,32,73,9,49,25,88,99,24,25,21,83,63,56,21,47,96,71,61,98,65,17,33,31,2,11,48,55,7,32,49,84,65,60,38,44,23,63,80,23,29,14,87,86,66,8,66,78,24,34,31,29,62,74,89,42,62,33,86,97,62,8,83,72,68,72,24,15,84,73,10,59,30,41,11,17,70,80,57,12,30,38,99,44,25,85,82,74,82,51,6
43,90,94,83,91,77,2,46,91,36,69,39,10,18,33,18,7,76,94,87,55,25,73,54,69,46,65,49,90,0,71,100,96,23,31,96,82,54,9,48,43,43,63,11,26,56,70,100,3,66,18,26,46,20,8,79,50,64,84,22,7,74,14,72,74,96,57,31,8,80,33,34,11,29,90,90,1,82,12,54,2,10,14,42,100,48,77,35,6,56,36,30,90,60,16,66,85,8,81,7
55,2,10,5,17,16,13,17,82,58,74,13,75,7,16,42,57,60,31,20,32,45,60,47,100,82,85,11,44,74,33,80,100,11,76,20,93,34,78,51,87,49,80,18,3,46,24,67,87,40,46,82,57,60,99,34,73,62,57,22,12,81,60,60,94,80,63,27,75,48,74,64,21,97,2,33,53,74,92,5,20,52,32,63,97,44,4,52,3,78,28,32,69,67,16,70,73,20,67,67
26,47,54,61,79,99,38,53,40,42,93,73,34,78,52,28,42,6,52,94,36,100,56,23,63,64,34,90,32,56,65,50,44,3,94,87,54,75,56,56,22,52,1,58,60,46,31,28,35,91,26,95,77,21,31,85,83,31,15,87,54,61,56,45,23,94,88,89,65,34,16,55,21,90,64,21,15,52,3,58,63,14,59,42,66,72,29,32,12,94,63,36,75,72,88,60,40,85,22,88
87,16,37,10,88,10,60,6,90,40,14,65,76,81,4,88,86,13,64,74,72,37,85,60,77,62,98,7,6,38,60,81,54,93,5,43,92,54,60,91,83,92,12,84,45,83,40,84,48,63,5,71,0,82,50,79,54,34,80,16,90,82,34,93,13,34,17,13,23,79,17,25,70,52,67,25,62,8,37,8,5,61,39,85,73,89,65,9,64,91,43,42,32,68,93,36,81,46,61,71
81,73,20,98,3,1,97,39,82,26,26,73,92,12,15,69,94,59,10,32,70,23,78,93,80,28,5,62,82,41,78,98,10,42,57,13,61,92,39,44,97,17,54,73,24,62,23,6,31,0,36,63,66,1,0,62,53,42,5,76,11,93,85,49,28,15,67,37,67,26,70,65,95,89,79,67,99,91,43,82,39,65,13,18,96,46,84,56,73,63,20,85,21,38,6,77,56,39,13,11
9,44,22,85,10,33,83,82,98,76,8,64,20,66,12,51,30,11,12,29,97,17,0,54,23,33,97,75,1,22,5,95,60,60,35,36,69,51,6,60,88,66,14,37,30,10,90,6,78,66,29,57,43,22,27,53,21,19,16,62,63,88,34,66,77,82,81,93,2,59,89,25,27,62,31,15,22,45,99,19,52,97,48,80,29,0,76,38,56,68,30,25,59,16,95,23,56,67,81,57
94,79,89,3,65,40,23,8,93,56,41,21,38,50,37,33,38,63,25,21,92,73,5,40,60,51,22,26,90,0,49,75,73,48,17,43,76,82,55,94,87,27,28,49,25,29,48,39,16,47,56,61,48,100,59,28,31,12,35,77,17,34,41,48,39,61,97,51,92,81,53,55,8,8,25,54,60,9,57,79,22,84,80,61,91,11,35,31,1,67,21,44,69,11,78,91,54,21,74,82
14,2,17,88,13,24,68,89,37,38,42,96,35,47,67,68,69,79,3,29,81,54,47,55,22,63,27,47,84,11,15,86,23,36,30,8,59,57,0,45,36,39,55,8,0,31,38,78,5,97,30,0,67,6,43,47,6,63,63,55,28,46,40,44,96,4,61,35,18,16,58,66,72,73,23,33,61,73,79,67,94,66,89,44,10,52,96,76,8,64,31,20,46,86,93,2,2,42,92,52
6,46,98,78,40,15,12,59,11,0,68,64,20,41,37,68,100,81,5,1,73,9,22,76,14,57,58,92,10,46,100,4,83,62,24,68,68,53,71,88,35,5,68,11,58,81,62,4,24,75,42,44,99,48,98,67,8,29,3,70,40,4,68,13,10,9,10,9,19,90,73,49,17,15,67,79,94,6,87,78,20,95,38,13,62,52,72,45,62,16,51,44,67,7,79,83,18,95,50,63
31,97,64,20,67,72,74,90,98,16,64,18,53,89,68,97,64,34,49,97,18,40,53,66,4,85,31,98,51,94,57,21,46,73,20,56,7,58,99,5,95,37,73,66,87,34,22,7,78,45,59,9,7,68,47,68,80,0,9,20,99,53,40,35,99,46,22,20,90,99,14,20,71,60,36,52,43,33,25,5,45,9,62,19,20,54,33,72,42,91,4,69,53,62,87,100,38,33,30,31
52,5,9,82,41,42,48,63,75,84,16,69,11,88,29,27,9,91,93,51,1,10,10,0,15,23,73,74,86,21,8,47,34,76,89,41,67,19,65,7,66,82,4,92,57,61,64,59,71,27,88,81,69,37,78,84,15,88,37,83,20,56,58,74,64,15,24,4,54,82,54,32,44,94,96,73,51,58,35,94,89,11,75,57,74,99,31,80,14,94,12,2,50,47,78,14,85,80,41,48
78,45,72,74,50,22,6,5,93,46,51,36,80,96,86,1,20,42,50,89,23,2,33,79,62,52,47,71,67,57,66,11,21,27,14,76,38,94,99,68,66,36,44,92,17,24,27,88,51,27,97,71,2,6,10,22,79,80,20,12,1,53,80,79,27,59,92,24,18,23,14,81,22,18,79,72,84,61,13,50,5,21,39,32,42,88,87,95,48,19,20,54,64,4,96,75,25,29,49,49
16,74,71,25,68,47,23,78,58,35,5,47,53,38,89,63,56,94,73,85,67,54,39,83,58,21,37,99,69,1,2,27,83,99,44,51,29,64,98,40,85,41,35,68,54,21,76,26,100,1,5,43,17,47,84,17,45,85,43,40,30,29,94,78,33,18,33,56,33,15,57,80,98,87,14,24,6,85,14,0,4,43,66,26,23,11,13,55,42,68,76,38,74,25,38,39,100,88,37,62
51,34,9,56,64,23,56,71,59,69,60,75,97,49,56,8,27,18,72,0,50,1,14,82,46,44,14,57,20,46,34,0,71,38,76,38,24,30,98,67,30,82,60,28,14,80,45,98,56,79,1,8,2,41,33,69,34,70,80,90,86,17,67,52,79,99,4,58,70,6,8,30,56,73,0,24,22,85,42,87,9,36,33,72,77,35,58,63,88,37,58,67,11,45,61,58,49,100,71,96
47,44,73,0,38,50,63,20,58,99,87,57,96,83,33,97,12,14,12,27,97,27,27,23,51,89,95,6,98,25,48,63,73,61,37,92,52,43,14,27,66,23,35,71,29,4,9,67,48,29,14,77,32,55,9,49,7,14,33,13,56,69,15,1,98,0,42,92,9,30,29,2,89,43,85,67,43,93,88,79,36,86,99,98,16,93,3,70,10,1,48,88,100,2,92,17,62,16,70,21
90,54,86,99,46,7,35,85,18,87,62,82,86,34,95,73,57,23,30,78,49,57,12,30,37,63,68,18,42,66,37,5,13,0,15,7,76,76,26,13,88,79,47,3,40,6,68,45,57,67,58,100,52,82,100,1,31,43,55,42,81,60,14,79,51,35,97,51,52,45,77,72,58,27,42,6,90,24,93,24,78,53,93,46,0,28,20,5,80,84,17,36,91,26,52,4,2,7,6,50
30,71,94,93,54,41,0,95,11,16,85,92,78,83,74,45,58,57,99,93,92,85,46,50,12,16,22,56,19,38,9,15,25,52,94,19,88,63,80,88,76,100,20,10,9,44,43,10,10,74,69,92,43,60,76,38,71,0,36,14,62,72,27,51,13,37,37,74,65,100,71,59,86,93,15,53,94,22,78,15,92,39,14,70,58,62,61,16,34,17,44,65,36,41,71,74,52,25,80,83
72,82,79,69,15,52,99,82,18,61,24,87,95,20,24,37,27,38,24,27,33,23,88,64,54,49,25,20,69,46,36,5,64,21,95,60,58,31,32,88,57,44,32,24,73,70,45,80,36,5,96,1,14,1,26,34,15,7,98,62,25,49,67,77,69,85,38,55,5,93,8,43,9,33,16,90,19,28,57,56,84,21,73,95,86,89,92,97,65,48,90,75,21,21,25,100,5,13,97,18
97,54,67,34,85,71,54,4,37,83,55,69,53,20,35,44,83,50,32,31,25,80,93,36,84,20,12,99,97,50,95,69,18,96,90,72,7,66,68,16,91,76,37,37,79,53,96,63,11,61,1,26,93,49,21,85,21,43,81,5,19,36,86,60,10,12,54,37,4,62,84,90,87,38,4,42,64,3,0,99,26,77,3,29,88,49,4,7,3,33,65,78,3,3,80,38,76,10,98,22
52,65,73,33,83,20,40,18,90,96,13,82,78,64,16,5,85,90,72,6,51,68,72,24,34,89,94,61,41,65,88,20,70,18,72,21,28,20,25,52,65,13,6,25,34,78,34,87,24,63,25,71,72,70,71,33,41,48,12,83,3,50,73,16,46,96,30,38,86,84,87,27,19,32,77,67,59,12,38,68,26,10,68,9,6,31,6,5,29,0,27,74,84,16,61,58,13,65,31,23
80,30,96,41,54,70,28,26,45,1,50,62,92,50,93,13,11,42,51,46,58,8,68,19,96,49,15,85,47,72,81,71,35,95,66,16,38,35,65,92,83,30,11,50,52,40,12,36,7,81,86,80,26,29,1,75,54,91,63,85,81,79,14,45,48,25,52,73,35,55,61,39,78,32,93,69,71,89,1,40,77,44,43,1,20,66,34,45,14,22,45,65,100,53,91,22,6,99,94,73
86,42,46,86,85,88,78,58,12,97,41,34,7,22,77,91,47,56,87,3,3,49,13,52,45,70,42,10,19,48,88,33,6,27,80,9,61,78,42,44,66,28,69,41,36,61,8,66,10,91,7,3,54,88,3,39,30,74,54,2,15,66,13,86,96,22,55,99,71,67,86,25,83,58,70,29,91,31,79,41,82,92,67,56,94,69,2,92,70,68,77,47,87,96,15,65,55,83,44,54
61,99,64,2,32,47,39,70,32,47,17,64,37,76,76,25,55,60,31,10,58,79,17,79,86,70,87,27,66,54,39,30,35,77,31,44,99,2,20,22,53,97,71,70,6,59,78,25,81,68,5,97,81,95,24,87,91,82,20,61,10,32,66,34,99,96,73,54,12,22,58,73,16,13,55,57,89,4,20,82,25,83,91,75,32,63,41,92,17,100,83,88,7,56,80,21,23,72,40,41
41,59,0,5,23,48,6,17,52,76,85,86,73,70,80,15,62,78,81,77,90,94,75,98,44,90,47,28,72,64,99,55,67,14,88,73,54,73,81,3,38,15,21,49,34,26,75,62,89,58,37,46,83,97,7,97,48,64,73,28,68,66,74,70,54,24,3,52,45,16,11,82,69,1,3,70,16,72,44,58,41,92,52,64,47,90,22,44,75,30,83,78,9,5,31,24,80,62,35,81
82,51,11,5,66,18,86,27,46,78,29,69,35,21,42,15,84,74,89,90,6,70,54,54,51,12,11,62,27,81,3,44,0,75,52,0,72,79,65,24,6,21,51,13,10,5,12,63,74,39,21,79,91,85,71,19,47,4,18,33,61,9,16,64,79,73,46,29,17,53,15,31,20,76,36,14,95,54,61,49,34,38,100,9,89,46,21,31,46,64,99,18,4,24,0,37,94,63,74,44
56,85,8,31,37,78,25,13,66,10,99,82,26,75,66,52,15,45,73,28,72,45,21,9,71,45,67,45,52,40,25,60,52,50,73,11,65,55,91,27,83,3,54,21,83,13,84,7,18,94,55,38,67,4,40,40,74,87,82,83,0,10,96,55,77,61,51,2,42,43,4,40,12,50,86,64,8,43,2,78,44,8,76,26,88,1,65,99,80,78,52,10,62,8,69,38,47,37,86,81
6,25,39,20,0,15,34,6,21,3,54,59,23,31,19,43,90,61,61,11,74,73,63,87,64,82,90,52,6,11,43,1,17,88,79,77,72,73,14,42,12,2,7,5,83,70,10,53,68,43,65,76,29,11,38,55,76,94,96,70,79,21,45,25,3,93,84,63,2,12,88,87,82,0,59,4,66,45,64,13,64,26,43,64,45,87,71,75,86,15,33,21,73,14,59,63,95,83,91,95
53,33,96,64,38,90,30,68,66,51,67,78,68,52,13,9,26,100,28,49,43,1,86,77,67,90,96,0,97,5,39,9,80,35,97,99,29,91,97,69,59,21,38,48,24,29,24,22,91,59,8,48,31,25,19,100,90,13,6,47,64,8,50,14,75,77,38,90,74,26,69,9,68,90,7,51,81,22,5,98,7,13,53,48,41,91,24,51,89,89,49,50,49,65,23,77,27,92,99,30
96,53,79,51,59,47,46,14,26,34,80,65,99,43,94,68,90,85,71,95,9,27,54,95,61,40,14,55,45,67,41,46,10,60,69,28,79,83,79,47,83,24,57,80,27,50,86,12,10,47,11,74,54,19,88,42,3,30,85,15,73,35,81,68,28,60,68,43,48,37,75,79,12,60,23,85,13,72,41,17,100,70,16,100,86,45,66,13,91,53,83,72,81,77,82,62,44,9,39,16
71,9,57,74,79,66,7,8,95,46,49,23,34,55,23,79,71,40,69,17,57,23,0,2,64,45,0,93,67,57,92,36,12,15,89,83,58,18,73,91,12,77,88,82,69,94,92,20,25,68,17,92,59,80,86,1,88,46,69,99,7,50,11,51,38,88,90,68,86,40,21,42,31,44,43,65,52,74,8,21,49,97,17,58,35,50,65,89,87,87,74,18,29,68,38,14,26,15,40,54
0,25,57,66,70,92,61,42,79,25,42,95,71,34,60,50,68,89,24,6,51,31,90,69,74,83,27,65,33,84,53,48,58,65,0,16,13,57,95,70,54,25,86,89,63,96,79,72,40,18,2,92,20,7,10,87,22,64,17,35,83,9,77,69,44,22,24,37,95,83,45,51,0,23,67,91,89,30,14,14,21,23,14,86,90,77,68,63,27,12,71,24,57,9,37,0,32,37,41,32
70,83,73,83,43,50,53,69,3,17,81,50,9,3,35,54,77,17,42,0,0,75,14,27,4,30,30,42,99,83,66,35,57,65,12,74,29,59,93,53,80,15,76,64,45,79,65,8,70,56,3,14,37,95,61,17,6,52,75,69,91,98,45,52,59,69,92,13,67,73,70,79,89,38,90,95,90,0,40,13,53,59,75,8,55,33,38,99,24,72,80,75,75,90,90,60,54,64,71,84
57,37,30,75,72,46,94,45,37,42,9,95,16,31,81,1,38,1,48,88,58,90,32,72,30,81,7,67,20,73,28,23,7,97,19,99,21,91,6,19,38,89,73,100,85,19,81,97,39,72,37,34,43,65,12,8,76,15,25,73,47,80,91,71,75,99,80,5,30,48,9,4,48,84,32,2,0,38,57,78,98,34,44,9,97,100,82,27,45,6,12,21,92,83,38,42,3,28,34,88
68,55,93,86,98,43,92,21,43,51,69,11,62,53,74,14,5,15,62,34,42,51,15,12,66,62,60,42,59,1,31,70,76,100,13,77,50,11,23,74,5,88,56,35,95,6,7,54,83,51,21,44,22,21,84,35,67,47,72,13,17,88,99,80,9,25,41,50,50,76,7,57,21,22,21,91,55,40,97,16,78,56,20,55,41,33,73,92,18,36,78,64,67,30,28,20,97,44,61,21
31,27,24,73,62,2,96,55,3,71,30,78,42,19,50,38,47,15,69,26,38,93,10,94,46,62,71,5,25,49,89,86,56,7,13,56,4,24,60,61,56,68,40,84,38,36,13,69,77,52,39,100,41,16,56,72,6,0,64,84,32,8,12,29,73,56,31,53,35,63,5,78,28,56,7,78,98,1,56,47,27,19,4,32,79,62,73,71,19,58,62,69,86,11,51,96,14,29,12,67
16,76,58,75,7,15,7,61,82,100,89,72,8,71,91,3,34,32,87,4,82,100,87,58,23,40,18,31,94,1,93,13,15,48,52,98,95,67,80,77,36,91,32,81,50,43,27,80,31,20,74,65,37,11,82,11,0,91,76,27,26,57,51,8,85,24,9,51,17,26,89,78,65,55,0,47,14,93,16,72,45,71,40,21,45,72,94,29,43,64,14,11,74,83,62,29,67,44,62,21
95,31,24,94,30,34,15,72,91,53,29,85,90,0,69,7,37,90,46,42,22,40,63,35,29,47,22,9,89,28,98,27,20,32,69,0,12,2,82,32,55,33,46,15,5,63,78,45,96,88,43,95,45,15,38,82,23,25,78,69,76,55,37,59,35,92,22,32,34,35,47,75,70,42,30,45,70,62,16,82,70,94,100,18,70,64,39,81,14,69,36,70,52,5,43,99,14,68,6,29
46,44,18,19,60,2,3,11,49,14,94,59,41,9,13,69,65,12,63,37,7,40,57,95,43,59,11,99,32,71,58,58,99,93,2,99,47,91,88,52,88,51,24,9,76,33,22,18,31,62,35,35,14,29,84,15,99,30,82,13,82,80,16,86,8,17,37,82,95,32,89,80,82,75,59,5,38,36,29,79,97,72,54,73,37,87,94,75,11,86,19,98,75,55,100,82,43,32,39,3
50,62,41,33,50,33,3,97,94,10,43,29,94,7,48,5,95,40,98,68,94,78,74,64,55,100,74,95,43,23,24,20,85,90,100,49,37,55,58,70,13,78,12,79,65,69,98,86,56,88,41,54,13,13,26,51,6,79,73,18,39,93,48,27,52,21,31,12,33,6,7,33,76,47,34,73,55,41,7,39,0,13,89,61,12,23,8,54,83,6,48,22,40,5,11,30,97,62,60,22
30,56,99,47,94,82,64,99,61,95,4,23,67,58,15,72,20,95,28,93,36,38,83,34,40,46,29,60,8,11,100,8,84,47,75,11,18,64,74,90,93,90,24,66,91,97,30,12,96,92,72,31,13,51,16,23,30,12,38,24,52,97,47,44,50,41,22,41,59,13,12,5,52,67,76,54,60,75,50,63,85,7,89,95,16,42,95,4,76,61,59,88,69,79,35,72,15,43,50,3
85,68,64,8,100,92,96,47,72,71,96,9,100,14,15,82,82,19,37,12,66,98,82,73,12,94,61,51,63,53,38,55,73,91,62,55,55,16,23,4,25,77,56,72,88,29,2,32,44,53,58,99,4,74,97,100,91,50,37,23,75,44,35,41,78,36,20,67,61,10,58,62,94,25,9,99,3,64,56,28,87,81,41,55,99,39,31,4,81,47,82,57,26,26,91,78,100,30,64,18
86,91,95,43,4,91,87,83,68,99,48,21,79,86,95,10,56,48,2,30,6,60,7,62,59,99,81,81,14,40,60,11,84,93,13,77,23,21,26,87,63,14,34,3,96,16,52,53,28,55,16,74,97,100,8,11,92,86,65,72,96,25,43,24,72,73,69,56,86,17,13,50,41,22,38,73,90,38,73,99,40,94,86,88,77,20,10,84,26,5,43,36,15,98,13,89,13,5,93,90
87,91,44,52,52,68,23,44,9,4,45,11,20,42,67,67,83,84,3,76,77,32,100,18,82,80,34,20,65,16,24,83,36,91,97,43,66,61,61,29,37,83,40,84,41,13,69,67,83,7,25,50,58,95,71,57,36,48,44,9,76,70,43,35,59,12,94,8,60,30,12,91,53,20,27,34,48,61,22,65,6,63,39,72,65,49,41,21,12,27,40,86,81,90,81,86,17,31,63,66
45,76,50,64,27,61,53,51,21,28,44,39,39,58,31,32,5,95,8,67,20,55,59,67,48,26,93,23,9,100,90,5,67,15,43,31,47,31,57,67,82,64,96,64,83,98,72,38,82,65,61,29,84,68,30,41,85,32,69,90,98,65,36,38,69,80,93,36,75,21,19,46,51,8,64,2,61,0,30,2,78,40,83,57,54,49,10,75,35,4,35,58,16,16,99,29,19,70,20,37
17,95,99,83,20,48,14,23,45,19,90,85,21,25,25,57,75,40,49,68,76,62,66,69,33,75,41,35,93,50,38,96,90,45,9,84,51,23,67,52,21,63,83,11,35,16,46,100,46,72,33,50,58,40,78,98,84,67,71,11,9,70,46,71,29,31,83,43,92,98,32,73,13,55,97,3,34,98,79,54,51,95,25,37,86,16,88,69,64,3,89,0,68,32,99,37,75,21,92,52
63,90,97,80,71,72,42,53,28,73,25,74,98,1,64,34,77,28,29,39,51,56,2,36,16,82,76,34,20,33,35,84,38,100,52,47,79,68,47,8,76,88,39,73,69,50,79,98,9,45,71,33,89,42,26,63,18,40,68,84,40,32,71,20,80,92,81,6,20,62,19,58,83,59,71,71,4,35,77,50,7,13,4,65,66,0,28,79,87,37,82,50,29,9,47,80,22,54,92,16
30,92,69,52,15,2,15,91,85,86,72,99,25,94,22,19,40,82,28,65,26,48,2,23,18,42,32,68,28,52,90,51,10,52,34,70,7,59,42,54,28,44,8,70,95,66,11,7,60,17,53,84,22,77,90,10,12,98,2,0,19,11,90,59,43,10,20,24,51,81,97,20,8,62,80,26,67,38,18,61,46,20,16,34,75,73,1,81,4,24,83,74,12,43,43,0,17,3,67,37
33,51,32,84,66,66,18,81,20,87,15,8,53,7,34,98,43,9,24,16,87,34,16,63,58,97,12,76,83,22,42,45,60,75,84,26,62,18,44,35,98,72,41,50,40,23,51,64,29,64,6,74,16,14,45,8,28,28,85,81,1,45,42,65,99,73,31,3,45,61,74,13,61,84,24,99,95,28,91,43,13,72,79,60,53,41,91,11,90,12,85,53,7,32,55,2,48,31,63,16
63,29,94,82,76,14,20,16,92,81,44,38,84,1,4,34,77,46,81,39,93,11,41,18,5,80,17,53,70,15,92,2,51,64,40,52,89,16,2,73,72,76,28,74,60,64,36,62,58,44,54,64,99,57,78,71,31,17,66,13,62,70,35,67,86,1,42,100,9,72,62,93,96,20,89,43,41,85,40,45,39,43,0,54,91,16,63,98,3,87,34,78,97,50,95,85,92,45,74,5
12,88,60,17,52,51,71,89,71,99,4,3,7,69,15,40,40,29,97,97,61,21,48,8,66,1,89,20,41,28,17,29,61,87,57,59,58,58,91,69,97,52,0,18,14,0,22,95,75,54,23,29,92,23,21,33,79,69,40,15,11,32,67,52,35,32,96,45,56,55,17,37,41,29,61,75,53,92,31,10,18,60,13,1,94,41,9,57,18,0,66,11,41,80,8,20,43,95,68,58
80,19,60,5,35,45,21,52,83,88,49,49,1,93,69,38,38,69,48,72,64,25,32,83,2,29,91,99,98,1,44,63,57,83,9,95,62,40,54,11,50,61,82,18,12,33,56,74,77,18,43,57,100,14,90,37,90,52,45,54,41,42,30,90,0,27,75,59,28,92,98,97,3,99,26,12,61,54,26,99,3,9,97,27,21,96,31,39,73,53,35,38,57,100,17,3,0,45,93,1
59,76,85,12,35,38,27,91,24,86,28,64,24,80,67,28,6,68,90,50,85,14,2,28,5,2,90,54,3,12,52,17,76,92,1,20,94,96,38,39,16,84,87,65,37,98,46,57,98,22,86,93,92,18,93,48,23,39,5,75,39,94,47,68,67,75,1,86,85,49,78,61,69,55,39,17,93,93,83,93,19,13,95,43,63,42,6,57,8,56,90,68,100,80,94,32,64,86,96,66
77,81,0,6,94,81,74,0,11,81,84,59,34,56,93,88,64,65,94,63,13,82,96,88,95,35,84,77,58,88,90,25,31,74,59,5,25,72,81,83,58,100,4,58,24,86,57,33,59,44,49,10,34,78,83,98,87,85,13,49,35,85,80,90,30,73,2,38,0,44,37,68,55,74,88,23,30,82,72,34,49,66,40,45,4,88,17,54,37,75,60,47,50,45,50,63,18,80,54,9
60,52,93,89,28,69,96,73,58,69,73,96,96,52,82,91,58,16,95,65,8,90,88,41,7,94,24,53,46,43,85,68,96,50,77,2,89,82,4,97,100,63,16,64,76,48,65,51,25,15,50,78,18,69,51,61,45,56,7,7,96,98,67,3,72,6,16,92,1,88,20,95,39,26,66,90,28,20,52,60,31,80,4,85,47,11,50,96,14,71,30,71,0,57,96,32,55,63,78,15
88,40,37,88,88,17,81,36,25,43,25,22,1,59,71,4,14,35,23,58,89,81,1,48,93,40,91,44,85,42,20,35,65,3,9,27,85,74,45,7,44,100,49,84,76,28,61,28,74,98,57,38,89,89,25,84,65,5,13,17,50,39,32,89,36,17,3,62,50,75,8,6,53,14,76,77,55,71,69,79,30,59,8,74,61,64,10,46,64,95,43,77,5,27,9,74,96,62,27,72
83,14,90,15,27,24,80,91,99,24,9,98,2,51,78,2,29,32,0,15,82,40,66,7,69,29,89,12,5,9,57,9,99,56,40,49,93,34,59,93,76,68,66,36,73,27,68,10,73,52,6,11,84,19,60,69,31,42,61,69,68,14,14,67,46,80,54,17,27,38,24,63,86,3,93,54,14,10,51,90,50,11,56,74,8,13,96,55,49,10,94,5,9,35,97,60,11,93,64,89
33,11,96,47,72,41,72,50,57,9,46,6,40,79,8,39,79,17,61,76,7,78,34,66,73,10,79,21,79,14,90,43,99,65,10,67,58,40,26,48,49,5,74,83,43,85,22,19,56,7,76,30,96,98,32,47,46,13,26,12,89,4,65,51,75,33,36,52,98,1,27,56,39,31,26,72,22,65,49,88,29,37,32,85,33,18,56,7,43,76,67,19,54,12,32,4,26,97,27,47
45,2,24,66,11,48,3,35,61,26,80,25,83,71,95,19,15,53,43,25,66,6,87,44,79,9,11,68,22,50,34,52,20,86,89,51,27,55,46,35,58,32,37,31,88,45,19,11,90,9,3,48,99,36,21,100,4,64,37,46,87,7,60,78,47,68,9,26,54,47,57,43,59,97,87,48,9,4,91,61,67,5,3,31,11,21,52,13,76,27,74,66,65,64,40,58,74,49,71,38
54,14,27,37,71,2,77,86,47,12,50,13,97,61,77,76,21,98,36,100,58,61,53,78,7,83,60,42,50,90,1,61,45,11,3,26,25,66,25,51,47,31,53,63,25,22,55,27,79,91,28,26,35,81,75,36,49,17,55,17,26,57,43,45,16,55,16,7,45,20,41,31,33,58,91,98,50,52,39,22,50,97,2,21,95,26,73,6,76,81,30,10,22,17,90,11,25,97,36,23
67,30,41,54,0,23,4,90,60,97,37,44,69,41,28,49,83,86,92,64,1,28,88,67,26,43,15,42,20,5,82,54,11,48,78,70,21,57,34,92,98,23,83,90,90,30,91,40,97,33,15,89,17,32,51,18,43,62,93,95,58,37,67,68,76,21,23,17,12,72,75,84,87,9,66,59,54,75,5,38,70,19,62,93,79,74,37,61,60,44,86,23,88,83,3,3,31,10,98,57
38,20,66,44,32,54,94,3,64,70,51,57,1,78,78,24,97,16,87,58,71,13,10,39,47,41,14,61,54,78,57,100,95,58,72,81,14,3,63,86,85,24,48,3,77,83,70,20,90,15,20,66,20,99,86,79,94,79,39,50,71,38,86,89,36,57,82,89,25,26,39,40,77,9,94,24,69,46,93,26,91,67,1,72,11,23,95,89,9,18,12,52,78,62,56,31,80,58,3,21
84,71,85,97,23,32,56,12,56,71,60,60,3,1,75,62,93,38,26,87,89,46,55,84,100,95,4,87,88,41,66,85,39,15,29,64,45,33,73,53,63,77,29,44,30,82,44,74,15,31,88,72,70,50,17,54,54,87,92,63,29,94,81,47,38,71,64,56,50,5,14,81,72,95,65,61,30,86,73,60,70,99,82,75,17,34,98,54,57,96,45,36,42,41,32,3,24,91,73,89
22,90,67,32,14,37,96,64,92,32,60,62,90,100,88,12,31,90,52,8,9,48,72,34,83,27,91,81,51,56,61,14,56,61,65,3,51,64,3,23,24,47,99,95,77,46,83,60,75,66,81,95,48,64,47,97,54,22,100,81,34,73,26,19,98,96,55,13,66,97,27,34,50,1,32,40,29,25,36,27,18,86,32,24,83,28,84,22,15,89,82,21,75,84,19,2,78,74,42,69
51,21,59,44,59,24,37,100,19,84,66,59,56,7,12,100,26,23,5,72,74,16,83,82,10,38,62,41,2,21,8,34,10,61,35,56,37,76,81,96,42,91,56,41,19,20,29,19,83,62,39,61,100,73,33,66,22,48,75,7,84,50,50,84,81,24,7,27,77,25,41,86,13,52,23,8,21,65,62,44,57,2,44,17,8,41,54,15,7,51,72,3,87,46,63,99,100,60,20,70
88,29,38,41,15,78,21,48,42,45,37,66,42,69,45,95,74,70,100,9,18,57,74,95,49,23,100,52,35,89,1,90,14,18,36,93,55,11,37,77,0,3,57,99,1,41,70,74,78,97,59,40,27,99,81,61,26,54,53,66,20,24,84,49,1,55,64,84,25,56,32,63,18,84,31,17,63,47,53,6,99,43,9,42,63,87,90,80,68,18,67,1,67,86,85,14,97,45,29,34
67,87,20,8,20,85,30,3,93,98,81,53,58,30,64,60,26,1,30,29,53,93,42,4,10,61,90,14,64,22,29,11,44,54,5,31,58,44,6,81,20,37,100,6,13,57,6,85,26,86,42,100,3,90,36,78,45,41,55,83,38,5,61,50,64,18,41,20,96,20,44,94,50,8,7,100,87,13,9,72,88,48,35,63,69,12,5,39,73,60,9,85,79,58,68,54,65,26,68,61
42,10,37,5,44,82,44,82,98,29,52,65,54,32,73,78,47,9,54,88,30,51,70,28,21,39,12,12,36,85,69,95,70,83,80,60,15,29,22,25,57,25,14,25,25,86,4,100,15,36,3,44,5,96,18,14,55,31,48,19,96,89,63,8,10,40,89,7,15,63,80,42,65,9,17,100,23,61,3,46,11,92,96,16,24,93,45,32,62,36,5,89,65,84,31,28,86,87,74,21
4,84,67,26,91,35,96,89,11,36,90,66,20,97,78,11,52,37,24,45,63,81,95,15,60,88,8,63,42,14,59,80,75,55,39,56,27,49,14,87,25,53,78,91,54,38,98,37,81,12,76,97,1,8,49,61,19,86,7,88,70,45,29,98,15,81,69,25,12,52,16,95,48,39,18,37,31,98,21,66,31,85,21,97,81,26,8,17,72,80,29,5,65,20,38,43,30,75,85,49
70,73,31,11,49,76,17,81,50,95,44,58,36,2,36,43,75,73,42,31,88,58,17,48,34,35,97,84,3,30,70,48,65,27,46,68,46,32,55,21,13,32,27,72,7,9,83,55,59,54,70,14,10,27,74,6,63,38,35,94,31,53,64,22,73,28,28,16,46,10,4,14,37,58,26,66,88,50,39,15,18,54,53,59,78,62,50,73,92,44,28,26,50,9,59,38,97,97,98,14
4,29,23,4,63,64,55,99,49,55,60,58,50,94,80,77,57,44,80,35,47,7,16,0,71,57,73,64,58,65,80,49,46,2,84,30,12,19,29,76,57,82,8,33,84,71,30,49,43,81,35,9,44,24,91,18,17,81,49,43,72,22,33,22,85,21,1,30,45,40,29,57,25,66,92,35,55,86,94,66,70,11,39,97,99,26,79,23,88,0,65,17,59,9,50,48,75,52,68,26
98,27,82,16,33,80,17,41,11,40,89,58,62,26,55,83,100,98,85,49,7,66,38,39,43,57,30,54,11,37,55,50,55,12,67,90,31,28,33,8,0,8,27,100,56,6,78,26,12,20,70,93,54,67,98,36,96,77,79,68,67,8,25,60,86,21,17,17,42,70,88,53,19,34,82,81,13,66,5,16,15,26,64,66,46,84,58,9,24,2,65,78,60,65,47,45,61,64,32,17
23,1,29,15,79,30,60,9,35,79,46,100,91,68,13,67,40,58,49,14,94,92,39,36,50,99,13,91,10,13,65,34,25,20,44,5,19,6,47,21,61,51,2,7,31,15,63,33,42,27,59,89,93,65,13,20,89,92,26,48,28,17,46,5,12,42,34,11,9,73,94,45,8,44,81,27,98,76,47,2,27,63,8,30,46,80,55,77,28,67,83,85,40,66,55,53,5,11,19,84
63,64,52,52,33,36,91,27,42,11,82,14,15,98,89,14,97,47,63,11,76,3,80,96,20,13,56,3,47,48,12,33,13,14,79,97,85,78,36,93,56,19,51,27,80,54,26,54,56,34,66,4,65,38,3,27,80,67,54,14,1,35,28,15,21,45,51,77,25,35,78,59,84,14,53,96,44,13,20,58,34,15,90,18,12,13,46,56,27,4,5,97,64,1,91,95,1,96,86,73
88,45,84,53,10,54,62,45,3,25,24,91,37,72,59,44,49,58,24,13,43,19,8,66,42,23,82,72,33,89,73,98,60,37,75,0,23,15,14,97,13,40,83,66,87,2,61,51,73,27,29,44,76,0,80,90,94,11,14,76,8,50,13,58,30,86,28,73,10,9,99,46,50,52,61,86,30,37,77,86,15,53,25,65,54,96,86,97,4,90,71,44,51,46,42,37,80,46,58,12
40,0,18,19,30,74,94,48,68,33,96,9,64,37,88,83,3,41,34,29,14,98,51,92,45,15,8,81,76,25,80,19,37,71,2,72,67,19,9,20,38,61,62,61,0,16,10,68,70,21,81,86,84,36,58,96,68,17,60,91,51,68,39,9,81,88,88,48,31,89,9,46,73,100,23,42,43,90,94,77,9,84,85,80,98,23,32,21,6,77,4,24,39,8,33,3,85,78,80,79
35,21,62,46,89,98,76,78,62,97,35,35,55,79,22,91,19,58,28,70,19,73,68,66,14,1,61,11,16,56,95,81,12,13,90,64,29,18,98,52,93,74,44,47,75,66,31,48,72,87,75,37,23,19,76,39,100,32,88,78,36,35,97,48,9,16,91,70,60,89,59,96,44,74,94,41,52,50,60,69,87,44,99,76,72,56,79,100,95,38,26,75,66,27,4,98,40,30,79,72
16,95,58,53,12,48,2,8,24,79,39,90,95,87,19,91,68,32,39,1,88,64,59,52,27,27,96,5,78,96,30,40,40,52,62,47,24,82,75,68,24,45,33,47,57,3,18,94,32,27,77,24,28,13,50,24,32,95,97,25,86,82,100,81,63,39,84,17,62,85,84,44,82,97,26,48,83,61,93,0,99,100,73,40,34,93,100,10,27,9,97,54,30,33,73,36,60,34,89,78
76,54,43,68,20,84,92,93,26,93,1,2,44,77,91,35,94,64,69,62,49,44,10,73,93,7,19,62,82,27,82,55,50,19,64,96,63,39,12,65,23,70,33,6,13,69,66,90,12,23,97,12,20,27,10,48,18,99,99,66,88,31,41,45,27,14,37,13,10,8,76,36,9,92,9,76,22,15,29,62,0,89,47,67,92,75,60,79,69,39,96,86,7,92,76,38,82,80,89,38
89,32,72,92,85,96,66,29,11,15,49,54,74,25,62,72,100,3,64,86,45,54,8,26,35,9,72,83,30,80,57,74,73,12,83,78,93,6,82,46,71,84,44,56,80,25,64,84,53,96,8,82,91,1,20,46,51,45,32,42,83,13,31,77,27,58,99,1,76,20,22,100,16,82,100,28,6,11,27,77,22,31,26,23,48,13,69,20,9,9,99,71,8,45,81,11,47,13,38,0
100,26,24,37,17,12,41,78,69,27,6,56,90,84,0,99,54,55,75,22,81,61,97,32,75,40,46,31,75,68,31,44,60,80,99,89,57,95,72,76,90,4,48,86,85,84,26,96,65,77,11,66,70,87,97,42,78,3,91,92,19,72,64,3,67,20,61,21,96,57,15,74,49,43,4,90,30,94,85,43,51,80,100,0,27,4,59,85,9,99,80,17,2,99,10,57,59,19,40,13
64,51,2,86,40,24,98,83,8,42,38,61,0,49,68,34,23,13,61,68,28,86,90,2,62,83,91,88,77,77,82,97,100,52,29,21,63,1,76,69,9,21,59,61,78,16,2,21,40,37,21,64,40,36,16,53,42,48,1,22,46,71,93,4,91,71,22,21,16,31,85,89,0,92,6,26,43,52,60,88,72,54,18,35,42,45,99,82,10,31,98,87,90,22,76,2,28,83,26,98
56,90,95,11,87,1,96,44,42,83,94,5,79,24,36,7,37,81,74,65,48,79,10,60,24,8,60,43,22,69,73,89,71,52,26,65,83,37,55,88,10,30,39,47,49,32,86,95,74,20,1,47,68,81,66,32,72,0,5,70,13,21,21,59,47,57,65,100,90,75,86,94,83,91,14,29,9,95,14,68,32,52,89,6,57,83,41,32,30,96,2,88,97,40,9,30,21,38,80,46
42,53,39,4,55,49,30,65,65,86,26,91,58,45,18,22,46,75,28,61,88,62,73,2,99,10,3,1,38,94,24,90,68,53,46,95,27,19,35,76,68,3,48,91,79,30,95,17,25,73,53,95,66,40,99,43,61,44,31,67,4,9,58,32,39,29,92,63,51,86,11,59,74,22,85,20,9,92,7,60,66,84,42,51,97,92,72,56,66,53,70,49,53,69,53,71,75,18,67,72
80,27,5,56,72,22,97,89,30,2,42,39,87,41,51,74,14,2,25,87,87,76,3,97,87,1,59,23,64,80,39,94,17,15,90,29,22,19,33,1,88,9,29,47,34,28,28,78,21,41,65,50,53,15,88,6,67,97,43,83,32,47,75,65,73,9,10,79,77,94,4,32,64,32,11,21,65,28,59,60,91,48,43,79,11,96,66,84,58,16,77,1,36,81,22,85,92,66,91,28
19,95,98,45,14,76,51,14,97,79,58,57,95,83,75,87,63,13,34,41,29,47,17,72,96,2,44,95,51,98,80,62,31,13,62,2,15,76,47,13,29,83,60,35,58,75,40,82,9,69,93,100,23,84,8,16,42,72,77,58,46,82,58,57,38,83,80,1,82,100,92,16,88,7,6,53,80,84,91,5,99,67,27,80,47,48,33,67,64,31,88,56,60,11,88,66,6,74,6,87
54,44,37,18,81,25,47,95,66,81,40,21,97,8,57,78,59,82,99,94,39,31,38,71,17,46,23,46,7,56,64,50,86,49,47,41,80,51,51,3,66,89,46,56,16,14,19,4,40,60,69,24,66,51,24,18,76,5,42,0,82,17,14,66,4,84,43,97,5,17,90,39,54,62,14,2,52,55,2,49,70,55,2,85,0,85,84,42,8,33,16,97,36,59,92,29,29,73,6,43
86,19,89,79,93,13,54,58,37,12,38,12,3,56,80,25,52,63,51,81,63,20,32,19,60,15,9,77,24,76,9,92,0,3,56,73,92,20,78,93,82,7,88,55,1,90,77,84,15,94,58,54,2,46,99,10,52,27,94,65,50,16,56,82,6,48,25,32,23,19,59,68,51,17,53,37,8,14,50,68,3,12,24,89,43,92,22,33,64,0,81,80,98,79,10,59,3,12,39,62
63,45,42,77,0,68,94,80,23,29,35,51,37,79,4,51,58,6,63,84,52,22,16,59,100,59,80,73,8,91,30,27,6,7,65,16,4,70,76,22,56,12,67,57,5,35,74,98,22,82,78,99,79,42,3,95,31,89,77,2,87,13,27,79,97,17,76,37,10,27,82,52,4,40,48,73,71,19,78,27,9,87,40,70,2,5,79,15,91,65,97,55,19,97,88,89,63,77,59,4
42,4,91,65,65,54,7,67,56,15,84,70,34,12,44,48,83,69,57,17,27,96,28,25,29,61,68,66,34,70,74,12,38,0,78,72,68,86,42,27,95,48,100,58,98,78,58,70,72,10,8,15,14,32,59,90,13,19,22,26,78,66,53,39,64,67,26,61,22,74,21,49,92,68,42,24,72,22,9,76,58,77,62,25,54,4,16,67,22,75,82,2,4,65,3,47,25,74,37,94
84,46,10,65,65,58,4,28,44,35,75,12,46,63,29,32,45,34,12,29,65,23,8,75,2,51,100,91,12,99,79,7,47,43,77,87,35,2,65,9,68,38,0,47,15,17,80,77,6,83,47,62,100,24,65,49,14,69,43,6,99,30,92,3,68,42,50,74,23,63,99,79,67,47,60,39,59,34,41,61,74,23,74,28,27,16,34,68,12,11,42,22,88,25,56,37,36,46,9,6
13,24,75,30,75,49,19,29,35,100,57,46,9,49,40,26,77,88,55,47,17,62,60,6,100,65,4,28,58,88,61,37,67,12,73,30,10,41,40,53,79,74,20,92,60,86,16,97,98,90,7,13,52,20,6,73,80,66,70,49,73,66,82,80,100,94,49,29,48,77,44,32,25,56,10,45,26,81,18,54,0,54,68,42,82,48,67,50,42,87,52,1,61,39,67,61,44,25,44,56
11,19,93,10,73,10,1,11,36,41,76,22,20,92,18,82,72,97,19,59,1,16,18,93,29,50,71,51,15,27,2,86,100,24,56,66,39,79,97,24,20,76,39,97,97,32,86,14,84,22,52,59,35,49,100,50,99,89,13,85,98,98,94,56,34,18,4,84,46,73,32,71,13,9,78,39,42,64,32,8,7,54,15,17,47,34,3,25,27,43,19,14,98,39,48,13,5,95,32,15
91,15,45,98,13,16,79,67,62,60,31,5,72,14,11,13,21,4,92,62,57,1,3,59,51,37,52,56,46,13,44,37,3,83,97,19,15,75,13,92,75,21,20,46,26,38,94,50,20,45,47,56,9,17,52,78,97,20,97,89,10,15,25,100,84,28,54,57,34,30,41,30,78,21,53,46,34,96,23,18,6,88,23,79,85,99,43,96,95,4,84,53,76,51,0,60,76,14,74,39
42,80,71,14,5,20,48,82,4,56,79,34,19,70,62,72,50,0,94,96,93,98,21,62,53,98,52,80,65,31,6,91,84,4,93,46,92,23,39,4,28,9,96,60,17,89,40,23,80,31,27,72,54,24,50,81,94,6,53,69,7,46,71,11,66,45,38,3,56,1,95,30,88,53,44,40,51,24,37,67,95,15,14,18,90,41,80,15,49,38,86,57,87,26,51,2,94,90,88,72
39,68,21,55,26,8,74,71,91,1,41,94,41,7,25,87,10,85,72,90,44,2,11,2,14,33,78,24,35,85,4,21,41,66,51,69,63,94,71,75,55,37,61,36,74,54,61,10,22,38,21,25,18,75,32,99,81,80,22,34,41,100,68,87,32,30,59,2,29,22,10,45,59,52,60,67,58,88,31,0,74,31,26,28,91,81,49,59,12,75,75,61,10,61,58,79,87,9,82,74
19,44,98,14,73,52,23,85,83,0,20,31,59,53,99,96,75,29,30,65,18,97,3,68,62,19,78,55,81,33,87,41,92,81,83,79,30,65,61,43,24,68,40,95,17,6,85,96,16,38,50,47,60,56,49,35,70,97,27,87,55,57,83,12,33,70,70,8,68,88,66,70,85,82,26,65,79,0,0,10,31,17,4,32,76,52,18,35,2,60,51,64,78,28,99,23,79,88,88,63
76,94,92,26,89,34,20,26,69,72,37,82,10,89,58,16,21,21,72,62,41,30,99,10,87,40,47,51,17,92,92,55,78,85,89,31,92,87,77,86,55,86,48,90,59,99,100,3,70,92,69,99,93,91,69,19,88,90,95,14,98,28,50,0,4,65,70,78,82,90,58,36,35,99,15,31,7,91,46,55,22,22,4,0,33,53,88,31,65,67,10,46,79,88,86,13,64,48,48,51