90,82,85,67,90,43,33,72,31,37,24,79,49,98,91,83,33,75,28,47,68,85,66,72,29,86,95,69,87,56,25,39,8,48,82,17,62,97,26,100,92,72,42,21,74,91,10,90,73,38,96,63,16,41,25,22,95,53,90,24,92,36,97,69,3,54,40,99,33,20,72,12,25,17,67,31,64,85,29,65,6,83,18,60,77,90,13,99,1,48,39,44,25,7,1,38,33,62,10,77
34,30,100,78,48,11,74,5,66,66,9,89,69,39,59,73,59,9,67,10,45,54,9,66,12,88,6,34,71,15,80,9,15,60,38,9,0,15,81,69,73,95,36,70,41,38,8,30,9,83,81,45,82,96,59,87,81,95,36,55,31,57,39,10,16,15,2,76,41,80,4,66,72,61,35,36,7,48,92,60,13,90,93,57,63,22,5,15,56,27,3,66,19,93,39,33,69,99,36,52
19,35,67,28,9,5,69,68,6,8,97,100,64,30,72,10,98,86,62,2,98,6,11,78,22,31,92,87,7,9,0,28,39,22,79,83,7,55,79,45,4,12,69,43,59,61,51,33,0,89,78,95,65,89,87,31,40,77,58,28,94,60,72,59,1,51,65,6,46,45,47,20,62,73,70,4,100,2,73,93,38,67,63,71,20,80,49,27,87,85,78,51,61,21,40,81,47,52,16,59
57,63,52,81,22,97,50,1,97,52,84,6,72,93,98,76,0,9,99,59,10,30,85,100,3,7,83,56,84,44,53,51,92,53,35,77,82,88,87,89,52,13,37,74,52,89,19,20,67,19,87,20,48,84,28,61,49,82,8,1,15,61,8,37,81,72,6,98,14,82,45,31,81,9,31,95,58,33,15,56,52,24,48,70,81,81,15,30,21,40,52,98,80,1,85,30,26,79,93,87
85,7,56,42,99,36,71,70,79,40,58,54,13,47,26,64,52,78,57,93,7,68,64,39,39,56,100,96,22,34,97,92,27,14,39,79,35,5,84,55,63,98,17,21,41,97,12,16,38,10,13,38,11,36,21,90,11,74,13,16,47,100,82,73,90,75,65,81,50,23,24,53,71,6,13,7,79,97,49,63,70,75,87,53,49,87,54,26,42,23,50,100,7,37,53,92,96,29,91,10
67,69,38,80,98,53,36,43,91,73,90,11,1,91,24,99,17,78,17,37,11,17,19,61,95,39,15,37,38,63,98,80,7,24,15,70,87,20,22,9,98,8,3,95,40,38,72,93,75,54,49,51,7,78,67,3,41,50,61,83,88,68,31,44,14,91,58,70,17,19,68,60,98,23,38,5,22,19,77,50,48,77,93,19,63,100,75,35,65,52,63,24,52,21,61,83,33,46,25,79
52,6,89,20,9,16,10,62,90,82,94,72,63,10,37,91,97,8,28,87,58,83,68,28,95,83,82,4,12,62,32,42,76,58,59,39,15,78,55,40,59,8,40,12,78,54,100,21,72,89,31,66,86,13,64,35,17,62,48,16,7,7,25,10,10,44,73,14,74,24,37,39,29,78,35,41,32,32,95,37,87,57,95,58,13,83,42,3,78,55,49,81,28,86,17,97,52,62,83,98
43,86,78,54,22,34,37,11,87,60,84,72,86,5,40,19,16,92,64,47,55,6,89,32,80,37,82,32,93,74,98,30,33,50,7,75,94,13,87,27,25,36,2,26,55,70,96,24,49,51,19,1,63,90,77,59,20,89,32,48,69,50,14,49,99,100,17,100,32,47,26,39,17,50,96,49,19,24,58,6,4,94,74,67,74,25,30,78,95,54,31,17,82,73,87,31,22,80,19,45
79,15,97,0,55,14,22,99,2,74,86,2,13,45,53,30,69,68,74,99,78,71,23,71,2,0,96,25,33,64,22,18,85,42,31,100,43,21,5,21,16,75,69,36,72,50,35,21,93,95,8,62,2,71,86,83,27,74,100,38,70,37,54,81,24,23,95,42,30,58,57,20,22,2,19,57,8,61,71,73,63,31,10,73,3,45,50,88,42,19,9,42,70,76,25,47,34,54,44,12
4,54,82,20,97,46,53,44,36,68,26,38,8,15,58,56,96,4,41,39,48,97,34,43,5,88,55,82,75,51,53,3,7,59,78,44,7,13,70,5,80,10,37,72,90,33,84,26,29,37,33,52,70,78,16,78,14,37,26,62,4,87,71,78,75,93,26,80,36,13,36,1,24,64,41,37,65,58,96,29,47,52,73,48,75,53,96,58,11,66,74,14,9,65,70,40,67,99,30,14
62,8,55,15,80,93,8,33,33,67,4,60,84,7,48,100,82,68,94,95,46,60,79,42,11,4,17,92,37,32,3,40,53,87,38,21,41,1,91,46,17,15,14,54,7,15,21,38,76,29,20,44,83,48,79,74,18,17,64,75,31,80,42,73,98,78,96,7,64,93,42,40,53,47,13,84,4,88,45,67,20,39,42,50,70,22,49,17,92,16,19,58,47,29,25,10,30,68,33,57
0,22,67,11,3,54,42,57,14,72,36,15,15,57,27,23,53,67,54,0,78,45,40,40,78,71,21,50,35,24,76,94,37,36,3,62,100,72,29,45,27,21,66,4,23,17,96,13,27,49,16,3,34,83,39,25,58,88,78,72,31,53,21,28,4,1,20,62,54,42,49,2,43,3,18,40,22,92,6,19,71,32,66,5,55,50,85,83,25,67,89,69,82,56,84,80,81,58,87,6
12,53,10,48,80,62,12,85,56,90,33,9,46,1,56,46,94,62,23,56,92,91,3,72,64,72,17,42,97,43,60,95,64,89,8,32,46,9,31,16,30,60,8,65,90,75,24,73,83,43,59,84,78,85,36,98,36,42,57,7,19,91,62,49,51,57,42,84,48,20,78,7,75,89,4,99,8,69,45,80,14,63,82,45,86,18,53,33,15,22,9,74,73,71,81,61,0,95,53,25
14,86,60,93,22,70,68,65,24,92,80,35,94,20,5,47,47,16,46,51,57,62,51,55,83,97,81,99,69,18,14,60,85,37,48,53,7,87,91,90,42,68,35,81,45,61,95,82,99,97,70,25,66,59,63,54,86,56,49,2,76,12,78,74,59,25,15,39,74,34,93,29,4,47,27,32,57,33,95,95,4,51,56,3,78,55,54,93,69,91,86,36,34,80,88,85,14,75,32,43
88,26,42,18,74,54,10,89,55,53,78,59,46,68,91,43,59,68,58,66,35,86,41,94,3,27,62,14,38,38,51,93,98,85,67,0,34,57,88,91,12,45,28,60,62,71,40,19,68,89,81,88,18,21,99,90,20,63,72,5,17,48,81,89,26,2,12,70,49,3,76,96,72,82,68,33,85,32,97,67,39,5,4,24,57,34,86,56,65,15,77,90,26,81,53,19,35,64,63,93
58,6,54,60,81,56,5,5,88,7,71,66,40,34,31,89,63,76,66,21,74,68,90,84,44,27,40,9,1,50,90,68,13,93,94,89,24,100,57,52,91,73,48,39,99,28,60,79,67,38,24,17,29,51,91,1,23,68,61,70,51,11,56,34,99,16,47,50,54,97,27,20,28,55,3,89,95,18,31,6,46,18,52,84,65,28,44,11,75,13,5,25,30,67,0,52,12,51,92,1
9,96,95,65,0,96,0,99,29,77,36,24,40,30,90,49,31,90,29,35,83,75,13,37,36,58,60,29,94,70,30,100,89,82,79,55,61,45,38,22,82,7,20,97,95,39,78,48,94,36,83,95,42,13,75,19,74,32,25,24,38,45,87,19,11,60,29,89,92,58,88,24,70,12,52,14,100,6,95,21,69,25,4,5,10,24,34,59,41,16,75,99,97,86,86,68,29,58,64,95
2,28,95,95,44,8,52,0,36,59,78,99,47,30,99,78,96,25,66,94,100,28,57,45,55,89,99,36,37,51,64,15,60,16,33,80,42,85,98,55,90,70,19,60,31,65,11,87,61,48,49,23,35,87,82,15,10,34,80,50,53,49,30,80,78,11,86,3,37,15,57,44,45,37,34,85,26,35,22,96,85,80,16,64,8,70,2,55,80,67,82,20,50,84,87,14,13,44,1,67
45,78,45,97,19,92,97,81,78,40,88,94,37,40,87,94,28,26,57,96,96,20,84,58,60,5,41,8,46,68,32,8,11,35,50,63,22,1,11,6,3,4,86,34,18,59,58,48,75,29,96,58,18,1,28,12,38,7,69,9,89,49,48,22,97,84,51,97,5,72,45,11,78,78,82,64,38,90,95,59,10,43,31,61,49,0,81,39,75,73,62,14,95,84,65,78,85,47,52,73
86,70,26,87,96,82,33,11,9,57,43,2,98,46,92,5,87,2,95,44,70,58,64,52,79,26,95,49,48,69,5,92,50,1,48,0,98,18,73,83,6,45,80,33,99,60,17,62,97,3,70,3,19,78,70,26,7,98,45,24,41,57,9,34,28,81,59,78,5,23,70,18,30,8,31,93,94,98,29,33,24,43,46,96,88,8,10,42,82,98,18,77,16,6,21,32,19,59,70,2
5,97,53,92,32,28,45,93,35,24,76,26,11,36,47,15,9,95,59,28,76,35,63,42,77,41,78,62,89,14,61,84,49,20,39,51,37,14,35,72,0,4,10,11,24,71,99,31,91,52,60,10,32,60,58,74,7,58,83,37,7,93,30,26,18,12,10,70,54,29,11,2,55,71,2,86,35,26,21,99,39,23,47,77,71,56,49,8,0,30,37,94,61,9,26,63,9,77,54,88
25,53,61,73,87,85,17,87,90,54,21,14,56,31,31,88,97,33,25,26,65,4,19,27,33,33,46,70,28,48,54,30,34,47,96,92,81,19,17,39,16,70,16,31,94,27,16,55,5,27,29,54,99,89,48,35,55,73,20,23,72,24,54,37,99,87,69,26,41,31,40,98,66,57,15,63,41,76,57,25,4,72,70,63,55,78,40,92,92,0,75,40,19,15,88,46,95,11,7,20
76,43,91,91,95,47,56,40,5,65,100,100,99,68,93,11,73,22,35,52,73,56,73,41,84,40,16,23,46,39,44,56,68,56,67,13,11,69,57,78,76,83,65,85,12,71,98,36,82,89,86,64,44,35,79,83,69,2,34,60,50,25,63,47,34,45,79,40,37,73,21,54,25,91,76,5,53,68,31,88,49,85,23,13,26,33,15,0,6,85,14,56,13,36,37,100,31,38,2,95
100,59,79,44,70,29,3,48,58,33,76,45,47,92,17,79,5,90,70,17,22,33,72,100,85,3,54,50,23,0,81,75,15,78,27,68,78,96,67,59,80,68,50,47,43,29,80,98,72,86,37,38,13,80,34,1,2,20,95,60,31,68,43,56,17,79,61,98,9,96,24,81,53,100,32,68,100,94,74,87,55,2,20,64,37,82,58,67,47,64,80,55,71,22,27,54,79,60,98,28
13,74,63,28,84,70,25,4,35,10,20,23,61,97,63,28,74,57,16,3,97,61,24,31,3,65,100,93,27,16,76,55,100,38,48,23,58,13,1,71,44,17,18,65,8,31,73,79,74,86,33,29,8,66,17,15,45,82,96,10,27,85,63,1,71,22,91,47,23,96,15,49,43,73,30,83,14,10,18,77,46,75,94,14,59,89,9,45,56,92,57,82,99,82,36,59,61,23,98,78
56,1,13,16,19,37,79,30,80,40,26,46,92,48,9,21,70,72,82,29,8,35,16,4,19,82,59,80,32,55,6,48,33,34,81,9,83,86,91,32,28,60,7,0,39,49,30,66,16,63,61,78,84,15,38,5,66,34,89,69,40,56,100,9,53,88,37,18,94,87,27,79,26,65,90,9,91,24,59,58,86,47,10,37,46,30,46,66,72,48,80,40,15,34,68,9,13,10,28,52
97,62,13,26,36,58,53,7,42,97,10,6,25,23,7,14,75,72,1,32,30,44,77,18,80,18,66,41,89,2,57,1,56,10,55,79,18,22,28,65,12,72,96,25,39,16,94,10,20,92,72,87,78,40,42,23,89,7,75,3,32,56,97,28,95,3,79,85,6,96,60,62,75,39,24,55,14,38,42,98,35,79,67,14,60,41,34,90,71,12,26,67,45,49,18,52,48,25,5,30
32,72,96,27,21,27,16,54,31,10,51,97,0,6,34,61,0,46,18,24,38,83,39,14,78,96,84,4,3,25,32,36,72,69,5,17,31,21,99,53,28,3,52,75,40,69,36,14,47,80,36,85,47,34,82,84,22,39,78,42,79,70,16,21,4,100,6,37,85,84,51,27,38,78,84,99,69,59,4,74,70,53,11,22,1,17,75,41,63,58,62,91,90,8,71,78,38,58,73,86
54,22,87,45,72,73,37,53,25,89,16,14,22,18,67,26,12,92,27,70,45,39,86,50,75,58,83,1,44,18,90,24,61,43,28,85,74,74,74,50,38,69,95,42,37,18,82,3,95,66,54,35,77,41,78,88,13,58,71,58,26,90,48,29,27,6,93,36,81,73,8,34,13,33,55,26,15,24,25,32,6,18,43,59,86,100,95,22,26,3,64,7,88,51,100,5,2,48,5,57
51,93,14,79,32,42,48,52,91,88,7,27,56,94,4,14,38,93,59,92,91,78,42,62,4,35,84,90,69,26,64,83,37,12,14,14,76,76,17,56,90,97,100,39,13,75,42,19,56,52,9,30,26,18,37,96,3,29,61,68,4,50,12,38,31,56,31,31,96,44,23,54,81,2,69,21,81,92,7,19,99,55,30,91,8,49,66,46,4,40,91,30,99,20,46,91,40,11,12,40
100,46,17,84,77,79,93,33,17,54,29,41,22,65,1,10,24,7,89,29,43,50,28,45,37,48,66,51,52,81,54,77,45,48,60,34,54,27,15,68,5,41,51,9,36,96,42,91,10,3,47,72,68,85,17,84,90,84,41,68,56,83,77,29,76,62,0,5,46,82,75,91,44,95,52,100,0,10,53,3,40,100,25,50,90,66,5,8,0,69,56,87,69,13,51,55,73,33,64,77
31,0,44,48,39,54,49,8,57,78,90,53,11,11,63,65,19,48,75,77,78,29,77,28,2,77,88,98,43,15,45,30,26,41,91,73,56,80,69,87,56,14,38,0,31,4,83,12,24,34,9,40,94,93,32,22,46,20,19,64,79,94,27,82,91,30,50,36,26,72,56,21,88,56,4,78,46,5,75,65,55,7,26,85,31,90,55,52,32,9,11,95,51,9,67,45,93,42,3,5
45,7,73,61,6,24,46,72,59,84,93,25,68,28,91,33,70,64,44,97,13,38,24,69,85,86,74,98,33,35,7,53,66,61,91,51,63,8,46,85,89,75,56,82,0,97,0,73,41,21,66,77,3,47,86,74,66,100,76,50,17,36,16,10,95,61,46,79,44,66,11,53,81,23,15,79,24,81,93,26,95,18,89,3,43,37,5,6,42,62,14,20,75,8,36,60,62,84,54,28
48,74,6,45,74,88,34,55,30,22,83,16,13,1,65,45,65,19,85,79,30,89,18,13,16,42,59,39,14,18,62,41,61,70,15,6,39,52,50,61,87,30,13,15,67,46,89,92,91,62,87,77,22,56,13,92,38,66,7,22,1,76,13,16,87,3,80,65,66,37,95,87,87,59,97,40,67,65,70,18,90,37,57,89,12,61,66,27,67,41,22,23,80,35,64,0,76,11,99,34
49,71,19,96,23,37,5,92,34,80,99,70,4,59,45,80,63,6,60,9,98,38,21,21,18,1,7,80,26,31,76,28,82,48,88,5,63,5,1,40,10,62,36,73,98,27,57,53,1,36,71,84,7,33,55,96,86,46,87,95,55,96,17,85,20,47,19,7,62,63,73,89,13,25,16,34,57,10,64,9,80,75,0,23,39,56,89,89,4,39,27,81,77,50,32,88,30,80,55,21
1,51,24,69,63,62,76,90,7,41,10,70,93,79,11,3,9,58,95,90,27,65,87,73,92,18,67,11,34,19,97,16,54,10,27,91,56,68,60,49,77,70,95,72,10,33,68,81,71,76,36,7,64,61,84,91,100,84,26,4,16,23,18,36,85,38,95,27,62,37,57,47,5,35,35,40,0,38,74,43,83,65,38,2,73,18,84,49,12,20,56,57,4,53,46,9,8,20,79,35
0,58,55,72,35,50,72,25,32,63,94,34,58,46,2,9,0,11,84,83,66,40,72,0,97,72,41,96,46,74,97,3,1,69,66,60,14,74,36,16,1,16,13,76,85,6,21,74,54,59,23,0,68,31,64,6,14,12,77,73,69,45,14,82,31,89,86,66,91,60,100,40,55,57,20,92,45,91,94,42,50,50,1,16,73,65,68,17,32,57,63,58,67,88,38,58,56,20,52,9
80,36,58,56,65,73,11,30,80,8,81,94,42,1,17,12,0,54,83,56,95,99,76,14,35,5,39,1,30,36,4,89,31,31,18,78,15,30,36,69,0,84,0,50,15,10,100,62,23,4,95,29,91,20,98,84,17,27,82,58,84,78,97,76,85,1,77,11,34,3,90,78,60,96,51,56,84,97,70,67,47,94,18,48,74,29,75,12,37,62,44,49,95,96,4,42,32,93,59,21
16,47,99,55,20,2,78,63,24,22,46,22,35,63,62,8,52,5,67,55,93,59,86,81,37,29,19,63,83,83,23,14,8,62,41,89,57,16,37,66,10,66,99,32,78,17,41,57,57,99,38,19,37,98,88,57,55,71,86,50,17,51,34,22,86,42,27,39,55,82,99,69,44,20,29,74,68,40,7,27,44,63,47,29,28,87,56,20,65,30,96,5,17,0,57,62,5,85,52,94
37,30,67,3,17,7,53,76,78,84,23,95,53,16,43,10,67,82,9,37,36,16,8,30,17,43,27,77,64,77,37,15,70,91,77,78,21,83,99,53,57,57,84,67,34,5,76,68,44,12,0,29,34,90,26,65,97,82,82,91,91,50,16,71,52,57,50,76,35,4,33,30,29,62,74,45,74,93,10,78,40,94,60,77,96,17,27,86,70,20,43,50,100,75,36,30,88,88,1,68
18,31,0,93,55,37,46,88,34,76,18,51,54,55,10,52,17,92,20,7,98,34,56,18,15,14,52,73,60,41,49,12,99,33,28,47,55,64,22,55,28,100,73,59,51,52,35,89,24,96,2,77,35,28,70,78,29,13,86,10,64,77,83,88,52,1,28,21,5,48,14,56,13,1,54,31,47,22,98,53,17,40,94,84,63,1,67,32,91,53,64,46,66,3,58,71,29,9,41,28
8,31,42,76,75,34,93,90,30,18,76,26,100,84,44,68,54,40,46,0,84,84,39,58,63,76,85,13,34,75,32,44,33,20,87,99,86,53,11,97,47,14,46,96,52,10,85,11,70,25,4,53,88,26,93,1,28,37,62,9,80,72,21,4,67,33,2,61,62,91,68,88,61,89,92,89,21,37,72,0,21,45,44,89,75,96,93,21,10,97,54,93,79,0,80,47,89,64,83,97
4,43,87,60,93,73,39,57,40,72,24,28,73,85,68,30,82,88,64,72,54,24,67,9,87,78,76,78,14,80,65,12,11,58,78,90,7,38,78,59,11,32,0,48,46,82,14,35,29,9,49,15,64,24,43,87,48,97,83,0,66,54,96,18,14,40,87,87,12,69,39,93,78,1,52,86,46,91,29,7,69,77,24,6,20,81,6,47,49,53,74,81,40,83,17,55,52,80,58,8
35,30,13,11,6,94,93,49,28,36,4,48,60,57,10,9,70,40,41,51,29,65,73,3,60,88,63,63,76,29,63,82,39,64,31,15,53,68,8,42,62,79,32,56,4,1,42,29,73,20,38,29,77,79,92,96,54,87,26,14,83,47,94,55,9,38,55,85,28,93,58,69,69,18,0,91,20,15,61,13,44,84,47,67,70,22,62,83,64,74,4,22,86,43,62,78,22,48,94,28
83,12,24,44,20,54,76,38,24,42,71,1,55,84,21,15,30,52,88,32,17,89,3,100,37,32,2,79,42,83,32,71,55,33,92,51,69,92,99,63,64,78,5,16,6,49,19,60,41,11,19,95,42,10,80,68,46,50,34,10,28,34,44,56,84,76,9,55,32,4,41,7,60,2,98,23,39,41,90,10,24,95,87,11,37,89,49,4,85,77,82,87,61,72,45,54,87,73,93,6
56,31,12,2,67,19,72,15,15,93,36,91,10,86,48,13,89,70,35,28,90,59,63,47,52,98,22,24,56,18,71,33,61,56,26,19,51,22,6,47,31,2,83,49,86,2,8,70,59,78,78,26,52,98,44,28,8,88,33,69,54,38,57,24,66,1,17,27,34,77,29,37,68,82,91,95,80,93,90,7,80,69,82,45,84,52,74,80,53,24,21,13,40,4,22,28,92,72,2,20
46,33,29,38,42,85,40,1,35,65,21,54,22,1,55,54,66,13,74,48,80,10,92,84,75,20,11,65,34,70,29,58,40,93,13,100,59,39,32,83,55,80,98,67,68,93,67,46,44,0,63,82,29,71,15,55,57,95,32,87,63,90,27,65,66,7,90,27,82,11,78,0,0,59,20,49,25,13,10,87,51,1,78,78,46,81,52,62,94,14,92,15,41,51,33,33,86,56,80,96
55,66,37,51,70,59,91,93,7,37,59,50,23,52,44,69,9,27,24,27,27,47,51,1,39,1,43,60,27,61,68,51,23,50,48,90,59,58,60,39,12,82,56,8,37,23,52,22,22,39,33,76,85,20,9,64,94,8,72,85,28,47,9,71,89,8,23,94,29,63,31,58,14,23,47,69,98,46,70,32,91,13,5,23,79,1,87,55,12,16,69,82,29,95,49,87,76,59,2,81
21,56,29,9,26,69,100,77,72,70,80,26,100,12,14,74,53,81,47,59,97,1,7,88,39,92,55,48,1,29,89,69,51,11,22,99,92,72,27,17,84,66,56,36,2,65,65,87,49,72,38,65,78,3,94,47,83,73,90,2,78,45,41,2,89,18,85,44,93,77,12,27,26,99,6,81,64,98,17,24,68,32,65,16,2,29,76,29,89,32,20,25,25,73,31,65,69,75,46,70
33,83,26,69,19,74,14,6,49,50,28,5,55,99,44,17,91,11,34,47,48,39,39,41,72,85,75,70,9,3,94,70,46,98,20,80,70,0,33,98,64,80,33,32,57,7,66,33,40,71,42,47,2,44,88,75,87,64,42,82,39,19,24,23,91,31,34,91,69,17,15,31,88,14,76,46,60,83,86,28,78,17,35,72,27,27,86,23,43,34,39,97,62,74,27,15,50,28,4,28
68,60,21,23,41,38,51,92,40,31,77,71,32,87,19,17,60,71,6,90,68,49,42,3,75,38,21,44,64,17,12,52,9,62,89,17,24,49,40,1,44,26,49,72,44,23,3,30,5,66,49,9,7,7,35,23,73,26,90,71,99,71,49,13,15,48,37,91,45,41,86,28,23,14,100,93,93,45,57,6,33,56,85,19,98,23,84,100,28,17,20,96,73,40,96,94,68,28,37,0
8,60,83,1,35,65,19,97,43,58,50,81,38,78,6,23,84,85,34,48,10,89,38,28,25,74,52,42,75,41,54,11,53,71,92,72,95,7,56,23,54,94,68,15,58,100,41,6,90,100,16,89,94,6,28,26,99,81,92,44,14,33,9,99,63,54,74,28,4,60,7,87,1,33,85,5,60,49,70,36,41,84,40,81,27,41,62,12,16,20,92,12,47,78,71,50,95,21,12,28
34,89,34,10,2,93,91,90,87,87,1,42,15,33,44,59,50,38,31,89,56,90,5,100,22,17,63,73,31,46,20,5,7,80,55,71,28,92,37,53,32,24,98,44,72,38,54,82,86,49,12,82,56,60,44,51,99,84,42,35,74,21,63,6,51,20,68,42,61,71,77,64,40,12,11,3,93,80,75,20,82,97,97,88,93,24,14,5,23,5,5,75,84,61,44,61,6,74,14,65
38,77,66,13,85,8,90,100,82,62,26,71,27,76,43,81,89,78,86,19,64,40,23,2,13,90,12,21,2,84,74,67,52,8,31,80,71,84,15,52,3,98,25,46,73,53,39,70,33,99,98,7,32,10,78,75,54,55,3,50,86,36,62,10,90,6,7,96,84,94,2,79,99,30,22,99,1,6,93,0,27,61,47,25,84,19,44,15,32,95,68,83,11,45,93,48,83,50,97,4
80,40,77,59,50,99,75,44,55,11,40,93,25,50,31,66,97,82,20,71,85,6,12,93,50,64,8,21,74,82,8,8,48,49,39,66,25,92,77,92,40,71,23,89,25,77,4,39,38,59,68,36,18,73,83,51,88,21,97,83,51,10,74,33,3,9,10,78,31,93,7,68,25,89,19,69,88,1,36,57,8,81,53,90,30,45,96,21,19,16,93,27,46,92,36,65,5,75,88,51
64,6,13,81,61,79,80,0,24,61,22,97,72,0,18,8,14,84,14,49,15,43,14,19,41,41,9,23,70,20,81,23,20,69,94,44,50,62,22,90,20,6,94,25,91,92,69,30,43,80,89,29,46,93,22,11,90,91,15,42,15,76,17,58,57,23,50,87,63,53,27,10,20,5,79,44,64,60,77,22,90,91,95,88,84,37,87,21,55,59,60,93,65,65,89,63,78,88,68,16
60,72,23,43,5,12,13,9,31,37,87,99,53,11,30,73,18,6,34,29,95,49,53,27,89,57,29,30,75,39,81,8,26,91,4,74,42,44,12,31,91,70,85,21,53,19,57,12,63,77,93,92,63,47,100,81,44,77,92,24,28,55,17,5,78,49,51,35,44,8,37,11,61,40,7,94,35,80,0,15,36,2,50,35,65,0,12,89,95,90,62,52,39,100,10,43,91,93,1,97
88,77,1,72,90,4,48,7,34,83,57,23,2,18,45,68,94,86,86,38,59,82,0,90,14,12,30,69,11,38,10,22,16,71,30,28,23,65,19,32,34,65,5,33,65,88,54,76,32,50,54,63,55,26,37,99,100,80,4,12,77,84,89,9,35,56,29,85,82,5,12,91,70,8,11,14,77,57,71,95,94,75,10,10,74,43,83,46,78,80,15,30,71,26,32,73,46,91,82,72
32,23,51,82,87,65,60,78,76,0,59,14,97,25,7,60,92,79,26,14,24,90,49,72,63,29,46,10,85,93,52,12,33,39,30,60,53,22,28,33,36,1,7,91,39,67,7,18,44,19,13,45,60,98,72,22,33,15,100,40,44,13,29,27,17,57,20,89,9,96,16,87,52,77,20,31,70,84,71,24,94,55,19,10,98,43,8,83,69,84,74,1,73,78,45,19,19,0,9,74
42,41,66,55,94,65,33,96,59,7,70,65,4,35,7,16,41,33,39,82,19,40,85,30,68,56,98,17,62,61,40,46,70,38,98,22,70,71,41,28,15,18,66,62,46,61,66,58,95,50,17,68,80,74,31,2,73,22,0,13,16,65,65,62,30,89,85,51,70,13,38,25,37,12,67,93,48,32,77,83,38,67,71,88,75,4,25,31,71,23,9,36,42,65,61,32,33,65,65,17
90,51,43,74,22,29,43,61,26,70,53,63,16,100,22,33,93,76,19,15,4,43,69,20,79,94,12,94,16,63,89,32,84,41,28,11,64,52,10,87,63,1,74,31,98,16,5,30,88,96,86,29,41,4,80,63,18,92,77,34,80,13,27,49,92,72,24,46,61,4,13,14,14,84,15,90,0,0,45,56,49,25,51,81,40,77,16,60,82,65,12,66,66,81,85,50,69,5,69,20
38,85,5,53,37,71,15,100,80,87,88,74,17,4,18,73,73,31,15,51,5,26,50,95,18,26,26,61,68,61,8,53,83,92,59,75,26,4,0,79,79,1,66,31,45,91,75,32,28,4,26,15,86,97,26,56,68,40,6,59,57,49,38,26,4,74,83,94,9,27,77,63,3,65,43,96,55,19,10,42,56,94,8,92,2,14,69,51,36,30,47,34,96,28,46,99,66,75,12,58
68,30,38,24,91,72,80,20,64,12,14,39,65,63,14,53,6,17,100,34,100,94,99,75,14,26,29,66,52,91,45,77,47,37,56,8,82,88,51,12,17,47,10,50,27,7,41,3,94,41,96,70,38,78,95,46,48,80,30,38,41,60,14,95,5,79,40,91,32,35,6,92,23,3,96,76,68,24,63,97,67,99,88,21,5,7,62,71,2,7,30,100,70,59,12,30,65,54,100,30
64,29,57,60,86,12,26,11,8,75,68,36,100,3,64,60,83,39,36,17,27,45,80,37,35,5,73,25,26,28,96,72,78,12,55,13,39,69,71,98,7,19,18,0,69,9,77,92,88,25,92,87,44,33,92,15,90,39,14,68,78,44,24,94,89,78,18,94,7,76,30,11,51,87,88,38,28,100,68,16,30,53,57,81,27,49,45,1,87,5,12,69,71,63,34,90,80,61,87,25
67,45,89,19,60,3,85,10,26,40,21,7,83,71,40,13,92,39,53,73,85,12,71,64,65,41,55,68,31,55,33,49,92,16,65,9,16,35,51,67,5,13,57,11,95,9,83,71,9,46,43,33,97,71,12,24,94,42,44,62,3,7,4,72,84,95,91,34,2,93,86,29,49,28,8,41,40,16,21,10,35,100,76,56,16,86,50,62,90,90,38,84,71,36,3,82,63,1,27,31
48,3,29,46,91,50,31,67,42,16,48,57,51,86,88,50,31,46,46,85,43,89,70,63,44,8,38,18,20,97,86,94,39,75,40,60,88,89,91,86,44,30,39,42,28,13,92,95,6,34,66,32,25,96,21,15,21,18,21,33,55,67,3,14,65,0,92,58,39,44,53,39,89,46,12,13,74,85,71,86,10,0,97,28,100,63,95,5,6,62,67,11,88,69,33,31,11,6,94,69
67,3,59,35,96,10,30,48,97,15,2,74,53,46,17,91,57,31,57,19,48,69,79,73,56,91,29,66,57,38,50,10,44,4,67,65,83,32,5,23,84,26,5,73,8,60,5,34,26,33,10,31,2,1,37,55,21,47,99,76,41,12,34,1,54,25,6,80,81,19,17,100,55,78,85,55,51,36,7,62,69,82,42,68,59,42,64,38,96,83,98,77,85,22,7,56,71,95,65,6
30,49,58,46,16,30,85,77,86,71,86,68,77,29,100,59,5,100,11,76,25,32,14,51,85,4,3,84,63,9,47,48,23,39,63,48,22,91,78,54,6,10,63,30,85,98,17,7,31,30,46,95,15,5,83,42,25,19,70,41,33,14,18,21,41,90,20,70,15,38,69,42,51,29,78,11,66,62,15,78,41,57,20,0,25,71,38,34,63,96,17,16,43,29,12,23,67,92,56,12
78,10,38,34,23,19,54,92,3,13,44,72,99,99,100,47,61,9,53,40,6,2,31,71,79,3,60,43,66,47,64,4,0,42,100,79,17,0,92,16,40,43,39,89,92,98,22,10,76,98,69,0,81,15,67,19,72,74,1,67,34,10,4,35,5,85,70,75,14,73,44,36,46,58,53,74,89,85,80,75,4,18,17,64,10,16,1,95,15,63,5,20,38,56,35,10,68,3,12,38
74,92,6,2,50,40,62,3,70,74,11,20,90,45,56,63,87,44,78,47,82,45,47,85,42,36,36,95,63,31,50,60,32,19,13,1,14,1,68,94,42,35,7,25,81,64,26,59,87,93,40,74,24,67,55,87,66,97,59,52,23,69,61,16,36,59,64,42,58,27,72,58,27,88,97,30,16,67,46,55,6,8,62,100,82,34,49,78,49,45,84,7,75,96,65,71,70,36,4,53
87,77,0,75,88,62,5,32,12,85,41,81,12,19,62,21,95,73,95,45,60,9,66,37,2,45,58,58,31,11,2,53,15,5,56,72,66,75,46,21,30,84,47,21,4,77,49,21,12,21,7,96,78,40,7,1,94,50,37,51,56,75,90,8,1,4,37,53,78,25,37,32,94,54,29,45,28,90,7,7,63,92,92,20,76,73,64,87,15,89,41,43,72,26,58,69,78,47,9,83
19,12,46,20,82,76,8,63,71,27,71,25,84,60,81,65,92,44,4,20,42,52,92,39,88,60,78,93,25,23,95,13,3,8,11,52,45,51,31,93,45,74,2,75,59,19,59,75,83,82,31,35,22,1,57,88,13,35,46,68,48,94,83,67,76,80,90,26,62,39,79,53,33,1,21,13,0,4,41,27,86,32,85,29,5,86,45,78,13,30,90,23,14,91,78,9,5,67,48,25
40,57,82,45,43,62,89,40,39,67,74,62,19,71,15,9,35,45,6,60,95,56,18,40,82,7,91,58,49,12,61,64,29,44,79,32,42,76,52,70,91,14,46,15,35,26,16,98,19,32,100,57,72,70,39,83,79,39,80,2,14,14,0,2,71,51,65,46,54,51,46,55,27,20,88,89,70,60,32,98,100,91,45,99,74,1,39,98,87,12,22,90,97,9,38,13,82,69,9,70
5,37,82,31,75,5,100,75,4,31,55,14,29,45,44,9,18,16,95,4,42,73,48,26,87,89,10,61,11,8,92,20,77,90,97,86,97,7,42,19,23,27,63,21,43,85,29,98,62,1,68,35,62,43,49,77,94,100,92,98,50,90,96,41,60,53,27,91,18,46,87,38,44,37,100,98,54,0,51,11,42,8,36,28,100,15,24,53,7,0,1,78,6,83,57,93,10,41,24,74
37,10,31,66,1,31,2,85,76,60,21,95,74,94,57,52,71,90,72,42,88,97,40,24,39,29,46,2,9,21,25,97,58,1,64,60,56,26,3,36,60,68,97,33,43,72,5,32,7,12,40,78,20,8,23,82,35,13,92,10,46,12,75,94,96,94,27,57,6,90,85,88,74,39,25,48,7,67,55,59,15,38,9,16,52,1,36,71,73,67,93,84,73,59,50,81,23,30,46,48
61,100,70,59,24,13,78,52,11,78,9,92,21,49,63,2,55,74,96,89,57,55,6,2,17,1,33,28,65,79,21,24,77,78,69,11,96,98,45,82,94,79,10,46,43,81,69,78,49,32,16,80,87,83,10,10,0,48,61,27,82,89,2,55,31,31,64,89,24,52,91,95,70,96,14,83,92,19,17,99,92,69,5,37,29,75,58,13,5,43,89,90,30,40,4,47,59,30,57,15
80,15,1,48,41,34,77,61,24,30,32,64,54,85,12,97,11,57,62,38,82,14,97,21,40,37,63,26,77,37,55,26,47,11,58,54,69,20,8,4,35,52,38,99,27,88,37,29,80,88,82,67,29,57,12,18,63,41,87,26,38,63,81,98,60,19,13,31,53,52,90,31,95,7,92,34,25,32,75,21,3,22,56,7,49,92,42,73,78,24,76,59,75,24,91,100,16,87,77,86
64,67,70,58,69,66,8,96,48,90,64,16,19,86,94,3,75,10,29,0,45,12,85,29,55,8,13,42,44,21,55,55,27,63,5,0,70,25,59,60,93,39,54,43,65,67,73,6,94,95,79,99,26,45,70,46,51,55,60,39,54,55,31,41,11,40,36,21,84,28,13,5,1,35,96,45,34,9,77,98,7,60,55,73,64,9,99,39,14,58,15,76,43,58,80,10,6,73,4,25
53,12,94,16,58,88,0,93,75,79,29,43,33,17,48,74,64,76,9,35,13,4,7,7,69,61,15,2,36,64,43,22,40,100,25,25,19,91,20,6,62,94,31,94,84,91,80,96,76,94,90,14,22,12,15,80,16,13,20,85,32,72,44,82,76,96,36,24,29,25,17,95,63,50,58,3,11,18,48,0,86,53,39,47,33,44,85,41,8,26,66,74,3,75,76,76,38,20,12,38
57,56,2,34,85,10,21,38,27,33,38,83,16,24,0,74,3,42,33,34,55,28,16,52,30,95,5,97,68,88,30,71,75,19,22,14,62,36,80,22,31,92,26,97,8,25,47,47,17,44,40,90,0,90,28,3,30,82,45,49,85,47,84,68,53,98,11,83,21,29,74,32,35,62,61,44,35,65,98,85,37,60,14,76,66,88,65,98,43,76,74,35,26,8,86,64,57,19,1,7
59,63,74,39,93,24,18,91,15,53,67,55,62,51,72,59,57,74,43,77,64,48,4,22,85,65,51,55,6,40,66,6,33,82,1,7,74,42,82,61,93,87,26,38,46,8,94,2,60,96,85,61,96,51,32,100,54,79,0,9,94,3,16,53,83,100,9,23,70,83,5,80,49,8,57,57,59,76,72,13,16,45,55,2,83,16,84,85,63,85,57,30,56,13,5,58,22,10,83,34
20,17,4,81,54,15,56,98,50,51,14,82,69,67,17,12,38,3,34,17,59,73,13,46,3,96,44,23,62,70,97,39,47,99,76,90,26,13,67,89,93,3,5,23,64,95,12,51,56,67,14,20,19,76,36,87,47,27,9,15,25,59,99,82,23,11,26,88,9,20,23,44,20,36,30,97,12,7,84,96,47,17,30,96,15,85,38,64,60,16,79,22,60,90,2,72,62,19,40,10
33,92,47,16,90,11,8,41,67,44,97,8,75,48,36,22,61,69,35,27,29,46,3,99,73,42,28,92,60,7,44,71,16,9,72,74,43,95,9,43,82,80,23,92,50,50,63,38,5,10,77,26,3,8,30,73,100,55,23,29,35,83,26,9,94,57,55,48,51,12,91,77,46,16,24,71,55,81,33,98,29,2,4,41,92,88,35,11,75,88,21,66,17,100,70,3,54,8,19,70
35,18,47,6,23,19,63,99,86,79,16,41,2,94,8,57,41,25,65,84,56,89,40,63,13,97,69,9,53,73,18,79,30,100,7,57,25,18,16,9,93,41,65,45,94,20,73,78,98,33,54,61,17,28,44,91,21,76,67,89,20,21,93,65,31,19,14,97,29,2,77,75,64,69,45,68,90,29,8,48,59,67,71,100,85,24,83,88,74,83,98,23,91,6,19,51,85,81,81,64
63,1,49,72,38,89,99,92,16,19,92,87,53,44,56,1,68,75,34,91,32,56,86,85,1,87,74,94,77,90,4,57,85,60,30,36,35,50,75,18,49,6,20,66,28,45,57,27,55,13,64,69,32,84,36,94,84,77,35,14,43,79,86,100,31,28,38,88,48,45,98,80,14,28,87,44,14,11,50,84,56,37,46,16,33,67,2,85,29,21,62,85,49,13,85,32,28,73,42,46
11,57,86,11,86,29,30,70,70,66,21,39,6,67,54,11,31,57,8,81,35,63,41,22,70,21,99,60,73,26,99,0,34,90,23,13,96,84,2,4,57,79,16,51,60,20,87,66,90,86,15,45,22,53,54,20,70,43,24,78,5,15,88,5,9,74,46,75,15,20,8,31,23,48,47,87,9,26,30,93,15,11,65,79,12,60,53,83,91,26,23,50,4,4,47,96,17,1,30,29
82,69,79,84,7,40,26,85,96,82,69,18,99,56,77,98,14,90,9,36,79,36,9,47,94,39,16,8,74,41,35,53,18,18,13,86,76,87,49,71,24,15,34,35,97,44,91,13,3,41,56,47,82,99,20,35,72,99,95,47,82,41,3,97,47,2,79,27,52,88,79,89,78,29,70,66,65,25,20,79,22,25,33,16,69,17,29,55,97,33,57,75,49,37,87,61,72,65,4,89
100,7,39,36,96,57,96,96,68,58,29,22,26,77,42,40,8,79,99,10,90,7,58,70,13,26,72,46,38,65,49,24,86,89,33,61,88,94,49,63,39,22,87,32,11,75,74,93,90,78,52,84,31,87,73,74,10,36,1,52,77,55,30,54,74,32,80,7,37,46,24,98,20,28,93,31,15,70,27,1,33,62,99,58,100,5,57,35,93,14,21,82,96,13,19,63,56,87,74,45
69,72,43,77,87,49,59,55,3,38,42,61,18,52,57,3,42,93,36,84,34,12,100,79,42,87,8,44,40,96,57,45,79,50,34,21,53,96,28,51,37,15,72,18,51,28,65,47,39,83,9,62,24,18,77,69,64,71,4,54,21,62,85,35,84,16,37,91,91,97,1,59,5,1,9,52,50,20,36,81,11,17,59,59,80,11,47,72,38,47,93,70,5,29,48,27,59,90,76,58
44,41,90,71,54,67,87,74,26,39,29,70,29,96,17,98,100,5,58,0,69,91,60,53,32,99,61,12,31,61,61,47,24,59,57,96,83,90,75,59,80,29,43,55,11,0,45,91,58,41,48,58,50,20,83,27,13,29,5,71,47,83,20,4,11,5,42,77,20,27,62,80,77,100,22,50,81,61,47,97,59,94,33,84,26,34,94,25,24,52,96,5,10,16,78,59,1,97,64,55
66,95,51,95,42,54,35,37,88,59,2,38,38,19,4,71,7,28,51,2,80,48,22,45,10,96,0,62,42,21,8,72,91,65,2,46,56,64,67,66,29,69,73,19,90,12,83,74,69,23,3,19,62,71,92,33,61,95,61,58,98,23,14,9,28,59,44,82,19,36,44,9,21,82,60,86,91,21,45,56,83,10,59,87,62,52,92,62,95,36,37,12,64,22,43,88,28,31,18,99
54,31,45,48,4,16,54,80,94,72,43,29,25,100,89,27,90,99,55,1,19,97,15,98,53,13,41,51,56,45,28,4,57,6,35,6,80,61,82,0,90,46,21,16,5,88,20,71,63,94,71,43,77,80,40,38,68,47,36,10,30,84,69,76,3,10,10,51,55,60,24,24,26,52,32,27,53,35,58,17,87,62,39,74,44,87,8,93,70,27,63,91,89,100,66,9,23,51,74,28
65,14,9,71,11,46,79,20,100,70,58,64,18,8,33,44,35,43,3,45,39,43,16,18,99,9,17,44,52,84,37,48,96,73,57,51,96,66,1,100,67,70,90,54,0,59,23,64,40,12,91,94,58,37,76,61,81,47,75,10,77,18,12,12,15,55,79,37,34,57,86,22,95,70,29,32,61,93,1,93,99,41,76,11,21,36,73,75,8,11,76,9,63,62,21,39,35,49,27,85
38,13,96,30,85,46,84,39,17,21,88,45,91,74,36,76,26,62,80,3,76,43,84,96,73,30,11,88,27,50,1,82,85,89,15,86,45,26,11,87,83,99,39,94,12,67,71,10,54,9,46,21,30,0,14,27,6,92,71,99,80,4,28,28,58,94,44,4,86,26,80,57,85,81,91,76,78,1,53,9,33,38,85,26,36,24,74,96,93,53,74,79,35,24,54,14,42,40,6,78
89,70,19,76,73,72,20,72,26,87,19,70,67,37,0,13,84,26,68,48,66,71,21,66,38,94,94,3,99,67,9,66,85,77,95,71,59,75,6,57,19,72,70,70,93,47,4,44,60,83,5,43,70,83,82,12,33,34,81,4,7,50,83,91,52,80,95,52,18,92,54,68,55,36,10,24,89,73,56,71,63,30,20,54,23,46,96,49,8,49,60,12,11,3,71,49,44,13,33,12
98,53,28,35,42,66,69,62,31,34,79,96,95,37,4,75,31,52,25,30,12,13,44,10,74,93,30,24,22,33,17,3,83,3,80,22,14,35,63,80,75,24,16,18,19,58,64,41,3,56,67,2,48,10,33,23,64,3,14,90,79,19,9,83,47,95,28,86,69,74,48,26,2,63,72,16,5,29,65,98,51,3,76,92,40,56,26,4,77,100,71,17,5,13,70,25,30,46,74,37
22,72,17,0,87,7,35,65,16,38,68,21,71,29,90,13,40,36,29,16,54,27,30,1,13,73,85,21,78,39,94,74,16,96,1,51,14,45,46,14,81,32,14,96,81,76,97,6,65,18,80,4,77,72,21,73,58,3,71,29,21,28,18,54,65,70,36,81,9,84,78,10,79,92,27,64,9,80,29,19,9,58,43,20,56,49,88,22,92,23,54,23,12,74,2,11,17,39,77,3
44,79,49,33,7,93,79,28,82,1,79,3,39,46,99,76,24,99,34,56,18,9,39,25,43,92,62,72,99,89,51,22,19,9,45,62,9,28,7,83,11,3,74,66,11,90,32,92,42,56,11,68,62,7,18,50,43,10,51,18,7,7,7,2,44,37,85,0,98,76,18,82,86,28,17,59,7,38,33,41,35,99,22,24,35,73,7,100,30,42,51,100,39,47,92,65,25,16,91,53
57,15,34,11,63,36,58,64,69,81,51,19,36,12,34,73,72,55,93,69,69,88,42,83,49,75,50,93,11,47,17,83,69,66,61,76,28,83,64,44,35,20,95,13,32,73,9,63,18,53,81,44,12,11,86,72,77,79,62,67,100,65,89,78,44,2,56,76,24,83,80,38,44,17,44,37,1,91,48,23,61,99,50,31,85,47,9,22,8,52,77,9,11,45,29,88,67,67,41,92
64,13,85,59,53,78,17,12,27,11,74,92,93,37,53,39,6,34,67,77,55,79,90,63,62,73,87,1,40,78,12,24,10,30,3,50,99,40,15,66,89,66,74,51,36,21,12,69,37,42,21,10,66,32,34,22,47,95,98,12,18,22,4,3,100,17,65,31,53,31,99,51,39,75,99,78,81,3,22,17,15,82,32,4,36,7,13,17,94,91,19,46,75,9,31,97,19,6,24,2