40,56,88,53,55,55,25,88,99,81,28,27,65,5,69,32,57,78,10,37,2,37,71,96,3,1,57,44,79,42,40,37,38,76,60,22,93,1,93,78,87,36,94,46,92,44,61,62,66,1,72,95,9,42,82,0,60,5,15,2,42,7,78,76,6,23,89,37,88,93,44,56,74,16,12,62,46,10,18,73,42,50,6,52,77,43,70,91,59,2,20,77,3,69,14,67,70,37,86,76
56,52,82,10,17,77,13,41,40,56,44,91,0,98,42,4,39,50,39,49,60,26,3,29,81,22,31,89,24,45,35,97,99,73,70,13,59,50,24,86,79,69,27,5,61,17,95,48,71,30,85,25,98,52,55,99,59,2,47,35,27,47,11,32,58,82,77,8,49,11,29,30,4,1,52,24,59,82,54,47,78,80,75,37,35,42,46,78,22,16,58,45,55,47,14,8,94,89,95,33
64,74,96,41,61,55,78,60,47,34,16,41,92,32,44,66,82,35,6,95,82,11,3,67,70,13,98,10,59,90,6,52,66,24,70,77,88,42,66,85,25,66,62,11,85,76,67,44,29,84,45,34,22,96,9,86,68,14,60,34,87,15,100,84,73,95,65,3,66,21,75,73,64,52,97,95,81,37,24,38,40,80,24,21,68,53,27,9,41,37,96,60,30,75,86,94,85,23,6,60
58,75,80,23,19,37,72,74,3,75,17,52,61,26,99,25,3,22,96,9,99,63,64,37,5,36,89,87,65,83,4,24,71,74,33,40,47,49,9,6,99,85,22,73,37,98,14,85,11,12,28,52,53,99,46,2,95,62,73,46,97,62,46,39,64,63,82,84,2,73,0,12,94,26,25,54,48,88,38,67,20,89,73,60,70,40,50,50,50,35,30,48,26,21,23,6,96,14,40,91
25,13,30,10,40,43,51,38,76,56,85,68,13,38,81,44,48,27,77,91,72,1,48,58,53,62,34,50,50,39,66,11,67,22,67,73,76,52,71,5,69,6,95,14,51,71,67,47,19,90,46,2,2,5,35,59,59,27,72,63,26,70,53,65,77,47,42,88,49,36,49,81,14,83,33,1,95,73,68,96,3,76,38,3,46,48,6,68,17,15,46,0,92,61,68,55,94,31,31,66
17,81,21,51,16,27,74,12,41,11,28,86,96,87,66,26,72,100,15,26,73,84,91,77,64,46,61,73,60,23,76,35,35,41,79,95,100,80,26,5,85,96,22,76,47,90,19,10,68,50,48,77,72,14,86,65,51,77,47,20,66,97,97,13,23,11,42,63,0,1,94,15,1,16,42,42,27,62,18,13,2,52,99,74,63,24,77,46,12,82,5,1,3,86,85,75,18,36,46,90
33,37,71,39,93,94,97,66,86,66,63,59,8,72,46,47,34,29,18,54,8,2,22,73,40,58,58,4,38,14,43,36,22,84,27,86,94,51,26,53,26,14,18,65,61,38,75,83,70,51,50,99,23,5,65,16,20,39,35,25,52,63,76,0,6,83,42,91,30,48,14,18,94,0,78,23,69,34,0,35,6,53,41,45,32,68,84,1,40,54,53,51,21,92,76,7,77,70,8,55
45,74,31,22,34,47,86,62,15,14,94,22,64,8,62,33,2,77,75,4,46,48,15,12,29,33,13,0,92,7,85,44,71,5,40,82,37,79,61,86,74,8,72,78,61,15,64,34,55,14,54,0,7,70,4,3,32,46,97,29,88,88,42,13,37,71,10,8,26,3,73,67,91,83,54,76,74,55,85,37,20,21,61,5,95,78,96,34,15,86,29,47,54,92,81,99,67,2,27,30
44,9,25,97,57,100,47,44,6,73,39,53,10,53,22,60,48,80,91,86,54,4,30,58,74,80,17,39,98,2,45,93,91,62,33,42,29,44,34,52,76,26,53,39,67,97,90,77,33,78,34,9,35,34,7,25,47,46,88,30,82,16,28,65,72,38,6,10,97,3,73,51,90,43,95,79,38,86,81,89,85,72,72,46,70,92,25,7,73,99,27,78,99,38,80,88,74,56,61,60
34,16,3,26,21,65,86,46,95,89,94,49,92,22,14,37,7,71,77,99,15,47,3,6,47,55,23,17,85,22,37,34,12,21,19,12,61,36,68,82,16,81,79,4,46,27,2,4,18,30,49,21,28,31,36,43,76,37,43,93,45,48,88,67,26,51,83,99,10,59,21,3,75,67,52,14,41,7,21,59,21,34,32,26,33,13,91,85,8,54,21,51,71,9,83,70,74,36,19,7
0,71,19,91,70,1,45,86,43,92,22,20,42,53,54,26,21,0,29,65,69,70,46,72,100,40,1,79,0,4,8,48,16,63,97,44,64,21,25,53,32,50,54,29,98,35,94,84,7,52,43,93,7,1,9,32,16,39,67,75,66,20,3,21,85,78,12,15,22,59,30,47,58,58,100,17,5,8,87,3,6,48,83,1,25,35,42,21,91,67,48,3,91,76,52,1,8,40,73,72
41,47,17,60,88,87,36,9,58,81,63,87,83,85,7,40,52,77,30,80,9,74,19,100,11,78,98,98,81,86,35,74,36,96,83,84,42,83,67,2,75,22,87,24,85,17,78,31,26,98,36,79,1,33,61,90,97,89,63,51,71,13,76,96,28,86,81,75,61,58,86,14,31,66,87,6,35,44,40,96,43,45,82,43,49,6,67,84,34,9,19,71,42,69,39,85,34,13,20,8
84,26,100,37,96,31,35,44,30,15,38,45,55,79,24,71,75,89,19,39,89,33,4,21,6,41,25,26,5,94,11,75,87,84,34,95,49,89,92,90,25,17,44,24,95,90,9,15,3,30,95,0,26,1,93,69,96,14,77,84,33,59,72,7,26,27,100,36,70,100,21,89,2,12,49,30,40,52,63,0,66,81,11,34,77,46,21,52,56,87,74,38,26,20,51,89,46,94,73,52
38,9,27,48,38,23,7,67,4,97,72,64,12,61,92,11,55,24,27,85,49,29,57,65,43,48,30,84,49,2,89,38,38,3,43,93,46,31,65,3,12,87,20,67,4,55,39,46,4,17,5,0,29,28,1,61,44,50,22,57,23,37,53,92,96,86,47,11,56,40,76,41,14,29,22,77,78,35,29,5,47,1,86,90,22,40,84,99,64,54,5,34,22,69,82,55,81,100,33,10
12,77,97,2,75,88,76,8,98,46,37,98,45,89,13,31,22,87,85,72,96,72,43,66,38,89,67,39,78,50,19,27,80,11,10,49,80,96,50,69,31,13,78,14,93,36,51,29,49,52,22,81,85,96,25,68,77,94,45,17,59,27,48,11,82,70,5,82,40,53,100,80,78,30,58,79,17,11,63,10,2,9,80,22,72,3,62,44,85,86,26,87,57,74,91,4,47,14,16,43
28,65,59,23,61,82,26,97,71,54,25,52,6,45,7,38,2,64,19,57,67,84,54,10,92,47,93,30,36,46,86,64,96,96,96,82,69,43,85,83,35,49,73,8,78,68,22,26,99,86,39,51,68,51,45,14,12,81,69,59,42,31,64,7,18,78,40,61,26,95,74,50,23,89,94,21,67,23,92,8,94,11,22,85,87,73,26,86,95,0,73,34,0,9,77,56,68,52,80,64
51,60,31,97,80,63,56,43,23,61,97,42,20,35,36,86,89,31,57,0,28,61,5,23,0,26,88,44,98,74,11,4,17,77,24,6,0,9,7,77,6,32,83,31,100,98,72,5,83,73,3,92,90,6,82,73,82,37,57,1,5,47,93,63,4,13,93,68,60,74,71,54,39,2,43,87,57,36,62,84,0,61,3,22,24,44,41,63,5,40,7,10,40,0,52,31,7,49,27,12
14,88,17,63,24,76,18,7,92,66,44,8,18,0,62,1,30,21,56,67,31,96,16,36,48,57,27,21,17,97,98,35,77,50,56,94,23,68,96,88,74,56,77,69,53,65,52,29,68,86,71,24,7,42,92,75,98,18,83,51,40,2,69,55,41,84,11,76,29,26,33,84,76,90,80,96,67,68,29,79,34,48,14,24,20,17,56,56,10,88,52,14,45,41,66,81,88,0,64,49
67,81,94,77,11,80,43,94,23,70,78,16,89,43,86,24,21,96,27,6,9,44,7,26,48,36,32,88,38,4,58,91,3,4,78,30,68,52,13,59,90,81,67,86,32,12,50,7,42,87,21,27,20,30,55,98,57,97,2,91,71,94,97,74,49,60,54,78,85,21,5,62,4,50,5,21,95,34,93,31,3,77,71,36,6,93,82,58,89,85,92,18,43,41,58,7,14,41,22,67
53,12,82,53,74,1,1,39,41,12,64,6,35,79,41,55,51,24,90,24,25,92,32,7,51,74,44,98,92,37,84,9,26,43,95,21,74,20,82,39,72,35,17,94,40,47,100,66,46,20,77,2,71,75,67,42,34,91,100,11,57,77,52,34,27,3,64,51,51,82,69,17,32,8,93,75,6,40,17,90,29,38,67,87,84,68,37,58,29,2,28,23,72,29,19,76,60,50,93,77
16,55,3,65,62,15,22,0,76,80,36,57,25,39,31,85,10,2,90,12,80,49,16,52,100,64,64,29,0,47,35,58,96,94,87,97,98,85,37,99,39,14,13,6,71,37,59,98,59,86,17,52,36,94,3,100,18,37,85,47,84,28,67,66,68,21,6,6,37,81,53,66,73,90,9,63,43,61,14,33,25,41,49,57,31,28,44,79,30,54,78,46,78,5,6,13,37,10,88,25
66,71,94,44,60,26,21,14,98,37,61,32,90,43,65,85,73,38,74,83,80,68,89,5,59,12,100,95,88,86,22,6,80,46,63,98,13,87,20,93,79,60,80,60,88,76,74,41,25,78,98,13,21,80,69,92,14,48,82,86,94,11,1,31,57,91,9,53,58,98,23,5,63,95,32,89,14,34,52,35,6,39,47,33,52,4,66,15,68,46,99,72,14,29,8,46,4,41,90,62
89,77,43,44,7,99,55,47,46,89,85,82,3,78,60,87,83,82,89,58,55,50,100,81,55,57,43,79,52,14,34,37,55,22,26,38,77,80,36,75,96,52,1,78,70,37,92,100,45,76,89,95,13,26,69,45,86,17,0,22,44,58,4,98,64,8,24,18,2,96,84,21,15,68,38,2,9,5,31,24,29,12,73,24,72,46,27,100,27,32,10,82,85,7,55,61,42,60,59,50
74,17,44,60,46,10,75,23,95,23,20,95,47,4,53,29,25,73,60,91,86,11,24,40,9,9,24,86,22,3,98,98,61,52,12,54,91,37,47,74,78,75,86,49,32,18,16,93,42,59,1,4,82,56,65,19,15,82,99,90,21,93,59,0,28,68,97,74,57,40,88,29,89,42,45,54,40,68,57,35,26,76,66,35,84,77,47,33,12,3,44,2,18,22,55,89,13,17,78,26
15,2,13,50,25,72,57,6,91,28,56,44,54,44,18,39,17,37,10,25,83,28,43,12,98,100,74,10,91,17,94,18,31,50,18,53,67,9,32,83,33,47,100,71,87,98,16,84,58,97,74,14,73,83,3,71,67,62,17,95,1,41,22,30,1,21,15,75,6,25,76,31,17,15,68,94,6,2,78,79,83,74,47,67,98,71,1,38,56,89,61,36,87,75,73,79,39,96,65,95
18,66,41,22,87,25,32,16,81,37,64,100,99,98,47,23,100,55,82,51,35,60,70,85,34,38,51,11,59,38,33,9,65,84,63,98,42,73,99,19,40,68,63,60,48,88,88,54,3,81,46,94,20,9,15,94,100,96,23,46,98,1,67,25,4,31,61,26,58,65,11,87,46,93,44,74,51,20,65,81,11,22,32,55,54,7,31,50,13,79,6,69,90,81,82,91,66,47,79,53
83,35,3,40,94,34,37,90,3,47,1,72,63,75,54,21,94,84,14,33,13,13,17,48,25,51,68,97,70,27,53,0,12,13,87,54,51,47,72,7,70,95,69,95,68,42,96,1,73,48,79,25,99,94,55,0,60,30,61,75,43,83,22,60,73,78,79,28,37,74,67,57,15,7,73,4,34,52,90,7,71,69,55,35,17,36,44,62,62,22,13,81,70,5,33,41,15,56,96,41
79,30,68,17,99,55,15,100,47,38,14,8,81,9,39,46,77,51,77,73,44,4,36,42,86,77,34,29,74,71,30,0,13,31,16,61,42,89,45,1,78,6,49,56,83,42,72,81,82,27,44,93,96,18,74,23,48,26,33,45,62,6,61,6,11,5,76,80,61,91,63,9,96,75,21,33,62,79,94,38,50,65,76,88,74,28,88,46,81,15,21,14,12,27,31,85,38,77,41,90
39,58,83,67,33,7,90,27,97,80,39,92,38,14,83,5,35,39,92,36,0,11,26,76,91,60,21,26,22,7,78,52,44,80,79,86,22,81,32,61,69,94,65,48,99,30,84,37,74,71,6,77,87,80,80,67,16,26,45,76,44,56,33,12,41,67,66,0,17,63,97,44,59,87,67,5,50,14,27,27,35,26,29,77,29,2,38,89,49,37,80,22,43,94,43,100,45,44,82,22
21,72,32,80,79,62,58,13,57,94,90,80,73,75,29,87,5,28,52,73,5,74,86,85,68,9,53,55,71,24,95,45,85,57,67,43,80,23,69,48,64,42,60,95,14,69,24,14,84,85,75,97,88,28,10,3,93,92,15,51,59,31,81,69,75,56,57,69,93,23,14,72,78,20,73,93,80,82,53,85,65,43,36,30,46,22,90,2,69,50,88,23,69,70,45,73,84,66,100,37
17,53,12,63,91,11,42,61,80,58,97,39,36,46,56,72,67,100,9,49,4,9,55,0,80,16,64,93,37,89,88,14,6,39,72,73,30,70,69,53,96,76,40,75,67,78,81,10,51,87,77,43,3,15,96,35,44,98,36,86,8,25,66,58,99,28,52,96,2,79,55,96,25,38,100,49,9,58,32,43,78,53,83,49,82,67,24,19,31,93,32,56,32,33,66,27,58,48,80,62
95,4,47,74,58,3,91,90,30,41,95,98,64,59,66,97,100,75,11,55,1,62,62,77,18,75,54,47,54,71,15,22,34,95,79,51,47,84,52,80,16,66,15,73,53,88,87,15,39,14,84,38,92,80,77,96,40,56,30,85,55,86,6,40,41,69,8,89,2,89,28,57,24,34,62,62,80,27,74,20,15,53,10,56,18,1,80,42,13,84,44,46,67,43,100,3,5,77,69,81
7,90,64,98,4,81,89,33,40,67,29,48,75,16,42,44,77,92,16,3,41,68,40,87,11,74,60,19,42,33,66,24,54,15,37,88,11,2,53,64,95,15,31,45,52,72,54,39,93,59,31,41,74,87,12,44,73,77,16,87,82,8,34,40,99,46,76,4,40,30,55,61,1,100,9,76,24,49,75,73,84,57,7,96,8,5,69,75,87,67,19,14,13,61,65,71,30,61,53,69
62,79,19,58,89,31,30,84,79,48,23,58,93,54,93,73,69,89,64,22,71,38,29,62,96,25,77,67,92,55,69,83,43,62,49,97,75,26,87,38,4,65,37,13,69,25,26,89,4,24,20,21,7,41,33,25,64,22,50,97,33,63,36,79,89,96,45,62,11,28,49,7,2,100,52,53,89,53,2,73,33,31,100,63,11,85,29,8,24,4,81,64,86,5,61,72,27,71,26,11
85,76,11,95,8,43,22,5,44,28,64,10,18,98,97,7,24,63,39,40,52,88,38,35,77,82,18,60,67,45,0,78,78,9,78,66,28,80,4,91,83,60,72,87,35,87,89,86,44,38,80,96,100,8,59,61,6,64,12,55,63,58,18,27,10,39,38,69,25,18,0,77,6,82,91,44,8,87,37,20,67,21,59,41,1,0,41,74,87,57,33,87,13,58,64,68,45,82,40,78
17,41,62,20,53,72,69,90,99,10,18,84,2,16,44,13,16,63,74,28,31,75,49,58,56,78,49,60,65,61,64,2,80,77,28,54,48,81,64,11,7,59,4,8,72,66,82,70,43,17,92,7,93,18,49,55,2,49,82,68,19,78,68,61,30,9,6,21,45,69,78,15,69,2,30,51,42,30,35,68,83,39,81,10,19,22,65,67,11,66,68,45,33,41,5,45,19,13,42,92
65,47,1,45,78,26,18,18,73,5,8,91,23,15,42,94,23,94,79,32,64,42,60,90,55,64,3,73,23,58,32,14,3,22,8,11,58,81,53,96,37,66,56,100,53,98,66,91,62,15,95,92,54,42,0,48,95,81,72,68,67,22,69,67,10,75,69,24,46,51,18,29,33,61,86,18,33,24,53,41,61,28,8,52,3,14,96,83,73,51,54,93,55,100,4,35,62,82,20,95
28,66,49,58,33,62,92,86,30,12,74,6,41,62,4,51,0,60,15,19,65,60,41,31,26,49,47,95,85,11,26,36,27,38,10,26,19,12,30,75,52,36,57,51,63,13,26,9,49,29,4,30,94,43,75,100,90,53,7,39,73,4,38,59,73,84,31,27,54,38,1,69,53,100,88,24,14,57,51,61,72,80,40,57,58,17,98,26,50,53,78,86,82,21,81,77,78,67,1,90
74,70,27,50,53,97,31,13,98,51,47,84,46,75,89,96,8,16,61,37,80,97,80,23,3,9,15,12,79,14,71,28,76,87,29,32,78,83,76,79,19,43,30,89,5,24,37,48,7,17,3,26,23,44,65,31,56,67,67,63,12,67,16,24,71,80,15,69,1,46,38,9,63,24,75,69,84,25,8,91,63,82,28,71,90,76,5,77,44,7,54,31,72,2,88,83,81,14,32,23
38,92,15,9,47,39,90,49,83,82,65,45,33,83,68,56,71,17,50,78,32,21,90,62,49,93,39,46,93,98,5,68,33,75,76,77,70,41,85,20,59,37,6,99,74,74,67,60,31,50,7,31,2,63,5,29,76,56,2,5,57,41,92,61,62,38,51,26,47,2,88,87,82,15,90,67,77,47,76,43,56,64,98,32,45,90,1,31,78,6,21,48,50,96,10,85,44,95,38,22
18,57,46,13,65,83,40,65,86,14,2,13,40,16,6,25,43,92,54,55,99,3,42,29,67,86,98,15,100,10,61,73,34,13,50,66,15,79,12,16,55,93,20,91,16,55,7,5,91,15,69,89,5,43,78,99,15,74,62,12,30,17,93,19,38,8,81,32,30,35,81,5,91,19,32,26,82,96,77,17,0,96,38,28,40,42,82,3,48,46,79,18,4,44,66,71,73,89,12,95
77,16,66,60,12,47,6,50,9,89,12,7,62,63,19,16,11,99,28,47,25,89,98,81,64,23,85,54,61,81,54,11,43,24,95,48,92,35,75,70,94,100,89,46,95,72,54,21,70,97,74,14,68,11,53,7,65,83,11,91,4,23,51,71,77,92,2,83,65,3,25,67,22,86,41,30,60,81,12,45,45,95,79,15,58,89,15,12,24,71,47,87,33,23,46,5,7,6,1,26
18,90,16,33,12,6,32,89,46,6,75,34,88,88,49,97,50,36,13,60,82,4,0,41,53,36,100,44,91,80,31,38,31,91,47,82,47,15,67,97,78,43,77,69,17,36,92,66,95,38,12,23,74,80,99,11,13,55,86,7,4,94,59,1,36,65,33,0,8,100,27,34,59,47,55,15,84,27,25,37,57,40,1,64,24,90,50,15,83,78,30,65,56,19,88,77,21,95,66,12
64,77,40,10,93,74,45,100,45,9,88,56,97,29,2,85,56,90,44,4,2,99,66,45,80,28,60,17,23,30,76,65,89,23,12,28,20,59,61,38,81,91,76,15,5,68,69,20,58,66,41,3,74,73,89,78,17,60,12,38,98,54,97,54,95,48,17,99,57,71,27,11,47,11,50,7,62,91,89,93,13,17,28,21,57,67,24,3,79,43,90,99,36,94,11,34,90,8,32,96
13,11,87,29,76,5,99,62,58,6,35,30,16,54,1,16,33,100,30,40,7,69,77,9,5,68,50,96,15,5,86,10,50,4,55,52,92,23,75,96,34,41,80,71,98,74,69,37,7,41,24,9,46,66,4,26,53,60,13,34,3,67,52,68,97,91,36,61,77,54,48,92,52,83,58,76,36,35,94,12,91,57,7,66,78,40,10,75,99,69,56,77,95,46,79,23,32,94,59,69
61,95,93,3,54,32,2,10,34,63,93,90,53,52,3,41,70,52,87,49,18,28,56,45,80,59,46,33,65,64,68,37,7,38,17,79,76,59,95,8,86,31,11,82,68,34,60,68,61,58,16,94,24,19,0,92,67,42,68,81,82,64,83,41,65,64,16,25,62,36,33,38,11,10,42,53,75,69,42,36,51,20,1,78,63,49,93,77,99,81,22,87,17,84,92,92,4,40,81,59
97,32,33,26,30,19,21,73,96,70,91,63,32,92,23,95,1,12,80,100,98,77,34,94,65,25,99,16,83,63,58,95,93,50,62,54,73,83,32,77,91,22,87,52,17,69,86,27,25,18,8,45,75,41,30,62,77,23,0,62,15,20,51,40,9,70,2,50,93,86,17,16,20,38,41,84,10,4,93,11,35,99,36,55,38,10,4,5,54,64,98,46,13,94,9,84,11,89,36,100
30,50,49,31,7,78,21,2,93,42,18,92,87,84,17,20,79,93,96,40,91,63,100,48,22,37,88,65,97,19,57,84,93,15,57,27,16,4,46,0,3,67,58,63,28,8,62,50,70,33,5,25,81,15,44,64,74,88,99,85,5,69,62,31,25,59,20,86,11,68,16,87,48,52,63,89,76,15,9,57,61,71,85,0,86,42,14,97,32,20,21,55,76,5,61,64,35,10,73,8
64,88,82,30,88,11,77,17,18,83,1,70,2,83,2,34,14,76,85,73,66,65,27,79,22,2,60,49,62,48,94,54,33,31,82,63,13,68,35,85,54,13,64,46,51,16,97,36,19,32,25,84,45,31,60,71,39,75,52,10,49,46,63,52,12,26,89,75,5,50,43,72,99,47,83,90,50,13,76,75,100,14,65,29,80,64,88,1,77,76,51,81,98,41,2,96,55,30,94,29
48,83,40,78,35,46,7,93,60,19,79,43,16,16,74,74,58,76,75,61,66,86,17,63,52,56,63,12,36,10,81,74,65,100,63,29,76,39,92,70,9,14,91,8,82,9,56,46,61,45,43,60,15,0,55,50,46,56,88,84,75,13,98,40,30,66,61,51,32,73,79,21,75,87,42,99,41,15,46,78,5,100,38,95,14,36,38,90,5,28,19,46,8,97,46,8,38,13,95,91
30,46,93,94,54,87,63,98,79,60,58,34,72,87,47,100,53,7,98,38,9,10,20,6,100,13,7,39,33,87,87,23,80,33,70,86,98,31,16,4,68,8,42,51,40,31,77,5,70,45,91,54,91,51,34,43,60,20,89,46,91,72,67,44,29,15,13,41,42,3,29,32,77,85,60,22,15,14,6,51,72,88,37,28,49,33,98,69,22,82,89,48,35,11,79,3,72,70,75,98
95,67,11,59,54,32,92,40,28,88,96,90,76,96,69,87,92,11,58,51,7,41,22,60,4,17,99,32,60,45,72,17,81,93,38,95,35,91,96,92,43,68,57,0,0,4,43,46,44,36,40,77,30,39,55,68,4,75,30,20,0,73,37,65,87,91,86,4,83,59,75,25,51,86,18,8,28,21,22,65,10,69,10,33,83,70,87,99,49,100,79,31,89,99,16,33,43,72,11,9
91,55,74,95,97,60,100,6,80,77,76,42,73,100,100,24,55,52,87,35,7,39,96,48,33,41,5,21,90,91,80,57,95,34,52,35,48,87,24,25,72,39,48,58,58,10,35,5,24,56,77,79,23,37,2,85,1,22,96,51,49,91,90,24,45,69,91,47,13,25,19,4,22,1,37,59,45,31,98,61,10,38,8,80,8,6,95,71,72,20,58,16,36,68,95,85,7,96,19,19
80,8,61,70,42,52,44,82,35,75,51,61,76,37,20,18,87,42,22,91,27,11,25,30,87,17,6,76,8,96,7,56,62,70,91,33,36,79,21,95,40,16,4,84,20,2,46,31,54,27,40,8,11,45,6,10,83,51,83,88,55,22,42,62,70,97,48,33,24,68,7,23,86,75,84,3,93,60,88,88,47,38,35,4,63,45,50,20,28,79,8,19,3,79,89,98,62,17,86,19
40,64,91,16,10,99,90,99,25,55,2,78,68,10,80,86,74,77,74,89,82,77,44,82,66,61,65,33,2,93,23,88,82,5,28,31,40,56,0,84,4,45,25,29,35,41,86,100,39,53,2,74,19,55,36,91,36,76,31,14,54,50,59,7,65,16,63,27,24,71,46,61,62,23,11,87,81,81,98,85,45,25,40,34,8,85,54,64,0,35,7,79,77,75,15,35,32,24,38,51
64,64,62,5,2,71,10,29,44,5,34,18,37,69,35,68,93,87,21,85,85,17,0,61,91,24,66,83,78,28,90,29,10,14,68,78,8,58,7,48,45,8,34,99,2,67,49,20,3,82,81,5,6,10,93,4,82,10,48,99,99,32,93,22,65,82,91,21,3,57,61,78,28,20,71,10,23,75,89,89,44,98,86,41,28,44,79,67,21,26,12,30,57,70,44,44,23,19,38,8
100,79,6,59,63,95,72,60,20,90,69,59,42,66,71,71,72,58,35,40,89,83,14,27,42,20,14,65,13,98,58,51,44,54,99,21,54,50,55,12,84,85,43,3,75,66,41,93,55,49,52,97,93,15,1,32,17,83,49,4,53,69,85,58,8,4,86,68,48,32,22,20,58,62,83,80,46,33,63,96,95,53,31,39,84,88,35,0,53,14,6,10,26,89,74,71,91,6,57,66
66,28,90,68,16,22,89,0,24,16,91,8,51,48,91,92,91,71,45,20,13,100,8,46,68,20,24,42,49,54,8,25,55,30,61,67,33,83,51,72,1,52,59,77,99,43,98,18,78,6,13,34,8,7,66,53,33,80,49,92,73,45,10,18,82,25,0,72,24,75,46,3,35,69,37,79,80,69,34,5,73,21,64,1,0,88,94,86,93,26,91,68,26,67,44,57,16,70,46,7
0,60,63,48,42,11,75,50,57,10,99,11,57,82,19,9,99,73,10,34,11,92,100,54,63,54,85,40,13,50,58,90,96,100,0,27,22,61,94,13,48,16,68,63,29,65,17,59,96,11,36,72,60,30,35,75,35,79,0,50,24,37,97,28,58,87,13,30,91,42,2,47,84,59,48,13,2,92,62,26,83,71,79,100,80,51,55,0,54,77,37,89,61,11,16,47,14,6,21,21
44,81,58,94,56,98,84,59,6,64,65,25,11,71,69,30,3,68,90,92,58,56,92,21,89,90,38,93,39,92,22,29,30,64,10,13,46,42,71,68,48,17,2,59,78,68,0,50,85,35,78,79,46,42,21,53,8,50,59,27,27,4,59,26,11,66,96,80,47,73,79,30,67,53,38,92,39,9,81,38,90,92,52,78,16,76,94,85,37,73,35,98,87,41,84,37,60,78,94,58
47,17,61,50,51,41,5,56,24,87,54,72,34,6,27,38,20,68,85,31,60,58,27,72,40,84,54,71,95,74,24,45,65,89,99,86,61,57,89,5,67,8,24,64,24,31,19,20,13,5,36,33,50,99,2,98,9,72,89,13,92,50,28,49,96,88,67,69,31,5,11,44,43,75,45,83,73,97,69,8,80,13,7,75,69,57,33,84,91,30,100,95,70,89,89,31,8,73,14,0
67,16,67,0,31,97,55,1,84,7,55,20,80,50,84,8,65,92,2,20,68,92,40,21,75,91,10,61,27,47,25,17,23,79,8,63,85,48,72,76,29,56,51,84,4,98,33,54,51,39,42,52,34,3,5,52,44,82,29,3,28,34,46,59,37,75,76,38,55,68,7,92,30,23,1,26,79,42,47,16,39,94,13,12,100,87,6,95,100,55,59,62,58,59,88,93,96,3,95,19
52,33,51,24,1,94,77,21,17,45,3,55,52,72,39,36,30,31,85,46,52,89,92,60,75,22,36,39,1,74,28,49,92,36,48,95,63,90,70,75,75,37,88,23,50,69,22,14,60,49,15,97,14,6,58,11,35,2,13,77,4,13,82,69,31,28,58,61,11,58,16,19,19,91,46,46,78,38,91,2,70,92,14,90,69,8,81,98,100,22,100,49,51,4,69,44,38,12,63,64
6,3,10,36,44,63,23,29,20,94,16,16,58,73,42,22,89,84,72,87,54,89,17,7,67,56,50,29,73,80,1,50,53,57,9,11,28,11,19,19,72,51,68,85,53,72,96,87,43,97,19,10,99,50,56,48,44,77,80,58,21,41,2,11,76,10,88,57,83,65,69,2,9,85,28,62,27,69,71,37,38,29,49,43,81,15,69,24,83,72,63,32,81,83,49,2,24,27,41,35
76,20,77,5,11,30,35,82,68,72,96,54,83,5,84,16,100,45,95,20,64,73,32,100,25,57,94,17,68,58,61,38,23,39,78,95,95,3,88,93,85,27,19,34,33,29,95,8,5,65,23,21,41,41,73,93,28,43,36,53,50,64,77,36,68,47,100,15,25,18,20,92,32,65,86,89,7,86,24,63,85,78,45,34,53,19,80,95,19,54,75,60,18,5,54,50,66,44,9,24
30,52,36,32,17,33,72,47,5,56,12,80,28,15,49,41,31,64,83,16,97,5,65,67,49,43,43,91,8,60,69,44,49,84,71,21,96,72,30,88,79,58,60,42,84,30,84,68,35,87,39,92,40,37,57,98,83,29,48,82,59,34,44,27,49,91,74,71,38,20,70,15,47,59,55,69,32,29,66,2,14,34,95,48,91,99,71,25,45,78,39,24,28,30,53,56,96,5,37,97
66,44,17,44,72,20,34,49,35,1,76,63,70,47,22,1,23,35,53,98,20,95,37,82,89,70,14,26,13,99,0,36,21,31,26,30,91,29,7,2,4,23,15,50,86,98,86,55,88,36,58,47,86,4,62,66,74,14,67,38,25,95,3,14,77,25,60,93,48,92,18,99,11,31,99,97,71,66,15,37,13,31,77,4,49,27,1,2,23,21,69,82,85,58,99,95,40,67,63,29
0,85,86,82,3,53,84,45,85,72,93,97,32,26,19,51,82,93,73,1,1,17,41,83,32,10,28,76,60,99,32,58,79,50,90,57,51,21,44,21,91,83,35,47,64,48,21,47,75,59,98,4,67,21,63,23,55,11,13,43,64,44,88,26,26,23,64,70,62,34,14,48,63,24,67,3,70,7,64,41,52,98,16,78,4,73,3,38,3,18,82,52,80,90,97,97,28,53,18,8
27,62,33,91,96,94,75,49,16,56,68,46,9,96,88,18,56,62,8,24,43,85,65,33,46,87,81,7,86,27,47,50,95,54,68,42,41,71,62,31,100,96,95,91,79,22,75,84,7,59,88,93,2,57,45,14,97,1,41,100,80,80,88,5,66,75,60,76,80,58,46,69,37,93,75,56,80,26,69,15,64,40,100,68,55,11,45,61,40,76,77,72,93,53,20,30,31,24,20,27
59,78,77,30,39,28,14,97,86,1,68,16,100,11,99,60,86,18,65,95,42,26,50,63,75,42,9,100,10,55,44,14,19,30,29,0,10,59,46,15,25,39,7,7,48,94,19,6,100,61,10,18,19,81,47,19,5,13,35,24,45,65,52,48,38,24,11,95,13,39,51,28,6,56,24,66,90,86,51,23,1,80,33,38,99,0,14,97,25,37,46,51,70,24,43,41,23,93,25,9
63,58,76,55,7,74,53,5,98,62,18,77,82,8,99,86,51,50,78,21,100,47,95,42,71,12,83,52,77,2,20,18,38,72,47,91,6,58,77,58,11,100,31,32,43,91,71,77,11,100,4,47,15,49,93,66,84,82,13,3,70,12,11,87,65,39,15,17,89,20,98,50,89,3,42,9,73,62,47,27,45,67,81,8,97,73,93,80,32,57,23,15,60,68,33,0,24,60,97,34
51,70,52,66,99,61,47,74,28,6,80,72,47,3,50,42,55,45,92,5,87,36,58,37,14,45,0,21,8,9,5,32,61,82,80,97,18,16,27,74,0,77,16,31,57,27,38,50,91,2,89,59,49,11,99,6,94,14,85,97,70,29,94,62,72,92,94,47,40,49,26,39,6,20,86,45,47,15,2,72,88,93,22,64,1,91,66,33,79,25,85,2,1,39,81,29,58,90,70,37
44,55,25,82,6,56,77,60,68,48,33,43,50,92,47,3,41,16,42,18,38,70,79,59,49,25,25,39,21,32,8,75,40,32,77,81,9,15,21,3,65,7,7,62,51,72,5,67,60,59,86,40,96,64,45,43,44,78,5,38,63,2,26,76,95,31,51,52,43,10,97,53,28,81,100,43,0,77,8,83,95,55,78,37,66,29,73,90,57,77,12,0,60,97,75,56,36,23,30,78
28,47,15,54,62,39,25,51,25,88,67,56,11,57,23,41,48,54,66,4,6,28,31,17,44,68,17,64,65,3,42,85,67,61,69,89,18,77,35,45,93,24,87,91,76,43,92,25,85,80,39,74,80,12,5,96,5,50,7,33,14,98,89,44,37,21,10,43,47,54,91,36,96,70,26,98,73,5,73,83,27,11,99,28,58,31,7,15,10,34,90,2,90,39,15,51,90,57,40,87
100,18,71,81,91,98,83,48,1,16,24,9,75,83,75,51,45,7,27,4,89,23,9,53,7,48,87,65,99,49,89,68,70,2,46,34,19,34,52,97,12,73,53,100,66,30,45,52,69,63,43,19,4,44,8,38,64,77,7,36,18,58,29,55,81,57,43,64,81,19,33,49,78,76,86,58,3,99,73,91,28,50,70,58,23,44,15,75,45,15,89,31,74,44,47,16,93,5,4,39
39,88,5,0,25,56,79,69,33,43,27,44,27,98,87,65,15,63,90,78,17,96,0,80,5,96,80,15,80,54,61,17,86,95,31,4,76,1,75,76,46,16,87,41,88,20,37,99,77,26,21,43,81,86,8,91,7,52,81,0,97,1,64,26,85,54,73,41,38,87,41,15,38,17,34,75,29,29,12,95,4,35,62,80,25,66,77,3,53,22,34,40,24,58,93,11,48,69,40,87
23,92,98,41,30,47,79,28,19,96,36,28,93,5,98,48,73,94,93,75,91,7,1,85,30,39,82,68,78,16,50,44,48,9,21,43,97,21,46,14,6,3,35,78,75,76,54,20,2,87,84,88,36,98,84,12,31,79,59,86,15,83,35,65,54,32,57,11,19,29,74,35,38,8,72,33,6,37,35,53,2,18,11,58,35,55,37,5,11,12,80,98,30,51,91,86,7,51,30,81
35,1,6,40,48,14,94,73,58,37,25,45,73,78,4,94,73,100,76,44,82,48,82,3,3,43,14,79,47,21,22,38,30,34,63,33,95,25,14,72,83,55,73,73,1,70,96,100,31,46,38,1,47,16,14,24,36,19,69,0,1,18,14,42,98,94,97,61,58,93,4,95,64,14,96,85,64,2,33,44,3,15,38,83,40,25,12,51,68,22,2,63,98,45,88,41,37,40,66,23
82,82,26,13,60,43,84,43,85,99,88,3,78,24,64,19,74,43,12,26,49,93,23,76,32,72,26,47,6,72,18,32,4,59,55,17,82,49,3,89,29,48,51,2,97,1,39,69,74,95,6,22,31,4,33,37,23,32,73,15,18,87,81,24,46,100,14,59,24,81,54,47,76,20,93,82,75,55,54,2,70,60,87,49,68,21,30,41,21,92,7,45,23,5,22,73,8,63,67,23
48,91,75,3,75,87,3,6,66,98,30,18,41,88,17,1,7,33,73,23,25,54,29,1,41,93,97,71,93,16,3,97,37,81,69,1,59,70,8,72,40,25,1,49,9,52,39,36,76,29,36,54,36,27,80,29,85,38,47,85,18,64,87,0,78,58,25,1,90,61,26,43,89,38,33,42,34,24,60,94,22,10,79,99,100,37,98,79,32,70,60,30,44,66,71,79,3,47,76,52
80,23,8,38,63,18,36,48,16,89,18,78,55,92,91,25,13,93,62,11,86,10,98,99,36,80,86,45,78,45,9,58,42,88,38,82,81,12,56,2,46,51,57,53,99,43,94,51,100,44,58,65,78,65,14,66,16,1,50,74,66,69,100,17,29,58,49,2,15,65,34,97,39,11,15,10,94,65,4,97,37,17,68,49,33,36,16,41,8,76,7,82,5,20,1,48,37,59,67,22
5,72,96,2,36,26,14,73,98,90,54,97,54,43,97,72,46,48,98,56,55,61,65,26,35,40,56,0,27,14,40,68,34,32,81,81,67,35,62,23,27,7,37,21,100,65,27,14,68,48,43,36,11,36,79,98,91,21,67,92,95,96,1,56,25,84,70,51,98,76,31,79,61,46,0,46,35,93,53,38,54,55,38,76,72,32,8,97,7,6,85,88,74,38,81,11,73,28,67,17
9,43,38,81,6,46,69,9,5,19,30,4,83,7,10,75,42,41,75,62,31,11,37,24,52,91,16,8,75,41,96,84,70,37,73,34,39,13,94,0,22,85,26,46,3,81,86,87,16,36,5,45,57,32,80,77,93,74,63,36,0,29,98,66,99,68,3,49,89,97,72,21,35,8,64,74,26,39,67,62,41,14,48,39,18,51,78,24,38,17,51,62,11,53,98,69,2,23,14,42
3,26,53,67,99,41,32,5,46,45,20,66,29,96,77,95,92,61,94,31,25,23,17,19,97,44,57,46,38,10,30,92,27,74,25,5,52,23,41,25,86,88,60,64,12,2,52,84,98,89,81,26,69,80,49,76,82,15,38,52,11,4,36,9,99,57,63,91,97,35,46,52,64,74,24,72,16,55,11,34,99,20,1,45,48,90,7,72,7,75,6,76,60,75,63,55,21,65,23,73
40,27,30,24,69,30,3,92,81,42,54,33,82,42,39,73,60,2,80,53,8,77,28,53,15,50,81,33,4,34,9,30,29,39,58,35,76,46,80,51,9,41,72,32,45,40,39,89,28,51,2,26,36,98,9,43,5,21,6,30,2,98,32,77,5,82,46,6,73,40,97,27,6,52,78,16,69,1,77,10,50,14,85,14,72,35,86,66,50,29,82,38,56,58,95,9,21,17,87,54
14,94,27,4,2,61,16,100,54,72,7,86,39,84,8,100,82,31,33,39,33,20,65,61,91,35,30,87,46,46,83,73,69,20,49,64,16,87,13,68,71,32,97,79,54,72,36,30,44,10,3,26,94,38,74,96,28,62,79,11,16,53,17,66,45,84,42,20,49,20,16,2,30,19,75,40,73,83,4,79,41,99,50,8,62,14,100,51,41,4,28,62,98,81,73,1,85,39,66,49
70,34,66,12,97,9,34,81,44,9,24,70,54,27,49,2,46,67,50,85,1,74,4,66,33,96,98,32,49,61,23,78,90,32,25,39,45,66,23,95,29,91,26,34,18,25,9,92,93,90,42,84,15,67,78,34,62,18,2,75,63,9,13,98,25,81,7,1,46,100,71,64,75,73,25,75,85,72,75,92,48,58,61,60,66,51,93,10,98,61,92,100,49,82,27,27,44,92,95,42
55,30,9,62,52,3,19,77,11,99,100,77,51,66,32,5,82,39,16,32,85,1,87,42,11,33,47,8,19,42,6,33,43,93,36,34,13,81,71,95,96,55,24,43,76,3,13,58,57,26,26,42,53,28,18,94,8,59,76,3,45,33,42,63,43,83,3,73,1,63,66,42,73,74,34,39,100,41,50,86,1,41,47,66,73,88,68,99,48,30,49,11,80,29,99,37,28,8,13,54
26,41,25,24,15,78,48,38,74,66,32,46,59,43,49,83,86,94,75,72,52,4,54,92,78,92,7,62,92,2,12,95,69,71,63,4,24,74,12,43,46,69,55,44,14,94,64,9,2,29,17,49,76,75,45,21,63,97,77,58,52,90,39,93,83,6,12,36,37,24,70,76,2,43,47,48,87,58,18,83,66,20,13,32,33,32,37,90,69,5,15,15,93,58,31,45,69,50,28,7
57,18,88,71,36,99,79,20,78,86,96,80,20,7,59,58,18,77,7,34,95,1,67,3,86,53,53,49,70,15,6,27,100,10,26,60,52,60,16,60,6,63,12,99,16,10,35,40,91,61,73,34,19,91,20,20,50,46,38,17,40,49,25,72,29,14,57,37,5,38,59,29,1,63,35,14,100,59,44,40,87,99,85,23,8,85,98,28,99,42,2,54,83,82,8,21,92,50,73,55
85,80,99,51,37,69,60,69,35,46,98,64,51,36,67,79,69,19,32,49,86,38,38,12,90,55,8,66,86,50,2,0,92,27,15,61,49,17,36,15,80,75,92,45,15,26,50,8,11,91,85,45,48,75,47,64,64,89,50,93,67,65,8,69,59,21,98,65,36,35,72,53,89,86,78,39,42,98,51,28,15,80,5,28,100,89,30,62,19,84,98,95,30,60,38,13,73,90,74,9
7,96,67,51,56,81,63,87,21,89,40,39,76,3,13,40,57,62,96,91,95,62,30,53,62,8,58,26,61,59,40,49,10,98,91,19,16,42,79,79,54,89,28,80,68,52,86,61,35,12,80,3,32,45,92,45,82,8,100,97,36,9,20,72,44,65,99,16,91,81,92,79,49,72,77,5,66,12,42,52,42,67,75,56,79,97,85,26,36,74,8,42,28,63,62,68,19,87,84,45
12,65,34,33,41,62,92,73,95,39,57,74,49,44,9,18,67,25,74,84,75,39,9,2,65,100,91,36,63,80,40,14,38,77,80,83,51,92,55,10,50,22,86,100,42,70,70,2,0,85,55,2,58,94,21,59,6,4,46,0,84,70,6,19,79,92,74,52,36,49,24,60,94,27,37,98,49,29,14,47,68,25,75,54,1,21,14,21,90,69,23,75,87,33,100,92,99,83,45,20
46,97,77,97,59,59,34,71,99,53,37,73,45,67,45,14,39,57,0,13,65,66,60,24,56,18,98,83,32,79,33,93,30,30,65,60,41,56,19,31,74,86,76,2,21,2,18,30,83,56,36,51,3,67,43,35,66,11,29,76,28,53,28,17,97,88,5,24,50,46,93,74,86,12,29,76,94,26,81,29,79,84,36,20,34,31,92,40,38,80,1,59,36,35,39,12,0,29,81,71
82,73,15,39,98,77,93,57,37,81,56,6,79,6,46,21,16,79,96,11,58,14,46,45,19,35,85,35,33,96,79,82,86,21,11,51,30,70,78,73,70,10,29,51,76,53,13,44,100,62,81,3,20,87,72,3,51,49,47,77,91,98,50,38,30,18,78,82,96,4,95,42,47,5,11,10,9,1,51,23,89,53,57,63,55,69,6,36,97,63,61,95,0,63,77,96,78,51,69,8
54,17,53,81,98,49,9,73,63,67,27,71,43,67,55,93,80,65,58,43,96,91,36,18,39,53,50,78,88,50,67,71,44,91,21,10,3,82,76,53,51,39,4,19,25,0,29,52,25,79,99,28,58,70,15,79,38,45,9,2,20,29,66,8,7,62,43,49,17,48,11,98,5,95,1,24,51,4,53,41,8,70,8,36,39,60,100,27,51,0,73,64,74,27,70,12,76,90,59,100
99,6,1,76,37,0,3,8,81,70,80,68,4,30,73,65,1,96,90,71,1,50,49,25,57,74,77,0,99,7,31,59,89,99,70,81,40,30,1,98,8,36,49,88,4,67,65,13,66,83,91,5,25,39,11,25,15,18,16,17,9,88,96,28,66,80,10,25,55,59,76,17,73,96,96,82,61,77,39,53,80,47,28,70,90,36,37,19,26,53,66,4,68,53,97,90,64,5,81,37
54,94,6,34,76,18,39,33,49,4,98,34,16,2,75,68,52,63,58,68,74,59,5,63,72,92,26,78,60,12,13,76,79,12,36,62,21,82,56,71,7,28,14,82,89,12,41,44,55,13,33,14,78,61,97,27,4,64,19,40,40,85,35,33,59,81,85,76,27,25,74,87,11,38,61,90,77,53,28,7,35,87,100,71,48,95,100,96,20,46,1,67,84,3,80,3,58,78,91,89
19,29,28,71,74,83,56,37,59,55,58,4,77,31,78,55,85,38,64,85,72,28,84,35,87,23,67,14,54,6,32,12,29,95,81,55,96,60,21,12,12,11,85,99,71,68,90,62,48,0,75,33,24,11,7,51,88,77,87,22,30,52,64,72,17,43,76,42,84,25,98,11,4,1,83,5,51,47,62,45,67,58,83,77,19,16,41,30,32,70,12,79,92,63,39,0,47,60,40,11
63,16,48,74,87,18,22,39,18,78,95,4,34,93,57,60,69,84,81,98,45,56,15,27,11,2,12,92,93,95,69,27,56,36,70,59,26,34,85,73,78,48,23,76,77,27,37,77,31,85,94,87,69,67,34,77,55,53,97,41,7,69,37,6,75,39,29,67,79,58,100,46,98,9,17,40,75,4,25,6,61,90,56,74,87,6,46,68,3,99,14,55,92,98,51,4,80,12,83,15