96,93,86,58,78,16,65,38,23,51,34,32,13,80,94,18,9,96,20,87,28,88,76,76,3,6,12,62,0,7,46,85,14,10,1,37,27,52,28,69,21,97,38,61,5,74,45,18,19,49,16,83,16,66,12,24,96,63,98,49,65,34,38,39,6,53,35,52,90,72,50,3,96,29,77,63,92,37,75,72,90,82,68,68,78,25,74,82,98,45,64,22,12,64,53,36,11,20,8,33
78,62,31,88,7,19,80,64,73,68,36,30,25,95,74,87,86,4,40,81,45,86,92,70,93,61,11,7,74,62,30,92,10,37,32,87,47,30,61,29,14,99,66,14,77,34,86,0,85,12,96,24,24,69,51,66,64,18,82,56,26,73,49,2,83,75,20,12,6,8,81,20,3,46,16,87,93,32,100,84,23,13,42,87,24,37,52,2,38,53,40,47,99,76,43,68,38,12,48,4
37,63,36,51,59,56,46,75,95,12,61,29,18,37,27,56,51,21,87,52,37,33,3,12,94,44,55,19,10,48,55,16,13,45,54,73,76,51,71,13,48,1,34,63,63,84,38,97,67,93,90,46,33,21,75,71,2,45,89,78,83,14,4,10,2,80,88,26,74,38,20,42,49,11,13,28,91,36,2,83,7,64,72,37,15,50,32,13,78,32,95,83,76,32,4,64,81,58,1,47
77,44,13,83,54,71,9,2,70,33,86,86,73,57,5,17,61,91,78,98,69,100,63,81,26,48,74,100,28,31,64,86,20,92,6,22,71,6,13,26,35,99,87,9,38,30,63,20,7,83,8,49,45,34,30,22,36,97,62,37,51,97,41,76,9,33,2,94,98,74,74,82,11,27,14,71,79,94,86,33,31,14,65,84,74,36,41,30,92,42,52,36,15,12,63,57,88,6,98,59
76,43,90,35,16,12,82,78,35,32,87,58,92,67,37,36,30,69,61,29,75,9,87,40,26,49,27,2,66,62,6,25,13,51,42,50,26,5,41,18,76,50,81,52,20,62,10,71,85,26,46,23,46,11,43,39,52,8,81,74,78,95,58,56,47,89,60,8,76,60,16,62,3,17,30,43,85,82,98,91,99,11,58,77,96,16,11,16,11,33,95,18,66,57,56,95,48,37,64,27
27,26,36,96,24,61,45,27,65,29,44,17,42,24,59,25,70,92,13,5,41,93,87,39,22,63,55,10,8,25,29,99,43,87,77,97,97,44,29,86,87,56,52,1,95,62,0,69,6,47,19,64,85,13,72,11,68,86,65,9,13,29,60,31,14,85,0,81,98,85,34,11,37,1,26,66,13,39,54,21,21,63,19,99,95,45,91,86,93,75,60,37,56,43,69,63,85,79,41,5
14,78,76,30,85,33,88,10,39,76,32,34,20,67,3,0,4,78,48,100,97,64,80,83,47,60,31,62,65,77,76,96,57,38,37,93,67,66,65,74,1,12,57,24,89,34,48,89,38,17,76,50,84,4,42,5,18,98,58,19,89,97,86,10,93,16,35,39,8,34,51,46,45,85,78,21,63,85,1,53,20,10,38,29,53,14,61,21,35,94,97,6,57,2,18,12,43,95,55,16
76,27,7,68,40,21,52,25,54,42,76,80,49,77,43,63,97,20,69,13,15,7,76,21,7,60,77,72,17,67,39,7,7,85,32,21,81,20,44,98,95,37,64,57,7,84,17,54,2,92,17,100,0,39,1,92,71,29,10,24,33,54,72,54,36,83,16,6,70,95,33,47,16,32,73,90,67,87,75,44,90,81,46,93,72,76,80,64,44,15,74,71,4,17,3,4,43,19,8,12
53,72,13,36,8,57,68,80,89,11,25,81,51,16,46,37,64,33,49,82,85,39,38,57,75,19,95,9,58,8,99,40,33,96,15,97,16,26,92,94,2,69,28,92,10,1,44,65,83,37,7,56,30,34,50,93,55,56,60,87,35,55,17,58,21,43,67,85,54,98,70,94,72,65,33,1,18,54,45,55,60,86,59,42,94,87,46,10,98,84,59,83,71,30,94,29,68,8,82,90
39,7,4,80,100,66,1,71,62,88,39,61,40,15,95,11,15,42,71,67,49,91,66,33,94,3,70,67,31,42,35,44,40,62,74,56,48,57,16,49,95,10,15,39,15,53,48,32,19,14,67,13,81,35,1,69,88,97,63,17,91,45,93,65,69,69,63,17,65,16,19,48,78,48,35,55,52,96,93,36,97,14,21,64,6,64,97,26,23,21,42,16,47,15,100,34,78,43,84,93
28,47,98,82,96,45,85,66,78,38,81,36,80,17,85,13,24,58,14,100,73,10,93,54,4,32,69,17,56,78,40,31,1,62,97,82,64,44,45,100,54,81,50,75,91,8,76,27,84,71,30,30,83,64,58,74,81,100,54,18,18,0,47,100,81,41,36,23,87,84,20,42,96,69,88,51,94,3,22,35,33,93,90,46,3,62,94,56,45,52,0,28,34,66,48,99,53,55,75,68
32,42,76,87,42,21,21,76,62,6,57,92,94,50,18,92,99,36,7,96,10,78,37,53,77,79,26,83,18,81,44,61,22,31,17,15,18,31,99,41,3,29,63,55,57,72,5,74,84,39,92,77,0,56,56,40,71,11,72,73,34,79,20,17,96,10,25,35,45,83,55,73,67,100,43,94,99,76,74,26,74,24,96,47,7,89,19,41,1,78,50,72,3,90,19,84,47,53,1,86
52,67,11,55,92,88,0,92,82,62,13,63,64,87,66,55,87,54,34,38,17,80,44,70,47,69,93,86,62,48,96,97,52,49,75,9,4,66,80,67,90,34,9,22,87,40,15,11,83,34,42,100,92,35,62,47,56,51,94,83,58,28,44,55,31,91,13,11,65,34,85,86,18,89,73,14,82,2,81,94,44,76,97,25,39,89,8,21,71,73,62,69,47,94,2,61,6,70,96,84
80,38,91,85,70,31,90,22,25,55,41,31,91,95,15,22,46,53,21,98,10,70,71,46,73,24,1,94,65,0,33,97,40,9,42,27,17,13,58,29,53,87,46,67,12,33,2,32,55,42,21,30,11,92,86,31,32,93,54,32,58,65,80,19,80,32,95,26,32,16,35,73,22,97,1,2,6,88,55,45,16,85,73,15,95,93,83,10,98,79,86,65,26,54,16,6,72,40,25,81
73,90,29,27,67,47,64,72,71,36,45,44,39,69,98,3,53,50,45,40,84,96,20,59,90,16,100,52,38,41,14,65,99,54,13,54,73,91,50,95,3,1,24,88,9,100,13,12,24,58,54,77,0,32,75,19,53,63,4,26,82,10,27,71,17,33,0,24,57,87,64,70,28,44,64,88,95,51,23,15,79,44,52,65,49,12,19,51,23,62,70,67,77,19,1,57,48,91,59,14
10,41,72,83,56,95,48,19,83,100,91,13,96,99,34,20,10,10,49,64,99,54,21,56,94,45,11,45,54,73,71,62,93,100,61,27,64,22,28,95,76,49,98,10,30,76,27,83,44,66,41,58,48,78,89,94,19,67,79,70,22,86,27,28,5,65,2,55,67,22,63,71,25,58,15,95,29,75,24,52,85,16,27,40,19,66,84,98,56,21,48,89,77,64,61,33,26,62,39,9
6,92,99,40,56,50,9,52,30,73,57,7,77,82,40,45,32,6,3,53,7,1,43,41,58,87,74,66,83,40,42,62,32,56,13,57,42,29,18,26,69,23,87,84,11,26,29,45,96,76,54,3,15,100,28,41,29,51,66,14,51,10,36,60,65,61,2,34,77,97,37,27,32,83,95,12,13,42,71,15,97,68,58,10,28,4,54,38,10,85,100,64,70,1,0,87,80,89,36,51
67,18,96,89,46,89,99,68,47,6,77,78,70,40,45,68,52,14,53,75,34,89,49,83,82,28,13,82,16,81,54,5,74,51,40,58,69,28,51,100,75,88,19,54,99,29,79,36,94,50,23,1,12,82,82,87,34,45,99,17,99,100,19,17,83,91,48,96,17,12,30,36,54,56,73,10,97,18,58,58,93,74,66,89,6,81,53,16,49,21,14,89,70,40,47,25,17,57,93,97
21,65,87,4,22,39,97,32,20,40,54,54,80,66,28,62,58,22,95,92,9,45,18,77,57,80,75,85,100,38,78,31,30,16,29,54,15,21,7,71,78,5,63,66,14,76,55,27,37,50,76,5,74,25,12,88,49,43,70,74,6,28,62,55,84,46,44,74,31,78,35,4,87,62,76,73,33,53,2,76,55,75,36,89,46,99,59,24,22,35,60,36,92,8,31,19,92,84,67,0
79,50,56,94,1,45,38,89,45,56,76,13,98,98,17,27,29,6,7,75,2,31,63,54,40,35,27,58,59,61,60,3,89,86,40,11,51,11,98,50,25,1,39,90,59,76,67,33,86,89,23,14,78,19,71,3,89,81,66,95,35,29,52,62,9,12,66,53,61,87,63,19,91,76,71,77,95,28,47,89,72,81,90,71,48,54,9,93,42,39,58,92,76,39,48,19,28,58,85,80
27,40,16,93,95,57,62,53,42,55,98,84,79,88,57,36,34,28,12,67,85,70,86,1,33,0,73,68,37,29,90,52,67,86,32,17,26,88,90,38,39,15,2,77,64,9,88,12,44,81,29,56,12,20,95,21,79,74,50,86,11,80,94,47,0,12,3,28,35,20,58,53,60,95,51,41,97,14,78,26,11,39,19,21,47,15,11,41,21,0,55,51,62,36,26,61,55,95,35,60
27,7,49,70,21,25,63,81,23,49,45,57,30,20,50,25,58,17,43,99,15,20,70,9,69,92,87,5,46,5,48,46,78,44,4,47,98,13,73,36,47,30,30,15,72,76,70,80,32,28,27,44,60,45,25,1,69,62,86,63,7,85,44,27,47,9,55,16,89,13,42,23,83,89,18,83,29,23,85,51,17,26,86,51,98,81,26,13,58,51,74,51,50,46,82,90,51,8,32,67
23,18,66,30,42,19,35,39,51,0,29,46,57,49,93,53,11,6,40,65,69,100,25,26,23,16,49,22,79,62,76,43,40,71,89,77,59,30,92,94,92,71,10,58,13,63,13,6,75,31,89,43,70,82,65,72,47,97,28,9,8,58,35,6,94,77,56,4,44,42,25,73,58,77,32,21,46,11,70,91,14,0,73,61,59,38,6,98,81,65,63,69,47,75,58,1,31,96,39,84
15,75,81,37,78,57,37,4,61,39,74,69,38,26,75,33,5,23,94,42,59,92,8,50,36,15,20,41,50,51,89,16,89,58,39,61,78,41,60,38,62,19,49,19,97,43,9,16,92,41,18,74,2,27,35,88,55,67,48,84,75,95,52,88,24,48,61,51,39,75,61,3,72,23,74,0,74,46,92,78,94,82,28,57,62,83,97,22,80,19,48,39,95,26,28,99,14,14,99,96
22,68,54,92,45,26,34,18,55,3,76,77,100,14,48,12,100,82,35,93,75,49,80,43,64,4,64,7,35,76,57,53,39,100,9,72,60,26,18,59,97,50,38,9,4,8,90,45,61,36,27,4,59,99,1,33,4,16,56,61,71,100,50,93,32,94,96,20,94,86,100,4,33,26,100,50,90,47,0,36,16,95,45,85,31,34,21,83,11,71,43,39,22,99,97,19,80,100,45,17
46,16,35,48,11,87,3,7,1,98,41,63,6,20,29,23,2,18,98,56,82,51,41,65,69,33,20,81,71,6,81,8,19,29,85,16,61,62,73,62,78,91,88,10,33,37,43,87,11,91,27,2,28,55,54,93,12,84,95,55,62,62,82,12,73,16,95,3,75,13,4,27,91,35,77,10,10,4,48,35,94,73,60,15,16,5,72,23,13,65,64,70,76,51,73,63,37,83,82,95
18,74,35,99,77,39,63,12,1,14,1,55,1,13,1,6,43,39,67,93,25,8,66,88,98,82,47,47,73,48,4,33,95,25,91,19,80,81,24,23,98,29,57,8,89,93,54,69,54,76,20,13,22,49,65,71,13,83,41,39,45,17,48,54,34,17,0,25,26,31,21,4,15,13,95,64,54,51,94,70,27,0,88,27,42,32,81,20,73,30,96,31,92,53,9,52,5,17,28,7
16,50,47,59,35,94,21,60,67,22,96,95,19,70,58,81,74,83,9,87,9,10,64,52,6,1,70,67,92,57,91,10,70,98,55,17,56,29,72,30,37,33,22,57,36,24,87,36,68,36,72,57,25,74,43,86,29,14,65,100,80,49,93,7,85,44,92,81,12,12,97,7,85,97,100,28,96,62,43,85,71,30,7,87,61,83,59,17,63,41,69,56,47,8,31,49,74,71,97,51
39,18,41,12,67,46,81,31,50,50,57,80,72,21,59,66,60,99,9,42,24,99,23,78,80,43,16,26,61,45,27,69,23,62,52,28,23,59,75,89,9,26,1,50,80,14,62,13,77,84,58,53,87,87,39,10,24,60,2,33,69,62,23,39,49,27,11,22,93,63,68,16,59,17,39,65,93,84,33,60,87,31,93,96,0,97,16,69,49,42,11,53,53,58,37,85,86,4,72,60
99,30,25,94,77,81,19,3,61,80,82,9,100,36,54,25,14,76,75,38,52,97,61,10,96,85,11,27,79,56,36,8,8,4,50,100,64,17,74,45,37,77,87,92,47,48,46,42,58,89,57,21,74,54,8,53,4,16,83,17,81,20,16,48,33,7,88,48,65,14,30,21,1,15,75,49,48,68,77,24,91,16,54,27,75,31,72,3,70,22,66,10,65,63,22,66,11,55,96,12
72,7,50,64,56,7,65,4,8,78,12,100,45,10,18,96,27,89,80,91,44,49,64,40,43,35,91,43,56,5,47,8,37,40,16,33,75,66,51,49,46,65,39,24,70,7,18,50,99,98,26,68,24,25,46,51,16,81,5,92,46,7,38,82,49,54,35,10,66,58,18,26,3,48,43,7,67,100,64,53,7,22,39,79,20,100,46,68,78,46,33,9,72,70,79,51,72,47,59,56
6,73,72,55,99,50,7,19,72,46,96,83,63,83,85,54,29,45,77,8,66,41,66,8,78,32,7,96,35,87,80,17,59,74,65,58,22,65,14,2,4,16,85,24,68,93,32,0,67,41,5,98,89,35,87,84,2,69,77,48,83,50,12,92,59,5,20,96,49,75,9,55,91,15,51,38,55,85,96,74,83,37,41,54,42,78,91,25,23,49,64,84,16,38,99,60,84,73,65,7
98,48,1,32,94,5,70,92,10,64,96,83,17,24,19,96,89,99,96,80,35,52,37,26,34,64,62,98,71,77,36,61,15,48,37,7,28,58,91,98,72,71,95,4,42,22,72,67,65,67,5,24,59,49,57,34,59,8,61,87,85,90,89,73,76,81,60,29,72,49,96,89,95,82,97,7,57,44,23,87,88,99,13,78,30,18,68,62,87,33,17,6,98,56,38,85,23,3,36,10
87,12,13,16,42,44,46,36,32,68,88,6,65,91,33,45,78,76,42,31,14,16,81,13,41,69,86,74,40,12,17,8,38,2,40,46,3,98,56,9,61,62,34,63,63,92,38,100,17,37,75,32,16,10,72,83,20,54,20,58,36,68,85,19,8,63,68,63,31,67,66,77,41,38,72,65,65,54,89,24,27,4,98,42,41,49,44,69,74,68,69,1,6,32,18,3,65,100,81,5
10,44,2,28,41,15,35,13,74,30,28,43,33,57,84,22,89,34,29,87,69,20,84,77,10,66,14,55,77,94,72,25,85,31,30,83,97,87,51,48,13,21,56,8,98,55,27,86,41,62,63,44,67,27,51,69,40,81,61,63,90,55,89,2,42,29,1,61,80,71,26,15,20,36,28,61,63,74,35,23,22,2,60,4,46,31,44,88,42,100,45,39,66,2,43,68,18,89,89,96
34,16,78,4,26,63,73,30,93,28,32,4,29,31,81,25,87,16,11,59,40,74,73,82,67,65,57,91,89,40,7,88,68,7,31,60,48,96,87,27,31,49,99,25,60,0,23,61,21,54,12,61,63,7,59,60,89,90,77,65,55,8,82,14,11,49,57,51,21,44,42,68,19,100,18,84,53,8,71,100,52,93,18,52,100,1,69,66,69,70,28,47,93,12,33,31,11,56,40,26
49,99,48,60,64,53,97,74,79,76,35,7,22,42,48,83,33,39,8,26,89,80,44,25,23,30,89,49,31,83,64,80,96,65,34,7,54,0,48,39,90,76,8,2,73,32,76,11,66,45,78,3,82,39,54,49,94,44,36,55,34,89,33,6,63,93,65,60,48,54,31,34,32,90,54,21,10,24,91,5,52,87,74,35,61,6,63,54,100,31,86,4,34,53,25,43,78,14,39,24
39,64,45,98,83,22,71,30,36,70,7,45,38,37,69,80,13,42,43,76,4,15,90,25,1,82,0,75,48,13,16,19,6,77,28,35,97,11,9,97,48,73,65,7,72,84,91,33,35,19,6,78,36,41,30,94,87,0,40,57,71,29,85,81,17,65,54,89,35,4,3,94,83,25,52,14,8,96,72,98,54,66,34,93,32,43,36,16,69,68,73,90,32,3,18,85,92,47,76,79
65,57,33,48,21,76,8,38,26,7,29,17,64,49,57,17,61,40,85,44,17,84,54,76,69,98,20,11,100,61,52,58,18,79,60,78,25,54,96,73,10,67,61,33,97,23,96,0,5,43,77,72,13,100,18,5,56,36,81,70,14,0,83,77,21,51,10,65,98,54,12,80,52,24,15,13,99,44,1,29,6,18,80,10,53,28,61,37,36,63,28,67,66,67,40,2,33,27,2,96
85,38,6,42,82,78,30,99,57,84,79,37,51,58,89,13,95,58,73,61,48,34,83,82,7,13,85,79,72,17,79,3,93,98,44,65,56,76,90,100,3,3,61,35,51,28,28,74,63,80,67,95,70,42,35,21,14,0,7,94,86,88,46,45,64,4,93,61,19,10,67,49,28,67,72,46,20,64,88,14,85,77,34,95,3,54,69,53,38,2,23,34,66,21,57,93,86,12,2,12
68,32,48,25,97,22,42,78,36,18,14,23,64,10,51,59,33,64,18,36,29,76,80,8,61,50,76,75,86,15,7,36,10,71,70,24,56,2,37,97,72,51,39,32,88,17,41,1,65,72,64,21,98,76,21,20,17,86,57,91,24,91,90,99,77,50,81,69,29,42,1,57,26,60,13,47,9,91,9,72,85,12,55,65,38,38,14,87,10,80,70,66,60,47,45,77,51,77,56,73
12,54,7,24,70,62,88,84,75,13,54,38,2,39,85,35,30,88,33,52,67,11,4,76,7,13,45,20,51,65,94,92,39,41,51,1,54,96,14,0,53,78,30,21,58,72,62,96,14,26,42,97,96,66,69,73,21,37,63,54,56,91,91,68,66,20,3,37,10,9,30,27,98,19,19,49,90,82,31,22,76,45,25,57,51,54,48,48,9,68,81,32,38,12,82,78,31,55,89,73
19,19,43,60,95,72,24,48,60,95,4,25,2,33,15,16,27,36,96,35,12,16,91,62,14,12,34,85,2,86,21,29,56,36,28,37,20,7,8,84,36,94,97,4,27,44,24,2,70,42,4,80,72,11,99,34,16,89,41,95,3,71,28,26,40,70,89,91,56,31,95,7,22,89,51,79,80,56,64,72,13,65,43,35,4,38,91,13,17,96,74,57,53,72,69,47,47,40,97,70
74,67,72,64,67,0,55,65,77,89,47,32,52,81,29,75,99,20,84,49,41,32,9,72,27,51,5,80,25,67,21,68,24,81,99,75,48,94,83,47,24,37,50,4,30,79,12,70,97,3,32,45,94,51,36,37,94,95,71,41,99,10,80,99,28,76,78,42,44,58,75,9,2,8,34,73,36,75,41,26,34,49,81,33,8,43,78,71,84,52,6,70,67,60,5,99,67,74,82,59
65,46,3,30,2,24,73,77,5,24,86,48,83,52,33,36,3,3,75,25,57,50,76,58,1,90,96,59,17,0,77,92,41,52,91,5,63,65,36,15,31,33,35,3,92,23,58,13,93,88,95,18,81,72,77,9,74,80,72,95,47,40,80,79,25,2,37,88,44,64,24,96,8,31,72,69,29,76,65,32,3,39,26,8,11,51,70,86,93,79,6,3,31,90,72,89,88,84,78,92
14,55,39,91,9,57,81,95,49,99,84,43,11,99,94,6,28,72,21,1,45,81,88,38,56,96,90,71,72,18,49,5,11,73,38,54,2,81,82,9,19,81,83,19,78,1,94,15,39,98,20,54,74,83,68,79,50,81,40,54,53,2,20,69,51,21,66,85,6,42,54,36,64,36,72,82,43,6,33,3,51,43,24,71,2,87,72,58,98,44,28,4,39,100,23,38,50,71,85,71
1,94,50,23,6,33,80,76,12,0,40,72,79,42,95,83,3,17,36,98,96,21,17,18,25,39,79,31,57,70,66,10,18,38,32,9,76,48,38,87,81,68,62,46,58,57,56,74,79,24,66,24,49,34,14,73,63,56,64,36,17,48,24,63,47,59,68,7,17,93,98,87,65,35,61,4,62,42,48,70,75,68,16,89,95,19,71,8,47,91,6,93,71,47,19,85,71,49,60,28
16,82,6,49,96,98,98,38,88,81,66,78,74,78,89,16,29,80,92,69,95,28,4,38,69,85,84,47,42,80,51,54,31,35,54,82,72,28,42,90,39,51,65,37,88,75,24,55,62,26,48,97,82,22,8,0,1,15,82,60,50,21,45,64,53,37,6,78,34,7,95,82,53,81,89,83,20,63,10,23,13,40,60,91,73,49,48,69,73,78,18,51,1,31,99,73,43,55,29,23
57,69,62,14,28,75,1,63,43,76,60,69,9,58,11,19,33,42,74,48,72,10,98,24,82,92,96,72,49,33,85,86,33,71,37,83,18,1,2,45,71,45,37,0,7,18,50,21,7,86,94,26,16,89,17,77,29,86,7,50,53,85,61,39,22,71,54,18,90,50,92,85,34,87,5,1,46,27,92,29,47,8,78,10,95,41,48,68,22,33,83,94,28,73,20,70,61,3,27,0
93,26,41,27,77,17,42,6,73,37,31,10,18,22,29,29,91,56,7,97,12,2,37,3,70,98,98,93,92,18,0,93,54,67,15,93,15,38,51,49,38,94,68,96,46,39,18,61,54,33,40,74,44,95,48,85,17,92,14,3,47,9,48,14,88,69,51,78,5,10,57,87,37,36,36,68,88,3,52,42,41,59,28,86,41,31,9,78,95,70,70,75,14,49,1,87,63,78,8,1
0,98,53,15,40,4,7,78,80,21,97,30,93,51,54,15,24,19,88,8,82,67,36,82,19,17,67,35,14,16,77,1,37,47,46,9,47,40,64,67,69,19,68,22,70,95,42,72,0,40,30,19,56,22,6,43,75,15,85,90,10,56,29,96,76,27,23,49,17,35,86,40,54,36,34,65,16,2,37,0,56,75,17,92,54,21,21,1,47,48,16,38,57,71,32,47,85,30,27,17
53,2,62,96,89,74,56,43,28,47,89,37,30,74,23,98,89,64,46,14,86,20,76,70,38,0,49,43,82,84,75,7,27,38,94,11,19,21,5,94,49,26,17,87,35,68,73,52,5,57,69,80,49,11,96,71,21,15,80,77,79,38,85,66,39,51,84,28,99,0,5,50,80,30,85,79,4,19,27,60,84,48,21,36,75,67,38,80,3,69,86,87,51,46,10,95,71,37,5,39
61,75,66,58,27,41,29,41,23,24,17,76,79,7,98,24,49,58,48,34,49,8,93,17,91,52,100,32,62,8,14,77,69,51,43,32,54,96,96,86,60,90,77,10,93,91,92,12,68,79,85,39,59,45,39,16,100,55,53,23,99,22,1,12,9,77,34,92,96,69,56,53,21,80,87,90,74,8,73,27,19,71,41,1,33,93,15,78,65,2,88,84,25,19,67,89,30,48,33,37
58,93,88,68,77,27,61,98,45,17,86,77,22,91,42,86,28,5,85,10,2,51,0,59,99,12,65,48,60,62,50,74,97,51,65,24,74,63,34,71,58,76,37,73,19,44,74,76,35,62,69,26,38,71,71,35,95,73,86,0,90,79,17,81,70,100,51,8,26,55,9,36,39,72,57,1,58,3,56,54,45,99,93,87,12,35,70,95,77,35,0,14,32,33,60,86,1,92,55,15
1,56,87,1,31,74,40,63,67,72,60,27,85,97,58,78,82,79,28,89,33,28,21,49,97,32,84,85,19,21,90,63,47,89,85,15,74,44,40,93,15,12,96,0,70,93,82,59,16,66,68,64,69,54,25,7,61,98,71,72,54,17,87,42,20,25,44,18,31,52,11,1,90,92,42,68,99,16,59,44,41,59,21,94,26,39,95,84,94,41,48,74,49,19,69,52,0,65,92,84
31,9,87,31,56,58,93,1,3,81,41,37,51,25,7,50,39,65,41,40,58,53,12,67,77,96,27,94,44,96,52,43,49,24,81,58,58,63,49,2,78,97,67,95,18,80,16,75,64,11,96,49,50,98,9,59,9,60,15,31,93,13,7,57,91,90,54,53,0,32,69,80,69,85,31,98,43,55,31,32,31,53,26,60,29,20,25,68,8,87,75,79,46,89,94,93,5,27,57,61
90,15,4,63,59,41,49,57,47,11,7,48,35,56,14,45,16,2,20,49,4,25,50,55,100,26,97,95,75,21,45,93,74,34,89,84,30,5,42,82,58,67,90,58,21,71,0,59,18,75,85,59,39,71,14,4,54,25,75,62,16,16,59,96,94,67,73,0,1,97,26,85,55,22,41,45,24,94,64,32,81,34,46,13,85,62,51,59,46,0,53,96,30,27,82,75,86,80,5,94
82,65,81,42,90,80,76,3,5,42,6,41,43,11,70,85,85,1,51,41,11,76,16,47,2,43,38,89,62,26,13,47,14,92,52,16,84,68,2,72,97,40,79,18,67,12,7,99,42,34,7,24,2,86,16,7,99,23,35,65,29,15,11,61,70,50,51,82,76,96,1,1,66,7,89,74,20,65,95,26,0,48,32,5,62,48,7,51,59,8,64,45,48,83,9,78,93,7,36,29
11,5,98,82,6,99,78,0,87,35,30,47,29,28,15,38,22,33,27,73,73,60,9,86,60,35,92,40,99,24,10,81,72,24,11,47,16,51,9,98,73,98,11,69,60,85,13,62,62,37,54,70,64,2,98,100,46,78,17,6,32,73,38,48,84,1,25,55,45,48,53,67,98,39,2,94,11,58,81,64,74,21,39,97,54,86,43,57,66,4,76,35,47,62,5,81,60,50,43,7
8,40,41,89,59,28,78,33,97,16,100,81,88,17,74,85,14,8,67,82,37,76,37,50,61,57,25,53,46,63,68,17,5,46,3,47,37,71,43,23,92,38,27,63,7,5,76,47,68,88,96,13,69,91,91,11,36,59,82,26,33,99,11,26,87,81,72,42,15,11,81,43,9,55,6,88,27,77,84,11,91,97,20,0,77,70,76,54,81,76,93,20,88,28,91,48,2,36,38,48
33,16,72,79,82,71,96,43,48,97,28,27,66,11,42,5,94,86,37,67,65,69,100,39,4,53,93,39,4,33,75,66,93,2,44,93,71,83,45,15,96,14,17,14,98,77,58,96,29,94,79,89,71,41,6,72,76,18,72,48,24,64,44,44,97,50,96,65,16,89,58,1,10,58,89,29,51,1,3,36,44,33,25,78,86,46,15,30,53,14,13,76,87,99,80,27,29,74,74,0
85,72,21,4,46,18,33,9,91,90,20,32,23,30,85,2,92,99,13,100,32,66,49,90,96,45,28,92,90,89,52,88,44,59,48,45,47,88,70,92,54,15,17,8,57,100,36,29,74,12,83,13,77,10,98,23,9,59,28,100,22,29,88,58,62,11,19,1,89,35,1,24,43,74,24,85,79,62,47,28,35,72,23,43,51,37,54,52,56,23,86,11,94,65,78,26,76,46,15,11
3,69,89,91,46,60,44,85,6,35,10,57,12,85,77,4,80,20,18,51,51,18,50,99,95,4,21,88,32,60,26,95,100,27,74,84,41,97,24,91,40,25,3,28,0,63,41,95,63,27,36,12,82,79,23,2,56,89,47,84,36,9,12,46,43,41,58,98,22,36,33,12,74,88,54,71,28,71,0,65,55,9,96,84,25,52,44,37,30,70,15,46,68,82,83,80,80,4,68,6
0,10,55,15,13,74,91,63,14,94,78,31,49,47,56,94,40,22,2,36,13,53,64,41,33,19,96,33,70,73,45,49,34,6,79,1,63,43,85,6,83,29,49,65,10,45,83,88,15,80,89,31,14,55,41,95,27,54,51,26,48,8,95,54,74,68,31,77,95,10,3,57,4,98,97,82,19,27,47,37,69,15,0,72,55,95,59,16,45,35,59,36,32,75,70,10,29,20,26,24
51,7,13,25,67,87,12,68,82,51,22,79,57,79,49,51,48,20,14,27,13,44,29,57,27,45,8,10,41,93,44,73,4,92,25,6,27,76,80,22,70,91,27,6,70,55,72,93,27,99,94,75,43,38,49,86,75,61,70,97,95,57,36,9,89,82,30,78,47,4,24,9,16,43,55,42,36,26,76,16,1,7,52,99,9,97,76,3,43,1,29,16,35,52,3,52,72,3,31,52
84,41,97,20,84,80,72,50,38,70,25,27,88,86,40,22,81,1,22,74,29,85,92,51,96,17,84,14,38,6,12,21,16,49,26,49,31,94,6,28,23,11,19,5,99,21,14,55,26,25,7,51,13,45,26,86,97,56,62,40,75,30,73,32,88,65,71,64,52,5,32,26,38,91,85,10,25,30,14,28,62,33,90,88,26,24,10,40,8,43,82,39,82,94,18,83,10,24,31,47
90,34,68,56,21,39,95,95,34,1,20,92,40,5,29,38,40,48,37,48,72,17,63,96,46,42,34,45,95,66,66,31,64,53,96,53,5,70,26,80,24,63,88,26,30,100,100,16,22,78,41,41,29,32,6,15,50,54,61,4,32,56,84,49,85,44,18,89,94,44,69,33,33,51,1,51,3,94,97,58,25,31,99,14,98,35,98,80,45,67,54,41,75,27,30,84,18,76,18,92
39,74,53,82,46,99,92,47,86,90,28,74,49,43,75,68,56,93,61,52,88,6,97,70,72,75,0,10,6,50,23,94,84,97,69,27,76,86,39,32,33,81,56,100,85,1,80,96,13,44,29,99,91,86,79,7,60,51,81,53,17,28,58,55,42,23,24,98,94,87,74,85,45,25,92,38,46,90,28,56,96,42,62,48,43,6,26,84,24,71,77,73,80,28,42,63,68,72,97,49
34,31,72,89,58,34,96,91,30,74,80,2,63,59,6,24,43,83,88,21,92,10,61,91,38,80,59,37,78,63,61,47,38,46,80,69,16,42,73,1,65,50,47,3,50,85,65,89,91,45,58,67,78,14,37,67,93,19,69,9,21,16,90,83,95,21,87,91,82,68,83,51,87,0,95,65,70,7,79,1,1,62,72,44,99,59,62,18,78,37,52,95,49,4,99,20,98,71,82,69
65,97,95,9,68,13,88,77,56,66,54,53,82,2,38,48,24,42,26,92,80,84,62,85,70,60,45,15,15,22,46,22,27,93,42,13,62,83,76,52,12,12,57,87,66,1,3,100,7,23,49,93,85,3,89,28,12,33,30,24,70,29,60,22,63,7,99,82,33,83,5,64,82,45,98,82,83,87,45,67,73,20,0,27,4,24,14,10,50,50,21,26,20,94,92,79,73,76,65,25
54,63,89,48,77,1,75,92,85,20,19,76,4,27,36,15,56,69,55,15,7,16,68,17,71,32,98,8,87,14,45,64,25,18,18,39,14,84,36,98,20,73,71,37,32,40,95,57,62,42,60,74,69,100,79,90,68,75,44,83,71,77,73,8,8,60,16,4,44,65,26,3,96,38,15,19,19,21,61,12,98,96,77,3,28,56,28,17,82,77,8,64,82,94,85,26,55,73,95,18
10,0,92,2,89,10,55,0,97,60,54,15,64,74,38,85,93,57,93,18,28,68,87,48,60,58,64,33,87,12,42,39,41,67,34,42,44,34,62,69,1,42,15,89,67,44,77,89,61,6,6,60,6,1,88,61,82,23,7,79,13,23,42,39,95,15,5,80,41,88,17,16,57,14,34,99,57,39,14,17,2,37,11,52,22,26,51,88,22,100,10,31,78,1,37,92,49,79,76,87
51,69,16,50,44,15,8,82,27,91,79,46,76,93,83,95,59,99,45,53,15,9,16,69,90,33,57,97,44,72,20,43,77,43,3,13,57,11,44,59,65,66,83,23,71,44,53,61,45,33,100,63,11,95,1,23,72,7,10,41,57,87,88,79,10,31,60,85,18,47,26,48,36,35,57,2,30,6,69,13,61,59,60,61,70,32,10,6,81,51,42,65,44,48,49,11,80,29,72,90
12,87,67,35,15,77,10,98,87,87,61,8,59,11,15,37,24,34,70,59,66,77,99,53,63,11,60,87,46,97,26,35,98,31,55,76,9,67,37,5,19,59,16,12,49,79,15,36,35,69,35,47,32,51,75,92,62,25,60,82,51,6,86,89,20,89,77,71,50,71,85,100,87,83,41,22,95,66,30,48,66,36,29,26,59,84,47,75,99,0,67,43,25,7,86,31,99,100,62,69
43,26,17,87,3,85,1,9,0,93,21,10,90,84,92,85,23,4,25,29,6,23,75,16,85,59,97,43,91,54,5,80,1,45,64,75,29,45,8,42,64,64,20,6,62,26,19,55,32,52,7,43,60,14,0,66,7,54,86,60,88,80,76,91,1,31,88,30,38,53,15,45,29,48,39,88,23,19,63,68,77,47,29,25,53,42,23,96,81,71,17,92,37,27,62,79,4,42,90,94
28,40,37,44,23,19,30,8,11,79,60,23,75,24,30,73,57,98,22,95,20,78,46,41,81,33,89,13,87,19,84,26,58,47,81,25,15,93,71,41,95,98,53,95,76,91,47,12,70,15,52,50,13,72,63,33,59,36,36,32,42,73,82,5,83,92,29,35,93,0,44,60,16,25,89,59,100,46,11,20,17,59,26,86,93,30,30,73,11,2,46,15,48,29,61,32,45,12,66,50
81,17,73,40,4,5,28,22,6,31,97,50,26,38,6,79,100,90,58,93,81,13,97,25,83,62,48,95,35,37,38,71,58,45,82,35,30,41,57,99,28,39,60,51,88,13,21,47,15,6,41,3,72,72,75,45,33,29,16,71,17,68,88,20,48,86,72,39,66,80,69,27,1,45,1,13,14,57,37,82,22,33,12,3,65,57,59,36,27,66,32,99,41,29,43,54,77,81,84,19
73,34,10,24,44,65,53,18,47,45,70,87,99,85,28,31,81,75,83,70,51,35,43,30,70,66,61,81,55,18,17,39,65,41,22,96,1,7,46,95,75,91,57,77,89,3,49,75,70,72,6,98,46,39,22,84,84,30,31,7,94,59,90,74,6,24,76,18,55,31,97,19,58,39,97,38,26,94,71,78,32,22,19,79,39,68,0,41,44,6,83,50,28,66,74,95,8,41,46,48
82,16,90,22,45,89,28,85,27,99,0,17,63,87,94,83,43,7,45,58,39,21,11,81,10,59,96,10,36,31,78,58,41,59,14,4,72,74,45,83,89,74,88,69,83,39,33,70,57,38,60,43,98,60,24,77,8,100,36,62,37,4,20,5,71,11,75,97,64,60,37,51,36,18,27,5,96,20,7,27,16,49,68,79,50,18,20,3,19,19,15,58,46,6,2,62,93,98,9,53
57,95,91,2,29,61,96,56,18,7,36,66,14,58,5,70,34,48,40,76,29,75,71,35,76,35,72,43,41,84,3,34,99,28,79,92,43,14,71,68,60,5,41,3,12,55,24,74,98,59,39,78,33,71,49,43,74,55,18,43,55,30,91,58,14,94,27,88,25,25,3,88,10,87,88,14,55,6,7,9,88,83,39,81,0,71,52,25,11,68,27,8,45,32,91,46,26,85,39,71
22,11,58,42,38,98,45,23,53,51,42,13,35,18,20,37,17,16,22,81,29,3,93,7,31,52,32,42,63,76,16,24,66,42,95,23,50,48,41,86,70,88,30,8,71,87,17,17,56,58,96,38,1,28,100,45,24,7,84,36,66,45,84,4,23,24,96,30,45,71,99,7,2,8,53,55,65,83,27,78,10,56,79,51,13,69,98,1,73,8,4,52,55,43,32,3,1,18,50,70
66,28,83,63,58,39,5,64,6,82,0,98,33,100,36,88,82,33,94,32,29,32,1,49,34,74,11,61,65,98,59,61,33,21,60,0,38,87,17,17,92,53,44,18,0,68,99,87,79,75,26,43,6,100,85,58,74,10,13,25,33,94,17,25,21,45,50,84,30,98,5,89,84,64,77,22,100,45,83,84,15,76,94,43,59,90,93,18,47,36,72,52,9,16,21,13,68,75,37,52
35,95,55,9,29,56,32,14,6,70,36,39,77,26,27,60,80,25,37,39,33,83,93,0,64,54,36,75,44,30,95,81,23,40,76,96,45,43,24,72,68,71,53,10,75,35,59,26,6,92,83,2,37,36,17,41,60,70,70,40,84,42,72,19,90,1,89,41,98,15,14,87,17,30,17,54,37,45,70,23,92,40,66,25,47,65,23,88,31,10,18,47,81,87,32,15,27,75,17,64
64,58,9,60,85,32,86,80,30,13,56,6,93,100,6,73,37,64,51,98,83,70,32,7,58,73,72,82,56,76,46,21,47,11,93,68,71,22,41,11,46,34,89,70,44,85,96,64,20,11,73,46,80,92,2,34,54,33,53,64,71,72,100,24,16,73,88,94,56,58,43,70,81,65,70,2,55,20,61,72,6,29,18,19,0,17,67,14,1,59,100,2,57,95,32,73,42,79,92,97
42,91,81,90,26,2,60,59,92,81,6,14,77,92,48,32,31,72,97,42,66,4,81,66,88,47,3,62,78,69,19,100,33,10,40,43,18,87,69,60,20,92,41,33,78,53,14,21,19,61,91,21,69,80,30,60,49,27,47,24,87,98,85,68,95,31,80,75,16,25,84,52,87,53,75,29,21,72,70,44,82,5,70,83,59,67,10,89,74,14,22,50,73,92,17,75,35,7,10,53
84,62,83,9,32,4,31,36,90,82,99,9,31,29,60,14,57,70,30,9,55,32,47,34,72,30,86,26,45,11,21,20,84,35,58,83,10,55,79,44,98,23,68,23,84,89,82,15,70,96,67,18,6,8,49,78,82,31,8,39,95,60,39,66,68,41,98,81,100,17,98,33,60,1,52,73,3,95,4,62,56,87,34,69,77,89,15,76,43,33,24,4,83,5,6,55,15,64,2,6
91,51,53,9,14,20,53,23,58,31,29,67,83,76,86,62,63,67,84,29,92,80,19,70,15,41,54,95,74,72,96,1,85,52,84,69,92,96,18,64,4,13,58,49,54,71,94,99,6,39,89,21,24,8,78,73,34,64,49,92,94,4,19,19,64,28,48,29,35,19,18,73,100,78,43,22,38,70,89,64,85,100,54,16,29,26,40,29,34,16,42,88,56,50,85,78,68,85,44,11
49,69,92,8,82,24,29,95,31,64,27,14,59,20,84,78,13,68,13,92,0,48,6,55,25,58,68,0,52,49,22,83,28,100,91,84,99,20,86,5,42,71,35,92,27,3,55,18,29,1,97,46,83,25,34,22,70,0,96,29,61,79,35,54,36,81,78,44,47,40,3,71,38,44,49,28,25,53,99,88,33,60,4,9,61,79,37,9,38,67,49,33,90,72,13,89,44,6,63,75
61,13,51,43,6,45,46,99,30,86,61,58,20,5,63,65,16,0,47,45,90,75,8,89,65,1,100,22,87,36,100,72,13,78,72,92,89,61,48,87,9,59,2,93,11,42,0,31,34,90,6,96,56,27,60,54,73,80,47,63,56,70,4,36,68,20,86,24,61,51,84,9,7,16,27,18,54,16,90,45,83,61,34,36,45,32,9,7,99,73,79,70,23,26,62,38,56,34,34,84
51,51,54,68,54,17,51,23,8,42,91,3,7,21,10,0,47,96,71,3,55,56,56,59,50,34,97,41,92,81,98,94,39,9,50,98,23,75,58,72,79,25,63,8,73,20,4,28,99,2,52,47,18,86,18,31,10,44,37,9,88,33,54,72,12,21,49,24,92,48,3,11,36,39,58,0,33,83,36,29,95,17,42,38,47,12,54,48,29,0,59,18,13,86,15,56,84,62,4,46
50,8,34,92,12,12,46,34,52,4,46,48,50,59,98,79,51,30,1,55,77,11,38,33,42,53,14,48,19,33,7,62,31,96,6,16,16,17,81,48,78,26,67,50,81,74,6,6,10,5,28,65,83,92,84,64,45,96,42,19,59,4,78,48,79,9,6,85,30,79,64,71,77,73,21,43,37,73,1,21,45,68,46,45,80,70,48,84,13,16,43,45,14,59,4,42,99,95,85,19
49,28,75,55,16,79,44,89,42,60,76,63,15,38,36,17,11,29,15,55,16,63,90,19,24,14,79,84,11,97,72,27,99,9,74,14,30,48,7,5,84,78,91,77,66,20,91,94,71,59,62,14,41,43,26,23,28,4,1,81,8,88,45,33,44,97,32,13,68,20,64,19,0,22,35,10,76,41,72,41,98,48,42,16,33,48,17,74,26,23,16,79,87,50,60,79,15,12,38,24
25,12,99,63,61,66,90,84,87,30,86,41,5,11,45,86,16,59,47,3,0,80,63,91,30,65,87,31,49,61,74,54,37,53,97,0,72,72,39,19,34,13,19,77,28,24,82,30,38,15,91,71,78,99,3,25,25,11,48,66,11,77,45,93,95,70,90,11,71,79,65,100,66,23,12,54,11,40,3,17,90,95,80,25,1,76,97,95,62,20,41,57,100,57,61,53,93,52,46,98
71,1,93,40,73,5,33,11,60,17,12,94,53,44,5,32,60,77,19,79,77,79,89,55,77,85,68,29,56,16,17,31,53,19,54,61,55,45,33,90,15,97,100,64,78,52,27,18,25,20,26,18,81,85,76,81,73,50,13,59,51,48,93,17,59,55,5,37,63,79,69,55,95,97,68,61,87,13,76,68,27,51,81,33,54,90,22,96,15,57,84,62,53,33,52,84,9,43,9,80
52,77,61,32,68,27,82,45,85,29,74,43,54,21,5,85,0,22,99,87,18,58,81,97,54,27,29,69,16,2,18,13,89,61,55,12,74,0,94,23,48,13,16,38,91,98,27,25,18,40,1,35,50,46,61,31,14,80,74,48,1,28,55,94,55,76,21,27,63,73,28,46,75,32,28,32,53,11,72,67,11,89,67,77,59,61,3,75,61,93,93,48,30,48,19,60,41,84,66,74
25,66,8,55,57,62,10,35,27,99,55,78,22,21,26,37,1,67,81,40,61,15,16,29,39,22,73,43,35,83,40,100,90,33,50,28,58,49,67,63,41,75,54,82,83,65,35,64,38,65,2,79,37,90,7,1,35,74,15,36,77,99,53,93,70,38,71,66,96,22,6,19,20,12,58,61,27,83,14,84,28,54,36,54,7,4,10,55,49,38,21,40,44,11,93,99,62,9,91,31
71,82,36,59,52,68,61,48,19,23,13,38,8,94,23,10,51,11,79,22,16,48,57,71,65,44,75,72,19,59,61,43,23,39,57,46,11,25,74,95,45,48,4,72,49,69,62,67,53,84,14,48,21,29,21,68,23,15,16,52,24,33,90,82,84,92,57,16,95,20,13,99,82,43,18,24,27,19,92,30,70,31,90,53,62,44,36,82,26,14,72,88,88,26,85,81,84,98,45,39
19,1,87,11,97,33,44,15,3,97,94,81,91,4,38,51,91,79,84,93,24,92,33,87,3,9,13,11,48,76,60,70,33,7,88,99,41,29,90,6,5,55,99,52,49,93,27,93,42,17,19,85,56,64,51,78,53,5,19,11,5,91,53,74,28,21,4,56,31,19,65,41,66,20,33,70,42,69,16,93,28,81,5,96,36,49,95,48,63,64,30,29,60,22,83,100,86,6,47,29
31,75,69,69,79,14,16,45,63,33,89,95,90,90,72,54,1,95,70,56,74,77,97,60,80,71,2,93,0,28,25,23,4,4,61,58,2,75,3,24,11,61,61,22,2,41,27,56,51,39,71,58,84,19,30,21,43,34,32,71,94,33,4,59,29,94,86,13,0,50,40,81,96,46,62,76,9,59,55,50,80,45,96,55,7,84,8,21,77,9,29,69,77,10,30,25,35,94,21,64
14,59,96,7,36,31,70,8,37,75,66,4,13,83,77,15,74,48,39,37,27,65,77,68,33,4,98,43,50,70,46,48,37,24,42,36,51,87,55,63,5,13,72,23,90,38,6,8,77,49,92,81,62,55,75,36,26,80,96,10,34,40,95,43,0,43,66,17,63,34,2,86,32,8,9,76,39,63,90,88,25,75,79,45,21,74,82,98,50,13,20,89,35,80,3,76,95,70,21,43