45,97,36,19,10,77,1,47,58,2,23,57,2,1,44,87,30,55,90,44,96,51,92,21,2,48,39,59,12,64,42,64,26,46,9,52,73,41,74,100,8,30,42,74,96,71,87,48,91,47,59,75,22,65,5,26,55,49,36,53,92,58,36,25,85,98,25,64,37,65,62,63,18,46,100,80,54,4,55,86,12,75,48,20,27,85,10,54,58,53,50,58,0,33,18,14,66,97,75,26
35,80,95,21,19,53,43,77,31,92,30,73,42,19,17,46,87,98,41,87,32,27,86,70,87,87,69,14,63,95,57,28,33,41,10,83,49,81,7,93,18,31,13,55,49,47,32,47,55,96,8,82,56,91,24,33,25,59,21,43,35,31,42,100,92,11,35,62,20,84,85,4,69,82,88,28,48,59,5,50,49,1,51,30,7,90,44,14,90,16,75,89,22,70,8,40,98,87,3,92
48,77,15,82,0,58,48,41,79,78,16,64,64,21,16,70,35,64,61,73,34,92,28,90,3,31,91,12,52,46,37,77,98,85,16,63,88,31,50,44,32,68,39,15,75,18,48,20,46,45,62,76,67,90,11,10,28,95,38,49,36,83,86,39,4,74,31,36,59,12,66,59,92,75,67,82,80,21,59,25,19,20,12,77,10,21,22,81,13,77,50,37,22,60,17,60,49,17,48,58
75,90,48,27,56,43,3,21,50,15,6,90,54,4,90,88,89,20,3,85,74,76,18,19,90,17,67,50,94,81,70,19,6,0,94,29,20,81,54,15,23,36,8,79,40,3,9,97,24,100,25,41,6,45,41,56,1,72,11,73,88,44,71,62,14,18,65,96,43,57,91,41,11,25,20,62,35,7,84,95,13,72,30,68,33,88,27,85,41,99,53,79,43,57,74,2,88,83,29,58
45,60,92,44,70,67,51,43,51,53,51,27,26,1,17,39,29,15,82,32,92,59,9,32,48,61,20,83,2,86,17,39,86,64,1,45,28,32,21,21,67,12,71,42,66,2,51,48,44,37,71,93,60,80,39,91,25,66,60,80,86,32,78,37,11,10,15,95,19,56,90,73,62,59,13,12,23,75,32,55,70,31,24,80,82,1,63,94,49,69,86,99,75,2,78,76,27,21,31,24
58,21,75,77,13,94,58,59,7,32,57,7,78,73,12,94,14,58,50,86,32,0,51,91,16,24,29,14,36,5,58,38,73,53,41,63,96,30,92,21,91,73,56,15,1,27,100,50,6,7,84,51,67,47,68,20,42,38,27,5,80,50,100,52,80,38,70,45,22,34,94,71,95,11,40,76,19,29,72,20,97,82,3,29,100,56,77,15,45,40,67,27,6,15,17,25,93,97,25,58
44,30,42,26,28,11,67,39,45,23,33,97,98,34,47,62,93,48,55,5,24,100,71,26,8,57,91,45,28,100,42,51,4,17,89,53,22,86,67,51,11,75,97,20,5,75,10,69,62,62,95,26,81,63,23,78,54,48,6,39,58,59,44,87,31,98,41,77,44,3,86,65,93,6,10,95,54,56,98,82,37,68,55,53,5,24,84,99,54,87,47,42,71,64,90,43,46,86,18,30
44,52,52,80,38,46,75,15,42,22,22,60,87,65,66,14,51,25,26,70,14,86,47,34,80,99,63,91,39,19,70,57,68,69,23,12,70,90,63,72,41,31,92,94,61,60,51,55,29,97,30,26,19,68,18,68,37,20,44,30,35,38,15,1,67,26,45,11,14,22,18,100,70,50,89,99,39,49,5,14,83,33,5,35,76,61,49,57,74,43,92,83,21,66,75,16,46,16,66,27
34,44,23,44,85,74,41,60,63,83,65,56,64,21,97,97,7,47,96,92,77,3,35,55,27,80,17,29,43,98,12,6,43,12,64,95,54,56,27,16,82,34,20,55,46,52,92,46,55,29,27,100,37,39,91,9,40,26,22,33,55,22,55,60,35,24,6,23,91,99,55,12,22,13,96,46,3,54,48,60,71,38,22,13,10,94,30,53,28,48,73,42,47,89,21,51,12,98,47,86
32,29,37,6,83,70,64,18,37,79,58,19,16,51,41,80,63,79,8,6,32,58,81,59,93,22,30,63,22,57,34,57,57,27,90,82,2,10,5,75,76,37,37,86,86,100,67,21,13,80,72,13,34,93,84,25,43,67,11,96,99,68,97,95,49,54,24,88,70,49,99,7,23,30,83,62,56,77,95,90,77,5,18,11,70,59,51,79,58,3,73,80,11,81,71,47,93,83,29,23
77,85,19,52,100,75,65,21,36,2,43,23,2,56,99,59,48,65,58,70,68,38,26,3,39,90,66,75,57,84,48,100,49,54,82,40,6,97,11,24,6,14,77,13,36,65,9,16,98,12,31,53,17,34,99,0,18,91,3,13,82,29,72,1,12,63,0,91,61,93,51,99,63,46,22,25,3,70,69,43,45,100,95,29,49,60,55,69,33,24,55,24,96,17,34,3,67,7,97,56
11,75,47,1,41,82,51,65,81,72,18,68,50,65,18,25,13,20,33,75,53,93,99,30,91,24,79,28,13,74,20,81,40,44,77,47,24,93,47,49,3,37,88,63,11,86,45,70,98,66,80,16,27,64,5,66,98,42,84,92,51,6,98,92,35,34,69,18,67,24,42,11,50,31,44,74,97,41,19,36,20,76,63,60,98,69,17,61,71,80,54,46,28,93,26,44,6,22,46,29
3,86,22,54,75,19,50,81,51,79,41,15,55,20,41,75,40,87,69,22,13,20,17,73,71,11,39,36,76,88,3,77,5,71,73,10,9,19,96,46,17,98,80,2,87,10,84,77,70,55,34,93,27,43,62,76,49,54,66,67,54,61,49,7,60,75,49,95,7,86,20,89,26,56,42,24,46,49,74,82,39,27,64,34,8,28,76,71,51,52,42,69,99,99,61,40,81,56,92,86
75,23,50,86,24,20,68,93,25,41,6,84,52,48,23,49,51,40,11,43,55,38,75,75,20,73,28,21,9,38,7,12,56,14,77,72,20,4,35,41,8,23,0,92,20,19,43,53,77,35,67,27,37,68,15,67,71,25,37,97,37,15,74,100,74,43,86,38,63,93,3,87,78,12,74,89,94,89,93,81,28,69,40,60,24,100,3,78,9,61,56,13,49,2,53,68,96,11,7,55
4,23,88,77,52,83,56,91,61,52,5,44,57,80,54,12,31,6,100,4,35,60,81,22,5,84,38,6,28,76,41,41,71,22,40,53,45,5,48,100,51,8,88,84,55,52,56,79,84,75,41,23,75,11,66,49,48,18,93,38,36,63,76,92,7,26,39,99,37,21,87,45,74,81,100,15,20,3,55,5,45,12,86,36,1,49,70,43,71,58,42,91,90,35,23,51,68,67,38,33
4,21,78,100,99,31,65,87,63,52,34,43,6,58,66,20,66,38,61,32,3,91,65,21,0,42,94,83,65,87,81,16,52,40,16,5,11,71,29,91,24,88,76,78,56,85,61,70,42,42,12,19,6,45,4,89,46,21,84,33,63,18,94,35,17,62,95,19,35,23,57,41,76,99,41,32,33,68,94,25,32,41,6,21,5,78,35,95,87,83,24,18,98,98,76,22,89,22,22,60
88,81,11,60,79,59,86,95,10,48,8,88,68,17,10,84,28,72,54,97,84,0,59,19,63,98,64,30,26,75,61,14,22,80,81,67,72,36,13,75,68,89,80,45,95,12,19,1,16,97,65,88,12,5,70,14,12,81,67,95,58,60,55,49,15,1,18,42,17,20,76,61,57,34,51,32,58,30,26,70,87,94,42,39,94,33,21,76,71,45,3,79,100,47,34,66,92,70,15,33
88,98,44,23,94,72,6,22,67,87,74,41,97,98,93,83,24,37,8,93,17,70,87,83,90,24,88,20,79,36,59,20,19,56,33,78,99,45,94,96,7,84,59,42,85,76,47,37,20,68,6,79,35,57,40,99,25,43,36,41,60,59,94,17,51,25,7,76,87,34,72,90,70,92,60,17,54,15,48,16,20,96,26,67,58,4,48,56,83,14,65,32,88,15,33,45,51,6,0,78
42,19,11,97,21,62,30,6,74,87,13,91,30,32,23,37,86,30,74,61,10,14,79,52,68,36,34,26,81,29,30,48,34,46,0,44,95,68,9,89,6,27,51,80,62,62,54,95,81,86,14,45,42,21,18,23,77,27,40,50,78,73,51,10,44,4,44,9,0,37,32,81,6,53,90,83,17,19,54,43,14,78,16,89,13,9,15,17,100,55,29,12,76,82,7,50,37,60,40,50
11,17,91,41,34,61,18,46,90,91,14,13,81,47,62,36,85,21,98,58,37,64,37,46,95,100,55,34,57,50,89,29,71,59,72,50,47,51,74,73,49,91,62,76,76,71,45,49,29,46,12,32,63,69,28,10,87,3,60,24,7,5,66,46,83,32,24,77,97,44,51,81,50,16,11,0,7,87,48,78,15,37,100,12,4,1,17,98,58,23,2,89,9,90,83,86,33,83,4,52
66,36,43,88,83,34,56,37,40,75,31,75,42,71,59,56,22,59,36,85,43,10,9,83,8,90,97,60,71,94,66,92,73,75,88,9,95,4,67,64,1,20,5,79,35,72,31,68,53,83,55,69,31,97,35,94,31,9,15,51,60,9,64,98,70,42,90,44,75,92,46,7,46,42,98,92,7,65,57,37,21,41,13,11,64,3,61,61,90,55,63,32,12,59,92,91,74,68,80,95
56,7,58,63,97,40,29,32,83,63,97,35,88,11,64,62,21,29,61,22,12,98,90,97,20,59,97,22,52,47,98,81,26,87,85,56,57,55,38,19,70,56,4,49,12,17,60,57,31,44,95,14,46,57,86,77,83,77,13,77,59,31,90,77,30,74,32,44,86,9,69,56,7,94,45,95,61,90,45,48,2,72,35,3,40,0,26,72,26,12,3,51,75,94,16,48,76,90,60,79
9,45,11,22,98,55,72,70,20,43,66,85,59,67,65,89,14,1,0,4,22,37,7,59,78,5,41,57,16,90,31,80,40,41,45,40,0,33,46,92,91,5,22,86,24,90,0,28,18,33,86,51,79,82,13,79,34,61,50,18,95,68,16,67,16,28,9,64,8,77,89,6,23,87,6,89,77,34,65,91,1,27,74,54,42,87,16,29,37,33,17,19,73,63,34,14,9,61,58,88
92,36,51,74,87,79,28,11,1,23,18,80,96,76,28,59,84,24,37,70,60,78,47,95,54,23,24,8,37,11,88,82,31,47,92,31,100,95,42,52,72,54,27,49,44,41,73,86,75,91,27,17,53,37,16,0,9,90,20,30,4,32,43,12,74,1,97,100,79,83,19,48,86,17,67,77,44,100,29,34,63,54,6,68,6,22,57,50,69,26,32,29,14,2,83,89,78,58,33,92
46,47,64,47,6,40,63,96,54,38,33,77,55,43,32,69,96,59,53,94,7,55,52,33,41,86,2,38,78,7,67,2,83,53,63,96,14,17,57,99,17,79,43,40,53,75,8,40,54,21,41,60,30,29,40,41,51,62,29,17,30,96,15,55,74,65,43,14,6,47,41,89,88,38,23,86,33,96,35,28,37,68,3,24,69,38,58,23,51,23,69,67,76,26,90,81,14,45,44,65
26,89,40,17,42,89,11,79,40,46,55,25,8,12,4,80,13,43,4,21,2,49,3,52,19,43,54,61,51,48,24,34,52,78,93,7,43,22,30,85,42,10,20,41,8,10,54,39,61,33,8,72,58,23,75,96,27,67,65,20,47,64,74,77,95,78,23,65,56,99,68,67,85,14,0,93,56,23,44,43,54,34,45,0,32,64,20,44,15,95,0,50,20,11,86,10,85,31,72,28
56,82,43,74,31,32,40,3,47,71,47,13,99,14,18,75,90,77,62,9,70,72,93,39,14,25,65,96,41,76,78,32,26,79,48,92,38,87,61,7,27,86,7,87,88,21,5,77,77,48,11,56,27,86,51,49,31,9,22,34,52,17,59,32,78,92,24,25,42,68,96,71,70,9,97,61,55,56,66,10,37,19,73,98,61,42,66,57,85,95,13,63,17,80,99,30,63,63,48,33
31,1,82,26,68,81,47,42,73,74,93,42,57,8,2,26,72,29,74,58,54,91,89,0,19,14,26,64,8,51,76,13,51,26,59,6,0,39,30,80,54,19,67,0,9,99,1,68,66,45,52,69,37,69,20,44,22,98,27,26,78,15,29,96,84,27,76,86,55,49,89,31,85,24,20,57,62,43,71,66,37,26,90,61,60,2,89,22,42,78,91,49,93,98,14,67,99,26,17,16
34,11,19,8,40,36,36,91,62,64,28,32,27,61,5,54,77,61,39,22,74,70,35,1,67,25,35,83,59,8,97,57,11,2,92,77,54,14,26,85,99,74,6,32,23,82,95,40,43,6,98,46,18,36,68,40,25,61,17,36,18,10,10,75,64,50,81,10,70,7,14,16,34,26,4,72,27,48,75,30,57,20,95,42,59,68,4,69,70,12,23,29,65,82,28,77,4,53,6,11
16,30,33,2,47,26,77,26,67,96,44,8,57,52,19,99,86,20,60,60,20,92,92,5,96,29,4,24,16,4,53,2,37,81,33,39,98,47,96,1,68,81,8,45,100,66,84,41,90,46,4,76,10,58,7,40,53,95,66,9,51,86,95,10,80,30,36,38,49,99,22,69,40,100,94,1,20,66,97,20,92,25,95,85,9,35,69,59,47,84,18,12,100,31,35,90,5,48,62,55
0,86,1,38,1,94,43,23,67,42,60,38,79,47,14,32,31,24,74,61,91,66,8,23,63,0,19,19,97,60,82,29,48,8,68,47,27,46,32,9,88,16,79,16,65,20,36,44,94,33,80,39,77,28,11,81,12,89,3,99,43,33,87,27,66,57,57,97,90,63,47,56,88,69,57,17,69,68,97,43,86,10,84,15,85,19,64,24,77,31,49,42,6,8,42,53,30,71,75,48
13,61,44,86,26,71,34,76,64,28,36,53,79,74,6,22,34,75,14,68,65,93,6,46,82,33,21,90,51,78,18,39,68,55,28,82,35,71,5,53,14,40,1,90,87,70,4,75,76,100,27,60,20,31,44,42,60,67,16,44,42,4,83,48,44,28,35,48,92,38,70,4,79,79,35,20,43,24,6,66,57,2,82,52,63,60,84,90,11,90,89,46,99,49,69,14,49,30,75,47
16,80,94,67,17,17,78,74,48,47,86,54,46,86,22,6,35,51,37,56,50,67,21,88,11,61,65,65,88,90,97,94,58,66,63,96,25,48,25,99,46,99,57,65,50,86,92,80,85,91,96,32,83,43,36,78,95,68,90,16,68,27,22,43,44,23,30,75,78,9,20,95,54,10,53,35,2,78,59,2,13,79,2,57,5,41,67,18,78,80,57,28,1,74,28,15,17,14,60,100
25,63,17,88,88,47,89,77,73,5,56,65,50,4,25,6,48,92,28,100,12,5,79,27,91,56,28,0,11,50,13,15,34,91,69,56,18,45,65,96,35,67,14,11,96,61,71,51,12,19,80,52,3,22,89,53,3,85,58,19,64,98,60,91,33,72,83,67,66,13,35,30,34,53,77,62,16,65,22,65,49,5,3,30,13,82,77,97,73,18,67,44,18,83,51,12,65,0,65,17
45,89,22,61,72,14,3,54,39,7,0,66,94,28,31,100,76,28,41,33,99,41,69,46,57,57,78,34,48,31,55,54,44,40,46,8,9,80,66,66,70,96,79,69,7,33,87,1,14,53,75,49,8,79,1,31,16,24,80,71,11,87,14,2,0,93,0,13,65,27,2,37,80,53,67,29,28,56,93,68,36,8,14,28,25,36,49,67,75,67,33,81,57,68,78,15,54,36,67,87
22,51,14,18,100,92,20,80,90,79,50,86,70,67,74,26,95,62,45,17,84,69,47,31,8,88,63,83,35,54,5,51,11,63,2,23,78,91,80,10,66,92,22,77,50,14,29,9,47,89,55,46,92,40,87,51,24,17,99,63,20,60,29,28,67,99,48,57,92,49,13,80,29,53,78,45,65,35,93,14,64,48,52,93,88,75,34,1,44,38,32,86,86,79,84,97,75,50,65,4
25,39,10,16,66,57,32,23,49,4,60,66,76,18,70,41,11,39,2,37,71,77,69,19,73,4,69,100,65,52,18,59,91,72,30,27,1,84,0,64,6,0,74,35,63,50,88,19,73,94,52,49,27,0,57,90,95,78,84,83,83,80,37,14,44,76,54,37,90,14,26,99,0,89,81,22,34,11,45,95,8,68,23,36,74,67,85,14,51,99,56,68,84,45,45,90,0,31,88,98
29,61,99,76,23,97,22,41,0,50,96,50,96,85,14,5,22,36,42,64,5,49,98,40,24,37,35,28,10,9,14,99,84,97,51,43,21,40,62,94,62,62,67,96,1,8,57,65,33,43,100,6,60,75,87,32,85,7,23,7,6,77,75,21,0,51,29,32,45,74,60,30,45,5,45,87,21,99,90,94,22,19,76,99,72,47,62,77,48,19,37,4,33,97,90,59,50,7,1,40
71,33,94,44,45,81,76,31,24,40,22,48,74,75,20,1,0,79,15,50,54,29,15,73,4,99,34,0,73,23,44,95,56,22,90,32,95,54,51,6,49,78,6,71,0,2,63,59,67,34,82,76,44,12,31,21,17,91,89,7,78,78,86,87,97,80,80,76,12,43,45,34,87,30,3,2,98,17,46,62,64,79,54,12,29,75,19,21,43,57,22,47,48,28,14,53,75,55,30,52
20,4,68,67,55,89,83,75,70,40,72,47,8,95,58,70,40,45,72,24,2,47,53,37,60,63,3,14,40,44,42,36,77,0,57,38,95,64,43,20,68,8,76,13,60,69,81,24,74,5,81,84,39,21,27,34,14,6,58,65,63,80,15,45,68,64,64,68,86,18,0,6,88,78,96,60,50,86,17,86,90,28,58,62,35,37,88,51,25,12,91,28,75,93,73,26,13,38,27,63
85,60,0,54,73,75,97,66,28,59,92,37,57,58,21,43,42,22,49,12,82,23,41,47,16,85,72,1,92,35,94,100,14,85,16,40,11,26,13,97,14,32,96,75,86,69,89,92,84,45,65,98,12,94,78,89,44,75,79,0,14,34,24,80,57,29,57,52,80,56,82,70,40,8,35,52,59,71,43,23,50,53,97,16,93,40,93,52,3,97,28,29,54,53,85,89,80,14,55,26
73,74,78,1,72,30,78,47,69,97,84,90,52,69,93,26,20,42,50,81,76,83,83,73,92,54,36,59,51,67,77,28,46,31,19,82,56,6,89,45,54,95,84,54,5,23,44,88,77,24,62,15,62,64,25,24,32,86,3,43,82,62,29,90,19,34,97,81,3,65,16,38,30,11,57,18,65,82,34,92,17,45,80,62,13,84,86,47,29,8,59,61,62,48,37,97,26,53,95,44
84,86,61,60,65,44,11,43,15,89,20,86,69,85,6,29,55,33,18,24,94,79,48,5,8,98,70,61,100,16,28,81,2,59,94,28,29,82,10,14,99,32,49,89,84,74,90,3,8,10,9,52,52,77,28,66,26,51,90,65,73,91,28,76,52,3,53,60,61,70,93,24,78,17,62,32,51,32,44,35,37,58,17,84,64,10,31,99,4,97,73,68,68,99,99,80,75,48,17,0
18,50,31,100,68,41,97,33,61,30,78,1,29,44,61,94,21,17,24,100,55,40,95,59,78,35,25,71,55,54,93,30,87,10,36,96,14,99,24,9,92,21,100,58,24,67,63,17,61,100,43,87,15,91,30,56,12,87,13,55,74,10,2,68,96,92,7,44,65,62,72,88,66,78,86,21,28,22,85,18,97,71,63,8,39,23,71,45,19,23,52,41,72,98,29,31,77,39,34,11
42,62,18,49,75,67,62,47,45,98,33,45,5,4,33,4,20,51,14,23,28,7,79,71,70,83,92,65,100,80,21,52,28,85,64,85,22,53,100,72,44,70,82,75,56,13,71,51,81,37,48,99,82,79,35,78,99,87,22,25,67,82,19,5,25,5,94,22,84,75,99,73,44,58,83,68,61,51,39,86,69,77,84,38,90,97,39,90,64,76,15,83,82,78,40,7,82,10,7,30
74,10,66,4,76,20,76,69,45,77,69,42,37,14,43,78,18,27,96,12,13,42,88,7,98,48,94,18,21,45,38,15,34,46,73,22,49,37,99,27,22,30,44,8,89,27,72,41,77,68,83,14,55,31,61,54,61,26,54,96,88,73,7,65,86,11,93,78,95,28,84,45,54,70,99,64,6,81,52,28,97,91,1,14,8,79,65,48,28,98,21,89,71,38,57,55,98,6,98,3
69,61,24,72,97,42,16,60,29,13,8,6,20,34,76,93,57,58,85,23,32,51,31,39,21,56,7,13,41,81,93,6,26,47,28,29,62,29,90,90,95,36,100,75,22,30,78,42,55,43,37,13,49,3,34,80,52,46,73,67,20,60,29,99,2,68,94,94,34,98,86,33,97,52,15,6,58,51,53,60,65,79,62,11,1,23,2,95,100,7,4,71,21,44,11,16,40,89,67,70
23,53,20,16,86,75,87,0,58,75,62,92,1,54,87,19,34,23,0,90,18,66,8,53,83,68,22,68,43,38,50,25,3,61,38,79,20,100,56,75,83,8,62,85,46,9,59,55,21,68,87,14,59,77,99,24,92,58,70,67,29,41,88,11,11,48,11,12,35,68,1,16,13,41,70,79,17,69,6,41,98,66,41,0,23,22,0,49,3,7,54,69,72,62,97,74,35,78,98,62
36,27,99,37,26,96,77,18,96,74,45,37,37,39,29,12,69,33,55,36,44,81,96,2,99,7,32,6,43,83,11,86,33,2,22,48,24,22,51,35,94,79,55,25,66,83,9,37,7,40,58,72,98,88,82,58,59,16,4,18,70,6,76,40,74,43,79,99,19,79,38,72,68,22,87,48,52,61,48,40,62,1,8,64,77,91,50,29,97,91,77,51,3,57,1,90,9,43,83,2
37,8,30,94,78,45,64,13,96,80,70,64,10,74,2,72,96,58,11,61,33,27,45,22,7,39,71,36,78,39,26,45,35,89,25,68,22,44,74,48,46,2,8,71,70,70,15,28,12,100,71,46,36,59,18,98,47,53,28,34,8,39,55,0,94,55,48,21,10,17,17,88,66,6,10,77,0,16,48,11,45,95,27,99,56,19,96,10,29,86,89,25,17,18,83,10,62,38,52,89
75,1,49,5,57,24,41,74,60,16,90,9,74,49,51,7,85,44,5,1,64,2,2,91,66,97,97,26,33,44,82,24,55,92,97,16,48,2,68,47,64,85,32,10,78,41,33,3,61,85,75,29,19,68,84,53,50,100,70,72,3,1,6,92,14,93,14,71,70,18,87,37,46,36,14,65,98,54,66,92,100,96,23,70,61,40,71,65,20,98,13,86,41,25,65,89,41,70,29,3
46,60,62,57,78,31,22,51,19,74,38,63,49,43,65,60,55,76,61,71,85,100,13,59,55,75,95,61,75,83,46,21,40,83,39,89,86,46,77,79,78,48,98,31,71,34,56,83,33,25,23,21,85,2,95,91,72,27,15,81,65,12,74,26,65,18,28,11,5,74,34,2,3,10,94,92,80,82,72,11,20,66,64,4,90,30,67,64,90,84,60,93,45,39,84,5,97,26,84,74
41,74,23,61,1,9,84,16,17,18,69,35,93,88,62,47,86,30,64,65,40,100,59,46,82,65,1,78,27,33,84,79,78,84,99,94,93,9,39,74,87,69,13,46,17,38,71,6,33,8,15,59,24,26,15,24,25,38,23,13,24,52,64,46,60,10,94,75,29,24,43,75,91,98,75,33,92,16,56,57,43,82,36,43,31,42,19,73,23,35,50,77,77,54,47,27,18,98,41,84
34,80,76,71,38,87,71,57,77,69,74,47,61,34,96,13,10,66,82,23,7,96,35,39,53,78,64,29,70,19,99,73,35,16,41,98,61,96,31,55,8,48,94,69,0,20,31,35,55,16,27,4,22,19,90,71,16,35,34,89,64,8,40,15,28,3,2,5,51,74,67,71,74,85,12,27,8,10,9,39,40,21,71,39,0,20,41,48,97,70,33,56,65,96,82,7,69,14,99,45
6,83,63,90,30,71,22,18,29,11,31,39,54,84,83,95,25,23,43,24,9,48,18,53,51,35,31,5,45,66,75,96,58,85,63,53,49,100,75,45,75,46,96,37,14,58,42,93,25,95,89,92,15,27,24,31,69,94,28,78,98,64,82,71,66,86,97,83,93,94,80,98,47,72,32,48,8,70,10,40,16,33,62,21,99,20,29,0,8,85,14,80,77,21,90,65,81,50,75,30
71,46,33,22,6,67,83,61,39,87,84,70,40,26,62,53,20,65,75,41,82,35,74,83,38,70,47,12,1,47,47,84,59,22,78,14,49,99,79,66,3,50,29,11,2,95,5,73,76,64,25,87,89,19,45,80,63,82,66,81,10,61,43,58,3,3,75,72,29,65,52,15,30,78,10,53,34,21,72,16,60,78,53,32,6,9,99,1,72,18,56,11,17,71,91,30,11,70,10,46
34,7,72,29,59,64,24,43,30,92,38,16,34,30,41,48,98,70,2,38,22,68,94,27,61,69,66,32,55,32,11,42,6,42,87,69,51,49,56,83,26,5,5,46,56,12,22,48,62,89,63,42,25,58,32,98,42,62,23,98,66,7,90,99,51,14,82,32,92,75,52,36,41,36,30,32,30,11,97,5,68,68,35,89,51,67,47,28,100,45,100,5,19,85,21,17,76,76,6,39
28,45,34,30,15,43,53,19,81,18,69,15,83,95,73,80,52,73,4,17,31,90,19,31,92,50,75,54,29,13,37,90,89,4,78,69,71,27,61,19,23,100,35,95,66,7,9,89,46,39,22,6,28,51,41,91,35,68,78,32,91,85,42,76,95,36,45,99,62,36,97,53,13,48,72,74,55,15,31,80,78,65,0,26,0,77,56,83,30,62,98,14,12,15,93,52,20,18,40,99
10,29,100,34,23,17,62,92,77,2,82,39,82,48,76,1,10,90,49,43,10,58,49,4,100,42,83,29,27,61,84,73,62,32,0,83,63,81,71,12,86,46,25,37,18,79,48,4,60,38,57,78,35,41,85,45,79,63,13,19,43,47,97,52,94,74,1,14,51,7,59,15,69,78,99,61,23,90,2,81,31,43,45,94,96,87,94,13,4,82,18,89,48,28,47,100,68,88,16,10
73,5,82,22,45,10,61,12,20,43,96,36,9,94,73,37,20,63,53,94,100,46,38,92,74,79,95,21,45,45,65,96,43,84,56,6,55,86,16,9,39,81,16,63,29,76,24,16,21,78,31,42,66,38,36,22,95,79,25,8,91,26,49,27,80,52,3,25,7,85,65,78,24,95,99,72,14,52,82,60,51,83,93,99,10,14,65,32,32,43,71,34,82,15,5,91,71,75,60,18
22,30,28,4,75,97,21,22,84,53,48,11,30,34,71,47,18,60,49,22,65,34,37,21,19,23,44,59,85,23,25,74,7,89,38,74,69,64,9,13,70,55,54,3,14,86,34,42,62,60,11,21,72,12,73,74,2,44,93,91,16,20,82,34,63,95,19,77,6,77,91,29,51,93,29,58,34,4,48,80,57,7,60,57,72,93,9,89,68,65,51,53,6,2,4,17,33,36,57,63
16,5,100,64,98,56,85,18,61,72,64,56,26,67,23,100,12,77,38,85,96,10,43,49,41,7,36,54,87,98,8,38,34,25,96,72,77,65,46,53,57,66,12,73,4,35,94,82,64,10,2,27,59,73,77,37,69,76,6,40,30,82,64,92,30,70,71,58,67,0,57,36,70,3,70,66,22,72,5,74,35,69,28,49,42,79,44,85,10,77,42,37,82,100,7,94,29,54,44,71
99,32,82,94,33,62,98,58,36,25,79,16,21,50,25,98,95,14,50,53,4,62,38,37,84,92,16,74,89,78,43,74,12,67,47,69,64,68,52,92,78,69,20,76,26,82,46,40,31,4,25,73,80,44,56,40,65,59,86,85,4,72,29,96,9,46,35,43,53,16,38,82,16,71,94,8,55,57,85,97,80,64,49,59,61,61,99,5,91,15,86,38,6,84,67,77,100,55,5,30
39,27,22,62,96,41,70,92,90,65,7,81,29,10,26,92,72,70,56,69,98,20,51,3,74,58,6,18,87,12,6,0,90,65,43,38,34,38,58,27,92,66,38,29,98,25,47,73,15,84,1,32,65,18,96,87,66,14,89,53,62,16,37,45,67,100,75,28,55,3,42,86,36,7,0,97,0,52,79,7,54,11,44,35,80,34,26,25,19,10,95,21,57,36,58,5,20,92,9,15
22,66,88,8,40,43,52,78,9,21,15,14,90,83,38,88,60,64,15,68,20,93,65,34,46,75,94,29,22,21,83,62,30,38,84,88,15,47,9,82,72,86,33,65,43,68,82,34,56,23,31,22,80,98,29,62,88,63,23,58,94,92,44,73,92,26,44,89,55,3,38,26,76,47,45,0,60,57,70,12,55,42,52,74,71,21,78,65,94,66,1,39,25,70,52,90,57,38,90,23
3,49,20,99,24,42,6,72,54,88,39,84,76,63,97,90,57,51,96,42,65,34,18,15,90,55,89,5,50,15,73,97,94,51,57,58,55,16,76,28,97,27,50,100,20,0,63,37,74,79,4,18,45,43,34,65,89,86,88,27,76,0,47,55,96,15,67,8,20,91,72,18,52,11,97,98,1,62,8,32,16,36,99,84,91,88,34,29,94,53,66,67,95,71,24,58,75,13,8,80
91,33,25,74,87,49,13,53,45,88,12,42,62,47,43,70,20,56,57,16,18,9,6,9,57,92,47,33,98,54,40,19,94,86,99,42,38,74,26,38,79,100,62,53,10,7,44,99,73,84,89,7,55,84,81,94,90,22,54,64,89,87,26,52,49,68,78,60,96,15,95,55,32,83,74,84,17,97,93,73,17,27,51,66,95,88,31,44,92,48,95,72,59,10,98,44,44,83,28,57
37,37,74,17,16,69,62,24,20,84,84,18,26,5,22,88,53,84,46,24,66,48,73,65,38,5,83,12,86,23,22,55,23,15,30,62,78,25,3,87,62,18,57,74,70,31,33,21,24,81,100,56,79,66,73,39,72,0,17,53,35,38,96,92,68,1,91,20,94,55,7,44,18,7,31,35,80,90,1,72,24,94,59,58,44,48,68,72,31,87,54,42,90,10,27,97,93,47,98,73
16,90,9,87,11,13,85,65,51,39,70,66,68,46,99,63,88,76,98,78,59,69,60,37,91,45,6,33,63,57,68,93,96,51,25,19,82,42,89,89,89,16,98,78,63,84,37,89,4,6,50,74,99,70,27,18,1,51,68,9,92,67,29,73,54,33,80,77,49,23,87,30,86,15,0,58,0,79,60,37,65,72,31,54,90,99,4,61,65,65,82,55,59,26,8,75,7,13,74,46
18,83,41,79,71,69,7,19,81,35,26,49,3,85,38,66,18,63,5,34,22,32,60,99,45,19,59,20,58,16,62,23,79,54,40,67,11,51,26,27,28,44,26,62,60,24,57,81,94,11,12,43,50,2,79,93,80,90,21,69,1,28,89,10,54,52,23,16,53,31,70,22,3,19,97,45,43,36,55,13,77,39,84,80,50,62,36,80,86,23,16,94,85,17,80,2,86,59,69,75
67,65,23,12,30,45,6,95,71,80,29,3,11,71,65,20,86,14,39,79,96,8,68,26,90,71,79,82,23,42,90,50,74,22,17,64,38,33,47,12,98,40,65,26,41,36,72,9,99,19,80,6,50,19,51,23,46,20,52,65,87,14,42,72,14,78,0,41,78,15,64,47,52,99,46,52,22,95,40,59,48,48,59,61,86,50,4,56,90,93,39,64,95,24,57,2,40,86,18,81
61,74,71,94,19,1,90,25,3,89,40,98,87,61,72,91,20,8,93,31,93,37,77,37,42,34,28,0,32,70,56,33,46,54,13,20,97,32,58,46,48,45,56,54,51,10,41,54,84,10,58,91,15,24,21,20,99,64,91,36,10,84,27,8,95,95,11,36,1,84,91,27,82,86,70,33,1,91,10,27,19,40,56,98,90,63,60,20,68,89,31,23,40,93,75,44,46,20,100,82
46,96,53,49,66,42,79,30,37,39,67,88,85,55,93,53,69,50,20,84,58,99,43,15,42,66,19,45,32,34,33,78,51,33,83,7,85,95,83,63,34,34,92,12,12,51,62,95,40,56,2,30,59,23,24,25,85,27,57,64,67,73,43,96,12,67,13,79,100,34,1,37,37,15,96,66,37,12,22,27,18,57,79,72,68,49,47,82,75,48,26,54,66,77,5,91,30,81,15,79
88,55,100,99,61,82,11,95,20,80,69,53,33,4,54,10,31,34,94,46,34,90,70,88,34,10,20,46,5,0,5,26,33,32,54,86,52,43,49,63,61,55,15,42,47,47,50,44,88,17,9,61,82,34,39,62,94,31,100,80,2,82,82,48,76,50,64,76,37,76,24,21,64,53,22,63,3,96,15,8,92,46,49,20,24,97,61,74,0,19,2,47,94,34,63,35,41,38,13,21
3,22,18,99,32,18,79,66,100,9,25,76,47,88,71,54,64,95,98,8,27,88,96,39,68,41,31,88,90,77,53,33,73,63,30,12,91,89,28,53,65,16,47,2,27,47,75,95,92,59,18,8,1,2,0,77,32,75,16,60,97,64,97,49,72,91,84,47,55,98,31,72,52,34,65,55,88,35,75,31,41,4,94,63,5,74,94,50,8,21,24,81,89,86,82,10,18,86,3,4
84,63,97,56,16,7,2,11,38,97,88,35,47,56,73,53,99,92,97,19,36,33,85,21,64,99,9,68,68,88,33,31,46,7,89,42,9,51,72,21,98,20,95,33,100,94,5,58,68,52,34,63,100,82,11,75,50,67,45,48,58,88,24,84,63,24,78,85,45,94,3,94,89,91,35,15,34,96,59,27,73,72,55,28,10,49,22,17,45,37,72,25,78,47,96,50,62,31,80,42
98,15,75,22,34,82,68,71,70,1,88,65,40,60,5,3,93,95,84,26,56,79,57,58,74,59,1,15,72,88,57,73,30,70,56,3,86,87,22,32,6,18,64,47,94,18,74,62,60,57,47,99,100,2,31,16,57,24,39,36,4,69,4,1,2,3,92,19,98,18,43,1,24,7,7,63,38,34,74,77,84,41,69,86,71,98,73,56,28,99,65,47,66,72,6,16,58,44,80,68
83,47,91,63,49,1,15,17,100,12,20,49,39,29,80,43,69,89,27,44,56,15,48,11,1,49,73,29,23,52,24,42,39,41,100,48,23,6,34,23,3,36,89,93,30,49,74,25,81,57,52,32,72,91,59,15,99,54,6,83,22,98,80,56,57,22,29,59,100,18,5,48,89,73,62,69,41,59,50,12,70,37,25,20,8,84,39,93,11,94,88,23,21,66,52,1,58,35,31,5
96,18,15,98,26,100,43,79,1,20,80,28,77,23,8,74,73,36,31,67,67,70,83,62,40,39,72,69,47,7,24,38,65,61,89,6,31,48,14,45,89,10,36,24,42,37,51,99,48,74,27,72,40,16,90,66,74,9,69,70,46,98,18,0,20,3,37,58,12,79,85,20,39,4,52,4,32,11,24,24,32,94,91,21,41,2,29,40,78,69,11,15,21,73,52,33,23,3,79,0
24,10,6,98,17,32,43,4,33,85,82,53,41,47,55,83,27,80,79,59,37,73,9,74,92,30,19,64,21,3,76,6,45,58,78,31,19,26,62,6,95,88,22,12,91,58,41,22,50,55,49,23,77,72,91,49,48,49,47,44,4,16,92,78,65,0,54,24,98,81,82,60,7,83,3,19,94,44,62,89,4,2,60,68,8,24,0,78,88,21,25,16,20,54,10,4,21,72,80,99
86,21,15,5,21,94,47,49,19,15,1,55,39,20,69,52,71,65,82,46,79,49,58,100,26,37,23,76,27,53,35,62,47,29,95,21,80,6,48,85,17,27,41,58,1,6,70,19,75,31,12,73,39,29,55,19,8,95,54,86,25,0,22,93,55,28,54,29,0,14,4,68,42,96,83,35,19,57,61,100,71,58,18,38,81,100,59,36,9,94,4,99,1,86,37,43,64,72,11,3
1,33,25,32,64,61,43,2,31,79,22,28,36,0,90,57,49,43,40,7,26,13,87,97,41,40,62,20,89,35,45,56,68,48,52,71,96,84,65,61,70,93,74,66,58,78,37,27,64,12,80,73,15,67,47,70,49,2,62,42,36,69,97,43,94,54,95,80,92,0,19,19,1,5,20,32,30,0,88,58,29,64,65,11,64,43,40,15,49,100,27,64,78,57,81,94,57,87,78,35
73,53,47,21,20,5,20,64,6,95,19,24,77,9,15,80,68,24,28,4,95,4,17,12,44,20,15,31,22,97,23,69,40,27,42,50,1,78,37,4,31,48,18,75,34,49,4,97,22,8,80,82,19,50,43,30,98,63,59,58,49,75,60,6,63,33,41,99,35,83,62,51,58,12,26,92,72,23,57,57,37,74,12,57,13,21,36,33,22,61,47,34,93,14,76,5,46,17,48,34
17,13,62,57,95,36,6,23,91,0,95,24,8,24,44,59,63,60,40,32,32,16,34,36,42,32,29,99,59,90,73,53,95,94,68,50,44,76,76,79,57,46,92,41,62,30,46,1,99,23,22,100,93,35,25,41,35,88,83,54,50,95,0,100,71,59,34,82,71,17,42,42,73,25,11,70,97,58,56,73,22,12,1,80,68,94,89,60,36,58,17,28,10,1,57,38,0,40,8,95
13,10,1,52,15,49,56,96,83,61,64,48,35,66,37,89,34,67,4,7,24,15,14,57,30,16,53,52,4,86,32,77,77,96,53,23,23,14,67,39,15,11,20,36,13,2,3,25,90,54,0,32,89,3,16,63,76,16,67,27,20,52,44,43,10,77,67,53,13,26,65,80,7,41,51,48,1,7,32,13,11,4,52,68,32,54,38,73,85,66,64,56,6,61,56,96,20,68,48,1
20,72,32,86,68,24,50,21,73,87,35,31,71,48,52,68,69,26,57,10,14,51,8,75,50,95,63,62,26,93,18,47,37,50,79,86,70,68,0,0,4,65,89,54,29,83,84,23,40,67,14,80,41,61,99,80,21,47,61,35,24,96,38,98,99,43,26,87,83,63,92,54,8,95,83,54,54,62,0,46,94,33,7,79,6,65,78,28,19,2,78,64,41,34,6,97,29,13,55,66
58,12,33,11,43,36,67,2,52,82,33,53,22,65,92,29,83,82,28,6,43,18,69,23,29,25,87,2,36,42,51,94,10,64,9,46,16,4,97,58,94,96,76,67,76,75,53,54,67,1,46,74,86,55,35,41,61,1,69,10,2,3,44,34,19,38,85,59,61,16,48,26,7,13,42,25,3,96,40,92,79,64,10,84,26,54,76,68,51,74,39,3,75,27,22,45,92,61,10,56
44,5,9,8,35,57,21,90,34,48,60,64,24,81,55,36,50,97,93,58,76,28,89,55,55,9,16,48,68,75,92,36,11,26,9,68,74,20,10,88,61,28,1,90,67,81,13,29,36,88,74,96,9,31,89,23,30,2,74,91,17,37,72,8,22,35,2,59,79,22,63,43,46,82,58,59,79,28,60,33,75,49,68,93,57,53,100,24,66,35,26,51,83,99,45,21,67,68,2,38
46,95,92,67,91,33,61,65,69,10,93,99,38,8,30,48,69,56,7,63,14,12,60,49,29,93,55,5,76,36,36,3,64,62,15,94,41,69,84,93,25,39,16,11,58,29,84,29,78,27,79,20,8,86,40,27,7,68,70,21,29,93,100,10,60,21,96,87,77,16,2,42,4,79,37,47,16,60,69,8,82,55,93,84,2,28,86,28,9,8,8,65,57,74,93,9,2,25,46,10
51,17,4,28,7,94,17,71,45,75,93,73,84,72,63,23,74,79,80,0,80,96,34,53,9,98,38,34,47,29,82,58,91,78,35,58,74,91,47,98,34,62,34,94,94,9,64,49,42,25,70,11,99,46,38,98,73,60,52,40,89,11,48,16,72,8,19,64,86,66,24,76,62,94,32,1,43,3,69,86,61,91,28,38,51,78,47,87,62,78,46,87,13,73,54,36,11,60,23,12
78,49,100,81,94,24,99,62,39,38,31,0,96,93,36,87,4,37,52,85,18,6,74,66,50,78,74,67,39,96,6,34,41,4,41,20,71,88,82,69,16,17,24,94,95,65,1,97,89,65,65,18,77,26,30,34,58,87,94,22,91,28,4,58,40,66,22,28,4,72,62,92,42,36,57,2,66,83,55,63,75,62,56,77,93,55,75,25,66,48,3,66,12,52,70,32,25,18,100,35
8,62,93,87,70,22,84,98,75,54,47,80,27,86,90,97,61,53,3,83,3,44,83,38,1,70,16,74,14,5,46,32,21,12,69,38,74,79,3,66,20,93,79,54,51,7,7,55,95,46,100,93,42,51,12,37,98,1,51,97,2,61,100,85,65,42,26,90,59,59,67,54,79,11,14,82,77,74,64,56,44,83,71,67,30,65,74,4,13,4,61,51,15,57,38,1,1,49,39,67
16,58,23,54,85,73,53,4,7,47,78,40,100,98,61,4,32,26,44,35,34,98,72,37,46,86,0,87,74,41,37,96,8,80,7,9,62,22,75,71,63,62,25,43,38,47,40,73,85,71,34,78,78,3,19,20,75,4,31,28,81,28,64,18,10,63,41,100,11,1,38,91,63,38,7,43,51,97,89,4,26,38,65,45,96,55,36,61,86,68,98,76,33,91,99,42,68,7,78,82
36,44,73,7,43,86,56,42,67,27,27,21,99,18,1,3,6,93,37,88,73,72,80,50,93,90,32,78,35,76,65,61,33,38,61,58,97,67,19,74,58,77,74,68,99,78,40,31,44,45,32,6,43,41,95,69,0,45,40,48,31,60,98,91,20,76,9,25,95,34,70,45,77,49,16,36,11,8,23,68,35,77,57,97,74,68,85,41,71,56,0,52,68,47,7,70,67,72,51,36
5,53,83,97,61,51,3,60,43,57,56,34,45,30,24,57,7,37,44,47,87,49,63,90,43,16,40,67,24,37,57,46,89,69,83,55,30,90,83,30,66,18,97,57,2,32,75,66,96,68,96,20,63,9,91,7,62,67,63,98,16,1,50,12,68,47,85,90,62,80,60,19,12,30,42,100,40,99,63,4,23,1,98,11,32,1,9,24,10,3,100,46,78,73,57,93,10,8,21,3
85,8,31,1,40,36,36,56,19,53,94,72,98,77,35,5,33,78,89,83,34,87,44,6,87,4,62,67,0,24,75,48,0,56,38,34,84,48,70,14,72,11,52,61,72,89,8,75,14,69,3,15,64,53,44,47,8,38,90,41,74,36,84,32,53,52,52,47,48,78,78,71,34,91,84,89,44,29,80,68,81,90,50,89,81,68,97,17,0,6,64,11,15,31,32,90,90,62,13,30
15,59,3,30,30,14,89,53,18,43,4,48,8,58,48,42,76,10,6,94,65,5,72,81,70,55,9,84,19,25,51,57,35,69,92,45,54,11,28,46,92,65,67,6,54,63,43,73,52,9,52,95,49,43,50,15,52,93,66,59,45,60,76,42,5,36,33,86,65,77,48,95,66,43,100,19,17,50,94,72,88,44,72,23,36,29,39,88,76,9,77,53,1,48,6,8,68,31,97,80
72,14,89,66,56,66,40,56,54,45,56,0,56,63,7,2,100,70,100,43,57,77,37,46,32,63,73,74,66,9,15,33,70,0,41,33,45,73,62,59,99,10,29,83,78,27,35,18,15,6,7,0,68,65,42,46,22,30,32,85,16,24,53,35,44,18,30,7,9,50,3,9,65,14,10,37,28,83,84,88,81,29,81,70,79,71,4,71,27,11,76,47,64,59,19,1,60,43,80,28
29,100,16,7,5,36,77,77,75,41,24,68,59,83,45,55,2,99,88,6,73,65,100,19,30,78,94,11,78,55,100,74,97,33,66,80,7,49,82,74,66,42,43,20,54,33,74,0,23,96,72,4,30,63,52,7,51,12,62,51,56,41,60,18,16,30,21,70,75,46,95,26,13,100,40,76,17,62,2,11,90,96,72,33,39,82,70,37,31,19,12,89,0,36,66,33,5,56,13,25
83,17,45,45,48,73,34,83,73,68,66,23,27,17,27,43,0,61,39,63,69,35,96,57,20,47,52,70,39,46,14,10,29,97,9,48,51,74,97,68,16,58,25,3,49,69,40,67,22,15,26,67,72,98,34,60,40,32,73,5,84,100,90,90,61,32,97,71,15,27,41,100,21,48,23,4,37,66,17,8,75,75,9,73,85,30,41,33,55,37,92,61,100,89,36,38,68,18,67,14