35,95,56,20,20,86,51,62,38,76,18,26,11,99,68,61,17,17,46,43,74,45,3,70,26,100,25,24,55,84,27,63,87,18,19,27,18,1,59,27,20,7,39,7,4,80,91,5,49,44,57,13,43,96,90,89,50,72,95,87,35,8,6,89,6,17,36,97,26,49,4,53,98,85,77,53,67,49,67,88,70,33,40,89,68,95,85,92,14,35,75,43,98,57,98,75,85,84,87,97
28,82,16,5,72,56,23,30,97,3,58,9,20,7,45,48,82,81,39,39,88,44,50,81,10,32,90,40,70,87,98,42,70,76,75,26,62,86,57,0,76,31,86,50,61,94,75,82,5,82,73,42,33,53,24,10,11,73,65,55,96,21,67,58,65,55,96,58,21,89,91,4,47,76,45,0,0,52,17,29,56,27,85,65,74,41,100,71,4,80,88,30,68,32,90,20,16,4,60,25
10,44,46,47,69,87,76,50,12,44,2,18,76,41,78,93,85,76,34,90,20,13,32,0,65,90,29,95,2,79,25,3,97,47,10,13,53,56,32,0,46,77,90,79,99,9,5,3,8,34,79,92,28,63,59,88,60,11,29,4,28,36,41,52,88,95,82,27,62,18,85,42,5,97,63,72,7,87,83,74,46,85,23,91,94,54,9,88,63,58,47,7,90,9,91,75,32,65,98,41
29,24,15,35,69,12,72,17,13,5,31,38,64,84,93,59,95,12,42,6,43,37,60,7,99,53,64,94,61,35,6,99,6,28,49,60,64,40,63,26,6,42,90,51,13,84,45,78,21,57,54,94,60,90,47,23,90,100,18,81,38,19,83,86,13,40,41,1,14,59,11,89,13,33,48,86,37,21,36,85,81,23,52,64,21,23,79,97,43,79,79,64,33,58,85,74,56,44,92,90
13,80,14,74,29,39,50,41,67,22,55,69,43,33,32,89,35,88,32,33,90,51,26,89,32,36,36,98,10,89,67,61,76,73,63,41,51,34,50,75,93,11,70,18,94,68,99,28,80,86,27,51,12,61,81,21,78,43,59,86,24,80,81,80,30,52,61,63,100,32,81,75,30,79,36,20,70,50,25,13,41,0,50,11,71,93,76,13,50,57,29,64,88,58,41,17,99,89,81,20
46,43,19,32,38,63,7,76,0,18,54,60,15,63,65,48,21,2,81,59,45,6,55,27,28,6,73,50,29,9,76,100,89,60,82,32,1,33,37,51,67,24,63,18,63,18,88,1,71,27,4,64,96,11,34,98,2,73,22,80,75,86,52,78,4,41,28,58,3,49,10,63,68,30,77,74,98,6,83,90,44,24,49,52,15,91,69,83,85,2,90,89,71,71,10,57,95,22,33,73
30,33,8,23,99,84,70,42,100,94,22,75,43,5,6,63,25,61,50,17,80,77,38,67,26,5,38,21,65,12,49,78,76,8,10,21,34,0,5,60,19,83,78,59,36,50,49,82,4,45,95,55,48,18,71,76,74,69,68,58,56,50,69,57,57,50,73,81,27,49,94,19,65,42,44,91,15,75,67,72,23,99,57,48,82,57,17,86,53,81,82,22,51,31,77,19,68,88,100,84
34,65,38,19,22,21,31,58,38,58,87,92,79,96,13,95,62,29,26,76,83,70,2,24,90,1,28,56,1,69,52,60,85,6,55,89,25,69,83,87,69,21,76,86,58,77,46,27,81,96,42,65,4,77,49,32,87,10,25,70,41,47,82,49,63,69,11,48,17,82,40,74,65,93,75,94,69,83,57,78,75,93,77,58,56,48,59,41,62,56,77,14,25,93,52,92,23,90,32,76
49,44,63,41,83,24,97,45,4,42,20,88,43,28,95,22,64,92,53,18,15,89,29,67,71,85,56,75,57,36,50,4,83,50,68,38,78,11,11,79,62,95,7,16,28,28,46,20,51,2,3,62,64,14,7,88,57,91,19,41,54,46,32,61,78,44,68,65,92,86,0,100,32,15,55,97,43,88,31,17,61,66,98,12,49,83,64,56,32,51,35,20,74,57,2,35,53,23,43,46
16,40,24,99,58,43,72,28,88,32,7,77,6,35,7,86,22,46,71,21,17,15,95,14,66,75,6,36,24,57,36,63,46,94,21,75,95,73,94,66,40,97,86,94,18,34,4,57,55,10,94,97,6,98,81,83,38,32,54,58,47,76,69,68,67,50,83,26,94,41,57,2,68,39,26,22,43,8,51,40,53,33,49,85,55,64,51,28,4,57,9,25,12,50,47,33,37,51,5,63
36,47,54,13,63,3,43,13,24,86,23,46,51,47,88,29,19,60,67,32,62,72,15,61,99,32,63,98,9,7,35,71,6,50,47,77,54,11,79,75,36,56,50,10,59,22,82,47,40,14,82,29,51,62,24,39,56,76,14,72,91,15,63,91,3,82,37,28,78,46,2,19,14,92,16,26,80,82,71,62,47,76,83,60,80,24,45,63,4,38,37,1,99,33,74,56,87,58,71,47
56,97,5,96,100,50,15,88,54,32,56,4,49,74,4,67,26,85,11,72,59,73,73,28,69,18,90,14,65,92,18,78,1,24,28,90,7,28,86,18,91,39,47,52,75,73,69,73,21,2,31,90,23,77,55,50,51,80,4,49,11,42,93,66,35,40,24,73,73,7,25,86,80,73,15,45,98,25,46,16,81,12,39,81,51,44,74,42,100,99,5,43,41,49,65,30,43,88,81,35
11,20,99,93,98,68,35,16,61,91,74,18,81,29,20,1,49,62,82,8,4,62,72,85,61,100,94,43,41,9,58,54,11,82,27,84,24,100,74,53,24,62,61,76,87,74,30,86,35,34,31,62,76,62,33,49,30,78,68,14,50,35,4,27,33,51,57,67,12,92,96,64,85,84,68,84,37,66,99,95,31,28,40,90,30,65,70,45,6,13,67,51,4,60,38,3,34,28,87,91
25,54,40,65,100,37,5,53,100,13,33,57,100,27,81,67,75,38,61,95,52,68,38,21,49,82,39,62,13,82,26,27,65,96,86,68,52,70,70,35,58,95,32,56,32,76,52,82,68,15,33,14,89,92,35,31,24,69,49,70,80,79,67,74,77,6,24,13,9,77,57,69,26,2,80,55,39,83,57,68,94,73,71,14,57,13,3,71,5,91,34,71,67,52,5,2,59,97,43,21
93,2,46,24,32,29,62,4,96,99,57,33,18,51,4,96,23,63,73,8,72,89,26,6,76,58,60,22,79,7,21,69,22,77,53,85,41,55,3,43,99,69,37,92,52,77,26,36,73,51,97,54,39,25,39,65,61,6,38,76,98,100,74,26,82,86,72,71,82,3,38,61,61,98,19,80,4,98,61,1,55,4,35,82,39,10,50,61,23,98,7,96,37,97,40,6,97,89,62,24
31,43,58,69,84,95,98,46,67,17,25,30,3,1,6,89,4,23,52,2,18,42,15,92,51,48,5,46,35,49,42,78,63,98,29,46,59,13,81,91,21,27,70,74,90,48,24,36,90,77,87,7,97,66,83,62,45,81,17,1,29,45,15,51,10,59,35,36,71,12,5,64,77,3,68,8,25,80,89,70,65,13,7,0,92,40,33,52,62,29,100,50,98,21,85,68,58,41,30,61
35,17,80,34,87,9,95,84,9,41,69,2,25,97,69,53,69,64,20,76,7,80,6,54,93,54,18,94,8,29,81,7,99,44,55,53,65,95,75,9,5,89,47,68,70,14,43,13,78,98,25,23,16,51,38,46,37,22,95,64,86,96,81,11,97,40,40,3,43,57,98,14,15,64,37,2,75,35,87,94,67,100,10,2,67,97,53,62,10,49,13,54,36,87,21,85,28,31,21,83
92,25,17,90,38,50,97,22,83,11,16,40,12,0,14,95,63,83,28,41,74,96,12,88,12,9,22,84,30,35,32,72,15,92,55,17,5,0,31,41,81,2,76,30,47,26,19,81,1,33,64,20,5,48,64,32,94,92,28,47,60,43,10,78,70,15,61,84,37,78,12,61,67,37,94,40,76,86,75,92,9,8,73,34,94,100,90,42,25,84,39,51,19,80,62,48,50,98,85,0
8,62,83,33,86,28,16,83,100,87,14,93,36,46,63,75,53,66,42,79,22,99,91,57,59,8,48,21,61,74,24,77,84,60,58,66,86,38,21,80,71,48,48,55,94,31,42,65,59,5,14,44,81,32,23,64,57,87,27,32,87,11,78,77,72,65,3,91,54,50,56,11,55,45,16,11,26,62,52,87,52,12,49,57,19,41,15,64,77,59,8,91,24,63,81,14,50,54,78,83
62,26,47,22,2,52,1,59,3,60,98,70,40,22,96,67,3,25,8,81,15,97,35,24,29,11,13,7,10,42,51,53,7,18,96,6,40,31,96,74,51,97,17,41,68,86,26,29,94,46,0,45,75,4,92,21,19,38,61,84,85,53,33,64,3,67,10,54,37,31,75,43,55,29,91,28,84,33,80,44,60,97,49,13,46,2,29,24,69,58,22,14,22,7,6,19,40,3,97,24
3,70,66,68,67,93,38,79,94,19,25,66,34,88,79,10,55,4,43,90,2,89,89,18,93,36,91,17,57,51,93,78,74,9,63,86,15,43,3,55,48,34,28,70,74,61,65,94,51,50,13,12,9,51,7,1,90,8,80,3,47,93,28,66,83,63,95,28,65,53,59,48,23,40,73,65,84,19,70,15,95,18,22,39,36,63,19,67,85,48,62,37,24,52,22,24,36,84,34,69
44,46,37,92,17,3,77,67,45,11,83,75,85,79,85,1,3,96,64,64,73,76,86,78,67,34,38,60,1,81,64,10,32,96,46,48,39,50,22,55,92,58,25,70,59,78,12,97,54,99,81,69,10,100,87,41,52,40,44,7,6,17,0,35,69,30,12,53,40,30,38,96,90,74,26,55,1,67,0,27,39,49,8,83,71,87,84,87,94,69,22,17,61,43,1,64,84,50,62,71
45,74,36,53,37,63,54,0,67,48,4,51,37,11,58,78,7,20,56,0,45,97,34,37,98,15,44,43,4,22,75,86,2,21,16,56,86,80,16,1,98,90,90,69,8,17,24,55,90,80,28,54,29,96,40,78,65,83,38,83,18,0,37,51,54,72,8,95,44,48,69,5,32,46,61,67,89,83,77,1,32,11,19,53,37,7,7,35,70,76,93,7,81,0,17,1,65,4,66,54
17,85,68,95,8,42,45,8,19,5,2,78,100,68,18,11,20,15,14,32,55,60,79,60,12,28,16,77,72,53,68,28,53,59,77,61,52,61,8,76,29,62,18,29,1,5,84,34,92,70,73,54,48,61,29,43,96,70,61,37,8,53,93,54,65,65,48,1,51,10,29,42,88,1,74,63,85,34,43,45,86,54,56,29,70,26,36,65,97,69,67,0,19,31,100,2,0,29,2,48
54,15,70,82,85,63,43,30,12,60,45,73,24,74,10,16,93,52,43,60,100,98,48,30,73,81,35,93,100,1,82,75,70,24,21,27,5,67,96,48,12,12,1,65,64,30,51,26,38,47,58,74,69,83,53,32,81,10,18,22,65,92,56,26,40,18,7,97,64,81,73,74,15,4,26,6,97,100,69,51,18,53,81,34,87,41,89,1,98,39,27,95,49,51,44,21,42,51,25,30
85,14,65,56,24,43,23,13,85,65,40,87,22,62,0,78,33,32,56,25,61,57,44,84,17,54,83,82,92,50,31,9,3,24,8,58,9,70,12,88,100,58,37,57,9,40,77,66,3,40,62,56,35,19,13,83,78,44,32,31,55,8,18,76,76,56,64,94,65,35,74,61,65,27,43,17,36,98,99,11,43,91,59,37,69,95,28,31,18,70,81,72,46,79,60,81,85,70,60,74
16,52,64,83,99,23,89,5,57,72,40,86,74,63,98,12,51,95,86,73,89,90,50,71,48,90,96,9,64,9,31,37,80,57,20,15,88,52,80,34,46,41,38,29,42,93,68,88,42,20,53,49,53,84,35,31,42,83,39,17,17,36,16,79,85,82,69,98,77,69,23,17,42,30,68,35,97,93,73,41,25,46,35,78,8,17,68,3,1,56,20,17,47,12,25,54,81,94,22,96
17,82,28,37,5,92,26,79,25,6,78,79,54,40,20,75,2,30,45,49,40,95,10,9,13,45,64,23,12,10,47,12,69,88,26,23,18,14,93,99,9,16,33,74,39,11,36,35,17,68,83,48,82,66,51,19,83,55,0,25,29,97,4,71,42,7,18,49,35,20,98,88,28,10,62,82,99,0,53,37,9,64,56,95,96,19,41,61,80,15,88,23,91,43,85,48,57,67,63,1
31,23,39,50,66,55,45,14,19,13,73,38,55,54,78,35,48,4,49,56,53,29,15,13,60,89,46,98,38,55,38,3,95,17,76,23,27,69,48,94,1,88,65,72,18,32,24,51,11,31,55,20,96,7,74,43,70,68,12,56,2,64,73,59,21,39,22,45,24,19,51,98,13,46,44,9,68,96,86,69,99,8,79,47,29,44,40,72,99,34,62,99,47,66,90,59,75,24,53,88
54,47,6,21,60,88,14,63,78,98,92,35,45,13,10,60,11,30,94,6,12,46,68,56,67,76,40,19,43,77,51,26,83,57,49,96,10,43,75,24,9,100,53,38,32,14,17,83,60,81,21,13,51,62,44,68,0,83,11,64,19,83,37,81,77,11,31,33,91,3,8,87,45,48,71,10,93,26,71,9,99,47,35,42,80,65,1,28,71,63,96,50,100,51,5,77,45,66,15,99
73,74,100,73,52,27,69,90,5,21,88,0,2,73,78,41,68,100,74,47,92,44,40,59,68,42,89,66,1,52,42,8,100,1,99,20,41,37,21,77,40,31,54,35,24,39,60,30,96,0,36,84,22,35,0,13,95,94,58,31,27,55,12,18,20,21,6,79,78,98,39,12,68,73,5,40,69,67,40,92,55,13,35,21,83,34,44,47,85,37,52,76,58,2,65,75,86,67,13,41
78,49,61,24,18,92,32,95,73,43,21,60,43,76,6,65,12,99,92,44,21,49,45,34,89,21,63,27,28,80,56,2,21,85,88,86,62,31,2,38,99,6,32,43,18,39,53,3,71,95,59,56,24,19,55,56,58,77,47,79,46,15,0,92,85,100,78,53,34,41,84,45,30,97,2,38,19,9,95,10,70,95,17,72,21,16,92,98,55,85,66,79,19,49,73,70,8,94,23,81
98,31,79,58,5,20,48,77,48,57,1,5,3,8,79,83,30,2,18,60,98,8,36,54,81,90,51,98,80,51,24,45,20,14,66,76,26,74,53,69,51,36,33,65,31,55,55,2,1,43,96,41,27,15,16,8,13,7,38,96,21,77,21,37,91,0,42,37,66,88,79,10,35,43,14,1,78,58,51,3,24,76,78,57,7,4,12,89,69,25,52,11,59,74,27,88,36,37,35,22
57,72,97,76,56,40,45,14,33,38,95,88,77,75,65,99,15,11,54,9,84,19,34,5,10,40,71,83,56,22,82,25,50,7,53,60,58,98,51,44,48,57,91,66,37,87,82,77,22,29,69,80,32,51,82,57,89,14,68,29,72,68,33,43,47,14,12,37,20,51,84,35,40,14,54,35,37,4,41,41,18,32,16,99,93,24,11,21,63,84,58,58,17,12,22,44,87,99,39,89
97,48,32,12,2,95,39,98,2,7,20,44,54,24,80,18,53,9,68,13,51,4,5,7,57,40,87,59,38,44,56,72,57,41,42,29,83,45,96,80,21,36,65,79,30,66,31,32,41,7,28,37,70,31,29,8,67,57,2,4,35,25,9,83,31,67,45,13,81,76,14,7,7,61,92,87,10,27,71,59,60,79,20,57,75,15,50,82,53,20,63,19,65,6,83,88,61,66,95,62
97,68,39,72,53,67,81,81,88,52,25,19,69,52,7,74,91,90,42,58,44,95,67,99,88,50,30,60,1,28,32,78,64,16,88,49,39,8,7,78,44,74,11,28,85,60,39,26,83,11,41,35,76,62,92,46,1,93,52,75,71,90,58,32,37,22,12,40,67,34,43,55,8,94,47,40,28,52,49,15,68,29,87,86,4,31,79,82,72,57,3,88,59,92,48,91,88,36,19,5
52,22,75,29,61,52,53,1,31,67,86,62,87,74,17,47,69,24,39,50,63,47,77,80,94,76,22,3,58,25,11,72,100,11,92,73,24,20,74,24,96,42,64,79,25,45,12,38,9,66,65,64,96,39,89,100,71,96,91,46,32,70,91,28,64,59,66,67,5,42,53,7,72,55,45,36,97,36,42,50,59,68,14,27,5,62,66,4,38,93,99,89,42,31,4,2,91,42,49,60
66,84,81,53,80,88,27,98,58,75,44,61,15,91,79,96,72,70,22,65,22,24,60,76,12,20,46,18,34,42,57,24,9,28,83,41,40,9,39,49,5,23,98,97,63,8,93,74,66,4,88,83,82,32,17,5,89,60,66,20,86,92,70,69,74,23,43,26,62,70,11,88,17,58,7,48,2,11,37,62,24,33,43,79,14,65,74,93,51,17,29,43,3,74,96,83,84,61,69,12
9,17,5,63,22,72,45,11,17,63,88,35,50,65,34,20,62,79,50,65,59,16,16,12,94,56,30,98,89,16,56,4,14,0,51,82,63,43,9,69,18,42,86,74,72,90,79,84,36,90,93,24,66,55,100,51,80,81,56,47,84,100,1,33,100,100,76,100,53,28,59,11,90,88,50,48,85,63,1,69,6,5,0,69,100,6,39,4,37,13,24,77,95,75,95,64,17,12,87,89
9,1,62,16,44,55,95,54,98,6,43,6,64,74,41,66,28,18,65,82,18,19,91,57,18,68,73,89,49,7,17,39,65,25,5,28,100,60,77,28,77,76,13,21,55,96,84,20,50,88,92,47,12,94,80,82,53,61,77,80,21,60,46,0,100,63,75,93,40,95,5,64,42,37,36,14,41,100,2,75,35,78,71,91,75,73,96,58,73,59,39,80,19,56,3,49,3,77,36,70
79,77,66,42,75,63,91,93,17,44,51,25,30,56,88,78,79,34,57,22,73,21,43,78,42,65,51,61,26,49,42,6,88,62,99,47,58,73,100,27,38,13,0,99,56,62,48,33,88,85,22,23,74,77,8,35,26,58,85,50,96,28,54,9,18,9,36,32,33,22,85,91,12,10,53,50,27,43,22,59,45,48,22,40,85,42,38,71,30,46,71,28,81,59,26,47,63,33,96,76
88,44,75,31,85,66,57,34,66,15,12,93,43,13,81,80,43,54,50,96,83,66,47,5,17,18,74,69,75,3,35,2,59,66,63,48,59,89,24,66,82,77,72,63,6,94,74,96,33,52,29,28,81,20,76,89,60,59,20,67,32,65,77,10,53,36,85,28,94,57,10,62,99,73,72,10,60,54,97,100,54,49,18,62,77,98,64,47,63,100,71,37,76,16,97,16,7,96,27,6
85,81,35,12,11,90,42,56,83,72,26,10,9,31,33,40,74,68,84,8,49,32,90,6,56,7,81,12,58,6,80,27,39,2,100,85,67,22,71,42,35,21,40,65,72,24,58,86,74,33,4,74,85,96,41,70,97,61,16,28,5,65,81,67,15,78,10,40,5,18,45,28,81,60,91,15,20,68,72,85,48,73,71,77,35,37,16,11,9,84,77,69,29,24,4,8,75,97,0,41
17,74,1,30,97,86,11,12,84,48,84,97,23,50,70,96,46,67,52,90,2,84,60,40,30,20,38,24,58,98,16,14,71,66,56,57,27,59,66,38,84,36,24,31,74,7,5,15,34,43,58,22,1,2,46,87,93,12,23,49,97,89,65,99,90,83,94,42,61,88,4,48,95,55,71,63,24,29,50,12,98,45,48,56,50,25,87,37,41,90,32,50,73,86,74,73,41,52,19,34
65,39,35,9,27,33,28,90,67,95,28,68,33,60,41,99,35,67,91,85,13,27,61,52,88,35,26,92,51,32,81,21,72,51,73,40,88,3,78,10,11,18,70,64,15,48,77,42,29,72,63,21,0,22,19,37,84,73,11,42,0,63,100,22,26,28,48,59,100,22,73,8,91,23,65,37,14,42,48,96,43,44,38,74,38,97,10,63,19,27,68,93,52,28,11,41,80,15,49,94
20,85,23,5,1,8,95,67,17,83,91,15,18,4,39,25,3,31,26,33,47,76,38,41,64,53,21,31,99,73,66,100,91,52,74,33,72,67,20,76,87,34,49,93,93,53,7,29,82,99,34,42,60,91,18,67,44,63,51,97,59,9,23,5,44,94,34,87,17,67,54,19,86,33,90,58,85,23,69,77,26,25,32,14,53,41,10,80,45,91,65,38,92,96,85,1,28,95,61,49
45,73,88,43,56,26,92,24,24,24,10,29,2,53,0,100,78,63,24,67,63,49,8,100,5,71,80,89,90,63,51,15,79,60,82,3,6,6,48,30,42,30,46,35,15,78,46,47,14,22,98,24,78,62,2,46,24,95,12,98,49,98,50,8,9,6,10,11,7,70,9,77,11,85,77,95,67,75,49,71,56,100,6,5,28,76,51,65,46,8,69,0,24,44,9,5,16,78,29,26
29,36,6,53,1,2,53,70,3,11,7,2,55,32,35,100,61,83,10,28,47,75,10,2,2,73,24,51,10,25,48,5,18,33,62,39,8,73,5,31,2,75,15,32,76,2,71,60,77,69,34,36,9,77,72,67,74,54,52,97,21,94,12,79,40,6,89,68,51,43,24,42,90,56,79,28,1,81,77,46,96,0,67,60,73,62,13,89,38,42,57,23,85,38,49,50,29,12,47,69
66,2,12,45,69,19,4,40,45,49,8,95,28,76,60,26,99,29,55,72,52,82,89,63,49,55,64,40,39,45,88,95,48,52,21,74,67,47,51,4,27,37,17,73,21,56,0,45,71,57,82,62,55,45,23,64,50,99,25,41,94,3,36,11,40,48,47,32,18,64,24,6,29,46,82,30,8,31,30,31,46,59,10,36,70,38,44,19,86,69,32,87,96,31,52,31,3,39,37,8
76,5,35,30,68,54,86,12,33,94,71,19,19,66,79,74,68,85,34,14,49,95,45,18,73,26,2,0,51,52,32,100,7,47,16,87,51,51,69,89,23,56,36,46,40,26,8,4,83,60,1,51,98,46,67,10,99,72,81,19,6,10,25,92,26,57,34,68,39,82,34,50,26,24,21,60,18,70,100,86,34,74,30,89,0,64,8,8,85,62,66,77,93,27,69,87,57,2,25,22
33,69,50,3,70,50,41,94,16,60,6,27,33,47,59,39,39,24,73,45,91,84,47,66,51,42,74,11,48,65,21,20,55,7,46,79,45,59,98,91,83,38,27,18,76,57,35,60,0,88,29,57,34,19,75,100,17,56,34,94,73,68,12,65,9,94,51,53,8,92,9,75,58,80,87,48,31,29,63,38,34,62,38,93,67,36,39,63,73,65,43,6,12,31,69,7,96,80,62,88
85,78,62,25,4,3,23,43,94,2,89,17,20,16,63,9,74,61,67,35,1,68,27,5,9,72,72,99,6,27,48,28,51,20,41,63,82,28,74,40,28,7,13,44,63,29,49,26,57,83,68,29,2,71,86,51,20,36,87,90,47,59,6,42,54,72,91,50,8,66,69,13,46,22,67,84,26,88,13,40,25,57,60,82,53,62,47,32,84,92,48,69,51,36,90,10,47,36,16,62
92,40,48,88,83,83,84,19,32,82,14,87,78,95,80,42,57,55,6,71,24,94,10,27,10,28,67,83,46,13,2,30,27,65,92,2,95,65,69,29,42,7,8,60,17,45,11,89,81,29,98,38,58,12,50,19,9,64,46,51,13,61,49,32,95,63,78,97,41,42,100,64,16,18,48,48,95,46,39,61,4,58,19,84,69,100,4,4,57,12,73,16,4,68,48,17,27,98,38,63
94,89,32,94,54,54,6,88,98,80,29,87,5,62,69,47,34,12,0,2,76,29,8,23,35,16,28,32,21,79,51,83,25,7,52,35,36,61,17,67,99,57,27,41,95,27,29,27,11,35,26,52,43,99,55,32,17,39,47,5,23,54,95,65,35,50,3,91,57,36,88,93,61,86,21,22,22,52,92,5,29,3,96,54,28,18,29,67,8,14,27,34,97,94,74,52,98,8,71,72
61,21,91,38,78,10,52,21,71,5,29,49,70,7,0,29,34,43,81,66,58,99,82,26,32,24,12,83,99,82,85,27,99,76,98,42,51,83,36,23,26,68,91,48,79,8,25,29,93,27,29,60,86,91,31,100,99,82,31,11,53,25,49,73,94,83,97,40,93,84,80,65,90,49,79,60,32,98,36,27,15,96,32,40,43,39,56,73,61,98,98,66,35,82,26,32,68,65,29,88
26,26,80,9,78,29,29,0,18,78,34,94,78,5,8,95,18,52,34,12,55,85,92,92,100,30,77,14,72,86,90,32,97,82,55,40,64,97,15,37,42,38,61,52,64,31,85,32,42,23,6,19,54,65,41,62,53,35,100,56,33,36,55,10,73,38,7,11,98,49,85,43,53,50,79,28,32,19,13,89,35,15,40,31,50,83,52,30,89,27,48,80,90,47,66,27,95,15,70,59
84,36,91,68,16,29,97,52,28,16,70,46,29,96,7,34,52,33,1,98,17,3,93,84,99,0,65,47,22,29,3,51,17,16,62,44,9,54,14,31,85,83,64,65,60,43,89,44,79,10,71,98,46,86,67,45,71,31,87,56,32,24,44,69,82,87,60,88,100,31,99,47,41,66,34,66,32,59,0,11,55,40,67,90,55,86,92,13,8,41,72,44,1,21,58,47,43,87,69,50
43,100,8,65,61,31,2,15,75,55,97,69,46,12,36,24,59,66,37,40,90,42,81,62,96,61,81,89,70,100,80,17,24,86,16,79,15,33,23,48,5,46,0,40,48,95,16,49,50,82,56,91,12,5,79,51,72,94,36,97,78,74,79,92,25,86,1,57,51,85,100,12,28,19,5,90,51,76,66,76,27,91,20,60,19,68,24,76,44,88,23,13,50,8,43,57,34,53,41,51
98,16,86,89,52,74,99,33,15,52,26,50,67,59,14,9,18,35,69,33,54,75,85,26,77,95,11,39,50,55,4,57,35,28,23,39,76,1,21,93,75,92,61,87,10,1,65,59,26,24,58,4,44,18,46,39,30,57,0,4,18,56,45,21,65,57,47,75,97,46,49,9,69,46,89,0,92,20,28,20,73,50,63,30,56,74,24,53,83,82,28,23,17,23,86,52,47,45,83,76
71,13,94,58,15,22,99,22,12,90,28,63,37,82,97,68,36,83,47,64,3,80,67,100,84,54,9,9,20,52,80,61,31,62,7,61,61,60,3,77,82,6,95,7,75,91,53,51,96,100,11,37,40,39,43,66,63,14,39,17,13,54,33,12,77,95,59,66,86,55,66,43,89,7,75,95,19,97,44,79,100,69,78,83,62,23,8,94,35,31,4,74,78,100,21,84,52,92,63,65
82,15,67,11,27,83,26,73,50,48,69,83,49,10,33,24,26,38,28,55,37,67,73,95,67,30,0,60,81,47,72,15,29,1,61,66,65,7,55,30,55,13,38,38,64,62,58,12,27,36,27,82,82,39,35,76,58,81,15,3,12,44,79,32,69,7,33,24,3,25,36,48,80,28,38,79,13,58,47,3,65,5,93,71,81,92,45,89,22,85,71,58,46,15,14,64,31,80,1,28
92,28,86,40,34,71,46,29,21,55,54,46,33,33,45,79,25,35,53,90,3,65,48,67,61,17,45,89,52,69,55,60,13,77,86,20,56,27,65,65,22,31,23,40,38,39,9,44,21,94,59,50,9,75,80,15,7,37,79,35,52,15,63,12,23,98,44,30,90,54,38,17,35,36,53,31,20,48,58,74,33,52,34,16,39,6,70,64,58,58,7,12,30,26,59,58,51,48,72,78
73,6,8,48,34,57,55,27,69,100,23,78,65,1,78,11,94,70,72,2,23,33,51,49,95,63,89,6,74,6,14,31,66,42,61,65,83,87,77,22,64,41,28,2,83,33,98,92,8,2,58,29,53,77,34,1,89,59,47,50,14,88,30,9,67,48,33,80,45,55,77,83,44,41,47,69,13,3,90,37,67,54,4,17,56,70,87,82,90,61,10,75,69,76,90,5,31,89,48,49
17,89,88,94,72,17,88,54,4,56,84,77,50,68,71,58,2,45,60,50,54,73,93,16,65,27,83,100,52,97,6,20,53,90,35,4,60,97,59,100,73,76,80,9,33,15,80,20,74,81,40,35,26,81,95,90,57,43,93,93,26,32,58,71,8,79,36,65,9,53,41,87,34,24,61,94,53,8,38,33,20,10,22,37,46,51,57,72,99,3,29,84,63,6,93,39,55,76,1,88
34,98,98,45,67,100,52,30,30,94,17,68,64,79,5,70,96,15,98,50,67,26,42,7,40,66,14,53,93,5,11,45,49,67,3,99,35,19,40,7,60,55,11,39,13,54,75,78,81,89,96,86,40,91,7,2,54,97,67,10,17,53,99,41,86,66,15,21,59,9,75,38,52,67,95,3,20,74,48,23,30,4,24,11,99,70,44,41,25,55,83,57,47,93,11,88,2,28,38,57
80,28,25,73,89,100,69,21,70,93,10,5,92,69,40,20,40,52,63,49,66,9,91,79,55,36,39,74,99,63,96,60,33,72,45,23,87,15,93,40,92,100,4,44,97,42,100,10,98,63,48,30,86,83,95,35,83,79,90,23,14,12,24,58,43,43,57,82,3,62,84,10,56,97,77,50,34,18,0,91,72,85,14,11,2,44,80,15,17,89,31,11,42,36,93,42,36,2,22,18
90,56,32,18,23,2,62,43,22,33,47,57,27,68,18,32,79,18,59,88,49,99,81,2,2,80,60,11,0,14,82,5,94,67,72,33,50,66,77,1,12,100,49,78,37,97,43,57,30,83,92,65,74,79,6,11,51,15,66,23,94,49,43,81,25,26,12,2,6,3,48,39,77,22,99,87,23,25,58,75,72,9,16,14,1,49,90,1,17,80,16,78,56,0,92,89,17,9,63,15
4,43,34,7,38,91,31,30,38,53,82,58,3,41,14,46,7,97,14,46,79,23,55,93,65,84,65,6,66,57,39,18,78,56,54,71,36,93,82,26,52,55,95,16,82,33,51,76,30,47,67,95,38,81,25,74,55,50,20,74,100,20,68,95,38,46,28,47,27,62,18,64,97,62,13,9,66,96,40,33,5,86,36,8,73,39,95,51,60,46,64,83,53,24,9,76,23,39,60,78
32,89,23,45,62,38,27,30,94,12,26,97,98,86,68,100,37,78,2,89,28,67,61,23,32,15,90,48,49,7,68,96,0,60,86,81,71,87,45,41,43,37,16,90,71,3,7,28,35,9,100,13,79,71,70,7,51,57,57,38,87,87,80,73,72,75,67,58,45,91,29,92,53,62,61,83,26,65,88,26,55,46,41,37,12,45,23,4,94,93,17,28,12,31,64,25,62,98,44,38
29,53,99,16,13,32,22,67,50,22,99,0,2,18,5,89,0,67,76,98,43,99,95,37,67,80,29,16,76,77,96,15,71,91,15,62,9,80,34,23,30,36,88,65,68,54,94,92,37,31,45,97,20,50,100,44,100,95,89,15,39,35,86,5,90,36,17,68,81,97,2,97,5,9,66,80,94,90,13,72,30,51,93,20,89,98,21,62,49,90,58,65,82,42,18,57,80,25,95,29
87,94,53,48,28,100,3,82,34,97,79,81,41,65,7,24,96,70,61,84,0,63,30,66,81,7,65,17,4,51,95,46,49,61,98,49,30,63,8,8,56,88,57,57,49,45,72,58,22,64,62,5,46,38,0,97,100,47,71,7,75,99,87,13,13,16,24,71,68,22,76,59,48,46,5,71,37,85,32,57,28,10,82,25,0,25,58,58,38,82,63,26,18,97,35,67,45,32,18,93
37,68,38,50,53,100,11,0,69,49,42,4,61,100,46,45,15,74,99,23,94,34,72,37,81,52,58,100,4,97,64,25,58,52,61,70,90,80,8,77,84,97,10,19,48,54,74,3,56,4,92,70,99,96,34,69,69,91,15,7,33,99,78,33,11,40,22,35,61,81,54,23,74,77,42,70,22,67,44,80,72,40,80,29,66,11,62,40,33,86,91,6,32,20,89,9,4,72,90,43
65,48,7,13,58,47,91,92,86,85,53,36,68,61,72,47,97,9,87,9,26,47,90,23,42,77,4,27,87,44,77,3,32,13,20,82,74,100,8,42,8,19,90,12,33,100,27,58,59,68,28,100,62,53,28,41,58,45,92,29,79,95,36,13,22,99,40,91,2,24,46,21,49,4,85,66,46,24,100,59,15,86,72,96,35,81,93,56,59,78,70,100,63,81,19,93,40,40,51,46
43,70,80,53,52,10,48,58,13,33,83,74,23,42,15,57,9,63,98,95,83,41,58,14,60,57,39,87,37,83,70,78,70,76,53,50,71,13,42,43,92,34,55,65,98,100,72,3,25,41,83,43,9,35,2,85,30,96,77,23,29,92,20,37,82,38,59,78,51,49,14,18,37,100,13,47,40,24,63,40,100,93,56,57,52,81,79,71,95,16,76,58,73,29,59,6,63,81,39,97
31,49,48,43,59,19,38,71,26,22,56,54,5,23,65,64,91,1,8,93,14,64,12,18,30,67,92,54,65,73,57,56,64,32,82,94,47,40,45,33,93,52,64,76,92,28,43,4,12,59,23,33,99,99,52,37,25,67,96,10,30,28,30,2,67,3,12,77,38,23,36,71,25,23,63,54,94,46,19,12,33,100,42,28,11,21,23,27,15,26,93,24,76,35,72,13,55,94,49,26
97,64,95,14,21,49,83,10,73,47,11,67,96,71,43,15,99,37,36,55,6,34,30,67,65,88,0,66,84,21,3,70,80,15,5,72,77,39,84,57,5,83,87,61,55,26,10,54,44,81,92,49,9,53,52,14,22,81,24,7,24,9,92,36,78,43,48,92,51,21,4,20,23,6,38,23,27,21,8,87,21,75,58,67,41,69,13,26,99,98,14,11,11,75,92,8,35,80,10,49
56,59,90,15,46,39,54,90,29,99,57,58,79,15,27,58,5,93,8,37,2,80,76,72,68,67,11,75,35,45,54,86,83,84,50,65,24,62,90,77,1,44,80,69,73,38,94,65,65,30,60,61,85,82,33,98,20,29,47,45,74,46,86,37,79,53,34,30,29,91,59,53,77,15,36,79,37,7,49,31,18,59,56,10,56,78,4,58,57,15,71,83,3,66,82,61,25,93,51,78
87,97,60,71,76,10,74,31,17,88,78,93,93,15,22,85,47,34,28,96,63,76,49,3,30,58,31,0,67,94,64,87,1,7,84,67,92,72,56,44,27,63,73,14,28,51,49,13,14,57,62,80,79,52,17,94,75,46,74,25,92,69,63,88,86,39,24,70,92,62,34,19,52,65,21,91,91,80,33,25,81,24,18,5,84,97,31,22,82,100,51,80,84,35,83,44,30,88,5,4
42,24,42,3,86,98,56,80,85,21,83,37,11,57,69,20,87,74,35,0,72,39,6,65,7,45,18,62,48,9,16,62,4,31,70,47,22,17,93,40,80,27,98,22,64,55,65,48,47,11,38,55,23,25,77,73,67,4,31,13,11,8,27,96,62,20,72,18,90,98,14,96,19,60,47,37,40,22,75,56,87,22,30,88,14,35,74,9,92,64,59,91,15,65,67,83,7,98,31,78
9,37,52,39,26,62,95,15,97,35,20,94,33,19,25,6,13,27,49,87,67,46,13,81,15,5,0,42,99,66,85,16,22,64,9,67,12,55,85,67,28,76,33,51,84,91,92,19,98,79,36,82,13,34,94,82,95,42,5,58,73,16,21,93,42,91,24,100,56,73,53,37,59,43,53,59,94,23,67,86,28,50,80,36,29,6,40,9,90,8,60,68,96,42,38,62,79,61,71,42
1,62,91,96,56,63,97,15,63,28,2,26,90,35,7,8,83,40,49,79,4,22,81,69,31,6,12,95,87,69,27,65,8,75,74,2,38,38,81,95,39,33,4,82,87,64,66,79,34,84,41,90,6,10,49,39,5,66,40,1,3,35,52,38,39,14,73,39,13,78,37,19,26,94,37,58,5,42,0,0,58,63,57,42,28,27,88,48,52,11,35,95,89,41,38,57,30,77,11,21
66,29,5,28,15,85,16,99,70,54,38,61,59,80,20,97,15,33,28,67,29,68,54,16,56,39,50,36,72,12,87,98,60,3,73,94,6,77,38,76,76,9,7,16,75,97,68,73,5,86,72,68,95,4,100,35,31,75,58,15,27,80,77,10,80,9,79,56,14,67,25,0,87,61,92,91,46,51,80,7,25,15,10,15,87,7,20,6,31,23,80,70,44,54,28,98,39,99,49,0
46,81,83,11,13,70,38,62,22,50,68,12,19,96,80,39,99,89,69,83,82,46,43,93,7,80,8,19,71,32,17,93,51,71,51,80,87,25,71,69,5,73,39,84,13,55,17,45,79,22,46,6,9,93,23,20,96,88,46,46,14,78,51,5,13,22,81,93,70,44,69,31,47,62,48,85,11,10,48,38,64,19,9,34,55,84,5,17,69,100,81,3,69,42,80,28,19,63,64,91
0,67,99,84,53,61,12,73,34,54,79,28,96,6,88,58,86,59,18,10,100,84,69,13,83,24,91,28,20,16,65,88,54,31,96,22,9,11,59,89,88,84,20,98,14,79,12,16,36,20,69,27,68,39,0,51,50,75,0,20,22,41,79,46,75,72,67,14,34,58,91,10,66,96,54,88,58,74,4,4,77,57,35,57,98,58,14,74,50,33,10,20,91,71,10,35,86,96,100,29
82,2,94,27,99,8,48,62,68,56,68,68,6,95,98,32,70,95,34,39,79,77,95,60,36,61,14,53,80,73,11,68,20,29,1,36,17,87,47,58,65,74,32,4,77,28,54,85,13,20,59,55,19,29,80,36,74,28,35,97,78,81,59,55,17,28,50,20,91,86,21,11,48,19,20,9,100,66,59,1,23,58,14,23,93,21,17,68,22,52,62,40,61,26,71,51,68,83,87,66
7,85,52,87,58,3,19,82,29,91,24,81,61,40,51,61,75,76,14,65,79,41,34,18,55,62,86,15,42,49,15,82,80,39,55,55,0,92,4,16,87,64,78,16,60,43,62,12,81,1,85,36,20,34,96,90,50,42,71,2,18,89,69,63,58,99,70,30,86,29,93,93,82,94,23,24,22,2,26,20,2,11,3,71,66,41,20,86,23,61,16,13,48,64,91,59,33,58,27,83
93,85,48,0,51,4,44,13,83,96,59,7,65,1,76,79,25,21,81,52,81,58,22,17,60,44,72,72,65,67,93,96,11,31,8,60,31,79,72,73,69,78,81,27,41,56,59,44,86,28,29,22,63,100,84,26,96,75,4,76,47,20,69,23,24,41,8,22,5,86,64,71,23,35,97,6,87,15,60,90,27,94,57,38,77,57,14,65,4,64,7,71,24,18,95,0,61,56,93,3
67,99,29,74,38,77,83,48,32,48,38,31,35,13,40,15,71,77,48,55,19,35,70,78,79,24,61,43,17,60,2,31,74,48,50,38,9,91,21,78,33,56,44,97,45,8,19,46,85,54,87,99,27,90,79,36,34,86,0,80,79,67,37,18,81,1,67,14,10,13,15,26,6,100,73,31,76,95,72,42,59,54,57,6,64,48,45,4,72,92,55,27,41,23,92,51,45,57,51,41
64,99,70,50,26,27,74,10,7,93,58,38,32,91,32,1,88,14,75,62,5,42,58,34,73,34,99,80,98,87,84,99,75,68,37,67,6,14,32,73,93,5,84,78,94,7,30,24,33,37,13,93,46,54,13,73,53,24,92,14,61,95,68,55,84,89,12,39,66,39,5,88,6,95,51,64,66,36,68,61,47,20,4,11,53,92,82,46,80,76,42,64,87,74,51,95,10,24,90,97
35,20,9,92,31,4,61,63,65,8,4,0,19,89,51,23,55,12,59,42,66,93,15,4,73,33,99,80,48,97,72,36,73,53,24,56,97,31,44,42,40,92,59,47,66,40,17,75,67,37,69,36,57,75,11,53,79,21,52,96,84,90,19,71,55,9,39,31,64,94,3,46,69,94,2,85,92,1,69,65,64,25,55,76,91,23,26,79,54,10,64,75,95,43,28,70,60,38,38,21
36,78,80,51,100,76,43,77,29,70,12,96,59,3,33,61,89,1,7,34,16,15,98,26,49,48,77,53,50,65,0,21,35,6,95,98,39,29,100,20,98,51,29,68,26,78,8,28,14,22,61,99,99,9,85,50,51,34,3,68,84,74,43,16,26,7,24,97,11,59,20,66,30,22,71,85,87,45,7,47,2,78,49,78,30,35,53,43,94,13,73,100,65,59,75,7,16,73,12,4
30,13,83,41,28,89,11,4,92,57,62,92,74,81,71,31,58,48,37,54,53,79,47,72,31,86,12,50,54,45,36,59,70,85,33,12,81,5,82,68,49,77,100,78,55,30,99,62,53,92,4,21,85,11,0,58,37,67,39,97,85,20,57,63,43,55,48,33,44,6,69,9,96,72,88,100,96,1,10,64,37,3,8,87,57,51,75,58,72,83,16,95,25,73,45,60,7,64,69,91
66,35,74,11,3,48,35,21,8,19,37,20,45,92,80,46,29,41,52,78,70,1,14,53,76,99,35,86,36,72,82,17,99,78,30,57,25,19,46,4,9,28,81,14,82,74,6,54,0,48,90,47,34,34,100,17,76,78,24,58,22,50,76,78,36,10,80,25,18,36,12,94,91,19,40,15,51,6,19,15,69,48,100,82,86,77,89,57,73,78,9,54,33,26,77,18,100,47,61,26
31,28,17,27,90,64,70,14,17,61,20,80,0,40,91,14,54,95,73,17,62,49,4,74,1,4,64,25,95,5,72,5,24,35,88,19,19,40,15,38,11,85,28,18,1,39,93,71,72,84,42,75,90,37,90,100,93,79,55,48,4,37,49,95,11,63,59,42,31,83,75,62,84,14,10,32,20,96,49,75,3,41,69,60,45,54,93,47,86,66,78,30,67,81,83,7,45,2,48,31
41,67,94,3,12,77,0,97,22,55,8,75,31,69,91,20,53,0,89,7,76,11,71,40,40,18,50,4,70,49,27,16,78,13,41,80,95,48,6,34,54,14,66,77,11,42,14,80,88,85,97,44,16,14,21,75,93,28,42,88,95,66,2,45,76,84,40,39,37,32,64,72,32,36,66,76,11,31,8,20,67,27,33,57,74,75,79,56,98,95,43,69,68,44,53,59,56,71,83,96
30,95,60,85,99,21,43,53,19,47,44,56,46,63,92,90,0,25,85,6,35,11,20,94,88,29,44,71,34,3,42,86,79,39,4,54,14,91,24,82,74,67,38,51,18,16,69,63,52,81,81,72,82,53,82,43,3,21,10,63,93,61,2,16,48,36,5,91,13,17,96,81,12,32,83,69,1,57,15,44,71,96,98,96,89,7,16,84,67,90,88,100,51,0,21,68,55,10,74,28
82,92,40,42,7,92,36,54,29,47,68,36,94,39,48,47,3,17,79,75,27,54,30,15,90,45,62,64,51,97,60,40,86,34,98,81,0,78,2,91,56,69,60,1,11,33,36,98,2,24,47,29,87,87,43,46,68,41,48,1,12,95,78,13,57,73,97,20,82,91,63,44,50,49,64,89,43,70,88,19,61,64,86,84,71,62,10,82,18,89,25,89,32,83,17,93,96,41,9,53
49,87,56,68,28,95,84,36,70,92,12,28,15,47,95,76,34,58,40,93,83,58,100,73,48,11,13,9,87,96,63,79,0,74,79,84,76,40,25,74,70,66,76,55,16,0,98,82,67,85,59,75,68,54,27,78,70,26,70,18,24,98,45,27,21,45,66,10,100,98,21,9,55,92,62,59,77,42,99,70,24,38,86,35,5,37,38,67,9,48,27,88,89,52,14,72,91,21,40,96
55,54,76,93,100,100,76,74,91,76,17,51,7,7,76,91,1,29,41,22,3,45,14,1,73,73,78,88,42,75,100,70,2,93,94,26,90,78,65,57,68,19,42,12,84,78,49,1,41,32,5,76,29,91,66,50,53,11,20,86,53,93,56,6,28,55,2,43,37,97,23,81,34,12,72,64,95,38,26,77,61,56,62,38,31,42,13,27,49,87,61,24,94,62,84,72,30,100,68,60
1,73,16,49,62,63,92,6,37,29,16,18,57,4,82,15,13,20,90,53,16,47,25,95,17,17,22,88,58,87,39,1,76,14,76,93,83,64,16,32,20,30,51,80,15,87,24,53,79,64,40,25,62,70,78,64,33,100,34,30,52,36,26,17,72,77,78,1,37,6,63,35,9,67,95,77,47,35,65,17,97,82,53,63,88,18,59,75,97,14,100,66,66,72,24,56,55,71,64,14