75,43,73,99,38,43,54,71,62,87,86,53,32,68,26,63,43,64,38,35,3,6,63,63,16,51,51,20,52,29,19,23,83,90,44,62,10,59,39,91,11,62,4,65,35,61,47,92,18,12,30,60,80,96,14,40,53,78,81,89,39,31,52,1,23,86,42,25,37,7,31,54,60,29,52,97,27,17,68,7,24,29,79,83,87,13,84,40,5,0,35,20,40,31,61,36,17,0,10,60
62,7,44,54,50,56,36,27,24,35,58,100,90,74,94,46,48,90,6,37,34,40,72,48,94,71,58,25,2,23,50,31,3,36,52,20,74,36,88,56,42,73,63,92,97,22,48,66,50,14,14,64,5,59,87,53,86,7,44,52,21,81,88,72,93,66,74,92,74,13,4,13,47,24,75,35,1,65,2,79,73,78,26,51,12,5,16,100,95,28,82,3,13,95,14,24,74,83,74,35
12,24,12,46,61,15,19,37,59,13,8,59,82,44,63,52,24,87,44,97,47,41,18,96,50,1,98,73,99,69,3,99,76,6,86,48,71,53,59,80,75,63,85,6,33,82,23,10,52,91,78,30,53,29,57,74,82,84,99,26,50,73,40,83,66,47,71,45,15,76,10,12,66,92,42,38,20,62,57,81,90,43,61,74,75,60,42,23,0,79,25,43,58,87,98,84,17,0,58,70
70,24,77,83,29,30,81,27,58,25,50,41,32,41,35,5,6,31,100,91,83,33,44,77,67,17,46,84,44,36,77,66,83,16,83,68,2,20,75,96,0,76,62,47,74,97,17,34,41,51,73,48,37,97,18,28,94,22,22,77,64,46,43,79,15,51,23,20,17,35,77,58,8,56,19,6,79,81,39,100,0,7,100,23,47,96,10,21,71,57,54,6,71,9,44,33,85,81,90,39
56,48,74,28,80,80,95,20,54,49,87,25,84,17,48,18,26,95,40,78,14,95,7,61,26,18,3,72,71,97,48,22,94,68,61,17,21,95,24,87,6,59,62,76,56,69,55,22,60,50,82,37,67,22,89,47,10,21,22,41,35,51,19,30,48,56,81,37,44,97,53,7,37,11,70,97,56,10,90,67,97,34,90,87,50,34,81,15,42,49,8,89,94,100,34,59,77,23,84,100
34,68,45,51,65,12,52,67,81,79,65,26,89,22,83,43,81,62,61,79,52,21,87,20,64,74,83,9,66,25,18,79,56,77,18,23,68,6,39,9,23,22,26,76,50,86,41,16,52,86,82,80,33,12,75,66,1,65,28,39,77,90,66,56,95,85,83,53,3,41,50,38,0,57,97,79,86,33,0,56,24,59,80,81,31,49,88,48,61,47,31,24,94,5,42,33,32,20,77,10
73,5,99,1,46,46,87,79,29,53,35,91,4,57,59,16,78,78,0,87,13,90,10,92,39,35,67,97,52,100,13,87,6,46,35,12,30,95,42,45,41,99,5,40,71,35,28,4,73,43,41,72,37,26,31,64,29,53,52,99,17,33,92,16,17,55,10,11,39,81,36,9,58,81,28,57,68,80,25,63,95,44,81,90,85,9,49,21,7,49,12,26,44,83,42,34,7,52,9,37
42,25,62,3,45,97,95,46,9,21,49,51,29,20,61,40,88,18,38,92,15,53,81,52,84,47,56,79,91,0,52,92,73,17,0,23,53,14,60,69,17,93,84,61,99,93,23,73,73,22,49,90,71,16,70,64,14,56,40,88,41,22,74,61,98,52,26,87,66,95,31,39,49,23,6,49,68,51,35,84,74,17,49,51,17,99,58,24,11,58,96,53,77,96,32,85,38,32,66,55
7,70,5,94,29,77,34,11,51,38,73,43,97,8,95,56,20,47,54,73,93,47,63,6,63,31,10,11,13,68,98,45,59,100,4,77,85,71,31,78,66,36,94,37,92,2,83,88,13,66,47,41,19,82,41,23,5,86,10,32,18,47,6,34,75,94,27,57,53,48,68,44,32,10,0,56,7,75,67,22,41,96,37,11,38,36,21,36,74,70,86,93,22,68,41,12,22,24,5,69
81,43,30,35,88,28,18,15,47,35,38,12,42,84,34,69,21,98,52,95,42,33,16,14,88,85,58,7,23,44,69,59,99,13,80,14,71,31,42,36,74,51,72,99,68,21,75,40,26,55,16,98,80,31,6,7,64,80,9,25,95,78,99,79,17,23,51,98,41,84,0,59,42,9,3,54,11,22,9,97,70,50,48,90,89,2,70,83,74,47,87,98,42,78,97,14,86,95,78,72
54,81,67,29,53,79,30,51,46,24,11,50,8,23,70,40,69,4,59,86,16,25,23,16,25,67,97,50,50,48,98,67,53,23,52,14,62,72,29,16,58,47,27,14,92,30,9,80,95,22,50,53,69,43,5,23,79,85,86,57,95,95,4,24,93,10,71,100,75,94,53,60,33,11,6,82,81,61,38,85,73,65,55,60,46,22,59,95,88,23,77,90,60,37,8,91,63,36,53,47
16,17,97,1,47,98,64,91,51,77,58,4,93,85,30,90,10,93,88,55,48,39,92,44,50,66,42,67,77,8,39,85,50,85,51,74,10,4,56,40,1,68,88,34,31,88,29,80,6,24,43,80,93,41,75,89,92,13,55,62,33,80,94,68,1,59,30,14,42,100,92,80,30,84,10,47,86,0,68,22,31,75,40,54,58,54,20,57,14,69,38,35,27,15,8,57,46,64,18,63
36,97,31,60,29,52,23,99,0,28,9,67,6,4,99,49,2,56,15,85,25,68,2,77,63,71,27,66,13,45,16,64,38,65,27,98,5,70,16,50,39,100,79,77,84,19,68,59,69,5,75,9,17,87,38,7,32,29,70,2,75,25,84,90,61,77,90,11,98,27,21,74,36,33,41,75,77,99,34,11,19,6,17,85,25,42,47,68,92,8,27,47,59,43,23,71,34,58,61,37
2,52,91,57,44,53,69,93,17,98,0,76,80,27,42,26,40,89,63,87,73,86,39,14,71,11,35,48,70,81,50,82,39,16,66,85,74,52,49,44,91,71,57,32,24,51,15,73,44,48,35,22,89,61,18,67,14,36,91,88,38,43,30,81,52,98,6,25,100,98,42,1,92,4,47,36,65,68,78,87,60,20,94,24,60,22,46,71,62,26,55,34,11,67,68,99,50,5,34,53
34,1,34,63,48,11,38,84,41,54,100,44,0,50,57,87,20,79,83,9,61,72,92,31,51,26,88,16,53,11,82,96,76,81,12,29,10,57,53,15,57,6,8,3,81,58,37,54,7,33,3,51,61,41,74,4,62,1,14,10,6,17,12,80,54,13,83,73,28,64,31,18,51,81,0,94,60,10,49,19,49,33,99,48,65,14,78,59,81,13,32,59,57,23,48,89,3,24,21,97
18,15,77,3,54,11,70,18,54,94,5,77,99,67,38,14,60,60,78,100,95,61,77,46,69,13,26,69,84,77,55,5,20,86,52,94,19,49,27,64,31,98,13,78,44,5,87,80,38,34,99,39,18,43,21,100,42,28,15,95,45,18,41,10,92,51,3,5,45,7,39,31,56,68,64,36,42,96,63,85,54,84,52,21,46,43,49,38,16,55,89,98,0,84,56,99,51,83,53,93
36,20,11,30,9,26,46,97,62,10,68,90,17,76,15,78,21,83,58,25,64,25,60,99,14,53,81,9,5,63,45,45,75,45,26,83,66,75,11,28,31,13,68,100,49,4,96,84,70,11,78,55,27,15,13,26,81,84,63,58,77,8,30,36,14,38,30,79,100,66,33,42,98,99,69,70,1,71,0,68,81,7,85,73,4,67,83,20,29,18,28,66,11,33,82,42,68,94,47,52
61,70,90,99,81,69,67,23,97,10,88,55,39,59,81,99,12,5,20,90,80,98,3,91,48,66,34,53,35,15,62,96,82,57,95,61,0,77,31,67,45,86,91,97,77,12,79,79,34,50,70,73,85,85,10,0,24,45,72,59,73,39,87,84,22,64,1,59,96,78,80,17,47,38,88,89,40,89,17,70,2,59,68,44,95,3,11,77,40,6,44,20,65,62,21,28,32,5,22,2
100,45,63,17,38,44,92,20,41,65,64,41,69,19,57,10,44,86,98,5,40,39,37,72,65,16,98,22,36,78,27,99,67,77,21,85,73,11,50,80,62,3,11,59,65,59,42,67,26,99,18,51,50,43,40,42,44,76,66,70,76,47,99,25,54,5,19,3,61,55,63,97,7,91,95,52,96,96,51,65,11,92,5,50,25,55,92,16,28,71,50,12,9,43,33,15,80,12,100,24
25,11,53,1,64,56,87,38,28,49,92,70,94,20,3,74,1,11,16,75,8,78,53,62,50,41,16,84,38,95,8,0,63,6,58,64,39,62,45,9,70,9,87,4,38,91,16,34,58,83,28,89,1,61,8,13,27,82,18,36,6,34,38,52,4,73,93,52,79,92,62,20,7,92,23,89,87,25,58,51,73,99,52,36,74,84,40,61,63,31,49,32,76,62,96,63,92,50,37,25
98,48,91,66,73,57,21,68,70,7,11,9,36,56,26,92,98,63,18,83,40,26,22,0,27,48,86,0,92,11,21,60,73,0,55,42,84,91,93,67,86,80,71,8,11,32,86,87,80,14,59,34,88,80,16,77,40,53,61,25,56,65,15,40,51,67,84,18,70,52,95,58,33,13,94,52,8,37,8,17,92,70,67,59,77,40,97,4,87,37,89,64,7,6,29,93,23,100,71,7
70,7,75,42,13,63,11,6,53,7,84,41,70,75,16,85,0,81,35,89,21,10,34,94,73,20,15,10,48,7,98,47,99,21,97,1,53,13,92,44,7,71,32,32,66,99,100,58,67,39,62,7,13,88,21,49,77,42,54,16,94,57,63,83,30,57,61,84,88,3,48,50,38,34,94,56,90,78,72,29,58,52,45,35,49,27,57,76,40,89,47,20,24,57,84,27,40,95,68,56
19,83,66,58,49,53,93,43,52,93,20,88,25,30,88,46,30,83,28,74,49,49,75,75,24,92,86,31,72,40,13,55,10,5,27,54,49,75,1,42,48,97,65,34,5,93,70,39,15,71,72,98,87,50,77,0,19,3,73,17,22,46,32,88,39,79,30,10,73,64,28,41,83,29,46,96,87,98,10,91,35,81,100,28,11,70,93,45,90,74,53,82,8,69,99,90,49,53,21,44
91,64,21,59,65,97,75,76,77,54,3,69,71,19,99,84,68,28,48,67,21,72,34,89,60,37,72,81,81,11,96,67,92,31,4,56,2,40,50,95,94,37,80,88,18,42,79,70,76,70,0,52,88,6,43,6,0,85,87,51,93,62,9,3,7,88,91,86,64,63,31,5,87,8,26,18,59,12,61,40,100,65,52,38,89,60,18,24,52,31,43,63,82,96,31,48,38,79,2,63
50,7,13,83,90,62,96,21,62,37,58,90,81,85,45,49,0,90,54,36,14,36,17,39,47,40,82,47,29,13,57,37,30,70,88,75,12,4,35,67,91,65,70,12,40,88,24,11,47,93,86,1,34,41,47,99,19,9,67,54,82,82,72,19,84,64,6,2,59,93,70,24,49,60,56,83,63,21,89,77,28,41,32,5,19,73,51,46,78,7,2,68,54,9,57,42,97,22,96,39
32,16,48,68,46,35,27,19,59,15,47,93,19,31,18,23,45,63,39,57,36,95,35,76,28,56,56,64,48,86,38,46,54,99,12,62,24,82,53,0,31,29,80,36,13,8,75,71,22,87,96,78,59,32,89,54,2,77,4,8,84,69,35,80,37,78,29,78,79,73,88,61,16,66,32,66,86,21,24,42,96,15,67,85,1,97,16,8,66,58,0,54,5,87,81,28,57,1,77,96
49,40,14,71,54,68,66,69,57,0,74,61,43,58,77,68,53,20,90,40,28,49,37,93,15,13,67,47,96,99,2,1,74,73,10,66,32,0,80,81,18,26,14,40,68,53,27,12,40,7,86,44,36,5,92,41,94,15,43,56,68,32,34,77,23,45,91,59,37,93,57,37,11,66,21,7,52,49,21,49,7,68,64,54,4,64,63,29,39,57,39,20,12,95,89,74,14,27,71,35
74,29,87,87,91,2,63,76,83,90,59,43,16,72,27,46,88,53,99,100,94,53,41,6,6,65,75,37,51,86,0,62,19,83,79,9,29,58,11,91,7,6,16,45,64,34,77,19,18,33,37,88,49,26,44,8,26,14,41,35,54,64,76,84,1,82,93,57,4,57,43,91,18,85,43,96,78,92,27,45,21,85,17,4,99,89,44,86,96,36,73,82,6,76,24,75,12,63,20,47
26,40,86,5,56,58,61,52,75,61,64,41,99,96,91,39,40,2,16,70,85,81,10,21,91,28,5,69,79,30,37,65,89,78,98,60,66,70,60,30,40,47,22,67,2,87,53,60,76,46,17,8,47,17,68,36,24,50,94,12,69,15,5,75,70,5,50,21,61,52,29,54,0,33,100,41,9,69,94,70,85,76,66,68,68,61,66,7,49,26,76,66,53,1,20,99,58,76,41,66
19,76,97,74,47,82,6,26,59,96,98,22,25,36,10,18,1,27,45,61,66,18,53,34,62,71,63,7,53,95,4,20,44,72,63,8,71,24,50,72,25,14,75,97,28,77,87,52,65,49,6,2,78,71,50,43,13,68,16,62,23,76,11,77,27,59,25,75,13,13,50,71,72,42,15,28,66,5,52,33,9,63,97,36,38,17,23,54,54,66,7,8,80,77,82,67,83,46,19,37
76,7,50,19,96,63,18,69,1,3,53,17,50,21,29,58,2,98,85,99,20,92,55,18,88,23,45,59,77,57,64,59,95,55,43,92,43,89,10,82,49,1,44,15,96,82,20,78,52,10,51,55,15,8,0,29,50,0,20,3,40,81,4,25,21,89,25,92,23,4,44,2,73,1,7,5,74,72,99,8,30,20,87,30,85,16,77,20,51,92,23,65,80,13,50,65,26,54,88,52
49,37,71,58,94,61,54,4,84,52,41,40,39,4,4,81,80,83,45,99,30,34,38,36,35,58,75,9,41,26,4,85,67,18,63,21,39,98,42,73,95,3,58,26,67,68,57,95,24,24,55,8,42,30,58,48,35,53,40,80,73,80,87,4,87,7,45,13,1,2,52,90,41,53,53,17,93,8,9,60,2,5,9,80,50,24,55,89,82,30,72,72,58,17,9,28,76,89,74,98
18,49,54,45,48,35,69,0,18,23,89,14,75,37,47,54,7,69,66,64,89,36,15,56,39,76,79,56,93,49,67,77,26,94,4,62,27,98,61,0,52,30,26,68,51,25,32,9,30,95,8,87,55,44,79,100,100,7,10,67,81,14,12,21,34,60,52,50,48,38,74,89,33,23,66,16,65,71,72,7,39,67,63,59,90,32,12,96,39,34,60,65,83,95,40,98,81,96,46,79
32,58,40,74,11,52,93,2,23,16,44,8,61,23,1,29,34,23,73,47,92,13,71,60,65,83,19,89,86,87,66,44,27,27,31,96,62,61,100,37,43,7,97,48,15,69,88,45,38,63,91,68,53,45,75,0,60,52,44,50,100,10,74,71,46,37,39,22,75,84,69,24,73,8,8,14,48,75,69,94,16,13,4,3,2,71,51,37,53,76,0,23,23,66,75,30,95,50,82,94
54,67,20,8,90,24,70,22,45,33,27,46,21,77,48,49,53,48,35,70,62,51,34,5,3,93,13,85,58,81,23,34,30,14,46,83,65,80,2,50,93,15,5,51,56,27,74,35,29,97,56,26,31,48,51,56,66,6,18,19,91,48,88,25,73,66,92,41,54,39,2,33,59,22,5,98,17,75,69,1,62,47,12,76,6,46,31,89,42,71,93,32,32,34,74,89,43,80,9,81
34,55,20,63,29,46,81,92,52,95,2,59,100,51,80,58,60,85,34,52,84,1,88,42,98,62,28,63,73,45,64,0,65,77,33,56,99,11,45,40,95,40,67,55,7,34,28,64,9,20,51,9,13,1,63,32,98,32,20,40,48,50,100,85,28,91,70,72,15,15,89,21,29,46,45,73,29,88,40,1,48,70,27,20,100,0,90,85,25,82,65,16,28,69,24,32,82,49,64,53
13,5,28,72,38,49,9,75,45,37,41,89,31,95,3,38,22,23,54,65,63,1,89,84,27,97,44,97,13,37,42,52,1,27,24,6,7,14,84,86,33,87,9,6,99,20,16,100,27,93,29,81,99,26,58,72,11,80,29,51,30,77,84,64,85,80,84,6,66,52,4,68,82,49,56,37,51,22,86,94,59,3,63,45,33,79,51,76,71,72,5,57,24,14,87,30,99,26,49,99
56,29,92,95,17,21,52,55,26,94,28,85,9,12,41,96,42,65,44,12,14,33,43,48,1,52,57,24,25,10,24,14,38,29,76,8,28,10,61,0,31,97,28,28,32,74,26,41,72,12,14,27,80,96,13,42,4,32,59,24,43,81,68,23,52,37,26,24,17,3,87,36,99,26,41,46,59,79,58,43,34,17,22,66,30,62,32,7,36,26,82,21,44,63,98,14,54,63,35,23
28,48,91,58,11,25,79,3,31,25,21,15,80,91,23,90,10,94,100,77,24,88,36,72,30,59,23,16,9,30,67,68,7,82,81,54,48,99,20,29,85,61,62,54,47,63,63,13,34,71,100,38,44,54,9,84,31,86,80,0,30,41,41,13,21,76,63,53,92,15,0,58,72,97,56,28,29,92,44,41,92,10,29,91,6,84,21,66,88,13,13,51,35,100,16,37,87,85,2,44
48,6,94,50,80,40,78,61,81,24,9,69,99,55,89,93,31,12,59,18,16,13,4,31,2,1,80,11,64,36,94,98,8,4,62,90,89,16,43,78,9,93,85,58,37,10,55,42,3,40,9,54,65,73,5,8,72,36,86,11,29,49,22,31,20,23,99,35,8,52,17,13,20,17,99,0,3,35,87,51,33,86,46,37,45,67,47,13,56,26,59,44,18,27,92,33,6,66,17,78
82,0,63,75,50,18,50,68,41,34,50,59,76,61,20,29,11,86,5,94,69,36,96,80,32,91,60,2,47,10,16,94,84,8,39,93,34,69,69,69,72,22,20,8,48,44,88,58,1,61,98,42,97,33,69,72,21,75,13,83,10,6,31,86,57,13,26,18,6,76,92,37,19,32,38,79,43,89,86,43,42,50,72,9,77,54,25,88,66,79,2,53,29,0,30,93,12,22,86,13
96,47,99,83,66,95,51,73,26,70,31,12,27,25,92,40,50,76,64,81,31,68,32,99,93,20,49,90,46,50,2,14,59,63,51,43,8,89,76,50,95,39,89,89,91,28,21,47,80,99,92,76,87,9,2,42,6,31,24,42,73,74,57,47,15,18,29,72,30,96,26,99,85,25,32,50,2,84,98,31,50,81,9,100,66,80,79,11,44,30,93,36,28,25,12,70,60,74,27,10
8,14,74,51,59,70,41,23,21,89,81,16,27,99,48,22,73,79,66,70,13,93,49,93,58,17,29,35,88,88,29,23,50,73,47,23,42,87,41,25,37,24,77,19,82,30,70,4,6,85,7,5,69,38,30,47,63,64,90,56,19,11,80,35,89,50,92,58,52,15,50,38,82,88,70,19,27,88,41,64,41,60,48,64,64,42,99,100,91,32,18,69,6,19,60,45,43,90,86,74
18,17,79,21,37,22,94,12,41,98,43,94,40,1,16,37,37,89,5,22,99,42,6,88,66,64,15,92,42,12,80,41,1,67,46,94,46,90,80,76,12,18,36,26,71,25,71,84,66,10,80,37,73,50,0,56,45,56,10,92,57,71,96,84,45,47,56,97,53,80,1,38,36,62,55,96,17,86,77,0,62,70,44,90,90,51,8,77,28,84,90,71,97,99,66,48,57,68,6,81
95,50,75,21,15,25,24,71,55,11,55,82,64,47,15,47,68,45,1,29,95,62,3,99,3,85,92,92,84,81,51,73,9,57,52,24,84,95,36,90,19,96,47,12,58,53,20,2,26,0,85,29,7,99,68,82,100,55,12,100,44,55,57,91,0,93,68,33,74,13,53,14,35,16,65,9,27,60,86,93,74,21,17,71,75,52,92,97,11,97,94,7,85,2,9,74,82,75,72,62
70,23,3,59,1,30,0,40,65,46,15,88,97,63,82,22,79,94,86,16,20,12,33,91,70,78,35,22,45,41,79,41,30,99,30,64,60,70,62,89,79,10,2,28,53,4,29,96,12,75,94,31,84,79,73,74,45,31,99,5,67,30,6,42,33,27,27,83,31,22,86,76,44,53,39,28,41,37,5,80,12,99,76,41,56,26,42,69,54,69,50,7,86,52,99,4,2,38,59,60
36,58,97,93,51,25,39,59,16,24,60,35,68,41,11,68,79,65,100,24,0,8,94,82,1,20,9,78,84,4,52,3,45,9,30,95,51,39,53,82,53,49,65,11,84,100,63,39,69,28,37,70,76,67,65,70,31,20,8,1,2,11,53,32,83,23,28,23,65,62,36,92,97,35,0,64,99,5,0,37,2,88,78,47,23,63,4,13,94,18,66,78,62,47,21,17,66,16,39,8
4,83,60,78,58,88,24,84,51,18,8,38,73,26,43,90,11,67,49,66,61,76,98,35,23,8,11,34,87,26,54,99,36,87,26,96,90,88,23,95,31,85,100,84,86,4,11,98,74,84,19,65,49,59,31,15,88,14,25,67,16,70,91,71,24,90,22,4,53,21,39,31,56,68,13,79,88,67,89,13,53,50,30,59,11,7,52,22,85,23,69,63,93,9,9,5,45,77,16,51
32,28,3,40,2,24,83,37,8,77,5,57,16,78,96,18,6,64,17,81,46,95,5,46,53,7,84,6,36,28,19,41,40,71,75,80,21,69,58,64,20,34,32,3,90,18,9,22,78,48,0,47,65,54,76,49,22,96,64,22,95,15,31,24,9,40,83,63,78,93,41,8,2,33,17,13,48,74,81,52,24,11,19,85,33,6,97,75,7,43,76,54,12,22,36,12,87,51,5,19
38,29,100,91,23,69,5,61,17,14,66,21,77,19,8,58,2,21,53,96,47,19,93,8,22,37,61,12,47,1,37,50,57,33,43,73,59,4,89,72,88,25,70,20,83,82,41,84,83,57,28,96,35,78,84,38,18,31,77,84,14,0,8,86,31,51,72,11,40,14,24,83,52,13,11,93,24,2,36,21,44,84,5,79,43,63,32,20,65,78,12,15,42,35,90,66,59,23,88,14
14,40,62,95,77,89,28,65,64,81,71,53,18,45,42,56,94,61,74,81,23,46,57,72,53,33,81,57,35,66,8,51,28,7,41,31,99,4,99,24,66,26,72,46,39,95,81,6,31,84,7,81,70,42,21,80,12,93,85,43,23,56,35,34,22,10,92,13,97,47,24,97,5,27,96,10,13,83,36,80,57,90,21,23,44,47,15,18,44,29,89,37,64,23,64,37,97,16,73,53
9,55,31,4,97,25,42,75,8,59,7,97,71,78,32,58,12,65,14,6,85,23,81,13,95,79,36,38,31,65,100,71,43,46,90,68,65,35,37,52,5,65,99,15,63,91,28,26,45,27,75,85,93,4,36,1,54,66,47,61,36,51,51,89,41,73,85,20,61,65,97,43,33,59,2,14,12,70,7,77,55,48,68,47,69,85,12,6,58,24,60,74,23,95,77,28,57,5,44,8
66,24,92,66,30,12,6,35,43,97,76,25,65,28,64,91,10,62,67,77,58,12,37,49,18,72,71,40,28,78,34,79,18,85,86,87,66,22,53,97,95,99,37,81,33,48,84,72,71,17,61,11,67,70,36,6,10,35,25,76,63,75,94,71,46,6,18,14,25,18,13,77,19,56,1,80,65,79,65,99,79,2,36,11,5,52,31,72,1,88,37,35,3,50,73,61,21,0,49,3
2,89,77,75,92,79,99,99,35,49,8,22,57,76,3,83,73,70,17,26,39,32,37,45,27,4,58,52,39,15,86,89,1,1,80,63,8,28,75,38,57,80,38,25,43,53,22,2,98,6,21,92,92,90,21,74,24,45,66,84,79,90,10,48,54,6,96,49,96,90,53,13,18,39,99,80,75,27,47,7,16,100,97,76,8,42,47,46,86,15,35,70,30,51,18,63,9,37,46,87
69,67,60,8,87,54,57,88,59,19,30,11,98,71,68,16,10,28,86,66,26,65,87,90,39,57,75,89,7,59,71,27,3,47,2,16,98,82,8,31,69,64,62,38,12,26,28,14,65,63,84,40,26,50,66,24,50,64,17,40,89,34,19,78,37,66,10,5,49,36,58,97,45,2,65,17,84,19,68,76,8,31,63,37,56,21,20,32,32,54,80,15,62,8,47,68,31,86,8,18
79,64,55,3,100,62,31,64,65,99,38,75,26,87,75,67,61,100,26,95,98,24,37,76,6,97,64,100,92,44,6,67,9,96,96,62,2,51,69,13,70,80,98,55,42,57,85,30,89,68,47,57,33,53,39,57,19,53,36,35,7,16,91,9,52,21,8,26,99,4,64,76,21,64,77,7,99,73,56,34,14,60,21,92,32,55,14,28,55,33,60,69,28,21,25,5,97,77,0,27
58,84,66,19,33,28,96,29,36,41,17,61,48,18,23,31,97,35,0,82,97,78,89,93,76,70,58,54,77,59,97,40,41,27,87,31,37,24,88,15,43,69,46,22,24,79,64,68,52,26,91,50,74,48,44,66,64,84,72,54,98,56,20,4,28,14,17,98,66,9,17,34,18,80,4,61,18,20,83,96,17,95,22,99,62,9,48,22,79,75,92,65,65,4,38,39,99,22,95,70
53,41,94,68,39,30,66,87,28,21,34,54,38,93,71,32,66,54,79,54,1,61,36,96,34,43,74,43,2,52,99,100,14,0,81,34,50,61,51,81,6,58,83,9,1,38,50,23,4,37,65,91,65,92,46,34,38,55,98,79,67,43,7,63,22,12,26,6,34,25,81,84,30,30,45,90,45,16,61,71,58,78,56,77,80,28,38,51,48,55,35,8,37,54,88,7,11,38,10,51
18,51,7,57,59,39,41,99,60,57,50,63,78,48,29,93,40,77,87,23,90,58,75,74,47,42,24,71,24,84,59,94,57,23,34,54,51,79,90,31,9,17,57,24,97,60,34,61,21,30,24,6,43,30,40,100,71,62,53,70,29,97,90,8,21,69,35,100,96,92,86,91,81,33,2,14,94,59,88,23,24,100,44,1,43,89,72,59,47,48,71,98,43,54,44,14,42,17,40,63
25,38,4,76,10,95,46,98,16,21,18,95,11,40,62,89,64,86,13,97,81,47,46,98,4,50,67,10,81,39,8,45,50,20,97,51,25,78,71,7,32,93,31,14,62,51,15,1,44,13,74,22,80,62,69,0,18,12,45,55,44,36,44,17,81,79,34,91,25,91,15,90,95,47,54,57,76,52,5,11,86,85,96,81,14,10,36,33,43,32,66,37,76,93,70,81,88,54,80,34
38,70,19,6,24,1,44,66,96,24,69,86,21,75,41,60,43,53,38,78,42,60,53,64,92,15,27,64,21,73,32,55,71,28,87,0,78,93,83,69,91,48,44,65,26,24,75,48,66,85,88,54,86,93,50,97,53,82,66,20,51,79,40,72,9,81,37,45,7,59,90,48,66,87,61,79,93,18,82,25,27,29,90,72,72,63,69,30,5,9,23,45,45,72,72,79,99,65,96,55
75,57,43,19,82,56,76,36,61,87,37,65,77,78,67,42,7,43,3,81,44,55,87,83,32,72,86,34,6,52,41,93,60,15,99,45,88,35,49,72,31,23,8,34,61,57,78,22,40,40,30,44,59,47,90,38,65,50,27,88,63,22,15,31,68,21,6,8,72,23,91,44,82,63,66,24,81,1,44,48,53,9,77,24,4,34,74,92,27,53,51,31,30,71,46,23,89,30,57,85
52,97,39,64,31,0,74,39,89,60,65,67,64,9,42,89,79,60,75,97,40,27,52,32,42,48,56,47,90,37,3,15,4,84,58,7,80,92,34,84,71,95,42,78,82,74,32,71,33,91,74,39,31,73,71,93,99,50,75,82,19,23,36,29,25,77,22,33,37,44,60,58,51,76,59,56,78,13,65,99,83,27,18,91,84,23,58,75,10,95,90,87,19,58,9,5,92,62,34,45
87,39,15,80,80,49,96,12,72,87,45,92,45,68,49,51,36,4,96,70,38,88,54,30,50,99,26,51,50,80,93,42,56,36,8,54,86,34,55,31,5,58,10,92,89,14,76,27,78,65,47,61,83,31,19,61,33,27,43,71,31,3,92,78,22,27,97,59,48,21,18,38,90,46,60,31,76,10,48,68,33,73,70,15,24,79,49,42,63,87,4,79,46,32,4,97,62,75,98,27
7,71,71,21,54,13,55,2,50,44,39,69,56,12,68,62,12,52,32,65,94,54,85,5,99,25,75,6,2,12,81,2,92,22,77,73,22,41,54,28,3,65,4,33,92,31,16,14,34,90,90,90,77,70,68,8,94,47,1,99,80,90,55,28,18,68,83,40,4,28,95,77,81,87,70,48,52,35,19,16,39,74,58,47,43,30,15,52,40,95,41,57,24,72,93,55,81,1,34,72
51,52,96,0,66,90,92,52,97,72,39,54,80,49,29,59,43,8,89,63,19,3,29,51,86,60,25,69,28,33,13,63,45,24,6,1,43,6,84,11,81,24,75,71,26,54,53,85,22,77,86,32,1,96,70,43,90,66,95,98,33,84,31,25,88,27,98,89,66,6,54,86,22,32,56,35,31,94,88,46,39,52,25,97,36,24,8,31,90,10,57,82,38,89,66,27,65,35,67,93
51,22,51,38,45,39,92,52,27,10,45,26,3,21,20,33,12,90,67,55,26,65,83,72,29,12,3,22,89,94,67,21,96,22,54,90,16,55,2,10,13,51,83,11,72,43,51,40,86,83,100,33,83,4,2,99,5,67,62,93,53,32,58,18,71,39,72,84,13,31,0,84,5,81,19,91,22,40,86,36,97,4,47,30,3,50,95,74,27,19,19,19,69,6,70,23,62,36,17,19
14,32,96,76,22,35,34,100,92,75,60,43,0,75,13,32,15,99,89,75,6,64,39,68,96,77,28,57,94,89,6,63,46,24,13,84,17,44,68,69,41,80,11,87,33,27,26,57,97,25,62,1,4,2,38,66,91,76,78,19,92,49,19,91,100,57,92,75,70,98,75,91,92,71,4,62,8,68,91,18,71,3,64,25,81,10,37,96,17,65,77,87,39,79,76,75,77,2,0,24
72,69,42,35,78,68,33,32,10,96,19,10,68,94,23,15,78,57,38,5,40,13,76,42,32,22,63,32,30,75,98,13,24,62,100,38,33,83,67,76,8,52,77,50,32,9,79,93,63,14,36,93,27,70,83,65,74,69,89,78,57,48,19,16,59,16,30,5,96,6,9,7,95,25,14,75,87,57,60,91,48,43,33,19,6,33,46,74,17,25,57,87,14,59,84,41,77,46,29,28
22,13,12,51,2,91,89,98,54,84,69,78,36,77,64,79,84,28,10,16,92,94,28,20,76,56,47,73,8,59,10,81,63,75,80,14,30,46,35,40,20,33,26,88,14,20,14,41,83,43,30,3,20,29,6,30,85,55,78,15,20,91,41,7,51,6,12,79,73,87,90,4,55,94,44,65,9,60,8,60,37,2,80,17,3,17,22,67,57,43,87,1,78,64,44,98,24,53,28,22
13,80,17,52,96,66,74,52,54,99,93,95,69,28,62,80,19,20,6,29,38,1,82,41,32,91,15,38,65,86,71,61,47,54,11,9,57,89,48,20,26,64,48,17,17,58,13,71,42,24,15,94,92,53,29,33,65,92,6,22,100,52,52,76,71,83,67,57,81,80,100,67,79,84,59,59,51,72,45,73,51,50,59,20,32,13,28,95,37,82,31,53,22,69,86,44,79,96,49,67
97,18,62,74,11,34,14,91,18,85,75,63,81,21,25,55,69,47,97,14,88,2,78,44,39,79,5,6,100,14,50,100,15,62,55,81,68,4,7,55,27,68,55,90,55,24,16,73,31,23,39,41,48,3,62,88,61,85,80,21,41,77,50,71,5,76,21,57,89,3,97,9,37,17,5,20,47,83,82,76,12,29,36,82,56,23,91,10,93,70,17,70,88,21,66,85,6,71,96,6
3,13,90,6,100,98,48,20,25,20,52,15,59,37,96,92,75,74,63,93,16,47,89,21,80,100,43,41,93,84,37,86,88,33,40,42,100,77,62,54,9,21,66,73,75,5,81,9,76,47,99,53,82,18,17,90,15,86,33,69,31,9,57,75,87,57,87,4,91,46,13,2,58,80,43,72,30,90,28,85,68,45,84,98,26,92,10,93,56,40,8,46,100,18,21,19,51,39,91,57
15,17,21,54,75,6,49,55,0,99,90,21,75,100,9,91,92,50,12,56,97,15,64,84,39,53,6,72,15,83,50,3,9,95,20,91,3,23,13,2,62,77,66,78,67,17,2,71,71,90,5,8,77,29,40,49,35,91,86,32,21,61,44,57,78,4,40,2,59,36,13,91,24,98,22,22,98,48,80,23,47,96,20,10,94,2,90,79,8,22,23,25,65,88,18,1,32,79,50,19
51,84,12,11,98,21,96,11,7,1,11,18,10,18,2,62,48,10,93,100,26,66,15,85,25,19,66,94,46,31,81,14,69,14,62,10,46,94,100,36,2,5,4,75,47,78,49,24,8,84,83,21,83,21,0,11,15,4,58,52,85,57,78,79,45,19,90,36,72,31,14,57,5,36,94,92,66,20,55,86,82,20,93,92,32,45,65,61,20,40,74,90,75,89,11,3,2,58,86,39
97,41,100,11,38,12,48,82,65,34,22,64,79,53,11,23,85,17,98,50,3,23,49,6,4,5,33,7,59,64,17,55,65,92,30,43,47,56,49,25,66,61,4,45,91,9,9,50,88,31,6,9,71,48,83,67,0,43,50,88,86,22,85,34,53,71,44,5,54,44,22,60,51,23,3,58,54,97,20,70,63,37,99,39,77,80,37,52,67,60,24,16,9,64,64,61,77,92,32,85
35,72,7,44,42,77,85,99,12,84,92,62,93,51,49,29,100,26,31,2,4,35,94,90,45,29,68,8,58,0,58,48,92,76,73,84,83,21,90,46,67,22,47,42,53,88,7,43,59,88,56,0,44,94,14,55,86,35,5,37,11,86,6,1,16,73,11,98,40,60,23,61,88,15,43,52,26,44,1,25,45,71,78,33,49,26,51,66,55,47,99,7,26,61,1,56,83,55,69,21
88,56,1,98,2,82,61,37,72,19,93,95,68,77,33,35,62,43,77,67,100,0,53,15,44,94,54,62,6,51,77,67,71,75,24,48,28,49,36,34,72,0,90,67,68,18,73,74,52,96,68,66,86,65,17,98,45,46,95,27,58,25,78,97,72,42,53,99,42,67,34,77,7,23,31,17,10,79,11,34,76,17,49,97,74,9,52,18,54,12,60,0,40,7,29,16,70,96,85,61
94,73,33,49,67,65,65,24,36,14,22,59,67,9,21,65,22,45,75,38,74,23,57,57,54,42,56,32,41,78,38,17,27,15,54,24,50,89,24,65,75,31,84,55,25,41,20,35,59,58,12,47,66,28,53,22,38,13,69,3,26,47,19,3,34,78,28,33,35,85,73,14,95,57,75,7,75,31,17,91,80,97,75,29,94,78,0,1,3,71,69,36,19,4,26,34,83,63,93,61
45,87,44,54,35,72,44,24,79,91,38,61,51,33,93,79,59,33,46,55,87,67,54,43,97,48,96,63,71,57,87,75,67,37,29,74,68,63,69,88,45,94,65,26,19,68,57,97,41,88,4,3,20,15,20,30,25,82,47,6,85,99,80,93,73,56,34,39,54,78,58,32,65,9,26,77,5,22,47,65,32,73,4,11,64,90,8,85,91,43,54,61,16,1,2,98,32,71,58,33
66,76,17,43,11,97,97,54,73,4,41,52,39,73,1,69,55,17,48,98,43,12,62,22,40,83,27,93,47,53,68,30,37,92,49,2,50,95,37,86,10,11,23,67,25,59,45,98,90,100,98,62,88,59,32,67,24,74,3,94,18,75,36,20,15,95,23,4,0,6,93,89,42,92,9,74,9,30,42,56,3,23,29,80,61,55,67,38,65,2,9,31,45,24,9,69,78,54,87,22
19,18,39,27,86,23,13,13,27,70,59,48,85,18,82,29,81,32,86,91,74,93,63,74,77,1,37,96,66,44,2,66,69,80,82,79,68,32,76,65,73,41,0,38,93,14,43,86,42,79,87,21,87,0,20,60,87,66,49,49,61,59,40,33,35,41,6,46,7,23,18,72,92,65,70,31,55,20,52,53,32,43,86,33,51,52,13,31,53,43,8,87,83,6,42,99,77,15,77,87
82,38,22,38,9,83,56,7,45,48,95,31,10,67,98,2,11,15,7,32,19,82,20,99,24,99,75,71,48,52,76,43,18,74,14,35,54,49,96,37,20,97,9,27,58,48,20,49,75,54,57,99,35,11,96,22,88,50,69,83,44,6,49,8,83,82,45,49,54,22,40,38,12,59,97,8,43,10,82,37,40,11,26,28,8,13,65,22,38,16,63,43,35,46,7,16,89,92,43,43
23,96,76,63,65,81,35,71,62,71,63,46,42,100,94,55,99,48,87,94,42,63,57,36,76,28,56,75,73,48,57,47,78,81,4,24,90,96,35,90,48,63,28,70,73,63,29,82,71,69,26,0,4,42,50,21,52,41,14,86,36,58,84,7,77,82,98,94,21,74,34,91,74,54,91,66,88,5,10,17,0,0,85,77,75,19,71,48,40,90,61,59,26,10,31,39,85,29,23,43
55,50,16,84,60,35,61,19,68,68,21,51,60,10,81,72,98,0,68,55,22,51,9,26,46,1,31,43,96,49,36,15,53,79,40,58,62,81,10,76,78,89,27,17,24,10,99,28,50,5,47,53,9,61,84,65,94,24,90,74,2,70,75,15,53,42,90,46,92,54,15,89,24,67,92,73,28,67,38,58,100,74,7,62,1,25,29,64,1,89,95,2,24,30,28,79,72,62,57,92
59,70,18,61,15,0,33,65,65,94,1,32,98,2,59,67,71,44,58,53,45,18,45,72,32,30,52,77,13,25,32,79,67,78,6,79,30,40,34,21,28,31,91,28,8,5,88,59,48,8,80,23,58,65,47,45,9,97,59,85,5,38,62,30,59,64,61,46,53,50,35,72,51,52,89,57,45,17,46,53,31,54,67,65,89,97,49,49,8,32,88,82,52,64,17,26,18,42,14,72
78,52,48,0,15,95,46,91,80,77,66,60,25,32,37,14,100,96,15,50,66,97,49,70,78,77,52,34,67,50,83,19,3,64,86,82,65,35,61,12,46,32,68,88,18,21,83,1,16,72,24,38,62,17,62,53,5,54,81,60,38,79,33,30,16,66,8,58,95,99,44,44,55,82,27,78,84,52,31,42,38,44,80,91,16,80,50,87,49,95,7,32,93,55,70,98,53,33,53,48
86,55,60,71,24,12,6,19,48,59,4,61,28,32,85,71,18,96,29,13,55,33,12,7,67,33,6,78,42,78,62,13,2,58,82,93,22,60,43,22,23,22,60,75,60,8,83,75,14,18,62,22,63,87,61,44,57,57,2,46,84,83,74,96,80,0,55,36,53,20,36,72,54,94,89,58,32,61,15,69,60,68,91,32,34,2,98,70,37,46,77,0,12,5,90,5,87,55,56,3
75,54,6,63,34,87,97,49,98,58,96,81,76,4,68,63,100,56,51,22,29,34,78,5,64,56,17,7,48,30,93,3,33,74,30,7,40,81,84,7,1,42,98,96,12,89,89,65,3,38,30,79,81,63,74,33,21,64,32,97,77,36,93,37,11,61,6,5,55,19,21,80,98,67,51,76,45,78,77,76,64,43,14,100,24,30,93,75,84,57,86,10,86,1,17,56,54,55,86,61
95,9,78,56,30,8,13,52,6,44,37,26,47,95,10,48,58,96,23,61,92,85,86,35,94,34,58,95,61,39,61,12,79,21,23,25,14,1,78,48,39,86,42,33,31,14,8,13,74,75,43,66,97,45,13,5,72,48,67,68,15,94,44,19,30,24,68,91,18,82,86,1,15,56,33,32,65,100,22,51,59,40,45,9,16,62,15,46,98,94,95,62,21,46,36,10,40,8,46,100
64,89,26,18,87,74,27,68,87,91,47,25,77,54,88,39,68,11,62,79,32,16,78,48,83,62,85,78,9,58,18,93,81,99,45,5,34,40,51,76,47,96,14,22,27,66,75,100,54,55,96,52,87,80,78,65,32,8,90,44,58,19,18,62,0,48,80,72,8,75,52,27,17,90,90,10,41,44,95,46,41,72,68,59,63,78,17,78,34,50,34,8,56,52,93,76,99,2,18,0
26,93,99,27,51,76,94,67,29,3,4,12,31,24,98,5,39,77,18,35,28,21,24,19,91,99,4,8,20,8,29,95,27,87,9,6,74,45,62,97,57,50,49,87,36,99,91,90,92,32,82,1,35,94,24,72,86,78,81,58,74,7,30,40,79,42,67,69,86,70,49,27,78,97,96,99,92,63,95,5,57,13,3,26,13,72,16,68,34,29,98,76,49,47,18,26,17,58,61,95
68,30,58,17,4,18,33,33,16,78,58,40,16,98,26,54,28,24,1,63,59,71,46,76,75,50,0,62,7,34,84,74,71,100,56,27,76,44,95,38,5,45,21,89,32,19,67,33,0,48,20,50,21,80,34,65,13,100,63,38,11,20,95,96,17,64,92,45,25,35,51,2,73,30,82,43,49,91,17,78,46,77,19,64,57,29,34,33,46,8,76,100,29,72,49,93,13,94,74,98
97,50,6,0,27,79,59,18,23,40,77,32,8,63,62,95,18,93,47,19,46,13,1,96,48,68,76,98,18,8,17,3,51,63,87,75,41,59,1,96,86,71,64,92,52,39,6,41,0,61,93,4,53,50,55,75,23,25,5,64,76,90,70,47,88,80,74,65,25,45,2,64,54,45,16,45,51,27,76,89,30,76,88,2,6,51,55,32,65,100,7,72,71,53,60,61,28,36,90,41
28,87,24,76,57,88,15,51,34,69,74,94,90,56,89,9,45,59,62,41,73,4,76,16,41,32,0,9,85,33,81,73,10,66,3,49,21,80,44,85,91,64,82,68,10,77,60,20,27,23,30,86,54,13,26,96,53,48,3,98,75,66,20,94,66,96,63,29,79,2,3,29,51,59,96,28,70,33,13,7,29,10,97,96,38,23,50,57,82,78,45,67,29,79,26,76,29,19,91,49
82,42,28,58,15,4,42,30,58,30,45,35,55,81,56,73,93,9,39,71,69,82,74,16,98,61,8,18,84,84,60,99,69,90,12,6,89,82,100,3,42,50,40,51,10,40,75,32,95,45,16,7,86,24,94,21,6,51,91,1,31,87,14,79,88,47,58,78,47,88,41,23,50,37,98,5,54,79,75,30,39,22,36,74,59,22,100,93,44,50,30,28,43,87,1,66,96,50,82,10
48,80,18,12,59,4,71,24,54,56,17,72,29,29,69,43,13,12,60,8,59,74,4,37,49,52,71,62,59,34,35,22,49,25,31,12,29,79,26,84,91,5,80,10,76,53,48,97,26,86,87,52,42,71,37,71,12,7,7,60,13,97,83,78,85,90,62,1,36,41,69,12,47,19,26,98,18,62,47,33,56,51,82,1,5,73,83,76,38,60,31,61,93,17,89,74,35,37,57,70
16,4,31,9,75,13,79,22,29,71,10,69,17,56,28,2,76,82,71,54,91,45,60,39,10,55,81,9,27,59,43,2,25,10,40,12,44,64,92,61,3,95,68,7,31,48,64,2,82,70,75,57,81,39,99,96,91,5,61,93,81,29,59,0,37,24,33,25,6,39,52,35,62,63,69,92,82,91,97,96,23,68,21,30,40,6,15,33,82,50,82,5,22,87,35,44,13,12,79,91
6,63,75,85,21,60,6,69,79,34,73,21,98,11,86,20,43,59,21,21,36,27,25,58,18,49,87,0,54,6,29,10,85,51,100,64,78,41,83,57,84,92,58,21,77,36,84,38,80,51,48,11,6,35,99,75,15,38,38,28,86,47,61,82,76,69,19,60,54,13,0,38,38,38,94,50,99,71,36,72,63,83,19,63,70,18,37,89,94,64,48,77,63,11,82,41,26,94,61,67
15,18,33,28,14,85,88,60,26,59,54,5,39,37,16,56,22,55,68,45,85,98,25,35,49,37,2,75,84,69,50,58,23,59,66,67,77,34,41,39,44,52,28,95,19,71,60,17,74,50,55,100,3,73,26,10,62,91,36,24,20,97,20,11,12,93,51,21,58,95,71,63,100,26,53,80,27,19,61,74,2,20,94,46,31,74,53,82,14,63,11,8,79,94,8,47,64,2,90,89