17,51,62,31,69,95,11,94,32,19,48,92,1,36,60,23,67,41,34,87,79,39,12,7,98,78,74,74,8,1,2,85,37,56,43,19,4,26,34,44,14,100,70,69,61,71,61,73,26,3,60,1,61,50,78,38,1,42,7,68,33,85,66,67,12,37,33,49,7,69,46,4,87,54,39,59,62,1,91,92,70,55,40,14,3,32,9,28,43,29,56,13,17,52,48,51,23,82,33,64
44,23,2,11,93,21,20,31,70,33,39,19,46,64,73,17,64,45,53,87,45,93,16,77,36,43,69,55,30,45,96,16,86,72,66,58,58,63,94,59,94,32,100,99,90,30,34,35,34,28,46,30,96,91,9,31,27,7,83,76,81,60,22,100,10,24,67,97,66,10,11,87,92,84,31,77,28,11,19,28,10,92,77,81,56,48,64,27,59,35,72,7,43,20,2,18,38,35,50,4
76,50,20,16,27,41,11,88,33,61,8,54,57,45,94,27,64,80,48,59,79,83,58,30,82,39,98,43,91,61,74,15,36,15,60,30,40,21,50,68,56,3,93,24,43,32,37,21,60,12,61,68,72,53,12,83,97,37,52,15,9,25,50,21,74,62,21,49,90,39,45,64,4,52,21,84,34,35,90,73,8,30,77,78,58,94,49,43,41,64,86,90,43,4,24,93,16,74,24,75
65,20,34,73,32,7,0,54,69,22,1,99,54,100,84,35,43,55,52,37,7,77,90,30,10,59,45,28,43,68,84,12,48,67,48,87,65,51,80,57,37,70,53,95,29,80,100,67,67,61,55,88,26,7,45,60,79,24,56,73,26,24,75,63,47,85,5,55,29,0,86,26,68,66,39,28,6,4,13,73,78,6,92,97,0,47,39,64,83,31,37,79,3,36,40,24,95,59,19,72
42,13,32,63,21,37,12,31,31,56,91,92,20,41,74,64,25,48,3,86,65,35,67,47,97,76,58,97,17,51,71,62,67,88,68,56,87,51,78,55,27,10,31,58,100,23,19,67,37,70,50,55,31,46,31,3,1,30,43,12,5,73,89,3,89,3,97,70,86,42,0,25,30,68,75,78,25,68,36,12,20,20,35,30,35,36,29,57,30,80,84,35,61,31,20,15,93,63,64,88
57,99,25,86,70,33,98,43,78,34,23,31,87,65,34,100,90,15,96,19,9,14,59,65,34,42,100,76,88,56,18,72,9,23,7,3,63,45,2,82,72,85,44,71,81,65,91,51,56,89,81,89,57,53,81,69,65,32,10,5,33,6,73,65,11,27,73,76,89,33,29,4,26,71,85,79,18,8,68,77,68,23,78,71,24,74,92,41,58,35,81,72,22,51,96,14,73,19,12,6
90,51,78,97,84,86,32,30,0,69,8,22,92,59,43,57,27,20,68,55,77,79,63,24,38,85,38,49,86,96,43,86,9,76,46,86,38,60,51,56,64,47,23,32,71,77,76,41,9,66,12,47,99,95,21,5,35,100,38,95,96,10,7,43,65,28,79,38,76,17,45,65,44,13,69,54,55,5,14,30,33,87,54,79,59,72,48,83,83,77,96,46,9,38,56,8,70,39,6,36
92,68,96,76,95,64,62,65,86,100,25,84,1,7,58,59,49,63,11,86,92,22,59,10,4,20,6,82,58,32,79,14,14,97,80,36,41,35,47,12,49,14,8,41,76,28,32,86,67,8,100,68,72,89,89,49,25,7,28,99,93,61,52,36,35,93,91,56,14,71,14,1,31,41,37,95,25,43,73,88,72,0,46,73,93,36,13,79,69,20,67,84,39,23,38,56,51,75,66,82
91,20,49,74,2,100,63,93,50,89,50,14,70,73,80,17,54,1,71,90,77,4,0,86,84,24,90,24,45,99,85,75,39,68,99,46,32,15,54,54,12,8,28,23,45,80,26,52,83,39,29,90,80,72,77,68,51,17,74,91,67,54,35,38,34,50,100,9,80,94,100,7,3,43,63,59,24,65,42,54,31,54,13,20,72,20,61,37,49,43,58,11,32,24,71,49,61,59,49,62
5,25,57,71,55,46,33,94,53,71,47,32,8,45,35,42,98,14,91,82,53,30,91,13,24,80,16,10,20,99,20,43,88,12,11,66,49,70,22,44,50,36,51,8,38,68,20,19,30,12,59,47,85,85,81,43,65,92,8,87,92,3,47,36,51,24,56,38,100,12,93,60,71,16,47,90,52,32,32,100,84,11,19,36,9,65,57,64,97,85,91,68,3,13,74,14,3,98,37,13
82,10,98,46,67,93,80,46,11,82,81,40,40,72,96,4,92,55,71,11,87,57,1,59,79,100,22,40,12,86,48,87,73,23,40,86,7,38,38,82,10,7,37,79,40,40,74,33,27,25,37,81,27,64,95,13,46,58,52,39,80,67,44,7,55,52,74,46,4,98,43,41,40,96,96,70,86,7,82,37,14,65,59,39,31,18,77,48,61,28,67,29,28,78,84,31,14,68,23,45
88,9,52,30,42,47,84,95,43,29,83,61,30,56,32,48,27,77,65,7,79,49,10,80,83,92,84,38,69,92,18,18,60,10,35,65,82,41,39,21,65,29,62,47,65,63,57,76,3,63,41,51,27,85,100,53,79,94,58,88,28,50,21,32,42,2,0,36,55,48,79,60,52,100,96,37,59,11,6,42,40,65,72,80,8,63,0,31,21,77,79,6,75,46,9,49,42,98,29,9
22,56,92,100,44,81,68,64,90,28,61,0,99,7,29,71,51,2,36,48,93,93,75,16,71,17,29,12,12,52,9,7,12,83,33,63,52,14,63,7,66,62,19,69,54,11,29,0,89,94,20,95,1,78,50,20,71,22,100,44,15,25,70,49,95,82,91,45,32,6,38,36,58,21,58,54,5,85,63,10,57,0,91,78,14,45,1,2,65,36,5,54,27,29,39,89,87,36,43,77
5,22,2,34,47,66,73,4,81,9,8,32,41,55,98,44,61,65,69,37,18,35,0,68,5,3,13,98,91,16,1,66,61,9,100,12,98,98,27,51,39,68,86,49,4,98,16,76,90,19,96,21,37,1,34,93,72,44,25,39,44,93,69,80,33,23,64,13,60,29,50,82,68,0,11,9,27,68,42,2,30,84,8,97,33,26,79,67,60,5,39,36,40,20,77,23,26,48,60,37
93,4,42,32,31,48,43,7,74,71,89,22,21,32,19,44,65,70,74,49,74,42,72,68,93,47,62,17,18,72,38,98,46,72,37,26,82,73,29,65,94,32,1,15,14,87,56,13,88,34,38,21,94,63,55,1,45,32,67,4,26,31,27,77,23,96,81,0,80,78,25,17,65,71,60,4,100,8,93,22,61,85,31,63,67,61,12,34,90,37,94,95,98,88,0,45,40,72,92,86
32,60,25,42,23,10,97,77,4,5,83,72,11,45,22,45,22,30,0,24,66,58,75,33,42,74,68,19,42,54,64,83,29,98,45,32,30,70,1,5,30,68,94,97,50,85,62,45,78,16,23,87,97,26,7,50,91,61,28,90,91,93,44,80,54,56,57,18,25,96,30,67,51,36,29,31,88,97,40,31,49,18,91,22,66,66,31,42,81,17,77,91,92,82,82,40,51,87,15,72
91,41,14,93,16,0,48,7,37,83,65,41,9,81,34,33,19,46,37,8,74,0,62,95,88,97,86,49,81,94,100,42,25,38,16,53,41,6,88,76,49,30,80,94,6,33,100,92,82,12,20,7,3,42,33,6,23,72,62,32,76,10,72,60,0,13,28,37,49,91,61,90,77,100,70,38,19,95,82,49,49,52,28,67,94,1,9,32,30,31,14,72,97,80,32,41,56,88,60,73
76,67,51,9,2,21,40,50,16,13,85,26,82,34,72,83,16,90,34,17,91,86,58,77,10,38,39,89,48,46,55,6,60,85,17,2,97,4,49,98,51,85,47,13,17,82,94,40,51,91,39,9,71,81,36,8,6,33,71,19,74,1,47,0,6,100,76,49,26,48,67,97,91,11,75,100,65,26,73,23,40,5,37,19,11,13,0,35,46,31,38,30,35,35,30,53,74,31,8,65
8,59,94,43,20,41,47,47,56,15,84,60,86,27,83,64,43,13,21,8,68,91,33,42,40,93,20,70,25,49,94,26,24,0,85,61,8,78,29,43,72,85,31,46,28,27,94,9,10,86,10,99,16,31,83,40,89,36,41,62,22,62,43,92,82,20,36,77,47,13,21,70,89,24,72,87,26,22,95,32,55,73,19,17,3,57,70,30,15,11,25,4,48,24,81,99,39,94,64,78
71,14,17,79,45,96,13,16,44,25,89,54,39,30,94,10,49,57,30,21,22,23,34,73,50,25,2,54,12,32,29,98,98,94,57,84,73,48,82,43,39,18,29,39,98,26,26,67,96,95,67,55,39,12,32,3,32,92,54,38,51,88,16,22,2,100,59,29,100,96,38,84,37,100,93,27,92,6,23,98,71,23,43,11,23,66,18,70,10,4,52,63,31,92,6,31,55,66,44,71
1,66,44,47,54,100,20,54,19,33,26,31,54,70,44,36,42,3,19,52,70,66,96,13,71,88,79,81,43,18,57,72,22,85,64,15,68,78,69,79,46,87,78,77,34,96,35,99,79,3,92,3,76,57,100,80,7,91,92,65,88,59,1,29,39,32,13,18,76,97,5,0,28,20,69,40,64,75,88,84,40,2,23,37,57,19,83,7,91,39,40,84,73,10,100,43,50,36,99,17
38,21,50,54,34,49,31,1,27,79,44,21,64,83,7,73,17,86,67,35,19,91,41,95,15,37,63,57,62,89,39,63,2,49,80,20,51,85,75,76,75,6,38,9,58,48,65,71,13,58,1,15,88,26,10,23,26,74,82,30,86,57,15,85,8,50,46,1,12,34,74,74,57,55,95,89,10,90,46,47,28,98,65,14,55,77,33,47,5,46,14,2,35,31,5,22,87,42,37,58
68,38,71,97,7,78,9,60,24,95,63,33,29,12,32,58,54,94,44,22,53,1,90,11,59,69,6,38,99,59,82,76,10,80,92,66,41,88,64,65,74,63,80,46,49,47,97,49,53,81,68,13,88,86,64,17,85,65,59,39,5,66,74,75,49,70,60,69,2,62,100,46,49,51,32,1,75,71,84,70,33,44,10,4,12,52,53,49,2,19,12,70,75,23,49,89,63,12,37,51
74,79,75,27,38,41,64,5,23,52,51,25,55,50,33,61,66,20,58,49,98,76,20,57,39,3,15,80,54,95,73,48,72,22,24,21,25,63,87,40,28,67,20,33,12,31,66,46,33,8,39,45,79,75,4,66,55,99,89,98,36,95,26,16,47,92,83,71,40,37,95,53,72,5,47,99,27,65,34,15,52,90,3,43,57,78,25,96,82,17,18,63,32,19,20,76,86,27,90,63
23,50,72,68,42,44,20,8,21,91,86,55,64,58,84,23,88,50,19,0,40,65,40,15,20,15,81,46,14,39,19,72,40,94,15,21,38,94,67,64,83,57,32,61,29,95,34,8,25,46,81,91,49,44,81,97,39,54,56,45,6,69,30,37,60,56,33,76,44,12,68,95,63,98,41,77,17,26,65,90,48,53,88,67,57,96,94,22,26,0,98,50,15,84,31,45,83,77,9,46
19,59,53,88,16,36,42,10,70,74,48,70,97,46,60,73,62,47,36,25,23,10,28,92,12,33,21,2,76,90,94,68,0,53,5,86,80,65,96,32,53,55,93,53,97,32,22,81,30,38,31,39,13,81,22,7,45,19,84,16,41,16,48,64,32,46,77,41,94,75,6,39,37,6,6,58,85,12,4,46,10,14,29,98,21,98,7,50,20,95,25,38,45,96,62,16,62,1,57,16
66,9,83,72,36,45,40,52,35,9,56,97,29,44,75,70,72,18,7,58,92,4,74,27,97,5,96,70,3,39,10,90,19,13,30,86,57,28,58,91,16,6,87,10,21,17,8,36,35,6,37,58,2,35,61,74,73,12,2,4,33,8,80,69,98,86,44,34,71,41,39,89,61,68,51,55,23,100,82,57,16,2,85,2,91,99,8,7,19,55,59,61,9,83,20,59,83,2,15,47
81,35,56,14,36,57,87,50,32,66,100,1,22,27,64,28,58,65,70,58,28,13,92,95,20,19,44,12,25,53,93,4,34,65,15,79,10,61,68,36,15,38,70,46,67,21,64,43,2,23,89,44,74,16,26,27,18,51,45,50,35,70,99,43,25,81,87,17,77,50,38,40,39,71,91,28,83,50,85,86,12,38,14,18,1,36,15,25,8,43,13,45,71,64,37,79,29,40,95,53
59,74,50,50,1,71,41,87,81,79,48,99,79,19,93,41,70,82,88,70,89,17,33,73,44,37,81,62,90,81,64,55,71,23,45,97,6,89,92,98,53,66,80,72,3,47,41,30,26,22,49,56,65,20,58,83,70,75,76,28,40,83,81,29,91,71,36,66,11,3,35,63,64,55,90,94,23,96,38,47,64,39,86,61,89,81,88,62,73,22,16,100,33,87,81,87,36,93,64,43
79,45,54,72,98,23,42,70,61,14,21,9,86,7,64,26,71,44,100,69,63,55,27,66,36,72,1,76,28,87,32,66,74,88,36,9,38,36,48,1,94,42,87,9,71,76,59,46,45,89,97,93,22,40,98,77,62,64,33,37,14,33,79,6,81,21,100,3,75,4,83,0,28,77,76,31,52,46,24,90,27,53,36,68,30,45,15,12,49,40,12,51,14,18,72,28,80,41,17,66
35,23,89,55,46,16,97,46,27,46,60,71,88,82,39,99,69,42,70,76,46,10,75,46,8,93,84,25,20,42,46,24,38,66,81,31,64,19,59,9,99,7,56,31,41,58,64,73,59,33,60,75,35,6,35,98,76,16,16,45,36,80,83,18,90,70,91,39,14,44,49,95,75,2,46,58,0,56,99,40,64,15,30,25,41,35,82,58,39,91,21,1,83,10,49,20,75,53,29,5
100,53,77,59,25,0,42,43,59,18,59,47,43,75,23,92,2,88,41,100,33,90,62,14,7,14,40,0,25,69,76,21,80,37,80,92,18,27,30,21,8,96,96,39,43,2,74,45,19,0,9,59,55,96,36,21,56,75,66,2,72,71,54,21,35,10,37,71,16,8,88,86,68,73,39,37,58,44,29,73,69,87,76,4,65,49,46,79,34,93,89,97,79,27,93,49,86,11,52,11
66,67,62,60,42,55,91,17,54,31,65,27,69,36,11,77,55,3,6,23,53,89,52,14,7,61,9,48,51,66,98,74,45,17,57,34,55,58,64,0,62,33,26,61,32,69,0,87,72,18,46,99,10,25,60,20,16,46,85,6,98,97,77,12,69,51,67,14,20,69,51,54,30,50,57,26,73,92,83,97,0,79,53,89,73,19,59,98,30,21,78,9,97,29,73,48,43,20,42,11
41,10,89,52,83,53,73,58,45,64,77,63,28,49,37,67,88,65,13,69,10,12,57,82,85,10,40,1,17,90,68,8,21,42,57,68,77,85,8,13,36,4,0,2,11,12,75,8,8,56,28,100,38,76,1,44,34,82,11,88,51,25,3,7,66,67,98,30,59,86,62,4,31,94,58,53,53,61,72,75,73,28,62,5,13,0,54,9,2,37,0,1,83,61,60,92,50,68,79,1
61,66,32,40,2,54,100,81,28,20,54,77,41,28,44,33,35,86,89,79,69,53,68,87,85,0,30,96,40,23,35,98,56,31,26,8,0,49,59,77,11,59,59,81,20,39,92,64,85,3,74,19,97,91,62,48,56,45,24,94,2,3,10,81,68,6,10,32,87,79,6,77,15,76,88,41,28,48,36,12,58,69,54,91,84,97,73,51,48,75,80,46,42,99,70,0,32,57,7,20
11,11,67,42,76,94,11,32,63,23,30,9,69,8,95,92,78,85,80,95,75,24,54,99,39,97,25,28,16,33,30,55,75,89,76,97,68,6,83,78,52,76,11,40,39,87,99,88,22,8,55,75,29,78,71,45,38,91,4,56,87,35,74,95,46,29,78,77,38,93,1,44,28,72,96,55,92,5,17,28,39,64,25,2,15,74,65,47,50,9,29,16,4,1,46,55,83,2,34,5
5,43,78,67,53,36,22,85,62,64,58,31,76,86,95,80,90,75,26,47,49,17,100,81,3,5,31,79,49,17,13,12,42,12,19,67,76,88,82,27,88,18,11,95,73,49,1,13,100,13,6,59,87,78,42,46,45,49,50,43,15,43,69,6,12,48,77,32,99,6,24,9,3,99,2,21,71,77,18,9,32,11,95,41,8,8,4,5,83,73,24,87,56,52,65,87,88,9,68,84
9,5,77,56,25,92,82,90,98,92,25,54,52,62,38,31,45,50,26,53,64,59,86,80,71,43,33,4,11,34,25,91,83,36,7,46,52,72,33,44,10,68,75,92,51,74,49,51,71,13,6,47,61,35,53,2,58,92,71,25,76,33,18,76,29,34,45,8,85,69,17,58,29,32,2,98,23,84,47,90,86,93,99,31,35,39,19,89,5,90,47,34,55,55,63,38,56,69,84,17
26,64,70,79,40,2,95,37,73,31,41,51,62,26,59,71,3,90,70,14,67,74,23,0,71,13,72,1,79,77,25,99,27,76,79,45,82,78,28,54,16,3,11,16,74,59,100,50,14,92,14,95,46,26,99,90,29,25,100,39,16,68,31,69,43,50,19,23,48,51,33,89,4,83,46,40,13,55,55,100,59,37,14,40,74,91,91,86,36,40,49,16,32,99,95,0,44,73,50,79
34,22,5,76,31,18,30,47,78,84,56,51,71,93,100,78,42,64,36,50,11,99,53,51,22,76,48,97,46,21,94,88,88,100,81,90,92,74,94,96,54,94,41,53,10,12,90,4,94,76,98,69,28,25,44,33,82,60,57,13,83,17,23,37,85,7,76,14,20,19,40,5,18,17,96,47,67,64,56,56,20,8,20,85,36,26,25,98,11,80,30,40,69,51,8,73,65,50,75,2
65,97,83,93,31,87,0,83,59,82,21,36,7,2,14,2,48,40,58,6,83,54,65,10,57,50,70,34,50,43,11,45,16,22,17,78,4,44,40,42,94,10,90,42,67,74,15,40,72,67,65,95,37,59,63,83,93,10,19,82,16,84,76,46,60,39,7,22,54,96,87,57,22,58,81,35,71,24,11,81,91,4,98,31,64,93,92,75,80,79,44,75,10,94,60,91,94,44,71,58
5,36,3,43,43,30,75,34,89,59,6,32,5,86,67,85,47,65,82,10,49,28,22,50,50,4,39,10,2,18,100,43,51,56,98,2,14,86,20,45,37,64,76,34,33,15,65,1,56,27,93,90,84,57,2,33,56,45,33,96,100,46,48,70,7,26,17,97,34,29,35,34,80,17,36,78,82,21,79,23,81,70,8,83,28,9,40,96,33,59,35,49,97,85,96,29,43,97,28,95
10,34,19,63,22,96,77,46,100,30,99,84,53,65,86,84,32,99,69,30,78,11,69,67,63,39,82,97,11,29,5,75,45,44,65,0,43,16,62,84,90,33,78,12,80,59,90,97,2,21,90,45,83,70,38,33,30,64,8,56,74,76,44,9,92,41,57,22,15,74,60,74,21,84,33,67,71,16,87,50,16,43,56,7,9,61,53,70,31,95,41,25,85,90,70,96,95,98,95,47
22,87,45,1,51,26,95,31,27,92,25,66,95,10,22,31,79,34,78,90,40,85,68,60,81,89,54,9,99,73,66,78,71,86,19,24,45,86,86,74,77,59,7,38,61,2,35,87,71,0,0,50,32,20,87,80,73,62,43,88,64,39,73,54,9,28,69,47,3,40,92,19,42,35,22,22,68,9,28,80,33,47,95,43,80,52,78,79,40,55,10,51,58,14,77,63,68,38,2,74
41,0,16,5,35,70,95,44,5,16,63,75,21,82,69,85,34,62,27,5,25,60,55,34,81,17,85,37,24,18,57,18,100,61,38,20,93,0,8,69,54,78,80,38,0,21,32,29,24,33,100,61,3,50,12,46,35,19,99,65,63,24,43,78,62,81,22,15,88,98,83,97,10,46,82,21,65,68,69,46,16,82,97,99,72,91,33,48,62,79,51,56,79,85,37,98,97,2,10,0
50,17,50,91,53,20,34,13,90,87,40,3,21,49,32,66,85,47,76,20,21,64,43,86,76,34,11,22,15,20,51,38,67,21,77,56,66,26,88,90,10,13,74,26,56,46,14,100,79,66,98,84,94,72,18,72,3,27,23,99,43,9,39,13,80,62,54,52,52,90,37,95,61,21,97,26,50,3,22,28,83,26,34,97,47,90,35,87,32,75,98,71,7,94,41,94,5,1,88,23
50,48,75,77,15,29,71,40,11,53,37,1,84,61,70,40,82,14,29,4,81,58,42,56,32,93,91,55,89,57,96,70,83,70,61,82,83,42,38,0,92,45,34,65,41,34,81,80,81,10,79,19,44,15,64,100,29,26,25,16,75,65,35,21,69,95,89,100,71,9,6,85,62,64,62,100,92,44,86,68,60,6,38,13,95,29,67,51,71,72,67,46,55,44,75,72,8,6,41,59
37,95,18,91,67,19,0,10,70,91,11,59,13,56,0,79,86,56,81,84,63,11,69,4,13,96,71,17,29,18,34,73,48,23,54,89,58,95,83,52,82,9,30,84,53,4,54,18,29,20,81,78,87,85,11,32,70,11,9,16,82,40,58,53,40,89,9,12,21,62,60,16,50,59,3,35,50,10,56,14,86,55,5,8,20,20,77,69,73,58,34,22,45,97,51,48,22,78,70,85
83,5,94,89,84,84,71,83,36,67,55,84,46,59,73,9,31,88,71,48,35,28,40,42,75,96,49,62,0,58,40,74,67,90,72,89,2,96,58,52,99,86,90,23,99,16,55,98,71,59,37,23,86,89,41,88,14,97,14,42,46,50,36,51,22,3,63,60,22,77,17,17,13,24,74,68,16,8,50,87,66,11,68,59,39,24,12,33,58,83,15,50,0,97,36,54,57,80,59,71
70,37,85,38,89,23,6,84,10,85,95,64,28,91,34,57,98,62,93,24,39,52,17,66,65,2,11,25,16,21,64,62,18,35,34,56,70,54,42,75,37,33,17,64,92,69,1,5,56,39,81,49,35,94,55,11,34,13,49,44,0,5,97,31,94,41,90,69,40,9,92,6,87,84,62,43,83,81,19,34,70,96,63,41,19,25,9,61,16,33,21,48,75,18,66,93,95,5,10,47
44,37,19,66,48,36,39,21,61,43,80,84,94,1,70,18,92,17,58,56,55,50,62,75,5,64,31,22,47,40,86,60,62,35,22,81,2,53,19,6,59,20,79,77,28,100,8,77,18,28,40,95,62,71,84,69,29,73,57,31,2,25,48,5,33,59,16,79,83,18,38,29,52,64,18,26,32,61,68,8,79,5,13,29,63,60,76,59,84,18,64,25,71,15,49,99,11,40,31,77
97,50,77,74,73,75,65,72,95,47,41,43,100,41,83,47,65,36,80,69,1,5,1,90,23,51,79,85,34,40,38,81,97,9,87,94,74,100,88,11,76,57,40,83,49,97,76,7,39,17,27,78,33,69,85,90,65,69,24,10,46,4,55,1,38,60,73,8,49,45,2,61,25,90,93,32,73,29,86,22,61,51,48,25,51,82,76,30,46,92,73,51,63,66,99,89,50,20,0,51
16,0,81,50,85,45,82,17,4,43,70,29,67,35,54,25,0,97,89,16,45,42,42,55,64,73,87,16,47,33,30,90,56,42,87,99,39,55,72,82,24,32,47,31,71,54,96,99,86,48,0,20,33,94,72,36,47,57,82,44,30,3,85,7,74,14,3,24,64,72,47,44,60,48,45,21,23,75,57,90,0,84,36,9,90,91,2,83,88,27,34,34,24,13,19,66,46,16,43,40
49,85,80,88,45,65,90,76,80,93,27,16,24,49,97,100,71,31,59,93,4,10,77,63,56,89,99,61,79,5,32,64,40,37,42,8,65,79,20,36,16,2,99,28,1,75,38,97,84,84,20,57,30,59,18,10,59,75,8,83,76,84,41,22,0,32,76,90,1,6,75,89,33,10,63,53,10,83,42,28,53,65,16,88,14,39,54,44,37,62,65,11,38,96,56,95,18,20,6,92
55,60,68,63,38,43,31,39,85,4,39,22,51,19,64,8,82,87,17,38,38,38,6,10,32,98,29,92,73,43,5,39,26,59,43,75,25,10,5,55,91,77,6,58,24,61,20,11,100,85,61,35,56,15,23,21,13,35,89,74,86,40,33,61,29,46,90,24,54,70,50,69,68,2,97,84,29,85,24,77,98,58,5,35,46,52,79,18,45,20,57,12,83,100,80,36,71,92,68,91
99,59,59,13,10,90,90,41,38,32,99,98,60,47,85,10,91,6,37,35,69,99,28,47,23,14,27,11,22,7,33,82,15,65,65,44,28,72,67,34,1,35,16,13,63,66,73,92,12,80,77,14,30,3,93,77,1,77,69,93,47,17,15,100,43,53,94,57,38,61,72,53,33,42,83,87,51,61,55,87,97,7,81,30,54,48,73,93,23,49,53,92,1,73,65,28,72,10,93,28
70,89,60,24,83,7,1,52,6,86,48,9,92,99,78,70,100,16,0,12,52,82,26,82,67,43,6,67,41,29,43,13,1,63,18,28,11,38,64,98,51,67,40,62,19,45,83,6,95,2,29,24,11,23,89,51,44,74,85,27,29,35,90,60,25,16,27,66,22,12,74,88,65,27,43,42,84,29,18,89,43,26,39,85,67,67,2,29,3,69,98,53,95,98,43,14,1,98,14,56
86,0,71,100,66,39,33,41,3,29,66,24,92,33,79,0,100,71,37,50,44,86,79,9,48,64,79,57,35,8,17,26,95,3,93,59,90,27,71,60,95,59,38,72,39,55,69,53,29,100,75,48,48,16,60,33,76,74,45,48,64,11,48,47,52,89,83,42,97,9,61,90,81,77,95,24,21,41,30,71,22,18,39,9,77,50,40,20,78,30,6,34,92,99,63,20,37,14,4,87
88,10,40,49,48,50,19,42,90,63,50,20,54,87,62,4,53,49,50,88,59,10,96,81,86,28,5,74,100,0,21,37,36,93,46,46,17,8,66,54,7,65,28,42,11,28,24,37,62,73,71,86,85,7,64,39,37,21,11,96,11,21,6,84,29,28,45,66,40,34,88,5,15,12,12,12,85,37,33,47,85,32,14,45,33,26,53,32,46,52,70,21,21,35,20,73,9,41,47,77
57,73,46,75,62,1,7,42,90,66,30,98,55,43,60,24,68,53,96,69,76,41,69,60,2,27,16,92,23,97,2,5,98,37,91,42,83,26,28,82,75,5,100,53,42,46,25,15,79,1,48,15,68,78,60,65,96,60,0,49,89,14,88,27,26,0,74,92,67,12,35,46,90,9,92,80,46,1,38,17,9,0,17,67,100,25,78,28,82,13,40,4,27,68,43,85,86,96,98,43
1,66,13,91,72,26,1,54,94,94,22,57,78,90,20,39,6,30,65,90,10,74,55,68,33,40,88,16,54,2,94,97,71,8,74,91,17,90,52,42,90,42,47,43,6,37,82,29,15,95,94,59,72,76,51,69,84,59,28,37,50,38,31,45,42,40,13,71,4,67,59,98,95,93,26,80,84,98,41,37,76,20,41,96,21,60,41,26,7,64,47,55,50,20,80,56,58,85,82,51
96,23,59,54,51,16,14,55,24,75,9,76,45,1,86,45,48,94,45,52,26,44,37,97,32,40,79,34,73,76,19,66,27,74,4,28,47,18,0,34,37,88,56,84,67,19,77,80,19,64,78,83,75,71,82,12,52,62,33,16,38,71,40,38,73,99,46,95,39,66,64,51,61,16,17,91,4,78,99,9,93,61,14,38,25,91,50,97,33,100,56,18,76,75,43,24,94,90,50,12
47,100,94,90,66,66,30,21,36,26,13,73,7,86,18,91,66,32,44,13,81,32,49,48,31,44,75,35,45,79,33,34,24,42,81,0,91,26,27,57,80,1,49,82,61,15,27,79,69,4,23,1,97,2,87,60,85,52,90,38,93,9,36,16,68,3,12,70,46,29,82,56,69,44,81,70,24,25,61,33,83,43,11,54,19,58,83,83,64,74,1,92,87,30,5,48,87,22,65,55
78,4,0,60,55,73,46,21,33,62,7,87,58,34,38,75,90,45,77,63,62,19,100,24,17,15,42,34,29,69,56,5,30,89,1,87,67,93,29,27,35,72,22,41,39,86,40,27,57,41,13,75,83,100,76,69,13,90,36,25,82,25,96,32,36,3,63,73,11,93,4,35,81,65,67,71,34,86,23,99,31,66,27,87,8,0,72,43,12,18,69,78,9,59,61,61,28,100,73,85
42,3,3,55,51,100,93,97,69,84,82,82,77,40,98,32,68,35,9,41,48,39,7,29,87,98,11,68,44,36,28,92,93,18,94,43,98,96,10,84,46,12,53,25,53,1,8,66,66,75,79,21,97,85,25,59,22,49,39,21,64,76,54,23,68,61,26,58,59,71,21,46,32,69,72,21,74,93,52,34,71,40,92,19,74,77,48,26,53,55,55,85,75,42,19,96,17,27,63,39
11,10,16,2,44,19,18,58,49,64,2,94,87,87,42,93,13,22,79,99,2,73,8,75,65,6,21,56,55,28,5,90,33,22,88,50,29,42,52,46,87,23,66,20,39,51,22,89,99,63,56,87,52,52,95,84,24,37,64,54,31,43,34,57,7,7,26,99,14,11,61,81,83,86,45,6,94,13,38,19,98,83,28,86,25,48,15,2,57,1,11,35,74,26,61,74,20,85,6,95
82,31,47,5,91,4,10,22,11,9,25,40,66,72,71,93,83,13,44,78,24,46,80,25,32,3,57,70,99,85,27,31,90,93,9,43,80,11,12,26,19,95,55,18,28,76,70,23,25,57,56,93,64,81,23,18,64,74,81,23,23,39,72,34,70,40,77,79,29,99,41,7,30,85,93,21,55,31,50,84,9,53,23,10,16,97,27,90,1,26,86,25,8,97,77,46,90,6,71,29
93,67,25,80,19,60,93,99,89,62,80,81,22,87,38,0,11,52,60,39,9,55,68,93,59,3,15,58,36,73,2,89,76,52,34,39,98,39,40,8,12,78,69,9,60,11,81,5,0,47,7,23,16,66,21,59,72,76,28,93,62,20,88,71,84,40,1,85,89,33,28,3,47,66,73,97,52,83,51,79,53,73,56,0,7,1,26,75,89,25,43,48,100,19,57,98,4,50,19,1
17,37,23,43,37,13,37,8,2,90,42,88,29,77,17,56,19,48,46,27,33,35,82,88,75,81,99,20,55,95,73,90,93,27,47,33,61,20,74,65,9,97,84,69,57,69,50,52,92,62,58,31,40,18,64,82,70,16,28,5,31,63,60,0,7,49,1,52,95,7,67,63,22,99,61,16,61,39,7,86,28,57,15,55,91,37,57,46,10,89,85,72,86,75,55,21,60,81,55,95
85,51,98,70,58,19,100,73,87,84,70,92,93,93,3,97,12,35,72,74,51,70,26,24,74,67,37,43,33,17,98,78,4,72,98,93,31,20,43,70,49,87,44,42,81,54,100,40,52,1,73,43,8,25,37,45,44,15,72,13,76,88,21,97,20,97,67,80,57,48,34,69,46,0,13,60,71,62,80,3,43,79,35,93,49,91,68,79,75,60,100,79,58,62,81,25,56,97,45,19
1,8,24,32,8,68,68,9,90,62,25,99,85,19,89,51,21,83,93,44,99,15,29,3,53,70,67,54,78,48,64,79,56,73,56,8,99,44,25,91,5,47,76,42,25,18,95,75,88,64,22,19,60,51,26,58,54,39,13,24,29,27,33,90,67,34,53,34,6,42,73,71,71,27,40,100,53,9,2,74,63,64,37,49,67,12,81,25,56,1,20,74,32,45,30,5,3,58,25,34
89,91,97,6,64,0,30,88,11,72,9,88,14,13,93,86,42,33,63,54,43,48,16,65,23,96,14,87,51,17,8,9,39,32,70,82,7,78,70,100,3,36,98,46,95,82,41,11,12,20,12,11,86,10,15,89,42,14,19,14,73,13,27,21,53,60,41,26,60,70,59,75,37,46,35,80,15,69,93,2,25,85,66,21,44,88,78,42,74,92,70,61,70,91,56,100,48,90,63,34
39,26,28,37,87,65,43,86,54,96,29,1,8,1,81,87,95,36,11,42,45,80,30,86,30,72,37,66,100,33,27,24,62,59,14,71,9,28,78,93,8,30,60,95,22,22,29,25,50,45,67,12,6,68,75,34,90,40,70,81,11,37,64,31,27,2,4,77,60,29,3,98,35,24,82,94,20,73,5,95,47,84,38,9,42,80,7,65,96,90,8,23,11,4,89,54,72,21,30,93
78,90,34,24,79,49,94,65,81,24,94,78,73,66,48,69,21,4,2,58,17,11,91,0,86,0,40,30,34,46,67,9,19,29,72,20,41,69,55,66,52,62,39,83,84,80,75,32,73,10,6,93,70,88,63,35,100,34,98,36,90,65,96,92,28,6,85,41,37,54,65,3,69,68,35,25,43,31,83,84,23,12,57,59,43,29,42,17,12,27,28,92,99,69,5,21,42,58,82,68
77,69,35,67,51,79,21,98,65,36,32,33,46,16,42,75,16,50,53,4,44,28,70,27,2,55,71,93,69,33,61,28,10,20,71,2,42,17,51,13,38,40,89,16,66,76,65,36,1,46,28,100,8,38,100,25,51,70,16,42,84,20,34,37,30,40,84,91,100,26,49,45,32,67,77,78,35,74,8,66,40,85,85,17,90,12,35,65,1,80,90,92,49,67,94,66,59,25,37,47
15,45,13,45,28,5,74,12,34,21,27,82,98,56,62,68,36,92,53,83,20,93,30,59,45,3,40,93,41,86,70,73,65,0,3,0,89,13,89,1,75,48,28,90,77,81,27,57,80,58,47,15,51,65,74,70,38,76,88,18,88,94,31,34,28,3,47,87,20,2,43,73,15,11,23,19,74,1,3,80,80,91,0,42,69,80,57,86,44,48,98,16,12,66,44,73,25,62,35,20
77,77,33,5,41,52,86,61,53,10,28,79,57,74,97,29,77,78,91,38,75,79,95,96,44,46,14,64,75,42,47,61,43,47,73,22,11,80,72,34,4,22,96,14,78,35,94,52,76,6,5,41,93,97,86,32,88,48,29,18,60,16,88,26,46,78,48,43,18,25,64,25,49,24,91,19,63,18,11,53,41,2,65,4,8,66,61,92,76,2,17,33,86,23,59,21,62,76,50,72
9,76,61,45,0,12,59,35,61,64,1,24,68,26,13,66,53,21,50,9,82,4,97,31,80,8,100,69,93,87,93,23,58,83,18,97,22,19,7,68,44,65,39,34,45,66,80,61,3,55,60,83,64,40,33,47,53,30,96,77,16,22,86,17,21,88,3,92,86,80,51,63,53,56,26,26,21,15,65,25,62,36,44,30,29,80,46,11,37,80,0,15,7,7,92,24,71,44,68,91
40,8,96,25,87,30,92,68,93,48,74,37,10,91,48,49,84,100,46,41,1,20,6,11,53,13,86,90,33,7,42,82,29,74,92,39,32,76,43,48,90,71,66,100,25,81,41,44,52,22,52,25,74,12,51,50,69,42,58,86,62,53,57,59,96,4,43,15,54,57,60,41,49,33,67,49,94,89,99,57,80,54,57,100,17,80,79,27,40,0,80,22,93,64,6,29,78,64,52,70
73,31,21,4,24,96,45,82,22,1,55,99,33,30,32,60,76,82,67,66,87,13,64,88,91,22,58,11,72,63,52,37,56,1,50,64,41,6,75,47,61,93,69,36,2,10,60,76,47,33,70,18,76,33,12,50,12,46,17,28,17,33,41,75,60,6,47,85,68,60,57,99,66,30,6,18,19,60,21,73,25,96,70,3,43,73,93,31,38,86,86,35,4,19,72,36,61,40,3,46
32,10,10,97,41,3,21,53,33,83,29,68,56,10,68,87,70,97,98,30,17,80,90,23,4,34,10,96,85,17,13,4,68,87,44,81,8,99,75,99,40,54,37,29,36,16,96,19,98,44,42,77,27,94,87,24,98,53,57,8,49,29,37,70,58,10,8,100,98,31,5,57,81,71,52,85,33,49,54,42,62,19,10,32,69,59,41,73,36,70,44,3,26,34,19,12,17,6,32,28
86,82,52,92,72,47,26,77,79,11,46,96,66,59,43,37,53,100,24,73,22,55,3,31,47,14,9,82,84,96,62,18,10,40,43,78,29,49,46,4,37,16,85,14,76,99,91,75,16,6,63,97,82,9,73,74,53,94,26,62,95,58,77,28,100,80,35,49,55,23,30,20,92,96,78,16,22,1,64,44,32,29,49,97,14,95,86,43,18,70,73,69,26,88,73,78,68,83,36,15
75,91,29,99,87,95,88,45,12,89,54,47,9,20,9,44,41,72,74,74,97,77,52,75,11,95,86,1,67,41,78,15,87,10,68,47,90,86,49,28,49,29,64,41,53,40,10,8,31,2,30,38,35,84,77,35,13,85,63,89,58,39,50,18,47,26,18,31,35,8,73,79,74,25,89,27,46,19,71,69,22,39,11,99,55,99,30,36,56,25,55,65,74,61,78,41,48,20,10,14
69,77,2,73,74,77,1,12,33,53,58,94,83,90,55,21,8,34,57,67,73,71,73,29,93,6,9,86,53,60,78,17,6,52,84,41,10,19,3,2,19,8,91,83,56,98,94,62,52,38,44,58,12,60,90,82,82,94,70,79,17,80,85,15,23,22,7,46,85,80,90,66,33,90,16,4,8,47,44,9,61,51,4,90,5,86,56,2,36,44,73,82,81,53,81,89,44,49,90,96
58,58,77,67,81,33,24,51,71,6,20,28,73,34,31,59,20,73,81,20,24,76,33,58,86,40,41,79,42,47,9,45,49,50,38,63,2,61,52,37,10,96,66,72,97,100,13,37,50,19,7,39,46,24,84,85,90,27,52,84,70,94,94,81,12,58,10,17,84,52,78,67,50,71,54,24,1,1,68,33,90,61,85,75,97,82,75,87,27,31,2,36,58,66,85,23,41,98,34,18
80,95,14,74,36,96,59,40,58,26,84,69,86,66,55,10,43,4,71,25,58,10,73,10,43,43,28,95,37,46,96,41,18,11,56,40,3,52,24,31,63,79,60,26,28,74,87,43,11,50,38,79,52,8,5,66,50,77,60,68,25,45,11,46,3,36,91,64,58,100,43,9,61,89,2,32,55,11,45,13,3,74,90,33,95,29,0,59,68,6,10,37,32,40,15,88,24,20,87,97
28,24,13,50,39,48,45,22,28,53,15,2,86,58,68,39,4,100,99,8,39,57,92,26,63,6,0,72,48,19,93,9,28,100,63,89,55,21,66,87,96,17,98,95,34,72,12,7,83,15,20,45,20,6,35,32,63,18,84,40,46,85,24,60,91,60,1,91,55,81,28,74,97,32,37,96,23,33,33,47,75,37,9,25,37,57,42,43,49,14,53,4,35,22,7,68,49,41,73,79
56,79,60,71,99,94,53,76,27,70,10,61,28,84,60,41,51,54,3,19,66,75,48,18,20,23,34,87,53,84,93,11,26,4,11,3,71,50,16,70,4,88,79,27,85,79,88,61,0,97,18,77,13,90,30,36,19,3,3,87,37,38,99,92,57,37,97,39,4,0,94,38,76,11,67,31,39,34,84,50,68,73,52,44,26,36,27,46,4,68,13,40,84,30,6,82,6,66,46,53
34,27,21,71,98,43,84,71,61,56,83,36,24,55,95,62,15,80,22,40,37,53,94,19,79,90,40,12,15,28,33,40,57,17,13,90,30,56,68,23,59,57,72,44,96,34,5,67,94,61,24,53,63,77,51,63,37,44,88,41,97,9,21,81,99,0,25,68,89,78,75,50,83,14,27,86,58,53,60,36,15,94,80,21,62,60,90,14,20,76,28,30,10,6,23,44,95,87,43,37
5,47,90,65,63,95,62,30,7,73,45,88,10,36,12,55,72,58,66,69,89,43,89,40,55,92,12,9,21,100,72,14,19,94,64,6,34,80,98,25,45,5,89,55,73,6,50,4,56,71,86,64,85,3,46,5,29,52,34,28,50,83,29,36,25,41,84,32,19,20,79,35,20,8,92,4,12,61,93,15,54,80,32,61,8,75,18,11,61,5,3,23,70,74,96,8,2,45,44,49
25,45,25,0,50,32,66,69,45,75,58,31,17,44,35,24,3,100,27,56,75,62,17,55,97,64,93,9,84,7,0,20,59,5,88,63,83,50,84,0,93,67,28,69,99,73,87,19,60,28,63,88,61,10,39,82,15,65,7,51,92,1,58,61,41,61,47,62,3,89,23,98,80,2,41,44,81,13,65,54,44,47,91,16,49,16,77,82,74,16,28,70,20,38,1,68,53,54,79,94
51,26,28,79,8,36,14,96,44,89,56,14,90,73,14,100,32,87,31,51,71,80,7,59,51,92,6,77,67,40,48,92,44,39,53,65,94,67,5,52,30,81,54,53,74,10,51,97,38,65,84,16,36,69,34,55,29,3,49,62,12,75,89,68,33,23,74,78,91,6,97,35,48,0,32,49,15,73,50,95,13,62,5,98,69,35,16,71,92,97,35,34,36,48,48,84,12,22,95,68
29,30,63,99,100,9,89,82,7,12,60,31,79,28,86,34,26,36,72,96,58,72,32,62,30,97,82,81,64,53,53,68,71,3,29,84,58,67,8,81,67,75,7,73,42,90,20,82,66,58,39,45,57,22,76,70,49,70,12,20,75,10,53,77,60,63,94,24,16,91,58,50,75,69,92,69,60,83,67,65,96,6,1,2,63,30,14,92,16,0,91,19,88,16,46,45,94,61,99,94
9,47,85,66,20,3,93,86,3,14,58,40,45,78,54,96,69,77,50,14,73,94,14,88,23,68,17,61,52,45,4,28,7,31,91,97,90,12,88,88,12,71,19,94,53,89,86,28,74,83,3,0,8,55,41,93,64,59,76,1,68,69,21,14,94,45,95,4,17,69,11,85,99,39,8,30,87,44,85,43,82,93,46,60,8,49,23,74,6,9,5,92,51,89,58,19,27,31,33,57
35,10,47,24,22,53,43,40,12,22,32,5,16,39,71,54,40,88,38,89,21,4,62,28,2,5,98,37,56,21,2,99,66,39,58,71,54,34,63,90,81,68,6,100,60,72,44,88,61,58,13,14,72,55,55,31,84,7,41,86,11,41,16,73,48,10,99,8,28,9,73,29,63,100,3,42,49,25,32,61,45,75,76,98,10,27,28,30,94,90,54,68,20,64,26,28,48,60,7,53
5,59,91,60,83,15,34,90,73,65,26,18,81,39,42,37,46,44,47,50,12,89,65,39,30,72,46,99,35,72,33,99,62,28,89,48,64,38,88,36,23,18,77,45,26,76,14,25,93,53,85,96,7,14,31,0,66,16,4,45,80,93,54,43,26,39,75,15,53,90,64,66,31,26,96,62,4,7,81,40,89,53,19,9,20,1,25,45,53,74,38,62,89,28,92,22,82,37,13,38
40,61,71,41,10,62,92,8,70,42,76,19,70,63,45,26,90,65,40,84,37,4,89,98,11,40,38,65,40,95,91,90,63,78,99,91,26,3,68,6,77,27,1,28,84,73,64,63,63,46,11,7,46,1,65,11,93,77,19,3,89,32,47,21,27,77,89,19,57,16,90,51,61,81,30,39,41,40,19,52,89,100,13,79,63,28,19,67,29,94,81,4,3,59,72,14,5,87,61,36
25,75,94,49,85,71,77,95,82,15,14,76,33,56,47,55,78,65,79,26,80,6,98,37,99,92,60,15,21,98,60,75,46,66,54,8,50,33,19,0,82,45,71,46,29,70,31,25,83,14,69,6,0,43,12,73,65,42,56,15,82,55,88,88,27,76,48,74,97,48,15,59,22,14,91,2,54,70,22,13,78,20,74,89,60,92,93,75,74,97,33,23,64,94,89,50,0,34,66,19
29,8,69,97,41,82,24,6,84,19,8,48,46,22,60,96,98,78,11,34,36,4,67,88,55,69,6,12,65,35,44,6,39,44,32,68,90,39,76,96,100,1,51,11,96,31,45,7,77,90,11,25,61,28,48,91,7,27,91,2,9,17,4,62,65,49,57,95,34,60,40,20,57,51,93,92,55,8,91,50,42,33,49,2,21,43,72,27,31,5,78,30,95,91,13,87,84,22,28,64
16,92,1,72,82,11,86,37,91,42,92,42,12,90,73,54,78,82,54,18,13,88,40,9,42,20,52,100,57,99,29,5,93,86,6,10,29,76,72,12,92,4,11,43,53,73,65,83,66,63,33,28,95,61,14,51,22,13,45,100,75,35,37,34,89,39,14,4,88,48,45,45,59,33,24,42,94,33,73,90,57,55,57,97,88,60,11,99,85,69,94,14,0,46,45,64,61,36,64,4