21,6,29,0,7,97,65,96,44,8,37,18,3,41,43,35,61,87,64,32,90,32,71,100,62,42,76,76,10,7,93,55,0,77,64,53,78,16,95,28,64,75,61,56,38,44,52,85,72,48,14,79,11,16,4,46,25,11,71,97,38,48,91,35,75,77,53,42,1,21,80,48,68,71,28,34,83,3,8,18,57,7,56,0,1,39,43,38,72,87,93,21,19,86,39,21,92,95,0,66
24,76,67,57,63,50,82,44,80,58,64,41,10,56,86,17,73,88,53,75,14,51,52,99,32,38,33,79,34,58,60,12,10,77,70,72,7,46,44,53,27,0,87,26,60,57,81,14,36,49,15,6,84,30,62,17,8,21,93,74,87,16,3,51,0,95,18,90,43,50,61,4,56,22,16,16,75,13,51,11,28,58,0,44,71,26,30,61,74,31,20,95,77,40,86,87,50,33,97,14
68,29,41,73,93,78,42,26,61,23,45,89,35,59,45,83,85,96,85,72,71,60,64,15,63,14,65,98,62,6,40,75,16,59,63,99,1,39,71,38,84,47,94,10,84,85,88,40,24,26,6,74,20,99,41,29,39,37,93,27,80,24,10,33,23,93,70,73,38,87,91,27,94,67,50,74,21,70,19,17,95,40,17,38,5,18,94,76,3,76,14,95,19,8,55,43,45,32,47,38
88,6,57,61,57,49,78,91,96,49,13,7,18,67,88,64,8,2,65,2,18,98,77,70,94,99,34,84,21,25,43,65,20,25,29,35,70,63,93,4,14,29,41,48,57,11,57,81,57,44,65,81,95,55,68,15,5,94,77,29,54,67,15,57,63,70,32,41,65,88,31,26,94,23,23,85,77,45,65,73,55,64,42,81,17,49,17,63,86,27,65,41,30,41,86,12,45,9,100,93
88,38,69,30,91,68,51,19,5,16,6,71,61,74,91,39,24,42,88,29,43,29,51,98,18,47,70,94,4,47,32,76,89,53,17,40,61,41,94,81,19,34,43,26,82,34,71,73,67,36,68,15,100,7,41,66,39,39,75,57,8,47,77,93,12,73,59,34,65,39,16,28,72,73,10,74,53,8,52,51,67,64,24,52,100,27,69,67,2,1,2,8,81,10,100,8,71,71,22,58
60,40,84,62,77,62,19,78,7,62,5,93,87,4,11,46,68,67,58,54,84,41,63,11,31,31,12,52,39,96,29,40,97,49,40,81,85,81,99,60,18,38,99,65,48,5,82,33,7,17,21,74,11,27,47,32,60,79,44,90,64,37,5,31,93,3,54,39,32,80,79,56,59,70,11,16,54,8,32,18,25,32,66,30,25,19,87,76,76,93,28,91,94,22,8,45,79,17,82,27
34,80,25,76,46,87,15,90,76,11,37,72,28,58,48,3,1,31,32,25,65,20,25,18,29,44,34,9,80,51,50,3,55,42,84,38,39,49,64,21,98,15,32,53,23,48,28,56,56,5,30,2,96,90,54,12,10,78,30,62,69,33,44,46,75,9,95,81,70,45,19,76,20,66,68,65,43,41,99,97,20,60,58,42,26,26,57,11,93,66,100,97,9,53,30,98,49,62,46,1
91,99,96,52,34,31,40,54,4,34,23,14,78,29,30,84,94,44,53,26,97,51,18,19,29,93,1,25,0,76,73,73,87,66,68,56,38,16,3,56,95,5,4,89,50,52,97,96,15,75,1,79,88,53,61,8,30,87,74,96,29,25,97,97,97,86,46,40,63,97,9,21,62,13,38,96,38,72,96,6,33,100,78,84,95,28,44,59,56,58,39,42,4,82,9,98,52,81,50,68
74,89,39,78,26,49,73,1,19,0,58,13,52,18,62,38,61,26,59,66,38,99,47,9,82,94,78,44,60,46,31,12,68,38,38,36,3,20,92,39,70,3,9,21,89,59,78,26,100,57,62,64,51,58,64,50,4,87,54,0,67,39,51,69,48,54,50,3,48,98,25,21,42,91,83,79,24,10,2,38,7,64,10,14,43,10,77,73,34,7,22,79,99,94,7,22,89,67,28,89
1,27,54,76,15,46,5,30,44,34,92,14,20,5,85,45,38,100,41,84,61,43,53,69,50,19,75,17,30,93,34,4,19,66,12,99,10,43,11,53,68,70,86,41,88,32,58,28,95,73,30,55,79,88,75,70,34,61,39,84,68,99,59,21,34,97,57,87,81,57,55,96,18,88,12,72,98,74,39,45,9,58,23,93,25,50,49,96,25,71,34,37,50,60,5,16,45,99,45,73
76,69,17,100,73,45,22,27,8,85,44,23,54,42,15,47,75,73,15,39,82,78,51,42,33,26,68,41,9,66,87,70,84,15,98,61,64,37,23,77,73,75,94,17,74,9,44,90,8,24,21,29,8,19,49,34,43,12,81,26,84,20,11,56,6,32,50,22,64,72,19,18,63,84,0,97,69,72,98,73,15,3,57,39,79,23,88,67,99,19,40,18,47,74,26,58,25,17,87,53
30,23,68,37,4,83,11,49,80,34,86,61,68,92,58,90,24,10,32,78,18,70,88,13,20,48,84,0,73,53,38,8,86,34,42,17,66,96,91,99,54,63,77,2,66,12,45,34,78,44,72,94,46,56,22,65,72,56,46,59,93,97,45,54,25,94,46,13,58,31,18,1,5,56,42,51,88,40,94,16,13,74,69,14,100,57,6,52,27,40,77,64,19,15,29,2,35,94,57,37
84,40,49,70,38,48,84,99,70,80,33,89,63,17,98,44,12,0,2,52,1,39,25,60,71,17,96,33,83,91,8,22,16,7,53,42,87,1,6,98,47,51,98,26,97,31,37,44,51,19,63,33,61,86,6,77,24,61,51,0,42,12,5,20,64,53,95,24,74,99,36,53,48,58,85,49,50,29,57,15,43,90,51,30,37,49,31,44,53,63,80,55,94,26,5,95,23,70,80,32
68,6,82,80,60,93,93,79,85,38,31,16,44,40,22,50,80,41,71,93,91,26,44,83,55,59,48,14,3,43,89,53,44,40,74,98,85,85,17,5,58,19,97,36,30,91,48,64,83,65,61,24,78,67,14,48,25,49,41,66,94,91,2,88,17,34,33,91,29,43,69,51,82,46,36,82,2,72,59,80,8,23,49,50,46,63,40,24,90,48,67,77,99,62,9,57,70,71,9,62
38,69,89,87,28,54,57,98,10,59,69,87,75,64,36,47,54,33,70,57,85,22,76,46,66,70,33,61,88,44,79,68,63,49,83,19,49,87,79,35,25,28,0,90,86,91,23,64,24,9,8,76,15,68,38,15,43,54,79,60,1,98,51,5,44,94,84,72,5,15,18,78,30,13,76,54,44,52,59,32,90,36,88,38,46,3,33,58,3,57,69,4,16,83,95,71,30,33,40,25
10,31,83,1,91,12,64,71,90,6,7,94,45,81,27,5,85,89,15,15,45,40,100,34,40,90,22,58,18,34,26,69,45,100,12,96,94,25,67,22,65,68,57,81,71,82,74,20,54,51,84,85,48,34,14,73,94,90,81,29,4,27,5,98,26,43,80,11,15,10,35,30,93,62,73,31,75,14,93,10,11,85,87,96,7,91,17,17,69,61,66,49,79,26,16,80,44,63,11,69
81,1,76,56,12,71,40,68,82,71,95,92,87,40,84,90,0,84,34,64,48,8,74,83,18,87,21,77,80,31,73,24,96,7,32,83,14,13,86,83,58,19,32,56,97,66,79,80,81,0,87,36,2,3,30,67,16,83,59,19,80,64,24,92,69,28,68,99,50,71,48,61,37,20,33,3,32,47,99,74,94,66,4,100,13,47,96,84,16,78,42,35,77,26,76,88,98,99,1,42
72,33,85,1,88,91,70,91,81,70,80,49,62,45,49,9,40,45,42,95,87,43,48,10,5,91,63,53,11,76,11,7,38,67,18,91,74,51,42,28,58,19,51,28,84,85,3,37,92,58,97,41,87,50,62,59,65,39,3,3,43,48,95,45,11,100,63,68,31,56,67,69,20,36,45,64,70,3,30,95,28,19,33,35,43,29,62,68,7,20,56,48,75,58,84,50,52,55,29,73
6,70,87,6,33,64,89,45,100,32,77,76,19,36,36,3,67,73,0,95,4,48,73,60,98,47,98,40,24,61,39,79,94,31,95,57,32,36,88,82,68,22,38,64,12,21,63,100,77,80,83,39,44,92,54,17,14,16,83,56,1,37,77,48,62,47,51,22,12,45,66,67,51,32,20,0,90,62,34,89,79,51,92,67,97,86,67,9,82,85,29,14,58,0,25,47,90,93,47,6
97,37,99,72,42,28,16,66,57,69,21,55,95,50,64,50,46,51,33,60,79,23,17,66,18,74,39,42,11,60,17,63,4,64,13,75,100,96,83,64,67,51,13,1,53,9,25,66,50,86,94,84,4,36,73,96,24,29,63,47,9,99,49,2,34,60,5,96,60,87,70,65,5,54,72,73,51,86,75,29,67,55,16,50,33,78,34,59,3,91,26,3,72,52,19,85,91,33,63,83
59,92,89,79,98,86,68,2,25,60,37,92,40,84,14,83,38,58,49,41,37,73,77,70,25,7,7,2,21,48,79,75,35,52,43,23,19,9,16,6,65,37,43,24,44,51,7,20,25,31,11,3,6,68,40,43,4,31,32,63,36,32,75,4,33,40,60,8,67,50,48,1,24,17,57,34,100,6,36,38,18,16,5,15,51,5,97,15,16,10,47,33,85,89,82,46,28,14,14,45
58,8,91,7,16,100,78,1,52,73,53,59,18,23,24,25,87,64,95,73,24,66,39,89,9,12,79,47,54,92,94,37,12,81,59,96,81,26,34,48,9,19,37,100,48,6,96,90,33,6,10,23,21,0,71,34,14,58,32,94,99,72,81,98,12,21,35,51,37,44,97,28,31,18,60,89,58,53,88,23,72,96,96,68,71,6,39,47,71,31,52,35,57,33,3,34,100,71,78,81
34,17,93,74,97,21,86,26,43,4,40,55,18,94,33,78,34,36,53,85,37,65,98,86,81,19,93,96,18,89,31,85,92,84,47,71,76,59,66,78,15,95,17,99,62,72,30,94,79,12,80,29,30,73,64,43,8,93,14,36,66,63,2,63,74,71,24,45,49,69,81,64,8,26,16,75,21,13,34,9,75,85,16,53,80,35,11,18,30,88,79,43,10,91,53,14,3,53,67,85
14,2,81,54,77,51,89,93,0,44,73,92,67,51,70,71,8,28,65,11,90,34,88,19,27,22,24,56,60,39,61,20,42,0,16,61,93,81,26,41,69,37,73,28,79,24,64,0,50,10,36,71,24,30,58,4,52,85,60,69,12,59,0,93,81,100,49,43,100,87,54,82,35,25,28,72,74,69,5,42,35,62,63,61,60,89,87,69,42,26,80,50,63,82,10,6,75,32,67,91
3,64,76,13,46,24,97,17,67,21,17,60,5,41,93,80,3,78,95,15,8,78,46,71,0,71,45,73,31,84,29,78,39,37,23,48,72,37,7,46,3,59,10,10,97,57,52,97,7,11,40,40,33,29,95,74,58,97,41,68,100,3,82,62,54,3,94,94,73,80,33,71,98,12,72,50,68,37,85,43,80,97,89,31,46,24,59,47,35,27,20,79,45,73,10,97,22,37,36,42
79,53,82,26,83,29,63,9,63,46,88,21,34,53,4,19,72,3,92,58,69,51,81,84,7,21,46,52,50,54,74,90,63,70,71,95,67,15,21,49,80,79,24,27,26,31,41,16,68,68,59,67,45,6,43,21,60,52,74,48,44,37,32,18,15,49,36,20,3,38,0,9,100,90,79,56,44,58,52,38,18,16,37,44,52,1,79,44,60,41,82,90,92,61,62,0,89,77,82,82
100,18,26,26,44,3,28,8,96,96,68,30,19,78,36,48,45,81,74,49,47,77,61,74,94,91,70,24,18,81,59,89,55,78,44,24,76,38,31,47,36,58,57,87,84,42,29,37,82,91,79,97,68,4,58,8,98,28,8,67,76,44,11,77,0,88,79,40,66,96,71,35,68,9,26,2,63,1,4,76,24,49,22,29,42,99,77,81,84,37,77,73,21,98,44,8,31,40,43,59
60,62,22,7,4,41,65,25,91,47,17,91,99,57,22,48,86,92,22,4,13,17,61,11,3,32,58,15,9,83,96,77,59,83,12,41,99,67,93,39,95,65,45,26,83,98,66,28,61,41,52,27,66,6,77,50,1,56,87,38,24,67,77,24,42,69,54,90,16,85,48,8,14,1,70,29,59,63,8,91,32,79,24,42,12,0,7,32,39,43,19,71,20,17,71,12,73,52,78,2
9,20,54,4,86,48,54,56,92,76,69,17,25,67,32,83,43,39,47,75,93,77,65,59,57,12,3,14,82,98,97,85,42,91,37,85,44,52,8,48,49,52,66,88,60,0,17,59,76,100,15,48,93,18,48,82,38,29,91,9,84,28,39,100,93,87,86,42,29,90,97,96,68,78,34,62,13,7,25,72,77,82,85,57,98,59,24,53,74,96,100,99,75,77,10,58,4,80,36,12
80,81,44,73,94,84,71,80,37,45,60,96,40,44,83,56,89,0,39,70,64,24,32,86,62,38,35,8,90,21,71,19,18,72,19,66,40,34,100,32,14,86,84,50,4,56,20,11,22,56,72,13,69,36,3,47,67,26,60,86,85,81,0,23,27,1,41,53,47,20,89,56,88,25,25,57,8,49,75,87,40,90,46,27,72,9,55,67,75,16,54,36,29,92,28,93,11,58,19,84
40,14,98,14,43,7,25,5,84,32,28,32,39,17,51,42,59,30,12,26,18,0,25,73,58,67,64,39,55,92,24,74,63,69,6,85,67,53,59,33,79,34,18,99,90,24,14,43,61,66,63,74,52,16,4,79,61,23,93,68,71,20,22,17,54,67,78,73,91,70,20,89,54,38,10,69,78,13,2,66,36,77,77,71,94,25,35,77,40,90,36,27,36,97,21,54,1,87,54,0
93,26,54,45,37,55,43,28,95,17,13,65,35,12,4,60,18,33,89,59,7,16,92,40,66,62,38,44,18,94,18,74,93,92,8,94,89,100,99,34,41,38,44,53,94,79,36,23,23,81,66,12,22,61,91,48,93,88,5,91,99,5,55,0,15,12,45,67,8,88,25,53,76,1,64,93,81,13,8,92,9,89,77,64,89,42,29,44,70,100,89,26,22,7,95,97,55,64,54,11
0,19,5,39,19,13,0,100,54,78,32,46,31,61,58,75,39,16,7,57,34,5,90,18,69,79,18,11,98,56,12,98,20,56,44,32,24,42,15,88,3,43,10,71,94,23,12,5,60,6,36,63,81,69,23,77,42,48,15,9,80,1,88,26,46,30,49,81,90,8,41,88,81,67,57,46,93,18,78,4,22,77,45,30,15,38,92,38,85,33,16,6,42,65,22,41,37,57,32,98
67,78,3,52,83,11,0,26,45,4,73,41,69,85,15,1,42,11,5,46,33,68,64,53,38,25,33,92,60,3,67,78,22,53,80,41,38,48,14,29,95,32,29,87,52,100,34,18,7,38,83,59,29,8,59,78,100,58,74,82,6,3,40,7,18,88,33,20,7,60,7,46,87,95,12,80,22,79,62,26,100,18,16,62,22,72,68,53,5,39,48,73,95,77,0,39,74,70,40,11
38,19,35,64,80,15,87,63,64,95,12,97,40,58,10,23,65,75,74,97,67,14,54,18,99,62,71,67,64,8,16,68,16,60,55,74,39,79,32,32,90,0,11,93,59,35,13,55,92,52,95,17,5,39,20,60,65,14,64,44,58,57,89,71,91,12,13,27,26,4,2,94,40,27,22,54,29,17,9,78,35,38,12,26,49,49,36,63,56,89,63,61,74,76,90,18,19,68,49,26
2,95,19,100,28,92,74,31,78,58,32,90,9,22,42,90,44,31,22,98,71,25,56,16,100,93,0,2,23,59,46,62,9,10,90,24,26,34,39,11,16,29,34,48,67,35,48,98,81,22,20,31,100,96,8,60,88,31,23,71,94,18,67,93,81,69,99,33,16,67,0,33,86,32,95,22,35,73,72,81,99,27,93,20,86,18,85,58,45,53,69,14,31,39,62,29,26,94,57,1
83,41,39,68,78,35,96,43,87,59,89,5,86,0,68,53,41,14,21,50,55,14,76,55,20,82,5,15,16,60,81,73,14,46,35,8,67,98,17,80,3,25,53,7,71,37,46,3,38,79,14,28,30,91,37,13,97,27,89,80,60,16,65,63,2,96,65,86,74,91,37,4,50,55,51,71,19,22,0,31,9,54,20,81,87,46,49,75,80,95,64,21,87,32,90,27,15,55,52,12
99,57,18,44,99,13,44,30,58,61,29,95,17,70,92,13,91,79,41,34,64,41,74,21,22,36,99,47,80,73,78,3,75,50,43,46,23,14,61,86,3,52,8,5,11,14,49,66,4,5,54,29,50,86,28,18,77,98,54,11,44,55,88,49,2,69,66,1,25,33,100,3,8,55,19,68,84,81,13,27,1,90,15,57,28,89,8,28,15,18,63,6,56,85,96,45,6,25,72,35
31,38,3,42,73,59,94,54,99,10,12,15,51,16,89,92,83,84,34,98,1,16,44,97,0,40,28,40,84,67,77,52,91,26,22,34,73,8,18,46,21,98,9,14,55,19,30,16,30,86,31,69,96,58,50,70,93,97,2,7,8,48,11,53,23,87,93,49,76,81,81,3,40,98,18,41,72,37,65,67,73,16,66,62,73,97,78,25,76,70,99,70,54,78,72,97,23,37,19,73
73,90,74,48,65,15,56,34,84,11,89,65,46,17,34,31,73,49,43,79,7,64,63,97,25,6,22,18,61,29,73,31,89,96,10,19,68,47,12,21,3,90,62,95,79,68,35,76,19,69,95,100,49,70,56,3,4,14,40,65,30,45,2,16,76,27,10,4,0,23,10,17,64,34,11,33,85,40,82,68,8,80,52,86,19,47,14,12,23,94,23,63,18,85,95,96,62,15,26,89
31,29,82,41,15,6,54,54,30,69,10,43,95,99,15,90,79,41,23,82,37,86,10,13,72,35,93,98,9,88,95,95,82,63,47,0,9,42,98,74,30,82,38,29,79,27,40,95,82,68,70,88,75,97,72,15,46,80,43,32,74,65,0,73,26,55,8,15,15,84,25,35,24,82,53,38,33,97,65,45,97,67,36,70,1,21,74,75,73,79,42,42,48,15,30,1,5,60,38,57
62,18,15,6,44,100,1,23,79,1,21,71,78,92,54,37,43,96,24,52,14,91,70,84,70,17,69,47,0,32,72,56,30,90,64,80,67,85,43,51,22,28,84,28,52,61,99,42,31,96,25,65,37,67,1,85,48,17,48,65,16,18,3,85,8,87,91,1,95,81,40,3,64,77,98,2,34,55,56,93,90,66,8,35,58,48,14,81,26,1,1,30,16,16,18,44,0,42,24,91
66,66,58,62,82,51,89,33,64,27,43,89,57,63,40,64,97,14,32,29,10,46,49,27,28,36,79,71,77,29,20,12,22,36,71,74,65,0,15,81,80,36,75,8,7,92,4,89,18,77,10,18,19,78,97,34,23,84,80,38,69,14,73,88,48,97,13,52,70,98,49,7,86,23,1,14,89,62,51,87,76,76,11,70,35,71,66,92,6,30,81,79,46,40,44,81,58,91,83,80
8,45,59,42,16,96,84,5,33,96,18,2,85,73,41,63,85,94,22,5,45,34,33,26,32,22,25,38,91,7,58,70,74,6,32,33,41,15,79,47,92,17,60,43,24,70,86,33,97,66,76,71,16,98,50,44,60,42,60,32,24,45,70,97,88,58,19,0,21,35,42,69,61,49,32,60,81,58,91,24,29,16,87,9,82,85,54,73,16,33,37,99,45,50,36,79,5,61,26,93
100,63,100,56,46,31,87,60,86,27,93,10,38,96,68,92,70,65,40,89,65,58,93,66,35,86,78,68,16,97,15,38,83,27,31,44,26,92,77,69,11,15,17,78,87,1,65,61,64,75,58,67,91,70,62,62,47,50,79,94,23,47,5,37,55,15,12,23,74,93,3,43,91,21,48,21,80,21,34,20,73,66,4,19,85,20,11,26,2,21,7,63,8,44,87,55,22,22,67,47
66,27,41,38,16,69,54,20,33,8,15,38,85,97,24,94,68,97,25,75,55,21,97,87,61,2,65,34,8,29,2,19,10,38,37,93,66,85,73,9,86,25,81,30,68,38,73,55,93,13,31,20,30,8,64,57,31,69,14,12,64,84,35,50,12,67,25,90,44,33,70,86,2,33,23,5,48,34,44,1,0,96,26,43,97,37,83,60,83,3,84,78,51,50,61,8,47,80,72,4
74,7,85,80,96,1,43,75,28,90,29,87,55,54,34,91,8,25,37,58,25,98,30,9,72,26,18,59,100,99,3,4,29,41,60,71,62,42,32,80,52,99,47,69,86,80,45,80,51,55,70,24,0,52,6,80,35,3,74,48,82,90,8,66,45,14,38,72,3,8,89,58,75,46,32,28,19,31,89,89,60,22,5,42,84,47,19,8,55,93,22,61,68,48,82,91,82,76,11,97
78,85,92,11,6,38,2,94,49,91,31,31,93,16,1,52,64,78,89,53,26,0,57,0,3,62,25,55,50,64,22,7,42,47,5,34,26,2,90,72,88,16,10,55,62,88,10,76,9,78,88,88,32,39,33,32,7,89,53,85,33,86,92,90,90,45,59,29,9,57,35,63,75,38,92,66,21,10,86,16,52,48,78,69,77,59,81,79,35,15,80,3,11,94,80,36,25,94,79,81
69,69,12,94,76,21,68,48,84,83,66,39,63,95,73,95,13,20,64,9,21,48,20,9,34,29,99,70,93,49,24,52,89,28,82,54,96,60,37,16,45,6,30,86,56,2,33,86,52,74,57,36,27,1,19,82,63,66,98,82,78,89,93,99,83,97,82,65,80,10,46,39,58,7,37,36,90,62,83,88,100,97,70,13,48,13,21,36,80,48,4,98,29,17,40,27,74,33,62,88
82,91,90,12,43,41,100,1,25,80,78,47,43,65,67,42,36,94,97,46,15,34,46,62,28,66,77,64,32,97,44,81,94,24,40,30,92,82,91,37,70,10,93,40,24,11,21,75,95,41,5,2,88,52,7,93,34,53,19,79,35,15,74,82,61,44,99,70,83,80,80,79,88,30,68,46,16,32,49,71,28,49,29,67,24,35,26,51,95,38,81,54,33,92,98,68,33,86,47,57
61,62,17,24,74,0,9,82,39,65,17,89,78,71,15,7,98,66,87,1,9,90,91,66,13,85,0,7,14,61,23,19,74,39,4,36,65,77,95,65,22,5,87,34,58,9,69,45,2,13,47,33,59,82,57,90,59,32,47,11,20,31,20,43,92,34,1,74,7,89,80,74,44,58,83,7,40,20,38,19,75,80,49,90,9,30,12,75,94,97,55,58,28,19,85,59,88,17,14,44
29,66,58,43,32,31,86,43,58,69,2,45,95,0,44,86,29,9,44,97,72,15,95,29,1,92,59,63,11,53,33,66,53,77,89,78,67,20,27,94,46,40,62,41,90,96,72,1,70,67,93,70,84,62,88,43,3,1,65,70,50,54,15,57,83,73,66,8,87,91,99,85,79,79,21,58,30,73,99,59,23,96,57,36,21,82,12,90,92,20,48,29,88,92,94,38,43,95,52,31
15,95,63,70,99,17,53,74,46,70,21,42,85,26,58,69,13,92,67,56,93,24,85,50,51,12,73,49,25,23,46,94,17,45,51,59,67,95,15,63,20,53,21,27,75,2,49,4,61,100,44,24,36,67,39,70,35,0,73,32,80,63,25,19,58,76,62,13,43,37,79,13,83,80,80,74,59,18,10,100,2,75,66,35,38,20,99,82,1,47,35,84,95,91,79,40,28,1,87,8
0,40,1,58,30,2,100,68,27,2,1,21,18,88,99,33,36,78,35,56,73,74,87,99,0,68,18,100,8,60,49,16,32,16,10,84,1,1,22,57,88,66,28,88,29,52,34,68,38,8,75,27,58,31,41,3,23,91,35,40,82,69,40,6,19,60,35,37,17,38,13,67,4,78,46,4,72,47,83,43,47,5,84,38,81,74,42,75,97,42,19,8,55,63,46,82,53,21,44,19
1,39,64,97,61,100,99,28,99,35,21,55,78,43,27,22,17,84,14,32,16,39,42,72,60,6,80,58,63,78,30,68,81,7,0,90,13,11,48,80,4,74,79,72,31,95,4,50,82,10,11,52,56,37,6,94,58,5,15,32,42,67,22,32,79,50,57,17,28,49,27,79,81,70,100,46,75,7,44,100,23,37,39,89,64,5,20,4,30,88,11,3,52,40,9,16,69,22,43,18
53,41,1,69,98,30,1,39,80,64,59,85,84,32,52,60,17,59,2,84,29,5,63,71,10,81,47,0,1,3,23,17,25,75,12,98,49,45,70,63,49,60,94,54,78,100,32,78,48,23,32,13,2,92,96,57,12,68,34,66,21,24,58,64,77,85,99,50,46,22,28,89,39,11,100,47,10,15,70,65,77,66,11,15,13,43,33,51,49,91,40,5,99,75,0,11,43,72,24,26
22,97,80,27,99,2,45,3,22,7,66,58,58,65,9,40,20,26,70,34,13,67,75,10,33,56,71,63,51,96,18,20,44,41,95,16,69,44,27,10,51,1,19,0,32,56,39,86,18,39,40,13,87,60,3,96,50,59,75,83,73,10,7,92,81,13,65,54,61,0,77,6,76,37,94,42,41,29,54,6,63,44,85,29,72,56,39,73,26,5,96,57,27,57,50,27,55,73,90,83
25,58,81,82,52,90,73,16,14,34,46,23,29,5,18,65,75,84,58,24,27,45,22,74,26,11,15,71,36,80,41,53,8,87,60,11,13,53,93,50,50,62,15,77,56,13,71,78,80,41,93,40,19,69,19,6,93,31,12,46,96,49,24,54,33,22,97,11,100,19,66,10,81,87,36,72,0,57,57,82,78,37,37,18,45,46,38,16,67,80,23,89,39,75,38,35,37,23,100,57
51,96,44,6,65,67,55,82,26,35,100,94,33,49,63,86,40,70,69,13,7,4,34,100,56,98,31,83,99,64,17,23,29,88,15,62,46,95,32,75,65,33,78,88,67,83,29,82,14,52,21,17,27,31,49,49,70,96,5,26,11,44,78,69,7,96,29,27,56,21,10,22,51,12,74,46,49,62,60,27,21,13,56,70,41,52,5,79,44,40,80,64,8,58,37,27,46,85,79,57
68,80,82,59,35,12,53,32,26,24,20,48,20,15,29,74,3,38,93,32,100,83,49,18,11,24,92,47,36,72,48,19,50,15,22,88,24,26,79,57,72,1,47,69,81,44,1,56,39,79,7,46,97,31,23,1,23,91,40,27,10,12,81,76,40,28,24,12,27,5,59,83,24,51,88,83,23,80,80,13,82,12,22,64,23,50,19,95,60,61,33,34,55,29,79,50,6,88,86,45
8,61,8,84,40,69,35,27,50,12,96,49,75,2,28,17,62,6,33,18,25,44,31,18,84,97,87,66,1,39,20,53,79,98,2,96,29,29,49,19,58,1,1,83,49,16,56,3,43,100,90,10,64,74,93,0,25,66,42,88,80,5,61,58,13,63,68,86,38,26,48,11,35,43,4,55,57,44,48,76,87,11,61,30,62,97,23,6,31,12,39,64,26,57,61,4,70,37,26,18
8,90,3,46,76,78,72,88,60,3,77,71,13,11,90,95,73,41,23,42,23,97,13,38,19,100,67,65,68,63,23,94,18,73,69,73,23,85,23,2,87,18,56,36,63,38,25,39,35,76,99,99,73,56,42,23,84,2,45,10,47,14,88,54,22,30,20,96,0,84,70,59,37,68,60,22,6,87,7,76,25,50,95,78,27,94,13,40,58,96,65,69,16,76,95,24,67,18,73,39
32,1,89,18,4,13,51,63,33,18,40,55,4,24,7,88,55,72,49,6,50,10,78,3,50,82,34,71,35,65,27,17,29,83,80,40,12,18,68,29,10,53,72,80,10,55,37,67,28,22,96,54,69,50,25,14,40,85,92,87,76,82,36,76,20,45,35,80,56,39,97,24,54,27,21,72,24,76,79,93,16,99,23,51,47,88,62,31,88,0,48,43,0,30,48,86,74,22,50,16
59,60,11,25,7,30,82,65,84,68,20,50,14,0,37,42,2,61,25,58,93,100,28,96,55,63,99,7,70,85,52,81,46,75,29,97,96,15,4,72,45,59,1,4,10,16,96,100,71,17,90,85,8,20,100,77,56,75,48,1,91,42,81,33,13,79,13,20,24,28,98,13,59,83,44,41,81,38,89,66,76,49,70,21,0,1,43,22,68,71,2,46,5,85,91,99,87,45,47,85
42,34,15,92,1,43,39,77,15,3,93,22,80,31,89,52,5,78,10,20,73,1,3,26,63,95,9,46,40,36,1,26,57,70,15,66,45,98,23,51,78,28,87,92,65,87,51,32,33,60,45,76,70,82,40,5,51,27,0,39,59,58,82,79,30,68,46,81,72,78,68,94,73,96,32,36,44,46,1,31,66,34,46,65,9,77,95,41,3,54,56,100,88,78,60,26,20,75,19,60
37,67,17,21,15,36,32,97,11,21,84,95,86,17,27,65,88,36,85,51,25,22,66,18,3,90,96,69,35,44,4,40,85,77,31,97,45,47,33,57,71,76,70,40,45,81,35,87,73,22,69,97,69,70,85,83,66,18,38,64,49,21,34,35,22,64,75,67,19,68,99,70,89,51,14,76,63,80,28,43,16,70,48,89,75,0,2,5,76,49,34,82,5,68,91,47,39,70,9,53
28,11,9,6,68,63,98,49,26,28,53,61,76,74,39,51,6,25,95,91,98,96,77,38,5,47,13,0,96,5,37,83,86,54,58,22,41,56,67,54,70,56,63,56,51,1,84,39,5,70,33,90,84,83,29,27,82,30,41,48,56,91,33,85,79,96,47,17,71,28,40,94,89,86,99,95,63,52,34,99,97,23,24,5,38,88,56,63,73,66,83,1,59,11,44,67,14,3,9,2
93,48,4,49,3,21,21,68,74,31,15,97,31,67,45,40,59,28,40,85,39,29,90,8,18,51,10,62,88,97,90,14,1,36,87,81,29,75,41,3,49,10,10,44,24,57,11,15,52,20,70,76,77,86,79,51,26,89,68,98,17,59,0,30,62,6,73,26,80,92,89,60,78,30,34,64,14,10,91,74,58,57,25,3,58,26,34,46,5,22,38,11,49,5,78,81,19,15,99,63
6,99,47,28,95,84,100,33,72,39,57,33,72,97,17,52,84,24,79,59,56,0,40,26,34,15,3,52,8,27,66,52,34,74,1,8,5,59,100,76,75,49,83,90,30,32,100,5,40,5,35,93,82,45,15,70,33,66,62,76,68,50,100,96,30,91,23,38,50,69,52,77,98,97,82,60,72,95,2,81,23,99,80,53,28,11,32,87,11,72,51,61,10,78,1,58,15,82,47,33
80,71,96,25,25,20,88,41,49,78,99,50,67,15,53,80,67,47,59,58,75,83,10,4,39,85,12,99,1,36,12,0,36,14,58,31,1,59,40,7,92,94,84,46,5,85,60,45,24,48,4,92,47,30,71,28,7,53,61,40,53,37,48,21,75,1,61,91,10,97,35,38,47,14,81,63,7,69,39,67,50,71,76,13,56,0,63,16,12,29,66,24,35,46,97,44,7,0,70,19
98,87,43,20,63,66,14,31,45,96,66,85,52,24,82,93,89,92,23,85,35,7,44,40,36,11,31,62,59,32,36,3,91,87,32,77,75,59,54,49,40,49,31,89,30,58,34,65,19,9,56,70,54,75,32,43,100,28,25,45,31,78,32,88,4,59,22,94,40,39,22,7,78,12,20,65,40,33,78,34,42,67,41,76,76,87,7,41,41,48,2,3,26,25,24,93,55,47,82,41
4,15,38,34,56,17,37,30,48,71,94,54,29,34,83,10,2,7,21,92,56,25,79,92,82,75,87,84,66,29,55,29,8,11,31,89,78,64,12,22,77,33,40,61,72,39,33,79,77,20,99,33,36,2,24,87,7,16,81,25,70,87,97,84,40,8,36,90,89,48,94,37,47,37,3,49,55,24,74,30,97,20,15,89,83,7,40,49,14,0,100,65,70,77,54,84,11,39,86,2
46,20,54,62,79,100,85,49,77,28,80,53,29,57,23,64,83,37,38,16,38,9,46,91,73,26,35,79,61,26,82,37,33,47,40,1,91,44,33,36,79,61,66,34,86,76,85,60,37,26,22,54,60,54,85,79,51,3,27,84,45,42,62,84,91,24,61,9,77,92,16,11,59,70,97,87,86,46,8,94,52,57,25,34,89,92,36,44,43,68,64,91,100,95,6,65,18,71,78,31
10,20,80,43,37,32,13,45,31,83,32,96,69,87,3,85,5,62,53,47,5,21,97,50,47,22,97,40,94,87,26,89,65,45,87,15,76,75,21,15,1,10,70,50,28,85,50,19,35,10,1,56,4,64,59,9,100,92,80,82,24,24,92,72,58,92,7,76,47,0,46,75,53,97,13,9,69,32,67,67,49,33,9,32,20,38,67,69,32,62,11,100,43,29,39,6,25,13,76,2
86,52,58,92,11,23,86,19,23,67,75,61,64,68,5,59,55,48,37,65,53,60,29,49,7,88,23,52,63,76,41,95,72,87,20,100,15,78,50,92,82,59,82,87,25,26,84,10,28,8,91,63,61,26,56,14,61,51,40,58,84,59,70,97,27,92,88,3,76,11,50,37,28,59,37,21,91,68,55,5,52,36,72,47,63,86,95,0,22,9,21,92,35,94,11,8,63,27,71,96
13,13,14,39,77,61,42,7,56,68,25,93,73,49,12,96,54,9,45,29,49,36,87,15,45,50,52,83,25,11,57,30,17,62,72,70,25,72,13,23,12,40,22,5,99,86,85,70,43,54,14,67,86,3,42,59,46,58,23,91,56,66,84,42,21,57,53,74,27,84,3,13,33,56,56,67,25,86,3,1,76,10,31,74,13,23,26,86,20,48,53,100,47,98,48,32,99,1,47,91
50,29,56,8,31,66,40,60,85,38,16,8,80,20,90,80,16,59,89,27,1,56,37,94,40,66,33,18,46,20,70,90,19,78,35,45,97,36,52,57,88,45,73,38,27,5,20,11,75,57,8,93,35,14,86,2,82,20,79,35,35,4,45,85,30,30,15,27,33,14,79,0,84,12,81,76,5,48,67,87,50,64,62,94,14,56,48,36,99,30,91,49,37,40,72,79,58,18,94,87
45,77,29,3,31,44,12,49,27,45,35,3,22,93,87,75,35,82,32,22,8,93,90,20,87,84,74,46,31,4,22,53,1,99,56,36,3,63,40,2,52,46,57,61,88,11,12,19,88,43,85,94,35,0,54,59,67,86,33,81,95,81,20,93,33,42,39,13,65,38,12,72,12,60,23,93,48,96,23,67,73,58,55,93,51,81,35,86,18,69,50,37,18,36,95,3,52,62,22,24
86,96,60,74,31,80,75,15,12,93,38,12,39,80,20,45,86,50,3,34,30,88,67,83,39,57,49,65,17,99,92,61,53,16,9,38,84,50,16,48,39,40,65,27,50,34,63,97,50,17,56,67,17,90,43,40,79,29,41,10,64,85,97,25,46,91,85,49,87,88,39,80,17,44,23,71,38,7,50,85,86,93,98,47,40,3,31,48,33,48,18,95,80,40,73,46,31,49,54,13
33,67,21,93,57,57,65,55,9,14,3,15,59,74,2,38,48,57,71,99,3,79,1,59,93,81,51,90,21,81,81,75,51,56,81,21,45,20,89,33,34,69,98,52,21,51,93,16,75,81,65,73,34,4,61,49,96,69,67,9,79,68,53,13,77,1,3,56,84,16,1,60,16,21,5,50,59,71,42,19,52,0,98,42,90,8,87,57,41,55,54,89,89,93,89,34,12,31,36,98
80,90,50,41,55,8,72,36,59,16,66,73,46,14,86,63,41,14,64,78,8,83,49,70,97,69,1,37,63,80,19,95,46,41,0,86,86,2,4,8,81,49,95,68,23,42,7,46,24,67,90,72,35,11,39,51,77,74,68,74,7,48,65,76,4,25,72,18,81,98,34,38,76,5,56,32,2,43,92,71,59,100,19,62,68,42,52,49,5,33,44,7,68,28,10,59,34,37,60,82
74,59,83,96,30,21,2,66,37,19,8,73,95,13,12,55,47,92,46,19,7,52,38,93,56,1,9,56,96,21,73,79,34,21,50,6,33,53,44,57,20,25,47,22,12,43,93,56,63,88,79,85,80,49,4,8,97,36,100,73,36,83,31,47,24,87,41,28,10,79,86,75,73,30,44,65,97,78,46,52,28,22,88,79,75,54,58,54,71,17,28,68,45,59,28,98,82,41,19,33
68,72,37,7,20,27,16,19,57,8,84,39,50,63,17,43,96,12,64,56,49,47,26,97,82,11,47,58,34,92,24,43,63,44,18,73,93,35,90,96,4,60,98,68,82,8,41,11,87,71,91,72,57,75,23,99,49,69,28,83,82,76,5,32,38,88,23,55,13,51,92,91,22,29,30,4,76,42,80,36,48,79,100,89,33,65,51,1,97,97,42,97,21,14,81,29,37,57,45,39
76,15,56,34,45,36,81,44,46,68,87,87,89,63,3,60,6,89,84,77,28,80,22,43,94,45,93,51,18,75,26,5,16,71,62,45,68,17,9,14,42,33,45,47,88,24,78,9,78,38,83,0,90,98,91,21,17,29,24,5,40,63,84,95,85,33,85,63,89,23,11,57,35,16,23,100,12,42,5,67,19,46,94,87,93,34,75,97,56,88,21,74,62,76,67,73,23,71,67,93
95,22,69,3,10,31,31,84,40,31,41,1,19,92,40,67,13,40,35,21,91,26,38,10,77,33,42,78,53,49,4,21,7,30,16,67,92,71,49,59,76,56,63,86,77,74,51,69,4,13,16,100,47,95,21,49,38,55,44,27,33,40,60,25,22,62,7,78,7,21,28,17,75,36,45,35,59,59,40,53,61,21,51,37,80,37,11,84,91,33,70,81,4,65,71,34,59,21,59,93
77,19,77,99,44,10,17,51,80,26,84,57,27,38,81,19,36,74,74,85,62,40,46,93,60,53,93,28,60,49,78,53,45,79,99,34,15,25,70,90,56,52,68,83,27,42,91,33,52,93,10,59,76,26,35,35,38,37,17,34,53,8,43,18,75,42,7,77,7,9,12,39,66,28,86,20,100,3,74,76,32,34,26,84,90,32,54,11,35,36,20,87,52,16,76,69,32,43,72,52
56,19,82,49,30,28,93,38,40,36,7,20,26,42,88,18,83,88,37,1,81,71,9,19,28,38,2,57,66,88,2,32,81,6,53,66,6,66,82,32,33,61,100,99,26,57,9,98,55,50,76,74,57,86,59,70,92,75,6,67,10,41,44,71,42,61,67,37,26,94,78,20,40,96,85,7,48,96,3,73,24,10,68,1,50,40,14,20,95,41,39,60,52,41,56,46,6,76,84,67
91,63,53,46,8,51,37,62,28,63,27,42,4,4,49,20,80,73,16,41,73,79,63,79,68,40,60,81,37,87,45,52,17,99,60,34,53,89,78,86,23,85,73,25,17,28,84,64,6,8,83,41,51,97,68,1,33,44,78,71,89,68,21,63,94,17,78,75,32,93,54,86,83,56,49,3,69,39,74,98,44,20,37,81,5,56,54,25,5,9,32,21,20,55,45,40,86,50,83,49
54,9,50,95,94,8,32,33,37,17,36,82,34,93,21,87,21,75,77,86,21,69,17,62,92,82,12,65,41,35,53,49,7,47,12,8,54,39,0,8,42,25,25,21,41,84,34,36,37,35,65,49,84,71,42,67,47,24,64,50,90,39,28,38,96,56,77,26,23,44,68,81,2,32,0,15,88,60,76,31,91,24,8,71,4,38,42,47,72,49,52,36,32,69,79,86,49,39,20,7
72,58,83,77,32,8,89,39,17,9,94,75,21,97,54,43,31,62,0,15,22,2,47,2,14,100,66,59,6,38,82,19,6,67,37,32,48,4,10,57,68,5,51,27,75,87,16,55,43,31,50,59,68,79,58,26,94,4,71,2,89,51,9,42,27,96,4,6,28,83,77,64,93,12,51,96,57,5,93,25,94,80,44,12,82,76,18,24,95,58,19,21,12,63,98,83,62,83,98,48
7,100,17,85,88,10,43,96,73,24,35,67,4,79,61,22,42,49,77,51,88,62,60,39,45,62,35,92,92,18,70,39,78,70,39,22,76,55,85,11,15,33,59,14,58,53,44,56,74,96,11,26,2,62,40,51,78,92,59,17,11,100,80,35,29,43,73,28,81,98,52,40,74,28,25,63,29,23,12,84,3,62,0,94,100,42,90,58,44,0,66,20,33,5,64,33,61,45,69,75
88,52,82,61,48,43,4,57,68,83,16,89,96,7,19,94,42,96,24,13,57,41,18,83,98,57,66,14,76,86,40,54,75,0,75,67,62,4,21,27,49,22,57,33,0,31,37,62,57,20,95,18,25,80,89,26,0,65,58,61,8,10,57,78,70,75,54,28,9,18,17,43,1,86,63,94,89,4,6,86,59,42,15,13,30,30,62,16,47,51,12,28,44,63,80,22,26,0,34,37
53,81,19,73,40,57,6,5,83,17,24,63,91,23,93,13,49,63,96,100,55,92,31,97,41,34,3,96,32,15,1,85,76,6,49,78,95,99,92,35,93,69,12,33,70,1,71,60,14,9,92,60,26,10,91,60,26,25,5,81,50,35,95,43,26,45,49,50,49,48,69,76,75,32,32,59,33,76,28,91,46,92,40,81,45,12,77,34,83,86,31,62,15,7,83,57,5,54,58,100
20,99,80,62,70,79,8,46,99,68,50,87,71,73,8,11,28,28,13,86,68,88,92,91,36,11,16,20,19,88,66,36,29,71,99,84,37,8,56,77,19,40,71,92,60,35,69,8,49,31,96,65,83,16,88,82,46,13,65,77,24,78,72,48,36,64,11,100,53,93,3,21,97,17,53,36,50,58,12,62,26,98,73,63,68,14,45,59,45,15,44,97,42,72,44,27,84,47,100,66
46,86,5,60,37,22,11,23,44,85,91,75,97,35,28,12,24,90,50,55,78,72,92,91,42,8,92,14,98,88,62,96,75,40,16,96,67,88,20,7,15,78,72,2,51,11,59,68,16,6,77,28,72,38,71,7,53,9,2,40,34,67,20,25,32,43,96,78,66,76,32,58,60,21,20,72,57,90,80,79,90,62,82,4,34,57,89,60,88,67,5,13,21,98,15,54,58,3,57,75
32,64,18,30,17,79,83,89,64,75,18,10,71,48,76,67,85,50,63,29,97,98,39,4,88,96,22,77,69,9,38,25,17,40,89,9,35,48,48,59,14,12,47,53,4,20,42,60,40,22,19,22,51,67,44,8,71,58,100,31,64,16,68,54,50,4,98,88,14,71,90,27,44,61,88,83,54,65,75,31,85,98,44,25,78,34,67,15,99,26,6,24,81,46,89,95,36,35,87,91
24,16,32,73,6,65,52,5,11,75,1,35,70,89,16,95,82,71,40,71,93,82,96,68,54,42,35,76,78,24,42,97,45,98,44,42,44,54,91,63,2,3,80,13,84,31,93,94,80,42,74,59,11,46,60,85,92,35,22,63,35,88,10,69,25,22,96,23,94,0,83,97,68,87,78,26,58,64,21,8,94,1,82,25,3,11,9,65,17,2,11,29,59,27,99,20,41,12,76,94
34,63,37,79,46,49,14,93,21,25,50,64,13,89,39,98,8,43,54,68,55,42,3,77,15,2,12,81,2,2,29,47,100,55,71,75,39,82,46,91,42,63,60,9,22,78,56,63,10,33,22,82,40,62,78,76,62,93,48,14,87,64,63,99,34,64,80,83,0,90,63,94,45,45,10,84,90,37,94,74,81,48,49,24,27,70,39,83,29,68,56,82,57,59,26,97,32,72,94,88
48,80,1,28,58,65,29,57,54,46,32,48,88,33,58,12,75,84,53,83,35,15,6,63,51,15,19,55,12,37,83,0,21,24,95,41,88,48,77,89,49,93,72,97,89,46,91,68,27,42,25,55,76,8,73,85,48,0,75,67,42,73,69,49,31,85,58,15,81,33,72,49,18,52,82,8,98,43,93,0,47,94,89,19,15,14,27,83,2,8,58,57,36,11,45,64,19,95,62,81
53,24,41,2,24,65,79,42,43,13,57,98,63,0,13,82,26,86,94,43,85,9,58,32,16,84,15,11,32,27,12,11,43,22,68,37,12,24,66,92,92,12,5,35,9,8,5,87,8,49,73,57,59,47,68,90,41,66,40,25,7,67,61,1,36,18,49,42,94,7,86,27,2,24,95,8,69,12,82,55,3,96,60,25,80,40,83,46,42,69,12,75,7,16,54,60,91,71,87,87