84,31,43,22,26,68,63,97,72,52,0,16,4,19,14,25,100,48,13,94,88,65,91,97,96,80,41,98,30,4,77,81,25,32,49,11,80,47,93,4,67,63,4,31,87,24,98,90,47,13,73,22,40,3,77,16,21,55,13,57,72,62,1,54,10,12,12,30,23,44,63,10,61,30,56,4,54,97,88,29,36,23,94,49,80,45,27,18,74,41,100,16,84,66,81,63,90,15,80,14
95,84,100,47,18,72,59,12,14,10,50,52,67,0,38,36,19,8,37,53,95,88,99,82,24,2,81,31,98,72,27,63,60,93,63,11,1,10,96,13,51,13,87,90,69,0,4,4,22,3,10,56,22,19,5,85,41,66,81,0,63,88,70,90,63,65,70,85,71,94,77,46,23,95,50,67,33,71,82,2,39,21,65,100,5,84,24,61,41,71,83,42,84,41,51,77,31,14,82,74
73,36,57,6,75,77,91,79,23,48,98,53,39,100,93,8,89,50,37,13,78,53,39,93,49,16,14,50,50,14,83,87,13,25,9,21,67,79,84,30,53,23,71,13,96,56,93,81,63,84,61,24,14,91,36,13,37,30,45,82,20,45,98,21,66,86,9,28,61,39,98,70,88,70,47,100,12,65,90,70,44,58,69,46,50,16,22,77,91,98,59,27,36,36,25,100,22,76,26,40
24,77,88,8,33,87,58,92,85,81,58,83,55,92,16,39,76,45,8,2,95,11,30,8,82,76,44,72,58,72,50,16,50,63,95,31,49,17,2,90,37,44,98,81,54,95,58,85,25,80,51,8,12,8,65,37,24,71,89,90,1,84,42,68,96,65,28,60,26,53,32,30,55,67,54,17,86,31,55,43,95,36,16,17,83,74,43,35,58,76,17,25,100,54,94,30,17,15,62,43
0,44,31,33,91,74,43,86,45,18,19,79,88,42,87,9,94,99,57,14,45,4,90,68,42,50,67,99,1,91,37,69,18,92,42,14,13,83,80,69,44,100,69,47,89,51,90,77,67,37,3,86,34,85,91,26,64,50,77,10,38,92,42,49,77,29,0,42,86,52,29,72,22,36,57,64,0,46,76,39,89,54,45,4,65,35,10,44,45,67,73,3,64,2,50,34,90,2,23,5
66,0,28,96,98,26,84,91,92,24,48,20,98,22,97,17,54,37,69,17,69,31,36,47,64,57,70,19,13,40,79,62,25,50,62,38,0,37,59,76,56,2,21,27,14,67,87,84,59,79,78,99,94,76,65,12,41,95,3,6,81,79,24,92,44,1,17,3,61,58,82,2,1,29,93,19,95,8,73,71,12,55,95,0,19,66,85,6,8,7,7,80,84,12,78,57,48,91,21,100
62,57,53,1,51,95,82,18,41,55,95,53,24,14,72,27,16,1,49,42,14,12,40,54,25,27,18,97,51,66,91,55,79,22,39,21,46,41,0,3,37,64,0,54,20,76,56,76,14,22,22,42,12,88,7,0,6,63,87,93,7,17,6,64,64,7,85,45,100,43,70,94,75,31,89,93,49,9,2,33,34,72,28,61,55,6,51,86,17,0,44,96,67,90,74,71,60,64,80,85
91,71,17,28,45,91,49,10,45,61,11,66,55,30,94,61,43,67,56,93,40,15,99,57,58,31,66,46,15,81,23,12,28,17,44,17,21,2,42,80,97,68,53,44,4,69,64,7,29,31,93,18,93,38,98,64,62,50,89,41,90,22,79,75,59,94,69,6,20,80,21,22,77,12,17,17,95,81,38,95,29,40,97,84,96,48,2,54,24,60,8,35,21,98,2,62,11,75,18,78
42,54,88,11,74,22,85,10,69,8,4,14,19,86,37,45,6,54,19,70,60,23,3,52,96,17,55,29,18,36,40,47,88,70,96,17,13,93,95,33,22,38,50,1,24,85,64,87,58,82,30,20,49,26,64,57,28,90,79,77,96,42,15,78,25,55,67,30,26,25,14,89,8,87,60,40,4,16,22,82,11,65,14,53,8,91,51,40,50,100,72,70,100,94,74,62,77,51,8,49
42,92,93,27,99,56,33,16,82,29,85,15,82,29,23,29,21,47,51,32,70,66,1,71,68,2,28,69,3,80,14,90,90,92,98,32,34,18,72,84,68,63,93,67,92,13,21,12,16,36,60,25,0,2,36,44,85,98,53,25,80,49,84,69,70,79,19,15,51,4,94,33,85,11,48,91,78,39,3,99,25,3,20,31,54,2,16,25,38,8,26,68,71,3,9,35,18,85,98,37
66,95,57,15,3,96,74,79,91,74,51,23,26,80,11,83,46,93,48,9,100,95,28,22,58,57,31,29,0,80,52,8,14,76,4,1,15,12,24,73,9,58,75,53,17,13,57,26,6,80,44,76,55,9,88,30,4,68,18,77,14,31,66,49,27,79,86,54,95,74,33,61,93,22,23,53,45,46,90,83,4,12,48,54,4,58,74,88,40,7,51,88,14,38,99,78,60,66,61,96
65,12,51,92,10,13,72,43,60,66,57,15,28,4,13,21,93,26,67,81,70,60,39,91,58,56,27,73,75,19,36,29,17,4,39,32,36,39,26,75,28,13,21,74,63,49,50,55,47,96,83,28,45,81,48,37,35,14,84,13,66,51,12,80,38,99,43,41,55,5,47,83,59,9,48,38,20,89,78,13,27,44,12,21,89,55,91,32,38,51,74,24,33,48,32,37,43,75,44,66
66,93,86,98,57,9,96,2,78,13,79,5,41,98,84,92,23,43,97,20,93,61,14,48,78,50,48,50,77,74,72,34,45,8,31,76,68,51,23,46,52,67,15,40,78,93,88,32,47,1,48,42,50,60,20,61,20,9,72,7,45,18,71,98,36,77,22,23,89,25,89,69,31,44,46,64,13,40,30,77,71,11,11,35,25,34,72,5,75,33,94,76,4,76,14,81,44,38,6,18
37,45,65,37,42,68,97,74,81,49,17,94,90,40,23,93,64,12,100,20,77,97,71,92,26,11,27,81,4,80,54,87,38,61,84,0,38,33,62,25,82,90,62,84,12,60,74,23,74,93,42,21,97,10,36,27,29,70,28,12,53,3,44,56,91,38,3,62,13,67,4,64,50,85,9,89,36,98,2,23,6,81,72,68,79,95,41,39,14,11,22,16,2,99,51,29,39,19,19,23
89,76,28,55,20,90,19,88,37,28,99,77,92,22,52,71,29,100,1,69,60,55,4,65,60,91,17,96,42,42,72,46,73,97,62,78,25,63,15,36,22,49,58,77,11,56,32,95,29,9,28,66,43,40,58,55,82,87,18,13,67,55,25,5,77,93,82,96,53,65,4,14,2,43,31,67,45,40,10,91,60,13,0,1,0,17,22,33,61,44,12,90,6,100,4,94,20,90,22,40
93,35,52,81,89,40,54,74,96,0,88,67,18,71,39,89,66,83,11,12,57,74,47,90,93,5,14,57,40,28,35,97,28,95,76,73,88,96,84,32,48,63,82,71,57,63,23,49,15,44,22,99,0,20,77,36,62,15,21,33,29,99,19,3,53,5,50,65,25,54,6,80,62,8,10,15,85,63,21,0,29,23,21,93,79,17,68,6,49,50,10,81,49,49,36,13,54,18,87,97
29,10,68,77,29,61,14,16,33,23,4,69,17,5,40,86,31,21,62,58,40,5,45,68,16,64,47,40,29,50,25,84,7,73,73,29,100,5,21,76,66,47,8,73,72,85,75,3,16,33,48,98,75,29,19,68,17,25,92,0,62,59,69,24,73,45,29,60,55,18,35,40,58,89,80,77,75,89,83,95,51,80,88,36,91,26,91,98,28,71,68,79,11,16,100,94,37,87,91,19
10,60,38,79,63,22,4,9,55,66,15,92,41,49,98,74,5,12,24,45,21,64,87,67,36,76,64,1,11,44,31,13,35,75,10,81,44,74,7,56,13,74,60,35,20,20,96,11,15,64,41,23,6,60,94,21,13,66,32,91,9,27,40,44,48,34,92,33,9,83,41,75,41,77,23,63,29,84,28,52,51,35,17,48,21,80,73,66,92,55,97,34,25,11,29,60,5,7,72,89
88,85,45,84,78,28,96,42,58,97,80,51,60,77,53,23,73,38,31,48,95,70,53,43,77,87,16,39,61,28,92,57,55,58,56,73,7,65,21,23,41,41,25,92,63,64,82,24,93,36,9,45,94,53,48,90,62,94,0,40,14,88,46,2,28,54,66,16,40,23,99,80,82,81,21,18,7,6,15,52,82,61,32,65,81,32,10,60,79,70,5,43,15,89,67,8,67,90,13,59
95,83,15,3,47,20,20,3,26,16,7,55,59,90,64,86,26,52,73,91,76,35,22,77,53,8,89,72,24,29,82,83,96,68,79,38,68,56,73,93,92,90,44,14,28,28,84,76,43,23,84,6,31,2,86,39,94,63,11,8,74,29,99,21,30,100,93,7,84,87,27,9,61,94,93,80,7,34,16,56,98,81,99,23,94,73,28,22,29,19,75,84,81,81,55,36,29,32,49,21
14,63,55,34,87,44,6,8,89,28,13,94,57,53,96,59,62,32,24,0,88,92,24,53,45,58,38,5,3,8,18,73,66,14,41,71,34,45,57,36,16,40,32,48,44,80,62,88,36,26,5,54,73,30,26,89,68,96,95,90,90,90,84,57,2,21,78,10,19,17,90,16,94,63,15,91,56,21,17,48,46,49,4,94,50,78,68,28,44,78,6,88,59,53,20,21,7,19,25,91
25,5,85,3,16,23,84,99,4,91,77,8,84,19,5,36,19,70,23,46,58,90,93,76,23,11,98,99,43,61,70,45,97,52,42,74,79,91,15,8,48,89,41,83,85,39,4,51,41,31,34,12,38,10,58,74,49,19,99,13,0,61,49,38,68,26,28,71,37,57,64,36,91,70,11,20,53,92,6,44,100,57,6,33,70,22,44,49,94,67,10,25,3,32,99,40,28,24,51,38
19,98,27,42,12,10,93,87,18,56,54,13,37,15,99,18,96,37,30,1,9,63,76,10,55,98,42,87,91,32,99,20,97,33,3,96,43,17,66,12,82,14,67,38,9,30,68,46,45,26,82,50,63,76,81,95,47,13,10,12,85,55,27,45,58,14,24,11,69,80,21,58,1,30,10,58,61,14,25,49,50,17,81,74,26,23,90,57,98,94,60,2,100,94,2,73,85,33,97,55
28,98,65,84,36,59,7,80,64,48,76,24,32,91,51,100,76,26,33,7,44,76,90,30,24,80,64,2,14,40,19,32,47,45,10,70,50,22,8,85,42,61,42,99,37,4,18,77,20,78,67,53,46,72,26,4,82,68,16,65,25,100,45,18,39,30,18,56,24,22,88,7,92,27,87,27,30,45,71,21,1,81,52,30,8,11,94,78,1,24,89,43,23,12,95,32,24,26,46,58
74,63,22,17,46,57,35,65,75,40,12,63,23,85,0,54,60,16,91,0,96,97,100,98,83,16,66,55,55,13,91,43,55,58,94,16,99,0,61,56,23,48,74,21,20,27,26,87,78,10,89,94,23,97,47,28,92,65,100,88,89,64,9,44,9,5,66,54,78,35,50,50,66,14,33,59,36,0,10,65,21,2,82,5,5,21,4,39,44,27,3,38,30,97,18,68,89,58,41,39
82,13,95,87,87,49,24,69,28,43,86,41,88,5,60,32,35,34,17,43,71,32,9,29,2,46,13,47,25,64,69,42,75,0,84,97,59,19,15,93,21,19,50,30,52,58,16,15,45,42,16,4,31,42,48,62,88,83,20,98,25,21,81,7,62,99,58,45,7,55,26,26,43,66,65,97,13,4,65,29,83,96,19,26,14,40,29,6,17,19,64,29,0,0,63,99,23,68,18,41
44,61,96,63,72,48,45,21,80,49,82,86,5,22,98,36,69,69,9,47,70,64,55,14,80,8,95,35,2,89,19,68,96,2,7,87,12,38,97,98,47,78,67,83,25,90,83,12,54,42,9,35,38,68,78,22,32,73,35,50,12,12,6,36,81,5,96,23,86,60,55,33,48,28,22,85,36,60,9,40,61,43,28,81,70,24,8,34,88,86,84,86,16,8,59,75,66,80,94,12
45,10,1,61,61,3,22,22,38,10,61,100,25,17,100,86,68,60,69,1,55,56,51,60,9,15,48,34,91,78,60,76,34,98,67,43,83,54,9,33,80,11,34,40,50,57,18,58,47,41,67,76,33,77,45,77,43,42,35,46,71,2,62,72,84,24,68,34,83,75,76,76,1,97,34,9,64,54,64,92,79,60,7,68,4,37,53,98,72,81,8,5,51,5,29,95,34,38,21,56
63,86,73,81,16,70,6,85,73,38,93,19,37,85,16,62,53,11,17,41,41,50,61,39,1,90,19,35,93,38,33,14,77,96,51,93,96,34,96,85,26,53,44,12,83,56,83,9,28,72,43,100,83,12,72,44,73,0,36,49,3,91,82,63,77,91,26,37,76,58,93,59,73,36,37,83,61,29,18,65,81,30,0,13,72,25,81,33,13,42,12,69,99,71,34,48,2,35,81,21
23,20,92,78,9,31,16,82,48,68,10,89,74,37,77,52,27,64,56,55,54,47,58,25,88,72,56,83,78,78,8,18,67,23,79,64,79,93,39,16,31,50,15,21,49,73,47,17,69,88,12,57,14,95,76,92,8,60,89,59,28,64,59,52,18,21,26,37,50,85,67,15,69,21,77,20,27,10,63,56,81,52,95,35,6,1,35,21,60,39,78,94,70,17,52,58,18,62,75,76
50,57,96,57,46,54,39,9,73,75,53,45,33,91,17,75,26,74,38,66,18,19,30,72,21,81,7,52,40,35,18,56,0,48,94,100,75,10,49,33,48,96,52,26,93,60,24,36,19,40,17,37,37,10,11,69,91,0,54,100,60,70,72,8,10,79,96,52,2,86,27,58,58,70,83,71,54,46,75,93,40,60,36,5,83,64,27,35,37,96,82,29,77,28,46,79,50,68,40,60
50,42,37,44,9,47,1,47,69,35,7,47,49,18,46,75,84,83,25,70,28,84,65,84,39,56,68,80,98,3,4,64,26,18,34,43,62,28,63,49,0,63,8,42,20,82,50,42,2,52,9,84,9,29,21,22,6,22,24,52,82,7,19,74,44,73,41,70,29,20,66,67,88,70,2,94,74,83,88,14,88,65,55,38,24,78,93,1,13,21,61,86,1,10,89,100,66,89,55,17
9,15,23,27,23,64,73,31,6,74,19,87,89,39,92,79,38,58,53,33,64,100,71,96,80,39,47,70,52,66,67,30,48,41,5,78,10,48,46,73,14,84,37,47,41,100,93,8,29,43,87,0,70,51,0,92,89,48,8,85,18,80,24,7,1,38,63,7,95,70,31,18,64,88,38,57,30,32,82,3,56,76,57,83,41,76,51,33,88,53,38,99,54,15,9,37,49,35,6,13
73,36,97,53,32,49,41,85,7,3,0,46,64,100,90,90,70,73,81,93,70,66,10,21,34,67,97,95,93,57,27,12,57,99,31,83,48,57,57,99,54,78,34,48,15,90,51,51,67,17,15,84,68,54,7,31,10,31,5,47,68,47,66,35,50,19,75,90,25,38,13,42,97,71,53,10,79,66,99,40,72,64,50,59,80,25,40,47,40,21,80,62,49,50,20,93,46,65,74,90
94,82,30,90,7,9,92,69,14,11,83,40,45,90,48,58,22,69,15,37,92,77,22,9,10,52,83,44,74,77,41,58,95,19,72,8,84,59,10,37,21,22,57,22,90,58,77,76,56,54,76,85,11,93,31,41,29,36,96,38,18,74,5,94,97,4,87,93,45,62,68,70,79,1,7,91,85,16,68,53,86,35,90,65,28,16,18,66,22,54,35,27,28,99,14,14,46,44,97,28
85,45,57,67,64,69,83,43,57,11,19,23,91,59,5,60,55,46,25,71,35,38,89,91,75,14,39,98,1,69,44,11,34,70,67,85,42,28,27,46,52,38,98,84,19,14,85,10,76,46,25,58,54,76,53,85,98,49,29,68,51,46,46,11,8,70,22,5,40,18,75,40,28,19,48,80,36,86,66,13,46,56,33,51,10,97,73,83,49,0,71,70,86,72,90,43,45,8,71,14
89,66,47,86,95,26,3,100,15,5,2,86,88,35,60,85,98,100,67,72,17,19,13,84,35,40,77,55,3,42,50,3,14,87,39,69,15,24,18,61,59,34,10,20,16,93,83,45,43,39,66,82,7,3,52,95,75,40,75,23,3,16,82,33,0,44,9,32,84,58,53,14,80,60,48,31,62,14,22,98,3,75,10,80,2,63,55,41,80,24,56,51,35,6,78,0,90,16,46,96
45,37,4,67,6,80,54,23,59,21,10,62,57,89,91,95,68,99,26,39,16,47,85,19,87,89,76,98,96,51,10,4,70,23,45,74,56,81,1,14,3,90,31,53,93,71,8,64,48,58,52,66,48,42,35,61,95,47,56,55,17,16,10,16,36,39,18,40,60,45,41,44,95,57,26,74,87,58,51,74,53,48,86,29,49,15,8,84,10,6,45,55,75,52,68,95,99,59,25,17
64,58,59,31,86,17,70,35,48,36,5,89,15,7,85,23,85,97,78,93,43,50,64,69,49,79,45,36,83,73,93,12,0,85,83,95,25,37,100,41,37,50,26,78,52,96,62,87,73,2,0,35,64,76,72,69,74,91,60,23,57,72,54,27,79,0,13,55,58,37,25,20,92,30,19,22,88,43,43,44,51,64,80,28,66,37,26,53,84,35,64,89,1,19,17,94,80,11,90,31
70,19,14,82,26,69,95,5,3,73,86,71,37,42,57,67,94,29,63,12,67,74,24,35,64,9,95,73,24,36,26,68,80,96,25,25,2,2,55,16,49,96,69,48,99,86,8,26,77,22,67,44,29,43,46,2,51,89,54,70,73,36,35,93,18,74,57,88,96,29,96,1,0,29,33,89,11,85,43,34,45,48,39,42,6,61,48,59,55,100,51,27,23,4,73,23,21,11,59,31
0,10,99,62,31,97,54,97,63,94,59,34,34,61,8,35,64,75,37,19,68,85,59,54,98,81,79,97,7,94,10,81,46,0,10,92,51,26,31,11,77,31,28,43,39,80,35,70,75,36,74,32,91,63,59,95,31,55,72,41,39,16,71,75,100,71,44,94,97,49,30,78,53,89,14,7,24,63,96,63,64,39,7,37,35,1,47,13,60,14,85,45,8,25,89,1,5,16,55,13
14,67,90,13,75,21,23,40,83,97,32,41,43,30,35,30,27,61,36,47,14,14,63,78,14,87,14,99,3,38,57,17,10,21,27,19,14,85,31,82,33,75,73,0,32,63,40,42,70,45,29,92,8,51,76,95,38,76,65,35,23,60,10,99,23,14,35,41,96,49,78,12,33,70,59,5,22,74,18,93,15,84,15,26,87,43,70,45,79,21,35,34,41,96,41,31,19,51,5,91
79,30,60,98,68,2,50,74,62,10,56,89,8,50,58,66,23,66,81,97,15,29,61,33,7,5,56,32,73,97,86,5,36,64,6,2,29,38,19,46,45,46,9,42,76,74,86,22,66,32,90,96,16,49,52,1,1,15,27,53,71,36,72,8,5,11,33,52,13,86,41,48,52,84,55,27,46,86,48,92,53,70,49,26,86,24,13,23,54,22,92,96,4,95,37,40,51,8,35,88
47,54,91,26,46,83,12,18,15,3,83,31,99,16,94,74,56,1,17,27,90,2,91,44,84,52,49,80,0,68,50,98,79,54,90,53,45,81,85,73,0,71,26,96,77,37,56,1,58,25,30,18,36,50,44,16,52,62,47,98,29,64,17,85,87,12,52,36,73,20,11,68,1,77,82,98,66,2,82,46,92,72,90,90,61,7,74,71,19,53,5,47,57,11,8,52,85,45,80,68
68,57,96,73,74,64,81,27,86,65,79,90,63,86,51,63,30,11,98,92,6,72,2,60,9,7,99,5,38,49,67,99,55,17,15,80,47,76,26,4,66,98,6,99,78,92,56,10,29,49,26,63,6,52,12,69,66,97,62,5,38,13,82,20,47,76,0,71,95,10,63,81,8,84,76,43,54,1,37,51,47,7,57,56,81,1,6,21,33,59,21,22,42,23,22,86,79,19,14,49
56,73,29,26,71,81,84,95,12,32,67,52,81,87,23,46,64,42,3,79,43,65,45,4,50,1,4,14,57,31,80,32,40,74,7,72,92,29,38,90,79,82,27,12,79,11,67,60,4,45,42,95,88,34,47,13,17,2,22,83,55,98,65,22,38,16,71,37,67,96,30,72,34,55,24,24,46,83,76,58,33,75,11,86,72,37,4,89,43,8,34,67,25,86,69,42,29,18,26,56
21,86,43,93,2,20,62,54,73,69,33,29,42,67,94,19,83,33,59,24,21,81,99,18,44,58,100,19,48,31,59,38,100,89,37,50,89,47,37,74,81,94,33,7,73,63,88,28,10,52,51,39,25,31,79,90,49,32,60,89,40,99,46,73,8,61,12,91,95,53,60,9,42,49,98,48,34,32,77,10,93,15,24,46,70,54,22,78,32,55,87,65,42,89,1,1,44,28,41,95
34,13,87,47,4,99,85,65,82,77,66,93,80,27,59,0,70,54,67,52,82,7,18,41,51,60,41,47,4,64,31,52,93,21,28,95,71,79,82,19,66,38,86,5,47,32,25,71,54,36,12,75,40,34,44,80,85,8,87,50,10,48,53,26,26,96,97,72,92,21,4,75,93,33,25,28,42,73,95,28,40,71,71,20,39,42,24,71,32,71,43,7,16,18,67,55,36,68,56,74
50,53,21,16,36,17,54,69,90,54,17,41,41,33,100,98,25,94,71,98,20,47,83,35,41,84,17,75,84,77,11,79,49,52,42,45,1,10,99,55,53,82,19,69,19,24,41,50,70,94,37,89,96,96,79,35,20,75,94,56,2,41,17,45,80,76,29,20,74,13,75,67,96,69,54,52,82,49,62,65,32,83,56,4,84,16,8,23,50,97,42,59,23,90,6,25,40,67,72,75
99,34,58,38,98,44,46,3,86,8,82,96,20,77,43,73,31,34,96,42,79,46,74,6,96,37,39,30,14,94,89,6,15,8,13,67,52,54,1,95,40,48,55,32,77,69,48,48,0,12,71,28,20,74,80,34,7,72,33,30,93,49,78,14,87,82,80,28,85,7,73,91,99,85,21,56,95,8,1,3,15,88,98,0,68,68,24,82,18,0,10,37,66,46,38,36,7,0,27,2
52,84,6,10,22,90,39,77,100,66,0,30,55,3,6,62,68,74,18,82,47,36,93,93,60,90,12,49,96,74,10,14,78,12,96,58,49,58,49,40,84,62,49,58,68,81,28,3,9,13,93,80,43,40,54,31,0,29,84,93,20,46,18,67,41,65,52,0,81,7,43,14,93,2,27,69,37,33,3,67,34,60,16,9,16,83,2,29,36,22,22,26,74,81,14,14,8,36,46,16
7,81,98,14,80,7,38,44,68,4,35,12,66,78,30,21,65,0,19,70,24,21,32,54,30,93,47,10,24,19,87,44,28,5,80,65,20,55,35,3,74,1,91,68,39,65,58,46,15,39,98,59,99,60,34,9,58,87,85,25,80,83,6,36,91,44,98,94,48,52,58,25,96,44,79,58,92,97,58,94,46,20,25,85,82,2,96,9,15,9,4,71,34,66,79,89,54,22,56,51
5,10,1,95,36,35,34,8,99,35,90,41,88,73,23,20,61,63,73,71,92,62,36,33,30,24,49,24,60,92,50,83,6,64,85,22,34,20,100,17,46,35,95,32,31,80,59,44,66,51,17,58,63,32,86,65,33,11,76,9,46,100,87,43,80,51,46,80,36,75,44,100,74,16,5,23,69,41,38,97,45,53,4,98,59,59,52,88,56,71,44,90,25,28,71,84,74,57,44,9
18,98,23,49,65,67,53,60,87,37,14,27,92,56,84,83,77,14,17,99,35,67,54,74,22,11,50,90,46,75,7,49,94,50,5,67,47,88,65,33,58,71,95,48,39,60,49,11,66,92,35,54,36,86,76,84,26,5,4,88,37,7,40,4,77,54,63,15,15,0,18,63,61,63,29,25,17,95,55,74,74,28,68,47,27,97,99,54,18,18,55,90,69,44,85,84,46,43,37,4
84,41,70,16,75,34,11,85,32,53,5,55,57,98,55,77,9,10,10,84,16,50,2,31,51,62,70,79,7,96,9,72,92,49,71,22,59,9,5,18,94,66,17,44,3,72,55,27,77,58,81,91,58,1,29,5,61,63,58,77,19,9,44,57,44,89,89,29,32,66,51,9,4,92,43,89,94,98,84,38,43,84,33,88,54,24,14,83,46,45,42,10,37,53,64,92,99,3,9,7
10,11,67,48,5,61,53,70,22,16,30,34,70,71,99,84,58,9,93,30,86,44,62,39,31,21,11,3,62,29,78,56,54,94,17,31,95,61,58,89,72,77,79,19,86,27,30,4,54,95,18,74,74,52,13,54,28,48,59,23,72,81,77,69,47,48,61,87,54,13,35,16,9,44,13,89,50,48,1,13,72,40,32,60,60,74,49,10,4,39,79,89,2,65,0,9,44,16,23,44
53,81,17,34,70,93,76,70,7,17,15,22,24,92,29,87,37,12,100,34,56,38,9,74,30,26,23,95,61,39,96,59,9,97,93,19,59,72,45,8,100,24,95,25,51,98,74,29,57,92,62,77,43,21,41,20,52,15,87,69,47,43,76,42,69,46,83,53,39,61,41,51,89,8,52,46,20,94,0,44,51,6,78,63,39,40,77,48,16,28,22,85,91,45,23,22,3,76,29,15
30,79,81,64,16,58,29,63,40,50,67,87,79,82,58,96,65,2,80,96,96,2,24,40,57,88,16,46,91,72,83,88,75,12,10,73,67,72,64,71,20,36,26,84,39,85,7,52,81,9,90,18,84,32,31,42,70,63,95,84,69,75,68,61,99,41,36,38,44,49,57,99,55,87,68,41,5,60,12,58,61,47,36,33,38,40,84,82,52,37,66,60,88,69,86,16,70,86,57,41
52,25,44,100,85,37,34,55,34,93,15,29,86,37,74,19,33,47,80,68,60,89,6,31,28,15,72,71,13,8,73,19,59,50,10,14,90,88,64,71,25,69,75,49,17,53,74,55,96,14,34,88,84,12,17,22,47,99,7,76,36,38,60,68,59,38,98,90,90,10,56,25,85,77,9,44,97,18,18,81,52,96,22,45,36,37,45,10,85,19,46,16,22,84,86,93,98,7,70,20
10,13,8,71,69,97,15,26,55,57,64,75,29,18,6,63,29,56,39,30,32,5,96,87,65,97,67,64,78,96,61,96,63,88,5,61,24,98,13,60,56,50,56,26,17,69,22,64,75,51,99,46,54,13,8,59,99,5,18,22,32,7,84,13,11,12,78,1,5,14,21,13,95,84,34,37,19,57,33,4,20,5,92,82,94,71,86,68,12,9,25,4,17,5,75,64,76,98,99,66
2,96,39,41,45,75,22,21,5,99,7,60,39,64,70,27,65,35,36,17,85,83,77,37,59,28,53,22,51,76,34,89,38,18,26,2,4,5,39,63,27,85,4,96,33,2,18,97,74,71,8,66,90,57,42,13,89,61,21,41,38,2,85,13,23,73,17,88,83,71,14,3,92,56,76,79,28,85,4,1,30,40,16,78,82,57,42,75,50,20,16,39,31,6,99,29,62,44,39,74
100,76,63,8,30,76,32,91,91,4,12,2,69,19,25,94,67,66,65,60,49,95,43,61,97,17,22,68,23,10,23,66,59,20,52,74,28,20,10,93,100,8,1,82,38,66,68,91,54,39,54,88,91,49,17,93,92,61,78,97,41,24,32,75,99,93,69,35,28,92,80,8,62,74,71,87,66,13,91,15,72,56,19,39,88,47,27,12,93,31,77,39,91,92,1,71,94,19,63,9
26,13,62,7,30,36,40,28,39,100,15,94,69,15,27,98,12,19,62,8,32,71,45,99,10,6,85,68,35,0,46,13,20,86,18,50,97,40,83,53,58,65,39,100,40,5,38,8,52,66,42,91,59,8,71,5,33,33,88,81,80,57,83,94,55,1,11,80,90,69,96,59,32,21,23,55,69,97,24,12,45,56,83,56,20,46,64,45,83,69,89,100,49,76,22,59,30,3,1,18
12,77,69,54,30,40,87,24,61,59,14,17,22,37,36,0,99,58,1,23,20,20,63,7,92,63,84,17,19,40,69,81,6,42,32,93,82,27,46,88,68,24,11,23,100,55,14,36,20,82,50,49,24,24,97,80,6,15,97,21,68,12,71,78,99,55,31,4,38,12,56,53,79,84,42,65,61,5,56,70,43,26,88,2,86,20,100,64,82,67,94,37,96,10,45,33,100,27,22,39
42,19,55,93,51,56,40,64,83,27,89,76,99,80,19,21,94,14,73,21,86,66,68,40,24,28,48,38,85,85,92,98,9,15,34,37,8,2,0,74,99,54,61,35,23,28,78,82,31,32,35,6,63,0,79,8,31,80,33,37,3,2,97,5,55,98,64,55,45,94,73,65,65,54,15,68,54,96,13,90,49,86,66,28,35,1,97,71,100,15,39,33,33,41,68,52,76,43,10,12
81,43,34,12,20,70,70,2,17,80,45,17,89,55,32,93,11,23,78,10,77,99,23,37,42,3,73,59,74,36,97,38,58,83,42,49,100,42,34,22,29,97,18,18,27,9,7,12,49,71,46,54,0,2,92,71,66,59,14,100,46,43,43,58,6,75,55,90,33,83,70,88,64,26,1,31,96,77,33,0,91,83,57,7,1,20,35,4,45,46,76,45,4,83,31,5,46,90,95,14
76,89,19,58,51,86,24,13,66,65,30,75,54,74,68,36,10,83,3,24,42,64,7,90,61,20,35,34,11,27,15,92,68,22,54,6,13,58,75,26,47,66,96,31,43,74,41,69,55,48,85,33,87,81,88,10,20,46,47,42,67,85,33,18,14,39,99,96,80,23,22,36,40,53,55,39,32,40,81,7,75,53,49,65,12,16,72,16,6,22,80,3,54,68,33,40,18,82,66,0
30,10,74,77,99,42,84,14,86,99,79,99,13,20,91,53,11,67,64,5,26,39,25,2,75,44,55,14,75,88,3,7,31,98,35,17,0,92,16,37,38,80,43,21,90,66,27,92,33,19,73,41,78,94,90,51,1,84,90,26,19,36,22,66,19,95,47,4,39,49,88,69,21,10,19,10,23,21,20,95,14,16,5,0,81,86,68,67,7,89,68,7,87,46,2,48,81,5,76,89
1,85,3,92,18,66,14,70,31,49,5,79,85,47,84,49,5,49,20,99,75,60,61,95,80,46,14,92,87,79,7,40,96,90,80,31,92,89,2,74,33,63,70,54,51,100,47,69,64,4,83,31,21,100,93,80,28,68,71,99,11,90,26,96,65,49,76,21,92,77,99,54,45,35,9,8,52,87,48,36,32,38,45,44,24,41,52,86,30,13,95,78,17,9,76,47,97,80,95,70
82,66,74,58,13,3,61,80,8,98,77,72,18,82,51,73,61,96,98,46,13,79,72,22,42,29,53,74,48,21,76,54,38,11,69,51,59,74,82,75,8,42,74,0,64,78,29,75,23,60,15,34,17,58,42,88,70,75,13,86,29,90,25,15,11,5,9,76,30,9,56,20,98,68,22,66,81,92,47,26,52,89,72,71,74,74,76,1,20,23,51,53,30,86,21,98,73,76,23,76
46,4,98,86,42,83,100,12,32,19,58,67,7,82,11,88,93,91,25,27,48,40,3,9,31,50,37,87,72,70,68,19,25,46,92,51,66,38,38,78,14,83,6,24,53,66,23,10,59,30,51,100,99,1,46,3,47,39,81,35,56,6,43,27,86,82,30,71,33,11,85,57,25,54,71,61,26,55,62,73,88,72,74,67,65,61,95,19,79,28,9,29,47,92,38,14,46,86,18,24
99,75,88,91,42,5,35,54,84,1,29,92,92,36,45,36,23,69,59,57,79,78,37,69,20,66,65,62,57,60,54,51,72,60,79,23,33,20,40,35,0,48,89,100,94,25,84,53,6,25,5,55,39,81,60,10,14,60,88,94,48,87,7,31,81,72,57,91,83,29,42,92,21,57,20,76,42,5,12,89,60,67,72,80,57,74,48,62,41,41,47,36,49,19,42,76,51,76,63,72
63,98,10,26,99,44,65,1,24,42,64,92,1,22,75,42,84,92,73,31,100,17,51,40,62,39,63,58,86,37,45,71,80,12,35,58,8,80,21,76,6,68,16,6,43,44,54,58,53,41,39,79,66,97,18,35,34,19,29,27,20,67,97,27,27,48,9,55,23,91,51,5,65,39,91,66,19,51,60,62,88,11,30,91,57,85,11,24,48,25,21,38,65,20,0,99,90,75,78,25
72,2,11,36,99,92,96,41,90,100,44,13,20,78,27,48,54,34,5,93,75,100,95,44,47,86,30,36,23,54,65,24,58,73,47,15,13,41,9,57,6,38,76,83,33,19,14,43,15,87,87,26,63,94,14,12,92,67,16,31,54,65,94,12,95,92,45,9,15,61,65,16,93,20,52,0,76,34,91,32,49,64,1,73,14,13,31,88,17,76,99,61,21,15,39,14,62,70,27,43
44,92,59,92,83,32,22,11,80,44,60,38,70,71,76,25,61,26,57,1,99,64,49,94,95,2,81,82,30,46,21,67,83,3,78,5,18,46,68,40,85,50,39,90,67,74,24,70,99,14,68,37,64,69,17,29,23,12,78,86,2,26,77,25,66,31,2,63,42,88,51,10,84,72,30,69,20,44,8,40,25,2,66,31,16,69,62,5,36,96,86,95,38,28,86,49,27,85,81,33
66,66,64,62,6,59,5,45,6,27,69,63,53,80,77,80,35,58,45,26,75,57,53,59,3,3,81,24,87,78,59,55,94,99,56,70,42,42,10,19,68,68,38,71,67,87,37,25,84,38,83,71,17,14,12,11,59,92,98,61,78,84,95,32,92,0,50,34,14,38,31,38,9,50,67,27,69,63,9,40,87,80,67,72,11,62,36,35,69,93,60,18,17,93,5,42,41,60,52,2
28,84,29,77,43,57,50,69,90,5,17,10,70,55,85,36,25,47,53,90,1,4,64,41,21,43,47,92,5,55,40,40,55,77,16,5,31,86,99,15,18,46,32,25,90,9,91,11,31,83,68,95,75,99,3,16,37,55,90,69,49,47,42,62,92,0,37,88,86,100,47,10,56,40,58,50,18,84,9,13,0,92,77,64,35,59,59,49,45,10,54,49,33,46,95,65,26,89,10,25
100,85,37,91,15,16,23,6,30,12,45,72,80,95,100,78,90,25,66,20,2,9,37,12,74,74,76,6,15,66,90,68,74,7,3,67,77,19,2,94,56,54,69,17,77,8,61,49,14,97,95,32,92,80,96,52,50,95,93,41,25,65,35,70,62,88,90,98,31,48,50,71,25,55,85,88,71,85,80,2,15,13,12,25,15,70,53,77,2,58,33,23,96,68,1,13,5,79,71,8
22,89,92,2,85,91,96,98,18,65,29,78,37,13,88,59,23,47,92,41,18,73,43,1,85,52,51,66,80,85,33,57,59,56,16,76,44,0,26,79,39,71,2,31,29,8,71,32,7,80,70,0,72,97,63,80,84,73,4,14,33,46,24,11,49,6,74,91,58,10,16,66,31,91,73,41,53,84,93,30,65,60,80,27,98,21,60,25,54,60,75,50,66,69,73,50,50,70,38,27
48,57,79,29,37,90,45,60,96,53,29,73,31,33,96,25,73,21,86,24,20,31,92,39,53,81,47,32,54,5,86,64,73,72,77,59,86,38,96,55,71,16,93,100,61,38,68,16,70,9,57,8,35,67,17,69,98,20,54,88,68,92,45,67,96,11,3,16,66,18,25,17,81,67,88,17,55,94,44,20,13,63,90,72,51,17,49,30,69,92,11,63,43,60,31,85,27,96,45,41
41,44,22,98,53,47,64,45,11,80,90,69,38,5,10,13,26,8,90,73,39,41,93,4,65,69,35,33,70,34,35,27,62,29,38,57,35,24,8,10,79,18,43,45,31,10,5,5,36,39,61,39,12,90,42,26,99,1,19,56,46,0,30,19,22,37,70,63,5,35,27,8,88,61,35,74,14,3,97,99,36,16,3,54,58,66,20,84,43,53,83,4,16,13,48,27,29,28,68,21
66,30,21,37,62,32,9,83,43,39,83,15,42,40,57,45,28,64,37,0,41,21,66,20,8,46,94,93,61,76,66,98,37,37,42,41,87,9,30,31,91,59,38,69,26,44,26,32,70,91,70,66,35,54,59,33,70,70,53,72,41,80,49,71,64,35,77,10,78,10,29,5,43,71,48,60,50,83,64,39,14,59,15,81,29,33,90,33,29,48,86,22,58,84,72,59,54,19,66,74
32,94,78,14,39,14,58,90,76,11,43,84,27,13,82,49,62,4,23,10,15,29,25,42,95,95,79,71,92,23,94,23,70,28,96,72,60,20,19,39,1,18,94,56,15,8,27,98,61,46,20,73,40,59,4,28,8,14,98,33,99,89,56,93,6,86,98,83,9,51,31,80,25,57,23,6,30,47,80,75,14,32,0,6,87,35,50,58,77,69,37,75,95,62,75,91,71,8,44,98
27,12,40,87,31,40,74,81,82,63,21,55,98,36,82,26,97,92,47,74,0,17,90,55,26,51,27,48,83,3,24,71,78,22,85,22,13,12,73,51,95,46,34,99,48,45,88,35,82,69,17,31,38,20,52,72,50,19,67,42,18,3,10,81,55,45,16,45,60,15,69,91,59,3,61,90,71,73,5,48,23,42,81,30,99,31,0,36,57,64,61,70,35,34,46,63,33,41,68,75
21,10,72,72,61,73,81,23,76,54,61,36,51,23,76,9,16,48,51,53,46,37,75,99,86,82,25,77,97,70,88,10,68,49,71,78,13,48,64,92,67,19,50,36,52,88,18,79,73,30,67,75,47,17,66,43,17,86,58,33,80,68,74,86,18,90,71,90,34,28,72,17,48,80,90,74,58,7,25,89,91,52,57,71,79,64,32,47,12,35,8,1,63,59,48,1,76,23,45,81
84,60,68,74,59,83,83,15,9,47,44,68,77,70,55,16,37,16,98,47,2,30,12,60,74,68,66,85,37,8,34,2,13,54,25,81,19,47,70,2,9,19,12,49,76,34,41,13,8,20,68,23,85,79,69,73,60,85,86,93,14,45,69,13,32,25,20,11,66,74,84,32,3,58,92,99,51,98,32,4,4,31,71,42,54,83,76,44,32,97,36,26,27,98,64,36,51,50,35,86
97,77,35,38,9,83,40,86,22,56,90,13,73,94,3,95,66,25,64,1,79,63,44,99,28,94,84,54,76,42,42,57,79,79,32,85,17,20,43,35,56,4,62,33,53,21,48,99,51,38,20,61,47,47,44,17,93,71,12,81,40,4,58,18,5,57,70,50,4,49,82,26,93,92,81,36,61,36,52,51,43,96,8,40,15,9,52,12,64,8,13,17,3,92,81,46,0,23,47,92
47,65,10,16,31,27,55,15,94,47,13,48,60,56,82,53,15,79,38,65,90,78,57,71,32,25,27,5,2,11,93,64,97,22,12,41,15,82,66,4,55,4,100,4,79,21,57,15,87,72,36,54,98,98,75,9,21,24,81,82,33,92,84,80,61,44,96,39,15,43,13,63,90,11,46,52,51,4,21,90,27,45,100,27,59,99,7,1,37,0,18,94,51,1,30,71,62,3,87,42
0,47,29,13,87,95,93,92,4,3,22,70,41,60,30,67,47,9,93,36,95,27,5,54,82,83,48,65,60,49,22,36,36,80,100,86,86,29,20,12,37,42,42,40,91,32,76,62,67,56,25,89,50,56,3,57,5,36,53,19,78,58,11,12,14,68,46,22,75,44,84,57,98,3,66,95,70,3,36,56,71,29,88,61,50,73,51,18,4,98,66,43,64,98,26,3,51,44,82,3
82,76,14,29,61,36,100,49,60,17,96,1,63,81,17,1,7,10,35,0,7,20,58,59,63,89,5,32,20,69,28,15,40,72,69,46,41,11,40,24,15,37,28,81,18,91,75,44,81,28,39,89,36,70,54,33,50,95,9,16,65,34,100,14,23,37,91,72,54,74,25,45,69,54,51,90,6,80,82,82,28,16,5,5,53,39,37,85,43,61,67,78,75,28,66,79,34,54,81,54
2,26,70,38,57,49,62,91,11,73,43,69,77,76,45,28,90,83,2,3,74,56,2,68,60,10,36,61,21,54,6,36,12,82,18,61,13,33,82,50,76,41,92,82,23,25,60,92,8,27,21,0,51,56,89,4,35,39,79,51,64,0,36,56,23,46,39,18,16,90,45,93,8,3,17,59,75,72,21,77,48,17,48,20,93,55,55,51,3,11,19,44,98,17,64,14,57,60,0,60
7,74,44,83,46,45,41,82,39,76,16,14,60,5,20,60,71,29,24,89,76,54,29,18,27,21,83,31,31,19,26,42,91,91,13,5,18,60,31,0,2,95,17,54,65,35,12,63,18,87,59,82,18,60,35,3,39,16,17,12,62,40,31,78,75,79,59,40,17,31,40,15,20,68,18,57,98,77,58,8,90,78,8,21,10,86,21,80,99,41,69,84,82,66,61,41,82,47,50,72
96,34,57,69,41,75,18,82,98,92,35,43,44,64,28,5,34,78,26,64,84,96,16,52,5,0,93,37,90,46,21,45,13,86,6,43,53,36,57,67,46,86,100,76,26,16,64,62,56,24,89,53,62,88,13,88,88,28,22,20,91,34,67,78,16,22,83,87,42,86,5,99,94,62,60,82,64,78,25,63,14,44,79,15,98,45,92,50,44,49,78,47,89,78,66,2,75,70,3,70
14,54,97,24,21,71,76,53,36,2,5,17,65,18,61,94,81,100,8,81,40,44,18,80,21,61,94,52,60,57,59,33,22,38,13,95,94,66,78,35,52,13,96,49,38,1,34,79,86,82,51,41,26,51,81,13,23,37,63,39,86,96,78,41,95,97,78,7,51,46,16,83,43,94,43,31,15,15,10,83,76,54,63,6,1,85,81,36,39,27,96,0,68,80,26,34,41,5,39,86
40,55,7,15,94,35,59,1,26,23,13,80,98,67,76,76,93,28,26,75,67,50,23,29,25,54,57,18,69,78,65,52,76,47,0,31,51,71,33,49,72,71,86,50,49,84,29,85,98,89,74,49,15,15,94,18,59,63,56,34,81,60,30,57,90,97,95,75,86,74,38,10,31,28,41,35,99,52,36,63,58,85,98,57,92,47,69,69,59,3,79,67,60,83,99,47,32,39,88,62
31,42,59,43,84,41,92,62,59,65,67,88,10,43,2,38,42,20,23,68,6,83,84,71,49,2,8,86,98,70,38,51,67,28,8,89,45,19,10,3,80,3,100,87,21,11,85,43,18,61,84,18,18,42,47,47,3,32,2,10,44,33,10,13,98,67,28,37,67,81,28,16,39,3,33,58,32,62,60,42,94,72,27,90,50,73,70,92,54,68,87,82,53,64,79,15,21,70,29,13
50,21,33,37,34,58,63,57,25,5,27,85,41,54,2,97,35,68,4,85,80,28,1,57,2,31,9,75,9,64,29,69,5,19,45,33,68,13,70,54,32,73,29,34,90,43,16,30,88,49,86,32,34,8,1,3,53,25,52,12,33,46,15,5,52,28,56,100,43,97,11,0,26,16,28,1,85,15,70,1,61,79,47,68,49,68,68,72,43,25,84,8,14,54,50,21,51,93,90,51
24,9,74,57,5,30,93,6,60,73,76,97,65,13,60,2,68,3,7,44,1,53,26,22,0,83,5,28,46,86,40,3,57,89,8,1,14,72,11,58,7,7,31,69,99,14,61,51,100,62,17,37,20,35,4,74,7,34,23,43,77,51,40,48,75,66,24,18,91,77,40,15,51,16,53,71,86,82,53,83,67,57,1,12,53,59,35,24,58,49,60,78,37,58,23,51,91,19,47,64
43,98,43,39,99,79,95,89,22,68,85,96,54,70,2,53,15,63,46,66,26,15,13,100,31,74,71,43,21,81,39,9,40,43,31,71,60,33,15,16,53,51,52,16,7,78,23,74,98,98,99,5,63,63,67,69,41,10,6,96,65,68,1,42,38,19,79,5,72,52,31,87,11,97,79,25,86,23,73,70,45,80,87,1,54,44,48,76,9,97,42,9,6,91,26,95,91,15,86,28
74,42,31,34,83,25,24,85,53,27,64,15,24,33,63,78,51,42,4,9,48,44,27,15,43,3,86,43,19,79,27,28,49,67,36,54,77,82,89,30,33,33,48,81,97,47,87,8,36,45,18,46,34,77,67,91,42,28,19,38,31,39,71,27,40,96,6,90,88,30,69,24,84,75,0,97,56,18,83,80,97,72,40,100,80,88,3,36,9,32,32,52,57,5,8,28,12,26,39,67