65,73,70,92,48,95,91,49,3,11,61,9,22,88,43,9,40,9,51,22,26,34,10,38,67,25,12,96,86,3,35,9,47,36,31,26,49,7,63,82,69,73,68,23,59,19,71,80,2,15,38,32,65,31,86,53,8,9,33,0,68,51,66,16,69,97,7,60,24,12,14,12,91,9,42,39,59,16,47,42,97,11,77,91,88,4,35,13,6,55,46,34,30,93,24,87,4,29,9,19
6,54,41,100,5,8,95,90,82,79,71,80,18,48,37,1,80,76,17,58,13,67,45,49,59,16,98,93,76,16,8,31,71,4,19,40,58,43,55,57,71,43,24,3,84,100,2,73,24,15,36,51,30,36,6,38,60,69,25,50,35,73,82,32,72,7,49,29,83,5,0,79,16,31,4,11,15,31,67,74,52,46,75,82,54,15,84,96,72,47,17,100,53,83,41,49,73,56,97,4
20,77,84,76,28,96,79,63,18,28,17,55,37,78,32,18,45,16,63,81,6,72,23,57,64,37,75,83,71,86,91,30,54,26,89,5,88,5,76,15,15,84,40,64,12,56,62,50,49,48,35,6,42,91,63,95,49,81,41,32,94,81,34,90,18,36,94,15,66,10,75,2,38,36,72,61,76,41,19,67,21,47,83,4,7,0,35,16,27,84,41,80,8,46,53,72,71,50,68,33
3,65,94,71,55,83,29,32,88,17,54,95,52,8,20,24,64,42,66,25,35,99,69,3,70,80,10,15,15,50,6,50,11,69,67,43,0,13,0,67,59,58,0,94,42,4,95,12,31,6,70,29,2,76,60,24,28,0,23,6,25,60,16,100,61,48,78,68,7,34,74,44,62,61,1,88,93,75,96,56,19,42,39,37,34,79,30,86,36,73,43,47,55,20,94,69,52,20,24,36
30,70,13,50,91,63,70,65,76,25,97,51,3,8,18,91,99,18,62,3,28,76,74,29,64,37,16,76,84,27,57,20,93,27,58,91,16,24,57,82,72,70,74,6,93,62,14,2,62,0,9,60,65,71,1,89,100,66,73,73,22,61,66,4,27,52,52,33,88,69,48,17,77,69,16,66,39,62,8,24,38,88,79,15,55,22,86,70,39,27,35,10,73,67,12,45,1,50,92,55
71,48,88,76,93,80,48,67,53,2,70,18,58,76,36,50,29,49,39,19,32,67,3,26,96,93,71,30,35,61,88,18,58,55,97,47,62,37,48,4,1,61,23,70,24,34,29,30,82,93,69,25,76,55,96,87,83,76,63,98,81,15,2,24,1,77,16,37,36,66,98,32,100,87,20,33,19,35,68,68,40,71,22,34,3,11,69,85,47,12,43,52,87,68,23,4,71,48,68,62
62,69,18,84,5,22,87,69,6,88,9,31,75,16,2,25,69,54,59,16,17,73,67,2,11,34,25,24,79,99,41,47,24,59,72,39,16,27,26,70,22,69,40,82,76,48,20,60,81,35,49,72,2,99,17,63,21,40,81,63,4,83,31,90,3,58,62,16,19,8,20,90,6,19,22,39,67,77,13,7,90,24,15,55,44,36,24,90,73,67,32,4,39,77,90,10,51,15,63,51
44,54,48,1,84,32,55,88,51,1,65,39,41,4,87,53,36,33,59,74,24,71,94,37,41,89,38,93,23,13,89,56,38,57,73,50,37,72,45,86,64,25,12,63,88,20,84,89,14,82,28,99,95,15,3,78,40,36,8,83,52,93,42,17,82,86,100,71,100,71,37,55,47,37,81,98,77,83,13,57,8,46,46,58,6,27,95,87,10,45,48,76,16,18,79,52,74,24,99,8
99,8,35,81,56,5,89,12,60,88,78,23,72,40,50,44,35,70,9,91,54,16,57,85,100,45,61,78,80,44,22,0,49,14,30,68,60,43,2,22,88,91,69,5,82,93,89,0,73,92,32,58,15,95,63,16,23,61,5,63,61,84,37,72,76,67,21,7,98,69,77,81,89,54,53,48,14,22,25,39,93,74,1,32,24,66,36,43,23,67,18,31,48,44,21,19,74,65,65,37
29,9,54,78,0,33,73,97,81,83,95,72,24,82,58,100,87,97,97,81,98,7,27,99,77,21,3,3,13,83,96,92,13,69,9,38,3,58,11,51,4,41,26,26,44,1,15,50,13,77,40,63,20,37,90,80,38,84,77,94,30,41,84,82,45,38,50,75,53,43,73,3,26,24,54,53,61,96,23,62,95,98,54,91,1,7,19,47,77,55,14,37,56,15,60,40,94,26,10,70
69,85,62,89,29,24,41,80,0,62,45,22,60,3,85,15,72,72,49,62,95,34,70,7,100,56,33,81,52,45,56,31,7,0,17,67,66,7,81,33,41,57,15,13,9,54,89,54,100,100,64,63,66,2,59,42,88,63,64,94,39,77,60,31,40,78,84,40,93,69,64,84,63,77,63,9,49,67,34,45,56,77,71,31,33,74,6,70,4,97,44,72,61,47,40,100,83,78,50,6
5,87,1,43,20,50,75,70,24,67,16,53,52,46,89,37,75,82,76,98,30,49,34,51,74,59,13,97,12,100,13,73,72,18,94,82,84,14,47,8,35,12,74,43,95,89,57,88,99,51,72,53,35,51,92,35,64,93,23,46,85,22,2,20,59,47,46,5,2,80,76,10,86,26,46,60,71,91,2,7,32,93,59,49,5,9,63,27,88,17,93,45,22,24,72,60,35,83,11,1
66,57,23,51,50,59,88,65,44,15,22,67,20,78,99,25,82,100,97,35,59,39,20,46,48,73,31,46,16,77,22,77,31,8,93,71,94,7,3,13,100,15,7,17,19,77,43,79,67,49,18,62,82,81,43,23,42,28,58,88,100,10,36,95,55,97,69,72,69,43,84,65,76,40,39,63,88,29,46,1,42,73,3,17,38,61,20,8,52,59,93,24,14,25,79,64,61,2,81,96
90,77,92,1,93,10,49,48,47,53,47,46,74,96,86,1,57,15,35,80,21,77,58,91,45,17,28,74,4,39,2,73,47,52,61,25,100,90,86,94,98,69,58,83,54,88,68,73,83,83,8,99,35,73,13,64,43,37,62,21,59,0,67,68,54,73,26,15,6,83,77,53,22,41,59,62,38,82,36,42,8,27,5,79,23,43,29,39,3,60,54,20,6,78,43,10,56,85,4,33
55,25,87,38,9,33,40,41,35,1,64,19,74,77,10,60,24,76,48,13,95,71,27,49,97,47,60,31,71,7,46,8,63,23,86,30,95,96,34,1,61,48,0,85,63,2,88,44,11,37,94,46,81,90,57,15,62,57,46,27,90,96,12,16,71,62,92,45,48,15,18,68,47,26,48,80,25,94,72,63,33,73,65,45,6,2,64,100,49,19,87,21,36,64,79,94,33,60,5,93
62,0,67,87,40,86,49,85,84,40,19,19,7,27,45,59,90,2,79,74,66,75,80,82,67,80,72,3,28,93,75,55,38,29,23,54,56,23,21,90,13,41,11,69,83,54,88,27,6,55,17,38,63,85,76,32,61,51,100,16,14,97,0,50,32,31,95,59,50,34,26,11,20,69,36,28,8,49,47,78,23,0,75,40,9,4,82,94,95,100,5,100,31,48,77,84,37,99,35,5
62,90,13,33,3,9,2,98,97,64,42,88,24,65,25,98,42,54,99,23,42,52,73,56,8,89,74,23,28,18,46,1,74,93,54,81,58,59,27,50,29,5,6,30,34,2,12,20,12,49,42,68,11,15,88,42,45,70,6,76,3,46,93,69,69,21,21,51,27,93,26,39,16,0,24,72,1,26,44,28,43,28,29,90,45,46,29,81,59,82,100,50,8,93,39,30,73,23,45,96
72,48,93,48,79,2,0,46,1,53,65,64,53,16,61,90,51,53,28,68,99,13,13,82,90,64,24,69,12,83,23,46,97,39,87,13,53,61,91,5,98,80,45,16,34,92,41,29,22,86,12,71,100,92,78,31,32,18,49,52,50,51,22,7,13,19,94,6,1,80,35,89,33,36,85,100,22,62,37,13,39,50,29,84,90,60,2,3,100,81,10,69,98,61,74,95,12,86,42,39
81,71,81,85,94,2,19,100,44,51,94,29,63,92,6,75,46,53,96,22,100,88,44,23,82,95,83,33,46,54,46,32,0,84,38,58,84,78,89,37,23,62,73,50,32,91,43,86,41,81,22,44,43,10,47,59,89,90,40,91,9,39,39,19,79,45,36,40,33,8,86,0,53,70,49,32,14,42,28,4,40,77,68,86,28,77,91,78,19,65,92,5,62,82,47,51,14,73,49,52
91,22,18,19,71,26,0,28,41,63,51,96,20,33,14,56,69,88,6,84,40,92,48,71,92,90,33,86,9,73,36,52,97,38,42,63,92,55,23,46,34,69,70,94,77,92,38,80,58,84,27,24,33,21,60,70,77,98,17,89,98,61,32,43,40,48,100,69,21,26,58,89,80,7,97,7,86,94,88,17,63,39,60,2,14,96,31,52,23,73,27,18,21,17,52,87,65,33,10,24
41,72,33,80,59,80,74,45,4,0,24,12,31,35,58,13,31,66,39,17,52,76,47,83,10,1,52,50,22,24,88,19,71,24,19,3,1,36,31,47,5,9,65,55,28,99,93,25,95,79,81,83,43,20,61,67,3,55,0,69,38,36,62,91,53,50,14,51,65,64,1,73,57,36,8,27,40,49,89,98,24,43,92,73,28,48,75,26,30,97,57,31,20,8,83,88,50,62,92,72
83,40,94,38,22,12,2,84,87,4,39,66,8,17,49,88,11,2,68,77,35,20,37,1,9,21,11,36,85,84,17,66,90,79,70,76,6,35,97,64,18,82,54,71,45,84,56,77,56,31,100,66,55,88,95,22,65,6,17,87,6,54,19,4,48,51,33,67,24,59,40,63,41,85,26,78,41,61,54,76,6,59,38,87,57,91,48,35,3,98,85,24,65,43,23,1,28,74,47,33
25,42,80,32,67,8,77,40,55,3,3,3,39,88,40,54,72,60,75,15,39,90,96,59,27,22,13,93,2,71,94,82,39,52,64,91,32,75,55,10,21,19,75,24,8,93,38,89,75,97,2,96,94,57,10,68,77,91,9,6,58,41,87,83,56,73,93,13,69,49,100,57,49,89,78,96,92,94,32,50,44,18,57,84,95,88,97,71,61,68,66,55,32,46,91,41,96,42,90,72
34,13,89,97,13,46,86,65,93,20,42,63,65,50,98,72,14,9,73,61,35,84,84,56,17,83,68,57,41,50,28,44,23,94,74,91,17,65,95,15,82,46,69,64,54,70,32,34,86,27,83,4,43,13,84,25,50,82,27,37,55,20,30,22,73,89,39,28,55,52,70,0,21,71,93,80,13,14,33,43,52,37,22,78,35,17,79,92,3,24,71,16,2,4,4,34,27,2,78,14
92,44,83,27,82,24,54,42,57,35,27,9,89,1,83,97,87,62,18,30,65,15,56,60,73,66,98,97,36,10,24,46,14,97,72,82,7,99,79,49,76,73,40,67,25,31,7,70,30,67,78,49,26,46,67,85,12,68,24,33,75,19,83,87,41,85,64,70,46,11,51,6,67,69,51,14,55,42,78,89,93,78,56,50,5,5,61,63,66,44,98,55,18,53,82,72,54,17,53,72
11,80,98,68,6,42,39,2,87,31,10,16,35,39,17,8,89,66,25,42,35,31,60,96,2,58,94,61,28,5,6,76,70,34,56,2,43,23,59,21,41,50,57,0,48,9,60,32,72,7,85,39,41,99,46,11,25,52,8,0,89,70,76,32,100,61,65,76,34,46,81,44,45,97,31,54,4,9,21,56,27,52,71,72,0,36,58,19,92,32,22,80,1,69,36,21,14,90,68,78
100,13,90,5,55,19,23,68,82,13,49,29,90,89,94,16,66,27,1,22,95,76,12,75,89,35,27,49,85,68,92,42,59,85,32,20,97,56,90,79,25,71,3,74,43,76,70,77,65,65,21,81,30,64,84,64,42,18,33,3,26,94,66,6,67,95,13,92,89,6,13,66,29,40,88,32,9,89,64,78,58,45,13,61,13,29,27,11,17,64,73,86,32,63,28,78,40,40,32,28
35,67,37,13,30,97,24,1,4,38,37,80,86,60,53,82,42,67,75,53,94,84,91,46,7,52,85,18,100,36,29,46,99,24,14,40,80,5,50,74,47,59,52,12,20,79,36,54,25,1,12,67,50,3,46,51,25,82,43,18,94,67,86,82,42,88,83,37,52,7,93,29,12,6,17,90,31,84,74,31,91,84,15,23,21,90,88,10,44,46,84,4,100,29,85,91,62,45,18,82
71,52,90,87,43,35,37,0,90,15,69,94,92,67,16,38,85,99,19,10,79,35,83,53,46,78,25,13,7,100,2,8,13,33,38,87,90,42,3,71,35,94,15,4,29,97,56,66,26,20,53,21,69,33,69,88,75,26,14,31,10,97,98,34,44,2,76,67,98,47,46,88,80,80,20,87,17,68,47,60,79,15,17,79,100,75,14,13,56,28,20,74,96,28,3,15,60,30,0,86
22,73,71,92,88,10,8,47,35,14,80,26,63,34,56,67,77,91,25,88,4,90,72,68,47,80,20,68,70,59,90,95,0,51,82,62,15,21,53,81,40,58,71,86,80,43,62,3,29,0,69,60,52,84,16,7,9,84,28,55,5,12,23,41,74,38,5,90,60,88,60,34,47,30,9,12,36,50,49,64,79,41,63,59,52,45,40,55,42,92,90,29,49,70,72,91,74,28,68,33
57,48,22,16,78,46,3,16,42,95,49,99,12,21,55,29,34,49,18,18,71,74,69,26,11,73,88,93,55,64,70,4,30,99,89,11,44,88,48,24,39,71,14,44,46,69,27,80,14,11,66,97,54,83,77,92,37,18,73,73,6,62,0,95,7,11,51,64,9,45,72,59,68,39,84,38,82,10,15,61,27,51,86,53,13,79,80,25,58,87,57,35,23,13,69,63,11,57,64,80
83,82,37,31,68,62,57,83,61,44,59,58,61,76,82,68,81,87,56,95,10,65,73,12,74,74,12,6,70,86,18,72,60,53,11,97,65,91,96,48,31,1,60,34,66,7,88,43,71,91,48,31,2,91,100,65,0,19,14,9,35,72,35,33,48,4,86,87,36,74,41,19,17,52,51,83,69,32,30,51,21,36,88,92,44,96,78,89,78,57,0,32,31,12,21,40,68,96,25,49
58,21,12,49,20,30,13,48,17,13,42,91,23,90,30,20,44,64,84,15,83,17,87,78,79,56,10,95,35,57,34,59,45,76,20,60,68,19,18,19,50,94,23,76,33,97,73,80,36,40,5,56,3,21,26,22,17,4,83,34,38,63,95,82,60,10,55,56,43,25,30,73,1,50,38,27,39,50,80,71,85,15,5,57,53,91,6,6,100,14,53,52,11,26,5,36,28,93,32,59
2,32,66,14,66,37,37,40,95,28,66,61,49,81,51,75,34,67,52,56,71,23,25,95,100,21,13,19,75,35,2,88,56,18,29,22,97,20,65,15,42,65,64,68,72,19,50,90,54,55,99,44,12,16,29,72,29,10,73,44,85,77,74,17,64,93,17,5,33,86,55,72,30,16,83,81,64,50,28,28,59,75,35,95,21,11,9,98,80,4,82,98,96,98,40,6,15,97,84,49
99,79,91,13,19,96,63,98,63,69,67,25,64,25,88,91,36,39,62,43,3,72,91,28,44,23,87,58,86,8,35,46,67,54,38,14,6,9,27,0,91,49,53,62,11,65,61,34,25,44,74,12,87,31,35,41,99,32,35,27,19,2,72,14,31,41,23,90,74,69,70,92,83,10,53,54,5,100,86,69,29,55,63,87,11,23,95,64,47,29,81,10,36,40,34,90,26,33,93,48
65,55,88,61,6,19,43,44,80,77,28,28,75,5,81,9,90,33,5,66,48,96,68,80,2,90,51,33,21,81,52,34,75,37,98,42,26,64,64,9,90,52,67,7,11,25,74,66,42,67,45,91,79,63,99,57,84,8,39,90,20,37,8,94,46,97,10,42,70,39,80,76,20,55,99,10,15,5,43,29,76,90,80,78,82,19,7,85,3,90,88,61,39,23,65,74,100,55,38,57
100,48,35,31,12,63,28,92,44,75,66,99,40,98,22,28,56,38,61,49,61,0,69,86,73,59,40,7,10,5,45,67,81,77,88,51,89,22,98,23,55,43,51,16,74,32,21,89,14,45,29,39,30,68,17,73,71,95,2,48,1,80,27,9,91,7,14,52,86,29,43,14,20,71,71,57,57,34,91,3,51,39,71,39,77,70,34,18,70,64,16,54,20,90,33,58,18,77,16,22
11,96,56,100,27,50,63,68,9,59,78,51,30,98,59,100,77,76,83,9,82,22,73,44,73,57,71,27,53,54,66,84,85,59,25,10,65,77,97,64,31,70,36,72,35,80,52,11,47,32,61,79,54,63,11,8,99,51,72,68,12,70,62,88,64,88,63,91,74,36,87,6,3,43,61,58,15,98,72,39,42,33,49,56,19,35,30,60,49,31,91,37,62,17,61,76,63,84,50,50
58,93,11,93,24,32,3,67,70,23,94,71,93,46,68,27,82,90,77,39,91,12,53,62,86,43,64,75,80,65,58,46,48,87,90,43,54,86,52,25,7,16,79,35,44,2,75,37,62,30,72,97,89,74,90,25,76,52,93,17,20,28,82,93,16,66,67,8,17,96,38,41,23,51,53,19,80,66,14,83,73,89,15,58,43,44,10,32,70,78,68,63,92,68,8,20,82,73,74,82
58,46,6,33,70,90,36,39,15,25,26,34,30,61,4,86,81,77,33,20,69,65,12,12,5,95,74,58,87,99,87,83,85,31,91,88,14,15,54,40,82,97,62,64,10,21,6,9,66,20,85,38,38,76,78,30,100,39,27,56,37,83,43,27,93,47,3,16,13,88,23,17,83,90,3,35,90,100,31,73,74,90,95,74,29,67,69,82,45,55,76,74,46,53,83,67,26,93,61,39
56,6,17,72,74,70,18,84,8,62,88,54,83,46,77,51,6,31,75,72,78,99,90,64,85,56,17,7,88,27,25,99,29,97,42,18,14,10,90,63,79,51,77,81,40,79,88,47,51,12,66,25,81,41,64,67,60,32,79,7,20,48,40,55,29,18,72,37,11,60,79,10,67,20,43,10,76,97,100,66,61,56,14,26,59,95,63,17,82,1,98,79,51,71,27,95,78,42,56,91
81,64,30,4,1,29,32,27,24,3,34,5,15,21,40,40,28,37,51,11,38,81,53,67,23,10,35,91,28,31,20,77,79,49,40,73,96,52,42,62,20,70,35,0,65,47,18,61,64,96,26,41,98,31,95,74,67,61,47,87,48,25,7,72,84,79,18,6,32,8,6,92,89,9,55,34,78,65,6,8,25,43,37,15,33,56,20,46,98,17,40,5,94,81,39,29,51,17,99,96
40,40,26,33,52,38,92,8,90,76,82,58,81,80,75,7,31,37,11,99,71,48,1,100,48,62,89,53,47,52,87,34,43,76,74,79,93,58,6,28,12,62,48,76,10,20,69,25,51,15,40,83,16,75,91,43,62,44,14,0,5,8,59,96,14,68,69,33,69,89,51,54,70,53,91,32,97,16,73,38,62,13,62,8,19,4,23,18,79,41,64,1,86,93,90,83,32,77,83,50
47,84,55,23,98,51,87,41,52,26,11,75,5,54,67,83,22,91,90,40,56,43,76,81,53,21,46,59,25,11,33,35,76,69,84,35,42,81,64,100,6,31,17,35,67,27,35,75,60,39,48,61,59,85,47,21,86,74,82,44,54,72,2,87,69,51,8,63,70,7,59,28,60,40,9,70,71,20,76,48,40,80,70,26,41,72,60,27,70,14,39,94,74,38,47,29,85,5,62,91
36,97,0,20,30,100,52,22,91,86,27,96,32,42,41,87,50,57,7,31,13,21,49,60,19,73,77,76,15,59,9,78,18,45,42,5,93,8,9,74,23,53,32,19,72,77,60,84,68,63,11,10,84,31,41,45,41,12,55,97,35,31,69,96,72,30,6,34,23,90,0,4,74,46,2,76,47,86,26,22,68,93,85,20,86,66,79,20,29,30,87,4,56,98,50,61,71,19,71,7
69,55,50,50,57,20,35,10,44,22,0,45,13,86,27,38,28,39,59,99,19,32,23,42,5,26,43,66,61,39,66,96,18,52,62,61,83,97,76,71,68,98,93,20,28,91,26,83,33,46,28,30,83,52,87,34,98,39,27,78,36,58,14,62,13,0,13,82,73,65,8,16,50,81,57,86,77,33,99,84,56,73,29,51,25,44,29,55,77,84,59,16,63,64,69,37,94,6,76,34
53,50,29,74,83,7,12,44,71,71,57,75,44,70,90,4,66,59,18,72,61,62,81,66,29,100,7,31,57,0,19,97,15,88,16,80,92,65,41,74,84,53,48,38,72,23,7,74,28,100,82,94,18,85,86,70,7,56,100,44,73,73,36,43,53,69,85,25,92,76,66,81,32,42,95,12,56,8,12,47,37,18,56,11,18,23,71,6,61,43,11,92,94,62,50,71,52,77,28,96
69,14,3,7,24,64,62,48,0,55,93,15,59,68,99,72,60,68,75,56,40,28,30,31,30,29,90,67,91,41,0,12,74,32,46,78,9,28,2,17,38,75,0,96,25,40,89,61,78,82,79,28,55,92,30,39,20,83,30,46,39,2,33,82,49,97,16,97,61,39,32,35,1,42,24,52,40,87,20,66,43,67,96,38,61,7,12,13,98,83,31,47,17,48,35,85,49,12,40,92
37,29,29,82,62,88,28,9,67,30,32,51,39,4,57,65,1,47,40,25,45,67,38,95,53,48,29,63,34,57,7,40,82,45,52,40,89,18,84,47,92,31,8,43,94,68,94,46,50,24,33,79,45,76,73,25,11,7,8,34,82,39,88,51,16,15,30,65,14,30,7,8,86,39,76,14,53,83,71,70,9,24,31,28,80,41,68,63,87,98,94,85,88,92,48,11,41,57,81,91
34,91,39,6,14,73,3,72,13,87,95,11,49,100,99,27,6,87,88,100,28,87,61,5,25,1,5,6,92,90,49,44,2,40,51,67,37,44,22,19,0,39,24,75,13,66,9,56,16,90,74,49,67,19,97,4,42,52,19,70,18,20,13,92,39,76,68,18,38,13,20,61,100,79,42,99,28,27,3,31,64,55,52,39,64,26,100,54,93,93,63,53,17,26,51,44,78,81,5,97
57,0,24,18,40,24,19,99,24,97,88,80,80,39,73,88,98,66,70,98,58,82,48,5,45,1,75,19,82,5,12,15,44,55,68,38,63,91,66,55,2,23,24,60,21,13,70,5,72,3,33,10,16,25,75,29,8,20,69,100,7,83,82,74,28,5,53,70,38,68,57,28,40,12,58,43,54,4,58,0,91,52,30,1,27,59,30,21,26,76,2,80,56,17,36,79,74,81,87,88
7,90,82,30,29,3,96,17,83,19,89,86,36,60,21,33,51,61,69,21,60,54,93,43,43,83,38,84,4,34,63,62,67,98,67,83,89,12,84,55,48,37,73,75,79,55,17,26,73,60,36,55,24,41,72,48,57,4,2,13,18,47,63,27,52,37,6,51,80,50,80,60,0,93,80,30,84,93,39,64,93,34,82,39,18,20,34,44,15,31,83,55,22,5,8,83,97,10,84,57
62,51,13,16,100,41,74,99,82,51,79,79,5,53,78,57,13,14,3,24,46,15,78,51,26,47,2,88,2,63,11,59,56,34,81,63,71,58,60,55,17,30,99,2,5,88,14,29,41,33,70,44,52,19,91,99,58,48,85,93,13,78,64,51,60,62,48,48,5,79,62,7,73,59,20,81,89,85,59,50,89,9,33,33,65,11,53,44,75,83,14,35,51,32,79,89,43,28,74,85
29,62,10,35,40,33,16,81,92,17,14,83,83,84,28,58,36,54,17,73,32,80,62,15,2,72,3,34,43,94,90,62,43,98,1,29,78,51,58,37,40,26,76,43,82,4,76,53,27,83,80,18,90,95,73,32,57,74,78,93,81,13,9,17,33,99,16,91,17,20,45,5,14,1,10,90,96,50,92,46,86,65,73,7,39,7,73,3,23,72,53,83,32,15,96,57,50,53,14,10
2,29,83,72,98,89,75,4,6,11,14,23,90,17,24,34,98,19,29,13,19,76,26,56,4,52,80,33,92,84,68,81,3,87,52,40,75,85,78,63,80,33,84,2,13,54,64,23,33,74,42,8,64,43,80,31,93,72,22,12,75,62,57,76,15,60,35,79,56,11,22,79,32,97,92,17,83,83,58,23,86,78,67,74,38,16,2,55,71,18,45,82,44,56,78,30,64,65,28,32
34,36,24,100,76,0,48,16,53,81,39,62,76,59,43,73,83,48,96,71,39,58,94,43,99,57,71,77,99,7,63,92,99,73,85,45,35,17,9,9,58,52,15,64,3,21,60,81,48,35,26,27,85,27,50,22,48,11,2,78,93,33,29,98,41,31,1,87,54,21,81,28,76,53,67,21,78,70,12,86,17,94,63,0,47,67,65,62,94,53,100,16,14,39,93,64,8,23,87,2
67,20,2,18,96,79,73,99,49,72,97,86,94,7,62,13,64,62,90,84,36,22,30,21,24,14,0,92,93,65,36,73,57,55,33,40,97,79,11,30,38,80,71,15,28,14,82,50,41,15,53,6,69,61,33,100,58,67,28,61,62,26,64,80,44,76,98,97,20,75,10,55,52,18,52,20,98,71,45,42,10,28,20,13,10,48,53,34,40,54,47,99,23,57,86,60,52,97,91,43
10,94,97,23,68,9,87,12,48,5,21,27,79,82,9,36,41,14,3,57,4,35,32,56,92,22,20,20,1,20,78,47,50,30,82,70,55,26,8,3,17,97,86,48,40,89,3,19,76,86,27,43,68,32,37,46,65,46,25,74,12,28,11,84,9,55,60,79,90,27,71,10,92,18,13,91,73,84,73,34,3,28,93,73,10,22,88,13,21,57,98,96,43,31,78,22,4,90,59,50
64,50,78,75,90,2,31,68,50,59,56,26,47,60,93,10,70,34,67,43,55,59,70,7,78,62,100,59,80,26,76,88,11,81,43,87,14,5,98,30,73,76,96,99,31,74,97,29,15,40,2,17,30,65,51,27,73,78,47,82,7,13,48,14,84,37,77,23,90,43,89,100,44,44,43,64,48,71,50,52,79,55,75,50,57,39,21,44,93,74,31,11,42,56,39,88,40,95,60,46
30,35,9,95,61,19,42,89,28,44,10,98,41,50,35,65,15,35,26,2,13,82,92,82,72,38,88,75,60,45,14,29,1,6,19,25,40,65,73,96,57,62,7,62,33,98,58,51,30,74,79,38,60,87,63,49,81,89,40,50,80,0,24,59,8,47,92,32,49,50,33,52,13,67,42,54,20,83,76,56,16,82,4,52,47,62,99,16,16,71,97,60,35,59,12,44,53,25,96,88
26,3,42,71,41,76,98,46,21,8,27,99,21,25,19,26,23,93,67,34,1,16,53,46,72,36,21,76,93,91,44,32,31,45,52,53,36,91,30,23,93,59,39,97,90,44,96,19,55,63,12,94,67,10,83,37,8,37,99,96,33,13,79,76,80,6,4,29,78,51,94,77,96,87,6,67,45,61,62,32,82,51,5,30,40,64,59,97,72,84,79,26,30,96,96,62,96,27,50,98
50,29,45,46,69,56,58,85,95,23,14,15,91,15,77,84,94,52,57,37,48,5,3,25,54,74,10,96,67,96,16,40,63,36,65,50,4,74,27,51,43,84,16,82,14,41,90,43,16,59,71,49,16,25,10,86,100,44,53,53,73,28,78,85,32,8,52,39,74,52,27,65,0,98,9,99,73,85,33,36,53,32,16,12,93,57,51,5,90,84,41,35,81,72,54,33,66,35,8,54
96,75,73,6,14,71,38,99,15,27,7,83,6,92,97,8,44,12,11,89,10,53,30,59,55,50,25,73,2,41,32,18,5,10,63,85,59,95,66,52,28,78,63,74,55,34,54,92,87,11,13,65,71,11,59,15,71,12,7,9,63,98,2,23,41,64,71,19,49,33,43,81,55,67,99,12,26,97,39,17,10,15,25,92,60,36,58,18,68,24,83,77,13,11,98,63,100,24,55,13
48,3,24,81,50,52,54,32,98,22,97,91,81,92,74,18,25,32,99,54,25,30,12,51,96,79,27,52,77,89,58,22,46,1,36,28,43,8,14,94,28,25,43,64,84,69,53,30,36,12,41,2,21,5,87,92,76,79,42,62,0,66,37,80,21,91,69,84,3,29,67,36,55,37,1,91,41,89,57,9,96,13,44,68,13,67,33,80,60,98,51,31,60,94,28,67,7,67,96,75
67,30,76,70,27,77,18,84,93,79,54,57,74,16,84,19,2,81,82,86,59,29,97,81,45,48,33,34,21,68,73,55,58,91,8,3,34,10,68,48,12,85,47,79,18,35,58,91,90,24,68,64,24,69,98,68,98,91,68,38,88,62,81,60,3,16,82,0,29,56,59,5,66,73,18,1,4,17,8,10,74,56,34,21,100,2,14,26,4,64,2,42,66,61,66,26,12,92,70,14
5,63,78,88,97,29,26,4,5,29,76,29,17,21,46,77,64,34,18,20,91,73,27,92,91,98,28,97,14,11,81,90,44,59,0,62,62,76,24,19,9,78,79,63,96,71,11,68,73,24,64,29,98,31,36,26,54,66,78,58,14,17,30,83,22,78,6,79,47,2,65,28,91,12,52,99,80,60,21,46,0,65,51,50,71,37,48,36,5,11,23,14,55,88,89,66,2,92,33,78
15,30,70,10,69,59,44,92,13,5,0,87,41,37,14,85,85,12,43,63,56,92,29,11,80,3,30,95,20,19,49,52,88,47,54,29,47,37,98,24,92,87,10,41,51,92,72,3,98,44,45,80,63,99,88,22,94,95,100,17,46,59,58,21,33,91,14,68,5,94,58,40,76,49,57,11,67,73,30,19,69,9,11,71,100,42,100,7,64,67,5,2,12,28,47,77,18,69,47,43
59,21,32,100,7,56,90,18,98,48,71,15,61,16,43,54,44,19,92,42,14,92,82,57,36,10,11,33,72,7,49,97,35,12,8,99,0,52,95,14,44,56,70,0,15,66,7,32,82,24,90,30,2,10,12,64,43,17,56,47,92,63,42,80,30,32,51,100,18,46,40,76,27,66,69,90,41,15,25,66,22,95,68,27,90,20,21,46,56,22,14,2,79,69,76,80,67,68,10,46
39,64,33,73,27,92,91,13,33,79,49,63,49,71,5,75,72,39,13,59,56,98,4,41,16,33,45,60,27,58,28,69,88,39,55,30,98,84,0,91,20,36,97,86,70,82,14,46,22,86,46,30,19,8,54,27,72,55,83,90,20,46,84,44,64,75,36,29,51,26,56,67,71,83,6,7,30,26,95,14,25,10,27,60,71,38,25,75,30,22,39,75,83,65,13,61,48,13,67,26
3,30,31,2,91,9,34,7,30,9,23,88,13,98,63,88,7,24,44,39,25,60,48,14,24,96,33,16,66,17,88,79,83,3,55,94,2,32,100,60,88,35,67,63,74,73,22,62,48,49,99,73,63,8,38,63,22,89,7,10,3,49,76,85,33,86,52,58,35,35,72,48,0,82,65,84,92,15,66,13,46,32,89,82,96,4,68,46,15,10,31,69,52,76,50,40,26,2,16,60
36,31,96,36,74,47,31,70,93,73,53,74,52,1,13,70,86,6,82,78,67,40,97,81,27,83,83,49,41,36,18,100,57,21,28,33,39,40,65,41,58,40,87,71,52,69,57,33,61,94,4,21,29,89,32,5,80,35,22,98,17,79,44,1,17,91,34,89,46,26,27,1,37,52,3,100,99,44,87,83,90,19,94,67,49,48,78,97,44,88,48,58,98,2,23,66,88,74,96,61
44,32,34,84,79,35,59,55,10,19,25,37,9,72,47,96,21,61,21,25,18,92,74,32,58,30,25,21,28,97,16,62,51,24,52,97,26,77,83,83,46,22,48,62,43,30,88,40,16,92,29,37,92,13,92,88,8,51,61,24,38,80,32,52,1,0,96,58,59,49,86,62,77,43,6,3,23,16,9,61,94,2,44,74,93,76,32,59,11,87,15,37,97,10,18,96,19,99,22,29
96,59,14,56,72,75,100,28,67,31,48,46,26,60,26,4,56,64,95,26,25,44,97,56,16,66,9,72,20,61,66,31,37,14,67,70,82,81,84,5,50,71,44,13,0,42,26,1,48,51,79,87,81,37,72,26,80,37,41,90,30,15,40,63,0,89,34,42,28,12,28,48,44,8,73,81,40,14,14,89,33,46,3,100,86,98,44,91,37,66,16,8,19,48,25,13,53,65,55,66
94,90,51,40,51,53,16,67,83,39,15,100,2,9,36,17,45,71,74,58,24,67,36,3,84,84,72,30,43,65,85,80,15,99,78,5,26,77,77,48,26,55,15,21,48,63,36,17,25,27,46,50,50,25,55,13,89,58,43,27,63,52,65,7,91,52,42,69,95,72,64,67,16,47,83,24,95,87,42,78,8,27,53,4,100,4,5,22,87,29,23,88,91,34,28,61,22,61,86,29
35,72,46,12,28,28,15,63,27,71,35,32,26,43,59,86,91,32,53,22,35,91,37,19,86,65,27,80,44,13,54,56,83,14,64,76,90,63,83,3,57,43,55,61,42,62,69,43,62,83,15,61,72,53,37,13,64,31,93,90,54,50,5,88,82,76,51,11,64,81,61,54,71,13,9,78,49,77,43,46,70,50,92,46,26,98,6,37,97,98,33,19,25,55,63,99,39,55,82,76
99,40,89,86,72,74,47,62,69,93,84,79,51,28,46,57,70,3,60,42,71,31,46,57,26,46,30,8,98,26,14,21,22,47,99,89,75,31,82,41,26,89,12,81,22,6,26,12,63,48,79,70,13,8,77,39,11,20,31,10,38,45,37,58,99,64,19,68,51,71,78,58,38,69,90,1,68,47,15,90,21,58,16,43,12,33,24,81,19,43,55,3,30,57,43,91,4,15,40,4
10,87,56,20,50,59,4,1,81,69,55,58,71,53,33,97,67,47,4,36,34,29,61,86,89,63,89,50,32,77,65,42,88,2,93,10,6,51,41,6,46,28,37,28,86,86,0,43,25,11,81,56,45,88,50,54,14,28,88,84,87,27,13,91,75,44,37,5,22,76,6,38,74,82,89,97,76,70,24,47,91,32,10,100,99,3,83,16,41,32,99,12,1,42,39,52,7,62,62,3
15,66,79,76,56,50,12,74,44,83,96,72,98,57,40,23,99,0,85,27,28,37,84,71,17,79,16,67,90,34,49,15,18,6,32,98,40,34,40,89,46,95,51,46,76,35,76,26,58,17,92,57,6,1,71,76,45,47,64,70,44,55,79,15,4,67,71,58,68,54,31,79,2,80,82,69,54,41,95,71,22,17,25,93,92,40,34,95,20,7,99,23,17,97,87,11,42,57,32,55
21,34,96,35,91,69,45,15,95,38,58,29,83,52,49,15,63,51,73,61,41,86,42,20,28,96,87,29,71,59,59,5,0,77,50,34,30,28,91,58,59,3,48,63,74,7,34,95,71,99,47,49,98,10,32,87,27,33,65,7,4,47,8,53,88,53,33,19,5,53,61,38,47,13,59,78,49,39,75,21,77,93,27,78,77,5,9,34,62,30,98,99,95,0,78,39,9,62,34,43
73,15,1,100,48,23,10,57,82,50,93,61,6,73,48,4,73,73,51,6,50,36,52,67,72,33,100,1,65,11,44,15,63,71,7,8,72,74,96,63,27,45,95,91,97,13,48,62,71,50,72,56,71,19,97,98,56,80,73,31,92,25,61,74,3,1,47,78,49,44,90,62,94,60,48,71,81,98,3,13,0,66,73,92,20,19,96,28,26,10,65,87,29,22,70,3,62,94,9,35
20,92,0,56,47,3,34,77,60,80,45,30,7,93,67,71,94,58,91,6,25,20,47,81,18,13,86,88,66,58,45,36,6,70,20,43,93,19,11,49,21,34,15,97,95,21,14,18,0,90,2,4,85,90,61,14,2,96,14,30,49,44,9,24,21,86,22,40,24,46,78,99,80,21,75,20,65,59,62,70,47,58,64,79,10,50,89,21,10,33,88,82,58,30,75,67,93,84,40,37
39,43,49,8,100,88,73,82,78,75,99,2,59,3,10,85,9,29,71,46,67,20,15,81,39,77,58,5,55,19,15,18,24,98,29,69,75,89,35,30,29,67,34,1,86,27,95,52,26,12,8,14,55,34,32,58,28,24,30,49,35,60,77,17,9,79,73,65,69,12,0,62,4,65,38,89,44,13,19,25,57,24,53,25,1,39,23,47,27,29,8,37,76,44,54,69,88,26,73,55
81,18,76,40,92,14,25,63,85,54,64,86,2,18,43,40,67,7,15,31,12,40,38,81,100,2,43,20,70,97,50,85,15,61,51,39,4,71,92,47,68,11,56,97,1,59,13,52,52,94,92,94,98,29,70,88,39,16,25,43,84,33,90,97,67,89,17,7,93,91,64,77,46,86,20,39,63,34,43,14,17,24,99,18,0,81,77,37,37,49,80,47,98,23,30,52,40,67,32,27
1,58,70,14,10,87,52,13,46,75,12,48,82,88,18,82,7,47,76,28,60,85,94,66,60,87,91,23,52,30,77,92,25,77,63,99,83,78,69,28,17,11,59,98,21,100,73,81,54,42,20,79,67,89,69,22,93,99,43,50,15,75,99,61,97,59,100,2,64,41,7,97,68,66,41,82,59,38,88,67,51,91,29,73,12,24,67,87,96,2,34,35,61,81,87,66,31,39,27,46
64,0,5,53,59,0,86,68,34,58,45,39,99,39,40,20,56,21,91,61,49,87,65,32,81,83,89,23,73,58,55,23,40,42,86,76,75,68,82,11,27,34,66,82,99,52,36,83,73,39,39,73,20,59,17,83,45,36,23,53,94,15,47,83,34,18,94,46,79,36,63,56,93,72,25,9,78,50,52,75,41,96,49,4,44,98,89,69,43,9,10,23,70,88,98,47,52,54,5,26
77,37,13,96,13,43,54,46,88,17,49,0,39,24,86,82,34,11,96,50,11,83,0,41,61,20,77,73,4,90,93,88,52,59,2,32,51,12,72,69,96,68,84,5,8,29,38,52,2,71,66,95,57,58,99,98,18,18,62,7,65,72,39,31,30,40,43,89,44,18,89,89,67,27,64,10,62,51,87,18,92,75,2,73,52,72,60,31,32,75,94,44,68,0,9,7,81,42,49,31
94,36,80,42,87,81,79,77,64,73,10,26,94,51,94,3,43,88,54,76,72,53,52,27,87,97,79,74,97,99,44,26,2,51,1,10,57,14,39,45,86,17,76,58,31,35,20,4,72,7,90,58,15,39,68,30,93,91,1,31,9,24,34,43,19,41,46,18,8,13,9,44,28,63,56,89,77,80,51,82,45,51,30,92,6,37,23,49,79,9,50,10,31,16,13,85,11,58,99,25
60,46,51,15,51,16,89,51,89,59,54,4,26,60,30,67,28,65,66,11,12,8,48,40,45,73,7,40,79,48,21,35,99,53,66,35,79,20,80,46,1,71,63,57,51,22,96,89,97,72,44,36,75,5,87,1,44,0,17,97,63,24,49,80,25,8,24,99,33,44,68,3,23,9,20,31,18,37,72,89,27,69,5,66,1,77,49,92,44,50,22,28,38,58,50,53,34,9,81,83
53,87,64,19,97,57,50,53,56,50,54,41,32,73,29,74,52,1,71,84,77,0,8,77,41,14,63,22,36,82,34,59,38,71,57,90,56,39,85,25,1,52,73,92,40,53,37,57,6,31,6,16,53,69,54,80,85,92,48,45,79,15,89,58,56,11,49,44,55,8,97,44,75,41,24,72,72,21,58,9,0,58,92,36,42,89,64,72,95,62,82,93,54,46,13,55,82,5,47,71
61,72,34,31,39,73,96,27,67,97,10,42,30,38,77,6,22,36,39,75,97,71,62,90,41,63,35,15,6,97,1,80,66,99,27,63,63,21,26,68,67,27,96,13,72,81,47,84,14,58,73,83,13,30,55,84,57,14,53,52,92,67,35,41,69,90,20,74,66,45,24,82,97,70,2,36,27,9,16,22,61,15,17,87,68,52,22,37,93,92,82,8,66,88,1,25,0,59,4,81
77,7,93,32,46,88,39,81,85,91,100,60,32,20,9,93,3,22,49,29,83,98,42,24,84,88,96,87,54,51,0,53,60,0,70,88,73,50,60,32,100,44,29,48,95,0,26,49,89,76,74,82,82,38,40,2,25,98,84,31,40,54,12,51,84,79,58,56,20,11,65,92,86,21,1,92,71,99,31,3,38,92,72,19,69,11,85,27,7,95,62,75,15,56,25,18,97,31,5,63
57,62,34,78,91,38,48,100,21,24,72,100,82,88,18,2,42,97,65,6,42,54,55,44,66,92,29,63,73,63,90,49,32,9,69,32,51,74,42,74,54,1,22,92,98,46,72,19,19,50,83,69,21,59,90,63,20,54,58,14,48,15,98,64,93,23,62,67,43,53,43,77,71,20,20,90,15,75,48,78,37,40,58,55,93,26,80,35,50,97,98,17,87,23,4,68,81,76,11,74
32,39,54,49,30,56,50,49,40,52,66,73,64,21,83,65,13,0,14,54,67,82,93,42,15,79,34,33,52,85,60,23,59,36,22,61,12,92,57,63,42,85,74,81,30,81,40,43,29,6,10,48,35,98,92,41,0,4,7,30,46,77,12,29,30,20,63,91,68,31,5,36,12,31,60,80,34,92,82,57,42,78,17,61,59,30,34,9,58,41,89,74,1,37,27,95,22,93,90,41
52,65,55,41,51,56,69,57,68,57,51,85,55,97,18,29,59,13,90,71,97,0,70,99,37,15,53,11,34,75,47,14,17,15,72,39,50,54,76,28,65,28,35,37,81,90,84,88,9,13,56,58,95,46,27,1,48,72,31,37,55,79,49,92,82,83,72,41,60,98,8,49,75,5,86,9,77,68,72,18,67,35,84,97,96,35,15,50,92,55,56,14,70,93,14,56,24,74,96,68
82,17,87,61,97,85,78,20,63,97,11,46,46,76,31,55,65,20,59,71,53,17,66,75,97,16,47,44,85,38,51,53,78,71,56,14,53,85,87,77,98,98,61,84,1,89,79,93,25,98,40,33,16,46,81,26,75,68,21,18,14,12,56,74,28,46,32,52,13,5,11,96,40,54,71,4,15,99,42,38,11,80,88,2,25,83,23,69,45,50,93,74,33,16,22,28,14,3,7,11
17,61,98,6,73,73,38,2,15,17,1,29,19,43,65,4,39,97,16,19,27,6,26,19,7,7,10,42,96,14,77,90,63,26,56,60,30,16,91,81,68,29,15,10,94,92,94,49,30,34,13,45,34,89,62,39,72,89,15,13,17,58,34,87,38,65,27,65,41,96,63,55,60,57,60,26,60,31,49,77,4,1,76,91,84,55,88,66,71,42,1,37,75,56,2,42,15,83,97,16
63,17,11,58,49,49,52,68,97,82,75,63,42,89,88,97,85,72,82,2,82,94,8,46,14,98,71,3,100,68,27,73,88,50,83,4,1,70,52,77,29,38,51,99,14,41,5,23,7,78,48,59,29,63,50,52,26,48,74,72,47,100,37,35,39,58,33,14,64,9,81,54,26,61,64,77,30,60,0,80,6,10,22,64,65,20,79,59,100,81,79,44,46,12,24,81,95,46,75,83
58,72,66,30,1,39,65,60,98,30,82,74,32,27,59,81,23,93,45,4,61,5,35,6,23,11,99,65,2,32,33,25,76,63,4,60,82,22,56,98,25,92,55,18,34,16,92,42,34,39,23,83,19,4,65,57,12,93,65,89,31,12,61,24,45,2,43,23,12,28,6,20,4,98,6,69,82,61,38,20,66,19,25,59,82,11,7,71,24,78,40,10,20,33,39,19,24,23,54,43
9,13,30,13,55,34,81,43,32,57,22,86,94,0,81,74,81,16,93,35,52,47,28,85,38,27,82,39,3,97,68,52,48,79,3,25,39,38,52,37,98,33,84,89,47,62,64,69,89,26,18,89,96,87,90,91,79,40,44,26,20,83,31,7,48,67,85,67,60,79,7,74,53,60,55,74,12,61,2,19,52,6,11,39,26,0,30,33,75,48,58,17,87,25,19,51,29,12,77,25
74,77,14,64,54,19,46,86,7,65,92,29,93,64,47,78,27,63,96,95,20,69,89,33,43,37,38,64,40,59,5,76,7,11,19,65,83,46,52,54,81,79,28,76,94,59,23,7,13,20,41,73,36,90,58,22,13,6,29,63,37,27,35,99,84,7,54,28,25,70,32,80,4,26,75,34,68,16,28,37,66,19,29,81,77,85,4,56,85,57,23,39,12,58,22,14,9,44,26,17