95,11,1,65,49,14,42,87,0,81,73,61,33,52,31,50,62,53,30,18,22,70,32,21,9,27,92,30,88,56,72,96,65,35,32,68,3,11,74,2,14,76,17,71,53,86,70,49,34,24,19,31,68,26,7,15,99,7,44,40,94,95,62,60,50,15,49,23,100,7,22,36,67,27,96,84,27,68,62,96,50,70,34,94,93,62,83,56,17,89,95,75,53,46,19,24,38,31,95,5
40,78,64,32,42,1,3,21,64,66,5,8,77,86,79,52,98,35,87,2,85,23,45,31,52,70,81,39,89,63,16,71,100,19,45,29,74,61,62,21,56,87,50,22,98,76,38,75,58,61,4,39,40,83,58,17,18,92,31,78,2,26,76,96,7,67,74,92,13,1,62,27,2,22,19,9,75,87,56,88,18,95,82,79,3,27,48,47,81,55,87,63,100,54,73,66,1,34,25,53
53,36,32,18,52,41,53,9,30,69,15,70,19,2,14,62,62,32,50,14,87,44,23,61,81,95,64,36,77,40,0,30,3,25,68,53,40,96,40,82,83,77,71,1,35,89,54,85,50,75,85,47,22,68,36,100,60,23,80,91,71,68,72,99,29,72,62,16,0,53,43,70,11,31,56,7,75,42,46,33,7,33,63,77,26,50,13,47,95,69,22,71,9,49,33,60,80,52,96,42
25,39,26,7,88,10,91,66,51,41,51,0,9,51,38,30,35,19,66,51,55,60,33,22,18,81,90,22,47,85,59,49,22,62,54,76,77,64,20,73,83,71,20,54,24,21,42,15,9,28,89,82,66,86,47,3,33,33,74,84,1,76,99,72,13,19,85,31,95,37,27,38,58,3,56,12,0,55,40,64,44,2,48,0,71,7,70,52,71,71,64,6,48,95,88,55,6,70,82,9
40,2,46,35,54,65,96,25,68,76,70,75,88,21,61,28,41,50,62,41,12,98,26,49,36,98,81,7,82,11,86,56,8,99,50,12,82,53,97,8,71,5,22,51,21,1,46,35,50,93,9,34,60,62,84,30,63,27,87,82,52,57,48,53,75,83,37,99,4,77,2,25,94,80,63,4,39,26,74,97,4,33,24,9,60,91,89,0,61,61,99,33,23,26,87,10,56,13,11,23
65,87,91,92,56,8,74,7,28,49,37,28,81,79,71,32,85,36,56,12,42,70,10,63,76,28,7,86,92,7,89,51,21,100,85,26,9,80,80,33,83,64,4,33,41,52,95,0,47,94,63,29,72,16,0,76,100,25,8,19,87,47,48,42,71,96,74,78,8,77,46,21,81,16,57,1,17,41,79,90,27,60,81,62,63,7,5,25,75,64,11,51,78,89,42,91,73,71,47,96
24,92,29,21,0,61,79,45,52,12,89,32,19,2,6,99,68,65,62,57,98,39,6,38,70,98,69,72,52,87,86,13,50,73,96,57,17,11,45,18,76,94,54,78,52,28,95,73,70,11,11,98,12,74,68,98,68,56,62,56,98,90,1,64,60,72,9,24,100,10,27,85,3,55,15,46,99,33,44,84,97,35,10,2,38,66,24,47,49,78,79,84,21,48,1,71,91,17,64,14
41,8,46,17,6,14,27,72,4,45,47,13,33,92,41,37,47,49,8,40,4,86,3,12,17,11,8,53,98,28,37,30,22,40,57,31,4,56,41,40,100,44,1,17,17,20,11,87,46,14,90,71,14,34,8,77,83,11,26,65,11,35,14,23,28,18,51,19,60,96,97,12,34,54,62,81,53,85,8,11,70,41,14,6,84,100,0,1,46,89,79,82,78,56,44,78,19,59,21,21
89,91,33,83,96,86,73,9,88,27,90,54,39,43,10,38,20,45,26,80,30,1,70,56,85,33,12,0,82,54,31,23,32,1,0,63,73,78,35,12,88,20,19,2,78,4,32,71,54,26,84,76,85,15,23,100,67,17,13,78,39,90,80,39,48,7,20,39,61,80,26,80,17,2,75,72,3,9,23,65,63,95,33,77,37,44,62,16,82,63,10,6,59,33,37,39,10,37,38,75
56,58,64,49,4,67,34,15,18,41,10,53,87,25,87,61,61,38,6,80,0,49,42,7,40,30,76,1,55,49,8,67,48,27,55,3,33,25,45,63,3,47,27,60,92,24,2,15,62,36,74,28,0,92,88,65,26,4,31,74,46,81,86,10,75,36,0,56,47,60,50,94,46,51,36,58,38,86,62,83,60,13,52,93,6,81,97,14,84,5,78,58,49,43,0,40,100,35,14,4
99,82,61,49,93,76,84,1,45,62,74,89,7,36,79,100,46,2,94,89,72,73,75,65,57,12,80,98,54,35,39,58,55,15,94,63,33,41,88,94,100,76,93,95,60,32,71,97,34,50,94,88,45,72,86,28,6,39,45,35,28,67,56,76,60,72,14,99,78,24,2,100,47,72,46,46,25,46,72,83,69,33,7,3,9,27,55,3,11,32,40,98,5,87,89,26,51,10,57,57
54,3,96,62,83,29,32,31,39,2,31,0,11,95,34,62,70,27,35,95,57,91,95,37,65,4,31,64,77,5,11,22,67,24,21,35,19,23,78,76,34,32,43,100,51,97,66,85,26,28,84,20,11,20,8,11,40,91,71,19,63,20,29,43,71,23,32,70,64,75,14,83,30,31,60,4,51,6,56,19,98,86,82,71,62,61,65,9,84,66,49,92,69,55,88,21,53,52,51,26
65,24,28,80,58,29,8,6,96,94,99,27,62,1,95,41,16,25,63,50,100,7,79,47,27,47,8,44,36,60,16,5,10,30,14,82,89,72,40,91,94,95,41,76,42,12,3,50,30,30,76,50,55,76,3,32,4,18,11,50,36,74,12,9,5,49,43,6,93,66,92,72,11,41,77,49,72,64,25,0,61,35,23,95,74,12,75,54,47,90,42,66,20,77,29,71,32,72,29,29
45,96,80,56,45,67,36,32,81,19,27,58,97,30,93,68,10,69,81,56,19,70,14,93,80,18,96,6,22,74,16,22,98,83,21,26,97,93,13,67,80,21,73,54,100,20,41,30,81,89,98,52,92,40,68,97,92,36,11,2,69,1,62,20,14,2,19,88,66,8,19,88,51,44,13,97,91,47,36,99,75,38,92,5,6,59,71,53,89,42,38,98,60,80,69,34,77,84,26,13
15,57,98,49,100,87,16,38,83,93,16,70,66,22,63,12,37,59,63,94,4,50,3,49,15,12,22,38,32,28,84,25,73,61,10,55,58,7,31,72,86,66,16,77,43,67,77,51,22,73,62,19,54,40,61,81,52,75,98,66,36,25,73,87,72,13,67,30,28,29,67,35,39,9,72,33,96,41,60,96,33,27,45,84,3,53,7,35,39,11,93,51,13,81,53,79,19,69,13,94
19,15,73,57,56,38,36,4,65,3,60,74,25,94,88,71,2,15,18,90,53,61,84,11,69,69,78,19,99,18,1,9,70,13,47,28,43,51,27,28,12,17,43,29,66,100,6,86,79,0,9,94,7,38,39,1,17,2,0,39,89,17,0,80,28,33,58,9,42,33,78,91,72,48,8,1,41,31,90,44,45,78,45,6,93,0,82,50,34,80,15,2,23,74,50,18,1,83,4,92
90,38,82,75,34,22,33,100,82,21,39,25,72,32,2,11,85,80,100,51,26,74,61,24,5,54,75,13,43,8,44,38,23,13,40,73,39,11,80,40,68,83,95,79,59,32,47,74,45,98,68,6,97,62,22,65,12,32,73,33,82,55,13,17,91,54,58,39,4,90,93,28,80,37,87,79,71,60,53,68,50,20,57,3,99,58,92,31,19,8,49,79,30,4,48,55,89,5,59,54
23,44,19,85,28,87,53,39,83,40,77,84,73,46,60,76,97,35,82,57,95,24,24,83,52,26,3,91,80,28,73,25,4,93,40,73,54,45,76,47,30,47,13,23,30,48,65,48,15,65,6,49,98,63,66,96,47,98,38,42,88,89,13,23,6,90,20,15,69,72,65,95,7,26,90,94,13,8,4,11,29,23,90,54,0,12,46,84,49,80,9,16,75,44,63,95,46,52,29,61
39,26,72,82,59,29,46,27,40,48,89,4,7,1,82,81,65,71,63,6,94,33,51,15,41,88,76,36,46,80,85,70,22,15,80,10,17,21,18,2,82,28,53,70,100,81,68,8,60,10,38,23,60,82,73,72,24,94,79,67,78,33,7,27,41,83,13,0,6,93,21,22,80,2,39,33,12,50,20,10,43,61,49,10,84,12,62,70,43,68,48,17,26,10,84,61,17,50,7,83
62,16,82,26,29,72,67,12,14,9,48,32,8,76,51,53,23,95,37,100,93,94,76,98,57,19,98,28,90,80,49,99,6,19,75,95,30,32,31,85,34,62,17,69,49,49,46,58,10,74,64,25,27,31,65,74,44,86,18,75,56,85,5,98,55,87,51,53,1,77,84,51,10,5,39,49,48,60,65,47,43,24,82,23,51,10,25,41,50,75,41,97,63,38,62,21,4,42,90,78
80,74,94,19,17,93,61,49,38,49,67,0,82,57,0,96,79,87,15,48,21,3,4,3,60,58,58,72,29,66,40,10,3,41,73,44,63,9,21,95,6,95,74,59,70,74,23,30,41,59,74,57,62,63,40,43,26,34,62,21,95,45,32,79,46,59,88,100,16,18,46,79,15,34,30,49,16,45,65,12,34,83,85,32,55,10,96,81,71,65,73,82,69,95,68,69,38,80,2,66
55,24,31,72,68,100,93,69,23,82,19,73,3,75,49,33,14,28,44,73,63,77,75,52,1,41,50,46,58,50,15,1,2,47,48,75,64,85,6,4,58,79,72,98,47,59,0,5,40,52,97,42,80,72,48,98,20,91,28,14,92,57,32,99,11,53,2,36,33,66,2,5,59,71,6,23,28,19,55,2,20,75,16,9,45,33,1,67,30,88,50,94,37,53,24,64,92,67,21,18
93,55,28,16,29,60,47,56,29,15,25,14,72,62,39,61,55,55,31,48,96,52,73,47,18,17,70,76,89,71,9,11,97,3,41,64,4,12,55,66,39,72,41,68,0,62,57,99,7,100,65,12,70,4,39,59,32,72,18,96,100,53,41,55,5,37,96,16,66,95,44,5,14,27,32,32,75,58,88,20,5,99,81,56,96,92,19,86,34,72,21,44,53,83,46,8,38,72,56,23
79,56,50,85,92,48,24,37,76,46,93,42,99,47,31,37,60,85,25,67,51,80,88,70,91,74,61,67,72,83,97,83,84,94,3,18,19,79,22,59,44,16,4,54,25,61,76,84,37,65,38,63,70,56,39,4,29,60,84,16,9,68,31,83,25,89,91,46,59,43,22,6,12,49,22,27,56,82,80,65,57,74,41,95,6,13,93,20,16,22,37,68,4,46,18,13,45,59,47,69
53,37,37,70,18,57,52,23,41,9,94,20,90,52,8,68,13,4,62,78,62,78,93,93,89,13,96,25,99,87,31,72,45,6,81,75,14,40,44,3,87,85,70,88,63,46,55,55,34,53,14,16,76,81,63,14,56,98,78,71,19,41,18,84,39,17,26,36,90,87,54,95,4,10,84,9,5,91,51,95,35,2,34,73,23,98,73,91,96,28,26,1,73,95,92,65,32,18,23,90
16,38,74,92,10,74,16,0,69,50,41,48,26,16,81,82,90,19,83,81,20,19,3,36,27,45,91,63,17,61,23,56,58,74,96,32,7,60,62,65,8,40,62,43,92,35,69,18,44,11,27,28,77,77,56,5,14,19,50,71,73,91,48,47,94,59,56,54,22,72,10,52,28,54,54,33,10,7,78,26,55,39,12,15,32,13,31,67,19,12,35,46,49,70,98,45,73,16,5,12
85,19,87,22,21,4,89,70,19,40,46,64,68,25,37,30,30,28,80,11,75,30,87,47,43,85,13,88,42,68,39,72,37,53,74,26,35,13,75,40,58,54,71,70,85,31,85,52,52,40,67,24,64,28,88,24,37,82,46,83,34,88,100,4,44,72,33,57,77,95,10,28,64,6,25,76,58,25,88,90,85,17,54,42,24,86,16,25,54,61,43,28,12,36,89,80,29,44,96,97
39,78,78,45,74,76,40,91,2,69,27,15,22,66,99,52,28,57,86,40,19,98,35,11,56,47,78,11,23,64,35,65,88,68,76,10,97,74,20,17,34,0,85,97,31,72,22,73,75,73,9,40,24,26,71,20,64,34,3,10,44,97,13,45,94,52,38,100,71,64,10,62,29,9,65,23,95,84,67,38,37,26,36,29,45,71,69,77,38,41,46,76,75,6,99,33,91,35,82,74
81,36,27,13,94,10,32,24,65,35,78,66,27,85,47,67,58,1,69,60,26,80,25,61,93,40,56,48,59,71,74,33,21,21,48,98,15,41,45,10,11,70,76,39,79,73,34,54,15,54,15,41,45,5,51,94,12,88,67,87,18,23,93,10,74,47,15,26,82,35,35,2,78,22,20,77,61,47,35,57,2,69,31,40,21,47,31,75,92,15,84,12,12,67,94,61,10,5,72,1
45,1,27,42,85,94,15,55,55,4,31,91,49,23,17,52,10,33,38,3,10,87,26,70,48,93,65,35,30,11,49,46,82,57,90,98,13,81,67,55,70,77,74,45,96,45,81,36,16,77,48,0,99,4,69,8,65,46,61,80,8,7,62,41,15,3,29,44,5,87,38,43,46,94,60,73,70,57,11,42,25,75,40,76,12,73,60,35,78,80,41,55,0,53,87,80,52,50,36,90
97,50,9,72,50,4,15,38,54,3,13,82,85,35,20,79,35,10,10,63,90,94,74,10,36,11,30,87,77,9,6,55,69,76,91,69,59,5,32,79,52,21,31,31,61,97,26,60,99,70,86,49,81,10,41,99,56,11,83,94,25,7,18,73,7,90,77,95,15,90,74,12,16,32,47,91,9,25,89,42,22,63,97,68,21,94,41,90,80,76,60,35,19,99,37,37,65,14,2,15
55,82,29,10,71,72,87,82,70,0,87,98,100,47,48,51,30,76,0,39,64,18,90,82,94,92,52,38,22,81,91,18,33,47,3,85,46,36,80,67,2,17,38,2,65,10,86,81,65,94,100,93,65,3,74,82,73,4,36,57,98,49,64,38,44,29,12,51,17,0,39,92,6,71,37,49,28,51,63,39,87,52,83,33,86,72,44,62,46,99,39,94,34,95,97,70,65,68,69,39
46,76,82,99,72,52,16,15,33,19,22,86,76,61,7,0,12,80,63,16,20,32,6,65,28,75,30,42,60,86,54,27,98,52,5,10,34,20,86,7,15,33,32,4,89,12,98,21,91,39,20,16,88,12,96,84,4,45,25,7,60,79,46,42,74,87,26,67,44,97,18,95,100,61,31,78,40,28,35,30,22,80,25,12,55,43,46,46,75,14,83,95,94,69,83,24,82,50,19,71
49,67,72,75,10,66,39,21,70,2,80,77,76,20,54,83,9,78,22,27,20,61,62,20,58,87,32,50,0,90,22,75,72,88,77,42,35,4,27,34,87,26,96,86,2,4,61,19,65,43,33,19,28,21,12,15,86,96,35,9,49,6,85,96,35,65,80,40,45,84,56,36,22,99,43,32,97,65,69,93,59,39,28,57,51,96,97,76,24,92,37,7,1,29,60,52,79,10,27,23
65,67,30,10,12,33,87,46,88,8,81,11,50,77,9,79,71,17,7,64,55,41,74,72,92,36,38,13,75,59,6,82,97,49,1,5,61,60,91,18,91,24,17,37,48,48,91,58,65,89,66,16,92,60,6,4,97,46,43,80,94,50,68,64,71,57,18,85,76,2,46,39,31,9,4,9,7,43,54,18,53,26,32,77,65,97,69,60,90,48,65,32,90,6,49,43,69,25,0,65
51,10,65,98,43,62,46,0,53,94,23,48,10,72,61,97,21,18,67,55,59,39,1,43,11,85,83,14,58,5,27,48,98,26,22,16,40,88,81,72,86,48,34,100,42,76,21,7,78,77,57,25,84,5,67,94,12,33,41,61,91,88,22,61,93,43,89,58,51,31,63,56,81,53,9,33,76,98,35,55,86,21,56,79,65,31,47,33,66,27,13,18,65,89,49,33,30,64,63,75
12,4,93,29,86,10,35,100,13,12,72,29,90,64,65,43,77,76,93,24,46,45,1,28,38,44,83,81,57,81,0,68,47,64,89,14,82,78,69,25,15,47,85,31,35,9,39,55,1,41,35,52,61,30,9,75,4,20,0,56,35,3,71,25,9,95,89,13,37,18,89,74,57,6,94,42,9,47,16,13,91,77,53,61,89,91,57,86,19,56,17,27,34,79,83,20,1,86,67,58
78,63,50,33,95,30,99,83,77,55,5,43,66,16,55,7,37,34,86,71,8,95,45,94,48,33,63,31,91,71,29,90,87,75,17,55,43,93,82,0,13,7,2,16,96,68,83,67,32,6,24,79,2,53,20,72,27,18,73,0,90,32,64,8,5,0,13,46,41,63,55,72,93,81,20,10,0,20,84,83,31,90,72,43,56,28,65,12,57,46,0,29,23,75,72,23,41,63,89,86
64,58,12,39,71,50,6,81,79,5,61,54,57,27,92,82,44,46,7,66,90,43,85,28,55,56,34,92,24,25,9,1,85,55,5,29,92,90,100,94,12,15,25,3,40,92,79,76,87,63,81,83,38,8,81,42,5,91,16,34,21,64,41,46,62,29,70,34,14,87,1,16,59,70,80,42,100,27,54,97,40,16,16,93,15,59,46,52,21,27,88,21,67,10,35,18,24,45,1,89
24,17,13,34,63,97,57,82,24,47,18,80,58,1,10,7,39,82,34,23,66,91,9,17,34,5,67,100,73,17,35,21,99,52,73,38,58,68,68,43,95,81,6,70,46,92,14,63,94,26,37,30,52,61,16,2,62,80,1,31,99,80,68,19,87,71,47,53,66,5,29,81,72,58,100,38,4,73,98,53,75,69,90,9,3,23,0,100,31,31,72,73,59,23,35,99,6,63,85,60
63,81,7,48,50,84,6,13,87,42,90,81,96,70,26,29,23,37,84,89,23,59,8,34,88,35,73,66,69,93,53,95,56,62,21,84,9,40,91,96,1,58,33,54,65,19,53,78,66,57,63,94,33,86,100,48,48,44,48,98,38,52,33,13,94,74,93,79,69,67,3,89,85,65,64,43,19,96,20,55,17,24,7,15,90,61,35,55,83,28,61,34,30,98,40,97,3,26,61,28
15,7,79,75,74,38,80,64,20,95,65,12,29,50,58,18,25,56,78,9,66,91,13,76,92,44,2,70,42,97,4,88,30,68,35,6,84,78,22,65,21,53,77,51,46,98,80,64,57,28,15,30,89,43,87,45,96,12,39,61,15,21,15,71,50,63,80,9,79,44,74,82,24,74,13,92,47,32,14,34,27,54,79,56,47,28,86,9,21,52,39,93,49,56,42,67,42,66,89,98
67,5,11,50,74,56,42,5,33,64,76,53,66,15,56,92,64,81,32,87,19,36,7,90,27,32,98,55,34,93,15,28,44,0,11,92,57,48,96,30,96,39,1,12,91,34,46,35,31,57,44,46,73,10,96,10,74,35,55,93,89,29,51,27,40,96,20,87,5,76,13,35,22,11,89,58,8,36,0,73,81,77,84,62,6,39,28,26,39,85,58,33,15,15,18,65,12,1,38,3
67,2,66,5,87,97,43,60,13,3,17,91,44,72,63,68,95,99,93,58,53,38,39,31,31,66,74,32,88,25,42,25,38,90,6,52,35,25,21,68,97,67,1,83,94,1,13,27,99,44,45,33,5,81,58,3,37,57,5,38,80,91,14,69,62,56,51,92,100,55,83,35,3,95,44,92,55,29,12,28,13,45,52,97,42,42,82,79,35,88,30,94,9,46,10,34,68,71,66,13
95,83,81,14,93,51,51,75,17,12,92,79,74,59,97,74,45,60,12,39,52,35,93,48,36,95,1,6,86,15,42,33,4,98,57,58,28,25,25,83,13,55,65,23,88,99,10,16,12,49,79,21,68,40,98,43,72,37,1,58,67,20,7,95,49,23,1,61,54,6,88,54,18,88,72,52,96,35,63,97,71,38,87,95,85,30,82,86,59,16,59,40,100,44,24,86,96,69,68,16
80,49,54,95,95,34,87,3,63,82,53,50,44,22,4,48,13,52,27,43,79,33,19,47,76,69,13,87,92,72,98,53,70,10,36,18,92,82,99,90,4,91,81,84,18,57,45,52,13,98,53,77,37,91,63,58,78,79,43,66,71,1,63,47,0,47,12,18,24,35,58,20,11,52,69,17,4,95,16,64,12,77,33,96,71,2,70,90,61,39,32,27,18,94,72,35,87,0,96,32
91,68,63,30,44,79,30,51,6,28,99,62,70,39,46,59,97,62,97,38,70,92,57,67,25,100,8,67,40,63,83,5,23,24,99,11,68,71,75,22,84,14,19,6,0,5,57,71,28,32,97,86,89,9,60,72,70,37,71,80,83,99,6,29,21,42,7,18,58,51,73,59,31,39,79,85,4,59,33,20,72,39,91,15,55,33,3,60,66,6,91,48,33,7,26,30,30,52,26,11
14,12,96,15,85,87,37,81,93,63,64,86,16,36,26,93,69,44,47,77,1,35,83,68,100,90,9,89,51,74,25,5,57,94,94,20,3,81,73,82,72,52,12,69,0,87,91,98,76,67,86,90,23,3,51,72,22,32,31,81,99,10,65,7,99,4,67,44,25,60,94,55,8,16,19,82,63,8,20,16,64,31,48,86,55,72,83,23,38,98,91,81,77,89,93,33,36,33,18,83
22,7,95,74,33,61,51,82,71,80,95,89,10,52,51,96,28,8,27,1,69,100,38,20,17,46,42,59,19,2,95,21,47,79,55,55,35,18,6,3,61,90,89,38,8,46,68,39,12,99,98,67,48,67,32,81,19,88,92,7,94,52,99,7,59,28,2,72,69,33,63,43,91,89,19,45,1,10,53,77,88,13,3,86,29,27,3,77,2,70,33,53,10,92,91,1,49,87,36,11
27,6,0,4,22,92,78,75,65,40,4,99,35,65,8,55,96,16,60,3,91,64,52,25,81,28,57,72,69,39,18,87,36,23,47,15,71,51,13,27,3,80,34,77,93,70,31,93,49,58,63,17,83,86,6,73,50,83,43,77,6,20,56,73,58,47,51,91,2,48,11,7,44,79,26,95,38,22,97,54,98,74,72,55,34,15,47,66,41,24,74,70,50,92,84,74,42,40,11,37
86,99,39,15,61,14,63,98,58,44,53,48,30,64,90,95,40,22,20,26,66,71,20,82,94,15,78,9,14,25,32,76,80,12,67,40,77,57,1,23,93,37,82,81,14,45,65,57,60,48,50,20,11,84,97,38,83,45,61,30,71,87,60,33,31,56,33,47,72,11,97,52,6,5,67,12,62,59,97,68,28,84,70,22,77,19,36,25,29,96,51,22,46,36,42,49,49,16,29,64
82,74,1,47,39,34,87,21,9,59,63,59,82,19,59,63,2,72,57,19,81,13,8,99,32,42,63,55,84,89,73,52,11,39,51,74,74,97,26,60,93,18,40,28,22,53,15,3,100,76,72,96,21,53,73,72,27,51,44,91,99,34,35,93,90,27,70,85,12,24,8,51,36,9,96,73,68,30,39,83,50,76,92,81,65,23,68,19,22,62,56,30,26,60,9,44,21,79,23,90
93,65,55,12,51,26,12,39,98,88,44,1,35,84,44,38,46,84,10,85,8,6,73,74,51,32,78,43,82,54,2,67,99,81,32,11,26,59,51,27,83,21,74,31,80,94,51,66,95,51,0,81,82,86,23,5,80,58,68,65,37,70,26,29,21,31,93,22,8,14,63,97,30,1,63,37,79,10,16,16,96,81,78,53,58,52,40,94,65,97,18,74,61,46,78,60,92,34,76,99
58,73,17,93,85,7,89,87,74,98,48,16,76,6,79,52,94,50,3,17,78,5,57,44,14,56,92,39,75,16,88,6,17,64,52,19,40,58,49,40,67,66,60,21,93,5,6,18,39,27,82,66,10,77,46,73,24,52,74,38,84,30,10,19,17,2,55,1,86,80,88,11,89,45,73,45,14,53,18,34,12,10,5,1,91,23,71,72,52,89,40,93,73,84,5,29,64,67,35,97
14,71,44,24,44,49,100,47,72,98,68,29,22,82,20,94,9,56,93,95,41,94,49,15,25,68,53,53,19,2,6,21,76,76,26,31,94,93,34,31,11,36,5,79,36,64,34,35,52,100,99,77,76,65,7,29,89,82,12,92,100,34,57,55,79,24,6,54,29,77,42,36,65,86,81,63,74,9,32,97,51,0,87,51,33,97,23,23,52,83,67,18,57,61,48,8,89,75,41,83
53,36,46,60,81,25,9,50,30,39,11,93,68,57,84,38,55,13,77,40,79,49,44,83,19,69,16,37,17,8,99,13,63,35,5,54,62,56,45,18,95,21,63,11,65,3,94,1,8,52,41,39,24,8,34,81,16,88,93,99,24,46,22,39,36,73,56,79,78,82,90,35,24,65,5,24,99,78,97,44,15,3,41,83,93,65,48,10,37,61,13,56,53,3,43,47,15,72,65,35
34,13,76,36,58,59,91,94,58,50,93,59,13,68,23,40,50,7,24,100,64,98,54,63,71,69,53,63,85,63,89,53,27,52,11,60,3,0,29,10,53,29,79,15,62,86,83,96,91,13,79,48,14,74,39,15,17,53,14,52,12,91,25,80,96,59,45,51,72,97,63,67,81,53,38,19,27,19,27,24,93,18,84,92,21,92,60,7,51,52,9,87,14,78,37,66,100,31,24,60
39,94,79,25,28,51,88,55,17,22,8,51,90,77,84,73,100,45,34,17,57,60,13,0,36,96,10,1,68,54,6,60,53,14,26,86,55,74,18,23,39,39,30,2,68,18,3,32,80,91,28,86,93,19,85,75,19,26,61,61,85,39,77,79,99,17,60,0,82,68,75,88,68,50,94,16,88,41,53,37,61,38,3,10,12,91,88,68,64,97,93,60,96,12,96,52,69,32,59,86
74,23,37,43,55,60,17,57,91,55,64,3,95,24,20,5,32,98,91,11,11,77,0,42,58,57,76,58,12,7,83,79,55,97,50,26,16,15,74,55,99,65,99,60,90,7,6,36,78,10,50,10,3,6,6,51,77,50,49,100,16,72,59,87,84,26,90,96,23,36,44,34,24,74,43,71,48,61,86,11,14,31,3,18,84,32,18,46,39,13,58,60,29,10,88,79,69,10,43,28
39,84,24,74,70,66,85,76,17,32,97,64,68,3,77,36,9,50,43,16,72,53,54,62,74,90,30,91,1,79,59,39,73,27,76,70,5,66,27,72,30,86,98,50,77,98,40,98,61,53,45,73,11,76,37,69,65,95,57,91,30,52,14,71,89,5,53,48,36,10,20,9,73,67,50,87,78,73,15,65,67,12,46,58,8,78,69,10,86,50,36,50,48,42,74,78,73,57,23,85
23,37,99,60,15,33,65,91,79,32,37,8,29,3,7,52,68,71,88,59,48,92,18,68,39,60,91,93,41,47,6,20,88,78,8,17,1,75,95,39,49,17,92,13,68,69,62,75,76,60,45,10,59,27,4,65,86,1,6,22,5,19,53,78,27,23,74,56,23,72,29,22,78,95,96,64,34,12,48,52,67,32,77,80,31,58,51,56,44,31,100,78,54,98,14,42,5,70,12,51
75,93,67,89,10,23,6,100,73,8,70,49,22,13,69,56,73,34,93,67,12,70,57,52,62,6,54,68,41,91,84,74,95,30,97,14,96,93,46,42,90,18,71,86,38,23,88,17,59,82,89,66,85,14,2,66,99,37,25,9,26,71,5,72,51,67,67,22,64,51,74,57,54,62,48,88,62,31,85,10,36,14,17,96,41,42,39,82,15,15,41,45,65,26,86,75,12,45,86,70
100,31,38,70,39,14,45,18,39,60,73,94,6,52,74,55,22,65,91,88,65,9,62,50,1,48,47,56,31,18,68,69,52,6,27,42,0,73,91,49,5,65,96,5,61,76,70,75,38,51,2,57,8,32,83,90,81,41,92,75,71,78,100,45,63,39,96,40,81,100,94,99,96,97,87,69,34,14,8,51,98,84,37,9,57,47,49,49,12,65,51,26,45,29,98,18,3,27,61,93
30,62,22,24,35,63,34,45,69,18,43,75,99,81,69,80,57,68,100,51,13,45,82,9,5,33,66,74,30,41,100,52,37,93,13,64,22,64,44,69,44,82,9,15,83,43,21,52,47,0,72,51,4,33,83,99,25,38,9,6,98,3,34,44,73,66,36,13,47,11,86,50,48,54,3,26,41,73,92,71,87,25,42,24,72,88,72,21,74,89,3,31,39,11,45,41,90,33,63,49
43,67,20,9,94,66,70,75,77,40,39,89,51,95,43,34,69,70,17,87,10,40,55,34,29,23,32,96,48,76,9,85,91,30,3,99,21,10,58,31,59,39,47,38,38,78,11,90,17,80,2,87,57,16,21,71,40,36,77,69,18,57,29,54,85,88,5,60,25,60,86,29,64,75,25,35,98,13,10,32,45,67,20,91,69,76,26,33,45,93,0,80,10,81,10,10,97,58,58,37
0,2,14,4,3,65,38,70,38,11,81,15,71,93,53,79,32,39,46,54,54,1,13,49,46,9,93,17,50,88,16,20,81,77,15,27,21,29,100,77,7,20,7,72,24,18,61,36,82,51,64,62,27,35,24,99,62,37,24,69,44,28,60,79,27,76,15,66,91,18,94,94,35,68,51,81,80,9,25,8,10,97,67,92,22,58,40,9,57,63,49,99,86,90,74,30,74,8,63,4
44,15,87,89,91,73,4,18,24,47,28,51,42,18,73,12,53,32,98,67,21,44,26,53,13,50,89,87,6,57,41,80,6,76,21,33,72,69,1,0,73,14,48,24,16,58,48,69,45,23,1,17,12,46,3,36,79,86,61,92,36,25,10,14,51,72,70,71,80,89,7,48,19,22,75,97,41,57,71,90,9,45,2,97,51,78,68,90,16,72,71,63,90,20,97,97,96,6,3,50
89,55,99,98,47,42,87,4,27,26,68,83,15,15,95,59,21,40,19,70,39,28,13,65,29,63,68,100,4,5,22,82,96,78,88,83,8,35,2,22,8,61,72,33,38,0,50,57,28,75,76,34,38,11,31,44,95,12,73,47,54,54,37,32,49,17,53,24,31,18,50,60,49,4,68,68,67,87,67,65,17,50,72,76,70,54,50,0,34,69,28,0,84,23,7,73,55,85,35,28
4,83,11,70,90,28,80,80,57,45,3,85,13,49,9,73,34,5,44,8,73,0,97,13,28,32,71,58,14,76,5,33,74,26,87,45,31,56,88,59,98,8,98,27,45,45,67,13,71,79,57,42,98,8,88,52,100,87,11,59,47,7,60,25,77,0,15,59,39,63,26,17,95,90,38,20,81,13,12,10,47,10,25,95,28,50,31,97,33,62,56,64,3,63,45,37,61,64,26,37
16,45,86,67,5,51,28,52,36,85,70,11,39,0,22,80,17,13,85,91,12,97,55,87,45,68,32,3,0,27,9,61,89,87,89,27,15,33,4,99,28,93,99,52,81,78,58,65,74,27,43,78,15,13,80,72,80,1,88,3,61,24,31,45,68,60,47,90,14,48,18,12,45,47,58,35,2,24,92,44,43,1,25,68,11,91,31,18,18,62,96,13,62,84,30,38,7,69,15,57
24,86,40,71,6,45,16,62,68,70,20,20,7,81,79,62,5,41,66,41,0,59,15,58,46,20,47,86,46,46,51,37,95,42,17,37,15,76,16,62,34,79,30,34,62,25,80,32,70,51,4,83,47,94,76,13,13,46,69,50,24,8,16,1,44,36,90,63,25,26,43,92,15,44,48,70,64,61,78,54,100,4,91,45,93,76,24,26,7,73,60,68,79,77,73,61,51,21,6,75
41,31,10,17,11,10,96,80,94,65,68,7,12,86,57,87,99,71,68,41,34,8,67,9,68,1,56,58,53,83,16,12,43,92,76,72,51,55,85,46,17,91,1,31,56,3,82,68,83,23,41,60,2,81,90,10,44,92,47,78,71,54,8,76,7,35,31,93,91,15,37,49,80,88,46,2,64,24,0,72,21,26,87,33,78,31,83,80,64,1,69,66,93,39,64,51,69,9,18,18
86,62,22,96,93,38,83,89,58,92,92,81,71,95,18,62,63,62,18,82,41,83,64,82,31,97,47,26,95,62,92,85,16,90,48,9,45,15,3,99,55,29,19,8,80,64,75,19,12,40,24,30,90,88,98,59,73,9,51,36,77,16,73,68,44,17,21,20,34,99,22,83,28,56,47,46,100,82,42,77,43,13,32,45,88,76,86,62,2,25,27,28,66,39,54,2,48,82,69,11
18,99,33,97,65,98,39,40,59,100,13,39,87,12,53,73,28,11,53,39,84,26,1,36,96,49,92,37,74,45,65,61,63,52,33,59,23,92,28,47,93,33,94,30,68,46,5,57,31,100,74,48,89,39,0,100,81,56,34,8,2,93,95,42,8,31,44,62,64,46,79,79,44,72,63,30,37,25,40,0,74,12,97,62,81,31,93,58,1,15,44,49,17,7,84,84,25,24,90,0
76,26,32,94,91,29,28,13,0,70,73,82,76,28,60,67,64,3,63,42,79,51,39,47,27,74,23,47,72,26,62,49,0,78,84,9,24,31,79,96,51,94,83,42,75,53,46,90,62,21,33,81,24,43,25,44,4,37,76,32,29,78,77,58,9,13,54,19,38,0,28,23,42,98,73,29,98,45,78,35,21,51,99,9,43,40,4,14,78,38,88,46,1,99,24,54,99,88,92,87
59,8,29,81,35,76,86,85,95,62,20,72,83,90,91,25,54,54,97,26,96,21,7,95,87,37,45,31,49,27,22,51,3,6,69,89,74,59,25,73,6,25,96,20,70,7,61,76,50,47,11,9,86,91,97,49,75,96,36,3,21,81,38,18,73,81,31,48,94,41,25,71,13,24,67,49,55,89,92,84,99,64,7,34,25,69,68,93,31,9,67,90,100,30,99,73,96,4,54,21
43,21,56,18,97,1,8,5,96,12,80,20,52,54,81,75,96,76,81,77,41,95,58,77,86,82,34,53,56,11,4,10,52,37,94,43,39,99,49,21,14,13,6,58,20,42,35,11,5,17,25,65,86,70,21,50,28,14,48,98,59,32,14,71,11,69,45,81,38,11,84,94,88,63,53,85,59,56,19,66,5,21,17,61,7,64,44,4,75,59,71,20,39,31,6,5,2,18,4,59
18,12,18,27,13,56,86,44,72,50,41,55,68,62,50,33,44,52,20,23,52,25,55,77,88,78,7,87,36,97,88,77,18,45,18,62,26,63,20,7,33,85,35,15,25,90,27,23,63,6,23,100,94,22,69,25,68,23,70,10,15,85,86,74,100,48,28,72,45,45,8,59,12,85,70,81,29,29,79,13,52,42,55,97,65,5,16,88,29,1,65,75,36,11,60,78,22,98,97,74
100,63,0,69,68,23,85,70,25,99,50,99,94,3,52,85,9,75,12,67,97,50,2,80,23,19,95,29,7,74,44,64,67,73,20,11,19,47,12,74,62,26,68,58,23,69,2,92,8,10,27,34,91,56,97,69,63,28,47,11,77,70,32,71,36,25,85,98,97,14,84,15,83,48,100,35,49,30,31,72,8,70,77,66,51,72,66,34,100,43,86,21,32,9,81,6,27,63,88,50
14,64,41,78,63,74,38,44,6,58,92,56,73,26,80,96,99,6,8,80,92,38,10,2,53,68,81,48,68,75,14,28,85,89,68,82,67,45,49,47,63,5,11,45,50,44,0,47,40,62,50,70,51,81,71,87,20,74,92,37,81,55,29,98,23,76,59,21,63,30,93,57,15,44,58,71,38,53,57,66,12,78,37,11,90,65,26,92,23,13,93,84,0,47,55,31,60,78,68,39
58,100,43,83,14,64,64,88,42,50,31,69,78,39,44,81,45,59,61,61,13,54,84,77,95,7,60,48,7,44,77,34,99,33,26,5,99,10,57,67,66,60,62,37,66,30,96,4,15,73,40,62,70,58,33,43,87,5,99,2,20,80,54,23,55,11,4,81,75,50,58,24,67,65,66,50,32,62,6,92,50,39,20,50,31,18,18,41,11,95,2,26,2,72,68,6,9,84,11,9
60,88,60,36,99,34,81,7,71,81,80,2,22,96,50,62,26,57,48,15,80,92,62,61,94,9,99,97,4,87,42,13,100,89,94,12,82,6,53,72,100,57,58,26,86,19,68,38,26,35,8,13,72,24,7,96,68,78,40,97,36,93,19,13,72,62,69,86,32,40,47,36,51,82,50,70,68,52,58,30,59,35,83,25,75,57,66,92,98,48,83,56,60,90,94,95,47,5,39,17
26,44,61,14,5,23,80,3,56,91,44,2,52,23,76,51,19,27,6,15,24,25,66,47,43,4,95,71,77,24,36,97,36,90,51,70,71,31,31,5,96,45,45,78,58,92,11,69,90,79,18,65,17,41,87,76,85,21,64,23,92,66,13,1,19,36,20,83,51,90,96,30,33,51,3,41,46,99,55,86,42,6,18,79,76,4,7,58,59,94,22,4,62,4,28,21,9,19,4,33
90,9,8,93,48,2,61,34,97,52,40,83,13,70,85,92,8,57,30,42,45,88,62,22,29,54,30,25,86,48,12,86,22,23,66,9,71,42,15,37,98,84,87,17,40,85,97,57,70,17,44,67,86,82,92,70,39,47,60,39,8,96,74,37,81,68,71,93,4,38,74,58,81,59,69,65,3,28,90,58,67,75,29,14,40,87,85,69,7,40,23,4,70,71,98,17,71,4,63,35
84,89,10,76,0,42,46,77,9,21,47,79,10,62,93,64,19,71,84,8,58,36,47,53,6,1,62,91,90,74,29,84,20,61,51,91,64,61,13,83,49,15,17,64,18,90,39,84,62,44,100,8,75,79,51,58,25,21,1,98,100,63,30,100,90,9,42,74,39,37,72,68,77,65,20,20,77,11,40,91,75,89,7,96,81,7,40,5,53,14,60,13,88,72,58,32,81,72,35,22
36,44,27,52,73,19,70,20,0,0,49,35,100,57,6,91,98,28,73,56,39,66,9,16,46,82,96,32,6,77,98,5,78,59,73,43,86,61,11,38,15,79,48,24,53,69,95,100,51,72,1,77,9,4,9,26,5,53,77,85,71,2,48,59,91,30,80,1,47,9,33,85,41,39,85,0,81,43,92,46,44,96,22,43,39,89,80,15,71,22,68,46,8,38,16,63,45,81,11,50
36,50,59,55,1,40,21,22,48,92,74,17,72,82,28,30,33,91,28,23,15,54,3,40,4,95,68,11,71,57,47,68,44,92,72,71,69,63,84,0,24,77,89,60,40,38,42,2,19,73,3,93,74,35,72,14,13,25,89,33,62,64,57,17,58,86,78,23,65,22,39,28,64,58,43,11,5,1,50,59,85,5,83,7,6,88,81,15,54,27,34,12,60,30,6,97,25,5,22,54
94,98,84,92,72,4,25,60,34,23,70,48,11,25,75,8,63,45,76,20,48,50,66,6,99,40,43,9,12,39,26,96,36,90,50,41,83,13,47,65,81,30,55,57,83,14,30,76,27,17,14,78,26,79,93,6,98,14,49,59,57,97,49,12,85,64,87,9,10,85,99,41,55,7,54,29,76,18,6,14,45,83,44,54,55,23,18,46,82,34,3,87,89,44,84,87,12,5,41,70
34,7,39,88,76,18,72,92,81,79,12,53,32,44,61,74,65,5,19,10,67,95,72,31,48,11,47,35,5,3,10,62,86,27,31,81,39,86,88,64,20,28,98,27,64,17,49,89,80,70,76,81,29,52,22,20,73,24,30,10,39,55,11,20,34,68,74,61,10,45,27,23,43,46,26,68,54,61,84,6,55,41,79,15,12,52,79,5,28,80,93,13,14,66,92,96,33,46,32,62
94,22,39,55,8,63,5,58,44,19,18,91,29,32,91,52,0,55,13,85,13,2,35,7,48,27,63,27,86,16,25,77,46,47,85,48,14,1,98,15,7,77,44,51,57,78,16,75,86,15,25,7,32,85,67,97,95,72,93,73,57,2,21,33,29,17,22,5,92,47,68,44,13,41,58,7,87,90,80,53,62,0,86,54,13,85,35,43,37,62,0,44,54,25,5,56,26,89,54,22
63,24,31,28,83,66,81,32,1,23,16,35,83,91,36,85,68,78,64,42,96,48,3,96,13,100,76,32,78,71,40,38,96,99,85,39,99,12,46,54,66,100,97,28,46,41,51,70,35,58,18,53,23,14,35,36,45,98,48,41,37,3,53,47,71,84,98,68,11,81,82,5,47,76,35,84,6,92,56,96,73,62,54,89,12,1,65,25,55,54,10,59,9,30,15,59,75,15,48,68
48,45,67,15,40,33,47,33,59,26,43,3,89,36,50,34,31,18,19,80,39,80,95,6,22,84,2,95,54,95,6,100,83,66,41,74,30,21,57,37,43,71,35,48,1,58,22,77,88,70,66,32,25,78,5,26,64,36,10,9,22,89,58,23,62,93,54,59,74,17,65,42,26,49,70,10,16,53,24,93,24,18,87,42,62,96,15,16,65,32,23,37,10,57,62,32,16,67,52,43
13,69,6,25,53,26,5,81,40,38,90,79,75,9,31,70,94,48,47,79,21,94,29,97,95,34,40,90,54,30,73,34,15,33,4,90,66,37,85,35,5,0,25,79,32,85,79,52,67,71,38,78,21,23,30,54,63,63,46,33,88,51,33,61,49,66,56,72,48,19,2,97,67,34,10,70,26,99,25,61,34,28,30,76,54,98,6,35,55,86,72,76,19,11,97,30,85,73,21,93
60,80,20,25,2,95,52,21,66,43,42,17,54,93,92,33,14,99,58,90,4,11,76,53,99,60,29,51,21,79,48,81,39,95,62,39,21,51,90,68,24,37,48,19,51,6,27,52,53,49,60,48,38,6,41,35,40,14,57,10,91,69,38,42,59,73,65,91,53,42,9,21,27,78,33,49,4,98,25,59,34,36,44,16,17,90,8,58,34,14,75,28,86,78,33,11,89,0,7,20
6,88,48,29,37,97,3,93,72,62,61,0,11,29,19,16,99,0,13,42,67,99,99,65,51,22,20,59,21,54,31,87,64,72,100,22,34,17,71,14,35,96,29,48,46,57,44,67,79,47,41,77,92,11,25,77,52,76,38,91,54,0,2,79,92,37,99,18,89,38,83,17,30,82,95,60,46,79,94,40,10,30,26,13,42,35,77,25,96,63,69,33,61,38,77,6,35,55,96,37
10,54,37,59,61,86,48,81,67,15,44,41,85,28,32,42,62,76,92,72,76,18,39,86,89,20,0,48,49,32,39,13,31,49,54,11,4,71,16,26,51,69,67,71,57,14,23,28,13,19,29,4,83,74,67,74,95,31,60,62,29,28,84,14,55,47,24,40,99,60,66,34,4,47,45,13,41,90,6,28,74,78,55,67,61,48,100,30,9,35,96,20,89,57,0,75,76,44,83,40
1,92,35,83,18,49,87,72,30,48,32,27,66,47,12,46,14,64,45,93,42,18,40,18,40,33,32,38,70,99,2,21,66,39,44,64,39,27,93,20,51,61,73,13,34,23,80,56,9,34,24,27,13,17,95,13,72,48,89,32,3,98,60,17,11,63,50,25,99,83,57,64,49,42,57,88,92,42,98,29,2,40,59,65,77,7,86,78,14,42,49,54,27,65,78,85,55,86,4,22
81,80,56,72,5,92,10,2,60,84,69,53,2,2,85,34,94,65,45,91,62,74,28,56,73,11,58,77,80,66,9,3,38,33,34,32,83,22,62,42,27,84,62,43,86,19,30,37,70,42,68,33,39,75,35,13,94,54,72,58,48,50,34,30,26,31,5,4,19,45,42,8,69,26,54,95,45,73,45,46,33,83,11,49,88,99,18,44,29,11,83,56,71,73,78,49,86,50,19,32
60,31,59,87,21,9,93,85,38,19,77,96,91,14,72,6,86,2,17,51,79,19,44,32,25,19,51,98,54,66,15,55,58,26,19,71,47,45,34,23,96,40,41,20,79,54,15,79,19,12,63,6,70,67,54,86,78,76,15,18,62,57,98,40,21,96,72,55,52,48,3,89,22,67,22,42,24,65,93,97,53,24,44,76,10,24,60,74,26,38,87,64,60,88,39,14,36,0,87,41
16,0,25,33,9,34,15,13,70,78,94,38,41,8,14,99,66,85,43,31,25,36,38,80,16,6,86,63,4,17,50,39,60,23,87,47,15,60,68,55,8,63,50,97,41,44,32,86,59,7,27,22,80,50,99,75,78,16,54,15,98,88,26,34,67,15,13,95,15,20,85,96,33,52,35,8,29,80,23,74,27,23,62,91,42,57,51,77,59,80,27,10,81,75,28,88,49,77,12,71