33,54,74,72,35,98,11,28,9,18,74,62,72,33,58,61,89,3,55,42,53,61,17,47,52,81,86,82,29,65,38,5,44,90,25,7,0,23,90,10,92,85,89,13,46,8,72,59,39,67,19,47,19,47,23,10,39,1,42,49,51,70,61,60,87,83,49,12,74,4,62,16,34,46,56,60,32,35,73,85,47,38,3,28,39,22,92,22,95,36,20,72,83,45,85,93,84,22,91,43
52,76,10,4,33,12,38,68,84,76,88,80,38,46,78,74,70,15,57,35,34,29,27,57,70,51,23,70,62,54,64,59,18,87,19,89,29,74,12,36,82,76,75,0,35,61,39,39,66,33,38,49,68,65,33,63,63,3,10,7,62,78,51,57,32,38,73,32,54,47,71,6,59,70,45,89,77,67,18,38,1,31,12,21,13,91,48,88,98,6,65,74,45,13,20,29,88,27,92,95
22,75,22,15,60,20,77,10,56,95,76,63,92,6,49,81,42,35,64,43,99,66,52,94,46,24,63,91,44,43,8,39,86,86,74,72,2,55,42,98,75,56,97,42,57,96,60,38,1,16,100,85,6,28,97,62,77,8,45,56,46,21,30,86,80,44,51,22,84,26,32,62,38,4,8,33,64,42,40,2,5,62,77,56,53,10,32,32,14,28,32,57,29,59,52,6,53,28,18,85
44,74,85,85,79,87,31,59,5,98,25,64,0,48,29,94,83,63,9,84,64,93,68,90,43,68,65,54,65,18,48,74,2,28,35,56,31,45,60,66,84,30,1,92,18,31,66,67,39,93,38,63,46,0,71,56,34,2,82,22,66,46,21,41,87,29,11,94,95,74,94,5,54,30,31,7,32,63,56,72,48,92,71,90,27,28,5,59,81,77,44,47,87,91,58,39,87,89,98,5
27,29,82,13,90,78,5,16,38,85,83,77,18,20,18,28,68,15,13,92,19,2,6,80,19,89,49,60,54,1,70,48,4,64,82,50,88,26,37,28,97,65,41,55,31,80,21,0,49,70,24,60,47,12,61,62,29,10,97,16,43,36,86,5,75,43,90,48,94,39,84,48,44,91,72,40,4,87,20,59,16,33,3,18,95,38,16,58,29,87,4,96,24,62,91,82,84,94,96,22
34,3,74,38,42,17,44,73,53,58,88,73,11,23,26,58,1,10,38,17,53,46,65,48,70,55,80,19,50,97,54,39,2,14,12,76,85,14,71,4,65,75,43,86,35,75,41,17,69,85,19,47,63,2,36,89,27,12,53,98,45,46,55,10,26,76,30,88,18,4,8,74,42,51,100,80,84,11,84,96,35,10,24,63,88,99,29,59,80,39,26,56,29,3,91,60,67,29,63,48
17,3,74,18,72,26,31,51,41,61,76,47,11,80,36,98,16,48,93,28,100,48,45,77,77,70,72,68,15,4,32,12,5,1,92,77,5,27,43,16,53,3,97,7,23,98,1,52,8,20,40,91,27,24,48,27,90,69,69,98,35,63,71,43,30,70,23,10,74,60,30,51,45,27,9,80,67,33,43,50,38,78,39,40,36,98,81,8,35,23,100,26,15,6,41,93,44,62,96,98
61,60,98,91,90,100,100,34,24,34,62,85,49,76,62,33,0,92,68,89,98,48,31,20,42,22,22,91,65,12,2,12,49,41,68,78,32,26,20,18,2,50,43,78,99,40,37,13,53,29,28,16,46,41,16,8,16,83,92,100,36,83,14,14,88,15,100,92,89,25,58,1,90,56,89,29,30,20,51,44,86,88,68,54,61,27,66,62,1,52,32,34,18,59,13,92,1,15,2,27
92,70,17,21,25,74,11,67,48,50,44,12,0,42,100,0,19,31,2,9,25,90,0,93,89,92,3,94,9,91,44,47,67,25,89,49,39,76,98,82,21,87,65,44,9,21,31,52,0,63,24,4,46,33,75,43,61,55,51,12,15,44,18,32,43,57,92,49,49,70,27,33,93,22,80,68,33,74,62,20,100,46,65,46,90,18,11,24,83,78,51,8,44,100,100,50,27,63,8,79
11,76,14,49,93,24,84,45,44,51,19,64,32,48,75,32,1,89,52,54,58,43,82,87,90,45,78,22,14,100,7,92,69,91,61,89,79,66,29,45,83,57,36,42,76,38,76,5,12,46,29,16,77,84,2,24,95,49,15,20,71,75,56,11,91,15,89,21,57,43,6,86,10,21,43,46,81,57,10,21,71,30,94,60,96,67,85,11,14,1,88,22,77,47,43,40,77,32,8,25
13,45,65,44,86,83,85,17,84,3,60,4,7,12,39,42,4,28,22,5,74,44,55,47,76,76,19,10,85,91,29,58,93,67,36,34,44,37,40,69,26,11,8,20,83,55,69,38,74,25,21,85,38,33,34,68,50,69,55,4,83,97,65,78,91,80,22,64,10,26,39,52,54,54,25,18,62,67,37,79,11,9,9,17,61,58,8,47,50,14,67,51,81,66,15,68,39,15,93,24
49,87,22,92,58,30,26,16,78,60,90,89,51,31,35,46,56,21,70,27,7,71,59,2,11,47,96,61,20,9,94,78,33,38,26,69,2,11,13,17,51,76,37,52,32,62,84,41,49,65,21,30,97,66,62,72,66,16,15,48,23,11,85,15,2,83,75,20,74,35,14,90,32,28,25,79,29,58,71,31,89,74,55,66,97,79,68,91,3,84,100,56,45,13,58,12,25,13,65,26
26,14,74,29,94,91,94,84,13,8,56,70,93,12,67,7,5,13,3,71,81,25,24,78,100,44,64,74,7,20,53,68,58,41,72,20,95,71,36,57,98,50,45,5,68,53,42,39,59,31,38,90,17,40,71,95,91,52,57,71,4,47,85,14,11,41,32,78,100,77,58,63,34,2,80,19,7,82,78,95,3,59,6,21,26,42,21,33,34,81,48,71,79,9,17,85,9,63,76,54
20,23,21,91,55,20,39,46,96,87,58,60,91,13,55,1,80,80,62,20,100,64,24,28,57,71,47,65,41,35,58,97,8,49,98,29,80,58,89,20,15,60,28,65,34,3,37,36,88,30,33,83,90,11,89,16,18,54,91,94,48,99,34,61,26,8,74,61,10,5,92,33,44,68,95,66,44,42,72,83,59,96,3,8,38,82,53,43,37,72,79,99,58,39,17,82,38,45,34,70
24,70,38,94,16,66,60,51,4,22,9,88,22,63,68,38,77,6,18,75,24,37,89,88,84,63,61,18,62,73,24,97,68,12,100,44,42,39,0,42,9,17,28,84,89,21,27,44,21,49,92,92,12,21,69,85,22,6,96,46,63,24,81,4,92,50,10,80,77,87,33,100,15,90,64,24,15,84,70,67,64,28,68,17,21,24,0,84,22,29,48,69,15,59,73,59,28,42,88,97
87,1,39,46,57,64,95,71,42,13,45,27,81,46,53,88,4,72,93,93,65,33,0,83,18,23,22,93,37,88,60,43,10,36,44,69,0,43,14,65,24,81,85,72,6,28,83,9,23,89,63,85,49,94,46,60,22,11,64,89,28,36,67,25,39,72,92,58,41,85,22,20,70,81,28,65,91,12,65,46,93,56,13,76,100,89,71,69,79,31,97,56,5,50,35,92,75,38,97,24
79,5,65,30,23,44,83,62,13,43,32,32,51,21,12,56,74,81,60,59,7,69,38,28,83,42,1,38,12,94,24,25,72,51,33,30,80,45,71,69,70,99,2,37,5,71,51,39,31,16,59,21,88,15,75,81,99,20,11,60,33,78,56,80,20,73,33,30,82,34,61,78,88,15,88,80,30,14,56,41,10,3,32,87,65,10,69,24,35,20,77,64,64,51,17,55,97,25,37,8
32,1,76,13,23,14,84,84,9,0,76,93,38,71,29,50,12,25,87,24,4,10,77,27,10,97,45,36,41,9,65,63,21,25,32,79,17,59,78,19,50,12,22,9,81,66,77,87,22,76,13,58,76,19,68,76,83,100,7,72,48,33,51,82,31,86,28,49,74,42,68,28,64,91,84,4,54,30,6,48,12,72,17,91,4,41,18,43,73,9,3,33,6,21,93,61,95,80,36,2
67,1,18,18,51,32,55,28,89,29,32,51,79,28,29,75,93,10,49,23,66,6,52,66,91,74,73,1,39,31,48,19,41,90,17,23,15,53,0,76,2,78,51,2,52,62,73,62,72,63,3,96,53,37,99,16,19,21,82,55,69,86,94,56,5,69,64,18,71,29,38,17,83,9,99,43,97,75,32,41,100,40,67,64,49,31,80,62,83,36,22,17,16,10,75,50,0,32,89,58
10,39,75,42,47,86,0,90,72,56,58,56,77,0,51,63,26,11,69,6,65,45,50,54,60,16,81,89,59,30,74,70,3,66,78,64,100,94,22,20,89,7,63,42,35,20,59,75,83,32,94,72,75,0,88,21,61,0,5,64,99,4,44,45,39,13,35,83,87,45,25,19,56,91,26,34,83,20,50,41,91,47,52,36,10,46,65,5,70,7,60,2,80,50,16,49,22,67,38,83
30,48,4,63,24,76,80,72,21,22,99,54,87,86,1,39,41,56,67,11,23,27,88,32,89,34,19,18,73,17,48,84,9,21,56,60,9,66,46,82,53,95,10,87,67,48,70,86,45,65,9,85,55,75,97,73,0,10,90,40,10,60,1,27,90,67,8,99,4,64,36,90,29,96,64,58,48,42,93,29,7,82,97,86,24,71,41,79,2,86,8,1,8,36,45,65,83,15,43,25
78,81,49,43,5,55,73,75,53,51,34,5,65,91,90,73,73,70,62,97,92,22,88,63,7,29,28,36,47,53,0,68,48,93,77,74,60,23,19,49,1,72,99,60,34,9,92,88,47,62,60,21,10,15,39,4,25,19,2,83,86,15,79,61,22,71,19,92,10,80,40,31,59,97,21,76,66,61,13,48,57,94,40,69,81,51,97,91,8,5,89,49,8,64,54,44,7,17,69,78
22,4,32,76,62,44,16,48,17,75,42,58,42,30,3,93,92,44,67,44,40,35,77,95,44,39,64,56,46,3,67,78,54,50,52,100,9,66,98,0,8,54,68,8,79,33,82,99,100,80,33,50,45,90,9,3,62,87,29,83,2,23,0,12,56,62,8,85,17,51,65,43,21,9,79,57,81,4,28,3,29,29,37,51,33,38,14,9,36,75,89,5,50,46,73,33,80,71,94,84
81,81,56,40,6,52,25,0,69,1,21,71,43,82,64,11,42,93,46,100,64,3,63,20,81,80,82,25,15,9,8,56,96,82,49,21,39,14,29,40,88,63,52,42,45,44,8,48,72,13,20,76,66,78,11,46,56,14,90,10,83,6,29,35,57,5,67,100,41,11,43,48,64,26,33,57,75,12,77,77,51,59,2,58,50,79,72,1,47,44,62,14,61,64,99,80,62,43,63,92
56,27,68,83,0,91,56,30,73,40,99,57,57,30,1,0,33,27,79,9,41,87,6,34,46,67,60,74,55,28,90,49,75,21,63,58,27,20,30,81,22,79,19,99,63,17,3,68,16,92,39,57,35,38,70,84,83,91,22,90,70,96,27,1,33,86,1,9,49,97,73,37,47,76,3,47,19,20,87,55,28,79,19,52,0,16,90,84,13,53,99,84,38,56,22,56,63,69,67,77
52,7,86,71,92,5,69,2,18,64,86,20,33,52,0,13,53,53,2,75,64,90,78,30,61,32,36,42,19,36,97,34,55,82,60,100,89,40,44,67,11,26,93,20,27,75,29,36,96,52,9,76,61,55,16,76,13,78,84,65,28,61,51,43,30,92,25,60,18,76,33,2,51,34,13,8,32,70,24,76,63,49,17,24,96,64,65,68,31,62,55,10,3,63,42,42,95,96,75,0
98,41,54,70,3,32,74,34,27,11,7,40,45,14,61,0,76,81,5,65,8,73,27,63,96,43,78,22,87,33,21,96,75,79,65,20,69,3,62,40,67,16,88,99,46,81,33,27,13,11,63,93,68,85,19,1,16,57,47,54,94,42,0,18,21,48,40,33,16,45,24,19,22,18,56,14,17,73,58,19,44,73,22,53,11,57,99,78,96,50,39,61,39,11,6,48,13,3,95,71
0,93,20,85,33,85,48,80,48,99,46,42,76,92,82,98,33,38,90,12,29,14,6,54,43,98,12,41,96,69,68,95,52,23,81,31,92,10,62,17,63,90,81,86,39,11,13,89,56,24,54,67,74,20,96,1,62,12,40,100,22,100,93,60,10,3,47,43,66,52,80,41,62,84,98,21,27,62,27,28,26,26,65,6,43,53,75,56,60,9,4,77,17,38,48,34,6,74,78,63
61,56,36,85,43,61,88,60,44,77,35,23,41,62,52,38,35,100,25,52,98,70,87,76,73,79,26,27,81,4,66,34,72,95,2,86,61,0,80,90,89,23,32,4,50,72,33,38,26,13,72,97,9,38,97,78,86,51,44,5,48,100,24,75,97,18,8,35,43,39,77,73,70,21,98,9,83,0,18,67,21,48,99,3,54,68,98,34,26,34,56,57,53,68,63,66,33,54,92,77
33,53,80,74,64,21,53,8,80,46,0,72,9,58,39,19,100,3,74,26,69,13,67,45,74,30,17,80,53,77,48,58,44,2,51,85,13,78,80,41,61,33,52,59,62,82,66,85,11,59,62,67,82,60,53,22,67,92,8,32,41,67,57,51,61,40,94,68,91,81,42,81,53,72,78,68,50,90,17,78,65,78,73,94,45,12,15,93,85,47,74,88,9,82,64,82,68,79,68,87
72,73,41,94,47,40,42,18,19,49,91,32,76,19,92,3,27,53,34,71,32,54,38,6,81,40,90,21,39,35,11,23,64,88,99,18,91,22,47,61,5,51,3,0,86,13,2,4,37,29,65,72,62,3,59,22,54,31,38,5,68,98,94,65,97,20,86,54,40,34,83,84,83,44,29,77,19,92,54,66,79,27,57,71,67,1,29,6,12,62,30,61,22,92,41,40,62,16,84,99
36,26,10,60,74,32,69,64,69,59,28,76,65,95,86,36,92,72,93,98,11,92,58,18,69,59,69,40,18,88,69,50,52,72,10,90,45,84,12,31,5,13,0,63,49,3,94,51,32,4,8,24,27,70,14,4,93,85,51,68,32,68,63,38,64,20,96,40,89,82,90,29,74,76,72,54,97,69,13,90,11,6,90,72,49,44,12,47,73,6,3,18,7,78,23,75,27,10,19,35
86,66,94,76,24,0,85,65,84,16,23,86,1,35,39,3,37,2,25,69,63,14,16,25,64,84,62,26,91,36,31,1,79,77,40,0,50,18,35,28,20,57,71,51,91,100,32,60,34,10,86,83,6,41,20,74,36,50,63,81,81,5,37,96,81,39,49,74,51,42,73,10,37,67,26,32,66,100,71,40,97,17,34,18,56,87,72,27,39,45,49,29,0,91,3,44,91,1,3,38
53,43,7,43,42,84,6,89,97,57,65,96,15,95,43,14,73,7,56,98,43,81,46,62,99,11,76,98,61,82,65,67,17,66,55,77,90,81,60,30,2,39,28,86,32,62,83,87,27,22,10,43,25,52,72,63,81,25,2,66,60,86,54,36,4,35,30,82,80,88,92,72,98,24,72,17,67,28,51,64,51,49,32,58,54,66,18,96,4,63,87,25,24,50,86,26,28,13,76,24
58,19,32,21,74,1,38,52,67,18,0,27,56,15,79,69,29,23,86,41,17,69,90,64,63,11,6,17,1,24,69,22,56,51,83,67,63,15,19,77,87,72,6,8,69,84,80,74,63,51,34,48,35,30,36,67,82,18,20,68,67,1,8,22,68,51,65,0,79,28,1,98,100,27,73,56,66,62,45,87,8,72,32,18,93,22,44,61,48,54,91,6,61,27,50,84,26,33,31,100
33,79,25,95,40,94,35,30,78,22,71,25,19,57,7,10,44,5,19,83,81,97,40,76,53,39,51,91,13,40,72,93,59,94,61,91,55,84,62,58,3,68,10,95,47,28,42,89,21,17,62,8,86,28,86,59,19,3,29,46,57,71,100,92,52,27,70,79,68,58,39,24,54,9,58,71,51,100,83,52,52,91,48,33,64,30,81,91,20,15,73,13,32,2,37,72,61,79,6,3
81,83,57,88,93,10,92,10,18,77,27,96,44,65,37,22,10,41,43,47,82,8,87,82,88,18,19,56,8,96,3,82,48,48,15,32,83,69,32,50,19,7,5,54,86,17,86,6,86,92,88,90,98,32,24,13,9,80,1,21,0,69,12,54,68,86,78,73,33,16,44,11,39,75,99,23,9,94,33,86,15,79,82,15,59,58,62,46,55,72,9,59,48,64,3,60,0,44,80,31
9,87,13,66,43,84,8,63,29,30,31,70,63,67,13,9,36,85,7,30,3,96,19,51,37,51,46,42,16,2,86,82,42,44,53,4,6,60,26,10,44,82,54,41,2,90,36,30,19,87,72,79,23,19,26,88,3,23,74,97,60,16,61,91,90,72,85,41,19,58,60,59,75,61,33,73,27,91,9,64,46,71,83,43,96,75,98,37,3,8,91,31,36,93,74,8,41,51,43,4
42,33,72,24,40,65,3,95,22,64,77,88,39,64,89,59,56,30,76,53,0,44,40,46,80,19,32,11,10,93,71,33,100,18,20,34,13,96,62,9,78,5,96,2,36,22,63,46,3,96,8,42,86,41,4,40,68,37,51,7,29,57,27,26,10,58,91,85,83,32,77,41,66,89,18,5,14,48,48,82,9,65,45,23,30,80,71,11,65,27,54,49,38,7,65,59,24,9,12,93
12,5,18,80,88,27,62,68,11,31,84,51,37,1,3,67,83,38,82,90,80,15,97,68,60,99,62,36,23,83,24,28,16,99,96,67,42,58,95,68,61,57,58,19,62,79,46,29,5,41,59,48,93,39,10,92,1,74,25,53,36,28,65,93,51,54,86,61,82,7,39,73,29,90,15,74,75,93,37,90,98,9,66,99,32,100,2,95,22,1,12,28,47,94,90,44,93,65,42,73
35,62,44,86,55,56,8,36,38,39,78,87,56,59,27,85,18,50,88,73,18,95,86,76,100,39,74,77,62,88,92,72,1,62,70,26,77,4,71,93,69,84,75,53,66,6,54,37,84,36,28,86,89,11,75,77,39,78,49,69,57,40,20,40,35,45,92,38,75,100,47,30,68,14,35,73,22,99,2,59,54,32,93,12,64,33,32,2,46,75,16,52,28,17,77,39,32,51,10,37
9,83,74,70,35,34,72,39,75,8,11,4,42,85,6,97,5,94,62,30,26,31,95,23,19,11,98,8,34,7,100,99,95,37,83,45,88,60,3,4,66,34,88,71,20,48,27,82,25,25,9,75,36,15,35,32,14,80,80,40,48,13,83,46,17,70,28,95,38,4,46,26,31,33,69,30,25,0,48,92,34,45,22,32,54,81,68,32,21,12,81,97,23,93,83,59,51,69,67,67
51,91,95,70,63,59,95,6,19,98,1,65,47,7,67,69,100,64,98,38,98,10,70,41,66,44,44,89,25,72,75,3,77,52,41,18,88,83,13,81,82,40,41,1,56,4,57,25,75,60,76,36,25,96,82,52,46,68,3,85,52,74,53,34,51,93,24,64,18,29,71,37,53,64,7,44,35,1,99,8,36,67,42,81,63,47,45,100,51,97,28,29,78,93,18,25,48,68,22,54
29,86,54,61,5,80,86,15,6,1,76,34,99,13,58,36,70,42,88,39,2,18,31,4,1,18,80,28,39,14,34,76,10,15,98,52,43,37,62,31,30,83,92,23,6,3,49,91,92,82,35,14,83,17,4,87,96,17,74,35,32,90,50,36,3,94,92,46,66,27,48,92,51,78,20,37,65,91,18,29,51,0,18,32,9,27,19,86,94,71,81,92,27,19,60,5,26,66,79,19
5,90,64,68,50,22,27,72,11,30,39,31,47,26,45,8,46,5,12,4,34,68,17,64,20,15,51,8,19,65,14,13,7,84,57,82,20,55,13,32,49,3,21,32,67,39,17,34,38,75,10,58,13,53,19,64,68,36,70,79,6,18,76,78,68,71,76,52,65,91,37,100,57,83,35,1,77,39,54,1,87,58,74,80,8,12,43,0,93,98,17,27,70,98,6,18,8,11,81,27
66,80,3,74,42,5,52,93,77,30,9,27,9,94,61,14,58,65,26,12,7,49,56,46,90,48,2,98,68,15,62,58,6,85,55,91,2,98,70,100,14,72,96,54,25,12,18,40,14,28,16,56,98,60,39,75,73,92,22,68,23,57,4,18,97,59,17,79,60,90,83,30,9,73,12,78,7,1,36,42,68,50,73,7,67,4,22,31,24,91,56,1,13,86,56,7,53,27,9,1
13,55,62,24,24,63,89,43,30,85,18,55,95,64,31,69,21,70,38,97,33,83,34,79,0,67,35,57,4,90,71,32,28,30,94,97,43,78,91,1,93,99,25,24,54,11,60,66,56,43,76,50,25,91,46,9,27,7,95,37,17,70,22,79,87,71,55,50,8,77,23,73,43,30,35,53,80,15,16,52,44,80,61,7,93,5,30,49,27,91,88,39,39,28,45,63,38,48,98,12
31,47,26,93,93,8,57,87,96,61,44,49,52,100,92,76,2,54,26,34,55,59,6,8,42,9,26,55,91,15,84,2,11,32,55,75,64,35,41,84,83,76,53,22,9,33,93,85,22,35,27,46,54,38,95,21,93,19,90,58,43,72,95,64,7,88,93,10,20,15,59,68,17,37,48,15,73,9,61,75,16,2,75,96,70,26,43,63,26,61,19,2,51,70,15,69,27,40,94,77
16,53,66,98,80,22,13,70,47,47,84,45,84,9,42,71,3,26,53,86,80,59,37,56,19,24,47,5,23,31,37,99,73,66,98,44,26,15,80,79,12,57,16,14,40,70,89,15,68,21,8,38,46,14,99,86,15,88,16,6,18,54,34,79,43,46,40,12,58,56,34,90,19,36,27,75,23,70,97,80,84,9,37,59,15,69,75,9,53,55,66,4,1,72,43,48,20,89,72,48
89,58,64,25,17,95,66,17,83,75,94,21,49,100,21,12,1,58,60,55,46,80,62,37,78,4,53,74,48,57,97,32,26,58,99,100,55,40,81,23,21,25,54,8,31,94,8,36,98,42,8,20,24,41,44,76,41,43,5,59,25,71,37,43,67,9,19,68,19,82,75,21,56,4,49,56,72,1,92,60,37,73,98,8,79,39,16,93,12,25,84,61,54,89,73,85,26,36,68,40
40,18,78,53,61,74,32,27,71,61,9,51,70,37,21,14,63,84,3,77,48,53,86,2,55,98,69,73,52,62,24,19,35,3,86,64,76,91,61,55,26,9,60,53,51,87,19,83,42,95,52,68,69,22,63,75,97,38,67,22,25,93,66,66,28,96,43,33,96,78,87,63,84,67,5,70,9,45,55,91,24,76,93,16,92,34,32,39,2,5,79,53,5,92,7,91,51,99,53,71
28,10,92,53,38,99,69,88,47,99,99,44,19,66,100,36,70,27,50,41,54,36,73,49,37,61,13,20,89,28,31,17,87,66,72,22,97,98,72,15,72,92,79,17,85,3,46,75,48,89,17,79,29,69,72,94,89,20,27,87,40,83,56,43,55,75,94,80,53,88,29,46,10,93,37,89,40,46,32,58,99,22,78,71,10,57,41,72,63,36,75,94,55,1,50,93,48,87,89,59
61,54,6,11,86,39,99,27,44,69,30,17,95,28,30,73,76,3,92,91,92,30,4,64,4,48,27,52,23,21,44,57,99,54,99,94,25,79,88,69,42,100,66,66,49,33,40,1,35,13,42,13,29,64,94,28,56,47,7,82,80,64,18,39,13,8,20,25,51,17,12,100,72,57,100,83,97,45,66,5,55,71,93,41,1,98,59,38,12,94,93,49,77,22,41,72,34,0,100,15
56,45,91,99,91,24,27,11,88,100,69,40,85,21,38,99,90,17,19,27,72,61,85,80,2,2,20,100,12,15,13,89,69,3,51,71,36,28,78,18,79,79,14,75,90,4,13,47,100,79,39,77,4,91,86,95,52,90,0,46,42,82,19,53,74,84,65,19,94,11,3,9,53,46,17,0,20,33,70,17,82,78,4,43,47,21,57,4,56,61,12,34,67,38,20,70,57,48,15,47
45,78,45,58,64,46,39,9,72,74,78,33,31,40,25,37,68,43,65,100,35,7,46,76,49,68,65,62,26,59,67,49,39,54,34,53,69,44,78,80,39,48,32,78,75,18,50,41,69,94,58,0,43,30,39,45,64,17,56,6,56,18,49,95,35,38,74,63,95,28,35,67,11,27,47,58,50,77,62,82,30,16,50,13,82,23,98,20,70,35,2,16,16,91,93,87,46,49,52,62
53,63,45,78,93,91,67,43,62,68,90,70,78,41,100,67,99,20,92,72,3,54,30,97,57,10,37,26,65,44,54,22,48,83,52,58,65,53,4,66,0,61,22,25,1,85,69,65,92,76,55,10,70,88,55,1,82,61,66,84,16,94,25,57,84,12,61,58,93,1,10,36,69,37,61,85,82,73,66,59,75,76,59,47,98,20,77,50,31,43,52,18,34,78,46,2,16,93,100,3
80,90,47,25,82,96,21,63,65,26,62,59,31,88,54,28,76,43,57,72,88,37,17,71,75,45,83,0,100,75,100,37,49,42,74,98,5,33,67,22,96,15,61,52,98,58,36,38,49,80,50,65,84,27,53,52,39,76,46,11,78,85,6,40,0,39,96,75,90,93,13,21,18,93,56,86,23,95,77,39,89,69,91,8,84,66,21,87,83,97,8,94,0,100,27,6,24,77,54,51
56,98,54,95,57,98,91,38,14,31,16,78,85,78,71,84,89,15,7,49,6,50,29,18,21,57,20,8,4,5,20,18,93,82,22,16,2,36,55,80,24,57,31,17,51,91,67,10,29,26,0,16,79,71,19,44,91,63,12,9,98,92,37,55,72,45,53,70,96,93,41,63,97,56,23,97,95,82,60,69,25,75,17,88,28,30,18,71,9,64,32,95,50,70,42,29,94,39,78,68
19,17,75,80,56,84,49,93,43,35,46,65,43,15,18,100,13,50,57,64,69,83,53,91,91,62,2,12,55,59,8,72,32,42,34,36,2,17,48,80,68,2,50,67,81,35,71,92,8,73,57,27,91,46,58,94,87,87,63,61,92,50,34,10,81,95,16,62,79,91,95,96,30,7,55,71,57,36,30,35,3,65,30,49,74,93,13,99,26,25,6,74,85,99,75,6,49,89,36,10
76,94,54,23,83,58,62,55,64,14,51,40,37,32,63,67,55,10,13,42,8,33,76,99,30,39,97,86,96,94,95,74,85,65,57,30,3,3,55,90,71,95,78,8,80,73,30,38,55,51,94,83,5,74,47,47,63,15,92,21,61,56,6,30,82,42,78,71,98,37,55,43,3,17,6,41,26,32,44,69,60,95,99,15,66,68,26,69,40,22,20,49,29,80,41,73,92,4,28,16
78,53,48,75,19,70,82,78,93,75,47,63,15,7,18,19,25,47,32,6,47,83,48,28,57,56,83,5,69,52,56,76,20,98,71,64,70,20,64,44,37,29,47,94,31,25,67,54,48,11,99,32,78,79,75,17,65,4,50,94,41,81,39,70,65,41,4,1,79,30,38,43,60,77,60,28,27,41,98,14,84,65,80,10,60,8,24,11,92,68,34,93,94,26,42,30,95,79,74,26
28,35,67,13,9,1,70,42,18,5,48,13,21,37,29,98,97,42,31,48,95,93,67,79,27,75,96,35,71,38,95,70,81,85,31,9,83,74,94,49,100,11,33,42,21,59,92,28,14,36,35,16,2,35,72,15,61,73,22,29,62,69,31,15,56,4,16,54,93,14,21,85,7,1,28,74,49,30,18,32,57,73,4,62,34,17,41,7,79,58,87,91,71,58,31,22,8,33,67,36
17,5,15,78,48,91,92,65,69,63,94,96,20,98,10,48,53,7,25,98,3,70,2,30,19,96,19,18,32,12,35,63,70,0,60,53,91,92,10,92,23,19,60,60,69,47,60,22,73,68,33,46,78,25,42,19,79,13,62,22,40,54,32,48,9,21,48,16,97,95,52,82,47,52,40,13,26,47,57,4,36,98,48,72,35,3,77,48,17,74,97,74,30,92,98,6,1,70,43,22
61,58,61,75,99,77,3,12,53,72,32,78,32,70,73,68,18,20,76,82,7,96,12,17,44,74,27,88,34,83,30,59,21,93,72,64,51,39,78,75,20,100,23,14,35,69,98,60,78,4,19,33,50,8,64,70,10,93,17,96,69,95,66,46,88,35,42,39,97,42,76,50,74,44,39,52,33,89,39,47,24,39,64,58,33,9,5,42,39,41,25,42,71,30,61,4,52,23,3,28
56,13,14,3,83,77,35,39,19,21,97,4,63,75,92,42,41,27,16,72,1,14,74,5,90,16,34,4,26,46,53,93,99,81,76,48,92,47,43,23,74,26,75,96,51,48,64,20,45,38,51,33,47,21,56,46,33,42,100,16,12,68,30,31,75,79,30,5,74,43,70,57,33,7,95,2,41,18,97,15,88,100,82,50,34,48,59,50,36,26,68,43,44,92,23,40,18,81,39,31
13,84,23,10,26,10,77,80,97,56,67,7,45,1,28,93,49,33,22,86,6,30,11,24,39,6,50,5,26,2,84,22,83,5,93,87,54,45,77,96,18,14,99,31,70,13,1,51,84,85,55,48,29,65,2,78,93,4,100,7,60,91,38,78,60,86,62,81,82,99,36,39,65,71,63,60,95,22,100,2,66,74,36,81,6,38,20,46,24,100,34,96,18,91,18,38,36,18,8,70
56,96,29,71,1,39,63,49,12,36,9,29,19,23,46,71,62,29,88,50,24,91,77,81,38,43,38,29,26,41,30,51,33,57,63,29,19,50,25,93,100,37,7,52,41,2,32,11,23,33,53,66,93,10,8,67,17,89,11,56,75,63,8,11,96,58,69,58,5,34,79,20,38,85,83,20,95,62,25,24,18,87,64,59,32,40,24,47,81,99,74,51,85,92,57,93,99,23,28,60
6,98,100,81,14,32,58,44,73,82,32,83,33,7,72,58,43,83,91,85,92,25,82,41,51,87,23,49,44,7,47,92,63,29,75,78,96,81,81,70,53,87,98,63,20,77,96,25,65,81,55,73,3,39,37,22,33,83,9,61,10,52,70,81,23,93,66,26,24,16,54,92,61,81,16,78,33,78,51,3,60,13,31,43,75,88,22,81,75,54,42,16,79,11,38,89,2,71,76,72
94,6,14,74,46,50,98,57,100,27,83,24,46,24,58,95,88,23,6,27,41,10,50,3,41,19,89,77,94,8,99,4,18,15,35,46,64,77,19,72,49,29,35,78,95,49,92,97,86,12,2,60,59,67,0,4,50,87,24,82,62,53,15,7,39,2,76,54,94,19,65,57,91,22,57,45,3,26,12,16,33,70,34,1,89,87,12,71,25,21,67,26,57,80,38,58,92,14,75,54
52,80,70,7,55,25,55,62,55,47,22,61,92,14,4,15,84,26,81,43,71,92,88,23,13,47,52,33,27,32,48,8,59,86,99,13,63,24,36,93,86,3,43,57,3,70,81,76,19,77,21,43,12,86,89,6,67,79,17,69,44,23,20,22,10,57,98,12,46,3,6,78,3,77,53,53,77,72,79,60,79,78,74,64,67,58,27,85,74,33,32,78,65,94,4,4,36,7,62,74
10,76,96,17,65,88,54,88,99,49,20,24,78,82,29,31,81,95,50,71,97,73,8,89,54,96,84,1,92,9,67,59,2,41,3,55,91,32,71,15,84,64,4,12,23,72,57,88,100,48,46,37,28,19,26,71,63,74,78,21,77,70,10,72,25,87,29,32,20,12,30,49,6,70,49,21,39,16,64,31,9,85,40,13,30,53,21,83,87,59,87,76,35,34,40,86,35,78,60,7
30,82,34,18,50,88,99,26,68,3,77,61,47,67,0,81,20,37,95,27,56,42,44,97,92,73,93,20,70,72,78,26,31,43,26,35,75,55,15,95,57,1,42,9,19,29,39,58,23,80,21,92,34,84,31,56,35,100,2,91,12,35,85,10,30,71,29,70,31,8,9,5,92,71,93,85,3,55,21,100,20,77,6,62,19,52,11,38,65,42,98,66,24,24,63,50,51,15,64,9
94,44,28,20,57,93,94,17,59,76,14,66,18,81,41,28,52,49,8,94,90,76,82,30,22,22,55,44,35,21,9,13,38,61,49,18,3,51,26,77,31,40,30,24,76,29,72,59,49,79,33,48,40,41,68,28,65,17,61,100,69,19,64,42,66,95,47,59,24,58,84,87,50,87,8,82,98,85,100,5,21,25,93,19,9,23,3,43,15,69,74,23,22,9,16,82,24,72,72,77
29,53,79,49,75,61,47,17,4,8,13,1,49,68,89,11,75,24,37,91,66,77,51,40,4,1,2,72,96,14,1,29,53,49,30,13,64,60,59,72,88,53,69,14,13,8,21,33,46,92,85,7,41,46,93,40,71,22,67,91,15,44,54,71,8,25,17,2,20,67,60,31,44,99,81,57,79,16,45,40,73,14,75,99,10,23,42,72,96,38,65,60,46,73,40,29,82,85,95,63
4,6,30,60,75,73,73,34,54,81,96,14,4,57,50,78,33,20,52,97,81,97,17,33,45,8,11,28,64,29,82,7,38,83,69,65,61,17,70,31,7,74,6,18,20,30,58,52,20,93,43,49,50,53,29,73,17,32,57,91,4,7,26,73,35,37,96,90,70,29,75,94,45,90,43,63,53,74,69,65,49,63,69,44,66,37,81,50,35,25,45,49,78,31,67,20,6,76,52,11
49,91,15,58,7,11,13,50,81,15,83,57,70,81,23,2,68,34,47,58,71,68,63,42,68,28,50,97,38,96,28,26,72,39,97,75,83,22,11,17,25,14,85,30,91,24,48,1,78,8,96,91,61,46,0,66,60,5,54,8,42,27,87,77,10,41,79,46,28,83,79,95,55,97,28,62,69,41,3,1,75,60,60,56,42,92,19,20,76,81,60,30,91,58,66,65,64,89,35,69
95,13,29,26,90,73,12,69,7,56,25,24,43,3,100,66,17,7,6,20,19,71,82,56,77,85,60,61,60,98,91,27,45,1,90,37,90,31,55,100,13,30,50,17,93,37,95,23,3,37,68,87,59,61,76,37,55,72,91,42,79,68,91,81,27,63,1,73,95,1,29,76,23,85,8,52,70,61,5,61,41,74,70,29,34,7,57,29,80,95,9,80,25,30,89,28,15,62,40,8
88,10,50,17,32,34,23,2,29,45,5,76,13,63,47,66,22,76,65,77,33,89,52,88,38,82,3,65,6,41,12,35,21,3,43,43,40,86,27,88,97,60,63,58,75,11,74,97,82,34,77,54,11,44,100,78,100,50,61,89,77,33,14,32,52,2,8,87,98,75,74,40,59,49,45,41,0,85,99,91,33,87,50,72,89,25,14,99,51,65,54,67,64,31,48,23,11,85,48,42
66,42,18,87,66,67,77,12,38,1,21,99,74,4,67,12,17,51,84,35,95,47,11,33,23,16,32,32,95,76,44,77,25,98,36,6,4,73,28,44,58,15,7,15,24,27,6,6,65,73,93,79,65,89,18,13,34,63,81,54,29,44,78,44,7,96,64,47,46,10,74,64,9,93,100,7,30,76,95,85,99,91,88,85,7,65,84,91,6,52,7,67,54,47,31,13,20,98,58,49
53,5,58,46,73,18,66,70,54,37,89,2,27,71,77,63,85,64,88,47,67,83,48,98,6,1,89,84,58,27,83,86,42,3,66,32,69,27,57,49,20,36,53,37,49,60,72,4,15,35,18,95,95,59,42,43,28,99,55,17,5,10,70,30,73,63,79,80,30,42,64,1,37,17,9,56,67,36,27,7,66,7,20,19,96,76,55,97,94,36,63,23,33,80,16,96,45,83,66,85
65,56,14,9,25,35,58,75,89,94,100,100,52,74,77,41,30,67,100,35,21,54,46,75,29,31,68,28,57,82,10,82,80,89,62,74,32,44,62,33,82,74,68,33,70,12,2,37,24,62,7,27,75,59,74,71,31,56,58,29,21,3,3,15,17,19,19,74,22,64,81,85,42,1,50,58,55,85,32,18,96,55,100,65,68,0,0,100,31,88,3,93,68,83,0,64,100,34,20,58
66,24,40,76,10,27,76,8,3,56,41,24,58,70,71,7,68,98,83,51,90,36,8,90,27,73,36,84,7,4,37,80,31,36,23,29,33,12,52,1,83,79,74,61,9,21,54,60,54,23,87,36,13,45,13,6,74,32,33,58,19,20,55,88,34,88,15,73,1,77,2,24,57,74,31,97,61,36,18,50,67,3,59,2,92,47,26,32,72,37,53,58,17,99,9,73,37,4,41,50
20,5,33,54,84,52,31,87,74,16,25,100,85,42,69,84,10,23,68,78,3,2,43,76,36,86,53,87,22,17,28,56,83,41,34,35,5,90,41,77,22,99,50,50,58,84,39,65,29,47,8,14,21,66,40,63,58,49,36,14,22,60,18,89,37,15,4,73,73,48,89,84,89,31,43,83,44,19,91,26,2,77,54,43,33,41,76,67,19,6,55,66,44,93,53,97,82,26,68,55
76,23,0,17,45,32,29,15,67,19,14,87,13,19,7,97,33,0,96,11,5,85,78,3,29,69,70,81,60,21,81,26,22,27,82,93,16,32,72,47,34,31,27,79,56,48,84,6,81,56,64,89,1,85,93,4,61,51,50,2,24,28,1,98,76,34,32,13,1,13,16,8,62,46,1,100,65,38,28,58,48,27,2,46,51,17,35,30,40,59,71,27,35,43,65,68,24,32,62,67
41,22,6,75,42,61,47,43,4,59,20,27,57,61,31,61,18,46,5,9,64,79,46,10,29,92,16,45,83,2,67,83,22,1,30,38,6,59,41,31,8,100,50,58,1,32,36,52,82,0,94,28,24,88,36,19,2,77,98,71,85,41,86,70,77,16,74,31,61,35,21,51,69,0,23,73,27,50,63,26,69,94,18,77,36,15,9,98,85,62,21,85,2,58,45,46,23,22,70,100
2,22,17,60,98,36,31,17,93,48,12,50,97,0,86,9,76,78,58,34,11,73,47,5,27,53,71,64,89,6,83,7,69,27,46,14,67,46,0,68,89,20,40,24,10,76,5,53,82,43,89,29,93,30,72,75,96,69,88,27,66,16,92,16,44,83,96,16,1,100,76,92,42,39,1,80,99,43,19,65,30,23,89,15,11,62,74,31,88,43,14,1,2,3,88,39,65,14,92,2
48,74,3,76,33,93,95,39,81,40,47,5,12,89,29,35,70,14,9,43,89,10,59,61,7,64,17,3,25,71,59,99,22,99,10,61,82,20,10,66,87,26,100,77,99,66,42,58,94,0,22,10,53,87,37,7,54,50,32,57,52,85,82,29,84,39,68,30,18,43,52,27,88,61,64,96,96,18,1,89,50,39,89,42,33,34,19,8,54,26,29,44,81,19,100,39,9,89,31,66
29,55,64,40,43,99,47,22,77,19,86,22,39,41,72,72,35,84,60,93,7,62,64,63,6,96,48,51,79,52,22,24,58,21,47,31,64,38,81,38,28,76,54,66,43,98,53,39,81,99,72,16,78,50,9,68,27,76,83,62,27,67,49,4,16,60,75,57,96,90,30,67,45,30,37,22,95,59,5,82,10,26,58,4,21,0,41,27,53,11,11,25,24,60,8,30,70,35,58,16
48,88,63,83,7,15,97,40,28,74,7,16,5,82,26,27,7,40,42,73,39,10,73,24,14,81,10,2,20,96,40,82,55,56,32,28,44,98,43,27,33,29,76,34,54,95,5,70,87,38,25,16,82,43,78,73,63,37,19,51,81,57,82,79,60,7,18,29,76,76,47,70,37,44,44,41,18,67,96,1,2,35,29,86,37,66,8,14,48,77,13,70,84,41,21,82,49,60,79,90
4,60,67,50,47,22,61,96,83,11,67,10,57,91,66,96,96,67,76,99,85,90,89,59,8,21,75,3,81,95,38,24,68,54,99,22,37,57,53,49,94,58,74,55,39,27,91,49,70,11,20,7,0,86,25,59,89,52,1,41,12,17,15,88,70,21,54,11,71,14,15,52,2,60,54,75,99,5,65,43,94,26,37,6,91,7,76,19,50,58,12,96,84,61,23,93,4,97,52,60
54,3,34,7,70,12,70,33,92,50,51,26,75,30,44,77,41,11,28,95,74,63,32,56,36,3,39,90,58,78,12,70,83,8,29,26,87,22,31,60,61,55,95,58,90,6,25,80,9,91,67,73,53,90,73,70,90,47,5,27,1,54,22,24,12,55,33,34,80,21,0,79,25,2,93,28,82,60,30,88,48,83,8,29,6,53,0,80,83,75,38,50,39,13,27,53,92,37,32,86
35,73,98,61,99,24,28,66,21,14,84,61,57,64,47,65,88,94,24,35,72,37,77,78,55,75,30,31,53,22,64,61,25,43,16,97,80,0,25,61,80,35,4,32,5,2,4,74,7,100,50,7,12,53,97,36,91,45,31,31,65,27,18,30,26,79,22,16,71,43,77,9,100,90,76,84,7,59,58,14,20,79,50,46,24,91,37,42,21,51,36,57,49,2,1,46,12,83,36,21
70,31,100,8,66,96,12,32,93,56,69,99,72,99,88,31,8,86,99,90,85,78,75,7,44,5,92,38,42,60,89,87,28,41,37,35,72,96,10,51,16,68,43,14,3,8,81,36,95,54,40,64,93,50,36,8,46,77,33,55,82,35,62,83,24,39,48,82,60,100,58,85,43,31,88,33,0,61,75,89,84,54,27,67,71,18,43,75,36,13,91,61,88,5,33,90,79,12,21,77
55,46,72,8,71,41,50,51,12,96,100,96,8,54,38,28,13,37,4,56,72,99,60,94,36,88,65,70,24,77,35,57,55,18,37,74,12,32,24,4,81,17,72,92,48,83,31,77,98,36,60,70,24,16,11,11,55,23,48,80,25,20,49,1,78,19,82,11,75,31,100,10,39,46,48,70,98,68,57,86,97,44,58,69,93,90,81,57,85,97,0,75,32,35,6,34,22,53,45,25
40,89,83,31,64,58,58,83,32,62,3,78,41,28,32,2,13,66,47,76,5,55,82,39,84,65,41,82,55,26,23,9,39,37,0,61,99,84,54,84,44,54,89,53,94,90,65,1,63,89,75,20,78,20,95,92,72,96,30,82,65,66,41,32,88,38,9,42,8,82,13,45,41,50,21,89,15,46,37,43,7,80,53,91,70,87,73,51,73,91,96,82,5,87,61,52,62,93,32,24
15,89,61,28,86,27,80,77,83,35,76,14,63,35,98,21,23,21,23,27,27,59,49,92,45,49,66,35,41,24,3,61,59,89,48,73,95,31,57,97,67,84,0,55,74,54,32,90,25,65,58,63,51,84,49,66,86,88,56,11,38,98,87,9,35,68,52,6,98,68,71,71,77,22,78,80,51,51,31,49,20,77,21,0,22,43,37,99,74,73,91,87,95,4,9,43,77,32,99,100
77,75,20,59,86,24,84,93,78,20,80,84,79,45,30,75,62,92,34,56,42,10,88,54,37,94,85,79,61,9,14,0,74,2,22,34,0,97,49,52,19,8,92,18,42,17,100,60,22,53,30,89,91,78,44,5,5,57,29,53,13,53,92,95,2,57,63,75,81,35,94,46,95,81,84,75,9,50,35,72,75,43,98,67,84,13,93,29,81,85,64,55,51,14,48,37,90,49,45,72
70,4,36,44,48,31,3,21,49,22,19,34,19,70,96,97,5,38,49,11,28,11,58,22,23,87,28,95,83,86,97,76,25,41,48,24,7,67,35,1,7,59,12,40,63,37,25,39,7,83,32,35,44,23,83,77,45,84,89,45,59,57,76,11,7,37,90,16,5,54,84,42,8,2,62,41,48,72,94,56,73,11,98,80,39,99,42,72,41,10,7,35,82,37,80,70,98,40,98,59
84,25,78,56,27,98,43,85,70,8,94,73,49,42,98,5,37,86,98,36,7,71,39,31,52,54,85,8,50,63,91,43,61,73,26,75,36,92,97,91,0,25,60,92,19,25,63,21,53,53,76,74,89,10,26,98,87,70,2,47,31,29,5,82,2,68,80,95,87,85,97,50,66,23,62,79,78,95,73,92,17,40,71,36,76,88,32,26,27,80,52,55,93,68,49,3,22,7,51,7
71,32,29,58,72,36,5,91,100,95,45,21,37,98,53,87,66,23,34,72,88,89,64,57,21,99,70,77,79,95,26,98,79,5,41,0,8,50,94,63,71,81,33,18,21,67,13,82,30,29,46,95,37,63,45,87,85,45,79,13,7,35,88,0,82,70,84,74,47,6,98,12,10,53,63,77,66,48,9,19,51,17,11,72,16,86,97,91,10,86,87,52,28,1,20,6,77,4,21,5