51,58,99,77,89,72,76,4,75,88,17,34,57,60,45,54,38,64,21,59,29,72,24,7,55,81,74,58,97,23,57,82,38,47,98,7,93,27,60,41,34,97,8,78,76,12,61,96,34,91,13,20,57,78,17,38,43,8,86,59,33,92,14,97,44,34,82,15,30,99,30,52,0,40,93,10,39,34,11,50,47,52,52,11,65,21,5,23,17,13,2,7,81,46,14,97,55,66,67,59
30,78,53,17,76,42,11,87,82,25,8,71,47,76,25,71,96,15,96,80,14,3,52,52,78,53,59,99,47,26,90,20,15,53,64,79,8,78,82,29,99,84,20,92,59,18,75,93,74,52,32,4,74,96,21,69,41,89,40,10,63,77,1,58,4,68,70,43,33,54,53,52,86,95,58,46,62,73,3,97,13,30,5,0,41,48,11,17,74,28,39,2,24,84,98,34,71,37,40,1
54,78,75,58,0,51,7,21,94,65,3,10,70,68,36,100,37,87,65,1,36,33,66,2,71,11,30,74,56,69,0,70,6,48,41,47,23,51,81,32,77,97,89,59,36,68,84,88,64,70,43,12,76,98,71,66,90,52,50,49,82,14,96,22,23,94,9,37,48,59,80,100,9,34,79,90,30,23,41,24,18,15,43,90,6,48,26,24,98,71,20,51,78,71,52,25,42,23,17,14
95,80,66,79,89,95,8,81,77,36,8,73,36,27,73,8,84,99,13,99,25,19,87,53,7,10,77,94,12,66,71,59,97,76,99,66,42,89,13,51,48,59,2,1,45,57,56,23,2,65,32,12,8,29,46,70,17,86,76,2,15,91,66,45,65,62,87,32,65,13,63,37,50,59,26,37,91,56,64,55,86,67,22,56,83,22,70,91,2,32,45,36,53,93,40,84,25,38,45,8
52,6,75,9,38,82,17,8,35,88,13,54,31,81,28,14,57,86,77,82,33,60,47,28,3,15,15,31,10,76,98,39,39,77,71,96,46,43,85,7,6,83,98,50,19,41,26,73,44,48,3,60,22,23,47,13,59,26,84,32,76,77,75,51,43,22,6,30,60,18,2,20,85,1,67,11,9,39,97,3,88,85,27,74,45,59,44,17,25,39,47,85,68,46,92,55,71,7,21,46
69,11,1,52,37,20,96,31,55,32,50,64,58,73,94,40,36,50,32,25,31,34,38,16,19,78,75,98,78,77,90,67,80,36,21,50,15,87,91,95,87,36,26,34,18,88,21,37,42,26,80,43,45,4,73,22,18,9,65,48,0,95,92,7,26,2,69,43,98,37,82,23,4,2,44,2,55,45,24,16,4,67,64,9,4,53,88,17,81,6,0,42,43,43,88,99,28,58,43,8
36,29,72,98,39,65,86,46,11,83,41,47,93,89,63,60,38,38,29,86,1,88,7,62,39,64,87,73,39,40,72,17,5,87,50,78,48,81,43,25,26,27,16,39,47,94,77,16,3,18,61,16,99,98,37,81,68,35,41,61,48,89,89,22,60,98,73,60,34,79,83,54,46,27,99,90,7,38,79,30,60,69,38,14,0,77,83,96,33,50,6,55,60,55,13,4,74,99,79,71
28,54,21,76,34,57,98,42,38,7,39,33,37,40,56,51,48,43,21,9,68,58,25,53,16,89,44,71,1,48,68,65,13,62,0,52,85,55,17,44,40,59,74,11,77,51,58,77,35,46,43,11,66,78,1,65,40,8,100,69,66,39,66,13,72,65,90,80,89,98,23,10,94,96,78,52,9,47,81,35,82,94,11,89,41,78,40,42,34,74,24,2,44,50,62,87,17,46,71,33
84,64,92,65,37,39,40,32,10,93,86,98,46,6,10,18,83,89,30,23,88,51,37,76,14,54,53,28,24,0,91,37,18,74,36,69,86,44,55,43,68,22,99,9,46,6,21,95,78,26,69,61,71,92,27,75,66,77,94,57,46,21,14,90,46,8,49,36,54,53,29,39,71,24,27,36,48,35,11,41,59,30,77,1,12,39,1,88,1,79,89,78,34,43,1,100,62,35,30,51
54,91,2,79,47,46,19,61,2,38,48,56,49,53,65,86,34,23,25,19,82,80,34,11,89,83,24,67,8,57,41,79,39,11,89,70,23,4,71,95,76,13,77,93,50,53,80,34,33,74,23,64,70,56,11,51,1,48,0,3,62,19,88,4,81,52,26,25,21,95,33,50,95,30,92,38,3,64,37,64,46,7,97,85,70,83,87,49,84,21,9,6,1,56,63,60,89,29,52,28
38,60,92,83,59,87,35,11,28,4,27,85,50,45,41,92,17,11,27,35,1,72,50,27,76,73,70,12,93,27,84,45,76,58,12,98,88,34,69,2,63,68,32,75,84,8,89,4,12,38,20,48,51,7,17,17,17,48,7,19,59,6,93,21,21,46,62,61,84,28,37,38,14,82,75,20,5,90,38,64,53,15,33,81,87,42,80,10,59,48,10,53,97,49,99,56,93,12,42,41
89,26,61,53,97,76,10,79,59,99,90,33,56,82,44,100,56,30,25,80,24,58,99,87,38,84,72,66,3,25,40,17,36,31,51,30,62,83,51,90,9,88,94,0,88,3,43,4,83,98,85,41,98,10,87,41,99,58,60,43,69,76,73,59,69,11,98,70,0,88,96,36,49,91,13,15,76,40,38,20,12,24,40,27,89,84,84,12,81,78,26,25,49,71,32,43,83,81,81,58
51,12,45,8,92,92,30,9,46,69,49,2,26,50,53,64,74,100,21,67,48,32,28,32,93,3,93,99,1,85,89,55,36,72,23,100,14,87,2,100,53,81,76,79,25,44,7,65,8,60,8,99,83,38,79,96,45,18,69,61,36,57,78,100,19,72,43,60,40,84,21,64,44,29,28,64,69,98,15,56,6,77,83,97,15,73,92,86,39,43,64,44,30,80,72,13,2,79,37,53
80,15,54,37,57,90,25,66,92,27,80,94,43,43,22,24,81,30,47,83,70,9,26,32,79,31,22,38,90,0,98,55,36,39,33,87,93,69,12,49,23,85,60,48,81,75,40,75,40,31,58,19,0,41,84,0,40,33,56,67,55,2,59,71,24,11,98,52,36,18,58,55,78,73,42,62,95,57,30,74,49,57,40,66,6,57,8,60,98,34,67,59,19,83,38,14,33,29,9,58
82,5,47,57,53,76,83,90,1,65,68,5,96,9,90,61,10,10,65,27,19,64,54,41,9,84,8,52,98,56,67,97,95,5,90,65,33,23,30,64,74,15,30,58,22,21,35,18,64,23,77,15,40,37,38,34,15,94,43,24,5,37,82,52,64,58,23,84,91,70,36,33,1,57,41,34,32,97,36,29,5,21,20,12,66,94,62,31,7,4,6,71,84,69,12,75,4,14,93,94
20,97,12,92,74,5,51,53,96,6,78,97,92,97,61,42,81,81,36,6,4,91,6,4,58,17,47,79,90,45,76,81,89,57,25,53,42,25,68,45,51,94,98,71,46,25,44,22,68,1,34,29,95,37,19,26,93,54,88,78,10,37,23,40,67,9,33,59,45,24,45,43,29,95,61,16,37,24,24,46,75,71,16,91,68,9,27,45,8,31,18,10,36,94,5,68,19,51,25,100
57,54,69,92,49,73,15,98,60,97,72,51,71,42,85,61,5,73,46,47,21,3,61,81,11,72,77,18,0,89,98,74,2,89,45,34,9,23,40,11,27,39,1,0,62,61,32,58,25,61,28,34,64,77,53,75,57,8,18,25,53,42,70,74,35,77,99,84,2,37,81,4,70,83,78,33,65,15,63,18,63,81,36,48,53,16,12,68,22,22,59,87,16,0,11,44,54,99,94,36
81,13,11,85,89,42,88,75,83,35,6,63,63,0,45,23,54,98,65,53,10,41,75,64,98,11,24,76,73,17,50,16,32,62,98,22,7,61,69,45,13,16,77,95,100,97,64,86,87,90,53,34,46,60,18,29,35,51,86,52,89,53,57,36,46,30,18,35,83,41,68,44,97,13,84,15,44,35,71,87,6,84,48,90,64,3,87,87,17,9,92,63,26,54,68,91,16,47,37,41
65,89,48,91,50,95,77,6,14,75,100,22,97,44,37,88,8,11,40,82,15,87,6,91,94,93,57,82,11,49,11,93,70,38,29,52,26,35,75,83,16,99,11,82,20,49,80,90,9,89,90,60,69,63,25,51,5,12,66,37,2,43,2,97,80,23,3,29,85,20,74,60,39,75,46,2,20,41,24,90,74,85,30,42,23,54,48,94,5,93,78,83,8,14,5,3,50,20,54,97
80,52,78,90,18,73,28,50,14,93,42,8,4,37,45,17,68,89,39,58,21,21,73,86,60,43,84,98,32,62,98,55,13,24,12,23,5,40,68,39,70,50,4,94,9,49,5,93,1,76,88,32,84,79,93,68,94,6,88,9,3,93,57,94,19,97,44,33,52,76,89,68,67,27,100,94,77,53,3,53,86,88,81,47,25,42,2,7,29,13,7,73,52,84,39,81,27,48,69,73
83,52,39,18,32,43,76,37,0,59,25,30,95,72,45,5,81,83,85,51,10,65,84,47,30,28,32,26,93,81,2,45,41,79,60,93,63,10,20,16,50,87,30,18,0,46,65,18,7,75,61,4,49,89,40,0,24,44,68,17,48,92,93,20,83,61,63,14,39,91,35,78,94,60,38,69,12,23,79,64,5,27,58,40,18,74,20,88,62,34,15,90,62,86,29,96,16,98,40,16
68,80,11,63,62,38,88,22,90,29,34,85,76,74,98,18,18,71,55,83,72,43,9,94,62,2,44,85,20,45,87,53,0,11,50,65,16,70,46,26,36,84,69,9,75,65,100,61,19,2,61,40,16,83,61,0,5,33,93,53,66,16,2,46,34,31,66,19,50,22,66,19,72,35,11,24,25,24,59,6,45,45,74,95,79,63,22,31,7,48,18,82,33,51,37,40,62,42,17,12
79,85,34,47,36,34,85,76,75,84,52,22,52,100,3,8,92,42,3,98,44,81,60,28,11,60,34,30,79,55,59,82,75,44,89,8,75,10,51,99,87,50,8,16,28,32,85,77,4,81,13,91,60,6,47,20,19,1,9,77,8,19,71,21,56,20,37,10,62,30,27,99,10,58,56,75,100,77,84,62,37,16,100,28,51,96,9,41,92,19,17,28,33,60,46,36,100,80,64,5
50,24,50,82,68,60,65,70,94,86,87,68,48,30,51,90,26,33,85,3,86,87,62,9,88,76,73,99,5,10,50,22,53,68,81,43,63,44,94,69,39,26,75,78,45,39,59,66,59,57,26,61,68,55,12,45,69,78,2,7,3,26,9,21,19,85,50,66,47,49,69,22,51,68,75,30,4,89,91,24,96,17,37,3,45,15,56,74,53,50,9,98,84,32,48,68,67,11,79,42
62,80,37,15,8,86,51,61,20,2,99,86,89,38,46,79,80,33,8,26,4,41,26,25,28,33,20,71,22,93,84,33,89,13,14,48,17,36,87,44,0,99,99,75,6,37,94,16,16,41,49,64,61,83,8,78,31,64,68,55,58,52,84,82,17,7,97,15,49,3,41,83,12,3,12,78,82,74,44,70,0,5,72,72,65,30,68,39,87,93,95,82,43,23,94,31,20,79,82,24
62,6,71,23,27,2,49,57,26,19,56,49,70,100,41,10,51,87,14,23,42,70,88,16,70,56,40,98,48,30,91,24,52,26,77,66,44,96,37,89,26,5,57,57,76,42,8,15,43,56,50,97,62,30,26,42,54,38,69,65,12,98,77,100,68,83,44,92,69,83,42,48,47,72,54,93,60,27,56,89,96,53,37,80,99,54,27,52,49,1,69,71,78,88,11,57,10,95,54,67
33,62,80,10,7,72,49,6,24,54,22,19,64,11,91,34,93,83,55,23,100,58,97,60,21,19,47,48,47,48,71,56,54,82,48,76,63,51,77,23,28,55,68,61,61,87,28,8,76,36,6,69,36,85,7,34,31,12,48,33,16,18,61,30,69,75,90,42,42,92,2,31,70,8,50,28,60,45,49,43,92,27,81,5,82,65,84,67,39,84,46,99,79,100,22,85,53,83,56,82
48,20,87,63,60,76,11,86,9,52,80,24,16,21,91,42,97,86,10,32,0,20,62,49,27,43,45,68,36,79,9,3,47,26,46,18,54,61,8,97,5,78,85,15,53,20,24,11,25,71,68,99,52,100,14,76,36,26,46,13,3,9,72,27,93,44,90,94,51,5,96,14,4,14,69,0,91,8,17,57,2,93,33,76,83,59,92,67,1,95,99,72,96,83,6,0,55,9,23,69
42,86,77,6,65,34,95,93,78,39,14,19,70,94,74,65,7,97,65,71,36,33,78,9,32,56,25,72,56,28,76,69,25,71,28,80,0,24,51,16,45,55,21,25,39,43,19,64,41,24,5,3,10,39,43,98,17,78,13,37,46,34,42,12,32,7,64,68,40,55,89,13,54,16,15,66,19,96,79,7,96,81,30,47,78,60,89,23,13,62,71,50,19,75,25,29,19,50,98,88
58,17,14,14,1,38,39,69,43,87,13,33,36,52,84,13,50,50,93,81,78,15,36,99,15,68,49,70,56,85,25,96,52,19,93,91,72,14,92,31,8,85,15,62,20,90,9,29,77,90,64,92,13,4,27,39,51,66,77,88,99,14,41,16,47,84,57,6,21,40,7,89,98,4,65,58,94,15,24,57,73,19,87,75,59,15,54,93,29,62,4,66,66,54,79,35,24,83,43,56
87,100,80,32,0,4,31,83,91,4,60,33,29,60,31,7,63,17,1,57,22,29,42,82,55,4,93,46,58,15,79,15,18,42,0,93,29,35,22,22,25,27,79,63,0,94,17,99,32,93,47,77,2,94,73,44,1,20,91,30,39,52,1,58,96,71,50,60,73,67,77,12,20,15,34,52,75,47,79,13,50,62,15,0,35,91,28,74,98,83,37,8,50,16,22,55,6,62,56,42
60,96,19,5,90,51,12,58,6,29,65,81,82,37,24,79,48,83,15,45,5,70,99,27,2,29,95,70,88,28,10,18,100,0,25,84,14,20,44,71,4,63,15,77,81,1,26,12,69,86,51,41,94,19,85,53,16,42,99,46,94,78,25,92,97,90,98,17,32,43,29,83,40,86,65,93,55,99,89,71,14,49,56,83,55,61,56,18,91,42,29,44,47,87,19,65,34,27,55,4
90,42,43,100,48,47,64,87,88,24,44,1,3,36,60,33,75,17,46,31,31,74,98,5,92,67,39,55,75,17,28,83,26,24,1,48,22,39,54,100,1,34,48,38,56,88,10,14,23,43,29,48,47,90,4,36,98,79,2,59,55,53,5,65,20,69,97,54,60,66,61,16,23,3,95,70,91,4,69,39,17,56,85,86,10,23,50,83,40,93,54,72,95,26,42,90,66,15,98,9
39,27,10,86,58,28,6,55,43,94,45,99,40,67,88,93,78,40,29,49,59,13,13,39,35,68,52,50,28,1,5,35,57,39,56,61,50,68,8,42,97,5,43,71,92,3,27,58,62,93,15,60,76,91,3,8,68,86,100,72,93,12,91,3,5,60,71,26,22,57,99,8,49,5,3,53,88,10,71,68,14,98,97,3,67,91,33,38,100,59,14,80,9,19,75,78,68,60,39,15
69,30,67,84,13,99,73,70,17,6,98,44,25,0,5,63,72,32,12,89,98,1,32,24,56,70,17,61,95,8,94,65,49,90,15,75,17,58,34,83,99,9,31,58,19,25,87,72,77,16,35,41,6,90,19,41,72,39,9,75,72,64,34,15,100,98,63,9,46,84,81,68,48,87,0,12,64,3,72,44,3,33,46,63,91,28,10,69,91,71,18,55,25,20,28,92,94,34,81,92
88,21,80,3,65,18,38,13,12,48,64,40,95,12,75,58,46,23,77,33,95,72,92,81,40,8,9,19,93,96,24,94,25,5,26,57,88,76,12,25,70,86,34,5,54,85,83,61,23,6,15,15,91,15,70,87,68,76,94,99,90,20,34,12,13,56,58,86,30,11,51,83,62,43,65,50,8,30,19,14,15,70,85,69,36,37,65,65,86,4,31,58,43,92,95,92,25,22,43,8
51,45,64,47,81,46,74,19,45,8,75,43,31,1,30,38,63,74,6,53,23,26,70,95,69,69,17,6,74,78,0,46,33,92,28,96,27,41,52,99,82,86,69,84,7,52,47,83,2,29,55,71,42,1,99,23,13,34,39,79,20,67,97,49,37,4,96,26,68,93,76,69,27,49,86,36,30,40,70,87,52,30,48,44,80,8,85,25,91,33,32,44,50,69,26,0,59,56,100,27
87,40,100,76,74,15,95,52,31,15,15,99,12,25,43,49,21,22,10,92,78,86,43,50,64,22,61,61,91,88,50,49,71,38,40,81,9,58,11,2,76,9,52,14,71,3,24,74,52,30,3,18,66,13,67,46,45,11,3,3,52,74,91,86,1,47,78,44,60,93,24,98,17,92,58,23,98,100,4,29,30,59,59,14,89,65,43,31,51,48,96,16,18,66,94,75,61,76,12,2
35,45,13,8,34,97,91,93,87,52,89,97,7,39,65,31,67,77,58,34,66,71,39,95,41,61,40,9,79,33,68,82,83,75,83,18,32,73,55,1,13,22,19,72,51,90,40,66,4,78,94,63,91,67,42,33,1,62,64,87,70,21,32,66,30,21,71,20,28,89,23,72,92,9,66,24,75,7,95,13,91,33,63,18,96,7,35,83,77,69,98,59,67,1,49,37,84,56,60,62
99,12,14,31,49,15,44,64,32,25,37,37,60,32,98,18,66,80,4,46,64,76,88,100,16,2,77,98,65,80,5,25,6,23,97,88,86,60,13,32,79,9,48,36,88,89,16,73,39,97,46,14,67,51,99,33,18,48,38,69,39,93,59,44,53,19,89,53,56,14,0,9,33,99,66,80,28,60,1,87,71,99,74,8,5,0,46,10,62,32,22,83,29,91,76,94,33,94,92,22
8,21,17,88,21,93,58,90,67,18,75,60,30,4,97,65,79,41,47,45,9,56,38,53,42,45,56,48,61,79,10,37,65,3,81,28,9,67,32,10,88,57,59,63,83,70,61,65,48,55,18,72,55,91,67,30,100,60,36,58,47,45,93,48,67,21,60,16,87,7,17,2,9,30,75,25,74,6,80,10,63,53,64,99,17,44,77,68,19,9,47,95,69,82,19,97,7,59,5,6
60,61,61,47,6,84,40,55,83,63,16,22,60,85,8,61,19,9,68,59,96,19,5,79,100,55,100,61,49,50,72,69,69,98,0,62,18,6,68,79,24,43,3,78,82,66,34,94,11,31,27,49,35,48,56,80,40,21,95,26,9,97,23,40,2,86,96,59,47,69,48,14,68,8,26,48,63,21,55,98,1,26,28,27,68,94,32,69,80,2,12,10,7,51,73,47,89,52,20,73
0,81,91,42,55,80,38,33,3,42,85,53,45,98,3,70,42,27,3,69,62,67,83,29,25,35,62,92,87,17,64,100,27,61,15,2,55,71,9,15,28,61,4,12,88,92,32,23,28,5,80,62,20,67,42,28,63,91,4,64,20,48,37,65,89,48,94,32,47,52,30,63,92,82,80,84,44,5,50,39,83,18,61,40,94,44,88,3,29,99,54,93,62,32,49,38,8,14,5,63
90,25,52,5,87,16,19,7,51,48,11,14,77,29,37,11,64,47,18,80,2,80,73,90,29,0,31,16,7,60,31,96,63,63,84,14,74,82,96,41,56,45,23,72,74,40,34,16,84,27,67,4,14,72,97,99,61,27,31,41,49,73,6,89,36,92,16,38,75,20,3,68,38,32,52,70,74,34,23,59,90,39,31,6,38,61,14,7,13,48,47,38,21,12,58,63,22,39,85,77
57,75,4,51,30,47,4,79,68,33,61,97,49,69,56,66,31,38,42,39,9,18,11,81,100,73,59,36,87,97,92,47,19,34,48,92,22,35,43,25,56,91,89,41,65,53,58,6,21,43,12,18,70,26,72,55,56,35,34,14,37,72,100,48,46,9,53,77,88,68,9,58,77,9,26,46,51,17,12,32,6,32,30,10,27,9,52,17,38,91,4,5,27,8,52,56,90,23,84,52
86,25,91,49,70,71,91,84,51,94,7,91,18,80,49,14,100,51,97,11,19,3,76,93,58,22,81,71,43,9,21,63,35,52,30,78,49,49,66,29,53,97,8,39,14,35,80,93,76,54,5,86,11,31,69,43,36,88,46,4,81,11,19,24,24,23,81,2,87,37,92,18,89,19,47,83,16,79,36,57,97,21,87,63,55,86,34,54,57,55,85,74,0,39,56,63,12,88,32,89
1,39,55,18,88,56,68,100,93,16,38,28,47,51,69,16,18,42,19,29,77,5,44,74,33,18,25,5,46,44,10,96,66,51,53,39,78,62,75,60,45,66,72,47,68,7,6,29,95,4,97,72,17,52,14,17,98,85,48,55,52,93,14,76,76,99,52,43,93,38,45,79,36,88,83,26,43,31,71,98,6,2,67,85,49,91,18,12,39,29,11,100,83,41,61,38,28,78,61,58
18,80,11,46,59,82,4,99,70,29,11,33,58,47,22,52,95,17,9,10,77,95,36,59,32,58,95,9,78,48,53,38,49,81,7,90,0,96,27,35,9,64,10,37,19,53,36,0,29,38,94,20,83,70,31,96,78,44,64,95,78,58,14,73,65,69,94,69,61,24,77,81,27,67,49,3,99,91,35,48,57,85,61,55,17,73,10,90,77,81,58,45,94,100,41,77,23,60,64,89
22,5,55,60,23,44,98,75,52,76,3,89,50,86,18,65,48,8,61,94,52,74,26,34,77,32,26,32,80,7,75,99,53,63,30,86,54,34,97,39,2,85,91,12,0,69,12,40,58,6,54,10,89,27,84,82,38,49,69,29,44,52,44,72,83,1,54,43,45,46,53,57,1,53,35,73,71,68,47,98,30,12,4,30,2,86,99,58,77,37,44,5,28,78,83,67,60,35,12,74
84,37,80,75,70,88,89,86,11,26,9,12,98,38,64,24,65,38,98,38,82,1,64,30,75,33,25,73,88,45,49,32,63,67,96,75,95,3,86,83,89,87,19,22,2,27,71,39,80,99,28,69,90,51,18,36,82,60,80,48,85,83,55,83,75,21,86,60,58,51,18,98,81,49,82,59,29,30,80,76,26,3,86,83,46,47,31,76,46,11,64,78,36,6,60,80,70,13,9,72
4,58,49,81,66,50,52,80,42,9,86,58,47,74,16,10,39,60,49,48,80,5,5,36,84,27,14,77,93,68,9,4,73,88,5,93,86,29,78,14,75,28,15,69,7,10,29,11,80,1,32,99,100,79,33,10,13,13,52,60,89,74,94,0,45,37,29,39,38,87,88,41,3,38,26,25,90,27,54,35,62,62,66,1,86,96,87,63,31,86,12,58,98,88,36,46,17,100,66,22
31,60,25,65,20,56,21,66,74,38,0,4,62,44,62,5,68,96,19,78,84,24,60,50,28,78,50,2,68,33,21,17,1,14,99,70,9,76,10,93,85,1,46,1,20,82,95,8,3,72,86,46,56,39,55,44,18,28,87,28,43,76,11,91,17,74,22,66,46,68,95,44,18,31,21,97,65,78,54,66,6,14,61,24,81,23,14,27,30,16,83,10,91,59,60,57,34,80,52,2
58,73,76,51,50,21,45,35,29,3,13,26,80,34,87,98,51,84,49,21,82,42,69,23,8,45,100,39,25,95,1,76,93,85,100,84,1,35,23,52,93,66,60,70,61,53,2,15,2,84,14,66,18,75,47,34,13,19,14,44,100,52,19,26,31,20,52,34,46,67,64,34,75,45,29,6,7,94,76,45,67,49,91,36,6,21,71,82,98,98,42,56,58,26,84,12,1,53,66,70
50,48,58,19,44,18,22,11,81,34,82,63,46,75,27,37,77,61,32,82,51,43,23,37,32,26,46,42,45,98,73,47,31,6,86,20,86,27,80,4,43,70,4,84,48,64,5,28,52,87,70,80,0,32,69,49,67,52,56,45,17,67,25,48,51,80,16,41,22,79,1,96,19,8,79,96,94,38,10,91,39,55,83,76,14,1,47,97,46,0,30,75,42,30,83,41,0,70,58,43
88,11,31,48,37,18,3,77,84,88,5,93,93,20,24,25,85,48,47,17,27,56,46,38,70,39,88,74,5,82,87,93,88,35,20,58,16,28,29,67,56,63,62,4,58,57,2,18,67,85,57,4,18,0,4,52,22,95,87,48,44,40,12,53,88,25,52,37,54,22,14,9,100,63,86,99,48,6,8,93,41,1,98,36,94,11,44,48,45,38,67,8,62,1,3,76,43,67,47,35
68,79,24,52,87,6,26,75,38,100,19,30,59,45,53,47,51,88,57,85,95,92,34,67,77,91,40,64,33,83,45,41,63,69,31,80,24,59,96,55,33,51,24,50,0,29,90,10,62,53,78,11,26,2,75,28,33,67,54,36,44,34,20,96,43,40,88,77,86,16,66,40,77,93,16,20,97,8,58,40,4,2,66,79,58,22,30,45,14,88,97,69,44,12,27,48,67,77,63,33
80,88,49,27,35,29,80,28,86,63,70,25,85,90,43,27,60,97,90,88,57,21,16,79,35,66,59,17,73,19,53,19,86,81,27,42,82,48,41,26,100,18,14,37,17,18,14,97,73,34,57,49,26,12,86,89,90,52,55,67,27,87,11,90,9,88,29,51,51,76,24,73,65,57,41,35,30,28,72,84,25,73,0,49,12,19,18,86,10,72,63,90,24,15,21,47,40,56,47,99
38,12,18,7,37,96,24,50,14,23,80,72,24,18,69,16,12,79,9,77,46,2,13,93,9,1,45,24,76,73,74,60,46,18,80,63,13,70,81,25,72,11,17,54,49,98,55,91,77,96,100,65,99,99,46,68,48,56,59,54,59,21,33,13,3,71,60,65,42,47,81,99,70,0,8,92,53,56,75,31,61,42,40,40,24,91,29,26,92,2,86,76,1,57,61,18,85,81,37,73
89,37,89,38,46,44,13,90,33,22,93,28,75,9,5,88,78,15,57,77,48,51,26,97,31,71,20,57,58,96,30,51,61,24,61,95,31,88,59,2,8,80,27,6,30,26,18,23,69,4,63,74,55,63,47,14,73,48,5,71,54,97,98,10,48,13,2,11,9,87,65,52,29,17,97,47,23,67,1,5,49,25,80,48,14,86,81,78,4,33,62,60,84,59,25,32,87,93,25,45
10,68,0,92,47,84,98,69,72,71,94,100,61,26,41,19,90,55,99,20,57,69,27,73,40,77,3,28,53,62,45,7,92,64,53,28,93,100,60,68,95,35,49,25,24,24,53,93,36,56,22,89,39,0,29,37,85,9,32,85,2,45,100,80,79,97,96,13,2,67,100,67,30,96,7,59,63,59,36,90,38,42,35,64,99,39,70,24,87,93,88,85,49,64,53,89,80,83,41,40
20,90,98,76,6,42,40,25,36,7,51,26,11,12,92,23,96,54,99,64,46,85,39,46,12,25,32,71,12,5,20,12,71,13,83,66,5,66,49,29,34,49,90,10,63,28,44,47,17,52,7,43,1,28,21,82,46,42,40,64,48,9,23,48,27,12,0,39,7,84,59,9,79,52,33,30,46,70,88,41,75,69,29,79,52,24,60,70,42,52,86,61,26,8,7,93,60,15,37,37
62,1,28,99,100,76,23,66,79,97,73,65,38,87,55,2,99,15,29,76,2,33,36,13,86,96,80,93,59,34,82,86,23,13,17,26,27,73,91,22,33,41,27,10,78,55,8,99,64,70,54,87,88,51,88,86,80,31,29,96,83,2,100,51,12,36,73,18,39,41,77,76,8,0,92,78,88,86,79,38,96,71,54,59,76,28,38,95,37,20,5,29,31,31,31,20,96,38,51,40
17,66,95,66,26,98,44,78,23,22,5,91,20,32,46,9,42,49,88,96,7,11,87,73,22,54,58,90,94,97,73,64,6,27,42,24,28,16,26,53,71,54,92,87,38,39,34,90,34,3,40,67,0,60,75,58,79,68,41,96,11,82,13,11,73,11,9,81,7,5,53,93,96,2,33,17,85,94,36,32,0,78,95,92,91,71,83,61,44,59,32,52,62,61,30,66,9,74,10,81
74,29,83,50,41,48,57,64,1,51,9,94,48,12,20,7,74,54,73,78,1,68,50,84,76,8,66,52,35,77,32,54,40,34,20,23,41,78,92,58,0,90,77,36,41,8,100,84,24,63,100,6,52,48,49,16,56,3,61,51,8,100,26,57,5,82,89,96,97,28,43,66,59,32,63,43,46,98,9,70,54,74,87,27,55,37,93,50,69,95,16,98,22,47,87,48,1,24,3,55
9,20,26,24,90,8,37,33,39,85,51,50,41,53,47,60,83,80,71,57,80,97,96,10,84,30,23,95,74,48,97,34,1,7,41,85,74,86,0,70,12,11,30,3,65,96,32,10,63,73,99,67,94,90,38,39,79,36,9,16,15,61,11,33,67,96,20,75,7,38,35,65,42,34,43,83,92,42,16,18,50,58,25,72,93,22,32,79,44,70,31,81,54,44,70,87,69,6,99,64
13,16,5,21,25,63,36,82,15,59,72,85,91,66,47,75,69,98,14,13,96,51,36,5,22,61,63,40,65,92,68,3,70,44,89,73,100,33,19,54,53,41,57,83,45,4,15,11,22,77,89,35,68,82,93,6,28,45,48,81,62,14,12,49,9,37,87,64,27,80,61,15,76,55,35,12,39,14,55,99,68,68,57,72,36,79,97,14,84,10,21,28,31,4,65,83,95,31,72,63
81,8,9,51,50,18,18,34,90,68,67,59,50,77,100,0,18,62,64,38,2,0,29,87,31,78,86,40,9,85,12,45,55,46,34,36,50,65,51,34,65,99,17,86,18,98,58,22,56,47,36,96,2,98,47,77,83,82,88,85,44,49,60,98,17,95,96,0,52,100,42,22,17,17,7,55,16,22,47,85,27,3,6,67,72,5,17,8,74,53,26,41,92,34,3,22,95,58,62,83
71,77,95,91,57,84,41,41,56,63,70,100,16,35,96,9,78,51,6,77,45,76,62,54,71,64,37,61,40,5,93,55,97,20,8,72,43,79,33,68,53,92,40,38,26,71,80,95,21,39,43,61,46,12,9,87,32,91,47,46,34,59,80,31,77,77,40,96,75,13,70,17,4,15,12,56,48,39,24,95,83,98,40,2,67,89,68,75,0,1,4,4,33,93,92,73,20,65,80,3
92,17,18,53,79,98,54,92,24,23,95,69,84,21,70,25,22,24,67,26,72,100,56,24,99,55,65,39,94,46,91,95,54,98,94,60,69,91,39,33,91,50,46,93,55,49,48,73,3,82,12,78,58,85,17,82,24,3,94,29,33,98,65,94,0,59,55,41,57,81,19,100,2,83,0,27,38,12,11,94,6,29,82,6,12,92,1,99,94,74,12,19,50,68,18,70,4,77,78,93
96,13,65,16,14,34,2,52,10,9,1,72,68,46,77,0,65,93,33,93,56,81,65,66,61,98,10,38,63,44,69,83,32,51,88,52,57,85,43,42,75,72,47,15,69,99,99,91,87,49,88,10,15,98,16,82,8,33,80,50,28,62,81,9,15,20,88,64,98,23,11,26,81,49,65,17,86,75,84,0,75,17,14,29,66,67,82,0,51,76,96,35,2,2,85,81,78,9,28,19
29,94,12,41,17,56,35,86,6,8,22,40,55,38,54,37,53,67,60,42,56,57,63,73,76,19,16,44,56,48,56,75,11,34,21,0,5,1,73,10,31,33,38,71,39,4,94,6,44,97,46,0,43,91,91,21,42,65,75,41,3,49,72,84,0,35,22,42,53,83,91,79,51,96,44,71,36,98,18,49,12,18,74,48,11,5,89,8,93,56,74,56,48,10,99,46,74,56,3,78
22,18,29,88,62,35,51,63,80,59,5,52,6,97,32,32,60,38,84,99,42,63,100,11,73,73,51,19,36,79,50,86,15,15,26,100,56,33,31,52,73,89,15,30,31,17,89,81,0,20,7,27,99,87,22,14,60,68,28,1,57,54,44,35,86,21,98,43,77,42,60,30,14,22,36,35,59,0,60,34,100,84,93,95,36,66,37,77,15,68,49,39,94,85,25,96,82,27,49,2
26,93,10,44,82,36,86,22,69,51,25,73,27,82,61,30,29,21,15,73,48,100,23,13,20,59,49,5,82,68,59,44,44,4,44,21,9,86,92,46,95,92,16,4,60,22,10,32,93,21,50,72,49,97,85,97,30,65,69,83,90,11,74,41,65,30,81,27,16,29,93,23,92,95,22,24,74,96,91,16,85,77,26,50,20,57,29,42,34,66,86,84,89,40,24,33,51,93,16,74
72,49,25,71,65,45,70,70,72,66,65,50,23,58,54,91,55,35,62,61,35,92,27,71,25,84,77,46,24,23,52,29,86,2,55,100,1,79,92,61,55,18,10,27,6,11,54,68,51,63,30,90,30,24,2,74,78,98,52,74,39,75,12,29,61,43,8,79,53,21,67,26,3,85,69,79,35,28,10,9,21,24,60,42,60,92,43,41,24,29,63,48,11,15,52,13,84,81,96,21
30,79,5,8,2,87,41,61,38,76,30,80,29,6,42,42,55,4,26,27,81,18,44,39,69,80,83,2,16,100,87,35,67,7,27,10,97,56,89,37,85,90,43,51,29,48,83,77,29,38,56,70,60,7,65,86,52,73,39,52,80,27,54,28,62,3,6,12,11,25,47,9,31,63,77,93,84,33,30,73,33,2,88,27,12,58,81,83,4,2,8,71,11,1,43,35,74,77,48,62
24,61,16,48,81,21,79,75,63,71,51,54,2,89,3,16,61,51,78,75,28,6,43,59,91,89,41,1,0,87,40,54,38,38,61,87,36,41,42,12,95,82,59,58,46,58,53,6,45,86,46,19,17,46,99,100,4,60,15,71,34,61,60,7,94,84,36,42,21,48,35,64,6,40,64,36,39,60,89,36,97,30,1,36,10,49,57,61,99,4,33,74,21,58,1,99,77,32,88,7
47,8,32,51,7,30,11,30,39,38,5,62,80,4,57,48,4,93,41,93,80,31,76,82,94,45,26,74,50,5,11,71,95,73,79,74,16,96,57,63,46,94,30,56,71,89,66,1,93,82,18,3,65,87,90,1,23,26,54,26,62,23,45,4,74,4,62,2,81,51,7,27,34,18,52,57,89,1,83,77,47,11,28,19,52,41,40,85,14,48,21,24,84,4,40,98,62,59,87,38
6,32,11,92,82,33,17,42,82,26,11,53,31,48,91,87,84,7,1,31,5,87,29,94,93,1,12,45,33,60,83,42,24,61,49,49,35,30,99,38,60,44,9,44,98,24,92,15,95,77,99,53,33,14,3,33,3,71,62,11,26,77,60,27,48,78,42,36,42,21,75,31,95,59,7,72,16,86,57,14,65,29,95,96,39,9,62,75,61,57,65,8,99,12,32,91,58,42,68,94
5,22,62,2,91,61,1,82,55,72,20,16,48,92,26,80,92,4,1,78,92,34,18,30,21,61,49,37,13,14,45,34,65,7,85,17,89,81,98,13,17,95,6,45,61,30,59,7,66,89,85,39,60,94,53,69,49,74,91,71,25,53,86,18,55,82,87,40,64,100,69,44,6,72,50,33,47,14,67,37,85,49,89,90,100,37,18,7,28,10,63,29,33,46,75,52,76,50,9,99
41,77,33,61,29,89,53,29,97,12,85,83,60,75,23,44,15,19,7,53,77,25,58,55,72,61,60,95,97,1,13,18,78,99,9,23,41,83,80,60,98,45,2,45,82,61,53,95,68,13,19,21,29,16,83,19,15,76,39,88,24,18,73,93,17,66,63,72,41,57,18,11,100,82,11,5,28,27,30,72,64,40,16,34,54,89,13,82,64,71,12,94,9,41,99,19,14,10,84,53
63,2,41,81,87,29,73,46,15,23,69,74,23,56,28,70,77,64,80,92,20,69,0,92,42,86,87,30,6,6,14,27,20,97,20,83,7,28,4,26,94,28,25,74,11,29,65,95,76,32,76,36,13,19,0,80,10,1,21,92,43,28,73,81,77,64,77,12,32,48,70,79,49,32,51,70,57,9,35,63,71,7,5,13,33,5,57,45,0,75,67,69,45,59,95,97,94,70,60,5
53,84,52,75,57,7,71,23,84,66,69,78,66,63,90,66,1,34,58,64,8,93,21,42,3,42,43,37,13,21,5,40,2,43,95,78,86,14,5,19,20,9,43,23,77,45,18,51,17,33,13,70,77,57,18,40,24,15,94,18,85,65,46,89,77,30,14,100,20,85,45,94,42,88,42,35,29,98,91,29,45,30,44,62,69,17,8,77,96,27,40,12,42,84,4,61,65,98,65,25
44,0,74,80,26,28,58,89,24,62,17,67,44,63,67,92,99,64,52,24,77,4,81,64,72,94,87,56,24,87,2,2,94,64,63,51,54,100,45,19,44,100,3,38,54,40,47,40,62,16,77,55,16,66,66,76,64,56,94,27,1,74,57,26,73,67,84,4,63,57,25,73,84,34,100,89,63,63,11,11,30,36,77,52,7,78,68,25,100,50,39,42,8,90,51,16,0,7,89,65
14,93,19,1,46,56,32,36,37,78,33,93,33,60,75,81,6,45,5,77,17,38,32,54,99,43,70,70,25,73,38,9,37,34,4,35,54,67,37,72,31,86,67,53,86,30,59,78,37,68,2,11,53,8,44,66,48,13,59,48,65,60,47,25,10,25,19,54,23,3,95,64,4,17,35,70,29,7,16,59,93,76,41,75,3,27,90,80,61,3,55,52,52,74,75,99,40,14,95,8
35,22,40,53,16,34,72,76,47,35,51,75,96,13,41,11,34,17,2,38,34,1,72,52,73,85,86,66,86,15,23,11,78,70,55,71,26,63,91,24,52,32,4,33,58,65,23,68,87,25,21,79,73,77,27,63,29,23,91,96,98,46,89,28,86,97,25,77,53,61,89,42,70,15,40,3,77,54,32,44,28,34,89,27,22,37,72,67,75,21,44,6,35,87,35,15,99,93,96,88
63,69,78,78,68,72,74,22,95,59,50,43,59,30,24,100,60,18,33,84,5,94,66,87,1,59,55,15,44,67,72,44,53,29,58,0,54,91,16,44,64,21,43,24,52,86,50,85,89,87,63,26,91,92,94,80,6,49,61,49,31,56,29,23,28,5,62,94,30,45,51,61,43,68,60,41,8,60,3,91,47,36,78,36,33,51,31,98,44,54,60,4,62,64,43,84,95,92,98,19
23,82,52,21,2,14,3,83,41,34,65,71,84,75,77,41,30,70,6,93,70,11,69,78,78,84,66,56,96,3,95,70,61,58,53,84,61,49,33,91,30,75,90,41,90,0,33,61,85,59,77,58,10,74,23,76,51,37,16,11,69,37,77,58,16,61,95,40,94,83,79,79,23,80,20,77,98,41,25,15,8,88,9,84,24,52,97,71,61,34,97,65,58,2,37,67,54,98,85,85
31,4,71,6,21,97,95,50,78,19,26,70,92,19,35,62,27,1,93,0,21,89,51,6,19,42,18,27,94,95,65,10,4,47,69,36,23,3,81,98,70,98,88,27,90,57,63,49,43,7,98,35,30,65,61,16,6,72,44,75,2,35,3,84,61,98,60,66,29,24,77,12,37,24,83,28,35,30,44,97,82,96,68,73,67,67,63,74,19,44,97,77,27,3,80,32,7,18,2,12
34,65,71,92,76,81,81,84,97,49,68,17,90,67,76,11,23,96,12,41,83,63,60,87,100,20,89,19,30,88,60,21,55,65,4,2,65,58,13,73,23,12,70,68,92,11,6,94,27,48,42,82,78,37,96,16,66,24,76,4,68,56,61,66,100,79,72,58,59,21,63,1,52,92,86,70,11,58,34,50,76,16,96,54,37,9,20,60,41,6,63,80,15,45,24,36,76,87,100,68
68,35,29,92,70,82,80,45,85,51,95,78,55,10,20,98,37,9,46,68,48,23,22,11,27,35,44,67,37,45,94,27,73,81,72,91,57,30,66,11,34,12,34,100,20,10,39,44,56,72,57,48,97,70,12,86,47,65,45,47,79,59,55,40,48,68,50,46,64,100,57,99,64,48,40,79,48,66,51,35,95,49,83,36,42,62,79,80,36,35,2,33,39,0,75,92,57,9,90,74
41,83,34,29,17,48,1,82,74,18,20,51,75,44,29,57,68,94,37,30,38,37,45,62,64,48,49,97,11,49,35,96,85,13,64,84,30,18,81,82,55,26,54,86,35,75,60,16,50,15,69,42,1,45,73,71,93,100,75,7,39,4,23,13,96,97,19,31,97,4,90,33,25,13,70,7,2,20,53,20,43,10,41,0,16,62,11,22,79,87,63,73,72,44,0,67,62,23,88,96
17,4,25,53,77,48,88,92,85,46,81,96,33,6,90,21,38,26,82,43,75,29,53,76,13,92,92,39,73,74,31,46,11,89,66,57,91,1,28,61,97,38,70,46,76,7,50,63,89,38,42,98,66,64,78,32,74,66,95,27,59,74,69,32,37,40,29,29,90,42,8,94,38,13,21,32,67,76,85,38,7,41,38,40,7,44,100,62,21,9,67,64,33,2,74,48,66,82,40,27
40,38,54,81,47,46,36,58,81,46,28,12,3,67,54,44,53,28,17,100,55,94,27,92,64,13,75,26,44,14,61,66,63,61,52,45,17,93,73,34,71,50,57,63,78,63,59,24,20,64,37,83,88,73,1,90,31,4,73,52,16,63,47,63,19,42,92,35,30,52,47,68,82,69,97,13,24,23,29,52,75,50,47,71,23,12,42,27,77,62,35,60,66,83,6,35,28,63,53,54
49,6,86,70,30,52,69,66,44,19,38,83,62,50,38,47,71,98,44,20,69,0,50,42,97,79,7,27,75,38,81,82,24,47,97,14,82,93,34,64,57,95,89,63,70,20,59,83,74,74,26,25,97,80,36,98,17,87,71,53,24,41,17,86,16,42,68,54,84,71,8,97,87,76,32,54,28,15,31,66,57,86,57,3,4,47,32,20,47,72,60,96,74,32,15,79,100,7,97,39
45,9,12,93,87,72,20,10,36,22,82,30,16,47,100,2,72,0,26,34,19,79,80,45,60,7,96,54,37,58,4,75,71,77,37,24,63,30,95,7,84,75,73,12,26,28,81,49,31,96,52,3,24,68,83,92,80,6,74,54,11,29,50,37,78,10,79,93,73,82,59,50,86,75,94,11,72,41,11,12,59,88,69,95,98,77,91,59,7,12,9,14,66,25,44,72,69,24,62,85
81,31,33,28,16,64,96,36,36,8,44,49,76,46,47,16,30,37,29,44,92,63,68,86,19,69,9,95,13,0,98,47,23,32,72,95,97,47,68,96,48,40,26,59,76,13,58,39,2,82,71,97,100,14,44,97,41,72,94,7,17,88,33,33,71,86,80,66,83,76,52,65,8,29,85,26,71,80,58,11,31,78,43,55,95,69,49,41,90,40,99,4,49,84,87,17,59,86,44,10
59,100,37,17,88,55,19,38,78,10,100,31,7,56,77,82,67,68,100,54,63,1,58,52,65,47,39,19,25,96,83,27,73,30,41,14,45,3,21,28,64,93,62,10,38,62,71,39,40,51,71,88,58,8,46,90,40,68,91,78,78,32,97,14,22,42,34,74,11,99,59,34,23,34,90,2,72,65,63,58,82,24,92,37,38,18,16,37,65,94,55,24,41,100,91,68,78,10,80,59
14,98,98,27,69,41,27,96,49,49,80,9,95,76,67,57,73,58,66,7,91,89,8,27,3,60,71,71,97,62,4,53,4,79,98,2,96,44,87,68,88,79,53,11,97,98,52,17,51,39,57,57,94,43,60,81,82,3,92,86,98,26,77,4,53,25,66,31,92,95,6,45,10,84,60,96,20,37,50,52,86,15,43,59,29,28,31,16,59,68,95,95,0,62,64,1,15,97,79,27
70,14,78,28,52,30,49,28,5,50,28,60,2,75,100,89,62,99,63,39,5,76,95,80,0,13,82,32,51,96,52,99,74,13,1,35,87,22,63,87,58,58,22,53,6,44,86,81,100,27,9,78,34,96,90,5,94,23,23,7,88,21,86,33,83,64,48,2,73,64,60,0,99,52,11,72,10,42,97,11,16,48,69,16,59,31,50,65,23,12,96,36,21,79,64,92,9,45,73,35
17,98,62,37,64,64,8,74,44,35,46,60,26,75,48,30,57,60,67,46,14,94,69,56,20,6,32,93,50,21,45,41,5,81,73,83,43,86,26,81,19,0,85,53,4,61,84,23,26,29,19,47,6,14,50,88,96,60,65,84,49,10,58,96,90,20,94,5,78,88,58,25,15,71,1,17,42,58,31,68,26,56,27,15,13,63,63,33,73,49,90,19,88,59,70,77,26,91,47,64