78,68,22,83,31,91,31,4,48,27,92,43,50,29,62,68,99,48,54,60,6,79,83,78,39,62,57,43,28,92,55,10,100,100,43,31,28,48,75,8,57,19,26,44,92,25,37,13,15,63,90,30,5,56,22,70,69,20,42,30,40,75,84,6,51,43,61,96,0,83,68,39,70,11,38,64,18,36,38,43,45,87,26,18,29,21,65,37,50,63,15,38,100,68,7,93,78,42,7,33
87,69,3,87,88,44,7,67,31,4,96,30,97,44,27,43,6,14,32,63,14,96,87,95,54,55,25,15,55,71,39,50,78,2,27,68,42,26,77,74,81,1,40,95,69,13,4,4,18,100,47,7,24,4,36,22,1,45,86,53,43,95,23,15,99,80,28,36,24,19,46,43,3,60,7,88,4,4,85,63,29,19,18,46,77,33,61,89,82,13,12,85,60,98,26,43,71,46,82,50
18,9,98,98,5,88,89,50,4,48,79,43,68,77,94,89,49,26,53,57,41,36,21,8,50,70,70,22,28,92,37,31,86,67,19,59,100,53,70,25,2,34,72,48,75,3,51,13,32,38,33,44,43,17,92,100,32,50,80,40,63,15,93,21,32,7,28,46,86,65,18,44,48,7,20,87,92,9,47,77,71,48,78,38,77,83,39,100,97,18,67,89,93,71,47,99,51,3,81,89
35,26,72,62,28,93,42,26,96,55,5,14,34,45,55,0,16,92,61,25,10,39,15,58,62,70,66,38,68,80,18,70,83,14,59,89,86,3,96,95,70,42,38,72,84,60,39,2,100,86,59,70,20,90,36,81,20,20,76,89,10,51,21,3,95,100,58,14,23,38,14,58,36,32,34,4,77,8,56,27,70,98,95,38,9,75,49,95,65,44,10,3,6,78,83,37,68,100,79,59
89,10,75,18,4,49,40,86,81,72,85,79,66,87,6,21,77,89,22,84,95,15,38,90,27,38,77,36,66,35,76,33,29,24,21,71,37,61,52,53,10,74,51,80,100,58,60,60,2,30,66,23,17,28,13,48,63,92,72,19,22,63,45,93,78,56,22,38,15,16,59,45,44,96,16,77,76,77,44,75,50,55,59,0,78,7,23,65,77,15,10,28,31,54,4,53,38,56,65,31
24,3,28,39,41,4,45,31,27,38,49,93,10,51,54,55,22,89,76,32,82,83,74,75,59,15,76,11,95,57,95,48,42,79,70,48,45,15,34,28,80,3,41,18,31,9,73,6,8,74,45,3,54,22,78,57,33,96,28,78,52,10,37,73,63,43,89,20,4,94,11,29,97,28,52,9,2,21,11,43,95,4,26,0,2,25,10,52,81,19,47,62,82,32,63,16,51,46,46,40
4,46,70,38,55,58,74,8,85,3,47,11,42,48,54,4,19,36,55,52,74,3,75,91,10,70,12,32,62,3,95,92,38,10,45,13,25,62,30,30,83,11,5,63,30,97,12,23,16,99,69,0,21,63,54,22,29,22,30,54,70,75,66,37,6,68,35,5,28,89,69,33,14,28,13,29,0,24,41,71,45,36,99,46,13,47,99,81,57,70,22,61,65,22,11,99,40,98,86,23
87,1,17,88,39,76,34,58,25,52,90,56,13,84,100,67,54,91,30,95,78,46,39,52,37,84,95,53,41,47,18,74,26,13,40,31,18,21,29,66,31,50,38,6,6,20,81,90,65,79,14,2,92,43,97,96,31,55,4,26,89,17,17,6,51,43,8,52,90,95,22,54,10,60,54,88,11,47,45,9,95,73,69,76,41,4,55,42,87,2,18,16,37,94,55,95,49,55,92,14
5,86,75,42,42,89,77,26,71,27,53,61,82,17,84,43,65,7,19,15,26,56,63,27,56,20,65,77,42,52,22,51,10,8,5,23,8,29,27,62,59,0,51,82,4,5,32,90,87,54,3,79,58,11,58,8,23,56,15,61,95,27,5,96,27,33,55,89,13,35,99,15,34,23,26,53,19,59,4,84,28,72,70,22,78,96,44,63,74,32,2,82,44,25,90,40,50,54,57,97
36,20,87,34,83,79,9,97,4,16,76,23,96,70,32,55,9,78,28,82,10,99,84,6,70,40,70,71,71,30,20,13,11,90,71,76,22,93,2,60,4,63,100,39,5,56,82,57,52,92,99,74,34,3,78,73,30,59,21,95,74,92,51,58,57,45,49,70,16,17,42,56,56,41,71,74,60,69,34,99,53,97,5,26,1,56,88,27,57,85,68,66,89,47,1,43,60,51,92,35
99,7,0,79,82,50,72,93,81,88,58,15,5,14,97,69,45,2,68,46,40,47,94,23,53,17,24,26,23,46,0,25,23,53,5,71,10,58,87,48,11,45,27,20,55,6,58,12,25,62,100,42,59,20,22,89,52,46,0,33,5,61,71,45,49,55,68,85,80,30,72,34,32,43,61,39,80,12,96,10,53,87,38,54,5,45,90,56,97,23,80,49,49,38,52,3,0,12,18,40
64,82,76,5,51,85,21,11,54,9,37,66,50,18,6,67,68,37,49,21,98,82,37,6,56,54,82,33,79,34,48,3,52,93,3,10,24,40,29,50,12,3,24,99,4,45,35,40,35,91,93,38,94,56,86,8,6,19,97,77,100,72,72,54,56,75,16,18,66,36,24,47,76,96,48,2,59,80,7,66,55,100,89,21,100,19,83,63,11,46,69,82,44,17,47,32,96,58,6,22
51,40,15,12,80,31,20,77,0,77,64,90,7,29,29,84,16,98,92,21,77,87,94,52,88,15,91,61,0,20,49,80,75,75,99,77,54,25,2,10,4,47,15,11,88,97,87,42,48,27,100,37,28,56,82,21,51,57,47,59,49,0,48,20,63,44,96,97,21,2,29,7,9,66,89,24,44,22,22,81,19,51,49,7,20,22,76,18,17,48,81,29,48,8,100,18,48,29,29,78
82,95,46,5,85,13,1,1,47,22,29,3,3,87,70,38,41,6,22,64,6,39,43,6,70,31,75,46,75,31,85,75,58,17,53,41,70,66,32,24,31,77,6,26,25,86,51,49,63,43,71,91,89,57,65,75,21,2,36,27,57,15,64,67,8,45,100,48,52,62,41,38,19,10,61,8,25,87,42,41,40,32,60,8,12,93,17,68,54,45,16,27,34,37,18,29,61,65,51,1
43,1,27,60,19,2,18,33,56,82,4,11,69,39,63,89,24,78,27,90,17,4,32,23,89,64,84,52,18,18,32,36,34,79,11,0,38,15,35,62,33,48,42,95,89,18,31,28,39,77,72,67,16,97,82,56,17,95,72,97,19,71,92,62,36,87,0,72,99,38,56,97,3,86,36,20,77,75,30,42,42,96,90,0,7,39,4,99,35,44,100,57,60,98,32,19,84,98,32,9
20,72,65,88,14,67,76,8,79,29,56,62,95,1,77,40,20,92,82,72,74,27,73,54,62,52,24,10,7,57,59,1,35,8,15,89,67,19,58,86,45,11,91,14,78,86,62,28,48,46,49,52,10,2,67,91,15,39,68,41,89,98,44,28,50,88,49,7,38,84,63,70,49,100,21,29,97,54,100,0,67,58,73,53,24,77,100,97,73,22,9,62,94,15,83,38,23,83,67,69
22,37,4,92,97,73,41,72,1,49,46,87,30,12,8,99,30,29,12,28,4,97,35,69,32,92,9,63,70,42,77,57,0,77,77,72,1,13,96,48,22,59,87,10,28,77,15,59,69,24,0,64,47,94,67,65,64,86,98,77,27,89,79,11,35,100,84,42,33,32,91,21,63,7,34,29,72,50,57,99,91,9,84,28,39,80,34,91,64,84,65,3,28,55,95,27,60,27,6,15
39,48,72,80,15,90,4,35,96,51,6,12,91,84,88,10,68,46,8,100,94,25,40,57,17,10,13,83,87,48,71,36,25,95,98,29,94,36,41,91,51,12,38,9,69,14,16,56,54,27,29,58,57,95,19,64,70,35,35,42,4,67,12,95,52,31,88,63,75,5,41,37,44,24,70,90,57,78,45,28,84,42,25,52,78,43,86,68,92,81,12,49,81,49,6,33,26,74,41,88
10,15,96,62,26,27,52,16,72,46,43,98,69,78,35,68,63,28,45,53,45,74,73,38,87,20,15,58,42,39,77,81,6,56,41,31,18,84,27,75,42,80,37,93,30,54,86,24,64,26,92,62,63,19,17,48,7,79,43,68,90,60,70,59,78,27,94,98,91,58,33,39,34,86,98,72,32,61,42,3,66,53,71,92,36,69,35,35,17,96,48,35,28,99,95,77,27,42,6,44
79,42,53,48,31,41,92,64,83,16,60,100,45,97,39,63,11,95,83,63,20,72,93,63,49,4,3,49,77,92,93,50,24,62,19,94,5,11,38,6,17,67,39,65,61,92,94,58,51,90,19,44,17,17,1,72,96,41,31,32,7,35,61,24,63,12,95,43,70,24,57,8,90,54,88,78,47,70,44,93,62,51,43,77,41,67,60,54,43,79,44,85,28,50,80,15,28,32,82,14
63,8,5,73,81,36,93,70,45,82,80,72,40,64,9,42,53,37,82,24,41,65,88,23,19,69,81,55,42,13,23,85,13,92,83,65,65,63,70,81,45,100,72,25,18,63,18,15,77,77,11,14,44,20,14,32,53,28,96,41,45,5,76,58,4,16,47,95,1,99,67,4,98,63,76,78,91,65,4,31,5,4,71,56,33,72,38,67,26,27,11,25,37,13,50,8,70,53,32,29
35,64,100,4,84,28,28,60,54,37,74,54,55,6,35,26,91,78,98,21,82,62,30,74,60,66,17,66,62,69,61,84,46,87,58,45,48,41,53,100,31,72,54,56,56,37,6,35,5,14,39,5,37,25,42,41,88,8,77,44,56,99,47,84,78,38,73,6,24,42,29,33,44,14,72,80,84,13,75,88,11,92,25,28,34,4,36,18,96,19,53,22,27,6,27,58,36,61,93,92
18,30,100,90,0,18,46,96,0,9,11,27,16,84,100,16,69,15,24,56,54,34,29,40,5,24,9,46,53,92,81,24,9,77,50,70,64,99,47,33,69,35,30,23,39,55,26,99,92,96,80,32,20,42,74,80,18,100,18,4,63,86,38,45,25,80,38,13,29,62,50,11,90,67,2,43,80,58,32,95,53,19,96,54,81,36,50,87,97,6,72,100,26,88,35,28,33,66,78,26
89,44,78,25,45,50,74,86,70,31,100,12,97,81,73,48,83,100,12,45,29,35,21,21,56,94,39,33,20,6,54,94,90,16,31,56,5,74,82,75,22,54,43,54,14,51,4,57,28,17,69,98,23,24,17,58,45,48,84,14,48,83,28,5,78,52,20,92,45,80,10,87,72,30,97,27,34,94,62,32,37,84,32,67,62,54,29,54,10,3,69,92,13,65,38,27,93,71,15,14
19,16,25,65,17,0,98,86,49,55,57,43,94,62,24,71,52,55,29,29,8,52,1,78,11,40,4,55,40,40,62,13,20,12,72,81,67,68,61,47,10,0,73,84,29,72,7,34,34,85,70,44,89,72,6,63,11,59,51,65,45,67,35,50,25,77,26,76,56,99,30,10,88,56,25,7,97,50,73,56,31,67,37,3,28,19,72,33,84,72,46,58,83,82,1,82,13,32,68,38
23,56,75,45,7,67,34,49,36,61,69,68,46,60,27,89,68,100,62,73,35,28,49,100,25,85,82,70,3,52,70,54,8,14,85,24,71,24,81,73,67,98,88,14,36,29,6,92,86,81,66,14,75,8,42,81,51,17,53,9,24,99,100,55,21,5,54,7,67,91,73,12,27,54,27,59,90,8,12,88,72,93,38,67,88,4,47,46,17,93,89,25,51,27,33,60,80,22,23,84
60,81,37,53,71,41,3,47,82,9,57,61,63,0,10,84,54,66,92,57,72,59,17,78,32,80,33,90,21,23,5,35,40,43,24,39,20,30,55,32,0,36,0,61,73,92,41,45,48,75,10,80,52,86,52,91,66,48,9,42,64,15,70,17,66,16,7,53,17,15,23,21,51,51,34,76,18,51,84,5,68,3,21,30,10,51,43,97,67,3,63,39,4,74,1,26,88,35,35,35
69,13,2,58,60,82,98,49,11,10,56,86,71,48,46,55,4,35,60,48,88,80,73,88,71,0,26,15,47,99,14,10,22,21,93,49,78,54,17,10,79,81,11,37,23,78,91,66,90,49,31,30,94,70,95,1,15,92,22,87,100,19,14,76,76,0,10,94,64,42,25,80,65,34,21,25,74,32,31,85,18,81,47,5,3,20,37,89,32,20,12,93,20,77,47,4,23,32,74,89
85,58,47,56,11,91,74,26,56,27,49,49,26,78,7,76,33,22,56,83,55,98,22,90,7,49,88,75,51,5,45,46,9,9,94,83,93,20,23,6,64,55,49,63,56,84,1,12,6,68,47,91,82,63,66,2,92,54,10,69,84,64,65,4,18,81,97,94,58,80,74,19,27,58,68,90,34,5,74,85,28,61,100,0,52,61,41,34,52,35,31,95,19,35,18,62,97,63,66,76
93,45,83,34,34,65,34,96,55,78,59,62,2,98,34,8,58,95,54,9,39,47,85,63,80,70,1,4,66,51,72,12,63,63,14,76,38,24,49,18,79,31,97,20,45,69,93,99,100,61,15,6,56,96,5,43,7,56,90,72,75,35,61,35,87,42,54,62,13,96,90,18,94,76,0,82,52,73,2,71,83,94,10,69,1,44,26,64,63,9,99,80,93,75,77,13,22,100,68,89
47,91,61,8,95,17,81,96,50,72,97,86,75,38,35,34,17,69,79,81,61,79,69,64,81,7,24,11,76,56,71,10,72,14,83,67,36,33,4,45,68,91,56,46,77,57,46,97,92,60,62,92,79,41,32,93,35,94,22,50,69,33,67,1,5,49,62,8,84,61,45,97,5,85,43,76,42,35,89,74,65,52,28,30,86,74,86,35,30,6,99,16,68,93,28,80,70,87,29,2
47,44,37,80,80,34,92,76,71,21,58,47,78,61,44,40,24,55,22,17,50,46,52,7,53,5,39,64,49,58,2,16,14,25,8,12,75,50,18,65,34,25,73,18,81,98,44,36,59,39,63,89,92,81,75,15,18,57,86,0,84,66,4,11,0,71,83,89,7,90,21,29,6,79,89,51,19,98,3,71,31,77,15,58,86,24,2,36,18,62,67,77,85,31,32,87,11,74,63,13
1,96,73,62,2,59,20,72,13,2,31,57,36,87,89,52,14,76,77,8,57,76,32,44,79,86,100,27,58,34,44,88,46,97,5,34,79,14,55,61,20,84,3,23,35,20,21,50,81,36,37,33,45,43,75,57,1,57,82,92,21,85,94,0,72,73,22,61,48,82,26,18,21,81,52,99,94,18,38,37,75,79,58,5,80,17,43,50,68,15,76,71,95,3,4,38,64,34,26,98
25,7,18,19,35,36,59,39,73,27,10,2,51,41,21,97,95,51,17,45,25,39,100,63,70,8,69,83,6,0,60,92,11,15,33,9,90,19,89,3,13,77,12,32,85,92,98,88,31,44,18,3,48,30,27,64,82,24,79,69,56,7,84,89,36,78,29,92,92,7,10,78,46,81,96,21,57,81,97,66,21,99,44,82,24,80,96,34,72,2,73,24,71,100,0,23,17,13,55,36
65,0,63,45,7,82,74,95,44,19,76,76,39,37,22,48,15,99,22,15,37,94,51,76,76,22,1,98,39,37,19,77,8,79,29,98,25,53,4,82,4,63,70,24,4,30,13,60,59,45,36,55,42,41,81,66,91,34,82,44,69,24,66,53,28,23,29,95,41,27,80,87,31,2,27,70,49,68,1,34,22,59,47,83,55,38,72,76,75,23,93,59,26,95,48,4,71,55,99,56
87,30,60,2,66,41,87,7,64,3,16,73,6,35,96,86,95,96,12,41,3,4,57,99,71,78,49,6,37,12,34,70,67,71,11,24,9,83,10,28,87,34,73,72,80,31,8,19,68,46,85,82,99,66,22,88,96,96,90,6,62,31,59,98,33,94,84,91,73,88,41,54,41,71,0,98,20,45,93,4,54,40,33,20,27,26,23,91,50,85,63,72,10,58,20,24,100,39,16,36
37,14,93,1,51,93,97,38,84,15,67,18,80,92,53,95,15,97,72,41,85,5,72,59,13,80,56,96,52,60,56,87,37,70,41,70,55,50,49,95,42,60,48,98,100,8,83,17,50,91,34,17,75,39,57,36,35,51,84,9,86,53,34,15,28,58,9,10,60,48,46,73,18,78,64,39,15,26,29,86,47,61,17,96,5,2,59,40,23,80,15,34,20,5,58,89,30,26,87,61
92,79,41,63,42,89,89,36,63,35,40,19,36,34,74,54,6,90,20,64,46,53,30,88,88,96,33,8,57,26,21,46,4,32,67,51,70,12,93,92,6,2,53,13,87,67,85,40,92,58,78,97,27,91,82,40,92,53,22,18,77,32,39,6,92,100,91,55,50,82,53,47,90,33,79,48,20,40,24,95,21,25,57,82,3,0,4,89,53,0,44,27,19,29,87,14,19,42,40,81
51,17,51,15,98,84,74,60,99,67,76,61,23,63,73,7,96,16,16,42,48,8,72,13,56,9,79,68,18,83,50,74,10,58,5,56,93,96,19,81,76,33,80,4,57,70,92,16,23,81,81,57,7,6,83,43,98,100,3,81,42,36,14,27,95,26,15,72,18,80,57,68,46,5,0,60,81,79,62,21,42,71,70,83,60,40,6,57,22,5,46,89,50,9,34,94,94,20,49,62
18,100,72,55,10,20,49,65,84,7,45,0,67,36,43,68,91,63,22,63,80,4,57,35,59,11,59,8,42,16,21,88,99,4,51,58,83,11,15,3,31,33,66,81,92,76,43,16,63,84,57,32,88,29,67,23,52,73,60,83,66,36,18,97,55,26,45,68,60,3,27,77,35,32,89,93,48,0,8,58,87,32,100,40,4,69,78,41,94,61,54,2,33,45,70,62,88,82,92,8
85,21,61,72,10,33,68,92,56,83,6,35,93,59,94,82,16,55,45,50,57,73,70,23,46,20,73,49,52,85,88,5,9,41,9,19,28,62,40,96,32,33,11,37,57,12,58,19,1,58,92,42,62,87,10,64,63,34,17,87,73,54,62,4,25,39,4,61,56,62,95,61,92,31,93,75,13,13,56,18,82,29,5,94,47,31,94,59,16,80,14,12,72,48,31,86,85,51,74,18
95,100,97,15,14,56,86,69,98,42,93,34,73,9,40,5,55,35,63,0,18,82,23,38,53,99,12,61,0,73,41,7,46,44,91,73,84,71,78,68,86,16,4,85,75,96,23,42,89,11,62,42,37,10,77,88,82,33,77,37,70,75,86,3,84,93,33,38,80,3,90,87,41,30,73,79,2,69,90,20,82,90,100,64,3,53,39,55,56,82,73,48,6,6,56,67,43,74,79,10
78,62,49,74,8,18,21,59,58,48,38,46,44,72,61,20,19,86,78,50,99,80,76,68,74,84,76,38,94,54,8,7,16,88,17,24,5,55,51,91,67,87,97,73,33,94,77,8,18,91,85,86,57,38,37,24,22,55,24,35,52,81,99,55,30,29,72,70,1,75,8,0,14,54,28,46,93,81,69,34,8,19,100,87,26,23,17,91,35,64,55,47,94,16,15,49,93,44,63,1
9,66,27,72,19,76,23,2,13,8,5,34,20,78,71,85,41,21,54,24,96,83,67,2,94,24,91,43,93,73,65,51,41,53,76,91,78,88,16,10,1,24,24,8,97,80,87,0,28,87,50,6,47,61,47,62,48,81,28,58,16,73,11,30,43,75,63,41,5,53,62,6,40,43,48,58,93,47,51,92,81,48,70,49,88,100,13,78,98,87,50,72,12,2,13,2,58,5,85,68
6,5,41,88,30,26,45,60,53,38,90,96,19,11,12,78,89,82,72,44,53,24,72,91,71,90,96,31,96,86,57,48,91,77,9,1,45,61,20,17,70,25,13,54,84,11,17,6,35,57,60,20,91,28,79,78,90,34,76,71,34,76,81,36,64,92,34,20,96,57,52,32,7,83,69,94,43,81,4,60,60,70,68,15,41,65,67,94,47,6,56,44,82,0,94,91,20,61,32,20
69,89,94,20,91,57,32,57,80,71,65,15,1,99,32,64,63,68,78,53,43,29,19,6,4,95,58,52,45,17,100,45,35,29,73,41,1,87,58,0,6,41,66,7,8,61,4,20,59,6,9,11,43,99,28,15,38,12,39,48,48,83,45,76,60,24,78,31,5,39,46,80,67,31,28,45,91,94,9,4,21,32,70,94,77,63,94,34,73,42,75,61,75,61,64,51,73,93,44,35
82,16,84,87,90,45,47,57,19,16,2,88,13,46,60,30,74,90,90,91,38,58,83,89,91,2,40,63,82,83,30,27,48,6,28,32,60,50,15,26,71,3,96,69,48,37,70,65,96,49,26,11,27,72,85,77,32,81,96,14,23,21,63,92,81,8,75,31,10,2,17,55,70,81,31,62,63,51,1,61,54,74,85,35,44,76,55,80,58,16,74,78,19,91,5,55,36,85,92,62
19,90,44,57,59,87,47,1,80,52,48,43,38,61,9,39,24,91,34,62,37,5,18,29,12,15,96,15,54,93,65,19,43,9,32,40,17,93,26,51,14,16,22,64,56,44,57,38,24,6,73,19,48,94,95,3,11,58,33,46,86,83,33,81,12,11,74,35,70,60,36,30,16,59,74,81,66,24,65,92,48,65,7,41,9,56,82,41,85,40,11,4,30,90,68,16,98,25,27,94
53,100,70,5,33,35,4,26,20,43,48,63,12,9,12,8,75,14,64,22,86,79,71,23,57,18,96,11,34,100,92,88,90,16,100,5,36,20,87,41,67,55,59,7,87,13,14,20,85,65,33,25,81,37,16,98,51,23,72,28,86,42,75,82,39,41,79,58,6,95,41,87,28,73,15,27,78,55,6,94,77,11,88,24,0,75,2,100,8,23,50,62,8,5,99,100,73,22,43,20
66,3,83,72,85,57,53,28,26,12,76,98,35,72,9,19,80,77,64,45,89,97,49,63,7,87,25,53,43,65,46,12,41,81,18,86,46,70,38,45,36,26,74,60,50,67,62,9,7,2,11,79,2,21,79,10,28,76,32,64,4,12,45,43,86,5,87,18,78,90,10,78,93,72,29,54,5,92,95,15,35,79,36,22,54,44,25,70,88,62,30,48,41,51,60,30,15,98,58,33
39,80,56,99,55,90,23,79,88,55,95,41,56,90,64,32,43,32,20,42,92,19,80,52,70,52,1,52,8,45,57,47,45,23,23,61,66,58,98,73,72,33,28,17,46,75,77,84,90,40,14,26,71,50,48,98,20,50,74,38,42,78,91,18,51,67,21,52,48,42,15,39,62,43,72,98,94,75,23,23,37,85,28,86,20,6,59,48,25,9,87,77,78,71,48,87,62,40,73,92
92,52,60,76,24,6,60,77,29,42,21,42,11,45,77,23,12,58,26,70,72,65,86,65,4,71,35,89,7,56,58,25,44,45,96,93,24,73,24,15,28,94,18,34,26,85,47,74,21,78,58,28,44,17,66,69,97,49,60,73,25,59,9,23,15,27,23,81,96,83,9,4,80,8,23,98,37,11,71,98,48,44,51,5,49,57,57,64,84,63,48,44,1,41,1,46,65,39,3,82
51,93,62,76,35,4,36,91,45,93,0,83,94,32,38,68,13,0,69,100,58,51,93,59,19,26,26,53,55,34,70,16,13,60,93,72,46,86,23,22,89,19,59,89,83,75,55,76,48,26,24,91,57,100,61,17,61,23,71,74,91,91,66,4,58,63,33,79,93,53,84,42,32,58,63,61,38,20,55,32,11,14,88,2,54,86,70,38,21,92,51,28,78,80,73,0,98,36,4,99
17,74,72,30,66,71,21,47,85,15,4,80,62,36,52,83,8,81,46,100,88,25,19,96,23,47,50,94,46,41,61,21,80,74,86,90,81,78,73,46,1,44,56,54,84,9,86,61,7,26,93,27,23,10,39,20,6,92,84,90,34,46,91,56,99,8,8,94,16,57,21,28,36,20,2,69,62,5,71,20,21,96,75,55,47,10,3,82,49,10,57,26,22,86,10,67,72,53,94,80
40,21,62,99,34,2,94,52,67,90,58,92,18,3,42,29,49,61,19,29,73,87,7,37,81,91,3,89,60,17,38,30,5,36,76,94,92,49,0,0,83,43,15,45,78,30,2,28,77,80,3,1,84,55,84,62,77,3,64,98,72,78,85,54,12,95,49,51,80,17,56,45,73,31,81,33,78,90,31,87,16,61,31,21,7,0,80,5,85,25,49,96,38,32,34,34,17,83,2,50
6,69,84,62,84,11,13,78,26,93,86,88,56,82,87,78,85,94,55,7,37,15,65,88,54,45,11,33,98,46,95,60,94,51,18,91,38,14,55,11,60,58,54,75,5,19,28,86,72,8,47,63,70,48,58,47,98,52,0,37,85,80,5,59,48,19,29,60,8,48,76,46,1,73,59,36,82,40,66,45,67,61,86,94,79,51,24,11,87,93,38,94,10,59,63,87,96,29,29,56
90,25,19,90,78,85,41,59,86,4,74,100,76,15,2,76,53,43,3,1,90,63,18,30,12,90,13,1,75,2,81,79,34,7,49,37,31,21,77,64,25,11,54,57,4,100,9,16,21,84,57,49,93,28,40,24,77,95,78,21,22,57,98,63,38,77,60,35,16,29,47,63,19,0,37,83,18,71,23,14,16,18,94,13,29,60,87,87,48,54,44,49,55,80,69,79,60,29,61,56
23,98,74,54,46,11,28,45,23,9,68,2,60,21,67,15,65,70,39,69,36,76,22,50,3,79,82,54,1,100,94,26,27,72,58,2,11,78,36,90,78,66,3,71,10,79,82,5,95,34,89,52,75,67,47,70,65,97,32,34,17,43,29,12,1,56,67,50,76,29,71,11,82,2,58,54,18,92,39,56,82,58,65,42,14,30,57,63,94,12,53,52,5,69,3,2,0,92,87,42
100,95,44,36,41,76,38,9,48,34,44,15,9,22,72,69,18,1,28,87,45,77,72,4,16,90,35,47,86,94,95,97,72,18,33,44,68,26,57,68,93,31,89,9,38,45,8,30,100,70,38,63,71,27,58,12,46,90,65,0,49,66,57,48,12,7,75,3,58,7,55,57,91,69,38,33,47,81,90,25,38,50,64,80,56,47,49,26,84,26,77,18,74,16,17,28,86,98,100,76
100,62,32,79,63,50,49,56,55,24,42,54,59,62,33,68,62,52,94,83,3,90,39,76,13,45,88,73,14,48,36,75,37,93,50,85,90,92,48,54,54,10,64,95,88,0,19,44,43,43,77,43,75,91,80,38,94,41,58,25,91,14,23,3,82,68,50,39,54,67,83,35,28,29,24,37,4,76,54,70,0,72,19,83,53,79,20,88,66,64,87,11,14,34,51,45,77,3,8,41
22,84,74,12,68,84,82,63,54,48,40,35,6,0,14,73,97,38,4,19,58,3,20,90,46,10,29,23,99,84,2,59,82,23,35,14,48,13,70,21,29,1,38,76,84,30,71,21,63,48,22,58,47,65,69,93,80,48,35,21,5,78,95,97,98,22,32,11,66,39,20,76,92,2,19,63,87,42,55,27,37,78,8,61,44,6,71,7,59,17,35,89,75,96,11,67,28,99,79,85
61,11,57,58,63,11,73,49,12,10,78,66,79,97,20,25,73,0,70,22,93,45,18,39,75,96,81,16,79,13,73,76,72,54,30,57,51,97,53,4,83,60,66,8,61,15,44,6,23,68,92,91,90,5,42,40,63,26,21,33,49,19,95,9,32,12,10,61,94,74,35,73,18,3,73,3,49,76,54,79,100,84,9,94,90,23,94,26,78,23,48,64,12,26,68,63,75,26,39,88
68,93,99,41,4,63,3,47,5,2,92,53,36,53,23,50,86,77,50,49,31,34,84,80,3,67,71,3,50,2,77,93,48,40,20,16,77,61,7,11,56,44,82,84,49,25,29,30,89,75,65,63,28,33,60,10,37,47,19,26,90,44,12,59,67,70,90,48,31,51,2,40,46,8,73,38,4,11,51,45,51,43,85,30,77,15,67,89,22,61,93,70,31,53,42,88,65,85,86,33
79,74,71,19,12,34,36,0,65,50,17,93,20,47,16,95,80,37,44,50,44,94,10,96,16,65,38,69,78,77,5,91,8,39,5,60,83,17,81,90,53,100,6,83,37,29,74,31,68,10,99,6,80,49,86,66,98,29,77,50,49,37,66,95,49,67,45,45,27,20,74,69,44,47,30,44,8,18,0,96,73,68,54,40,82,39,0,75,27,74,37,3,80,65,59,35,74,5,63,7
85,46,67,95,44,67,84,53,47,1,39,70,36,6,45,20,7,43,95,19,88,63,60,23,80,84,84,61,7,41,13,55,18,70,36,98,64,45,33,35,72,81,70,82,14,34,42,87,99,63,30,96,37,49,52,0,9,10,100,89,34,22,2,81,48,62,28,11,55,7,40,78,25,21,33,98,23,47,39,85,79,78,96,54,17,32,4,27,3,33,56,4,65,53,20,50,37,9,33,22
28,31,89,86,30,80,33,38,41,35,14,89,62,100,75,90,77,1,26,89,55,37,64,84,84,73,63,53,55,12,82,43,79,95,81,1,14,48,74,3,2,85,30,71,89,76,8,97,53,50,68,65,11,36,89,61,90,69,91,66,84,87,35,61,8,41,14,29,43,87,11,60,72,1,99,92,44,89,55,72,76,22,48,34,58,44,9,28,74,45,74,19,44,40,94,51,12,58,8,89
48,28,66,86,24,11,35,65,61,19,97,100,35,91,53,37,48,94,47,34,37,55,12,74,19,72,52,79,50,52,74,17,70,8,84,45,39,5,21,23,12,100,75,15,61,58,10,16,60,96,68,45,72,37,93,29,44,86,49,28,42,20,97,21,55,12,5,57,98,75,5,67,29,50,3,92,51,10,1,17,54,49,23,61,47,25,16,34,29,27,65,88,68,64,59,10,33,60,10,16
46,96,80,15,48,32,28,16,7,49,29,99,56,11,93,97,99,44,44,39,42,27,9,11,98,27,35,17,23,56,29,49,10,79,32,43,2,38,69,42,0,46,37,26,31,15,95,55,65,75,56,64,100,41,37,40,37,50,69,9,97,52,8,54,56,77,22,30,22,2,72,3,33,66,14,58,33,83,62,78,97,67,64,54,5,49,61,69,2,62,17,11,7,32,78,87,41,79,3,54
71,58,11,38,81,78,36,11,62,47,29,49,35,20,96,27,90,34,23,16,65,84,28,78,12,45,1,46,97,69,24,32,25,95,5,61,21,0,48,61,13,86,79,64,100,72,93,56,86,79,11,66,11,90,6,93,70,32,43,69,64,31,51,20,52,38,60,81,17,31,75,43,86,4,87,14,59,85,81,12,32,31,7,32,56,6,27,37,35,92,67,72,63,15,83,74,13,53,34,2
75,29,22,31,44,67,36,11,64,47,89,70,64,18,57,45,90,68,82,4,59,65,11,15,100,44,82,90,10,24,61,90,36,19,79,99,41,12,24,66,55,20,31,52,48,53,47,83,47,0,13,98,8,96,64,31,77,33,63,23,76,40,43,45,44,55,6,90,44,72,72,84,93,4,37,41,6,4,29,20,33,98,82,62,90,54,3,58,52,25,68,28,42,39,54,90,38,94,34,43
23,72,25,90,83,3,29,13,92,96,10,26,52,4,78,59,18,90,47,33,4,52,37,8,33,30,79,62,66,4,37,43,75,71,51,9,35,77,45,45,88,12,70,63,76,73,92,73,44,8,92,18,70,45,79,50,38,62,74,52,41,57,71,49,28,92,50,69,22,30,10,89,62,54,58,9,46,71,9,20,93,0,45,76,12,85,88,39,3,7,93,62,87,29,79,8,42,67,21,43
55,79,8,68,83,27,23,15,75,87,93,85,81,16,59,75,3,34,4,97,45,70,84,8,94,59,45,86,24,42,13,62,2,46,92,7,4,57,18,60,60,63,48,98,56,19,25,93,45,24,96,30,18,32,28,36,18,9,79,0,88,90,62,32,21,54,86,16,8,51,30,35,81,24,28,51,60,62,11,10,39,9,70,87,1,33,11,50,28,37,82,12,67,61,37,77,77,10,93,40
96,2,2,11,41,94,24,45,6,11,70,14,23,58,25,96,24,61,40,73,69,15,58,25,20,79,91,2,98,77,84,91,7,11,62,82,79,46,72,27,12,5,93,80,53,87,40,20,9,0,75,18,76,10,44,31,37,55,40,99,72,52,75,3,38,92,42,26,1,81,44,67,20,1,75,39,74,36,69,44,43,34,16,85,0,66,25,87,54,96,15,49,84,15,64,36,38,11,51,95
64,65,59,23,1,61,83,11,74,89,16,68,86,20,61,7,21,100,98,43,49,40,70,51,25,92,100,93,35,19,48,79,81,88,88,48,77,77,62,79,72,53,36,67,67,29,67,66,12,32,55,26,14,67,27,67,38,56,32,92,93,53,38,64,63,45,32,64,57,4,74,90,58,81,47,38,44,79,59,34,74,53,79,6,64,95,81,16,5,92,39,79,77,32,8,96,37,55,51,50
27,30,72,66,37,21,25,75,76,98,45,71,1,62,38,51,98,50,6,75,18,21,34,86,23,95,57,59,66,51,43,51,68,80,51,66,29,65,84,48,84,25,86,100,22,64,41,43,76,59,60,35,16,36,16,36,90,32,24,41,56,1,81,81,91,22,21,37,68,54,15,26,58,12,6,64,90,4,13,3,91,5,62,2,88,90,25,11,97,43,37,65,73,85,34,46,70,24,79,60
85,45,25,37,33,76,38,55,35,31,37,44,22,60,67,56,83,35,85,57,11,98,68,3,26,3,19,89,17,11,59,18,58,41,72,41,84,76,67,70,6,66,52,71,5,1,9,38,68,1,58,20,97,29,6,39,80,63,91,69,0,34,74,24,27,88,47,86,5,25,53,11,19,3,12,88,23,76,76,51,66,53,41,14,71,60,65,82,72,17,72,21,85,92,41,98,85,41,91,91
35,81,51,24,48,43,93,63,49,21,33,100,84,69,49,44,39,38,16,65,83,11,63,45,87,88,34,65,54,18,44,13,88,64,51,91,13,57,24,97,9,30,18,3,64,33,22,67,46,91,42,58,4,67,58,68,49,25,46,65,3,20,26,69,77,21,27,62,86,50,37,83,60,55,62,52,30,88,80,94,65,45,75,5,32,39,17,83,4,97,5,87,98,87,95,2,23,54,43,87
23,95,34,46,48,86,62,76,96,52,65,25,1,64,83,70,89,63,42,41,6,50,50,15,15,73,10,96,19,86,23,13,90,75,18,90,23,54,12,57,83,78,100,87,89,71,53,31,8,13,65,49,3,26,71,28,98,62,10,81,100,13,85,29,86,30,9,45,51,86,80,97,99,66,77,25,35,97,19,97,91,43,7,96,19,16,22,47,25,96,46,72,45,42,38,20,37,55,57,79
60,49,66,55,27,17,79,46,1,48,79,86,78,66,36,51,64,3,63,11,33,40,68,97,55,76,65,32,21,77,68,44,67,33,30,63,50,19,58,95,47,48,66,73,12,49,98,19,42,28,0,55,61,26,94,39,62,98,20,68,15,86,41,30,20,54,54,85,78,65,56,85,86,87,8,41,97,96,79,7,18,18,25,12,85,70,94,8,46,96,12,94,44,46,91,5,22,89,77,82
50,70,72,13,94,83,80,53,88,80,26,94,93,63,33,7,93,95,57,58,79,32,46,85,56,39,29,59,31,7,14,82,50,1,96,62,19,33,59,3,70,24,39,55,18,65,49,70,27,11,11,29,10,29,58,42,15,83,16,46,87,22,48,42,4,84,25,76,22,69,21,62,47,4,40,49,37,81,71,65,88,80,74,22,51,40,96,31,31,88,1,1,11,31,2,47,64,27,90,93
43,57,28,26,72,15,9,27,16,86,66,19,5,85,29,90,28,40,40,44,28,31,11,47,39,71,21,25,19,89,21,60,74,88,52,76,23,30,83,58,68,5,43,90,91,83,65,55,11,81,86,99,7,15,55,59,4,90,82,97,63,50,82,38,27,97,49,87,35,15,45,99,1,60,90,16,54,93,94,79,54,40,76,91,26,84,28,37,29,78,99,17,82,40,7,99,29,86,70,80
40,94,11,43,67,69,66,91,38,97,39,3,69,11,39,27,92,32,33,19,89,77,10,25,72,43,64,58,26,39,49,76,44,61,19,99,86,0,58,95,70,54,29,33,3,69,39,53,18,19,10,13,87,0,89,24,39,47,85,100,5,8,93,65,80,87,96,76,74,0,25,60,60,9,7,81,56,91,70,80,76,86,75,59,80,75,11,66,33,26,79,89,6,10,17,54,76,100,13,97
63,81,20,61,35,12,22,32,17,1,70,43,44,21,11,66,45,13,61,53,21,17,51,7,8,80,70,92,92,58,22,96,70,19,0,92,12,91,99,27,25,59,44,49,10,49,81,12,56,95,92,85,68,2,60,91,4,42,61,14,70,14,13,44,70,63,75,62,97,45,78,38,27,39,15,26,0,74,71,67,1,9,9,62,20,79,26,53,14,8,86,65,55,42,99,65,10,13,0,59
97,30,57,5,94,6,36,70,4,4,86,20,26,91,31,16,11,28,96,95,9,31,7,95,72,59,85,10,59,57,92,69,64,74,91,56,85,71,47,22,64,78,56,22,26,94,26,93,20,30,71,45,11,10,1,12,73,50,10,94,6,86,17,98,85,95,37,71,4,22,14,24,73,75,6,80,52,64,31,2,34,9,95,2,84,99,84,33,2,71,32,11,65,28,31,42,68,39,90,20
4,72,55,80,67,23,60,2,42,24,30,43,47,34,16,73,78,53,66,72,100,76,65,31,49,99,3,88,100,100,88,19,99,2,71,14,87,93,38,78,16,90,52,55,79,56,19,4,19,77,57,81,18,36,92,25,62,48,60,95,11,71,32,6,63,52,0,15,6,57,40,39,2,56,81,62,10,88,79,78,70,8,69,31,20,54,44,72,2,49,70,56,69,90,39,7,94,44,100,14
91,74,77,52,50,2,48,81,22,51,69,66,74,47,83,50,17,75,64,71,68,88,28,86,91,89,2,9,92,37,23,18,55,19,84,7,99,95,30,27,54,73,32,99,78,54,96,66,1,68,26,13,82,91,53,31,63,100,91,70,41,23,47,77,75,35,68,72,51,51,82,33,5,88,55,79,9,15,40,43,9,100,100,29,98,73,14,27,42,72,21,19,35,40,23,56,21,71,33,61
37,77,77,94,72,22,22,81,95,4,70,87,87,22,100,70,22,57,91,23,21,74,66,51,100,92,36,71,63,8,76,37,15,67,88,89,15,89,33,52,22,42,8,34,36,83,17,47,81,74,73,52,39,98,51,99,16,6,0,29,32,43,20,40,94,97,1,48,60,62,93,29,72,25,36,40,0,3,34,33,63,47,74,3,16,77,49,41,70,26,96,63,80,79,76,73,41,74,31,90
28,96,97,20,26,11,34,43,80,53,70,36,25,89,87,81,53,57,84,60,87,58,54,82,61,41,0,94,68,16,67,62,18,71,53,1,44,82,81,79,74,47,18,63,19,35,91,43,22,5,14,50,21,52,20,58,7,27,12,67,90,22,94,38,54,43,8,66,41,52,92,44,51,57,35,98,45,11,59,42,54,15,43,42,42,74,56,86,1,79,51,72,26,20,12,56,3,68,22,63
53,51,35,24,81,3,8,60,56,89,35,24,25,62,43,49,95,35,52,93,41,2,6,57,36,86,99,57,31,92,12,77,44,49,49,54,36,40,44,26,39,100,80,97,47,12,73,55,58,66,15,41,92,41,4,72,70,78,61,90,65,80,23,4,82,3,64,41,85,100,36,0,44,70,22,46,7,16,80,21,98,99,8,3,8,71,19,97,2,20,25,41,46,20,58,28,18,14,33,62
38,43,67,61,40,47,52,7,40,51,83,6,13,53,55,88,80,12,33,34,12,40,34,81,41,61,100,79,38,65,91,18,18,59,87,82,42,84,31,60,30,79,43,98,12,39,76,40,34,29,8,28,94,92,92,81,0,36,66,81,57,93,34,0,20,26,63,24,88,60,19,53,67,74,7,17,90,39,66,34,78,17,5,78,63,64,21,25,28,57,60,31,18,66,94,75,20,30,88,66
54,96,25,70,41,50,42,72,6,80,78,8,10,39,29,32,89,98,95,67,64,36,5,57,60,65,79,76,59,88,71,20,71,97,3,5,90,9,100,88,18,17,55,56,46,70,29,72,83,14,54,42,26,48,20,63,87,14,53,100,54,6,60,36,100,57,53,36,84,2,43,0,16,68,63,46,36,76,97,30,38,28,21,22,41,52,11,85,63,13,56,93,31,97,53,60,7,39,27,43
74,86,15,38,44,81,96,62,9,65,62,78,14,1,29,37,27,78,16,70,48,64,22,25,92,13,79,52,19,28,37,74,84,42,46,33,88,5,68,14,92,7,35,24,58,5,30,32,29,79,98,29,61,90,85,90,99,84,91,87,8,53,84,100,18,76,35,81,2,2,38,97,69,7,26,16,4,93,28,82,37,35,32,90,64,87,69,21,96,24,13,14,17,72,80,10,91,29,96,60
74,71,76,80,91,73,48,90,93,74,3,16,10,43,27,46,81,18,40,37,51,27,26,72,97,30,84,4,22,33,38,20,39,8,2,7,61,43,16,68,94,69,89,66,14,20,28,3,10,78,17,82,26,24,93,78,36,80,65,74,68,47,71,84,29,63,56,56,37,67,51,21,56,2,35,16,63,70,33,21,80,44,13,89,3,27,68,72,53,41,69,76,25,40,91,76,13,26,2,61
79,84,13,91,78,80,73,97,0,3,61,12,29,58,62,42,24,80,79,100,27,23,5,17,11,34,100,14,11,31,73,9,76,99,81,0,17,97,86,30,56,54,51,86,69,65,50,66,8,15,98,75,10,42,35,80,94,35,19,45,50,83,36,1,59,66,80,48,58,86,84,35,72,97,50,27,17,56,98,49,96,59,90,65,85,55,79,95,42,74,94,16,89,59,66,73,29,60,98,23
79,75,30,30,24,47,48,34,20,10,66,42,21,46,67,32,66,50,95,51,62,76,13,52,53,76,89,37,97,6,56,89,33,21,69,98,28,5,0,61,20,16,77,54,18,32,95,59,64,73,41,8,50,15,40,65,27,90,88,93,34,24,79,79,72,76,92,91,80,60,18,91,48,94,46,53,64,61,67,51,48,22,88,75,8,9,2,63,31,76,57,94,29,13,66,25,39,9,34,93
80,45,62,99,85,25,16,61,65,96,91,26,9,82,77,71,60,47,32,69,76,16,40,3,43,26,99,71,58,43,48,14,79,32,17,81,31,94,3,94,81,26,82,79,36,68,35,61,0,83,92,57,79,22,59,7,54,8,79,33,95,33,13,57,38,64,64,70,26,37,72,25,49,26,18,25,21,89,64,54,12,57,82,48,75,41,8,9,11,68,54,99,9,23,22,19,95,45,43,98
5,70,86,87,35,83,24,68,80,97,81,59,36,85,93,71,29,46,54,73,15,60,51,41,40,89,68,95,55,64,72,36,71,65,7,60,46,7,24,85,69,58,2,54,85,99,90,38,36,6,84,86,98,93,39,54,15,47,88,48,2,47,57,0,54,73,11,97,97,98,20,64,51,48,12,80,6,1,77,69,47,49,46,21,50,96,0,83,67,4,60,61,33,38,69,54,96,44,5,15
29,41,25,43,6,51,88,17,27,76,37,23,2,60,85,73,45,78,6,22,74,96,60,35,80,85,75,34,64,66,8,58,55,36,3,22,97,77,62,63,21,32,20,86,88,65,65,82,2,32,28,51,73,39,90,21,51,16,87,36,88,91,67,97,9,46,62,85,24,87,25,21,8,65,34,84,33,6,8,93,62,76,59,9,31,24,24,77,42,76,34,26,28,36,88,18,53,9,76,79
60,6,98,71,75,68,93,61,2,85,15,24,25,81,1,71,59,80,94,92,95,92,34,37,76,35,98,64,16,83,77,31,41,84,100,59,99,23,85,97,89,31,68,46,83,24,48,1,43,82,86,90,54,72,39,26,1,68,36,20,12,57,6,25,6,54,20,61,52,1,42,45,96,93,68,4,46,22,10,51,29,95,42,0,50,90,14,37,89,0,16,7,64,49,20,2,27,29,34,41
82,69,99,66,26,76,41,7,70,36,41,31,54,84,49,41,51,30,79,55,20,97,34,18,18,41,35,19,47,51,49,99,48,2,83,7,43,0,87,66,29,32,27,65,64,29,74,94,5,66,6,74,92,63,13,77,33,11,54,74,61,79,39,98,21,63,1,76,6,31,46,26,87,5,55,38,39,5,37,72,72,21,14,94,97,13,3,49,59,63,9,14,84,79,47,1,71,85,72,17