52,57,35,31,85,55,76,85,70,25,7,47,32,39,29,9,71,93,13,41,75,48,31,35,53,43,18,25,67,44,45,54,76,3,97,4,37,65,40,26,12,7,87,57,81,80,5,55,4,73,67,20,100,68,29,73,11,11,24,40,32,66,38,18,5,73,16,54,10,93,13,81,40,73,39,47,40,18,84,50,34,25,98,51,45,28,77,16,63,71,34,20,46,55,70,23,99,68,51,71
53,13,17,20,59,61,24,55,49,51,86,77,89,63,93,46,24,47,30,48,87,87,76,97,45,63,48,32,63,30,38,42,36,64,68,34,27,11,94,0,48,3,85,6,91,2,61,30,92,69,82,31,38,69,45,78,15,0,66,47,68,44,74,34,92,21,80,1,4,81,85,80,81,26,31,3,19,100,20,68,32,13,45,41,17,84,79,7,24,12,37,14,79,7,2,53,27,35,80,6
88,8,68,0,50,20,25,25,16,50,51,71,18,75,83,59,93,60,53,34,74,41,23,67,27,15,48,24,42,47,7,63,8,100,37,65,85,47,74,52,83,30,28,19,34,52,100,99,96,24,35,42,8,23,3,80,43,30,75,98,64,71,34,12,89,76,80,37,12,14,29,1,83,8,93,6,91,84,4,100,80,55,87,78,54,98,47,93,20,79,80,58,0,15,89,100,38,18,38,19
94,93,18,4,51,62,45,94,8,60,83,82,8,1,35,34,45,25,42,49,65,1,60,19,38,31,63,8,76,92,96,38,94,93,91,56,57,83,48,74,21,31,50,3,63,39,3,44,22,15,16,98,20,66,15,18,74,29,6,66,80,51,90,13,9,60,54,64,94,76,7,14,42,54,60,52,18,45,54,5,16,6,77,8,18,22,76,54,7,46,37,16,42,42,29,67,75,94,56,80
44,19,44,96,24,23,89,24,21,75,52,51,11,38,31,82,87,22,58,46,24,41,35,68,23,84,70,87,39,70,35,20,31,98,33,66,60,55,15,21,95,8,42,53,36,46,36,38,65,89,19,35,41,36,50,50,31,33,66,62,37,7,64,15,53,56,84,38,61,75,24,2,30,67,66,16,57,93,11,65,30,69,4,48,97,46,80,30,28,27,92,9,95,76,55,46,94,3,32,21
39,60,3,61,39,70,55,3,44,27,50,57,59,41,77,36,9,9,59,75,29,53,18,1,25,90,26,26,2,45,6,25,93,78,40,70,97,49,100,22,99,43,27,74,13,28,5,93,51,17,40,37,1,87,52,24,5,64,7,51,57,7,1,28,9,24,36,92,32,16,3,68,83,46,67,28,83,4,89,69,37,9,42,35,50,54,39,70,87,20,95,38,38,51,31,67,82,19,67,63
23,74,29,67,63,38,77,22,0,65,23,44,76,30,4,22,81,54,15,30,72,16,30,71,96,68,46,42,91,1,17,30,41,49,43,99,38,57,83,97,86,62,19,35,52,33,55,60,35,22,73,12,66,63,65,78,49,4,2,84,25,44,61,58,21,93,13,23,72,84,15,81,78,88,48,23,53,46,4,51,95,45,19,44,37,17,24,34,51,59,40,96,12,91,100,47,60,36,18,33
63,29,74,99,87,17,97,55,96,12,81,47,88,2,82,48,97,33,34,16,53,46,48,30,53,21,60,41,23,63,44,31,87,14,59,9,80,28,63,40,59,77,33,55,82,51,1,4,86,60,74,12,8,78,35,94,57,84,94,20,91,38,86,91,61,23,39,12,78,90,33,97,89,89,50,54,20,7,93,45,22,3,47,61,32,51,86,27,51,81,41,26,48,31,17,19,88,81,25,71
74,32,78,38,19,30,63,44,1,33,90,86,10,98,29,22,67,70,46,74,21,24,93,3,21,65,30,14,59,75,96,26,13,48,32,8,62,77,91,5,84,84,0,51,68,59,76,93,55,93,37,32,97,62,32,71,82,13,4,4,60,64,45,84,83,66,13,42,12,77,70,30,39,17,35,86,9,9,8,42,32,99,0,78,93,73,98,82,7,2,14,60,92,9,35,50,41,89,49,3
61,85,44,52,99,43,62,79,13,70,82,6,62,13,78,63,26,87,27,62,25,55,48,81,80,49,0,61,50,4,51,66,4,18,11,26,48,92,0,2,24,64,7,87,35,8,37,14,52,1,6,56,50,62,100,91,79,1,62,74,39,77,78,86,35,65,0,34,32,91,18,17,61,66,59,92,49,32,57,90,6,4,47,50,8,49,59,65,96,17,0,19,91,43,64,97,85,58,17,99
25,30,90,24,13,18,44,22,95,92,42,83,26,83,53,89,71,46,11,92,44,95,3,54,4,79,11,39,68,54,100,79,74,97,94,77,5,41,55,22,2,48,24,44,81,21,61,11,66,6,63,70,41,69,96,63,10,2,14,55,89,56,19,64,17,68,62,92,17,45,42,97,2,1,26,9,71,66,29,37,48,56,86,50,45,68,67,7,42,43,50,50,59,10,51,75,88,81,54,55
72,59,33,76,57,73,79,31,56,42,23,62,99,97,88,6,68,66,28,22,61,54,76,96,29,5,37,75,13,40,39,44,92,46,88,87,57,59,19,3,14,55,83,23,88,82,48,41,67,63,68,12,26,84,86,62,38,50,49,78,45,4,7,55,16,13,76,32,19,3,80,31,59,48,86,45,100,17,81,71,23,51,64,24,70,89,21,18,30,54,6,41,41,55,75,70,33,67,67,44
38,62,75,24,83,41,45,30,50,70,47,9,69,49,98,92,30,42,99,72,45,62,79,42,32,6,15,55,97,48,21,63,79,94,15,59,15,36,10,42,5,9,61,41,55,33,79,5,94,70,19,47,46,99,4,29,96,60,10,68,30,42,2,9,67,72,56,75,41,23,81,42,33,63,86,66,83,21,87,54,4,52,13,81,69,21,13,16,60,97,55,24,30,98,17,13,40,57,68,3
49,36,82,7,5,21,98,35,40,96,81,20,90,100,84,42,69,0,93,42,1,88,30,25,51,47,72,65,49,83,75,34,90,67,67,1,48,21,6,72,73,73,58,7,6,93,36,42,72,34,45,37,55,52,59,32,76,58,88,44,30,68,88,83,35,15,74,60,46,93,43,29,87,30,78,60,20,50,10,1,19,4,29,65,89,0,71,44,63,3,69,56,73,7,55,66,12,73,6,71
98,46,21,43,83,75,94,10,1,8,89,10,65,68,65,24,79,75,83,40,94,5,54,33,44,68,3,100,59,90,53,86,57,93,89,100,29,98,89,4,62,41,98,95,77,71,43,73,23,23,10,76,11,81,52,39,94,75,41,66,26,24,95,6,19,9,84,21,73,17,63,48,53,29,75,30,80,82,43,32,44,65,85,32,40,25,48,56,76,99,6,55,22,18,85,12,3,85,29,12
23,13,77,75,22,48,4,53,88,2,63,38,32,40,10,85,17,77,50,26,45,72,16,42,90,19,75,85,72,27,71,56,88,90,2,77,98,73,96,15,42,34,90,38,50,24,53,43,68,50,21,52,67,94,37,82,35,67,52,95,65,100,25,61,29,66,45,79,59,99,51,93,55,39,89,65,65,57,7,73,29,9,20,59,63,86,13,73,91,93,31,61,61,94,71,33,1,50,26,5
28,36,65,83,12,13,49,66,65,72,67,23,31,45,28,67,82,62,8,60,99,24,73,13,28,99,42,63,19,12,44,77,37,67,37,82,40,83,100,99,63,8,73,88,61,30,59,7,57,33,86,34,29,97,54,25,27,70,59,9,24,87,37,85,13,82,10,13,61,32,0,68,82,86,96,74,21,5,50,42,56,35,43,52,13,34,74,74,3,83,0,75,100,53,49,68,47,55,88,37
78,94,24,43,58,11,86,1,12,71,57,39,57,28,40,95,41,33,78,39,59,25,88,61,7,98,42,88,45,8,57,15,95,59,63,2,37,19,57,58,37,59,91,79,4,4,4,89,69,32,11,86,86,89,53,60,87,46,36,79,20,6,64,78,72,57,74,7,79,17,74,39,81,2,71,51,22,0,27,50,30,19,67,5,39,84,21,1,15,7,57,43,44,38,49,85,50,50,98,79
17,71,74,87,60,24,12,81,21,93,50,82,81,77,42,79,64,64,65,25,19,96,36,50,80,31,85,44,94,39,34,63,45,87,66,24,70,36,10,100,92,15,54,80,55,26,46,42,77,28,85,93,19,40,90,64,68,87,32,71,74,97,14,67,79,99,89,59,57,39,39,25,30,11,11,90,77,91,35,46,19,33,29,26,18,23,13,78,61,93,83,12,29,27,91,38,40,85,58,28
1,74,56,10,27,23,72,98,14,85,10,5,50,2,63,56,70,56,34,53,79,41,35,49,91,31,45,28,58,25,38,19,50,0,34,92,15,4,99,10,22,49,42,49,59,92,60,5,70,64,85,42,34,46,48,31,96,18,43,1,86,5,23,29,61,66,35,34,17,27,21,70,12,93,4,73,1,62,5,66,30,84,14,81,98,100,38,94,70,49,59,18,50,100,10,37,88,50,9,45
100,73,18,25,47,77,91,100,4,62,62,71,47,87,22,96,38,79,19,7,62,40,34,66,14,34,95,59,57,0,62,7,32,87,82,61,67,14,7,8,100,49,84,100,100,74,54,47,44,53,68,1,80,84,36,87,35,74,99,68,52,10,81,35,41,2,2,72,79,70,57,36,28,1,54,12,42,84,52,48,35,55,36,58,36,3,19,86,63,58,93,82,10,11,36,50,94,51,78,1
71,56,98,43,96,80,59,23,59,99,54,81,24,15,40,47,70,41,62,0,28,80,41,55,14,4,70,81,47,17,5,45,48,1,37,66,24,70,78,73,62,71,40,2,47,19,71,1,87,39,90,53,35,40,91,35,40,45,4,88,12,87,75,69,92,62,67,92,31,31,4,38,66,75,46,15,45,53,100,92,5,25,42,26,25,4,33,37,55,54,53,86,24,27,54,61,25,23,9,86
96,72,80,67,79,89,47,41,54,69,73,74,72,80,85,71,35,47,92,84,77,12,38,32,17,78,6,63,12,92,71,12,72,92,87,44,89,47,89,66,31,11,0,25,20,6,36,62,96,21,73,54,11,51,33,25,16,52,76,30,5,65,1,4,79,7,70,79,11,83,52,24,70,5,39,94,41,67,13,92,47,17,14,9,66,91,96,35,52,66,60,3,10,21,92,87,78,86,50,67
35,16,1,53,54,28,12,77,100,64,34,41,76,25,20,16,42,12,8,69,36,72,14,21,64,11,89,56,19,62,23,86,0,23,1,25,64,30,0,24,83,83,39,40,79,68,12,50,98,92,32,47,19,61,57,27,56,52,69,82,91,85,100,66,6,12,51,18,58,86,51,83,54,86,86,1,65,65,6,71,50,7,93,47,56,86,71,44,64,29,47,65,65,88,55,3,34,40,84,55
39,62,36,37,18,71,90,96,31,79,52,84,62,40,30,9,8,51,56,15,92,0,23,61,90,34,88,72,94,99,48,10,27,4,1,92,16,94,83,33,1,22,43,42,13,57,34,33,25,34,90,59,81,57,39,9,93,91,31,59,35,50,19,26,77,3,90,75,16,29,44,73,96,33,23,75,17,23,97,16,0,48,20,42,12,99,7,7,48,29,43,42,47,22,63,48,46,18,16,91
26,6,39,37,57,99,56,61,86,8,33,74,44,25,4,22,89,55,26,30,39,81,3,76,92,39,8,16,29,72,27,25,60,15,41,94,81,16,28,40,7,54,42,58,23,11,47,56,32,80,97,10,43,30,84,54,49,68,41,26,47,25,63,71,0,53,25,63,16,34,82,97,48,35,57,94,49,34,33,87,12,12,31,40,82,6,77,60,54,94,57,45,84,59,11,57,86,25,51,31
15,41,62,68,51,82,82,23,91,29,11,84,60,8,65,22,48,0,3,31,68,0,10,0,95,19,8,95,68,95,54,97,43,97,91,49,24,31,44,76,64,14,23,49,40,50,72,48,17,71,74,59,91,77,20,93,5,78,38,99,44,94,32,57,68,12,18,11,20,47,16,30,67,68,65,79,82,20,64,88,39,20,64,3,36,22,60,77,82,97,47,89,82,84,30,45,96,27,44,15
49,21,66,30,73,62,14,44,10,71,50,83,63,87,48,80,81,15,10,30,80,44,69,33,90,11,67,65,93,65,84,38,5,84,30,79,46,40,1,72,79,73,46,91,32,36,43,15,66,13,30,47,23,39,68,35,32,45,82,70,60,8,9,59,40,45,57,92,76,12,62,7,37,49,52,74,88,85,75,94,63,22,54,50,71,96,18,1,60,45,1,45,63,17,72,53,65,7,57,53
93,55,56,1,70,66,61,14,9,22,74,82,1,12,39,63,34,71,56,100,89,63,54,91,81,73,43,94,97,49,33,92,60,8,76,95,98,9,22,45,10,71,59,7,26,57,59,87,8,40,43,23,16,51,36,63,50,67,90,19,17,6,100,58,46,44,39,51,42,43,74,38,12,53,69,10,65,0,6,80,42,60,6,9,56,3,80,53,70,77,28,95,18,48,95,28,7,86,32,4
6,70,57,55,33,28,28,41,37,69,81,59,1,48,1,100,47,76,75,49,5,74,46,77,6,7,97,65,6,89,36,100,4,13,4,75,53,79,39,87,2,92,42,84,64,8,27,25,13,70,16,6,93,100,77,24,73,19,33,49,49,2,52,14,95,65,45,72,13,62,20,11,33,78,93,24,27,35,12,26,92,17,83,44,6,16,86,66,0,20,75,16,43,61,72,94,1,30,7,43
50,71,99,5,32,58,53,55,37,11,4,42,78,89,92,97,20,40,26,89,36,46,50,13,1,35,20,6,74,87,94,13,35,29,85,46,56,65,39,68,14,67,49,21,63,64,28,60,42,80,68,69,24,19,34,37,6,46,39,21,96,82,17,48,94,8,15,8,56,53,11,71,75,25,67,4,82,63,76,91,79,32,71,90,16,96,27,20,96,75,57,69,97,18,93,43,66,87,25,93
8,99,41,60,71,37,90,59,56,81,13,23,8,60,48,2,52,2,77,24,38,58,41,26,28,100,20,30,61,24,86,97,55,7,20,8,38,29,57,7,36,64,55,50,84,23,59,14,83,11,10,68,16,66,23,71,18,8,33,62,20,19,85,65,44,82,10,88,28,12,26,18,97,66,78,55,34,82,4,25,24,49,42,27,43,68,16,37,21,50,23,78,78,52,81,36,7,67,90,25
84,33,49,78,44,23,20,20,92,39,3,10,76,34,1,65,73,86,46,89,70,10,77,44,79,35,28,47,66,15,29,3,94,24,84,56,42,69,87,61,46,65,50,73,22,55,53,61,59,18,53,89,18,78,6,84,15,15,84,40,61,7,60,76,12,87,92,72,52,96,1,80,32,36,41,59,11,72,11,6,90,70,65,11,3,96,14,50,18,15,82,20,93,31,18,98,13,57,85,40
62,1,75,6,78,30,60,54,12,9,53,76,64,95,21,11,28,48,62,96,27,81,92,20,25,30,30,96,55,12,47,35,7,53,48,48,5,56,76,4,35,69,44,89,85,72,57,10,2,95,20,78,20,18,41,88,91,38,78,12,53,80,25,33,11,90,42,1,38,43,22,44,51,8,76,47,82,98,41,83,52,51,12,31,11,11,28,99,85,86,72,93,55,76,20,12,81,20,85,50
93,88,5,82,91,60,83,43,85,99,88,13,75,39,43,18,45,23,25,45,8,38,57,1,44,29,88,80,61,50,25,11,57,91,84,49,23,89,32,27,47,38,87,43,22,53,4,14,82,74,98,18,70,1,85,86,63,54,76,45,71,39,54,19,27,99,24,52,5,94,88,6,52,29,30,38,60,46,42,3,27,91,52,81,67,79,46,61,30,1,93,32,35,22,67,80,47,4,58,38
94,36,2,24,93,65,77,28,43,16,57,73,38,58,68,41,82,94,39,11,36,74,100,53,49,85,4,36,38,27,77,73,58,69,29,25,32,34,25,85,37,76,76,35,47,69,74,82,70,92,53,61,53,68,92,35,3,15,58,22,5,29,75,67,40,33,53,95,25,16,75,11,5,40,44,87,42,34,2,30,27,45,62,38,94,30,3,90,19,71,22,54,75,75,32,9,73,8,39,72
30,60,7,75,85,75,58,22,65,7,45,95,14,37,40,27,31,6,41,89,55,87,41,90,40,19,22,20,47,82,81,78,92,15,3,86,58,0,93,39,63,91,27,54,85,98,78,0,89,97,88,53,79,79,74,85,14,19,32,6,31,90,27,98,95,53,99,79,39,92,45,70,67,15,82,62,7,36,59,79,8,41,32,95,47,88,7,65,30,38,54,6,55,28,99,86,31,73,16,67
70,87,96,25,3,88,58,90,25,72,11,63,57,18,5,29,58,68,49,42,11,22,39,37,75,30,86,27,12,81,66,61,44,70,54,34,76,7,3,30,66,47,19,31,10,50,19,89,6,14,98,37,99,58,45,37,48,7,2,70,73,4,66,21,4,19,87,74,78,85,77,65,15,38,42,58,71,27,61,17,0,100,5,43,79,10,73,33,94,60,92,45,55,45,91,69,64,54,15,1
59,37,37,14,91,88,21,44,31,5,25,42,35,27,22,42,83,24,31,12,70,49,29,58,15,48,86,5,12,89,31,64,96,21,32,3,32,28,18,66,31,70,54,31,4,0,87,85,74,31,50,13,58,64,72,70,49,85,44,95,60,31,100,5,98,8,58,31,82,47,79,42,12,59,28,48,48,87,38,79,65,17,34,67,88,6,59,87,70,82,12,35,35,81,50,59,80,40,85,100
95,97,54,38,17,2,76,1,68,28,70,42,89,73,86,68,64,33,94,25,60,16,8,39,13,86,12,24,56,1,21,64,85,42,91,21,80,2,84,36,16,34,82,11,91,96,69,9,78,16,73,38,2,35,97,7,70,50,92,12,14,92,96,1,5,45,37,10,61,45,44,39,50,67,50,93,39,18,80,86,98,37,41,19,11,66,86,99,13,43,41,62,69,44,74,10,11,72,5,21
28,80,27,79,69,27,67,24,9,43,48,86,12,68,62,7,17,78,79,38,98,58,54,94,41,26,38,57,72,47,62,36,81,100,24,92,51,97,88,31,6,62,53,86,49,45,29,9,17,42,23,65,11,87,79,99,57,11,25,58,96,67,70,24,6,46,48,9,33,4,41,61,29,98,73,41,91,56,53,46,73,48,99,80,79,19,63,37,49,37,3,13,80,63,30,23,55,70,69,50
81,82,56,8,80,51,54,60,38,80,65,95,22,28,56,100,11,12,94,8,76,76,52,13,61,92,73,60,74,57,31,64,55,36,60,8,36,58,28,77,78,56,78,90,12,21,70,97,37,66,62,42,5,64,73,67,19,18,81,1,20,71,24,57,53,74,4,8,8,92,72,35,43,73,21,45,20,87,77,29,26,84,18,96,69,34,51,45,22,64,28,11,33,71,95,28,90,40,32,40
90,53,100,70,80,5,37,0,62,33,60,33,52,86,5,70,11,88,25,44,76,42,69,74,22,78,66,83,32,6,68,56,36,21,71,31,34,40,43,69,99,71,11,4,66,59,51,69,36,7,61,45,5,29,1,65,22,49,86,40,25,48,56,90,79,79,6,30,34,29,26,34,39,98,10,52,10,54,55,99,14,77,80,32,66,13,54,4,65,95,43,39,61,92,28,44,13,84,25,30
48,70,3,2,64,70,60,92,54,70,85,75,83,70,18,7,81,0,34,83,14,41,67,90,9,23,43,82,35,9,28,43,36,62,33,48,1,90,9,61,85,63,42,97,21,5,52,93,40,26,76,71,64,44,98,100,0,56,9,27,50,41,29,67,56,65,49,86,4,57,14,18,23,53,76,12,54,46,1,97,76,13,100,46,91,11,11,93,28,39,24,0,90,39,69,12,29,66,82,96
79,26,31,83,21,6,93,41,14,32,61,32,21,90,92,8,49,0,16,98,18,53,90,93,92,2,100,62,34,44,70,31,10,7,95,52,84,77,19,28,2,9,7,13,37,40,61,81,91,88,61,16,62,59,27,65,89,73,90,13,99,34,77,45,23,3,27,4,62,54,40,66,95,8,72,8,37,16,17,5,17,97,73,25,95,53,91,50,57,92,21,78,83,100,81,74,4,94,26,22
8,92,53,14,41,63,14,81,14,28,69,76,47,46,100,21,5,57,17,71,74,19,50,93,65,72,37,32,36,28,63,11,7,58,12,66,22,60,20,29,30,12,38,85,52,29,19,29,86,54,51,34,67,24,56,41,85,64,39,73,60,1,28,95,19,67,98,54,28,1,74,34,6,21,76,28,22,47,73,55,13,20,23,42,49,71,46,77,92,78,49,26,63,96,50,55,61,22,17,56
44,76,83,51,98,11,1,24,82,60,45,99,76,84,54,12,56,96,28,91,96,43,58,87,42,19,18,83,53,16,23,23,97,17,38,23,44,31,65,94,67,97,48,6,93,25,80,80,48,83,75,64,21,2,18,60,61,7,31,56,76,61,31,57,37,21,17,4,76,17,28,81,39,24,59,35,66,8,33,77,43,83,89,58,74,83,41,79,85,13,47,8,70,29,31,66,28,7,64,7
66,43,18,94,40,64,85,93,4,79,95,82,32,49,6,2,6,67,76,47,97,58,10,96,59,90,12,50,38,41,97,100,8,45,70,81,58,74,36,52,93,60,34,85,1,8,64,53,23,59,52,36,4,32,92,56,64,89,4,64,95,1,7,58,22,15,24,19,8,35,87,81,46,83,71,16,32,72,76,8,29,40,32,56,62,50,0,19,55,29,83,52,8,98,67,38,75,94,10,39
37,48,29,14,81,40,58,11,35,56,67,28,52,11,17,85,12,9,13,73,97,79,91,31,47,47,16,56,11,51,47,52,6,62,32,46,85,62,93,67,81,2,88,16,63,23,60,27,81,33,15,94,87,57,17,60,70,2,61,93,15,64,47,30,17,46,54,41,34,20,73,46,23,0,10,23,44,10,4,18,56,91,2,91,48,9,22,47,85,58,74,73,33,72,29,86,75,25,23,25
40,51,89,88,94,7,62,76,1,53,83,32,37,100,87,72,28,73,56,8,17,19,12,59,80,4,4,54,21,39,44,28,77,99,12,13,88,50,62,58,82,73,94,85,20,0,3,70,86,90,36,40,65,67,23,5,16,68,40,59,21,31,6,55,8,76,37,31,25,48,80,7,82,57,62,47,17,39,96,26,66,81,16,3,89,4,13,27,33,61,42,26,99,25,3,16,76,66,25,93
76,21,16,14,86,57,46,80,41,33,82,21,69,65,92,30,46,10,10,95,48,45,9,81,44,69,57,70,90,64,85,99,34,9,70,2,34,22,32,73,66,98,11,35,96,87,12,50,61,29,76,85,68,15,41,13,90,43,69,42,80,31,58,20,87,50,70,32,5,67,63,96,49,70,54,68,83,54,27,49,83,25,25,21,91,0,46,74,50,100,57,18,89,12,97,7,52,65,9,7
49,62,56,97,64,83,98,14,26,47,38,48,48,65,40,1,59,27,67,70,36,10,74,28,94,0,24,4,41,18,95,0,19,95,11,35,90,4,95,59,10,77,13,67,38,100,44,82,29,39,65,33,37,9,37,74,34,27,70,80,79,79,5,2,34,85,67,70,35,33,29,93,31,45,14,35,92,70,25,61,65,25,34,50,84,3,1,81,44,73,29,80,78,97,40,30,77,30,19,80
74,37,100,97,71,80,93,42,98,0,57,89,7,57,84,75,0,84,5,3,83,12,62,94,40,74,42,71,79,68,65,55,42,17,10,77,34,96,63,83,65,52,72,65,31,51,25,35,99,79,91,85,61,9,43,27,21,54,79,7,53,35,53,45,29,78,40,35,6,42,42,88,5,36,30,77,9,82,67,20,75,84,16,26,72,60,74,89,6,74,70,61,82,4,69,72,50,71,53,83
64,69,63,15,95,20,86,87,91,60,93,28,11,82,43,60,95,23,98,17,73,57,31,52,39,94,82,33,22,67,71,22,30,83,62,97,28,22,78,50,45,97,96,82,80,17,10,11,1,22,98,78,52,29,79,98,82,33,59,19,29,18,46,87,66,88,42,92,16,91,44,48,46,64,4,43,46,22,33,39,55,59,80,30,57,52,31,45,12,23,68,91,58,73,69,69,28,11,10,19
80,35,75,67,79,78,38,9,77,37,51,50,84,72,6,33,18,33,94,33,17,4,22,73,75,53,73,20,39,0,72,34,40,29,20,29,95,59,0,99,45,12,46,31,26,80,47,16,90,50,42,43,19,50,32,89,30,23,44,91,16,53,82,60,30,47,88,98,38,57,41,29,62,24,63,29,30,37,20,65,20,50,90,99,84,36,24,43,75,89,74,42,89,83,36,97,51,23,88,1
100,79,59,92,63,22,32,15,68,49,93,94,33,70,43,65,79,37,71,8,17,35,30,56,40,96,47,32,56,30,34,78,66,95,8,7,93,8,6,22,48,35,25,49,85,56,87,63,42,42,13,32,99,5,67,0,35,96,90,5,53,88,5,81,80,83,83,54,41,0,44,92,38,4,66,87,57,13,4,60,63,28,88,68,66,86,93,39,67,63,33,80,80,28,57,23,17,34,1,6
88,48,1,57,80,46,45,1,23,49,59,84,3,52,28,66,19,41,68,69,89,63,24,33,97,47,7,77,13,88,45,73,3,0,47,53,98,72,80,90,35,4,84,83,19,34,66,4,30,37,70,22,82,70,43,88,48,89,53,74,13,87,13,37,87,35,0,10,15,43,48,78,26,85,65,27,77,40,37,43,89,2,3,100,25,13,53,75,100,29,14,58,51,58,66,44,25,46,47,52
13,24,40,78,51,68,25,26,73,3,43,20,45,55,87,70,63,25,57,32,42,16,70,97,40,29,66,31,68,47,45,82,78,51,30,3,62,82,19,46,86,2,22,72,84,25,24,50,55,56,62,76,79,39,19,94,96,39,74,58,42,70,78,34,28,99,46,94,48,61,4,37,84,90,69,65,15,29,54,86,27,60,37,61,46,58,46,79,8,31,32,11,5,47,62,89,16,37,90,22
4,98,2,27,90,16,59,72,42,27,75,12,0,43,63,68,68,45,16,21,55,42,19,46,42,14,4,5,37,41,5,25,35,83,3,26,68,27,4,88,58,14,78,43,80,82,31,66,78,36,25,61,94,11,41,78,92,83,89,96,76,79,10,50,62,47,35,90,20,96,98,5,86,79,47,83,77,34,16,63,75,6,87,95,79,70,47,15,70,34,96,54,36,87,50,60,2,22,26,68
50,42,45,99,81,16,12,14,88,1,56,50,59,100,69,51,10,38,37,34,80,99,39,74,44,38,26,33,87,79,35,69,32,48,22,73,36,75,91,60,83,33,6,75,69,58,7,54,91,10,35,43,39,65,53,78,89,56,77,72,70,5,2,22,38,80,59,35,51,77,61,27,76,71,4,19,9,37,34,62,88,93,64,46,52,61,63,1,34,68,69,37,67,62,8,9,58,2,59,85
84,23,32,40,73,47,100,12,75,20,46,58,60,90,52,64,33,29,14,56,66,15,0,8,3,39,69,9,82,18,42,32,18,30,58,24,44,64,89,57,62,65,91,74,22,23,22,91,79,85,70,71,73,72,92,85,85,71,58,33,41,67,30,44,66,45,8,98,57,38,64,10,14,42,27,62,31,2,41,100,31,15,61,30,30,34,22,47,11,51,87,46,47,13,35,17,20,57,3,73
40,97,41,53,54,23,73,31,34,76,87,60,81,74,76,28,59,70,3,45,51,0,57,70,100,32,62,37,43,14,91,91,53,21,91,39,92,55,72,28,29,75,34,91,21,32,57,38,11,61,90,91,34,71,85,21,13,31,43,27,17,31,45,61,39,3,48,24,92,3,29,44,52,97,75,80,56,10,60,41,57,6,9,39,63,48,80,63,20,50,57,5,62,4,91,70,93,59,58,9
54,19,8,77,26,43,11,72,93,31,61,42,98,65,29,80,0,41,70,40,6,50,28,76,34,67,38,24,36,96,0,64,5,87,27,77,97,60,13,63,46,84,16,47,30,94,18,52,54,97,56,99,83,96,7,51,99,44,61,78,59,12,31,12,11,78,73,66,26,15,13,71,10,80,85,92,4,9,75,46,77,43,40,27,8,17,22,62,92,34,55,62,42,50,91,77,65,85,62,13
50,20,18,68,25,40,32,5,64,10,71,56,10,42,93,90,67,28,51,45,69,35,33,8,16,62,43,89,7,92,71,99,15,34,38,67,60,78,26,93,36,95,41,80,17,99,13,84,88,22,51,49,85,80,52,89,98,11,100,16,76,36,32,31,97,100,63,41,27,94,94,70,9,76,78,85,71,1,50,6,73,100,51,88,34,20,72,18,89,95,100,30,78,81,96,0,35,14,39,91
100,70,31,50,85,69,83,49,88,76,85,13,76,74,46,5,77,90,33,61,91,72,68,53,57,74,0,3,46,27,69,79,43,32,85,97,7,41,92,4,69,16,10,32,51,24,18,60,77,83,72,8,6,46,76,31,65,96,25,47,71,49,60,13,79,29,8,45,16,27,36,13,59,14,1,51,10,61,8,48,48,85,32,27,8,99,32,62,68,100,85,52,15,1,87,67,18,79,32,77
75,6,19,64,91,39,43,17,92,67,51,78,84,51,34,52,94,51,44,82,45,2,26,23,10,69,89,82,31,79,70,13,29,2,66,93,73,34,26,95,21,10,70,51,58,39,48,50,36,49,95,40,11,40,58,23,26,43,23,74,77,9,85,22,87,35,9,13,63,13,85,15,29,11,94,32,81,48,86,89,23,63,13,72,31,42,0,81,63,21,81,27,68,74,11,72,7,54,48,19
66,58,94,16,69,4,43,86,80,28,70,13,91,43,0,27,47,14,61,3,61,62,77,8,42,14,16,44,60,21,91,7,38,10,16,76,66,30,38,38,44,50,67,85,26,79,10,87,39,12,16,57,44,55,47,3,85,85,97,18,20,57,57,9,54,96,26,2,55,1,43,84,63,33,53,18,73,35,31,66,90,83,41,78,92,17,16,88,87,56,16,59,3,40,90,98,5,85,60,98
28,36,46,95,92,76,37,67,9,45,32,54,90,43,74,17,45,83,86,21,23,55,30,38,8,71,4,16,90,67,42,28,36,33,6,20,97,59,90,74,97,28,54,74,76,67,10,69,53,16,5,32,47,40,4,71,44,100,36,55,53,76,98,53,6,29,15,5,2,99,14,26,50,81,51,68,29,2,99,16,100,3,85,51,86,18,0,20,20,51,96,86,34,31,59,17,59,22,56,32
80,10,44,81,93,95,97,60,64,7,94,7,87,100,27,30,77,98,46,8,52,39,14,47,60,72,73,7,98,14,46,72,79,19,73,82,70,99,54,52,6,54,43,67,78,94,23,44,85,19,71,32,81,32,11,30,17,59,86,11,55,30,54,23,35,63,18,63,76,89,73,16,66,83,50,5,23,3,100,91,55,39,6,36,93,69,26,87,58,23,98,64,98,51,17,96,69,62,77,57
64,30,55,27,97,38,63,56,4,95,31,26,36,6,97,22,35,35,28,16,51,39,63,77,41,14,22,100,93,70,35,8,24,26,13,9,21,96,44,8,52,20,14,71,32,89,77,81,36,71,32,60,74,83,46,66,53,36,1,83,95,32,71,11,0,45,12,51,19,25,72,31,68,92,19,23,12,6,30,77,67,32,50,24,30,55,64,53,28,61,15,16,82,58,8,17,59,82,42,89
52,7,82,79,63,61,0,83,17,21,73,8,75,23,73,28,87,7,14,11,97,38,81,88,56,49,23,12,88,71,5,97,36,43,4,16,95,74,77,35,77,48,86,81,53,1,90,31,29,16,70,92,91,74,37,16,63,9,17,32,79,78,83,78,38,90,38,36,60,25,1,27,33,64,77,100,64,26,86,75,61,42,42,13,13,85,34,29,86,42,31,100,19,100,27,5,79,58,75,68
78,47,94,65,35,100,32,71,11,97,6,55,34,81,5,22,63,13,58,15,58,46,67,7,77,71,54,4,61,21,32,96,16,44,87,46,9,29,87,5,61,61,26,93,96,49,46,61,24,35,85,86,44,38,57,13,46,8,85,47,96,64,50,42,98,84,30,16,35,79,28,41,93,27,81,70,85,32,84,93,29,93,91,91,88,23,12,65,7,67,100,1,30,46,71,74,12,94,66,49
85,50,8,53,90,45,89,80,67,19,13,93,5,49,79,89,73,46,37,72,17,1,25,14,95,0,60,41,65,56,66,72,35,43,45,86,94,24,4,78,92,18,99,30,35,42,69,95,38,51,87,42,46,81,69,80,64,87,90,3,21,87,49,13,12,47,59,48,15,48,8,77,48,84,77,12,13,79,64,93,97,7,30,39,29,66,38,98,64,27,15,87,31,63,91,90,35,61,20,3
0,94,10,18,33,40,12,89,65,93,84,27,45,41,76,3,42,73,24,21,74,19,26,80,40,59,78,24,63,76,50,59,27,39,65,79,47,83,82,83,69,40,7,25,94,28,87,13,6,66,41,67,93,41,41,96,81,72,6,14,59,12,89,71,53,30,89,69,10,48,8,77,18,96,19,97,89,27,86,65,59,74,20,49,26,4,45,40,18,6,71,7,52,1,19,24,73,37,89,80
94,25,12,24,74,41,55,65,1,40,75,63,25,96,49,92,67,81,89,57,48,55,66,87,59,5,92,9,25,79,63,62,91,60,0,26,39,51,28,78,95,41,99,98,55,95,48,48,31,69,29,66,95,28,3,50,93,48,60,60,55,5,88,63,87,52,39,11,91,26,81,55,39,87,59,50,40,48,74,76,87,35,19,66,15,84,67,8,80,35,0,93,68,61,73,14,3,56,9,27
96,3,99,92,14,42,78,23,88,23,82,69,33,97,63,21,83,72,77,94,90,10,67,60,77,27,80,27,73,7,0,41,0,11,25,32,22,2,74,66,40,54,50,57,12,40,25,28,63,19,46,74,44,89,49,43,74,66,63,60,79,75,2,90,17,80,87,14,92,4,0,32,87,32,61,45,79,41,14,73,38,61,37,33,87,70,82,0,18,94,56,77,45,17,58,63,84,54,52,92
13,37,78,26,25,91,31,58,10,43,33,43,4,8,42,11,3,64,40,16,43,89,40,28,94,14,58,23,26,2,7,67,67,46,61,27,60,73,68,79,60,8,15,93,96,40,51,83,78,23,27,59,15,98,5,45,68,32,71,48,20,10,76,76,83,88,97,75,6,59,79,45,41,27,74,88,68,43,80,9,20,91,51,80,55,100,62,52,49,25,41,80,27,5,84,56,8,9,24,74
45,52,43,72,88,35,91,31,87,38,24,44,73,49,86,26,88,27,33,35,77,14,64,54,12,92,49,43,61,63,55,83,5,4,50,34,40,57,7,89,22,42,39,4,41,67,44,96,25,56,80,3,11,34,6,21,75,51,70,66,56,31,49,24,44,54,4,38,82,62,90,12,14,67,56,84,4,76,57,51,38,89,27,84,33,44,59,26,87,21,53,29,48,84,61,50,38,44,7,20
45,47,81,39,31,8,59,95,82,93,92,39,50,99,62,47,88,57,1,71,20,74,12,93,94,56,72,71,78,57,25,50,19,36,4,98,80,49,16,2,87,93,50,14,71,28,48,20,53,47,94,73,57,50,94,71,56,82,54,66,62,15,15,15,18,79,14,79,34,84,27,94,46,88,10,59,26,70,9,56,58,95,73,2,74,44,85,91,61,78,27,35,60,80,25,44,12,57,43,1
89,25,81,31,45,77,64,39,28,33,20,8,63,14,93,46,18,61,24,60,69,21,33,79,12,96,56,90,10,25,59,75,0,9,0,5,42,57,9,20,16,68,20,3,43,87,9,39,47,40,62,77,8,65,56,79,88,96,94,37,69,62,21,50,38,69,46,61,5,93,3,16,25,58,5,97,79,24,56,75,49,31,69,44,7,73,78,60,71,33,33,48,15,29,83,12,80,48,93,65
10,98,62,98,93,39,48,85,51,54,60,96,61,96,34,90,57,80,22,25,23,48,68,84,92,5,68,71,67,37,64,33,77,89,83,7,50,51,44,45,45,41,98,59,9,13,60,16,63,64,21,69,13,91,8,19,50,58,72,72,8,45,9,47,17,44,34,17,80,15,57,62,22,81,3,94,61,14,19,25,13,9,57,21,21,59,73,100,82,14,70,87,98,9,42,90,45,20,39,30
32,94,53,80,39,40,96,35,84,52,66,12,27,81,62,0,10,22,83,47,10,98,47,25,26,23,76,22,52,85,32,10,89,22,41,74,14,0,97,7,96,44,48,12,78,14,45,81,92,24,69,29,7,76,51,34,73,62,83,77,68,16,26,21,51,19,97,89,82,14,59,69,98,50,66,56,18,45,35,90,31,48,57,20,79,32,98,52,27,86,55,40,38,94,48,4,65,88,39,38
70,81,30,12,36,23,74,68,95,32,21,35,69,61,26,36,21,45,67,22,75,43,34,73,28,63,32,6,29,79,93,85,89,9,62,30,20,6,87,62,65,26,25,0,66,8,17,48,63,72,60,52,92,10,65,47,67,49,12,27,51,91,11,33,9,98,41,78,28,8,61,94,9,60,29,12,74,42,75,67,14,11,62,74,28,39,61,40,19,25,60,48,70,69,78,75,3,9,31,13
9,20,9,12,15,80,6,10,42,91,96,59,76,53,82,56,33,23,42,4,45,66,100,78,57,14,1,18,57,44,72,48,95,63,93,41,15,21,38,58,37,58,10,2,93,54,21,16,27,64,77,6,76,49,42,78,68,58,88,34,18,15,43,6,23,52,30,77,36,71,34,26,82,7,85,20,47,23,53,23,66,94,28,98,55,85,82,50,34,65,48,51,39,46,40,75,30,55,8,97
74,69,96,29,70,50,42,25,57,99,83,95,80,95,2,74,51,38,83,79,12,88,63,51,34,82,79,39,93,33,2,31,99,6,70,99,75,28,54,13,96,1,31,97,53,63,13,29,23,3,60,93,49,47,69,50,26,0,96,61,77,64,34,2,6,20,95,25,8,90,5,1,17,36,72,19,5,73,24,48,80,55,44,95,9,62,82,89,79,85,42,81,54,15,5,4,67,84,75,19
58,28,71,19,12,94,85,55,4,99,90,16,30,79,90,23,70,43,16,71,1,27,21,14,48,55,58,47,20,57,27,91,7,64,28,85,61,81,7,21,88,94,39,61,27,59,63,21,99,84,16,33,19,60,26,91,56,71,51,8,94,92,64,13,48,35,38,22,39,71,45,66,92,82,60,2,80,71,28,12,72,8,10,80,74,25,27,13,86,66,51,0,8,52,10,96,48,86,95,48
73,34,40,77,26,88,85,42,9,21,44,73,38,22,79,95,19,92,56,71,23,7,79,17,77,12,35,9,69,93,23,24,1,28,62,51,79,81,94,88,56,76,27,53,80,80,76,88,91,44,87,69,87,25,32,94,60,19,48,33,24,4,3,26,33,27,20,90,58,70,26,28,42,89,53,15,52,98,53,32,49,79,88,40,100,64,33,68,2,78,61,41,51,49,6,20,52,87,79,64
22,85,46,0,47,47,58,91,60,71,26,71,91,19,86,93,94,97,52,8,11,31,10,96,79,74,11,70,32,47,58,93,100,11,59,68,30,75,36,29,16,35,10,29,31,91,64,38,39,94,20,36,11,33,11,12,5,79,57,21,24,34,39,13,20,95,72,64,0,22,21,38,20,73,56,92,13,100,80,43,13,7,18,64,54,61,29,33,59,97,58,62,75,36,25,87,26,98,7,79
18,49,55,19,10,16,69,91,11,33,53,100,34,13,31,21,72,75,55,54,88,32,81,12,96,22,56,35,10,77,21,54,56,89,69,53,23,79,0,46,56,69,12,21,93,28,88,85,66,87,27,25,32,88,24,12,25,12,56,19,11,91,11,14,34,54,59,7,35,55,90,53,100,17,93,84,10,66,41,100,91,34,82,50,23,84,52,54,7,94,68,84,86,82,48,40,30,43,8,66
14,28,12,15,42,9,49,64,7,87,76,61,37,66,92,45,100,43,66,64,80,49,96,70,22,41,14,94,69,95,19,83,85,8,65,66,7,47,81,76,15,47,29,17,98,82,94,9,11,53,62,42,93,56,41,8,28,53,2,74,15,49,94,88,84,27,43,59,56,85,92,6,78,91,34,28,83,29,1,90,87,97,34,14,18,100,47,84,70,2,89,29,82,46,7,32,39,70,82,66
37,0,43,8,0,17,53,63,56,43,57,23,84,46,28,7,24,77,49,93,67,67,2,43,78,100,45,10,71,1,38,74,95,40,10,13,41,50,51,76,34,94,42,62,77,28,85,5,2,55,14,24,66,99,78,66,62,39,56,75,63,56,15,13,96,84,86,40,30,29,32,83,11,23,31,80,17,69,52,17,28,8,81,50,82,55,58,46,44,69,26,79,53,91,21,95,72,8,14,82
18,13,62,11,40,53,56,59,82,53,95,40,43,8,96,57,64,71,83,7,74,91,53,54,55,65,51,53,57,62,62,38,74,18,33,49,27,6,49,9,75,42,95,8,49,37,13,93,66,84,12,54,66,51,31,50,85,44,19,42,41,38,77,64,38,64,5,73,76,73,57,79,14,72,18,30,25,0,66,29,26,77,12,79,19,52,46,48,50,83,67,30,69,100,64,57,73,29,47,24
72,55,49,59,21,89,60,52,29,50,44,23,11,34,62,36,29,27,87,65,16,20,67,37,75,72,11,8,56,41,77,25,34,94,79,27,12,28,42,20,39,85,16,14,86,2,71,63,79,40,95,11,8,8,60,34,49,49,70,7,58,4,24,97,1,91,48,17,35,15,33,18,49,8,31,91,81,69,96,9,6,73,54,68,5,30,29,24,79,47,52,57,25,31,70,43,35,99,26,60
81,23,95,50,55,20,59,98,31,33,43,91,84,65,59,28,48,72,18,55,47,12,95,82,99,89,54,8,79,73,47,44,96,2,39,51,49,68,14,7,15,46,66,62,90,25,76,56,11,54,61,43,58,12,22,84,83,95,91,67,11,42,14,1,26,87,75,82,41,24,92,52,90,48,98,75,67,99,55,47,8,73,89,50,56,13,89,9,53,75,100,62,51,4,92,59,74,82,34,31
57,95,91,11,70,16,47,16,21,7,72,53,95,34,12,75,63,16,61,60,17,89,93,68,86,68,40,64,48,44,66,88,39,2,79,22,21,3,37,32,93,33,98,73,38,51,47,12,5,71,50,11,70,25,51,65,91,37,73,57,93,16,57,68,63,36,63,8,45,60,44,83,32,27,97,79,60,74,79,16,31,99,20,55,20,21,42,23,98,27,43,64,36,37,85,64,2,57,54,6
51,56,87,13,91,82,99,59,15,22,37,45,35,67,90,16,79,98,33,15,0,5,63,84,32,5,73,55,48,45,95,62,93,44,0,98,73,25,32,69,50,76,8,52,86,94,79,46,52,16,28,72,59,46,31,65,43,68,95,66,3,1,97,36,65,22,25,84,7,36,5,56,39,71,58,50,13,83,84,60,77,26,0,53,67,64,53,46,62,27,41,71,74,49,4,33,32,38,21,49
71,42,3,52,36,66,77,4,1,62,74,76,13,88,77,21,84,99,26,10,3,43,28,40,58,3,60,92,60,60,90,33,93,19,68,88,65,36,85,68,57,85,29,17,11,27,78,84,71,63,5,9,72,10,92,69,11,33,35,94,72,19,83,31,93,33,54,23,4,36,56,25,41,59,20,1,73,45,90,94,26,44,23,60,3,90,22,83,85,62,62,52,16,17,62,41,45,2,20,16
79,25,87,46,41,33,20,7,1,11,74,92,35,98,2,0,81,33,70,8,49,55,89,46,52,19,56,28,8,42,32,12,31,65,75,100,20,89,38,16,69,76,94,70,91,33,91,82,52,51,36,95,34,76,26,19,28,32,51,21,28,13,51,5,14,11,18,58,44,37,41,73,65,22,44,31,77,31,29,39,27,68,33,22,96,81,82,56,44,58,81,61,97,79,77,86,29,83,94,40
9,23,42,98,58,69,69,77,47,48,9,37,38,74,80,39,67,16,21,100,84,25,32,51,78,45,50,32,4,58,28,82,81,76,72,36,59,6,82,12,77,39,81,99,89,4,74,54,44,61,28,65,24,31,32,24,33,52,100,76,44,6,48,52,85,86,66,36,70,47,7,43,28,70,47,60,41,35,12,20,13,3,47,11,56,25,34,4,62,8,85,44,24,39,37,68,16,79,56,58
72,65,65,0,64,75,98,9,55,14,53,71,75,49,30,32,23,35,66,34,93,7,84,1,32,1,49,65,13,57,17,53,93,8,50,27,61,80,22,12,85,37,46,36,86,95,80,36,27,35,44,99,13,52,68,50,69,13,86,10,7,1,14,52,46,2,24,14,22,36,70,58,99,94,36,92,4,38,32,5,60,19,56,11,91,74,70,26,92,25,78,20,25,65,85,8,9,77,55,11