91,65,75,93,18,10,10,41,1,52,86,18,40,3,34,56,84,74,99,81,77,0,53,60,47,97,27,87,95,47,47,81,11,31,14,25,82,97,69,49,14,51,98,0,60,19,94,32,10,3,75,69,82,62,67,42,22,25,55,42,4,50,59,49,20,53,30,81,44,74,2,2,7,25,1,89,85,11,89,76,89,79,19,44,13,27,35,86,91,44,92,95,82,42,0,53,28,60,34,73
97,6,70,10,49,13,37,42,98,88,45,88,85,66,0,83,97,34,81,93,34,64,100,49,24,21,51,59,26,75,48,64,66,21,11,25,23,41,36,52,13,76,13,36,50,63,33,100,95,34,32,7,43,44,62,30,19,6,41,92,89,20,40,80,67,12,81,88,15,7,82,23,7,37,13,52,68,74,78,9,33,40,98,56,88,52,11,76,19,100,45,51,68,70,25,31,24,98,95,60
5,59,100,24,24,37,62,11,55,3,60,52,79,28,33,44,61,34,97,59,54,10,51,11,38,54,77,26,33,22,19,84,63,23,81,80,4,76,16,66,72,10,95,33,31,11,15,74,86,90,48,88,9,53,26,95,60,46,30,55,98,11,2,45,77,96,89,35,65,80,7,92,62,83,77,16,10,8,38,38,23,98,80,57,5,99,0,98,98,80,93,6,41,24,100,67,39,20,67,67
11,73,41,8,71,22,23,22,10,17,46,22,79,82,60,24,21,75,48,1,95,57,56,22,29,12,65,75,3,2,20,11,26,68,39,20,59,86,0,24,50,33,15,55,48,43,100,79,79,94,62,73,34,97,77,18,82,15,22,34,67,96,79,3,65,80,68,71,78,39,93,91,42,6,44,41,79,50,32,75,87,66,7,53,75,41,42,66,98,46,89,90,62,20,40,20,51,0,100,93
60,98,52,89,81,72,53,63,47,97,41,50,89,72,28,43,56,24,40,46,53,45,17,1,44,16,49,70,84,5,30,25,42,54,50,52,44,54,39,10,85,54,21,60,67,48,54,71,96,11,9,44,84,92,44,10,64,82,3,90,82,30,11,47,90,28,76,83,38,94,93,95,11,76,46,85,25,68,95,10,80,83,90,29,2,74,35,42,10,45,49,57,86,25,18,2,94,78,83,11
89,35,0,43,7,49,50,33,21,16,70,55,51,31,86,1,77,34,24,24,63,19,10,4,17,25,4,29,48,99,19,81,4,79,33,79,29,3,88,84,89,28,15,76,62,3,71,37,71,54,97,12,78,95,90,91,44,11,32,84,83,8,70,9,69,18,89,37,2,69,44,24,59,5,8,81,21,65,40,61,73,27,87,23,35,53,40,38,78,61,38,46,36,37,86,33,10,4,80,63
10,99,65,76,8,64,52,78,94,78,2,22,25,37,3,15,38,74,57,38,86,0,25,13,61,85,27,5,88,56,81,32,63,11,83,42,1,63,56,66,15,100,95,54,48,1,94,98,26,43,24,59,37,5,3,42,40,11,92,78,25,34,42,80,21,86,49,64,93,58,17,11,12,8,95,81,18,36,29,95,76,55,87,52,4,50,57,46,22,58,70,27,49,19,83,3,17,74,36,22
29,87,42,21,56,74,43,25,85,76,67,22,24,68,40,64,25,54,60,15,13,76,43,6,5,91,49,30,40,14,48,22,42,44,86,100,66,25,44,30,31,35,67,35,47,13,17,27,77,22,82,47,36,22,44,88,50,93,61,1,22,100,14,100,84,85,2,100,35,69,60,75,68,27,69,79,46,61,21,58,91,51,99,3,47,80,80,68,5,43,0,14,2,43,54,3,33,77,79,74
47,74,16,89,95,82,62,72,33,2,64,66,14,38,0,12,27,80,83,21,41,80,23,16,60,49,90,47,100,85,15,72,75,22,58,55,21,30,5,79,93,29,39,93,52,26,98,54,28,16,62,61,83,48,69,11,46,67,12,47,18,24,65,89,22,79,88,12,26,2,99,23,9,47,38,18,64,31,71,56,45,38,98,18,72,34,37,61,64,52,85,0,79,69,49,51,44,47,13,95
50,53,27,15,68,85,45,11,84,57,49,79,44,82,94,17,31,45,45,24,100,8,61,31,85,86,34,85,89,26,77,89,37,44,83,5,37,54,44,12,81,61,29,1,6,58,85,21,6,36,27,91,64,33,77,59,10,24,63,9,44,56,40,97,64,10,68,59,86,2,14,97,7,73,54,69,2,5,89,21,39,71,18,39,25,67,65,35,88,46,45,79,40,16,93,58,18,75,14,65
67,2,46,100,22,21,15,93,25,74,18,31,77,19,10,26,36,94,1,22,64,30,34,63,5,3,54,93,79,62,70,38,85,99,55,100,69,70,34,86,72,79,26,98,32,96,37,27,98,52,52,63,32,97,24,96,63,1,83,68,91,83,1,66,73,96,95,32,50,86,11,10,82,67,57,11,85,26,0,84,38,42,91,76,63,17,40,56,3,30,49,32,51,53,16,21,33,89,65,90
11,55,100,28,25,87,10,31,75,87,40,76,54,67,53,91,60,49,87,23,79,97,29,72,95,6,95,72,51,68,94,17,4,3,67,56,82,33,43,17,39,14,67,44,0,96,42,6,16,22,55,62,75,44,26,16,70,38,89,80,72,96,40,70,14,21,85,12,77,61,23,59,30,99,39,81,63,76,87,28,61,96,25,66,87,6,42,23,84,97,30,24,35,9,83,53,71,63,29,4
97,18,65,97,64,4,14,56,74,98,21,94,32,39,51,56,28,17,63,87,30,86,78,2,64,37,94,63,47,33,53,79,89,18,17,68,97,53,89,27,73,48,39,58,98,3,35,28,9,49,25,32,10,9,43,83,39,18,90,85,91,18,20,53,15,53,51,43,81,87,91,18,12,3,15,72,94,10,18,30,22,32,34,71,83,25,3,57,76,25,62,96,36,23,7,23,62,91,90,6
50,36,93,28,1,61,66,90,70,93,63,100,73,82,44,62,46,40,73,5,2,73,62,52,44,49,14,61,0,12,52,81,74,3,79,41,10,52,7,100,18,60,55,76,95,22,41,88,9,71,9,93,40,86,7,97,12,49,7,32,31,27,29,71,70,30,67,47,57,41,36,89,42,45,69,6,37,36,12,53,40,73,33,60,70,20,14,41,30,7,87,94,37,53,1,79,32,30,33,73
67,85,16,51,96,46,66,24,41,60,82,67,77,12,97,10,98,29,89,51,32,30,4,17,42,39,61,78,1,70,30,69,17,11,31,90,18,31,94,9,16,100,94,53,39,57,66,28,40,13,27,10,3,36,15,47,55,76,83,80,66,31,30,43,67,98,88,18,22,17,11,5,74,92,61,42,78,22,91,14,91,17,11,68,24,34,50,36,77,49,22,91,93,13,51,39,27,19,1,18
39,36,53,85,48,39,29,9,2,90,11,40,94,18,22,30,11,81,3,60,90,37,84,84,26,99,16,15,38,64,63,87,7,59,14,56,27,74,83,86,70,83,67,44,74,21,15,100,52,48,90,49,2,34,100,12,6,6,56,45,92,31,23,25,35,85,53,1,51,42,40,73,1,42,99,43,42,30,26,85,31,22,60,39,83,14,19,60,19,23,2,42,84,8,84,27,65,12,45,60
92,72,30,51,15,8,40,12,48,41,69,94,44,71,73,77,0,40,87,56,63,64,9,32,41,66,79,45,80,76,89,17,85,21,71,7,57,20,10,46,34,67,75,45,57,53,13,7,39,44,81,39,14,13,50,100,1,13,68,4,66,6,49,12,23,66,94,75,55,68,93,64,79,16,44,43,73,96,17,44,5,66,29,87,49,81,18,71,84,4,85,49,75,58,17,68,19,53,9,23
89,33,26,11,97,36,71,69,85,5,18,27,62,81,48,79,53,26,72,91,91,22,31,51,77,49,62,55,93,69,98,13,69,22,64,28,31,41,51,71,76,81,92,60,25,77,84,46,91,44,58,2,22,86,72,74,94,58,58,23,61,72,15,51,15,64,9,39,82,51,54,60,20,30,25,62,24,16,73,91,41,64,7,79,95,92,35,31,42,43,50,37,29,36,52,88,15,48,50,76
85,100,59,6,56,46,55,73,26,10,100,72,86,94,35,90,17,63,9,93,29,90,86,2,15,85,8,44,78,42,89,96,16,49,90,67,4,65,28,4,83,24,39,59,52,28,55,73,5,43,6,50,42,88,54,59,55,95,98,98,80,46,79,70,93,49,15,92,81,98,64,68,39,47,43,8,23,47,10,88,34,95,99,5,4,44,53,9,48,78,89,30,78,25,62,18,46,68,85,11
53,71,8,40,85,62,83,87,1,22,10,74,78,49,56,97,25,41,49,57,33,100,69,55,28,67,10,59,68,60,12,23,13,79,38,61,71,79,27,61,94,21,77,58,92,65,48,67,72,29,52,92,81,66,39,62,69,24,74,27,97,53,7,83,65,29,58,75,92,43,13,42,62,9,0,80,19,8,47,21,45,24,60,36,68,79,100,89,28,91,60,55,93,13,53,41,98,31,40,90
79,6,38,53,16,82,47,97,11,31,99,92,28,29,74,18,56,88,72,24,78,44,45,86,9,73,33,4,44,82,90,48,2,37,96,69,58,72,0,8,87,56,50,56,8,4,38,71,53,17,62,10,92,20,62,2,75,71,26,31,51,86,65,17,63,59,95,92,36,57,65,100,21,36,22,94,98,54,75,99,100,0,58,80,22,54,63,31,91,82,17,27,99,23,73,89,37,24,95,77
52,75,47,34,33,90,80,89,87,45,22,78,83,14,14,4,54,44,83,5,23,37,7,97,38,8,91,43,8,49,43,20,35,76,38,29,34,34,47,18,81,77,56,32,70,22,16,40,46,98,2,68,14,41,81,1,71,5,24,24,79,94,11,31,59,26,46,43,99,45,51,18,42,32,73,27,89,99,67,100,78,30,35,68,2,87,41,70,25,4,54,61,78,42,41,53,50,61,94,1
97,18,72,53,64,87,68,11,59,79,31,47,69,24,68,9,30,19,53,31,90,78,30,2,61,40,52,12,96,95,51,11,10,57,49,79,73,18,91,23,34,62,15,95,18,2,86,25,71,16,90,51,66,66,8,95,60,4,78,76,14,52,60,39,49,55,40,65,48,60,24,29,85,81,84,42,1,54,51,11,82,16,8,62,89,86,74,41,86,42,66,34,26,47,13,50,9,44,50,24
6,48,71,84,77,75,13,91,50,26,25,55,80,95,20,57,95,57,17,52,85,91,69,76,60,98,32,80,43,94,30,22,70,77,73,96,4,4,12,41,59,71,17,89,71,0,30,95,24,57,26,83,38,68,71,67,2,71,72,42,0,39,76,72,1,1,99,9,83,31,67,30,35,9,69,86,22,91,99,72,5,12,42,21,56,30,65,18,56,26,95,98,39,92,37,85,1,23,92,29
2,97,57,74,2,12,71,38,94,60,34,77,2,98,28,85,91,72,51,33,81,95,13,4,32,59,50,0,33,11,57,47,46,62,51,11,55,63,7,82,89,10,69,32,27,37,0,9,68,48,14,85,46,70,20,40,45,66,86,58,90,43,55,18,96,39,33,76,93,29,81,28,60,55,19,49,97,99,38,64,34,47,32,20,20,12,40,93,18,86,26,53,93,87,70,37,12,2,47,56
74,19,79,11,16,96,74,80,0,70,65,41,15,85,48,52,38,94,31,45,38,45,26,6,96,15,40,39,25,6,54,50,36,63,80,58,97,20,1,23,97,23,18,94,90,4,65,44,32,69,49,2,97,26,81,2,2,89,21,14,70,20,32,46,76,93,74,25,49,79,16,53,4,38,42,23,43,51,30,95,86,95,26,100,25,97,66,18,31,13,56,53,99,95,60,2,30,6,85,8
23,77,69,16,53,39,55,31,95,55,94,81,81,98,93,70,48,52,22,51,25,99,39,32,18,44,91,37,8,16,35,6,76,59,51,87,21,24,73,72,90,10,48,65,9,54,87,85,7,47,59,67,15,1,39,63,86,98,66,95,4,87,54,27,24,57,35,62,80,54,70,97,17,23,98,52,47,76,10,65,30,60,11,88,99,72,96,66,13,47,99,58,16,97,81,8,43,31,84,92
93,11,95,2,6,54,32,56,78,1,15,27,45,46,88,10,6,72,52,10,45,52,16,13,8,74,55,67,90,37,84,9,62,98,85,78,29,6,70,33,85,95,28,46,93,28,37,81,38,91,92,75,47,11,43,68,97,82,12,21,23,62,85,41,41,32,96,44,24,60,65,93,75,49,26,72,22,15,35,1,12,92,97,22,69,40,73,28,16,37,11,15,74,61,78,70,25,20,90,98
0,70,47,43,44,71,100,58,50,9,89,40,49,60,65,88,20,49,35,64,42,27,31,39,6,79,24,81,59,5,58,30,15,61,39,5,93,26,49,67,60,94,65,81,30,51,61,54,14,92,70,44,62,6,3,48,82,25,11,31,8,76,1,62,70,78,73,97,16,36,15,42,94,39,26,31,71,91,55,18,43,22,81,36,86,71,50,63,98,5,8,2,96,99,13,79,92,23,84,48
97,82,99,31,23,6,97,62,2,52,40,32,43,88,97,70,19,41,21,87,54,7,12,90,40,79,20,24,92,12,46,54,72,87,5,15,31,53,51,64,92,31,95,4,12,85,20,99,84,52,47,65,45,39,80,48,80,98,56,82,25,16,49,11,27,55,10,26,15,95,49,74,46,99,52,85,29,69,98,96,2,31,18,44,41,18,84,39,70,68,39,12,76,5,13,4,42,51,2,0
62,49,17,67,15,76,25,30,35,10,44,85,59,67,79,23,3,7,0,39,98,51,98,86,88,23,74,72,54,9,54,85,89,34,62,50,93,25,27,80,74,27,43,50,72,67,93,40,22,62,89,90,41,68,24,61,78,7,28,43,57,94,39,78,61,23,91,92,67,15,10,91,37,21,58,30,84,6,80,39,50,9,65,69,80,47,14,62,15,96,100,60,63,84,4,70,2,20,47,19
48,64,38,57,69,35,7,93,56,72,68,94,72,3,6,78,17,46,32,95,31,82,4,27,69,86,13,78,67,38,75,100,47,49,6,44,56,8,73,55,30,1,59,70,71,45,55,45,63,51,52,35,28,66,49,60,33,41,47,81,45,41,85,7,17,66,10,99,59,94,4,66,37,87,8,80,13,64,1,83,92,16,72,49,7,10,24,24,70,34,0,45,53,20,99,17,73,83,95,8
95,41,74,67,51,4,37,45,8,62,53,87,63,57,42,14,75,1,5,91,10,77,81,60,44,92,73,98,50,2,27,65,80,61,58,55,20,2,50,94,93,69,41,70,51,10,28,44,61,86,24,21,22,39,59,24,61,79,32,25,25,38,8,91,20,86,76,34,36,32,39,72,77,3,77,87,13,22,42,2,96,5,78,21,63,27,13,25,64,50,74,40,35,56,57,80,54,51,57,82
37,55,51,62,32,11,84,34,27,65,82,1,62,36,38,71,62,60,26,38,19,9,31,42,14,74,9,29,58,100,31,7,59,83,17,66,7,73,56,11,42,40,20,19,89,26,68,0,79,94,71,34,99,97,83,54,26,75,91,57,4,1,82,24,62,99,95,87,28,91,50,6,23,21,92,54,93,97,64,62,96,90,64,75,54,32,27,80,19,80,52,45,70,35,23,80,67,59,3,86
79,46,12,37,38,4,38,45,4,45,7,44,1,67,67,30,41,12,91,2,46,17,56,10,96,81,29,95,95,94,29,89,16,40,44,33,36,96,87,72,14,14,19,12,87,89,51,98,75,11,76,84,77,56,59,42,19,52,13,93,64,61,6,62,43,45,97,10,70,23,25,22,80,33,92,83,5,79,16,82,99,16,62,21,47,15,37,54,66,45,35,70,70,85,84,91,20,59,42,68
12,66,19,76,74,6,96,100,31,68,11,44,38,9,25,54,53,35,2,37,94,76,29,46,96,93,24,30,37,62,68,73,27,69,41,86,20,71,33,30,32,73,6,37,19,84,46,86,97,87,67,34,97,65,31,93,86,84,17,2,81,76,45,35,34,46,67,8,46,19,59,89,1,8,65,4,13,14,49,0,91,6,1,2,34,51,92,83,75,65,97,14,97,48,13,85,100,45,18,18
14,99,46,20,25,59,33,70,94,97,59,76,78,24,26,27,73,51,61,60,55,79,22,11,12,59,51,94,33,69,15,96,10,10,0,78,21,70,95,11,88,62,48,73,50,4,67,20,81,22,19,20,53,8,51,77,81,16,54,61,90,98,57,95,88,99,12,23,26,77,96,78,91,98,55,78,45,35,0,41,23,24,3,36,50,2,80,8,11,29,89,47,94,52,89,60,96,75,12,83
72,84,93,10,5,95,10,5,1,8,33,40,27,66,40,97,48,95,16,89,36,67,26,4,3,30,26,22,68,3,78,6,48,7,53,1,44,71,26,93,11,40,84,86,58,7,31,20,98,86,3,44,45,100,59,89,26,91,33,64,45,48,68,73,21,8,26,68,79,79,0,67,3,60,14,53,43,56,0,93,74,95,89,0,42,92,98,7,11,80,56,16,8,35,12,38,2,74,9,33
70,98,81,4,6,88,79,11,8,25,16,26,62,64,8,7,88,60,35,23,13,82,73,17,55,31,53,93,90,70,18,32,99,59,48,65,31,7,33,30,44,54,54,51,42,88,57,14,20,34,40,26,55,73,73,53,79,89,17,80,12,41,19,56,18,7,2,79,92,100,29,23,17,32,86,71,19,82,41,52,53,84,23,89,48,20,87,5,2,17,34,85,5,17,96,42,30,97,53,94
81,66,39,24,9,92,60,37,30,21,55,60,93,38,17,68,34,92,70,24,0,98,15,85,83,19,27,41,87,30,24,75,21,48,97,13,55,16,81,77,60,38,92,89,92,14,39,59,1,41,37,83,54,17,41,96,37,3,76,81,58,69,99,15,6,57,16,69,78,92,97,72,43,98,56,33,84,92,95,12,57,45,52,18,42,34,2,33,69,85,5,56,55,24,50,62,35,77,39,18
50,35,33,83,48,53,95,72,25,0,61,98,24,60,92,97,60,36,54,8,45,18,25,26,11,78,10,71,42,55,98,94,34,34,94,89,59,10,75,24,43,21,80,13,60,29,91,45,23,18,96,86,45,74,17,90,30,67,84,85,100,87,24,62,61,75,68,56,33,28,61,3,55,13,17,31,43,49,26,71,28,70,74,32,29,6,71,55,75,7,4,78,8,38,14,28,97,49,26,23
67,23,47,34,91,47,63,29,99,43,57,70,25,48,91,49,6,77,93,15,78,31,100,66,67,26,98,36,91,38,61,16,90,76,75,41,69,33,93,31,40,29,83,82,43,70,33,16,47,46,96,40,25,12,67,65,99,38,34,52,52,74,96,99,3,0,22,45,24,0,8,92,59,82,70,72,17,74,4,77,73,23,63,83,92,94,73,54,11,87,60,73,50,67,54,91,23,92,5,42
33,91,17,43,31,2,40,33,86,37,25,20,28,34,77,7,11,71,5,19,73,63,82,22,27,79,16,32,10,82,50,2,12,41,38,13,56,58,79,79,41,56,41,86,51,41,58,87,42,53,94,82,75,9,27,42,81,30,52,95,3,29,6,5,12,0,34,19,54,83,99,1,46,57,80,68,46,19,39,17,27,9,35,3,43,66,17,35,79,55,14,52,57,44,53,12,71,31,27,64
59,82,71,73,21,90,8,34,88,36,42,89,64,82,37,18,21,44,32,55,69,52,51,10,36,15,15,33,6,52,99,52,60,26,59,70,67,18,6,81,71,10,28,28,34,79,85,67,94,15,6,2,75,34,7,58,52,81,18,78,93,8,46,18,97,9,0,28,16,55,64,59,21,52,88,34,82,46,7,0,89,3,25,23,86,20,83,98,77,21,24,17,35,10,38,35,96,81,14,83
63,1,37,47,58,47,4,23,51,86,59,27,74,22,14,76,74,84,54,61,13,43,85,66,13,47,97,27,14,57,92,31,93,3,81,17,60,27,40,40,60,35,11,4,45,19,68,94,63,53,89,59,75,64,72,83,14,53,12,25,25,81,36,98,29,99,63,18,1,51,85,23,67,30,25,83,34,69,96,86,12,24,95,87,79,92,11,65,26,96,21,7,27,67,72,51,33,84,15,82
2,81,56,0,46,86,52,42,65,99,16,58,59,36,66,73,34,57,81,76,61,65,64,3,7,17,68,26,4,73,31,37,66,90,33,81,70,83,76,18,71,83,81,46,2,72,83,63,65,5,53,11,98,89,85,100,59,24,14,22,10,88,82,10,48,8,26,25,93,75,24,65,34,11,59,73,90,30,62,61,39,30,91,19,23,0,12,51,97,44,28,67,60,100,7,41,7,72,91,38
82,53,46,84,27,65,52,77,38,10,94,96,13,84,75,49,4,37,47,89,68,88,24,66,6,16,8,90,30,67,50,65,82,96,59,100,72,35,96,63,3,54,81,44,72,79,88,82,27,55,9,73,27,54,63,18,77,12,77,22,45,47,68,14,2,51,36,22,82,80,8,60,62,80,98,5,71,85,13,67,73,8,100,35,43,42,42,89,39,86,78,100,74,95,23,60,96,54,31,30
64,20,59,3,13,78,23,88,48,54,21,72,39,82,5,78,45,48,97,71,4,73,71,26,5,63,46,36,48,69,55,12,19,89,99,96,51,3,76,47,55,70,12,87,64,65,24,47,12,20,56,76,85,19,11,6,68,56,63,58,29,44,64,12,28,72,16,91,72,16,64,6,63,62,24,57,27,88,44,11,0,86,57,80,79,65,83,70,49,19,88,40,65,99,18,27,60,17,25,67
2,81,13,27,95,44,69,65,89,75,94,64,48,51,10,19,45,99,95,67,33,46,62,16,40,83,20,20,36,19,87,46,83,76,94,13,55,86,57,41,92,33,76,23,94,21,73,35,66,91,85,37,11,15,84,66,1,44,7,81,34,57,45,7,86,10,28,75,54,93,19,62,71,85,39,98,16,5,86,93,4,78,57,99,8,90,18,97,45,49,77,24,93,17,37,13,7,40,94,95
18,42,62,31,74,73,88,82,64,75,42,17,92,7,72,39,81,17,1,57,6,89,33,76,97,54,33,60,77,88,97,65,57,72,85,24,9,32,10,97,17,78,30,33,80,56,70,22,62,17,85,13,27,24,10,65,10,52,73,18,17,56,87,2,0,53,21,17,93,8,9,22,99,50,40,57,86,59,7,54,24,47,2,0,97,16,1,99,3,39,36,86,75,57,90,34,68,89,99,37
6,0,39,12,74,63,28,61,83,11,74,12,38,51,17,29,97,3,97,86,93,34,53,27,89,66,89,87,52,32,11,33,97,74,43,81,14,97,63,0,25,62,75,81,1,25,26,6,72,21,26,48,19,58,23,42,9,93,17,37,38,1,87,60,21,8,99,0,26,70,44,80,17,50,42,80,98,86,7,84,32,74,71,83,78,35,43,18,71,26,38,68,0,3,68,25,74,27,92,73
95,19,32,64,17,4,76,31,39,85,59,13,46,46,60,94,83,33,89,0,17,80,76,44,25,87,17,77,93,0,77,19,31,16,7,91,2,62,60,15,86,50,20,81,69,57,98,19,90,100,87,38,75,79,17,58,87,86,68,72,16,49,91,10,51,63,81,52,26,89,70,82,92,10,100,34,81,93,47,22,89,33,32,63,87,48,66,32,18,41,26,94,100,42,97,77,96,7,30,47
64,15,38,71,83,95,95,61,68,0,20,73,36,34,100,90,31,19,55,52,66,37,74,13,72,12,73,15,21,86,100,19,60,68,40,22,95,0,43,14,19,71,97,67,61,2,31,97,64,38,43,64,98,33,51,73,76,54,58,20,97,53,30,71,38,66,98,43,98,72,83,35,11,54,67,84,58,38,74,45,66,59,60,23,81,56,21,27,85,77,94,46,39,22,79,9,43,39,87,8
92,71,57,64,27,66,32,21,4,38,76,78,53,68,91,48,26,87,47,82,54,89,65,55,71,21,30,78,50,15,34,15,77,41,5,42,75,44,74,78,38,46,11,70,9,73,51,14,24,42,89,48,50,75,24,95,31,84,54,98,5,93,31,76,34,7,62,37,47,90,20,44,39,6,76,99,60,61,45,94,93,85,49,34,52,39,49,38,55,21,9,23,6,96,41,32,33,45,36,41
91,39,7,26,4,53,7,67,19,11,100,40,33,76,64,70,67,45,98,32,57,27,65,0,95,74,6,48,78,53,88,31,20,60,34,73,100,64,100,46,84,61,45,32,51,6,63,62,59,53,18,65,51,10,10,99,27,61,82,3,95,10,84,90,79,74,78,98,2,66,92,22,22,31,85,77,23,75,96,45,86,77,50,99,44,6,50,68,6,33,29,50,42,100,82,8,86,91,100,19
70,44,90,37,43,86,0,38,16,74,22,12,12,94,29,28,68,74,4,98,69,37,59,37,29,14,44,72,90,49,20,74,9,29,88,49,89,50,47,51,69,56,55,75,39,90,96,7,20,33,96,54,19,79,3,45,48,32,74,2,35,48,73,87,8,69,7,2,35,99,22,46,61,3,94,57,82,33,57,66,35,52,97,47,51,39,47,37,71,32,26,20,19,53,14,78,9,75,8,57
24,34,56,8,10,10,96,20,56,80,67,31,58,95,53,12,7,29,27,98,52,55,37,37,39,76,15,26,6,88,42,53,21,23,7,7,21,97,34,77,43,25,9,70,17,32,87,42,16,17,95,23,55,77,0,48,24,62,10,53,56,90,91,76,74,46,27,45,97,17,0,48,54,35,4,17,10,71,49,17,7,69,10,24,66,81,43,36,3,64,36,2,83,11,97,0,64,9,69,82
5,62,61,29,65,95,77,56,43,38,40,3,19,60,42,96,22,100,42,24,53,56,20,45,64,33,17,42,92,62,43,69,52,74,93,88,70,52,68,34,26,16,2,90,20,76,21,42,91,6,12,20,29,60,36,90,76,92,92,55,74,5,17,8,51,38,86,89,41,44,41,83,23,93,41,69,93,39,29,80,84,53,34,74,67,87,94,94,76,78,80,28,39,77,100,59,32,14,45,5
0,12,76,46,21,97,38,54,58,7,44,94,84,44,22,1,45,73,20,31,89,12,64,4,50,93,70,31,30,95,95,73,47,53,98,49,3,59,51,74,55,59,54,64,32,16,6,21,55,76,98,79,17,8,95,12,37,43,7,56,32,66,26,97,77,52,23,33,82,26,96,70,89,32,64,49,16,99,40,53,50,76,74,64,2,61,31,93,76,79,86,20,67,97,30,25,60,28,3,7
75,12,88,84,64,82,94,5,9,51,64,60,44,53,95,37,20,61,82,85,47,90,88,71,76,19,56,29,81,43,94,59,46,19,93,91,55,66,77,95,63,6,58,42,60,74,68,36,31,53,46,71,76,66,37,85,18,94,81,8,58,85,23,24,72,89,2,80,48,16,31,59,93,87,58,63,23,8,60,67,1,47,53,25,8,18,76,63,100,16,14,83,21,27,42,18,45,23,73,37
73,38,64,6,3,19,38,74,44,33,72,63,2,15,33,91,74,76,51,66,72,86,97,63,22,80,1,43,34,69,69,40,9,22,37,93,87,81,10,12,96,91,53,9,87,96,43,21,0,55,64,34,60,83,78,5,8,75,98,25,69,73,10,42,41,77,2,30,41,33,76,12,21,22,89,33,27,6,73,38,56,33,18,47,75,84,49,29,26,37,83,22,99,6,99,34,76,48,58,64
86,4,79,7,49,30,61,73,65,87,72,87,85,58,7,98,68,81,29,78,49,14,77,92,51,33,89,5,29,73,16,46,1,41,33,61,67,39,25,19,58,49,82,89,75,40,60,60,81,13,11,78,29,55,27,6,97,80,7,41,2,70,43,14,40,79,40,79,10,37,97,33,80,17,29,91,67,55,52,95,29,61,91,18,91,97,9,22,52,65,61,97,76,51,77,43,91,5,38,23
67,48,33,97,58,31,41,91,68,86,50,12,72,14,52,30,13,13,40,81,17,47,50,26,7,94,69,11,83,41,65,90,60,83,67,65,18,33,97,37,79,96,24,81,16,87,75,39,3,23,58,3,30,37,46,50,17,69,17,0,61,87,10,85,69,37,8,49,48,77,42,91,99,28,7,87,42,16,51,75,68,100,92,50,73,43,68,25,40,33,60,87,37,20,85,71,28,100,90,42
58,9,63,96,9,89,65,92,27,86,70,76,99,87,7,3,10,17,46,85,44,57,74,2,19,25,87,69,16,16,40,52,21,56,17,24,41,83,59,14,93,42,73,10,23,91,97,92,24,0,94,61,87,59,85,39,51,90,79,45,45,69,14,71,19,36,48,21,8,45,49,51,87,47,67,2,1,64,100,5,32,55,24,24,15,4,10,23,80,30,74,45,34,8,1,30,71,18,51,9
46,48,81,25,93,57,90,27,56,64,77,97,84,57,20,61,35,74,85,67,38,11,96,77,22,77,80,15,22,50,83,79,4,83,69,88,3,31,30,6,30,24,78,3,78,95,8,73,27,70,61,27,73,32,100,56,54,2,80,65,95,69,23,83,86,98,27,9,96,30,85,6,47,27,90,6,83,86,100,52,30,10,26,66,26,55,97,61,60,55,20,76,85,2,85,34,90,6,75,72
63,74,24,34,86,26,94,33,69,78,94,19,12,27,60,46,37,69,76,75,91,93,54,51,24,66,47,42,88,80,60,92,99,9,35,83,92,41,89,25,15,65,10,53,38,100,48,65,58,29,31,50,81,8,68,16,13,56,68,75,45,59,23,70,62,80,84,45,62,73,95,20,28,18,49,64,19,64,3,55,97,94,71,71,52,29,59,54,15,6,22,89,24,87,61,20,96,23,72,82
53,16,10,56,38,75,54,11,61,0,84,52,35,62,89,36,99,7,77,89,76,75,39,54,66,7,27,12,67,45,97,9,99,37,96,64,1,28,97,85,38,12,31,13,86,98,49,95,55,65,85,27,57,60,81,19,94,0,21,50,67,52,67,41,53,100,22,82,73,13,32,10,3,21,21,95,10,62,87,73,22,10,13,20,36,36,72,16,47,3,96,89,78,51,63,18,96,97,1,8
11,75,23,78,85,15,8,76,82,58,99,29,82,87,93,44,51,28,92,55,72,70,77,81,89,84,59,39,66,17,93,29,44,27,41,57,58,47,90,85,38,5,48,91,67,86,91,39,58,8,50,41,34,83,16,58,68,29,89,32,28,46,96,65,52,69,52,80,78,19,9,76,53,69,38,35,1,17,70,34,89,28,82,89,49,52,80,97,78,6,46,46,60,27,95,80,45,2,92,45
27,60,7,40,46,34,97,9,2,81,69,79,14,88,66,34,84,5,30,59,77,73,79,61,28,28,52,27,48,35,16,44,94,41,81,3,21,39,4,22,74,12,50,81,97,37,74,75,44,73,86,11,27,99,76,45,44,21,55,29,44,10,75,87,56,36,84,44,69,2,12,7,18,90,77,34,9,15,84,90,79,74,71,1,71,17,82,12,62,27,59,55,44,2,64,59,72,15,0,74
68,36,58,10,3,58,98,38,46,70,53,23,48,46,43,73,81,28,79,45,40,70,45,90,73,9,2,55,14,75,84,26,95,71,87,14,40,15,56,28,66,39,38,55,42,18,36,52,57,99,98,40,22,71,80,16,57,26,67,29,12,7,34,32,20,78,2,6,73,27,8,65,43,33,73,47,12,56,89,12,82,76,11,37,76,55,64,99,79,47,3,29,78,36,97,88,17,95,53,78
46,37,87,36,44,7,50,27,58,44,82,42,8,93,19,32,3,65,26,45,51,56,66,42,83,31,41,38,9,6,15,37,56,39,26,36,91,31,59,38,89,61,55,49,76,57,41,40,88,11,39,42,99,39,34,30,58,35,84,67,94,57,61,38,34,100,37,5,3,61,1,20,22,1,16,49,68,35,1,86,78,14,22,3,50,46,78,3,64,17,32,92,90,67,7,60,30,82,91,58
65,0,76,22,71,59,11,95,29,31,36,72,77,70,31,15,74,50,36,20,66,79,90,76,45,84,89,13,48,32,48,83,65,48,31,52,38,35,70,15,38,72,65,28,79,25,97,77,14,36,89,59,91,31,73,3,26,42,38,63,78,90,81,27,42,55,0,81,78,85,50,74,52,85,55,59,92,68,60,82,82,39,21,83,75,93,47,65,88,52,4,64,31,21,12,17,41,60,54,76
73,19,61,23,81,79,31,87,61,10,29,13,10,43,69,72,52,24,71,49,77,31,74,0,6,70,93,16,85,81,15,37,1,0,48,46,69,90,2,50,56,98,15,71,1,42,14,30,7,32,90,34,92,89,1,44,53,0,97,63,43,45,4,4,55,23,16,40,67,39,28,45,13,92,19,55,21,24,3,90,48,52,37,64,59,67,42,30,92,98,1,1,69,16,95,96,47,6,23,80
20,5,18,98,14,6,92,42,23,83,10,66,87,94,93,96,42,5,63,82,42,89,25,35,100,0,76,68,91,67,43,54,38,30,26,82,91,14,90,79,28,9,46,49,39,78,83,43,93,34,67,77,3,86,30,42,65,92,62,29,19,43,80,95,90,31,93,46,27,54,36,59,31,96,85,45,74,88,1,26,99,81,55,64,34,69,93,82,25,61,86,37,97,68,26,23,6,36,36,84
19,64,12,93,41,27,33,34,12,5,34,38,38,20,9,11,75,94,60,69,71,0,23,75,4,68,72,47,30,32,79,92,41,75,90,68,25,37,34,65,3,37,13,19,14,77,31,40,22,95,70,13,56,82,99,86,80,25,21,14,41,62,65,88,95,100,69,20,69,44,100,64,69,87,55,31,29,92,20,93,13,65,55,95,42,89,12,85,11,40,8,50,0,67,77,72,13,8,13,98
66,74,91,89,37,48,33,58,70,50,35,25,22,22,33,26,8,97,17,76,49,42,58,54,74,67,74,59,42,1,95,26,44,9,90,31,94,9,38,22,58,24,23,44,46,93,93,34,20,61,91,31,70,60,4,68,46,47,70,10,25,6,13,58,72,62,99,3,69,21,92,25,34,66,38,98,56,17,16,68,23,24,84,53,91,25,49,36,35,55,61,56,66,37,23,26,94,41,56,0
7,100,3,1,63,64,71,79,20,62,95,41,61,93,24,44,55,69,86,74,98,5,89,99,54,86,89,87,90,25,77,51,74,1,5,99,94,17,76,25,27,19,70,97,5,40,29,37,9,98,48,16,56,92,8,49,81,83,90,10,29,97,76,62,99,38,42,4,67,7,92,86,56,57,87,30,45,24,52,77,84,0,7,77,25,78,75,91,49,74,36,65,50,60,64,51,64,2,64,1
38,88,2,67,0,62,88,19,31,84,8,41,75,78,8,7,58,10,40,61,17,59,29,19,26,43,61,8,21,93,15,78,17,26,40,63,2,91,80,48,31,68,89,50,47,89,65,23,81,43,88,42,72,33,31,8,7,47,57,20,40,63,86,5,73,29,63,0,100,5,76,95,52,84,76,21,45,6,44,88,41,40,18,22,96,67,52,13,68,71,37,57,66,73,6,25,73,80,100,88
71,71,19,91,90,83,40,21,14,37,73,26,34,6,60,97,81,66,97,29,11,62,38,32,11,13,23,74,78,61,17,1,100,62,87,82,40,47,1,11,80,51,58,2,60,43,9,92,16,90,50,37,56,65,57,32,73,43,59,100,30,55,18,5,31,17,27,31,96,34,34,67,99,44,85,16,86,100,18,5,40,15,64,46,87,52,56,81,84,13,18,37,52,70,24,92,63,13,35,35
34,33,45,23,76,82,33,40,94,57,4,64,100,35,30,87,94,26,78,69,10,8,14,13,92,13,13,83,41,12,38,88,99,98,28,32,39,15,47,38,1,28,61,96,63,90,14,77,6,29,71,62,4,78,63,54,40,29,37,56,4,54,57,26,34,74,62,6,2,13,84,70,22,81,82,50,44,36,76,69,74,32,73,12,64,21,53,20,51,56,61,17,55,35,43,0,55,11,72,4
86,52,69,23,67,11,46,97,79,31,76,89,95,77,38,8,44,45,55,5,69,88,27,18,21,85,73,59,52,83,44,96,21,56,9,47,43,3,34,7,39,20,89,7,70,40,8,74,7,85,91,16,85,23,39,7,33,53,68,6,8,66,68,14,33,94,5,96,86,44,51,21,22,80,77,36,54,25,90,14,58,40,68,95,64,8,61,23,87,60,7,55,86,20,31,28,99,73,10,23
40,29,46,46,57,28,62,38,12,35,52,46,10,93,28,65,92,14,16,14,61,76,84,22,3,26,92,0,61,27,50,62,9,87,23,30,63,78,5,9,28,32,81,76,59,87,30,50,71,6,80,97,62,83,30,30,24,100,19,81,80,73,14,92,81,55,13,83,88,97,87,79,85,44,76,30,83,25,88,68,24,74,87,38,21,27,29,61,94,28,23,2,65,68,22,51,92,70,90,71
55,9,87,79,47,2,51,86,32,44,32,1,24,54,28,13,8,3,32,44,16,96,40,54,97,38,80,90,21,23,72,82,97,0,45,7,20,40,58,95,27,75,47,56,33,96,81,70,35,50,5,34,1,18,72,49,92,70,89,15,66,86,90,69,90,78,24,69,81,14,85,2,51,75,30,24,80,46,91,31,58,81,56,32,92,89,75,65,48,12,72,78,76,43,71,13,70,1,96,52
35,6,6,17,66,64,77,32,28,22,13,13,90,9,67,36,6,89,41,16,75,9,81,14,45,92,15,47,92,35,48,53,52,81,36,97,20,84,46,10,20,0,83,47,75,65,46,9,89,82,59,91,8,22,4,46,60,9,27,28,11,7,40,65,44,95,97,14,69,31,63,0,84,3,76,32,69,29,8,46,86,26,5,25,75,52,79,96,21,57,22,19,35,86,84,24,51,10,89,13
74,36,42,73,20,62,70,84,9,22,8,20,7,2,99,45,70,72,92,47,81,83,96,36,44,76,80,7,97,51,38,40,82,78,88,88,57,50,44,52,28,26,55,98,72,22,25,70,52,35,63,89,60,83,65,100,40,39,18,20,39,72,53,2,36,71,54,33,78,88,79,62,93,20,35,96,81,87,16,25,44,16,98,93,68,48,43,77,47,26,99,94,8,58,64,68,66,69,3,68
42,36,62,20,45,50,87,78,18,48,78,34,65,97,19,75,80,65,34,28,43,45,64,8,50,33,29,30,8,26,51,5,6,53,70,99,84,33,32,100,85,59,75,91,15,40,30,5,32,48,35,96,59,84,78,37,80,49,3,12,64,43,51,99,27,33,54,29,35,83,20,63,31,32,92,53,72,23,46,41,71,82,82,15,100,89,53,75,10,36,27,63,58,31,29,37,75,51,98,48
76,15,7,24,88,8,5,2,43,9,89,13,82,2,35,92,56,51,42,42,61,78,43,70,72,64,55,15,26,85,66,40,81,78,41,28,51,79,62,99,58,23,35,53,72,68,33,2,36,86,37,77,83,8,59,2,29,77,32,46,67,37,33,53,91,92,31,75,100,92,77,6,68,2,96,39,97,14,52,35,75,67,77,24,16,83,27,10,53,84,24,67,51,86,46,49,54,29,56,7
54,61,3,31,37,34,94,11,48,19,27,83,13,54,29,90,42,90,27,84,52,88,29,98,45,4,9,65,51,2,46,38,64,76,26,61,68,50,55,91,25,72,58,44,47,84,54,73,21,5,67,16,38,49,54,35,89,77,41,77,24,87,15,35,13,25,27,20,56,84,34,86,0,18,13,42,66,79,82,61,74,36,35,24,51,73,63,100,79,77,43,3,16,97,35,58,94,5,58,91
23,22,39,74,91,49,0,58,62,93,20,0,38,26,49,41,93,57,3,31,6,92,32,89,33,0,9,13,72,85,61,93,48,28,15,57,54,56,13,45,8,50,80,23,40,68,30,73,59,48,46,74,61,22,76,7,11,48,62,68,80,11,61,68,15,51,59,55,92,81,7,88,46,89,72,56,53,52,63,35,75,19,47,42,82,82,100,93,10,72,100,27,88,95,1,73,91,62,8,47
85,61,66,73,34,85,72,14,71,0,56,15,86,69,53,92,46,55,83,35,3,62,62,98,91,61,76,7,49,66,87,67,38,57,31,47,55,60,9,48,29,56,83,19,81,87,26,60,12,6,29,78,14,43,33,83,94,61,27,51,71,66,27,72,0,13,71,76,35,95,18,26,82,28,59,57,83,89,28,38,69,19,99,30,56,25,7,96,49,95,70,28,65,28,84,23,29,82,75,42
87,90,85,28,69,65,52,49,52,2,61,10,5,81,45,70,72,14,36,73,30,96,37,22,54,88,38,66,0,92,15,38,97,2,94,99,41,35,62,7,92,12,40,58,95,15,67,15,54,33,88,43,35,94,65,35,81,30,66,65,3,20,14,84,67,9,34,22,97,37,4,33,64,64,14,92,63,35,32,14,30,58,51,29,5,59,1,63,0,69,7,70,74,19,90,2,64,98,11,51
33,23,30,28,73,1,8,41,3,2,40,69,82,30,93,7,39,57,3,65,46,34,81,68,27,92,27,57,25,81,100,2,92,96,34,75,11,76,87,30,88,24,36,70,14,17,80,18,19,30,8,44,31,1,59,44,91,14,36,81,53,46,54,74,17,26,41,77,47,92,2,17,0,17,69,57,9,82,88,42,55,40,59,27,80,77,25,68,16,69,57,17,26,56,26,67,16,50,28,78
34,22,26,7,67,68,77,58,76,46,34,9,93,98,46,67,64,61,62,75,98,13,58,45,47,35,1,69,33,60,23,2,98,98,25,77,60,23,75,3,52,18,4,44,5,91,45,23,8,19,84,3,4,14,0,73,72,22,89,13,51,76,16,99,5,1,65,7,81,18,34,18,42,14,67,44,45,11,79,84,22,36,57,57,68,29,48,18,54,70,61,66,44,6,36,33,39,77,29,12
64,69,36,65,14,7,28,5,89,3,25,78,62,15,38,25,45,28,60,81,80,44,80,45,37,59,50,86,18,17,11,19,47,55,40,73,52,54,50,93,15,53,24,18,70,28,68,84,69,47,30,18,45,31,78,40,5,17,30,76,40,7,87,27,44,75,60,22,39,17,2,38,10,31,96,50,62,22,75,49,8,21,87,76,30,52,9,83,98,45,72,89,66,72,94,60,20,47,53,78
57,3,37,5,57,10,94,5,68,49,51,49,95,85,80,80,53,21,68,67,87,77,18,7,66,71,88,64,84,47,36,36,86,97,76,20,52,71,88,5,88,76,90,42,75,12,66,47,21,62,100,73,23,56,82,35,63,12,88,43,40,26,93,0,41,53,46,19,74,86,14,50,3,48,89,68,100,31,30,31,89,74,81,49,97,81,64,41,99,54,83,8,84,65,27,63,35,98,94,38
86,9,43,35,43,56,55,59,5,29,87,54,92,34,74,5,28,79,18,0,74,9,43,65,61,2,76,82,19,16,84,99,32,18,26,91,57,71,73,3,71,47,90,31,45,32,98,84,7,24,15,44,64,10,88,57,47,73,16,47,87,28,69,61,67,59,48,83,65,49,10,87,96,83,90,44,59,57,94,4,48,60,41,26,84,52,27,87,52,29,22,3,7,51,36,36,72,84,44,99
2,27,10,26,91,74,92,44,68,11,44,60,76,37,51,73,84,53,28,31,23,67,56,35,62,11,33,70,39,86,65,40,37,35,45,20,81,19,21,12,44,46,76,48,91,18,92,66,52,22,39,36,17,0,4,88,73,24,76,67,45,39,21,38,92,15,18,43,16,97,27,3,28,93,24,25,71,60,92,93,79,63,2,68,6,42,9,0,98,94,58,93,55,33,63,24,9,23,95,17
77,75,26,29,68,46,16,9,61,6,89,59,67,64,35,8,6,28,5,19,33,54,27,95,34,53,18,27,56,46,65,78,14,46,19,97,41,82,40,21,34,68,25,80,73,5,13,74,77,98,62,80,60,58,50,36,34,13,7,61,66,96,20,40,55,11,72,71,75,76,94,95,14,84,52,24,19,68,42,25,0,48,45,33,33,100,95,4,40,72,75,52,45,53,34,53,25,32,19,34
4,30,16,40,90,31,49,56,94,78,4,93,50,21,5,32,91,98,95,58,73,90,26,17,52,10,89,87,34,45,6,76,66,12,72,73,17,62,13,82,34,74,83,52,6,80,38,61,96,35,50,1,88,94,53,71,95,63,35,31,97,62,39,45,13,67,44,33,95,91,23,70,90,71,46,25,40,29,9,31,18,13,36,36,93,1,95,87,14,78,74,70,66,11,61,73,44,27,10,6
74,56,97,53,14,98,71,4,12,99,33,3,49,30,83,47,89,70,74,13,95,12,20,36,27,48,11,21,91,58,1,13,59,17,7,73,83,93,74,58,70,76,93,20,12,81,79,77,82,84,9,49,34,50,85,99,83,5,47,92,25,85,2,44,37,47,79,14,9,39,97,94,77,58,78,86,41,24,25,69,61,20,72,22,6,16,25,97,64,30,80,65,60,9,75,67,80,95,100,39