50,51,86,23,6,78,53,45,57,14,98,32,41,7,86,40,92,42,29,46,93,62,15,35,62,86,51,1,1,53,44,83,99,51,63,43,81,87,57,13,37,14,11,8,85,63,79,52,63,41,18,32,40,84,85,72,83,1,4,27,94,63,72,46,10,31,42,72,71,8,86,10,89,58,33,10,57,91,91,17,38,38,95,18,59,50,32,0,82,61,91,37,1,28,72,14,35,18,11,7
10,38,14,2,74,70,83,70,74,80,16,16,3,12,100,36,62,40,72,27,34,93,90,50,15,33,31,88,90,85,96,17,29,44,52,13,86,88,73,57,72,49,38,78,34,4,29,6,28,36,70,35,45,54,83,6,68,75,7,3,48,38,22,25,4,11,9,22,59,42,28,2,84,4,26,80,75,36,30,2,74,36,22,58,36,84,13,60,20,10,3,57,62,26,86,93,81,46,60,34
12,16,56,34,4,46,56,78,30,39,86,90,60,99,59,73,27,53,70,36,56,92,82,87,84,15,35,67,41,27,78,32,88,14,97,68,33,59,37,25,84,30,10,19,31,41,59,59,54,48,12,50,66,76,5,64,92,6,1,14,77,20,85,80,17,38,53,75,100,54,18,3,28,74,89,78,97,13,0,60,54,36,62,16,62,5,40,10,66,64,63,82,62,43,79,84,79,53,24,98
78,13,79,78,91,55,35,80,49,31,52,80,30,50,67,74,0,26,46,91,97,85,79,1,64,11,45,31,13,20,11,71,72,84,95,53,53,67,13,58,78,80,32,71,65,29,6,76,81,96,50,97,64,58,90,86,13,95,34,40,58,16,48,39,9,84,0,35,52,33,10,84,42,57,38,78,41,5,68,15,38,19,24,80,50,43,35,58,25,100,74,99,88,32,50,75,40,55,60,25
23,86,76,73,69,60,25,38,80,2,53,96,1,3,89,100,11,30,29,26,62,15,58,89,1,7,54,10,47,22,2,18,42,24,26,51,89,26,82,48,15,50,80,78,23,15,1,59,89,34,33,94,19,78,96,45,52,80,43,69,5,12,9,58,16,0,81,17,21,48,31,16,47,55,44,64,99,42,73,99,36,95,38,10,51,46,9,46,64,47,73,62,70,39,74,32,96,80,75,99
9,16,51,81,74,82,33,73,95,95,28,4,59,49,12,38,33,65,85,65,4,96,45,97,16,38,11,11,44,71,82,61,87,6,12,24,64,47,96,61,23,71,18,23,73,43,96,19,82,4,11,82,44,23,71,40,35,85,62,71,40,44,83,29,80,4,77,41,21,63,3,14,95,40,6,65,94,35,2,22,56,56,88,48,56,30,83,19,27,68,86,79,91,46,51,16,71,14,2,58
9,100,90,4,41,19,14,1,33,19,62,55,84,59,74,26,41,27,62,70,17,65,75,94,22,91,73,44,68,96,59,3,76,8,24,54,2,19,75,3,31,91,75,91,77,5,44,38,75,15,83,46,10,93,9,34,32,38,40,68,93,93,69,33,2,58,43,31,34,38,9,99,76,31,23,22,82,82,93,64,49,14,1,45,52,43,83,17,53,61,82,36,23,20,30,52,2,0,79,88
73,43,87,37,44,69,65,3,51,46,82,3,3,27,97,60,8,96,77,56,6,32,7,23,80,99,24,21,3,44,42,40,54,99,30,87,80,22,70,89,0,60,0,44,97,37,85,98,86,7,77,33,90,17,97,78,72,21,68,63,80,19,36,78,25,49,57,27,55,24,100,13,78,78,25,46,41,12,17,12,5,62,92,20,94,77,0,98,25,46,47,1,22,43,76,86,68,59,35,52
97,67,98,88,47,65,28,65,19,87,99,68,52,11,71,0,4,70,77,88,69,95,55,59,35,46,62,36,13,50,70,30,27,60,58,42,87,21,52,53,19,47,74,45,27,98,3,64,96,21,49,70,77,53,13,65,68,82,10,60,33,40,97,34,33,68,11,1,100,56,41,63,81,82,57,35,67,55,13,39,100,77,51,14,94,0,40,49,5,24,3,40,91,49,54,72,63,88,21,96
20,6,97,68,85,37,60,4,31,92,43,19,72,84,63,20,61,54,78,4,99,20,69,6,33,10,65,85,46,92,20,46,65,32,88,37,45,25,15,53,61,38,56,96,61,62,55,15,89,49,43,28,58,66,98,47,47,71,1,22,93,98,7,11,81,91,36,88,51,9,89,67,31,76,11,32,22,54,77,13,46,14,1,14,37,87,15,36,22,100,39,46,3,84,34,86,57,91,12,44
45,9,87,19,53,33,92,91,2,50,79,86,91,88,90,26,8,84,1,71,63,4,47,74,68,91,3,44,89,38,52,60,97,49,72,85,16,3,88,99,18,92,55,7,35,17,8,70,50,26,48,60,24,79,17,23,96,43,49,71,19,47,48,20,55,6,53,5,2,11,79,32,15,23,6,46,68,17,86,25,64,13,86,87,90,99,61,46,74,90,33,65,73,85,17,44,75,96,21,24
47,19,54,6,58,97,12,1,70,33,96,21,75,10,40,68,46,42,13,83,88,88,56,60,31,95,44,0,7,48,38,6,76,95,90,30,52,56,22,3,59,97,42,17,28,57,37,73,44,59,4,9,44,82,69,48,90,68,49,42,96,74,71,82,64,39,91,24,81,32,79,73,36,37,38,76,33,90,63,58,90,32,81,25,23,8,3,87,56,3,60,3,24,67,59,14,81,52,93,23
57,17,8,29,76,92,16,78,0,48,50,86,94,49,60,63,94,45,39,86,85,72,53,18,2,29,1,92,70,39,21,57,27,38,79,41,8,27,11,21,72,16,1,100,11,34,96,80,13,78,80,76,59,49,36,68,92,76,76,84,55,90,42,27,54,19,99,74,73,4,56,87,70,86,81,72,57,6,38,12,5,25,88,27,3,93,24,72,15,73,48,32,76,59,94,21,92,79,14,18
5,5,98,30,19,97,81,52,29,98,75,41,88,29,87,9,62,84,92,51,97,57,92,75,62,60,41,99,2,88,86,17,82,42,15,92,91,74,0,87,65,65,1,19,56,43,59,31,58,62,18,95,22,39,55,89,24,85,63,27,1,45,64,96,48,63,22,18,2,56,98,90,4,99,44,63,88,48,19,37,8,2,71,31,38,88,12,88,8,72,100,33,51,68,20,26,7,21,89,56
29,66,40,63,78,8,33,77,63,13,94,86,84,32,79,14,3,22,76,3,61,36,0,96,69,14,86,2,27,39,68,26,14,97,75,68,65,27,36,78,2,57,24,80,84,87,53,2,54,81,6,6,57,22,44,42,66,17,76,45,54,23,8,12,61,70,33,68,49,64,89,20,34,25,23,91,0,66,34,40,12,70,68,2,59,83,80,75,55,70,98,24,38,57,26,100,9,79,79,24
25,70,58,15,51,98,37,44,51,82,63,47,50,16,46,77,57,37,32,62,56,78,71,47,93,83,100,98,3,41,57,68,54,91,72,7,1,19,17,61,96,29,79,76,47,66,6,69,96,84,61,53,85,82,70,98,95,48,19,69,65,52,33,83,12,93,27,87,88,71,27,52,85,89,80,24,71,8,11,56,82,82,22,25,100,7,62,94,54,82,74,23,35,47,65,33,38,44,32,95
15,56,76,42,61,24,73,55,23,73,40,41,86,96,46,91,67,22,51,92,83,17,36,32,37,16,94,73,37,26,63,57,30,94,97,1,53,55,45,13,80,95,6,65,92,9,74,81,11,71,67,15,32,15,95,0,89,18,17,15,43,36,97,0,53,79,76,57,35,51,26,82,15,8,61,57,3,71,24,52,6,87,58,72,18,55,23,23,13,2,19,56,44,94,56,24,71,41,53,56
63,18,26,8,87,68,27,4,14,0,87,56,16,4,63,97,14,42,92,82,92,36,41,4,31,94,46,72,84,40,66,0,90,11,57,18,73,49,97,35,11,62,51,3,58,2,98,91,7,21,50,2,51,72,33,47,5,43,92,25,82,60,70,41,25,24,18,30,2,2,67,78,63,39,36,74,76,98,50,91,40,87,65,69,75,65,5,11,67,67,66,68,71,23,46,25,52,63,85,13
90,81,41,84,21,21,75,42,67,77,28,70,10,87,89,54,84,27,17,10,55,48,83,35,8,40,81,17,21,55,45,24,28,93,91,88,28,89,91,88,42,9,46,13,70,22,51,2,4,39,44,70,29,63,49,52,1,62,16,40,58,94,97,75,77,92,97,78,31,63,46,86,61,76,19,20,36,18,93,9,58,62,2,32,39,23,62,55,77,80,61,92,95,54,40,75,25,64,36,80
99,56,79,57,50,47,92,32,61,44,30,68,71,35,90,83,75,16,13,27,48,75,95,97,90,3,42,74,78,14,69,32,100,80,76,90,94,78,76,62,59,68,98,23,20,60,79,43,77,75,52,78,96,43,80,31,86,84,74,91,85,78,2,48,86,21,14,96,43,77,98,60,80,14,54,86,50,61,13,3,83,98,27,72,73,61,47,38,100,35,28,43,46,83,1,55,59,40,57,59
38,65,69,54,29,85,51,44,9,83,4,1,97,5,23,53,48,60,47,9,76,42,71,25,44,12,39,15,92,13,82,74,11,95,17,9,97,57,12,100,81,5,69,89,89,38,91,14,96,16,77,66,32,76,58,62,77,47,81,86,43,63,93,3,24,40,3,9,44,67,73,0,49,93,40,20,12,93,37,73,35,51,41,3,10,4,47,96,14,9,1,83,45,5,27,47,10,41,9,3
66,80,48,93,23,10,2,33,97,74,89,16,31,35,46,72,14,15,65,60,86,3,54,28,88,68,4,21,72,86,17,49,32,33,71,81,17,44,56,53,62,72,17,46,46,27,26,11,77,73,67,30,98,32,97,35,79,41,35,74,65,86,76,61,72,11,72,4,5,68,16,33,38,94,57,89,6,34,53,38,54,84,34,55,51,85,56,27,78,21,92,84,30,18,31,77,67,74,64,62
31,87,54,92,43,29,56,60,21,90,16,39,90,14,71,78,65,89,12,64,85,61,41,96,84,3,67,34,94,87,59,53,59,92,66,54,47,77,54,61,41,61,80,9,34,27,29,19,38,69,10,67,12,9,74,28,65,6,58,85,3,19,80,19,64,66,80,99,0,24,76,11,1,15,49,33,48,31,41,69,39,60,92,27,86,19,62,93,51,66,72,92,4,24,87,59,54,7,98,79
49,78,42,54,1,83,32,72,70,67,2,17,43,90,58,11,42,30,54,68,48,66,20,94,7,66,42,21,19,100,45,47,45,26,52,100,65,19,66,96,10,68,70,100,95,1,25,87,100,14,73,97,26,94,40,57,14,55,26,92,91,57,33,99,24,31,78,75,2,53,22,57,39,0,68,4,13,83,18,24,18,1,97,59,3,57,5,46,93,32,41,28,46,24,49,50,12,40,52,35
14,81,93,68,63,51,52,92,42,94,49,78,86,19,27,6,66,58,71,85,74,94,40,90,99,52,38,29,38,77,17,46,39,50,68,86,39,61,12,11,80,33,33,69,93,51,52,34,4,59,34,80,15,86,22,68,45,45,95,56,66,80,31,48,12,37,61,10,8,81,96,21,70,20,28,88,78,83,4,65,51,88,16,44,81,49,86,51,44,40,73,73,28,76,1,24,5,33,21,63
17,31,20,70,11,59,71,67,23,48,9,5,56,26,24,45,50,43,77,9,68,42,4,50,34,0,100,7,46,26,37,47,23,80,33,97,60,52,20,17,66,0,2,12,78,92,98,75,0,70,31,99,40,52,86,58,2,27,52,34,89,94,68,35,65,67,72,16,24,10,77,4,41,17,47,10,13,13,4,89,3,75,59,54,72,92,21,11,75,30,36,10,63,11,100,63,0,76,11,77
42,41,74,78,81,42,54,85,2,77,82,34,89,93,66,10,36,88,13,20,11,39,95,45,97,52,33,21,11,5,96,9,100,77,89,56,41,25,86,80,54,96,73,38,19,98,73,7,60,21,2,50,73,47,48,93,29,10,6,8,84,11,19,59,29,98,29,49,24,2,83,8,83,89,44,21,73,99,3,60,23,53,17,2,59,26,67,9,72,82,5,68,39,46,42,17,41,71,80,74
46,36,28,82,58,100,2,31,77,88,80,18,59,68,24,18,95,48,52,13,17,83,89,4,80,25,89,44,29,97,99,37,13,15,8,27,8,88,90,82,99,1,97,39,23,27,0,71,56,15,27,27,92,9,98,70,84,71,100,92,22,56,79,45,64,83,22,27,71,16,27,1,45,61,100,42,95,46,69,26,0,28,77,30,43,66,7,39,43,9,7,1,36,2,87,5,11,76,69,92
40,36,84,47,36,51,47,39,8,98,80,63,73,2,7,49,7,10,100,96,6,79,31,87,78,86,26,73,91,64,18,27,21,29,35,10,13,88,41,78,76,89,99,31,33,89,49,75,72,62,37,76,3,23,68,93,61,55,37,64,43,95,35,50,32,29,53,11,57,30,40,40,93,12,31,74,35,88,52,46,91,92,88,73,60,61,67,50,90,42,57,98,84,36,98,42,45,70,36,12
10,9,38,32,45,24,56,81,94,75,81,91,64,80,36,96,68,7,81,39,96,83,22,97,97,15,71,42,28,68,30,45,87,68,58,85,25,63,82,48,95,49,66,96,11,37,22,2,49,73,1,10,87,34,42,2,78,41,34,95,48,3,95,89,32,52,69,62,89,10,5,81,88,35,89,74,61,52,98,10,42,100,0,5,8,82,77,98,45,41,51,48,90,45,32,37,16,52,35,68
83,1,47,58,22,63,60,57,76,0,93,99,11,5,70,62,82,88,88,41,51,5,59,12,11,45,100,7,13,86,87,61,62,12,54,76,80,44,17,21,3,9,55,11,79,45,90,63,13,25,72,21,69,39,22,33,11,72,41,33,58,23,15,50,68,18,15,36,89,78,32,30,84,41,12,28,94,77,27,42,0,74,60,53,66,34,25,74,97,24,64,9,48,6,49,77,78,89,70,21
48,79,28,6,8,90,9,100,74,56,13,78,90,27,36,5,77,91,30,79,36,51,60,92,78,13,13,9,19,63,77,28,17,27,65,45,91,25,15,47,59,29,94,18,67,3,35,37,66,52,28,1,22,24,3,24,89,40,93,42,77,0,12,90,76,59,14,7,18,30,61,73,85,60,80,51,26,29,65,52,47,13,15,50,89,98,89,82,94,80,27,100,36,88,52,14,86,73,38,92
78,69,92,73,31,86,54,69,49,42,37,53,17,58,42,64,37,26,20,69,85,56,50,44,5,18,18,62,11,18,21,99,64,53,97,93,95,76,71,39,14,75,7,46,46,47,82,82,53,45,20,2,66,72,67,18,4,52,27,62,74,68,91,67,78,59,69,87,22,22,7,9,29,44,24,2,90,35,77,52,84,57,12,10,82,10,40,17,41,88,24,23,25,79,28,58,38,6,5,10
83,6,13,9,87,15,0,82,74,14,78,59,28,72,82,49,71,75,9,97,58,77,99,37,74,38,12,34,91,84,1,61,60,41,47,32,77,83,21,27,57,1,20,29,74,87,95,66,70,91,84,97,71,54,50,76,37,5,2,83,3,55,2,39,75,4,3,60,60,14,39,48,66,33,69,96,80,17,28,45,36,63,9,55,96,56,82,20,77,27,89,72,81,33,55,32,32,18,2,98
78,35,39,92,4,56,30,14,75,81,51,67,79,50,82,57,96,0,3,67,36,94,99,41,85,35,68,52,26,7,31,0,52,6,0,87,23,26,10,17,16,85,68,80,65,93,5,20,47,36,66,79,80,23,71,61,13,43,82,65,83,47,10,12,57,85,51,29,53,22,83,23,12,18,60,42,95,73,65,84,80,14,66,79,56,68,78,37,88,0,8,64,47,72,92,59,40,85,89,62
40,91,80,87,17,70,92,82,10,88,86,17,42,73,36,34,52,100,73,66,72,32,19,38,18,9,79,65,51,95,27,88,86,16,96,64,50,17,4,10,62,53,32,84,52,92,67,66,79,90,87,73,57,4,68,72,43,42,12,65,52,32,14,1,27,18,97,79,16,78,30,10,64,74,70,56,8,28,26,45,23,97,16,4,3,96,27,46,61,40,80,97,20,89,69,59,9,95,1,81
33,9,33,54,8,49,46,2,22,73,45,46,23,85,43,20,54,86,44,21,71,48,54,4,61,53,51,6,12,10,30,24,41,10,34,13,51,65,24,28,60,92,85,64,35,19,21,41,98,96,6,46,98,84,30,52,3,46,67,99,62,85,78,74,27,19,46,11,31,46,95,65,10,91,44,40,51,82,15,95,95,100,32,5,26,40,69,73,51,37,64,59,68,30,47,48,17,37,67,2
97,64,46,68,92,40,77,87,23,89,15,7,47,3,56,20,41,72,59,97,36,99,55,19,52,69,43,73,29,62,47,6,13,67,53,59,83,33,40,36,15,12,19,75,22,79,96,75,36,0,77,11,47,92,24,28,37,59,99,67,62,6,34,19,94,62,100,9,17,10,0,10,7,76,78,89,73,7,29,93,81,74,13,41,58,88,78,4,23,74,46,10,79,41,81,6,29,27,1,91
18,58,58,85,75,33,80,27,62,37,63,5,18,47,95,83,61,55,45,17,57,84,57,29,73,5,92,29,2,70,5,54,26,17,7,92,38,96,15,28,13,96,97,47,67,46,2,98,69,43,96,76,7,60,27,75,9,96,33,45,100,79,17,82,54,8,74,56,25,71,81,2,31,87,29,45,57,28,2,62,3,17,34,65,92,81,76,15,57,94,82,3,28,69,32,78,52,86,28,15
78,94,49,51,35,56,17,18,77,92,91,87,96,60,28,78,31,25,28,33,15,52,64,99,0,41,2,67,73,21,78,12,80,92,89,13,41,7,33,66,78,66,20,24,36,79,57,80,80,99,56,69,3,82,54,23,89,58,5,62,21,87,90,5,12,99,45,43,15,82,62,71,43,94,40,25,69,41,40,91,84,12,43,18,16,3,41,28,15,36,49,64,79,15,4,97,63,24,32,48
99,17,12,90,4,47,88,63,94,10,81,81,17,93,32,29,47,86,30,11,98,88,42,88,16,100,70,91,84,99,1,21,96,8,100,16,95,89,53,87,98,93,26,74,98,47,33,12,26,57,3,52,37,47,5,86,77,68,7,19,58,46,60,12,25,87,57,88,37,62,95,26,70,99,92,68,78,4,94,87,39,82,25,1,57,68,61,58,64,1,10,77,69,76,84,85,11,24,84,15
19,2,75,14,88,0,60,33,28,42,11,69,6,87,85,60,25,31,25,99,0,0,79,10,38,52,82,90,50,25,26,89,0,51,45,80,90,43,41,10,11,68,37,23,38,87,21,74,99,73,51,66,91,75,20,96,14,55,66,11,74,51,25,96,33,97,81,66,28,57,84,38,95,99,50,93,91,10,73,72,25,70,51,58,92,76,11,3,16,15,58,70,52,37,85,5,18,86,87,95
33,16,55,3,100,17,77,74,6,21,76,50,46,12,76,99,6,43,55,43,6,92,36,82,28,23,52,22,69,26,13,55,70,37,6,23,53,4,49,19,99,47,43,99,21,98,12,81,85,0,71,53,8,6,89,56,41,78,63,12,26,56,71,59,29,52,24,42,40,31,23,48,18,88,20,1,32,59,56,94,92,38,68,79,69,83,56,82,61,75,48,55,41,100,90,25,60,82,37,1
45,68,76,73,78,40,23,70,48,98,69,69,14,40,81,31,9,0,38,7,44,95,33,51,81,15,87,90,64,52,73,27,69,54,56,78,29,2,79,38,66,83,4,37,27,85,39,84,36,15,30,73,80,7,50,58,80,71,68,3,35,22,3,82,7,52,73,1,41,71,35,100,52,38,29,44,21,83,15,39,73,18,15,59,11,57,70,68,52,45,9,88,90,26,23,42,24,28,23,9
3,35,6,91,97,94,67,4,98,87,9,19,20,33,50,72,24,21,66,35,78,96,62,53,26,26,19,12,39,67,8,98,43,3,32,79,33,38,2,79,81,91,35,8,49,63,30,49,94,20,89,66,22,53,9,53,31,69,21,44,9,81,85,32,37,43,60,93,96,94,0,97,59,19,55,35,97,5,43,57,78,59,52,66,85,12,96,11,81,43,8,14,63,97,55,55,80,6,46,37
75,13,86,77,63,37,4,72,36,62,99,74,82,87,81,87,67,3,60,32,85,81,80,17,14,83,95,55,94,42,87,28,74,50,15,40,60,79,54,34,49,96,90,87,67,49,4,19,69,5,16,9,60,6,92,98,68,33,69,51,27,87,27,29,1,57,16,30,75,12,22,3,53,25,1,86,89,9,49,9,96,1,2,37,68,25,32,94,53,31,9,46,51,79,1,100,70,22,63,75
85,82,72,82,95,26,37,45,34,69,25,18,47,42,41,90,7,77,78,52,44,38,93,47,3,25,7,25,48,45,32,26,68,88,63,71,94,72,25,69,32,19,55,80,30,97,35,35,14,61,57,88,41,84,5,33,35,39,82,77,91,94,37,10,54,68,0,1,72,0,28,11,60,1,62,70,48,35,8,1,65,71,7,70,79,14,9,27,19,61,84,38,79,66,27,58,67,35,28,85
74,27,58,48,60,8,34,70,27,90,7,26,63,49,30,38,18,45,13,41,43,72,25,31,17,46,56,31,5,42,66,88,88,61,39,18,79,100,49,11,37,75,85,54,44,93,47,100,87,96,54,15,1,86,58,84,24,45,52,57,23,87,21,61,77,21,73,95,29,72,8,88,45,12,88,93,8,18,49,70,73,90,81,56,6,93,63,62,96,45,29,17,33,1,27,29,18,7,48,98
83,41,74,34,55,22,2,20,62,88,56,81,12,96,20,18,94,52,47,97,86,35,84,7,37,4,87,13,38,87,63,8,75,3,97,16,31,14,26,19,56,24,72,3,17,82,1,36,32,91,19,48,62,88,66,76,25,68,78,81,91,18,96,98,52,45,89,15,31,47,57,39,21,24,77,84,70,41,18,93,29,58,29,26,25,41,23,20,69,86,37,100,25,88,30,13,92,31,57,17
27,19,46,65,74,6,61,19,88,25,95,63,58,22,66,74,88,88,77,19,8,28,6,35,66,16,45,60,67,32,23,20,57,2,10,65,91,45,61,13,80,41,38,42,96,2,55,81,0,24,33,29,20,47,93,77,6,71,43,48,73,2,67,94,56,25,1,52,89,83,19,28,15,15,93,22,0,11,4,69,41,9,42,21,41,1,98,2,81,78,21,86,42,6,41,6,2,29,79,92
95,69,64,59,47,16,64,90,18,20,78,19,31,7,64,9,19,95,80,64,37,42,63,71,49,90,28,66,64,33,76,53,56,30,88,62,8,33,95,20,84,51,56,0,59,13,82,72,73,29,1,76,89,47,67,97,94,96,28,90,57,5,72,15,94,81,52,41,54,14,57,61,73,100,28,93,41,7,70,48,91,22,6,95,45,77,83,8,26,8,62,13,27,72,86,23,35,63,69,57
23,51,54,76,99,45,40,90,98,100,69,41,47,53,45,9,23,31,23,27,36,61,23,76,73,29,85,28,9,0,55,37,2,4,40,82,91,50,35,78,42,61,62,29,61,28,34,89,34,46,26,25,27,17,43,94,44,41,78,22,96,10,70,56,34,87,64,76,86,71,19,46,60,72,59,75,7,7,27,48,27,58,28,36,22,59,45,10,69,21,86,90,18,99,72,45,20,28,1,59
71,33,30,92,6,69,88,23,70,31,79,53,65,98,32,77,35,4,6,91,45,53,39,22,42,91,4,6,23,28,94,41,66,30,30,30,35,28,29,98,70,67,91,34,0,59,2,31,60,59,7,37,13,30,3,12,79,48,80,62,81,29,62,4,41,81,73,97,58,70,47,91,77,78,84,26,6,55,61,85,24,25,77,79,81,44,34,84,47,95,82,36,31,24,16,80,67,59,56,3
41,46,48,52,93,21,37,86,14,93,11,4,21,6,69,55,13,11,88,6,62,74,85,83,16,70,31,19,92,8,84,81,59,57,55,22,17,34,48,53,17,61,5,65,24,55,60,81,28,93,82,67,19,80,21,92,94,12,20,43,55,90,99,41,23,88,93,90,52,63,89,74,40,0,79,100,65,44,36,12,25,92,19,51,67,22,32,43,9,28,49,12,10,89,90,90,38,44,11,32
22,13,77,3,44,31,23,31,8,72,72,94,94,17,55,70,76,34,49,39,4,24,66,63,25,82,80,58,29,83,25,4,54,90,55,18,69,33,75,56,76,93,42,34,29,36,57,90,80,83,87,86,50,49,21,11,51,68,37,74,54,55,37,32,76,47,48,2,87,8,74,100,31,57,52,97,82,28,14,19,64,5,47,56,88,97,81,64,3,91,70,69,88,39,74,56,34,44,93,89
48,42,78,1,53,43,43,56,15,68,14,63,41,62,20,59,92,57,97,96,28,24,31,82,7,43,34,9,39,53,8,91,79,5,29,56,98,78,19,69,35,95,80,37,76,44,21,95,27,73,39,88,15,98,17,13,32,95,35,17,54,74,80,46,98,46,4,82,38,58,18,52,33,68,65,8,98,80,80,59,9,36,76,38,16,80,73,73,36,36,39,1,16,90,18,9,47,73,30,4
93,45,98,82,94,61,69,57,3,75,81,64,19,9,27,37,34,30,27,77,10,55,29,21,69,3,62,59,85,76,22,73,5,69,84,19,56,9,85,56,95,0,89,60,81,84,12,45,32,34,46,60,25,21,50,73,79,17,21,58,11,80,64,38,67,96,80,89,42,6,80,25,5,28,17,57,93,23,72,11,84,73,44,18,67,100,93,88,3,90,100,54,84,84,71,35,2,59,88,33
97,73,60,52,4,96,27,27,94,26,18,62,55,85,40,47,82,50,55,25,24,58,30,35,72,39,13,29,25,24,45,8,2,97,54,61,23,56,57,34,39,53,57,17,35,69,47,63,62,46,89,86,75,24,49,14,51,46,62,28,9,96,22,3,66,43,0,69,43,98,18,75,99,7,10,1,15,71,78,17,85,8,45,20,78,44,16,65,14,88,97,21,83,87,78,66,79,61,62,9
23,34,82,51,19,30,44,85,86,98,23,87,88,13,41,90,9,8,16,36,79,67,70,71,78,93,32,24,72,93,80,54,6,3,25,39,24,63,67,17,35,98,14,15,22,79,22,57,54,8,26,29,16,88,24,36,78,77,98,20,43,44,8,68,43,9,21,9,20,81,8,5,61,32,70,12,15,8,45,76,40,50,5,61,19,11,4,17,88,93,71,74,35,36,22,86,16,88,46,77
58,57,45,28,54,33,80,17,52,79,51,97,95,35,91,44,21,5,9,93,77,73,0,6,54,99,98,33,71,42,14,28,100,21,23,45,39,39,45,27,40,65,4,52,9,94,64,17,54,33,65,55,28,96,40,11,77,92,80,38,41,2,43,62,40,56,20,50,64,22,37,36,84,41,4,64,79,36,28,2,69,91,45,15,62,24,91,49,35,95,45,71,31,48,8,45,52,47,37,27
76,55,74,7,54,4,49,94,8,15,78,92,86,74,19,81,68,24,97,31,70,79,24,92,70,74,70,40,73,74,2,36,78,30,37,22,64,76,93,69,13,27,37,45,34,90,11,42,83,27,13,35,79,39,91,64,40,33,93,99,51,44,23,65,38,57,75,32,93,48,11,60,27,34,50,81,22,5,90,49,60,95,1,66,78,99,35,49,90,4,65,23,19,24,96,59,32,10,12,17
19,86,44,3,12,49,25,83,24,68,85,16,55,13,64,11,69,9,18,76,0,22,77,90,5,48,31,30,80,32,81,78,82,35,35,91,83,46,72,24,33,7,47,50,59,76,24,25,91,37,17,57,94,5,23,76,39,57,53,58,22,73,18,43,31,81,17,74,34,23,99,53,30,49,38,25,0,52,15,16,83,35,99,57,29,85,22,1,4,50,23,32,24,43,28,20,20,74,86,46
21,3,19,63,60,78,98,22,9,55,50,50,95,93,33,88,65,88,44,96,56,31,38,35,52,6,48,92,68,80,20,67,54,8,52,95,26,65,17,38,25,33,75,32,100,64,94,60,84,41,88,36,17,30,66,55,21,89,99,14,93,78,11,70,58,30,85,30,22,38,24,61,44,2,99,13,78,57,73,38,78,27,99,46,91,30,58,2,63,71,75,59,90,87,45,7,25,51,84,91
89,83,34,60,26,61,98,5,41,80,57,10,19,29,32,1,64,3,61,24,29,58,5,64,76,81,93,2,16,32,98,11,24,5,50,18,8,15,31,52,32,90,85,33,34,89,98,2,5,18,34,8,88,33,67,83,97,9,16,25,95,98,83,84,83,30,58,42,50,37,82,23,55,48,33,35,96,29,90,50,78,78,78,46,78,89,37,3,10,21,29,78,38,51,95,69,27,6,46,4
5,20,47,2,68,65,8,13,40,91,100,51,44,58,16,87,78,75,82,16,84,2,3,50,17,78,54,12,96,55,32,80,70,55,32,34,81,65,41,80,72,44,45,54,40,60,91,95,21,55,56,9,8,65,25,61,78,10,48,85,25,85,8,77,99,38,28,32,69,7,39,31,44,73,53,96,54,22,45,27,13,91,3,59,44,48,16,49,61,100,17,93,70,40,39,38,3,46,54,66
76,51,39,35,74,23,45,60,10,64,65,69,44,50,20,88,54,24,77,39,95,45,47,94,35,84,1,6,30,100,94,82,92,27,78,63,32,37,61,70,93,9,8,2,76,92,69,22,19,23,57,80,14,83,92,35,58,35,85,21,20,81,43,82,64,66,42,14,20,59,89,16,18,73,20,12,13,15,28,84,43,48,57,98,85,3,36,10,79,2,91,21,22,73,62,61,96,70,58,27
53,24,11,57,93,60,20,93,7,29,0,44,29,31,44,62,6,56,43,76,85,4,50,41,57,93,34,83,51,11,75,67,45,18,91,72,64,53,40,30,94,48,70,53,71,36,58,98,28,65,35,16,30,58,5,21,33,83,22,90,62,86,78,49,39,10,35,55,63,5,52,68,88,49,54,37,78,51,1,9,36,37,61,88,64,24,45,7,67,65,31,37,6,0,62,19,5,54,20,46
40,33,72,6,13,77,16,72,67,91,58,89,3,28,92,97,92,53,64,62,38,25,62,62,74,41,70,43,92,16,59,80,95,10,26,66,90,40,85,0,60,67,62,27,16,83,75,27,22,82,84,36,36,74,7,67,22,21,21,1,97,20,28,58,17,78,40,1,29,81,2,62,41,66,59,51,56,36,44,70,89,86,61,57,79,93,98,16,77,92,5,64,95,63,14,68,17,56,95,23
77,0,36,34,97,82,58,31,78,12,26,25,11,40,69,2,27,38,33,62,16,21,87,24,4,15,36,57,60,96,94,69,49,98,21,71,55,46,51,40,94,14,47,72,78,17,69,99,25,9,52,50,51,37,57,93,20,76,88,16,64,36,11,61,45,93,29,76,11,25,35,74,95,66,0,92,58,20,68,79,4,0,92,51,47,28,19,20,19,67,18,17,12,53,3,49,32,98,44,13
56,72,43,95,4,94,39,31,79,66,84,47,14,22,77,68,88,85,0,61,80,96,8,14,74,31,36,12,11,7,82,27,34,69,41,42,68,89,56,86,53,65,96,87,59,0,85,38,12,9,79,5,78,60,38,17,91,79,47,62,88,96,22,73,36,95,2,26,23,79,56,52,85,91,81,95,21,51,12,18,70,36,62,13,94,64,75,89,82,59,89,62,63,64,43,33,36,39,38,6
64,11,90,43,24,83,9,51,93,54,69,74,71,2,38,7,21,86,98,65,2,100,64,40,10,47,12,76,37,49,56,54,53,1,76,4,95,16,87,38,69,79,4,75,73,77,67,71,5,50,45,52,97,81,15,77,97,84,9,24,81,7,17,5,60,2,54,73,17,97,37,12,59,94,37,76,41,16,9,12,39,0,0,53,80,79,18,62,50,9,22,69,80,55,16,18,84,52,19,64
54,47,18,97,55,24,98,49,86,80,91,18,16,5,76,6,15,55,54,38,60,0,34,85,6,92,51,24,62,33,94,2,95,31,25,41,39,50,96,85,91,72,89,97,68,38,85,92,20,65,65,37,52,13,77,19,59,57,67,8,8,58,86,20,60,6,83,53,79,79,23,41,87,80,88,39,99,5,39,93,61,23,27,48,35,79,80,55,8,85,54,43,33,82,94,69,75,25,50,100
79,37,95,93,58,87,96,26,47,1,100,62,69,38,29,73,41,14,94,80,56,64,56,13,38,83,57,10,94,30,55,21,7,82,44,17,83,86,38,67,86,40,66,68,41,23,87,41,26,67,61,53,14,75,46,29,35,35,91,3,38,88,54,68,60,7,74,98,94,72,29,36,31,72,68,4,21,39,85,2,41,41,88,93,91,93,51,11,55,69,37,2,32,88,68,96,56,64,71,68
58,39,34,26,48,85,94,24,23,84,80,30,98,29,86,77,88,68,72,44,44,37,44,82,3,76,4,50,95,3,40,93,66,66,65,23,75,97,63,74,92,47,15,28,77,2,69,48,57,56,55,11,68,15,3,19,79,21,11,7,23,96,88,14,69,59,59,43,42,40,4,35,97,71,61,14,64,95,32,21,89,81,82,87,36,31,91,69,92,70,56,3,90,5,68,1,47,55,40,69
82,35,77,28,6,31,49,72,43,78,76,52,90,34,43,87,50,90,16,4,43,57,77,6,39,25,30,51,13,93,75,83,55,53,70,61,38,46,24,38,41,30,8,77,90,56,21,11,26,58,91,4,51,53,42,39,100,74,63,10,97,66,19,30,20,27,87,58,40,1,7,39,20,2,44,71,76,70,80,62,41,40,6,20,43,72,43,47,82,5,71,39,53,71,90,74,3,4,98,100
49,28,62,65,79,52,88,10,43,82,13,83,57,40,88,77,14,30,33,60,64,41,30,73,90,42,3,84,56,57,99,34,45,29,29,42,55,17,9,55,93,48,40,95,84,96,54,33,90,23,98,41,35,18,40,29,12,61,83,91,68,12,66,37,50,74,84,91,13,25,86,59,96,78,61,17,10,22,13,90,74,92,48,97,67,31,38,83,25,52,92,62,28,48,14,83,69,34,59,2
20,26,6,34,39,97,95,58,54,60,85,63,61,10,45,20,13,34,30,90,49,46,64,35,6,32,31,1,77,49,3,28,58,64,26,63,2,82,45,98,18,68,34,96,15,10,75,10,14,69,94,36,10,14,33,40,22,41,46,79,41,58,11,65,93,31,73,88,47,81,84,73,38,59,90,30,77,81,10,34,92,22,18,19,99,83,2,45,56,53,72,63,12,16,61,95,0,39,90,67
71,76,16,22,65,43,44,96,59,21,81,48,21,3,16,66,90,98,24,61,5,42,86,52,51,73,35,7,88,57,27,67,25,42,99,40,13,22,87,93,54,20,90,89,94,5,44,20,38,12,19,36,6,41,45,70,48,62,69,33,93,80,81,57,47,67,6,67,56,35,84,6,14,25,31,55,68,67,38,40,81,66,61,82,44,35,75,7,74,21,7,69,29,43,94,73,67,93,96,49
33,6,66,62,96,52,8,51,51,98,6,69,23,32,53,16,74,54,49,76,54,8,53,4,36,2,25,41,32,3,77,97,55,57,45,84,75,8,7,28,58,27,1,89,39,37,81,78,95,14,61,19,28,3,17,80,71,81,53,61,0,94,74,9,23,54,14,5,29,99,64,93,14,97,11,13,12,22,85,96,85,90,83,54,86,43,59,96,26,52,15,60,20,17,76,19,54,47,2,8
96,71,21,11,30,24,29,59,95,19,76,45,66,62,19,71,99,14,73,86,7,20,36,33,88,70,70,69,19,73,36,16,11,46,69,84,17,100,23,53,5,60,69,4,95,9,100,32,65,34,63,82,99,62,59,51,76,5,98,61,26,87,71,74,72,55,80,61,7,94,81,54,56,94,22,58,48,32,66,76,10,65,68,80,79,7,80,79,1,31,74,84,0,55,94,81,98,95,18,97
27,4,7,37,27,20,51,32,43,40,64,15,97,17,98,2,67,67,98,51,91,58,7,54,5,42,38,29,49,12,99,62,5,7,0,89,34,4,5,66,65,40,39,98,77,96,7,33,27,69,80,1,79,55,29,73,78,82,73,52,59,40,94,88,84,8,73,79,38,36,44,63,25,92,30,58,80,54,80,63,71,66,77,13,38,55,41,95,7,25,7,12,100,64,71,89,80,29,43,24
79,50,73,2,100,90,23,77,37,12,99,13,23,92,70,80,0,2,67,27,47,72,14,98,59,58,78,30,5,51,51,9,13,50,90,39,2,91,51,33,61,91,56,10,47,6,15,46,100,5,93,89,53,84,76,48,57,84,28,89,77,77,96,83,70,92,61,66,49,97,92,34,88,18,81,34,87,63,77,64,56,86,64,78,82,10,51,7,31,20,2,14,20,8,96,19,8,68,34,68
30,71,53,68,13,46,57,24,96,9,20,50,57,39,49,67,45,8,25,22,65,17,45,88,99,98,65,24,28,37,68,93,41,54,91,98,13,75,48,52,37,32,49,59,62,5,12,64,78,67,97,10,35,86,81,49,14,44,48,50,80,46,27,25,18,1,62,63,70,94,29,41,26,60,52,88,62,87,53,98,40,76,92,88,96,59,8,36,69,8,73,51,27,69,76,28,34,98,89,36
84,77,11,16,49,36,19,7,30,21,60,86,68,75,23,91,70,16,41,98,41,22,41,61,81,27,56,74,100,52,39,4,59,73,21,78,99,32,81,33,86,90,82,15,25,100,64,0,79,97,87,80,17,0,93,57,52,11,51,70,25,21,86,51,89,73,73,12,36,89,16,49,21,39,92,68,51,0,70,37,5,62,45,99,54,61,17,79,87,97,48,51,68,49,44,92,73,52,15,13
57,20,50,13,59,76,35,47,72,15,42,5,61,56,77,15,58,7,87,73,32,25,73,39,13,10,94,100,30,93,13,84,40,28,4,76,90,44,9,84,100,60,14,69,96,2,51,10,41,50,68,13,19,98,94,25,11,81,48,63,34,39,83,68,16,20,5,86,62,74,53,49,38,85,42,93,81,83,92,40,14,79,10,58,20,22,61,90,11,46,23,8,1,65,51,72,29,50,92,81
97,24,72,11,50,93,64,67,24,32,94,93,69,48,51,76,33,56,84,77,85,17,5,91,48,30,70,87,10,1,57,56,42,24,87,89,27,29,63,65,20,24,45,64,55,63,77,47,0,92,63,0,86,97,45,77,90,29,82,2,67,35,65,41,97,35,49,80,27,48,58,75,11,15,63,64,50,45,42,82,60,62,91,64,77,1,35,11,63,0,44,60,97,73,90,95,8,97,10,49
91,47,14,44,55,41,6,85,91,86,85,62,39,78,94,6,25,52,83,89,59,96,31,45,44,88,25,39,52,96,39,36,23,32,54,13,34,72,58,53,5,13,37,69,11,66,73,68,79,58,14,79,12,86,40,3,54,12,12,52,25,70,91,83,29,7,25,56,11,37,8,69,80,8,43,80,39,45,33,5,64,49,91,68,68,91,33,92,99,5,42,90,78,41,15,14,70,47,46,31
13,35,22,46,29,8,29,20,70,25,49,90,74,12,81,63,23,48,68,64,61,58,3,57,38,69,92,33,1,32,46,52,50,51,42,75,89,7,29,3,53,82,49,99,69,90,75,90,38,67,11,39,15,41,72,66,76,0,94,32,19,37,53,93,48,59,79,100,99,68,45,54,60,15,59,24,29,55,54,5,8,76,9,39,43,76,8,61,62,53,31,67,23,18,18,25,33,85,26,24
88,41,33,96,5,44,56,65,77,11,37,8,0,13,33,69,78,11,10,50,20,13,79,68,25,81,68,13,75,30,62,63,76,50,3,89,51,52,79,50,94,85,50,26,7,12,48,52,10,92,93,60,62,20,87,80,81,33,25,19,43,75,71,40,11,42,54,48,9,8,79,89,41,20,22,100,36,77,94,0,70,32,66,64,92,9,31,33,0,36,13,35,62,49,62,53,100,20,70,86
84,4,79,79,11,5,61,26,91,3,74,21,47,72,28,26,51,52,51,33,51,53,16,24,87,49,75,68,20,100,17,11,69,74,81,58,22,89,71,47,21,38,37,90,45,11,30,47,78,50,20,91,98,32,35,95,90,97,68,71,61,37,31,80,1,11,34,19,78,37,7,36,91,78,62,10,13,35,24,91,41,33,68,38,29,9,91,42,14,79,35,96,8,43,8,28,73,87,45,80
32,51,32,66,70,97,26,53,35,23,91,66,8,87,26,45,75,0,9,56,76,89,11,66,94,100,96,3,19,73,18,100,73,44,98,25,6,0,50,92,31,69,57,18,33,33,80,35,29,60,18,85,50,86,38,96,26,77,76,94,62,0,12,92,36,63,23,19,25,82,35,7,84,18,51,24,58,81,68,10,12,62,98,74,1,87,43,67,79,21,99,46,44,98,78,69,47,78,30,37
25,30,57,68,16,27,37,95,11,20,73,16,77,84,69,47,27,22,3,39,12,16,91,44,70,34,10,51,23,77,4,2,36,52,55,40,15,88,60,87,53,46,63,74,94,64,55,83,1,99,30,82,39,13,51,29,42,34,76,37,54,80,31,48,43,34,38,88,11,64,66,61,15,70,33,75,83,72,42,2,57,99,54,40,76,100,53,99,61,72,88,4,14,50,44,98,29,4,1,36
35,57,13,67,0,17,59,18,3,86,14,90,99,14,78,72,18,29,31,39,37,21,77,41,10,96,24,36,2,65,17,8,92,17,3,92,92,13,6,57,3,63,32,34,38,90,2,25,5,68,48,67,73,91,72,35,53,57,43,42,33,85,72,86,33,11,22,6,11,26,67,22,60,59,34,26,56,76,16,29,31,53,91,56,35,1,56,59,35,2,99,11,86,83,94,20,22,74,50,49
54,64,90,65,8,12,9,82,19,95,56,48,36,38,51,30,25,63,44,35,43,44,88,48,6,37,93,46,77,31,63,85,68,40,53,9,22,91,94,99,94,20,12,81,49,82,43,52,61,85,11,47,65,17,18,95,63,41,90,60,45,10,6,58,42,0,18,69,65,42,29,98,52,83,50,20,25,88,92,63,62,23,20,63,78,47,15,50,11,27,20,28,12,31,91,62,5,37,77,100
33,71,50,39,54,77,95,47,32,27,43,29,55,13,14,85,77,75,77,100,30,37,22,45,43,54,69,23,12,87,18,54,37,83,61,67,11,83,95,44,57,62,75,57,54,64,33,71,96,32,68,58,85,13,22,91,54,93,71,8,52,83,53,89,89,95,77,10,10,87,51,2,42,29,63,84,87,19,25,18,88,98,84,97,14,12,56,13,96,96,93,87,6,26,20,3,4,53,9,52
75,54,67,7,84,67,16,71,95,0,74,9,86,65,0,75,40,86,61,40,12,44,61,94,11,53,8,35,19,74,11,82,13,4,72,79,32,37,40,57,59,4,12,16,18,17,89,35,14,74,73,45,85,72,38,80,42,5,5,75,34,48,57,28,82,70,57,47,49,60,41,91,99,90,53,79,9,86,21,69,70,27,8,76,15,15,89,18,72,28,73,50,100,60,74,47,2,30,83,82
49,30,65,30,65,18,63,100,79,88,45,90,22,74,60,43,10,67,50,93,87,99,70,91,24,75,37,86,72,40,24,10,49,18,86,49,48,42,89,85,89,41,26,22,23,55,19,36,17,27,35,8,57,96,8,28,58,36,71,41,72,61,59,78,87,2,4,82,92,56,98,43,94,18,49,83,52,6,86,14,87,17,92,28,70,4,40,31,9,41,18,82,26,66,18,59,51,78,93,29
16,24,96,93,61,84,61,7,93,38,25,34,37,44,53,0,62,45,3,95,5,64,44,31,23,73,15,7,27,53,5,80,44,81,0,14,86,76,0,51,71,36,98,46,5,21,85,22,1,5,1,59,4,33,16,37,4,89,38,22,55,47,44,97,27,1,50,25,80,65,75,94,34,83,68,47,80,51,46,24,62,84,90,28,61,16,73,93,46,26,81,26,87,16,31,5,82,99,38,43
9,9,57,74,80,96,32,10,58,100,25,7,72,81,17,45,90,12,51,73,33,43,10,20,57,1,74,17,43,61,14,72,46,85,38,56,87,82,31,22,36,56,72,13,41,41,52,1,1,21,32,57,78,29,59,53,19,85,88,26,95,74,13,97,4,59,46,54,55,78,73,25,72,2,69,28,6,88,94,93,83,53,44,94,36,18,32,34,43,24,100,65,42,45,25,44,45,50,64,51
96,61,12,82,35,71,25,68,13,99,67,1,8,70,12,96,26,58,80,44,71,80,24,6,30,36,69,0,79,82,67,52,6,13,56,56,56,18,48,40,75,45,40,70,54,42,71,5,37,24,97,31,25,25,64,94,76,17,9,72,66,1,86,79,75,96,89,73,4,31,59,1,21,88,50,46,48,96,62,89,77,3,38,35,26,7,67,46,31,59,51,72,92,22,88,99,78,50,76,40