5,95,3,18,15,34,98,27,47,53,77,51,57,9,82,53,6,6,5,57,2,11,83,23,100,17,58,9,48,19,38,10,82,97,45,93,3,81,61,26,23,58,1,77,92,62,94,34,36,71,83,2,19,7,25,62,87,73,75,9,47,88,66,66,61,67,14,25,40,32,91,70,94,27,64,36,5,44,80,92,87,38,9,39,20,85,73,34,80,22,19,62,40,18,19,93,13,63,82,16
22,77,77,44,91,4,47,19,69,49,52,79,76,5,43,96,45,36,25,55,54,51,44,38,50,37,43,2,55,7,53,61,93,26,26,71,48,27,83,8,88,75,14,45,10,81,15,8,42,3,48,51,64,18,20,82,7,5,93,35,34,4,13,36,16,81,69,75,91,84,78,95,25,71,95,70,97,38,91,100,88,60,56,30,84,37,2,67,10,89,31,71,13,61,52,5,77,8,69,26
57,34,75,72,16,42,43,43,41,74,28,29,96,21,86,34,56,25,78,73,39,8,48,100,68,90,64,24,66,55,62,50,32,61,75,74,90,30,14,92,9,57,4,68,38,58,65,88,27,45,74,22,9,64,76,76,71,35,35,45,19,23,68,29,36,73,97,27,48,82,30,47,50,71,9,36,26,12,24,82,32,14,92,59,24,61,67,88,23,61,82,88,5,82,0,48,21,29,4,92
85,81,26,62,2,0,70,15,57,82,18,19,14,26,55,42,48,83,66,34,99,87,5,68,100,84,69,17,80,68,1,73,60,51,6,82,2,100,39,39,9,9,91,58,34,96,9,69,82,81,55,0,45,90,3,58,67,6,31,93,45,20,76,82,87,80,68,94,30,72,12,62,82,100,37,51,15,54,26,88,65,33,27,30,52,86,34,56,64,95,14,68,28,60,51,41,5,90,27,87
3,55,32,49,74,1,80,5,38,93,91,58,16,40,88,91,82,85,54,48,42,30,20,6,82,53,77,59,89,82,24,67,8,10,97,25,98,92,48,15,49,68,44,86,12,28,72,91,23,88,50,51,45,53,95,2,85,75,83,81,77,12,25,24,90,12,73,98,46,86,89,11,71,80,82,73,26,59,51,49,78,55,32,72,67,3,88,87,43,5,7,63,29,23,43,64,76,77,0,90
29,97,92,45,33,75,11,24,60,35,11,45,84,41,36,65,49,12,76,89,80,55,72,39,14,1,94,18,71,82,62,6,12,26,8,38,6,54,94,50,84,40,13,50,24,92,15,7,98,13,87,19,46,14,100,66,77,38,75,34,1,14,52,75,97,4,97,82,72,34,5,65,37,69,93,32,46,30,11,78,35,57,29,67,19,91,89,38,39,0,80,7,16,8,77,15,14,95,92,78
5,32,57,39,84,93,6,91,79,65,35,55,73,21,89,24,56,56,71,48,6,1,97,95,41,0,75,8,65,92,83,27,67,98,38,84,5,76,92,29,97,84,89,49,1,24,30,33,75,90,1,86,99,60,58,43,69,68,13,21,100,12,68,45,37,6,57,42,45,86,61,52,17,76,56,3,19,71,82,17,10,20,88,36,32,49,0,41,31,76,93,66,15,84,3,28,68,2,33,59
24,10,6,33,31,52,52,67,23,15,81,14,68,61,83,46,18,60,9,3,45,8,28,100,25,45,64,30,31,67,46,45,76,80,75,56,46,20,8,63,34,43,2,41,59,6,80,30,8,41,64,93,16,64,35,23,71,28,77,83,61,77,52,82,16,55,6,48,71,25,17,50,61,81,9,73,97,42,15,84,63,51,75,72,10,22,11,100,59,91,75,86,72,91,75,57,62,84,81,18
23,9,86,15,85,33,15,26,36,84,57,69,54,17,31,27,76,11,22,98,7,14,47,7,59,35,27,96,82,81,67,26,59,63,19,17,80,20,74,47,82,35,62,87,47,79,97,63,41,7,80,66,80,33,57,73,43,63,6,29,21,25,95,34,40,91,95,40,41,12,12,6,92,70,55,78,91,81,84,5,57,47,46,82,48,90,99,56,45,64,82,58,87,54,25,76,47,91,61,3
43,74,26,39,23,92,58,78,34,100,78,38,59,20,50,17,86,80,61,56,89,52,54,88,42,54,71,43,50,64,45,51,52,24,99,65,31,1,50,9,41,89,3,62,12,86,32,28,49,8,42,64,27,41,83,92,27,59,53,23,55,82,77,5,91,100,78,11,83,35,57,52,70,20,0,86,20,88,88,13,28,70,76,78,66,100,32,59,92,66,35,38,67,32,52,95,76,97,66,77
78,16,96,74,89,17,6,42,21,86,18,20,0,75,12,89,63,23,9,90,78,13,5,74,32,72,61,72,88,22,4,10,81,34,29,39,19,79,38,60,96,56,5,61,78,33,20,60,52,63,35,6,91,55,80,77,41,14,45,31,61,44,13,9,73,99,87,83,62,6,85,17,25,56,40,46,0,74,89,0,12,86,12,50,62,7,56,17,81,57,49,100,16,46,63,86,22,79,27,13
95,68,13,98,6,78,23,93,94,26,79,46,67,77,2,25,43,20,20,47,72,1,3,100,6,75,33,71,41,58,69,64,60,5,57,64,90,33,55,15,27,14,60,46,49,50,57,3,69,6,100,26,29,55,80,56,20,32,14,11,82,59,38,96,92,19,89,36,84,76,12,50,60,26,9,64,7,14,60,21,70,3,68,90,42,58,2,37,83,47,80,71,46,24,39,10,97,14,38,1
51,56,88,91,93,4,15,61,42,84,71,59,82,94,56,46,1,22,35,49,32,49,13,97,92,48,61,83,9,71,28,14,75,57,27,96,22,55,40,76,72,59,34,43,98,37,41,46,57,64,10,97,4,83,92,77,84,64,18,39,28,21,21,9,34,53,2,91,37,97,98,59,58,66,83,23,73,72,32,89,81,76,76,97,64,21,51,17,55,11,46,38,93,93,54,34,40,32,64,87
35,28,34,80,86,38,46,100,3,66,14,38,83,75,48,23,86,22,2,33,16,62,38,89,88,92,14,4,100,75,44,64,4,71,67,70,22,28,5,3,77,29,70,0,93,59,58,27,54,83,10,42,57,0,23,25,33,70,86,32,42,48,58,22,53,91,54,36,51,7,9,82,100,11,7,7,22,9,48,36,92,97,91,4,42,21,83,49,12,100,20,57,70,59,58,17,96,73,43,11
6,58,44,26,22,97,73,23,20,42,27,42,38,42,69,88,91,50,11,96,21,31,8,68,88,54,49,79,87,58,29,92,92,54,29,39,67,60,34,32,56,1,47,99,8,40,40,59,83,81,19,24,54,4,38,10,30,83,59,72,10,10,28,84,94,33,66,4,27,34,19,69,87,45,53,78,33,100,12,42,21,76,79,95,13,84,40,24,55,47,60,5,59,9,29,8,41,98,90,85
90,64,16,19,58,40,27,25,23,62,33,76,12,41,1,25,92,49,84,50,76,32,68,95,70,76,67,39,77,84,92,56,15,75,66,68,3,95,94,55,61,48,81,53,55,90,7,24,89,86,8,86,41,20,98,98,25,14,43,73,35,83,22,1,55,3,100,33,92,8,92,17,64,81,75,13,88,20,43,92,53,70,28,93,50,2,82,28,54,38,52,37,9,62,81,4,16,47,58,80
75,54,18,88,17,94,16,34,77,82,35,66,18,57,75,5,62,86,65,48,5,96,36,77,72,78,26,40,0,75,72,6,87,14,40,85,74,21,82,25,48,32,82,15,91,69,37,99,52,63,37,32,23,70,90,16,57,92,49,5,73,95,87,31,89,63,23,26,34,46,53,66,9,29,69,95,25,52,89,41,17,13,82,78,55,52,6,11,32,86,54,89,33,86,47,66,21,94,40,93
0,70,40,7,3,21,51,80,45,84,65,0,38,12,88,31,38,30,1,51,3,98,82,73,82,32,60,86,57,25,40,7,95,66,25,38,51,76,3,18,90,93,58,49,28,86,34,29,46,11,29,13,83,12,52,74,1,82,95,3,99,56,79,77,74,91,24,49,30,0,13,36,48,77,25,16,75,50,86,14,88,46,100,79,88,31,54,51,63,67,57,55,68,84,19,96,30,14,35,84
66,0,81,62,42,34,94,92,20,30,77,23,82,16,84,99,40,87,75,64,24,90,1,72,68,58,91,40,2,96,2,59,7,19,58,88,68,90,46,65,12,9,44,58,91,68,100,23,25,2,12,89,65,90,57,54,0,25,66,11,6,67,68,31,85,33,94,82,30,40,37,68,5,26,84,37,40,70,39,31,86,25,99,16,93,48,80,10,1,30,56,26,27,91,51,63,39,25,60,9
9,40,38,71,46,38,83,53,97,4,82,86,42,61,80,94,48,38,64,75,87,28,47,59,25,35,4,98,1,96,100,4,82,19,84,46,47,25,83,56,85,11,100,16,41,7,68,15,58,65,73,15,52,7,60,28,85,74,36,63,100,28,82,3,16,67,76,6,12,18,20,57,73,16,49,42,92,86,40,62,23,86,2,44,97,32,59,87,82,33,51,8,41,46,61,51,81,90,79,36
82,57,90,95,69,27,8,36,6,14,68,60,6,46,71,91,22,64,46,73,70,1,55,42,99,13,67,13,74,5,51,55,61,22,0,24,68,62,18,51,43,77,37,76,88,15,76,81,45,22,10,14,20,20,29,9,90,99,64,83,40,69,53,79,62,26,97,98,26,63,29,7,90,37,86,27,20,68,5,44,11,21,92,85,68,38,39,29,76,3,83,78,70,88,59,3,20,77,95,56
87,25,77,46,76,5,24,67,66,14,93,98,28,59,10,51,49,53,74,37,68,76,28,68,75,19,5,27,26,80,49,23,37,59,17,48,37,16,79,4,44,30,90,24,95,68,19,85,50,58,25,43,13,30,44,37,42,76,90,40,2,24,59,87,14,88,52,28,88,0,18,18,71,81,6,13,69,28,73,35,93,64,19,61,93,90,86,96,5,12,36,64,77,36,31,32,41,49,41,89
4,49,59,97,5,3,16,36,87,33,12,74,62,75,41,69,96,36,74,54,97,91,51,0,67,62,4,96,6,99,62,59,4,100,49,81,75,81,86,78,87,28,42,81,19,72,13,47,100,22,21,59,44,0,86,73,79,82,4,93,6,68,71,79,56,69,92,94,53,34,51,33,84,3,25,63,42,46,26,55,76,6,1,26,5,12,48,46,49,65,51,82,59,62,43,71,3,7,47,82
71,24,6,27,31,52,29,48,26,50,75,77,19,56,36,15,96,56,60,39,35,64,32,57,46,73,25,74,31,66,63,54,65,6,90,80,84,95,65,49,95,49,95,50,69,85,98,12,59,74,37,20,17,84,85,46,85,39,27,30,61,36,82,49,58,7,16,49,63,50,12,52,43,28,41,34,79,100,90,63,51,6,97,99,84,42,55,78,22,48,94,12,43,93,74,62,60,33,95,67
26,87,35,8,74,91,100,41,55,11,50,72,97,25,85,91,61,59,61,54,80,90,53,4,40,62,22,64,1,74,80,93,84,86,37,75,46,82,54,80,26,53,83,35,94,99,84,89,26,18,89,55,26,51,77,20,21,56,66,99,55,5,83,81,5,63,72,9,25,74,5,20,6,69,48,91,1,82,5,55,96,68,99,28,28,49,92,82,49,0,30,3,79,17,15,42,35,92,66,97
61,23,88,99,77,82,97,79,90,48,73,88,23,29,93,62,1,44,92,92,26,10,1,97,17,24,22,52,82,81,71,18,35,7,87,49,96,11,80,25,32,76,23,69,77,30,59,23,70,57,7,61,21,86,18,40,90,94,62,100,55,7,56,9,84,33,55,41,20,59,34,28,87,86,95,98,93,2,59,41,55,90,24,18,76,13,12,94,5,63,23,16,70,33,83,99,14,86,44,4
93,6,100,78,48,87,56,70,92,28,72,92,11,38,84,5,60,90,68,63,89,93,96,69,47,38,58,51,82,90,28,48,27,63,35,18,91,83,95,57,35,74,16,69,77,69,53,49,55,96,24,2,84,50,69,79,87,52,11,91,23,40,0,18,47,60,73,88,35,28,66,18,0,24,91,62,98,63,4,48,63,79,30,3,80,58,73,83,7,57,30,23,61,38,63,35,81,19,76,30
56,23,7,92,51,90,25,78,87,92,21,29,99,24,36,23,40,54,22,0,80,62,26,46,45,5,10,84,47,35,18,61,17,17,70,81,46,25,55,87,26,25,54,91,70,20,9,60,50,92,73,95,97,16,48,52,73,42,32,82,40,46,99,65,52,56,53,57,27,4,87,80,25,81,57,27,97,44,0,88,62,67,93,43,38,65,27,7,16,17,71,89,15,5,100,89,98,66,32,41
100,79,9,4,92,44,60,28,25,42,95,23,13,8,37,19,24,84,0,45,23,31,85,63,69,90,84,95,52,50,0,73,40,64,94,35,26,68,22,56,59,100,82,30,83,64,1,27,28,0,63,92,79,46,9,36,74,43,76,29,74,88,51,79,65,36,37,30,37,93,86,20,47,1,73,26,63,54,51,75,87,63,67,38,78,34,59,96,35,24,87,31,2,5,21,16,76,76,22,98
99,80,92,92,75,96,20,24,88,97,38,94,88,70,95,96,14,84,78,56,93,50,38,98,91,2,0,3,20,65,98,28,90,0,1,63,12,60,93,21,60,21,73,60,85,39,22,68,92,32,2,95,35,4,61,10,92,63,72,22,68,40,28,94,30,94,70,17,7,61,41,68,85,31,30,49,70,41,74,78,74,66,81,29,76,30,11,2,60,16,13,39,22,88,74,80,73,51,49,46
54,78,20,97,82,47,32,3,86,20,98,86,28,68,89,96,63,71,17,70,95,36,88,67,17,53,54,72,97,29,54,22,69,96,15,33,74,71,93,93,100,75,77,95,24,51,93,95,16,45,69,20,19,44,18,17,51,30,97,97,36,6,19,65,32,48,23,15,41,90,56,84,39,21,45,4,96,61,86,50,44,8,90,39,30,67,35,92,64,32,18,88,20,99,48,78,8,47,17,93
50,76,88,39,76,88,94,38,48,97,46,1,55,38,49,62,89,59,24,68,2,35,99,72,25,72,94,34,76,31,39,26,26,94,23,88,8,35,90,57,72,97,5,47,94,82,69,21,14,95,78,4,55,89,89,79,98,40,38,86,99,96,78,37,56,27,77,52,50,77,29,12,49,25,97,24,58,33,10,45,1,50,7,34,36,26,47,54,81,2,82,85,75,60,22,85,26,11,66,37
61,43,2,82,56,83,84,6,17,72,100,44,29,92,82,3,28,8,96,44,72,84,9,2,93,15,26,21,29,62,32,33,93,6,94,48,61,25,45,96,39,23,15,36,98,23,42,55,62,54,8,19,27,87,44,84,39,16,88,17,54,85,55,36,61,46,6,44,7,14,35,64,55,64,23,93,6,40,10,39,1,82,84,99,56,6,80,98,5,93,71,9,85,15,51,37,93,53,21,55
91,2,0,99,64,24,40,0,31,17,59,61,82,44,92,64,83,59,86,26,67,21,60,35,17,83,74,32,80,79,64,59,91,55,87,96,66,68,88,76,77,67,67,87,30,7,13,92,72,82,13,84,25,21,48,47,55,75,61,2,22,83,85,42,48,51,99,83,34,75,53,17,39,81,68,27,83,40,44,24,53,69,59,53,51,59,47,32,66,15,0,20,79,37,42,80,94,60,92,11
94,96,48,78,33,100,79,13,33,11,53,6,33,69,8,97,16,10,36,94,49,28,27,79,0,43,28,67,98,68,36,76,24,98,15,33,34,99,22,67,25,36,92,30,11,26,75,49,81,81,45,67,9,38,44,7,35,31,51,13,91,43,49,99,70,48,29,47,81,8,93,66,33,35,57,54,44,13,79,17,97,73,3,71,30,67,84,64,85,53,65,26,34,77,2,60,85,9,53,85
64,96,68,43,5,93,83,34,82,42,68,76,15,17,5,83,69,63,11,34,39,53,65,79,69,45,94,18,76,86,68,20,72,70,87,57,7,53,67,82,36,60,35,61,90,77,1,83,39,54,14,21,15,19,85,73,46,51,5,2,50,66,47,26,20,40,36,97,59,63,70,84,26,58,11,75,66,86,2,59,59,62,49,17,49,39,83,61,10,96,0,76,13,41,99,30,61,84,83,87
41,74,41,31,52,89,67,41,89,96,67,97,24,94,28,85,0,96,91,16,54,69,81,53,96,51,40,20,13,71,39,3,98,43,32,79,53,87,84,65,76,36,92,25,19,72,70,24,50,70,79,17,3,10,30,15,16,99,92,62,32,31,88,41,95,24,83,23,60,58,49,24,30,45,98,100,55,65,36,87,27,41,27,15,9,45,94,68,100,7,74,90,79,53,27,82,4,88,45,8
62,93,54,9,15,44,22,9,10,81,68,37,22,91,7,20,55,42,47,42,76,98,51,79,60,6,100,97,33,89,86,84,62,9,84,91,30,39,16,5,29,16,61,100,67,56,60,8,84,70,98,85,23,12,25,94,41,5,66,77,92,91,91,3,29,99,6,40,68,26,69,15,59,20,45,10,62,73,4,65,50,51,92,54,97,63,66,58,24,28,88,85,53,13,82,9,46,13,64,73
88,91,38,21,13,83,29,4,18,56,67,83,73,42,64,43,66,49,100,61,61,54,64,3,49,24,6,86,50,31,76,45,79,27,59,48,77,5,70,16,5,75,56,94,52,83,49,94,90,97,61,13,81,90,3,97,71,13,62,74,32,40,88,29,45,79,70,57,28,17,86,10,45,71,72,62,33,79,73,85,70,34,16,61,57,5,7,90,46,1,21,93,86,13,15,1,37,45,83,93
57,30,38,53,64,54,76,86,66,48,23,87,14,31,99,63,76,10,33,43,20,67,88,80,88,16,14,11,17,79,2,98,35,59,54,14,94,34,77,76,80,44,59,21,58,40,99,96,11,6,15,62,7,14,24,35,25,86,93,45,11,88,59,6,78,27,58,55,61,39,51,45,83,38,14,24,61,72,46,40,70,92,37,33,66,14,2,96,15,47,74,3,94,70,6,90,66,87,6,99
48,71,27,20,41,46,85,41,77,20,80,64,65,13,66,87,78,21,5,42,10,88,40,71,10,30,63,91,62,46,66,20,74,10,53,77,88,100,63,1,76,64,35,99,64,4,23,41,57,91,29,68,72,61,8,75,59,3,12,49,85,3,39,95,62,76,11,30,93,76,37,30,46,31,82,20,37,85,10,95,58,25,13,98,60,78,13,66,62,50,16,29,47,44,60,82,58,58,15,71
70,94,61,17,90,5,22,15,12,37,26,66,60,15,27,94,5,21,71,83,25,88,30,15,38,71,57,65,45,31,77,50,62,2,74,70,22,13,32,42,88,54,34,49,82,12,28,77,55,25,79,53,5,1,74,65,0,87,84,19,33,24,18,88,85,16,7,56,32,97,94,5,63,24,13,85,24,12,53,67,79,92,93,73,8,100,32,64,97,24,94,48,30,63,23,21,13,41,99,81
86,37,62,57,32,6,88,5,41,51,13,12,84,58,9,12,41,55,13,66,5,67,78,65,45,96,89,4,54,3,19,14,64,61,0,92,30,35,42,62,28,48,51,34,80,82,31,97,28,84,93,51,54,85,62,12,96,4,5,86,61,10,56,13,63,38,25,62,30,18,32,98,77,90,67,84,50,5,59,97,38,79,98,77,3,55,64,43,9,51,57,15,36,50,70,43,50,38,70,3
38,96,78,21,12,23,83,82,20,1,35,30,26,42,25,92,84,45,56,27,81,14,61,76,90,38,42,69,41,99,81,9,58,78,32,72,49,58,72,31,34,15,97,60,83,4,57,15,31,97,22,25,50,32,96,97,85,79,39,99,60,48,50,96,14,89,60,58,99,76,0,12,28,1,17,31,38,41,8,78,35,50,2,84,44,77,7,77,74,5,63,63,75,69,18,37,98,1,7,81
48,16,14,45,7,53,18,24,10,63,19,57,37,86,8,35,12,15,76,42,1,13,19,16,63,48,33,96,77,35,27,66,61,10,99,5,92,32,88,52,53,49,47,73,72,9,83,47,87,25,67,88,75,67,82,12,79,20,1,25,81,80,68,83,86,5,5,44,37,70,19,40,90,39,60,36,46,30,27,31,76,50,62,65,4,91,13,86,75,76,20,36,16,69,56,4,51,20,45,62
36,74,81,71,10,2,79,45,85,62,32,63,98,5,3,2,8,13,66,23,4,44,46,22,42,84,65,72,69,99,59,2,42,47,30,4,80,79,10,16,92,49,76,30,56,53,2,90,19,22,7,20,33,41,100,24,66,82,50,60,32,85,82,55,38,1,42,32,29,73,34,26,12,1,54,41,2,13,28,66,66,64,92,50,10,33,12,65,71,4,100,87,14,59,41,91,77,31,1,40
66,16,12,51,28,16,17,82,2,9,96,80,97,12,22,5,62,43,27,92,23,95,16,92,82,13,71,61,5,91,42,40,79,54,80,18,3,91,1,52,66,42,82,26,88,13,51,18,53,23,54,74,53,50,74,59,76,3,40,92,98,66,44,60,74,30,5,53,39,41,41,88,96,4,70,74,14,83,81,1,75,4,83,89,0,30,74,37,60,1,48,38,51,4,47,70,25,75,42,30
26,50,60,4,20,62,9,34,52,63,0,71,34,26,57,91,51,72,7,9,12,29,90,35,85,2,21,27,32,33,17,2,89,40,69,70,14,41,8,6,92,28,25,65,39,59,7,80,21,75,37,81,83,84,15,48,26,46,83,44,22,88,1,75,32,81,34,14,28,9,28,77,98,73,71,35,77,13,97,64,8,10,32,17,54,90,61,42,4,15,19,34,74,58,21,15,0,59,74,3
15,60,46,36,36,89,53,36,64,87,95,95,59,77,4,90,39,16,54,75,77,59,98,29,39,1,36,73,100,68,10,51,69,66,85,37,29,12,92,18,54,32,84,57,11,9,52,51,10,9,69,62,24,12,17,79,19,98,43,98,35,40,36,59,92,90,10,35,26,12,5,18,34,25,58,91,35,35,56,66,35,53,66,30,53,96,72,57,52,9,83,33,63,40,68,93,74,52,54,20
100,69,41,64,17,6,36,80,9,81,8,67,61,93,50,89,8,67,8,22,93,86,17,32,65,72,68,40,85,68,69,70,27,33,53,84,28,70,1,88,50,0,19,94,68,20,1,76,42,60,33,55,78,8,49,28,49,14,16,1,97,73,34,67,0,2,53,17,40,13,9,56,14,73,11,80,97,15,54,18,25,31,6,90,0,4,66,39,90,63,98,66,94,7,34,84,95,33,63,45
69,69,53,58,94,83,80,2,81,8,25,54,25,99,10,74,4,83,84,65,82,46,80,48,61,45,61,61,77,88,53,3,91,49,5,37,80,24,23,49,52,91,81,70,28,80,95,83,47,35,49,75,76,16,94,54,67,71,40,3,20,78,18,24,33,78,55,67,12,37,40,66,69,30,85,61,81,84,93,75,45,14,44,11,81,35,52,83,57,25,12,11,36,57,66,26,42,34,19,77
61,42,46,11,46,18,39,41,14,1,100,88,72,38,86,78,42,91,7,41,58,69,97,55,15,78,20,37,95,96,83,93,82,24,73,38,5,83,96,95,69,16,2,6,13,38,82,55,81,73,49,72,82,8,80,43,73,12,23,66,73,73,13,74,51,29,29,4,74,55,91,92,90,77,81,43,82,27,67,26,29,68,64,63,46,87,14,78,48,79,33,11,77,56,57,88,44,17,6,12
80,72,25,29,2,20,85,12,51,33,39,79,50,73,12,52,38,26,41,87,44,90,69,30,61,48,32,29,98,52,67,13,94,1,67,28,69,50,58,97,32,20,50,84,11,29,67,61,58,100,66,2,87,51,36,100,96,17,28,33,12,100,82,27,28,22,56,37,44,26,47,55,14,30,77,23,65,1,15,49,28,97,90,89,65,48,78,27,82,38,76,75,70,76,49,73,7,45,66,22
98,91,31,48,17,4,87,85,39,0,97,23,21,84,53,31,31,66,65,32,49,33,51,63,13,55,33,37,87,97,14,1,41,58,0,15,41,41,6,33,76,95,70,83,9,85,29,0,87,68,35,7,97,51,67,12,39,92,39,18,11,72,3,72,25,94,66,90,95,65,97,83,97,74,35,97,67,32,87,55,19,86,90,96,15,49,75,36,18,42,73,64,19,32,1,79,85,28,38,70
16,60,39,41,59,15,72,73,8,21,93,72,86,34,24,25,4,62,97,40,81,98,28,78,40,63,69,12,5,37,46,20,16,20,29,21,99,72,26,74,25,43,64,73,18,6,88,7,73,31,8,56,26,53,57,14,56,99,28,2,66,1,99,70,37,21,6,100,52,35,45,59,39,15,47,23,17,61,32,28,11,33,99,64,66,79,9,48,87,82,65,88,47,23,26,82,32,58,89,5
11,18,9,29,23,96,24,25,63,82,100,19,95,34,13,41,46,21,95,22,84,70,15,36,93,0,46,89,59,78,23,70,9,85,96,64,82,19,7,2,82,15,75,80,69,5,69,88,24,10,81,51,96,54,95,75,34,10,92,25,89,23,79,88,33,21,83,87,44,100,13,32,76,68,51,19,59,20,58,44,29,51,95,65,30,38,40,23,43,78,100,91,46,25,24,24,61,34,36,77
82,40,33,14,64,100,21,5,93,20,37,11,66,97,19,70,37,42,91,100,49,76,63,94,1,26,1,37,38,55,14,86,57,83,39,96,80,26,62,39,50,76,61,55,31,39,18,48,80,26,13,34,33,31,63,82,79,19,43,51,21,82,43,10,40,83,26,24,19,49,93,16,33,96,5,33,42,64,10,41,16,51,26,34,44,62,5,47,13,24,59,1,95,19,74,22,95,5,20,14
31,17,86,42,79,47,68,56,69,61,53,17,27,35,66,66,69,24,2,53,60,95,82,74,29,84,88,85,56,25,80,95,46,43,50,11,62,46,22,63,69,39,31,19,21,32,64,23,31,7,63,4,38,92,91,2,29,51,22,42,82,37,35,98,37,6,29,77,1,3,16,35,39,63,2,38,49,16,83,88,80,47,1,14,18,31,61,97,20,61,43,74,48,47,98,51,16,5,42,56
45,29,54,77,64,56,85,20,53,95,79,47,29,62,87,32,30,0,75,61,46,22,52,29,54,33,1,98,63,77,60,42,71,18,12,57,14,66,65,80,62,37,88,49,49,99,31,13,70,24,68,71,5,100,79,65,48,0,96,20,75,36,99,17,94,67,97,73,9,22,100,32,80,19,94,21,25,61,3,32,81,58,67,90,22,13,43,52,36,71,88,34,66,45,29,1,15,56,24,14
43,10,66,11,4,65,98,3,41,12,4,85,79,42,77,61,0,28,66,5,45,44,100,88,10,16,86,56,98,75,88,33,61,87,8,23,11,36,41,2,78,34,44,61,79,83,44,60,50,6,23,35,10,52,74,93,21,93,69,30,55,5,18,64,78,74,78,89,11,53,84,69,7,66,0,43,8,80,97,70,37,86,25,90,38,57,21,11,6,34,82,1,7,24,2,22,3,98,99,73
47,95,56,54,49,92,17,73,57,68,58,48,91,78,19,33,31,27,53,12,93,48,80,67,23,18,41,80,36,40,68,36,98,54,30,90,87,61,31,68,58,5,10,16,40,63,67,45,38,87,100,55,50,58,59,14,42,22,67,53,33,99,68,6,20,37,47,71,32,49,4,46,53,20,33,25,91,2,77,43,86,40,36,44,67,41,83,42,14,46,62,56,41,58,59,30,80,100,71,37
13,29,48,23,7,17,60,16,48,49,92,74,68,26,82,63,32,97,12,45,49,81,43,61,48,86,85,10,68,38,14,27,51,97,97,14,40,32,98,27,17,83,13,36,46,58,4,30,51,39,38,11,20,92,92,41,54,20,48,81,12,45,3,83,64,25,5,86,44,71,93,23,64,85,56,71,92,67,18,59,73,65,30,61,59,91,7,92,41,2,57,48,59,9,27,29,57,48,42,6
49,62,49,98,31,7,38,1,4,92,80,59,75,65,16,48,13,59,9,12,30,14,61,14,66,38,13,84,92,87,89,3,34,3,81,90,5,7,54,74,66,73,100,39,20,60,6,88,29,36,58,77,71,72,70,19,64,91,4,87,83,79,38,54,94,77,66,55,64,84,42,37,88,30,60,82,42,32,1,59,99,35,41,3,57,60,57,42,62,49,9,35,6,42,32,27,36,96,10,26
32,18,61,93,32,66,77,88,85,63,38,73,63,91,67,83,36,16,89,27,81,97,99,74,34,87,39,52,47,98,67,71,80,51,34,33,28,80,20,98,16,74,34,81,21,84,67,76,76,53,6,85,69,85,92,84,71,86,22,65,13,64,92,61,74,32,19,27,91,14,44,21,67,25,80,50,49,66,29,7,60,34,83,42,76,76,28,23,66,82,97,54,23,4,5,17,12,97,27,71
86,45,76,44,47,16,92,87,35,56,2,81,3,100,100,56,14,27,46,83,47,85,73,1,14,84,79,35,6,57,93,16,70,80,83,56,20,50,94,85,65,69,72,17,34,82,81,43,53,8,44,81,34,97,24,71,20,33,19,61,63,82,70,3,84,51,2,75,41,51,69,12,71,56,33,5,63,82,30,73,31,25,14,61,32,95,43,12,0,83,32,28,65,70,28,41,17,67,5,20
69,81,39,40,39,7,4,53,17,34,1,74,57,7,0,17,17,11,96,84,82,90,97,5,34,22,1,74,58,95,6,39,11,96,27,55,3,92,31,46,17,81,91,59,23,79,80,71,66,30,8,34,67,81,8,90,26,77,93,70,56,80,27,67,24,31,93,75,48,96,93,7,46,15,10,41,74,79,35,97,92,29,55,12,15,21,63,2,9,98,93,88,79,26,60,69,41,23,93,17
29,23,72,58,69,83,81,40,64,23,75,53,29,37,22,84,26,3,44,78,67,14,34,21,100,66,89,64,95,31,89,64,83,31,67,91,32,33,8,21,57,5,79,28,82,39,35,92,78,61,46,99,30,55,91,96,83,16,54,86,17,34,16,39,80,50,22,90,11,43,72,88,72,50,48,30,74,90,100,31,99,41,60,83,93,47,68,9,32,73,81,44,45,96,75,89,39,36,99,40
47,4,93,36,45,28,65,68,10,21,59,27,3,36,27,51,97,26,26,49,10,88,51,5,34,25,76,19,79,5,23,4,78,46,28,6,16,38,50,62,56,93,77,97,64,70,32,54,30,94,40,29,99,21,80,15,69,26,83,84,58,47,84,68,89,31,96,70,58,2,78,26,59,54,40,55,94,32,50,49,62,25,39,87,29,58,26,14,97,33,25,64,37,74,71,65,28,82,54,70
62,14,63,96,42,90,11,62,61,41,50,16,4,14,86,78,92,78,79,51,50,5,43,62,93,12,11,51,0,74,32,58,24,79,5,47,14,58,98,16,22,63,20,49,81,84,61,45,87,3,27,17,55,67,35,14,84,1,65,27,70,79,74,47,73,25,56,77,61,1,11,19,51,53,98,43,79,13,63,18,92,31,66,46,31,31,4,41,42,87,29,21,94,62,5,10,91,40,21,87
31,85,98,15,55,43,36,50,57,45,60,81,22,62,69,62,46,22,55,23,20,82,33,68,91,34,6,59,36,85,74,14,48,60,59,39,20,61,74,45,10,49,40,24,54,58,35,4,55,93,79,4,6,89,67,42,68,3,2,86,5,27,1,81,52,36,73,42,59,49,54,74,1,66,88,59,9,31,43,54,42,70,73,45,75,62,74,0,31,65,5,71,78,81,98,74,17,69,79,62
27,38,15,70,32,43,79,71,2,1,39,14,45,0,53,99,9,96,4,0,91,22,88,95,3,25,53,40,92,47,12,10,26,15,92,61,92,5,76,67,0,35,84,81,20,22,96,59,69,48,36,9,90,26,18,93,1,27,13,64,62,95,9,7,86,54,92,13,24,90,95,25,16,34,64,80,64,52,26,92,70,52,71,21,66,68,63,89,22,54,93,65,77,12,41,32,59,44,13,80
10,57,35,89,68,65,40,80,60,28,15,47,54,59,12,57,90,8,53,93,54,6,49,0,91,7,69,66,68,83,88,29,4,22,86,24,54,72,24,58,10,94,78,23,90,57,93,67,74,38,13,74,87,44,81,83,63,34,52,89,7,44,79,52,72,41,24,91,60,58,40,25,60,56,100,43,16,56,35,89,70,87,94,33,24,5,66,46,32,98,24,100,100,78,8,42,35,26,70,97
71,27,45,40,59,79,64,72,34,58,44,31,54,1,94,4,99,32,14,39,26,12,71,82,33,29,51,18,44,19,56,11,34,1,81,1,24,83,67,4,29,0,42,47,35,21,53,94,49,57,13,53,72,64,78,38,27,17,15,0,93,71,83,59,69,74,32,51,10,42,91,96,52,76,23,11,14,26,52,96,38,30,14,69,43,79,29,63,90,7,78,78,92,86,14,23,74,57,39,46
72,31,4,78,92,78,54,31,95,35,26,74,3,54,45,98,0,92,33,38,47,63,75,50,91,32,26,70,56,23,7,24,26,63,99,10,97,93,98,46,91,74,21,35,0,91,12,43,71,100,53,19,10,82,10,25,11,27,23,88,56,56,6,99,29,69,38,20,45,44,77,75,93,75,89,83,4,8,22,29,84,69,7,19,14,5,40,68,3,28,25,18,11,99,0,56,60,22,6,52
45,66,28,35,87,57,64,75,74,99,68,9,45,49,92,49,51,37,26,72,88,61,34,35,60,6,2,13,88,96,80,63,75,90,74,31,32,88,35,52,67,21,76,15,90,44,48,9,6,33,17,69,21,20,68,20,82,58,39,100,90,70,66,72,23,100,72,99,21,0,47,16,15,31,34,61,21,55,17,46,71,76,61,58,90,12,46,83,42,76,50,52,27,37,16,72,74,70,36,39
98,87,17,92,92,77,8,64,3,38,35,72,61,58,92,87,86,94,34,44,44,81,38,2,3,77,32,84,57,55,39,80,93,50,59,29,19,74,18,57,44,62,29,80,50,21,91,26,80,29,22,6,94,55,89,77,83,22,60,50,100,76,31,88,87,11,72,34,42,79,51,48,64,69,90,11,69,99,62,6,63,79,7,91,38,29,97,89,25,24,59,7,27,7,98,86,58,91,81,91
80,75,62,35,96,25,29,51,78,14,37,11,86,47,4,36,40,25,54,65,18,0,26,48,45,38,24,48,31,74,3,37,100,2,43,5,97,63,32,50,93,97,68,25,20,75,71,76,57,57,35,22,21,19,41,78,20,75,44,56,86,45,86,66,97,28,60,92,11,8,23,83,4,36,96,78,28,11,78,96,52,63,90,35,37,43,94,65,9,6,32,5,63,60,33,47,81,79,93,40
70,82,2,81,7,6,72,35,71,100,28,23,42,57,38,33,29,78,38,49,17,10,15,86,43,19,67,48,68,64,20,49,100,29,41,12,63,43,69,57,78,51,94,67,19,39,84,24,56,87,51,26,2,33,49,63,85,9,24,17,36,10,49,96,15,35,85,20,11,54,46,54,55,11,98,1,89,24,56,79,91,65,22,4,45,55,99,7,8,20,33,74,42,16,98,2,61,29,79,82
68,57,81,26,51,83,39,24,25,71,60,94,45,17,75,65,69,89,100,92,13,57,92,72,89,33,17,18,64,10,34,36,74,73,48,24,72,31,89,75,51,75,81,54,18,49,38,16,4,49,59,81,52,43,50,98,13,76,86,74,29,17,54,98,90,81,62,20,88,74,8,95,11,29,7,61,51,39,65,92,85,4,10,29,96,40,54,37,5,29,72,8,50,83,57,42,1,23,2,73
52,88,99,9,44,71,77,52,75,34,95,42,27,83,75,37,60,62,0,79,70,82,61,41,66,19,15,100,84,72,22,58,69,45,15,14,63,80,63,85,65,13,94,36,5,14,90,7,0,0,85,34,66,88,67,83,74,66,66,93,57,57,100,96,95,45,57,21,42,96,54,55,64,53,73,51,89,60,70,0,76,5,63,36,49,7,98,99,40,14,81,53,32,19,92,98,8,26,59,82
84,7,87,3,25,97,87,26,10,36,38,28,74,78,98,82,15,39,37,28,48,14,15,15,48,74,16,78,93,52,12,98,44,55,83,11,29,93,18,98,37,55,7,62,88,64,74,81,42,34,79,78,58,24,96,58,50,12,76,58,91,74,44,79,6,82,10,62,13,99,18,91,48,77,57,16,38,50,63,80,17,98,29,80,61,33,51,96,84,25,86,63,49,78,15,72,97,18,40,31
35,93,66,27,32,83,24,18,70,93,60,53,63,81,22,20,0,54,90,73,55,57,33,6,58,46,8,47,67,94,8,46,9,15,18,45,37,82,42,90,78,37,24,84,79,32,36,81,96,47,39,88,69,26,14,5,71,49,69,10,35,48,9,73,19,94,65,54,92,52,71,37,19,100,62,91,3,10,54,26,14,49,85,9,97,21,52,71,98,73,41,56,59,60,98,19,12,70,71,56
3,72,97,69,32,24,82,89,26,28,25,30,41,96,45,78,26,57,53,37,1,92,4,51,27,64,96,62,70,85,65,55,97,63,40,61,88,30,71,44,17,76,82,88,58,54,24,26,5,85,6,97,85,63,66,86,30,66,48,93,23,21,86,96,48,14,7,51,79,36,8,53,92,35,82,23,99,58,100,63,69,65,6,11,50,10,47,37,64,75,14,15,13,86,92,14,42,49,9,46
36,75,79,74,2,62,54,99,60,55,75,98,82,32,79,20,98,6,57,18,100,2,52,66,51,91,44,46,12,50,100,79,63,44,8,21,15,63,30,11,17,36,38,47,2,80,76,25,36,24,18,16,56,78,7,93,78,25,1,11,56,40,82,19,61,52,97,73,16,78,93,67,85,75,40,53,98,85,44,17,50,47,21,7,0,46,81,0,75,79,25,4,20,44,100,37,18,60,24,52
27,83,8,17,35,28,80,89,17,41,93,2,58,37,27,43,14,23,71,41,38,8,47,97,54,2,64,47,1,13,12,81,3,6,83,76,68,14,50,18,50,55,8,18,49,3,91,52,90,4,60,40,65,50,69,75,20,52,99,32,51,91,98,12,85,39,7,49,78,61,76,21,4,11,58,76,58,91,33,98,72,45,13,26,99,59,16,55,90,72,23,79,11,75,29,58,7,100,37,90
32,26,26,37,60,53,31,34,40,95,56,4,48,81,35,82,71,41,19,22,50,83,9,34,41,6,18,11,28,91,4,31,96,7,63,81,97,2,85,23,35,51,23,100,36,74,77,7,49,6,16,74,59,39,62,73,89,90,49,25,19,71,80,68,54,84,45,1,32,66,5,84,72,49,39,97,32,36,100,9,12,90,13,96,36,54,26,57,25,88,64,24,85,8,77,30,97,69,78,23
8,72,16,22,94,44,42,68,61,29,61,90,79,13,37,80,22,41,48,49,17,9,2,79,96,95,22,51,48,43,54,50,56,75,72,34,74,57,2,27,91,87,90,100,43,8,90,86,63,44,50,90,25,75,29,85,14,75,52,31,73,87,18,92,82,63,77,8,35,82,3,92,21,70,51,66,40,50,33,13,11,93,65,67,39,89,5,77,2,48,81,44,36,66,8,30,48,98,48,9
11,2,78,8,54,67,3,33,67,8,89,6,96,93,91,23,2,16,75,70,98,15,31,76,66,3,79,88,10,72,89,47,84,85,55,90,71,6,94,66,52,87,37,70,82,93,59,71,35,12,41,84,33,92,95,29,15,98,85,16,25,70,2,78,81,51,4,60,61,33,64,88,38,56,52,45,47,84,18,19,68,55,33,68,8,42,0,74,100,19,2,99,51,80,68,84,43,83,15,17
33,42,41,50,61,29,6,14,2,59,94,17,77,13,82,68,66,28,96,26,57,29,46,65,12,85,83,71,11,40,97,38,73,97,4,90,11,54,74,46,56,93,94,46,100,48,1,97,95,29,90,4,80,38,79,50,48,58,4,67,97,25,26,74,29,88,11,62,26,26,37,89,2,34,23,42,79,49,99,69,98,57,14,14,24,67,88,9,7,94,25,84,92,83,37,19,75,12,66,18
79,64,22,90,71,22,75,65,13,39,49,91,65,68,18,7,24,39,82,77,99,90,86,84,42,90,26,51,57,97,74,77,96,81,0,41,61,79,20,47,42,81,82,95,69,69,61,51,16,82,8,3,44,36,30,18,36,84,77,34,69,60,48,52,24,33,97,18,53,62,71,63,72,64,38,9,80,45,2,18,6,66,2,82,73,14,19,98,44,74,30,8,92,42,35,49,43,0,41,63
62,72,24,1,25,41,26,95,84,31,69,75,15,34,25,86,97,82,74,77,11,16,24,5,53,7,13,96,61,84,52,7,98,49,16,29,58,22,11,6,20,32,47,65,80,28,48,48,18,38,32,11,56,4,11,82,4,13,94,70,39,33,19,62,50,61,43,24,66,4,89,36,93,4,88,11,71,43,92,79,49,56,27,11,13,12,85,31,96,83,46,8,38,58,49,99,22,52,71,53
73,52,8,9,13,47,37,13,27,51,58,38,68,74,51,73,1,54,38,6,16,73,22,41,38,65,81,65,24,81,100,8,3,56,65,59,65,99,89,95,82,42,15,76,67,46,23,97,88,29,16,8,64,18,80,47,50,47,35,61,48,20,83,33,83,44,73,78,64,71,58,8,24,96,66,8,82,91,94,57,0,72,95,43,80,38,98,16,86,47,16,66,55,53,77,14,16,8,29,58
23,80,2,66,28,13,93,100,95,51,53,9,75,1,6,35,16,22,68,50,5,28,54,8,83,3,19,21,82,44,88,65,60,77,0,57,19,94,36,37,73,86,96,54,84,13,99,42,76,93,67,82,11,77,0,45,60,43,100,38,54,44,88,50,96,22,14,50,32,96,14,41,79,91,81,86,61,59,73,51,35,40,82,86,91,66,42,100,4,26,83,21,67,39,63,7,33,52,78,45
6,100,43,35,60,100,58,69,20,49,40,15,30,83,23,23,22,62,21,20,87,80,45,52,79,76,2,43,37,69,84,40,58,62,93,30,1,19,92,92,5,9,90,5,71,74,57,89,35,54,28,97,26,25,10,68,2,21,16,50,41,2,51,82,68,25,66,93,20,45,22,41,52,15,17,66,59,27,48,93,3,91,46,14,16,75,24,7,70,64,1,94,14,4,96,90,92,70,8,28
7,43,15,33,64,56,66,66,39,15,24,24,85,14,17,93,52,18,3,17,11,50,72,13,81,85,5,10,49,8,78,60,88,87,77,59,9,53,35,64,29,31,57,83,78,73,74,21,79,41,48,83,51,26,96,69,33,6,72,99,74,45,83,32,28,6,37,22,94,42,34,28,96,52,70,57,25,8,86,94,30,44,95,1,22,91,66,67,92,69,62,76,84,79,81,71,82,59,2,17
20,73,1,87,38,34,100,36,7,3,29,22,77,1,69,19,27,19,10,74,47,15,47,35,71,80,32,26,13,94,11,6,61,46,62,23,50,90,15,100,93,96,35,80,25,26,17,29,15,24,87,41,49,5,93,76,61,4,68,19,38,41,55,83,91,41,36,86,92,27,44,4,60,57,61,48,18,44,34,40,43,71,87,31,75,33,3,84,10,94,17,52,80,29,18,45,0,81,93,86
87,76,43,82,65,81,74,98,61,60,73,67,57,0,65,50,86,86,67,29,16,31,92,49,91,100,89,84,79,46,7,93,2,55,15,63,74,64,3,52,90,24,59,12,56,33,51,19,21,96,86,46,64,2,37,38,81,75,9,94,48,67,85,96,17,6,47,31,5,54,63,56,5,32,7,100,30,35,88,77,62,77,88,23,32,48,97,4,65,71,19,53,69,42,35,96,76,18,77,71
34,33,83,46,66,63,84,17,80,49,71,82,31,66,83,41,4,86,8,55,69,28,49,1,82,10,8,71,66,11,90,18,12,10,24,32,22,24,9,40,7,42,85,40,56,42,32,84,51,67,16,29,87,67,32,81,24,15,82,22,93,0,82,76,92,56,50,27,21,52,61,9,92,18,74,11,2,4,27,17,55,53,23,100,11,47,7,49,62,34,92,33,27,47,89,82,10,4,21,98
20,0,1,43,86,30,38,49,34,28,91,28,3,83,62,100,44,79,35,46,20,54,39,67,67,74,39,77,4,60,34,27,3,6,15,25,86,34,1,92,91,55,67,64,92,64,53,30,75,47,24,33,81,56,27,46,9,76,91,66,86,1,74,40,82,12,58,45,86,27,36,19,29,60,14,67,31,85,56,99,80,95,35,96,11,2,2,96,69,76,10,87,41,8,44,78,40,1,14,5
57,19,68,26,40,93,28,24,93,10,79,96,19,75,17,32,75,6,12,59,26,24,40,34,84,53,64,90,19,13,80,69,9,13,42,20,69,43,0,37,38,61,59,40,91,49,61,17,16,5,8,29,63,69,26,95,8,6,65,91,13,95,26,52,15,54,69,45,81,48,58,28,98,3,77,63,88,89,42,58,63,29,37,52,52,83,66,50,6,63,52,7,98,31,12,29,54,58,77,14