45,95,5,61,46,4,44,5,92,32,33,92,59,49,56,73,56,22,99,54,29,40,34,65,6,65,4,55,76,40,51,55,15,86,26,4,72,29,12,12,36,23,69,75,61,15,28,59,63,61,97,5,6,38,67,40,48,10,93,40,85,59,22,18,18,36,14,98,91,92,56,41,92,58,79,57,93,84,51,13,69,61,93,90,46,51,62,43,72,83,44,79,52,29,22,26,19,49,94,44
20,60,74,89,31,68,17,58,19,54,78,88,93,70,74,65,95,83,82,72,10,61,40,55,16,64,56,65,19,36,31,96,11,48,74,91,44,96,81,60,61,11,26,5,38,36,58,66,88,67,59,42,20,65,53,86,61,71,19,18,37,75,25,65,38,52,32,1,41,12,27,64,30,47,57,92,66,24,54,60,46,49,95,46,41,2,4,3,53,66,67,42,46,8,97,94,36,2,3,95
84,88,23,43,85,83,65,76,61,49,84,68,7,40,48,70,23,87,31,60,85,27,89,68,4,62,5,20,92,13,72,99,49,14,13,58,82,21,100,94,37,26,21,72,29,55,52,9,60,28,24,43,77,3,2,87,73,96,83,8,45,96,9,86,17,76,57,99,21,70,59,70,71,53,39,100,87,65,59,97,52,17,87,70,52,31,22,81,27,69,77,72,61,11,49,19,58,87,33,61
1,72,23,100,26,35,60,14,0,40,60,92,59,49,99,22,64,89,5,49,68,70,81,81,80,93,14,35,34,84,34,86,47,91,74,23,75,68,5,95,61,84,8,46,32,1,38,81,59,100,16,40,53,27,37,98,84,55,23,66,1,76,40,24,35,54,40,88,42,69,27,59,83,59,65,69,39,59,32,89,10,72,72,72,94,66,94,65,88,15,88,16,1,74,85,2,23,20,21,83
20,43,42,37,0,61,34,41,59,44,90,44,72,1,16,91,32,31,11,28,52,33,47,88,28,7,44,54,65,21,73,52,55,96,22,55,2,76,89,57,75,25,1,58,17,5,73,6,1,27,68,83,15,85,64,66,35,46,64,5,0,84,57,72,12,69,47,40,73,22,9,34,2,7,57,52,51,72,12,19,83,28,51,100,37,77,69,35,31,32,92,28,94,77,19,36,75,94,63,47
8,48,42,1,14,70,56,46,33,73,96,54,35,96,7,24,10,99,57,51,82,22,79,56,33,67,56,74,99,41,25,38,46,98,57,13,20,42,62,44,20,82,6,30,47,64,30,75,17,72,17,10,87,64,98,85,78,92,38,4,10,19,99,76,85,86,67,6,25,34,22,17,25,71,7,68,34,75,24,40,47,56,29,88,51,85,42,18,63,63,64,64,89,11,44,91,46,35,60,11
44,79,16,37,20,15,77,29,16,4,23,57,45,15,80,93,4,82,39,22,11,84,51,73,93,58,73,64,19,42,46,86,76,87,74,98,30,60,22,67,51,43,5,43,95,9,94,97,82,19,77,35,16,28,87,65,45,74,29,91,70,82,6,22,68,44,48,95,44,37,89,59,3,14,11,62,78,20,40,50,99,47,76,97,49,18,42,70,26,22,99,98,51,85,51,85,35,68,96,28
43,43,93,81,94,35,17,64,79,66,56,3,12,59,77,27,87,35,47,69,81,51,68,91,30,29,88,86,100,25,65,38,58,79,74,47,32,86,40,71,87,7,22,46,13,18,22,75,98,91,4,48,19,86,88,35,56,76,28,74,4,13,7,41,34,90,48,46,32,0,8,31,71,20,10,11,24,60,90,47,17,47,43,97,45,75,36,62,78,14,10,61,14,94,66,49,48,38,0,51
90,10,54,10,29,18,92,100,53,60,18,7,96,37,85,69,36,37,14,21,59,80,74,28,87,78,91,54,67,24,86,83,68,97,55,69,19,99,24,83,71,99,72,78,52,55,46,63,40,36,67,50,88,85,16,40,35,42,18,32,90,56,39,27,87,99,55,41,66,33,38,91,5,90,17,32,89,1,23,94,92,74,18,13,23,86,44,3,50,18,50,3,64,3,1,80,87,69,75,73
44,99,27,18,22,66,55,45,53,85,39,50,68,68,56,98,80,94,0,45,17,9,66,39,11,66,0,82,53,54,35,29,14,81,9,83,37,61,80,60,85,48,21,15,48,88,0,40,100,36,46,91,95,50,53,57,76,45,90,88,16,86,63,47,83,47,19,100,42,67,60,0,1,100,36,6,82,16,14,55,89,26,22,63,30,81,88,67,77,41,86,94,46,72,39,2,80,99,30,94
95,40,36,0,4,44,46,15,89,40,51,87,20,95,77,8,70,17,39,37,88,86,71,20,47,99,52,7,84,56,97,85,29,11,66,60,58,93,41,65,47,89,28,69,61,77,91,28,48,69,2,39,84,29,12,37,50,88,59,67,5,52,61,0,23,86,60,55,29,3,33,100,17,8,60,36,21,100,0,80,2,26,23,95,61,85,2,51,33,80,16,73,5,27,75,19,26,95,69,74
53,35,74,42,62,17,74,87,26,67,14,36,38,75,58,1,3,92,20,60,7,87,81,76,78,38,93,83,71,94,95,51,99,41,22,22,20,49,86,55,53,46,2,44,91,39,49,15,88,5,50,81,31,46,18,69,94,76,98,71,54,35,42,50,15,48,74,100,37,1,67,96,69,55,54,81,76,83,71,65,52,25,74,67,39,51,87,88,55,71,48,2,82,87,87,95,46,2,94,50
88,99,1,83,85,60,8,55,72,87,6,54,75,19,96,96,54,24,59,27,33,37,40,42,47,48,12,63,45,90,93,10,77,68,1,73,70,89,60,44,11,98,48,39,74,88,37,15,54,72,81,23,95,53,61,69,16,61,31,100,17,17,15,83,9,95,63,86,62,22,39,38,75,35,45,97,37,57,4,76,16,28,27,2,23,48,19,19,42,0,81,72,17,0,69,80,37,59,39,100
88,52,2,48,47,67,33,66,83,100,15,33,19,81,10,4,68,33,90,64,25,23,56,59,89,87,21,17,100,2,77,31,47,68,72,96,69,61,61,49,65,80,2,13,29,54,88,58,91,47,39,80,76,70,67,0,51,44,69,56,61,81,98,50,60,77,50,61,42,97,26,5,53,53,37,56,37,99,18,78,97,37,66,22,98,98,27,96,22,79,53,86,31,99,10,74,11,8,26,13
79,99,12,40,33,30,97,74,16,74,12,48,99,13,62,45,72,72,13,59,21,98,48,31,27,36,17,98,78,43,57,97,56,7,31,80,50,18,31,39,4,2,90,32,78,10,15,58,44,73,51,23,28,75,70,9,98,84,52,51,67,67,34,24,35,14,33,11,52,35,60,72,61,52,92,53,85,24,73,77,50,21,86,9,91,5,98,85,97,68,42,30,28,23,42,98,95,58,42,98
20,30,57,83,46,85,60,60,59,18,39,84,47,98,98,73,99,30,62,77,60,1,74,19,58,52,42,95,22,67,33,2,62,57,52,5,46,11,65,5,28,87,52,100,84,30,75,12,69,50,46,18,15,77,96,100,19,66,20,42,52,91,10,38,22,75,4,68,60,73,40,34,76,3,63,2,85,16,22,80,60,73,55,46,41,17,84,85,88,68,25,9,0,97,53,5,23,4,81,86
38,94,82,3,64,58,99,64,72,90,4,34,28,94,94,55,5,10,80,26,5,70,74,3,23,6,32,58,12,48,67,24,12,82,94,6,72,94,10,39,60,88,61,56,72,17,34,27,4,16,33,72,59,75,42,45,62,36,27,41,63,83,27,8,41,69,17,71,79,9,82,39,27,39,2,65,53,10,16,69,38,33,98,42,34,52,91,82,15,89,59,28,18,27,67,66,91,17,52,18
17,79,89,78,58,45,32,61,19,44,62,46,12,72,33,40,55,28,40,55,8,50,79,93,54,3,75,40,54,89,61,17,85,34,6,91,38,26,41,88,5,85,14,30,30,68,12,93,2,19,66,95,20,90,9,91,55,38,81,14,72,28,47,98,55,34,47,96,43,48,55,87,89,17,98,74,82,67,62,33,79,66,86,53,89,6,94,76,10,74,10,19,51,8,70,75,62,62,44,50
58,14,9,1,21,9,46,60,31,34,68,27,5,23,54,82,83,83,57,21,4,39,75,48,43,34,33,39,24,16,13,56,77,13,9,68,42,89,4,94,44,81,51,44,28,19,5,40,0,100,72,65,40,13,0,79,48,22,76,74,96,32,16,33,0,70,54,48,15,42,77,78,84,61,48,79,52,100,45,38,9,8,73,74,51,24,19,13,12,52,45,24,41,55,89,93,33,83,61,87
27,3,40,18,13,97,94,46,76,27,50,61,81,30,66,13,9,59,9,75,16,15,15,38,78,72,9,99,87,82,31,2,70,61,100,19,41,77,49,47,81,93,17,37,67,26,76,23,95,89,76,31,63,9,81,24,38,74,83,26,6,90,52,84,32,16,42,16,54,87,20,16,7,1,1,46,11,83,48,25,72,9,33,72,63,25,67,39,97,80,22,51,64,18,71,20,36,87,72,75
29,44,88,30,6,79,56,17,92,12,17,28,79,80,29,4,31,61,13,12,2,100,86,53,28,94,95,98,62,3,48,69,94,8,31,89,99,1,71,12,54,26,54,34,57,32,70,3,69,43,27,90,87,15,81,61,91,10,15,47,55,59,27,4,82,26,32,19,75,0,99,66,34,7,8,62,34,38,18,68,52,25,61,34,34,64,24,45,60,17,28,53,19,80,100,17,87,7,49,60
7,50,1,43,70,19,75,0,67,47,73,33,75,26,30,95,79,77,1,81,85,32,14,15,99,56,65,43,10,93,51,80,49,12,81,45,78,39,71,80,9,91,66,82,55,98,44,76,10,78,51,63,37,41,30,67,69,58,25,48,96,0,13,57,53,40,74,43,29,76,94,77,61,90,86,80,18,75,48,16,6,18,93,25,30,40,44,41,45,35,4,87,37,95,36,81,19,36,65,10
7,0,45,70,52,47,89,88,73,48,93,52,30,59,47,100,7,72,30,86,27,51,12,8,11,97,38,30,68,38,37,100,65,48,57,48,30,7,77,15,92,28,89,51,34,11,21,54,12,78,32,82,42,65,39,65,30,37,16,90,40,14,28,55,39,24,85,22,53,49,27,47,68,99,58,74,40,16,2,81,3,55,74,64,71,0,28,2,36,56,48,32,89,82,98,66,2,9,64,42
56,83,91,93,48,62,52,28,43,63,26,2,26,0,6,3,44,21,61,63,83,36,72,30,85,5,85,88,41,17,45,44,0,43,61,26,57,4,18,81,76,96,5,44,6,74,54,42,26,55,65,45,69,23,3,78,31,75,7,78,58,3,99,63,6,50,4,58,86,21,17,16,71,68,67,0,95,38,31,38,19,18,93,94,79,19,34,29,37,28,74,85,48,90,79,81,28,25,51,13
30,72,50,88,2,27,39,12,43,32,39,5,33,66,38,35,5,97,21,87,56,30,19,29,84,51,65,40,5,35,88,4,28,43,61,91,72,70,12,52,70,75,86,73,67,99,93,37,31,91,5,27,70,64,30,48,55,66,99,7,96,79,83,72,91,10,9,96,68,39,12,65,77,50,32,66,17,40,36,89,75,64,14,17,49,89,20,1,25,3,61,12,42,37,58,45,21,12,50,39
78,34,53,60,45,54,17,63,32,35,100,11,45,41,50,71,81,67,67,61,26,52,7,49,70,38,5,65,49,48,59,16,18,67,9,25,21,20,58,96,45,50,9,44,16,81,100,78,92,13,74,58,93,58,3,71,73,50,96,22,43,17,29,72,91,13,48,12,52,25,34,30,3,6,17,82,80,23,39,59,6,64,71,60,48,71,71,7,30,22,6,72,12,42,94,91,18,83,39,13
82,38,72,29,68,28,87,37,11,77,79,95,96,73,93,91,88,52,13,58,13,77,82,41,17,52,25,68,77,36,4,83,10,68,74,87,82,93,79,51,85,98,34,59,26,90,96,82,23,0,76,27,48,82,21,22,38,41,78,51,38,2,58,81,72,25,38,43,69,5,34,97,17,59,57,81,65,75,95,80,39,78,9,77,20,52,69,97,57,81,55,39,45,49,67,0,47,83,73,53
98,86,57,12,69,64,57,8,49,20,75,79,24,39,18,29,11,59,64,76,1,82,85,1,90,1,58,79,52,52,92,98,99,75,27,29,56,3,67,40,54,47,43,4,91,7,48,1,73,9,73,14,24,12,49,42,74,63,1,13,31,100,20,88,72,13,97,65,39,60,73,72,16,12,85,13,53,34,34,91,0,71,23,23,65,0,42,100,42,13,90,58,46,68,75,27,43,49,41,60
95,24,59,1,66,43,82,16,100,27,58,62,65,87,66,28,53,92,1,51,8,63,41,42,64,100,61,38,46,97,55,12,23,47,77,34,65,86,19,83,3,80,2,15,73,50,78,76,11,77,74,67,24,69,24,54,75,42,49,1,1,72,91,12,92,12,74,71,66,82,92,60,43,94,1,36,97,23,25,20,72,81,2,63,72,76,9,48,75,13,51,7,66,59,26,64,32,8,92,46
59,20,26,28,22,100,77,47,3,20,71,87,9,76,99,82,36,48,98,76,77,83,77,85,19,48,85,40,92,8,29,26,87,96,60,86,67,26,23,13,8,14,53,82,25,94,74,10,34,82,22,83,24,33,55,6,71,11,16,53,80,5,35,26,26,21,46,33,67,94,35,55,52,6,93,4,29,86,92,35,35,67,86,79,45,82,45,36,18,41,14,95,94,25,39,31,67,27,45,78
44,59,4,99,7,60,36,90,83,72,49,81,84,40,59,40,68,42,74,44,80,21,66,30,12,44,65,47,2,87,98,26,30,77,92,8,93,18,69,61,28,80,41,47,11,97,20,58,87,25,5,31,63,98,60,100,38,87,72,15,26,42,13,50,99,96,1,31,99,0,88,41,9,84,45,79,52,57,45,56,89,89,39,57,10,100,51,35,70,43,24,47,33,67,90,90,51,15,50,94
54,20,83,77,94,26,29,75,34,5,2,83,64,86,74,58,17,87,87,60,99,20,45,52,26,2,59,55,27,45,93,20,88,53,43,79,56,86,42,14,95,25,40,91,8,97,99,19,93,52,75,71,14,35,28,0,1,77,76,86,11,53,99,48,77,87,66,54,56,92,75,16,75,31,69,43,45,0,37,12,18,2,83,53,61,23,71,51,20,96,24,61,18,41,70,72,34,28,75,62
32,25,82,84,71,87,27,46,37,73,98,25,12,87,70,49,5,75,29,9,84,1,68,97,25,12,71,29,15,68,71,91,40,44,65,19,9,53,5,22,22,39,64,71,68,46,37,27,76,78,84,92,13,22,15,91,78,15,18,62,1,48,83,97,94,83,78,55,65,70,66,9,59,32,81,94,46,13,99,56,75,9,57,58,85,91,21,49,14,63,44,16,76,58,34,19,13,98,41,3
86,41,36,1,52,93,88,6,45,82,28,85,20,87,32,77,11,82,42,23,72,6,62,64,55,62,57,88,11,17,67,6,23,48,81,16,31,50,52,54,76,86,2,22,50,73,26,71,0,69,16,75,40,46,82,70,68,0,27,94,20,87,83,87,43,47,56,64,54,18,52,24,85,34,89,43,77,37,72,70,62,87,47,17,8,60,80,8,4,49,68,81,88,87,66,42,37,8,77,39
28,40,53,89,74,30,42,89,16,97,10,45,89,36,64,18,93,12,79,18,93,19,98,98,63,23,56,83,33,35,89,93,23,99,40,93,28,16,68,60,84,49,83,60,70,38,43,46,7,46,64,16,90,92,55,33,98,28,45,58,41,93,27,66,74,10,41,54,97,71,96,4,89,100,30,90,25,42,72,13,58,51,66,94,49,78,22,10,81,32,21,15,61,24,4,18,9,15,58,78
48,75,92,28,73,37,65,74,35,33,68,95,85,27,55,7,85,19,34,62,46,47,17,48,2,40,9,93,52,97,56,86,60,18,70,38,53,2,8,21,58,89,53,51,86,80,91,41,80,31,88,81,5,99,80,74,52,43,72,59,50,94,12,64,28,39,0,9,11,8,66,55,43,70,57,91,51,23,10,89,90,43,65,2,85,12,75,44,97,28,56,22,44,67,45,23,61,77,78,25
43,83,40,49,37,12,34,76,65,5,38,47,56,53,96,68,12,33,4,4,68,20,50,44,50,80,5,97,12,16,94,58,92,17,98,40,59,49,53,84,71,91,30,99,45,8,51,81,29,88,60,88,81,48,85,77,3,58,31,16,42,91,20,83,6,20,77,86,9,87,68,14,14,20,90,24,56,31,60,55,64,79,1,94,21,88,34,78,79,54,39,86,41,27,29,14,73,77,54,40
32,7,39,27,30,8,33,71,1,79,12,83,59,86,81,61,46,55,46,39,8,75,99,99,20,94,84,100,9,7,34,76,10,40,52,79,80,5,95,20,95,48,96,37,8,55,31,53,98,5,36,74,41,49,23,80,75,22,15,38,22,13,23,28,86,57,83,72,73,76,86,56,83,34,57,2,85,5,38,82,90,47,96,67,0,38,10,0,19,11,24,75,18,1,35,72,33,88,9,90
38,6,95,58,37,58,84,81,87,73,24,42,24,66,95,48,77,47,81,39,62,36,36,31,69,82,23,75,7,97,13,8,63,45,15,87,57,74,10,86,42,9,86,21,78,68,53,99,14,89,24,71,33,13,62,90,41,26,98,50,85,58,75,2,86,72,40,69,93,91,7,28,32,83,25,39,57,20,87,92,75,52,38,4,48,85,50,18,47,85,21,77,14,21,86,47,33,95,74,94
23,43,86,55,65,11,20,15,91,61,77,63,79,93,95,64,20,61,79,82,28,86,33,79,65,97,50,35,12,6,94,58,76,68,95,47,38,85,27,13,66,95,53,87,64,50,75,12,95,50,44,38,1,74,37,79,4,46,44,17,42,36,65,70,41,16,92,12,81,88,87,62,19,54,81,93,59,85,82,18,13,9,45,78,49,56,86,23,54,72,34,10,78,41,49,54,86,43,18,54
8,23,29,20,93,99,35,58,42,15,23,30,30,92,47,1,87,29,42,87,41,94,14,5,84,4,64,20,45,28,88,58,36,78,25,34,77,18,16,39,13,34,99,51,63,58,6,42,2,23,83,79,99,23,0,71,12,45,7,75,92,52,78,90,74,19,66,79,77,6,53,96,77,60,28,24,51,98,25,52,83,24,9,76,33,35,30,35,86,50,55,89,11,21,34,86,22,67,50,50
38,2,17,52,92,90,77,97,39,64,26,49,97,70,66,62,69,11,95,73,73,38,5,48,97,20,54,52,34,85,47,68,24,65,88,72,30,72,4,16,1,9,23,36,23,100,74,47,76,42,12,73,61,78,86,79,40,57,67,43,8,80,95,81,33,70,96,78,85,76,45,62,83,27,32,26,62,13,4,53,3,80,77,61,30,12,66,39,16,45,85,83,64,29,1,39,0,92,80,7
41,68,30,54,82,81,47,61,83,32,17,95,44,4,65,63,4,68,63,68,97,68,84,96,18,54,73,14,8,81,58,79,64,29,90,77,58,56,20,2,85,63,71,2,100,94,39,22,100,77,65,50,61,45,64,50,66,100,23,56,48,91,14,26,2,64,25,16,46,48,92,47,19,52,55,71,71,46,44,75,57,88,23,49,50,62,62,48,1,71,23,0,71,8,32,92,63,19,98,36
83,48,98,31,94,15,89,29,53,10,55,3,38,50,64,44,70,13,74,52,72,46,8,18,39,97,38,81,87,99,59,9,10,100,26,65,55,20,29,57,92,50,84,91,96,45,62,16,7,91,79,26,14,3,84,22,88,13,11,37,94,100,91,7,97,99,60,62,10,20,48,9,87,94,28,15,76,1,37,14,46,83,8,1,98,12,54,14,40,92,3,87,10,25,1,22,0,98,6,4
27,46,56,94,61,60,6,26,7,59,14,85,33,52,79,22,94,15,37,31,36,1,58,100,85,74,56,89,16,47,20,25,23,44,76,82,47,58,96,49,4,51,2,69,93,66,41,81,19,19,57,39,90,15,2,63,27,83,63,4,6,62,71,2,20,16,7,1,27,96,90,81,66,5,30,80,85,83,2,15,40,76,91,26,96,93,84,26,42,13,81,81,87,74,4,62,22,93,96,81
71,63,49,84,29,85,58,95,58,12,91,67,36,26,19,44,65,77,62,68,89,42,99,15,69,99,77,30,79,41,91,66,88,41,19,67,93,21,80,73,25,52,36,49,67,30,4,77,4,93,66,41,72,77,18,11,21,70,27,71,89,48,92,2,2,81,57,48,41,5,87,97,6,23,43,42,36,40,15,69,13,19,80,5,36,87,19,74,85,17,40,29,65,18,44,52,72,5,30,73
62,34,19,30,55,51,45,91,88,74,74,81,8,29,84,80,58,8,85,6,66,1,28,76,44,6,41,98,10,5,80,29,79,12,21,80,42,56,41,26,96,52,29,34,100,27,47,71,67,92,32,42,80,95,51,33,83,67,14,22,40,21,14,97,30,3,21,48,85,56,67,8,82,3,1,27,64,100,96,6,73,40,89,76,98,40,43,50,84,64,97,1,68,72,41,18,1,11,67,66
19,98,78,77,96,6,77,64,86,31,59,81,42,22,73,86,54,31,65,44,61,100,0,78,48,48,4,47,65,7,92,2,17,52,75,82,90,52,59,29,3,29,61,30,4,38,6,33,95,17,75,12,55,0,62,11,96,23,8,15,75,86,8,77,65,55,36,52,4,64,88,25,20,15,21,51,33,82,94,90,9,34,75,7,94,13,68,61,98,82,7,23,8,94,81,17,62,81,40,61
52,27,13,44,75,38,96,48,82,55,55,72,81,68,79,26,87,6,30,34,67,50,26,51,94,62,42,1,26,39,98,87,63,69,53,11,55,36,85,44,7,5,11,21,75,54,2,87,63,93,14,20,10,90,30,16,98,85,71,34,91,20,21,9,37,31,21,14,86,82,83,95,14,85,39,17,97,81,11,90,97,70,3,100,85,83,65,23,79,91,41,42,97,78,65,59,17,64,73,58
94,11,77,30,12,20,24,44,66,72,20,20,54,50,83,66,20,15,30,29,24,52,18,43,6,27,95,98,28,88,49,32,96,64,49,28,24,91,89,79,68,81,10,6,92,12,15,43,69,9,23,7,96,16,35,42,4,32,25,52,69,81,4,51,62,21,35,17,63,57,87,77,6,41,6,53,80,83,39,34,22,62,15,51,67,13,93,3,92,90,9,36,13,19,68,8,15,54,90,0
9,4,52,70,57,48,47,42,43,44,30,73,100,6,41,58,89,57,18,44,36,96,78,31,81,56,46,65,61,43,22,69,71,1,51,6,48,49,39,12,49,2,77,94,78,47,52,80,9,57,44,70,33,61,91,43,38,38,51,76,66,85,46,68,95,43,39,58,58,90,69,97,58,67,1,90,67,84,65,51,92,97,94,36,77,29,70,87,59,76,78,51,31,11,51,79,57,5,89,67
27,29,72,45,22,29,67,94,45,57,77,81,81,14,40,72,58,39,48,50,73,67,47,76,27,76,28,10,28,62,30,91,38,89,69,88,3,57,84,5,88,95,52,56,59,56,48,94,98,39,65,68,51,12,25,81,83,22,8,13,42,20,58,36,9,49,17,78,82,41,18,41,18,18,97,17,34,84,47,54,6,61,43,76,40,11,71,38,84,97,1,63,23,41,87,93,25,25,5,19
8,32,49,17,76,14,15,93,12,85,5,48,9,10,98,81,61,13,67,74,17,27,100,28,4,86,65,61,24,5,84,60,38,68,85,87,24,2,68,15,83,56,92,11,86,49,57,6,23,92,69,58,66,29,11,9,5,24,56,18,83,57,17,16,38,4,53,94,47,2,10,14,70,38,27,19,43,23,29,35,56,63,42,93,93,11,83,67,32,54,84,15,15,72,26,0,15,35,4,8
94,55,78,26,86,17,70,33,1,36,96,49,16,49,98,52,14,28,63,60,99,21,13,43,9,24,67,93,78,60,81,23,28,49,42,94,47,6,22,97,7,67,8,78,70,71,42,7,11,35,42,8,76,4,95,40,51,49,9,62,49,95,13,47,0,9,86,97,15,58,20,43,98,96,67,27,8,25,7,1,82,77,13,53,42,94,16,95,69,54,21,60,57,97,1,5,50,98,35,4
44,82,95,24,27,65,71,3,76,40,20,28,95,99,37,63,79,21,11,23,51,43,58,61,3,33,44,36,4,60,82,93,58,52,29,39,99,70,70,3,49,48,45,64,45,44,77,84,58,62,16,55,70,52,59,76,93,3,51,99,14,94,14,99,73,66,30,4,2,57,27,77,73,92,78,14,20,39,79,7,85,6,53,35,4,33,60,16,14,99,54,0,45,100,94,26,6,62,77,10
55,8,9,80,29,67,24,71,25,82,49,76,16,78,81,4,26,100,19,50,85,9,1,89,67,23,57,31,63,41,42,53,24,17,39,66,59,47,41,47,58,25,79,70,4,88,98,95,99,94,77,34,55,52,71,50,78,27,86,65,75,9,71,28,81,91,64,25,21,13,73,95,54,32,50,70,31,46,73,62,28,41,69,74,57,72,61,91,48,31,88,38,3,5,70,43,16,27,43,48
7,94,29,37,39,37,74,91,16,16,83,52,92,66,80,23,92,91,6,79,91,93,18,18,90,37,65,57,26,79,85,67,90,50,95,78,45,15,84,32,58,65,69,69,100,43,49,29,49,85,77,100,66,26,75,95,84,38,40,85,35,91,87,79,82,38,65,16,66,25,56,1,27,34,83,47,12,92,22,58,46,14,28,56,72,12,17,43,37,22,53,86,67,24,67,39,42,35,46,30
64,7,69,36,3,44,17,35,75,54,52,48,96,3,71,61,74,89,45,52,12,79,21,10,5,30,54,6,50,41,82,67,9,36,68,33,99,89,80,19,0,52,57,54,40,69,12,55,57,89,67,19,46,83,35,20,91,33,62,22,10,71,29,80,56,32,26,96,35,25,67,53,10,8,19,0,10,48,54,53,94,97,4,36,82,27,7,88,100,86,9,21,73,92,76,66,78,56,66,37
69,78,9,7,55,45,41,75,93,86,46,5,58,73,70,81,79,16,73,0,41,18,35,24,46,58,16,77,50,32,87,86,80,89,1,22,2,72,16,49,2,64,15,43,61,61,22,28,42,70,58,50,74,34,80,81,25,37,13,84,4,97,80,40,61,92,62,23,95,77,95,85,35,97,51,46,91,87,15,49,37,28,50,16,38,62,6,65,49,93,61,10,30,59,92,22,80,72,80,65
62,83,26,82,71,75,13,79,13,24,84,86,63,70,42,64,29,75,36,20,99,74,2,100,95,80,82,19,23,49,61,1,19,67,99,47,58,69,51,69,76,60,98,45,98,61,20,38,36,39,14,0,72,51,24,86,7,8,94,6,75,65,1,0,62,27,16,83,98,7,35,95,18,60,69,87,9,16,70,61,76,91,71,1,36,57,28,20,58,84,89,11,10,18,52,36,88,84,50,17
49,7,67,6,81,41,52,31,43,22,25,21,7,42,35,89,70,76,4,51,29,83,74,38,5,42,50,11,26,35,96,37,59,89,59,41,25,17,53,55,70,40,70,68,11,31,43,2,58,86,17,46,64,97,72,35,59,15,41,4,16,55,94,27,15,19,2,85,3,86,90,28,83,54,33,41,2,69,63,62,91,96,20,16,52,96,0,77,69,20,58,24,8,1,40,99,94,92,37,57
83,20,17,57,100,29,97,46,41,2,69,38,52,56,77,55,67,53,8,12,12,60,20,87,83,35,10,16,2,30,88,80,90,15,9,96,34,85,44,97,54,10,65,30,62,20,95,94,34,41,86,45,33,64,18,85,26,55,73,16,4,29,39,1,87,84,64,99,95,11,7,59,4,95,88,75,98,81,31,75,35,68,42,43,42,30,16,18,99,23,65,45,61,5,68,8,19,91,18,95
80,0,44,63,9,97,37,64,1,93,22,86,41,18,88,15,54,93,29,24,68,1,29,56,60,58,55,62,76,10,21,29,48,21,10,60,55,99,81,50,60,49,14,66,87,5,15,71,74,25,65,63,36,78,79,99,73,17,57,42,54,24,50,22,62,99,48,90,92,16,80,76,97,56,5,13,94,80,12,15,42,91,23,95,80,92,7,60,62,51,96,83,43,54,99,16,67,62,53,89
34,56,22,51,44,17,79,45,23,54,25,29,76,37,2,21,82,61,45,21,21,26,86,46,100,9,17,67,21,2,75,45,83,97,58,32,87,76,27,1,35,61,40,58,39,52,97,90,76,14,98,9,13,11,82,5,7,26,20,32,93,80,89,27,89,33,18,55,58,6,27,82,55,2,49,89,88,43,80,81,4,12,48,47,31,39,49,74,64,92,70,50,10,73,70,6,95,20,87,52
35,82,13,47,36,76,21,90,44,27,52,41,1,37,39,19,3,95,67,36,69,69,92,78,99,11,71,66,14,99,95,14,30,80,81,59,17,23,88,76,76,54,73,67,88,40,35,58,3,100,86,67,75,5,12,41,99,71,1,53,26,40,36,50,30,17,31,23,21,95,81,86,22,79,7,44,91,56,57,27,87,83,15,41,65,12,23,65,76,81,27,64,56,94,61,90,44,7,67,20
26,92,46,11,92,40,88,16,3,100,15,22,31,92,21,17,3,38,58,35,9,69,89,50,29,86,49,1,47,34,94,4,72,46,39,14,9,27,90,55,79,75,61,77,45,10,3,68,85,70,35,29,76,32,40,6,24,55,27,15,68,88,18,72,89,74,97,35,70,47,24,91,14,18,50,83,42,94,62,52,7,15,66,84,76,79,92,34,47,15,82,74,37,42,36,30,37,69,5,17
48,54,82,27,18,74,53,40,59,76,98,7,49,49,73,47,100,37,62,31,73,47,42,82,36,56,41,79,96,22,18,78,38,72,80,52,79,41,94,64,87,52,5,61,100,51,74,20,15,83,15,23,6,54,2,50,49,71,15,99,26,26,40,13,50,36,90,53,78,86,62,7,54,17,67,12,75,22,60,45,22,10,72,33,29,13,46,84,0,60,88,59,55,44,5,47,38,41,23,55
27,64,82,62,46,64,96,73,58,48,85,78,47,4,9,1,83,98,4,91,83,12,47,11,60,67,0,52,91,18,5,74,10,26,16,47,39,81,94,2,83,39,35,40,14,56,10,90,25,69,65,19,19,48,45,10,82,63,72,10,1,52,37,18,85,55,8,1,4,31,22,62,28,8,49,72,17,84,7,76,24,10,33,60,12,41,33,47,9,37,88,43,93,98,67,34,62,95,68,2
83,92,85,22,24,92,36,90,78,1,68,97,67,18,69,13,96,33,36,34,33,52,42,90,92,57,6,32,58,28,35,40,4,25,93,77,59,41,90,14,43,47,52,36,70,89,76,11,45,13,84,27,91,64,26,29,26,38,71,97,56,89,71,47,84,93,13,20,72,86,36,76,17,71,97,47,44,49,62,65,99,55,26,10,88,29,6,0,32,82,34,83,97,62,12,91,25,37,69,29
5,52,87,43,72,56,45,9,39,7,78,28,53,43,42,94,33,31,30,25,23,67,38,10,14,37,7,45,26,80,20,50,70,49,1,0,74,79,17,3,29,43,73,31,43,97,6,39,6,53,91,13,0,7,18,71,88,6,77,62,68,36,31,38,25,68,17,75,56,73,23,81,0,73,96,58,40,81,12,59,34,13,48,71,33,74,55,32,22,55,38,63,49,59,48,1,40,45,79,63
11,28,5,49,37,99,75,89,87,11,88,90,94,48,50,65,4,81,84,34,28,32,98,0,54,27,21,31,35,17,19,1,37,10,90,72,52,12,13,93,69,19,32,12,84,72,1,25,2,92,47,50,68,86,93,6,29,48,50,84,9,74,60,79,90,19,3,9,58,33,63,36,20,43,80,4,69,33,65,39,6,51,47,56,24,99,16,87,15,51,34,60,15,33,12,84,36,37,68,98
46,73,41,47,44,71,38,42,42,3,70,34,55,99,60,6,80,61,7,22,59,80,78,83,4,29,78,69,80,83,34,3,6,78,83,81,57,16,2,87,62,49,76,47,64,15,37,69,94,91,39,93,35,88,28,68,29,35,26,38,13,88,45,9,5,30,23,18,46,11,100,100,92,29,14,41,45,83,86,49,21,89,0,0,76,34,86,52,34,26,63,50,34,28,8,39,90,37,56,12
64,94,95,35,29,51,66,78,84,91,12,61,22,97,71,8,19,17,60,43,30,76,2,53,6,90,8,8,80,29,16,69,3,87,45,24,69,15,95,86,32,4,2,82,82,28,13,60,28,27,7,64,4,73,81,48,85,22,56,82,35,94,35,35,13,35,46,14,60,28,46,37,94,8,62,60,39,0,88,54,56,3,68,94,21,4,76,87,94,37,66,88,49,4,12,38,47,38,26,64
71,40,27,28,12,64,86,57,90,36,52,18,90,13,31,33,7,3,63,32,53,42,21,96,0,84,65,43,70,98,74,54,55,98,70,39,33,81,43,74,82,31,45,88,88,72,90,53,86,93,34,42,89,80,53,46,65,80,55,38,83,0,39,0,96,87,40,26,23,49,73,9,20,26,39,95,96,70,39,22,4,22,0,85,91,3,75,24,75,47,90,84,47,15,91,55,2,39,34,31
79,15,15,21,83,12,93,77,20,74,66,12,6,86,92,64,9,60,12,72,22,8,48,56,3,9,64,66,98,39,93,17,35,23,73,81,83,64,65,69,74,23,16,12,12,67,7,60,7,8,2,37,99,71,7,54,3,46,36,54,97,56,47,91,96,84,40,87,57,91,56,12,11,37,58,93,9,99,47,26,10,78,38,29,71,98,51,38,93,84,99,65,56,8,68,70,2,94,32,57
36,71,38,8,14,30,27,62,84,62,4,22,54,38,86,55,96,15,56,70,50,29,71,71,15,66,88,51,48,91,99,78,12,49,8,86,1,98,11,69,18,7,37,93,72,62,27,76,86,13,61,60,65,6,46,81,87,58,67,54,6,58,45,6,93,26,98,87,60,22,24,70,89,90,36,46,68,21,16,79,32,79,10,65,67,67,56,33,84,0,95,32,41,75,10,64,79,66,11,17
100,30,50,42,53,59,40,18,56,100,84,17,99,44,72,67,78,79,16,32,80,7,72,3,24,70,12,78,20,7,78,5,82,56,11,91,9,44,80,11,9,93,40,76,59,100,19,51,33,37,92,66,32,87,62,59,44,78,85,25,19,21,13,23,41,61,15,71,46,47,89,18,39,32,78,69,73,45,13,42,38,90,3,50,16,63,57,46,61,90,26,95,94,100,66,10,6,94,53,28
68,92,99,56,30,54,65,32,62,11,68,90,4,73,65,82,57,36,1,63,6,4,39,1,96,23,88,84,76,49,98,12,91,80,66,98,89,93,63,24,31,87,87,72,94,30,71,87,43,49,58,34,95,47,42,41,46,63,90,12,25,88,71,73,56,75,41,54,94,20,16,68,78,86,49,37,93,27,54,48,80,52,86,63,98,69,12,22,30,5,13,11,65,17,91,85,94,11,34,41
34,64,69,84,6,70,13,10,58,26,6,35,70,14,50,35,74,61,76,42,48,7,19,42,13,30,23,86,59,36,57,37,62,64,89,40,94,72,17,33,92,69,32,75,59,64,69,100,10,83,28,7,74,4,95,30,62,77,67,96,91,62,80,51,70,20,3,96,42,41,90,100,20,4,19,66,86,0,82,74,23,93,67,17,75,10,29,76,89,97,82,87,3,63,10,96,96,20,39,72
36,95,13,94,55,27,65,0,2,2,93,73,90,41,82,16,13,53,50,89,93,80,56,56,34,66,76,12,63,70,17,45,83,39,24,3,94,0,30,29,28,17,11,53,97,89,26,67,55,93,35,30,96,37,48,39,24,45,43,22,21,15,69,27,64,93,2,92,65,80,46,75,72,83,47,23,16,86,51,21,65,10,62,68,20,13,88,40,16,61,33,40,60,14,60,72,57,46,88,13
53,5,91,92,76,54,24,12,29,74,63,17,50,45,57,60,88,26,8,88,44,49,29,56,45,31,7,90,63,76,56,50,1,14,69,81,4,23,3,6,71,39,45,57,87,2,67,62,75,66,1,39,18,91,24,1,4,2,40,16,35,100,74,23,19,25,62,6,33,78,16,99,32,90,34,40,11,97,64,43,55,14,84,66,64,31,97,4,18,88,98,3,43,95,79,88,43,57,95,7
40,5,97,79,82,92,66,9,86,85,94,99,15,46,3,1,36,79,46,90,64,30,86,74,14,68,86,56,99,3,94,36,53,87,83,24,90,23,24,4,68,87,91,69,50,64,67,29,11,37,67,94,51,73,13,78,52,44,47,73,29,20,38,47,43,52,82,25,22,17,93,2,99,93,52,44,25,33,94,29,92,90,14,27,9,89,76,6,20,77,30,5,44,75,32,22,64,65,42,50
63,92,20,49,86,16,14,87,1,41,2,63,31,80,60,14,36,57,52,86,83,91,83,48,64,70,8,64,7,28,42,93,27,20,11,5,7,98,47,41,25,38,47,97,11,20,96,18,87,95,62,50,29,60,38,42,25,88,27,70,81,77,7,49,81,34,1,60,24,66,1,66,57,34,29,97,47,0,15,17,78,15,47,0,32,29,20,52,51,69,93,41,76,99,42,85,40,89,11,45
85,26,54,34,55,31,61,30,6,60,38,87,71,56,15,75,9,28,29,22,96,40,50,5,69,39,24,7,44,55,99,29,6,98,92,25,18,59,17,81,98,21,55,15,80,41,59,83,72,46,25,37,68,24,94,33,11,15,74,21,73,90,96,8,52,52,81,58,81,19,11,20,72,79,50,54,61,23,85,92,22,73,30,87,92,30,29,75,94,87,79,55,25,58,92,76,13,99,18,1
17,49,55,19,39,31,5,59,33,4,74,4,72,51,58,67,97,40,80,73,91,52,60,100,87,73,15,81,2,70,75,51,85,65,71,16,78,98,12,88,45,47,41,84,27,91,80,16,38,92,96,80,33,61,56,53,50,70,80,1,54,63,16,6,84,6,55,16,59,74,18,3,11,26,32,3,42,15,19,90,27,2,38,59,75,24,57,26,84,31,100,46,74,34,49,43,56,65,27,33
48,31,27,6,37,82,29,72,58,43,44,29,47,92,84,77,22,2,67,10,75,21,4,23,72,54,2,47,89,73,53,37,4,48,89,68,45,30,20,42,76,27,56,81,23,96,4,84,45,90,20,52,0,77,32,8,79,15,52,23,10,46,86,39,52,55,46,42,8,59,13,44,22,19,12,74,70,64,11,68,98,37,87,63,52,37,28,34,16,5,12,66,33,88,14,50,43,29,44,99
50,1,13,23,16,85,78,45,3,54,3,54,19,60,10,35,16,44,95,18,91,14,47,81,76,68,25,38,56,44,23,32,42,99,99,31,43,100,11,37,10,88,14,34,59,92,56,77,64,35,51,1,89,83,47,48,72,87,55,28,90,31,96,77,16,60,17,57,15,50,3,79,66,45,39,77,40,3,7,50,7,48,32,95,16,8,5,75,34,79,0,61,53,2,77,61,33,58,61,15
29,22,78,84,33,25,76,47,13,20,30,72,80,15,36,81,92,58,31,81,20,61,83,61,35,82,15,43,86,18,50,55,22,88,87,90,17,15,1,15,22,45,100,39,20,4,42,7,3,99,70,32,41,95,24,66,81,92,0,1,16,48,46,76,60,90,50,91,8,14,15,99,65,97,7,84,25,66,59,60,63,98,61,23,0,53,23,32,76,2,67,13,91,50,98,97,4,3,58,83
32,29,44,45,63,85,30,13,56,85,39,0,97,36,72,26,88,74,20,0,68,85,32,63,76,5,72,91,30,40,59,63,36,15,97,24,14,42,36,32,93,4,60,79,89,77,46,42,75,75,29,87,9,25,18,44,100,35,7,39,55,55,81,26,29,3,1,18,49,87,94,66,70,71,80,80,39,76,38,37,25,9,29,16,75,94,4,10,66,58,83,0,95,84,10,72,42,33,74,58
29,80,64,34,56,32,74,74,36,43,52,27,61,4,98,53,29,63,5,76,32,96,99,29,59,1,56,49,3,34,31,67,36,87,94,30,56,95,60,91,3,19,14,27,91,24,46,63,100,80,96,47,16,13,92,8,32,67,15,33,61,39,49,27,96,71,5,20,93,51,78,84,82,15,59,1,100,45,9,50,63,24,66,42,86,43,10,38,89,51,93,22,30,54,30,19,4,25,9,30
83,47,96,60,100,88,84,53,77,84,95,28,95,61,19,32,21,84,57,10,63,59,64,19,31,96,90,93,44,28,28,9,64,25,19,4,26,80,86,58,59,90,79,12,100,42,72,50,70,1,62,55,98,65,7,97,16,14,29,27,4,3,13,100,85,24,44,49,59,27,78,31,21,72,31,79,11,29,80,20,1,15,9,6,33,59,38,6,71,0,14,22,31,87,44,11,34,39,90,1
59,55,6,44,14,57,62,37,40,51,11,82,0,12,6,63,37,39,40,56,91,19,86,46,94,86,63,75,67,80,25,72,75,15,44,89,33,48,17,65,74,41,64,32,64,54,26,81,86,88,94,82,80,27,12,30,96,82,51,44,10,66,12,51,87,52,55,69,57,88,37,21,6,35,49,1,53,12,91,34,23,10,93,46,34,100,80,55,59,58,20,81,11,68,70,16,27,38,50,94
52,93,49,52,85,20,17,58,39,28,17,57,64,38,79,61,74,28,64,66,95,62,80,42,47,5,31,15,19,39,84,6,46,94,2,41,93,92,63,1,23,38,45,93,16,63,38,13,39,86,11,24,29,5,39,76,96,47,79,71,72,62,100,5,55,54,10,14,99,98,16,54,12,61,61,0,68,1,11,12,25,48,15,65,43,63,17,50,80,97,13,74,80,90,25,47,24,8,2,43
84,14,6,11,82,27,24,91,96,59,26,68,26,9,71,89,13,63,20,33,34,25,84,17,6,71,94,94,89,41,90,27,86,34,69,67,83,26,29,84,29,14,51,47,69,51,55,39,6,72,28,11,77,85,27,91,19,46,58,99,46,23,20,65,62,38,80,8,21,55,85,5,18,88,10,63,88,34,38,35,69,85,17,29,59,28,29,94,24,89,59,85,36,79,78,17,57,27,27,57
46,30,52,35,79,46,58,61,43,37,12,55,36,4,41,84,16,3,0,14,65,20,95,20,81,53,56,86,80,72,42,6,95,40,94,97,10,14,86,70,24,63,46,83,84,44,61,83,82,92,0,48,2,77,13,40,48,91,66,61,95,78,31,11,78,32,62,34,92,16,87,22,7,24,17,36,41,88,17,50,34,4,32,47,10,32,48,10,35,18,96,74,37,17,12,89,84,57,34,90
12,53,44,40,38,56,39,99,32,88,39,5,45,35,49,82,32,86,59,1,93,56,36,4,93,3,73,23,90,62,88,89,54,22,27,35,68,11,95,28,22,85,46,50,15,17,90,62,6,66,41,19,71,37,73,36,68,58,9,35,73,48,54,7,57,29,10,66,76,57,38,46,1,7,33,49,8,12,56,12,40,26,48,31,98,69,48,83,34,81,98,63,51,91,45,86,51,53,86,7
85,40,76,49,6,3,34,2,54,23,50,96,58,31,35,32,78,49,47,9,55,80,13,64,37,93,34,2,49,61,54,94,4,30,19,81,15,22,60,0,79,56,71,39,23,19,96,41,59,73,30,3,82,82,12,14,62,45,8,58,77,3,59,50,12,64,8,42,52,22,49,5,69,79,23,47,76,30,68,33,31,57,50,74,32,48,86,71,48,98,25,91,26,10,88,67,33,17,61,71
6,69,93,30,43,14,61,6,55,45,15,35,4,83,65,45,33,33,35,52,89,33,72,73,10,74,35,60,45,51,100,78,10,39,6,64,71,67,88,100,32,43,95,46,57,28,50,4,37,81,61,92,40,40,64,37,52,18,81,58,79,85,53,93,48,14,78,7,24,28,98,2,17,0,4,52,94,77,95,55,80,80,11,4,72,26,70,52,48,29,63,52,72,10,9,9,64,82,49,10
20,73,9,4,78,11,40,98,27,40,22,26,17,42,69,45,97,77,7,53,90,57,52,93,80,24,12,95,68,45,20,56,93,19,0,100,48,3,69,94,29,8,24,7,57,70,56,90,27,41,97,10,37,54,83,15,70,85,50,8,92,54,0,57,71,19,55,48,48,75,77,55,92,86,45,50,51,51,57,0,97,70,1,73,61,22,26,33,20,29,69,74,31,84,35,46,67,8,21,21
61,61,73,93,92,29,14,47,72,88,82,92,62,37,39,5,95,16,23,53,99,48,86,24,67,60,90,35,95,29,11,65,40,78,62,14,76,77,45,36,82,38,84,37,58,16,10,31,78,23,83,88,79,5,90,76,85,36,2,82,27,33,44,86,68,15,59,28,20,95,40,3,27,21,30,96,44,25,46,20,26,37,56,37,16,57,53,17,8,60,59,95,34,8,86,22,13,37,38,80