62,70,22,84,64,29,57,69,68,38,5,90,19,93,20,10,43,0,42,60,48,23,46,85,0,52,51,47,63,47,16,71,20,24,46,21,99,0,45,89,11,94,61,59,66,60,52,4,33,46,7,49,98,97,7,44,29,0,36,46,26,36,87,84,51,67,93,26,23,64,91,33,16,4,8,39,74,84,84,14,51,12,82,58,19,40,21,78,15,88,86,45,10,6,5,59,79,78,93,67
91,71,57,26,20,49,2,87,52,18,48,97,76,66,2,46,71,84,53,5,21,31,41,91,31,83,18,34,70,68,99,5,94,93,93,64,93,40,2,70,32,71,23,88,95,39,68,7,37,47,8,17,71,87,97,26,99,65,100,94,80,4,50,50,9,32,48,87,50,36,37,81,99,52,86,89,54,59,17,80,59,95,34,19,55,87,53,68,26,26,95,16,79,9,77,79,97,33,67,98
61,5,8,2,58,56,4,5,11,73,43,14,87,22,26,50,25,19,52,8,59,7,49,14,64,54,13,22,13,13,59,85,18,61,12,26,1,35,58,5,86,11,22,6,95,5,34,24,54,35,10,4,23,26,3,12,42,19,85,90,28,28,27,60,81,22,88,79,82,32,48,1,8,1,85,96,2,81,33,83,54,86,10,59,36,28,16,23,73,62,63,74,4,18,49,70,54,39,88,42
50,96,10,64,38,28,67,2,94,23,34,90,53,9,44,87,5,4,96,62,72,31,90,25,99,7,52,27,10,12,27,61,70,31,29,84,91,87,22,56,67,47,50,16,72,63,16,46,19,75,61,62,68,37,28,38,5,96,77,20,73,99,66,66,97,7,85,31,80,76,55,61,5,41,85,70,8,66,89,26,69,41,34,36,92,46,89,7,44,48,59,24,87,88,61,0,11,44,44,84
44,76,67,12,4,37,45,2,1,47,75,63,0,55,1,25,6,13,5,57,79,10,81,29,35,55,57,97,59,45,74,49,18,76,83,92,74,44,8,49,2,64,13,53,96,99,95,71,43,9,8,89,74,94,44,60,51,77,83,47,56,24,57,90,79,65,99,32,21,77,1,35,70,33,37,10,44,0,3,66,7,43,0,12,92,4,62,75,30,30,51,58,77,4,59,11,80,7,33,28
58,65,31,8,38,49,80,16,69,83,18,46,98,11,31,56,81,41,17,40,26,78,79,56,96,69,7,90,56,11,61,92,35,64,92,48,87,23,60,64,55,39,60,5,62,53,75,53,70,4,40,20,8,45,29,97,87,14,34,96,24,76,96,80,51,61,46,31,46,18,30,83,54,6,88,50,39,70,12,73,90,34,37,74,84,23,49,93,72,44,36,13,45,3,26,90,20,25,74,81
79,63,92,66,23,22,67,25,15,81,1,61,39,97,80,25,71,80,37,95,77,89,20,33,53,30,59,69,86,30,85,35,12,61,3,60,28,79,97,31,67,42,11,83,21,36,72,39,32,73,15,76,5,91,12,33,9,15,90,66,77,6,54,74,23,54,51,42,68,82,94,23,77,19,10,75,47,62,64,71,6,63,59,56,90,66,21,19,40,87,93,79,73,71,81,95,34,98,74,13
53,1,94,98,32,85,14,63,69,71,49,89,97,35,63,2,2,17,98,94,28,32,7,37,48,73,82,56,58,86,1,88,74,39,10,56,60,99,80,52,77,15,75,2,90,77,15,48,61,21,72,4,95,60,66,93,95,92,31,56,10,90,82,55,13,80,14,26,96,37,32,37,28,53,79,34,89,26,81,86,7,29,55,10,15,52,54,53,15,31,65,12,54,32,52,77,15,5,49,47
70,33,87,6,68,95,92,45,37,61,12,1,96,27,54,38,86,25,8,82,99,79,76,67,10,42,40,76,47,46,92,42,88,3,56,91,49,41,74,76,30,40,34,38,73,38,12,66,4,5,3,75,93,19,79,9,5,60,98,58,12,26,28,2,85,3,70,43,5,79,53,41,91,54,49,58,50,11,12,19,66,10,58,97,59,73,93,89,21,37,93,30,9,98,87,12,99,69,71,39
70,24,49,82,93,34,37,55,49,60,2,73,65,71,30,27,92,34,83,40,7,92,42,92,46,61,45,77,93,15,41,88,100,94,79,89,14,49,61,32,31,17,76,26,55,3,22,41,44,2,62,13,5,98,76,39,88,5,7,96,34,31,98,88,71,19,59,18,53,34,7,55,95,73,89,92,15,22,31,9,32,9,65,92,53,41,27,73,77,32,16,37,42,63,100,52,96,4,44,32
51,41,19,71,80,20,56,96,5,31,97,76,27,54,42,86,24,87,59,94,48,91,34,93,88,92,35,18,67,48,67,66,100,49,10,65,62,9,1,53,8,79,4,27,97,29,8,14,58,71,71,7,67,93,57,49,80,16,71,47,36,82,98,87,26,57,11,1,1,21,96,34,62,78,83,39,98,42,91,97,61,39,21,37,13,70,29,27,30,82,11,0,92,11,19,84,20,66,14,36
89,20,54,64,78,52,20,61,87,12,94,4,45,7,4,32,44,96,30,32,26,91,32,55,26,44,66,73,11,20,19,44,73,67,85,62,6,84,86,1,45,79,58,58,92,33,7,36,70,89,29,38,85,14,80,0,64,73,30,60,93,86,96,50,86,40,26,100,34,94,25,31,78,68,78,93,9,57,64,65,71,92,64,62,63,94,59,48,26,29,65,17,49,93,7,72,14,51,63,58
15,48,92,49,19,87,23,16,9,90,81,83,48,99,65,12,38,56,78,3,12,50,2,75,86,8,73,61,85,28,14,81,39,98,94,16,89,43,26,38,57,55,99,44,12,27,89,20,26,70,1,0,57,65,46,21,2,34,83,43,74,68,56,50,8,77,30,86,77,81,100,37,43,30,33,88,53,51,79,97,18,22,99,86,32,58,24,91,13,24,7,57,73,58,89,88,44,4,27,4
62,8,23,63,22,59,91,53,75,85,44,19,83,88,74,62,47,38,99,56,26,15,80,34,68,82,82,56,6,83,39,23,45,30,23,13,60,4,76,77,12,33,75,11,32,11,16,89,43,47,74,33,6,36,28,53,20,59,20,99,33,31,85,26,1,64,32,11,70,4,37,48,24,8,72,71,62,24,41,84,2,35,6,2,8,32,56,5,78,26,82,21,36,95,56,25,90,18,68,51
63,24,79,39,92,52,46,36,7,96,49,51,8,100,65,14,15,66,17,22,41,43,57,21,7,21,40,86,11,46,18,51,91,15,39,92,78,9,55,58,64,22,77,52,16,25,70,16,20,79,70,27,88,88,96,73,9,83,51,75,30,85,77,36,72,66,41,59,49,8,43,62,94,78,27,38,37,11,39,81,48,17,14,60,11,74,46,95,90,91,89,76,27,32,0,58,57,43,6,58
76,43,38,76,83,91,67,96,93,83,55,46,18,0,37,69,72,13,93,26,89,54,46,30,70,14,63,50,76,60,52,86,65,93,21,87,89,51,48,58,40,44,68,95,23,92,98,45,29,57,2,74,97,74,56,24,26,74,56,62,32,39,9,23,85,14,41,27,14,98,12,39,83,53,20,14,46,24,30,98,4,46,46,68,24,19,11,100,72,16,37,29,34,100,3,32,8,62,62,75
93,75,53,100,68,9,28,81,22,100,8,42,65,83,46,61,59,53,47,79,13,99,49,62,89,66,79,58,100,1,15,91,24,43,38,7,97,58,3,91,27,37,56,37,60,48,63,68,35,9,87,9,76,5,68,48,88,100,73,89,29,19,73,45,62,98,31,82,30,60,100,89,89,68,0,99,33,24,67,66,3,37,12,5,26,8,91,3,13,56,16,55,85,82,11,51,97,35,59,63
87,59,16,2,63,67,43,40,16,11,99,17,73,35,93,61,9,83,85,14,52,83,31,9,68,43,86,19,77,99,91,47,76,72,7,79,17,95,91,89,65,81,50,5,72,66,90,91,46,71,31,99,19,35,8,40,26,60,45,78,55,66,28,51,47,50,24,13,27,51,29,82,95,66,39,83,85,90,89,96,34,40,2,45,76,39,59,15,44,81,90,36,98,9,96,15,32,39,77,80
81,7,25,2,60,68,35,50,75,4,72,41,43,3,27,23,66,50,11,74,47,76,44,16,11,95,72,46,19,74,53,20,64,61,96,13,9,95,37,51,49,43,73,14,9,61,77,18,46,29,16,64,91,47,73,47,3,3,99,28,0,15,16,74,24,93,51,88,60,82,98,62,94,3,28,30,37,91,51,50,58,93,6,20,94,47,0,2,2,90,28,31,95,92,54,73,46,29,72,49
27,63,30,38,36,69,56,37,99,30,5,98,65,44,5,59,82,62,3,61,94,26,99,44,75,40,15,17,5,76,64,98,86,13,16,10,90,2,4,70,18,59,99,13,3,3,83,93,85,92,58,100,19,92,37,31,70,45,93,48,1,75,76,90,32,56,10,38,58,97,85,33,2,49,64,37,70,70,57,48,95,31,44,53,56,30,81,86,79,78,61,21,26,72,89,19,52,97,6,55
35,46,33,28,96,1,32,20,63,45,78,43,74,5,68,80,13,89,11,17,92,9,7,26,63,83,53,36,7,54,72,88,53,35,70,43,64,48,65,89,11,0,95,90,16,63,70,11,66,14,36,79,6,81,36,18,81,38,40,9,83,4,32,80,90,75,62,30,34,54,55,12,37,38,95,8,98,56,57,54,92,44,62,42,31,92,31,95,1,8,61,90,80,53,28,21,82,2,0,3
38,15,70,13,46,49,97,70,77,72,61,50,20,40,71,74,83,40,83,65,86,4,6,20,0,59,43,52,60,75,57,29,42,77,74,10,82,57,64,77,25,100,93,69,94,20,2,65,70,52,11,42,84,55,41,28,27,89,36,85,82,81,16,91,44,49,67,69,52,76,21,48,50,93,0,92,3,58,15,88,85,68,22,74,52,18,2,60,23,90,23,51,48,2,2,94,78,69,89,70
79,45,97,74,11,5,41,38,49,65,0,80,82,39,80,61,75,21,92,72,8,83,94,80,80,68,99,17,97,5,86,81,52,34,90,5,61,69,8,28,20,83,98,91,44,27,25,94,47,58,80,17,85,68,14,54,85,84,26,49,35,72,74,7,70,46,0,91,33,9,52,99,94,66,74,96,86,69,94,82,64,83,57,93,23,49,16,44,95,99,69,55,39,76,94,2,15,27,42,4
2,66,32,82,20,98,45,85,5,38,21,90,49,63,97,78,29,5,96,2,93,47,10,39,49,24,29,34,48,79,63,7,32,30,58,31,93,65,48,1,26,63,41,50,40,27,0,48,96,1,88,56,26,17,34,72,56,13,71,32,68,5,75,67,33,61,24,36,95,34,80,91,39,32,83,79,7,22,54,24,90,9,70,67,42,65,65,99,81,23,90,96,22,32,7,64,25,81,68,10
36,67,74,58,56,73,73,44,52,85,56,99,92,76,59,22,89,9,72,24,83,56,5,78,29,18,94,58,2,66,89,53,31,20,90,69,92,96,88,22,44,73,1,46,15,2,63,74,1,4,84,13,44,48,70,9,84,98,52,41,17,7,32,56,92,31,52,34,100,97,35,93,60,53,42,23,92,7,5,43,23,17,46,26,13,75,79,98,21,18,56,53,31,86,68,68,45,64,37,27
72,4,93,25,83,7,52,47,39,64,96,88,65,67,90,67,91,13,31,88,0,12,70,5,60,32,74,85,42,40,12,79,74,66,44,94,87,57,50,43,78,67,6,88,62,92,98,7,65,94,92,95,38,67,75,82,92,43,56,65,12,3,8,29,55,54,80,82,78,18,60,10,23,88,67,25,55,87,74,1,14,74,89,63,2,56,54,92,87,53,7,99,12,8,75,83,78,18,1,35
11,65,69,80,68,39,20,25,18,69,51,68,68,32,57,9,100,83,76,96,65,11,78,44,30,6,99,33,36,1,50,82,61,0,31,68,77,33,52,77,59,38,21,17,47,75,17,42,61,14,54,30,92,24,27,9,98,46,97,71,92,86,86,89,47,19,18,54,96,84,21,87,58,65,3,60,57,75,85,77,78,0,9,63,45,14,88,28,3,0,38,81,6,47,45,91,41,33,13,73
49,13,48,98,59,27,29,23,24,59,52,46,14,26,13,34,96,10,71,36,14,65,47,5,81,53,38,33,14,78,67,86,42,74,2,97,44,46,76,23,93,53,57,22,62,31,13,51,24,52,84,82,69,84,51,43,40,40,0,89,27,3,17,1,60,87,21,41,69,22,85,30,65,19,41,95,66,82,55,91,20,59,13,18,36,3,18,71,61,81,18,84,81,76,88,12,75,29,30,87
87,54,100,77,54,10,35,32,26,96,35,10,32,25,18,59,29,82,47,40,86,63,94,81,18,69,65,59,31,49,45,24,22,91,53,86,27,99,40,68,23,83,92,59,52,46,61,95,86,40,41,87,3,14,64,29,7,29,32,55,89,61,87,31,42,51,1,32,76,78,95,65,21,100,17,73,24,46,55,25,49,85,99,68,84,0,6,37,23,93,87,95,5,50,54,34,98,58,91,100
9,36,19,33,35,47,69,58,94,78,78,76,94,19,48,91,76,53,91,35,3,18,42,47,4,41,23,53,20,93,76,26,2,61,61,63,79,93,37,25,8,4,55,73,45,88,49,48,8,0,98,6,73,97,68,2,99,88,85,61,61,95,17,0,31,87,32,77,40,20,10,20,56,22,39,85,95,97,12,2,73,18,24,70,26,97,79,51,73,92,92,97,24,13,53,49,77,83,45,34
59,45,85,17,87,45,89,15,16,50,22,69,17,100,74,70,76,89,5,51,24,20,65,88,76,40,30,86,72,54,55,40,21,68,69,30,89,88,44,89,24,74,72,14,71,0,39,23,23,78,8,34,80,50,61,77,90,4,29,97,58,12,18,93,74,100,74,80,74,39,1,64,75,20,21,66,89,54,41,16,48,47,95,70,0,88,31,54,58,26,1,6,49,72,1,24,36,50,97,70
50,97,31,21,78,75,48,46,93,98,46,69,12,79,0,2,43,62,17,55,22,36,75,8,21,78,38,43,97,14,7,61,92,28,32,77,11,70,33,33,86,44,57,14,47,85,36,47,64,96,51,76,71,13,48,85,19,52,41,36,69,84,13,11,89,24,28,16,83,92,45,51,41,89,99,41,82,15,20,90,16,72,27,96,78,19,44,11,62,74,96,59,57,53,69,31,81,97,26,92
94,67,36,49,24,85,42,17,81,75,4,93,66,90,56,7,58,29,13,39,0,17,82,19,53,32,79,36,16,64,29,24,49,12,30,62,73,88,54,91,67,53,81,29,95,90,57,20,19,3,65,45,93,39,78,78,62,54,24,62,21,40,54,73,71,33,34,43,38,75,70,0,73,17,81,3,98,100,99,14,16,47,86,24,42,23,81,86,93,47,98,72,89,27,97,30,35,42,53,52
31,32,100,73,29,8,57,16,26,81,90,54,88,41,91,86,1,88,52,62,27,98,96,60,72,20,83,85,16,5,2,63,82,34,35,48,18,96,3,54,88,23,98,87,30,38,93,53,20,36,46,83,39,32,92,86,21,43,20,44,83,100,34,63,46,16,99,17,7,15,91,10,80,31,40,61,67,50,98,48,80,62,21,78,14,78,12,46,12,13,50,86,42,58,93,81,66,5,42,62
77,9,89,41,18,97,63,93,30,17,32,62,76,43,41,11,96,33,51,63,53,99,13,97,64,34,63,77,59,20,0,28,39,24,21,67,73,82,86,79,11,66,71,58,86,56,60,50,26,2,55,62,82,99,88,77,77,54,42,65,42,32,28,46,81,76,51,54,34,91,29,71,17,73,7,43,97,0,60,77,36,2,5,93,85,60,74,33,18,81,2,36,87,0,16,19,24,14,1,21
75,59,15,6,18,73,57,66,2,7,100,81,33,38,26,78,69,52,67,77,81,36,3,75,40,91,28,34,0,51,64,65,69,54,19,99,8,31,53,87,71,50,3,64,85,26,40,57,61,41,35,65,40,38,24,78,44,44,17,92,57,38,2,62,35,43,63,29,90,22,90,91,1,3,51,21,96,72,95,26,22,77,97,68,11,1,37,86,85,29,2,66,72,76,67,63,72,97,22,9
12,67,30,51,43,43,76,32,76,78,80,31,72,4,5,13,79,55,91,60,92,96,28,34,59,27,9,95,77,0,75,50,99,1,47,52,40,95,36,20,20,71,16,79,2,3,48,38,17,38,43,92,49,35,10,94,54,74,60,46,85,70,85,85,56,69,55,89,57,79,61,70,79,12,7,99,21,43,12,8,22,86,39,84,82,1,38,8,63,11,41,84,4,53,23,65,75,52,16,44
75,17,63,75,64,80,36,7,63,68,89,86,49,5,71,15,50,56,65,9,26,10,37,90,27,18,83,100,72,50,39,15,17,91,99,65,55,71,29,37,78,77,7,55,63,2,70,2,42,75,19,24,44,49,84,68,5,33,21,35,90,24,27,45,60,95,63,44,57,88,22,64,46,55,5,90,85,98,75,0,60,92,19,4,36,97,97,2,44,83,58,63,60,46,58,3,89,31,12,39
61,60,86,33,29,33,53,26,77,27,27,72,65,16,90,69,28,30,7,79,65,16,39,4,41,26,59,3,45,78,15,16,37,12,31,36,2,71,14,45,24,55,87,63,38,68,12,79,61,68,41,59,17,20,20,91,69,32,32,76,14,80,37,65,55,47,16,69,25,92,82,54,60,11,62,41,45,58,100,11,49,15,74,17,53,44,1,83,60,52,37,30,32,22,78,59,42,96,46,91
78,98,72,70,23,23,67,80,49,9,75,79,68,0,42,34,65,84,22,95,13,21,29,10,54,77,22,93,1,82,74,47,13,71,94,15,0,30,81,89,64,9,96,88,14,57,15,3,60,62,74,70,46,16,6,55,71,19,23,43,4,80,8,76,72,30,1,78,52,58,45,81,60,11,92,93,88,31,23,84,81,42,29,51,92,83,60,27,99,46,97,26,25,21,86,66,21,55,59,92
34,94,47,54,81,50,52,38,62,60,1,58,38,68,45,46,46,71,36,65,99,2,55,16,96,79,66,44,45,85,35,91,57,75,98,52,100,70,58,93,24,65,15,34,7,63,32,25,42,13,89,67,93,81,73,70,16,25,84,87,59,26,14,98,43,61,99,29,81,92,19,52,8,9,34,12,24,53,57,49,40,39,20,3,24,86,49,46,53,78,69,50,57,42,49,80,20,77,36,92
21,94,61,17,64,42,64,15,37,98,82,81,54,27,92,52,78,23,41,4,1,91,1,6,58,45,18,77,4,78,69,12,78,72,27,93,92,15,60,44,58,65,60,3,10,3,35,54,25,13,59,64,50,44,88,30,24,71,86,94,4,22,89,58,44,94,74,19,1,55,55,97,57,3,16,77,56,81,96,0,63,58,89,5,74,0,62,65,60,28,11,77,3,37,47,67,94,46,6,23
43,77,2,6,27,49,91,60,12,15,53,56,64,32,68,27,67,59,22,18,93,76,87,21,38,31,50,92,60,99,36,23,4,3,17,74,80,4,22,48,59,69,87,96,48,56,51,56,86,98,55,62,54,52,37,32,57,88,59,32,89,31,54,11,0,72,24,50,63,56,4,33,61,100,16,99,20,82,12,59,39,31,22,91,9,69,21,29,32,41,7,26,68,9,20,77,93,26,73,39
47,39,83,78,16,96,33,96,51,13,39,66,55,51,45,83,15,56,90,85,48,32,94,20,59,65,39,8,10,31,55,16,10,49,14,39,12,44,51,30,72,4,25,73,30,51,20,82,23,42,89,60,3,33,65,87,39,60,60,33,75,18,95,49,7,82,51,87,50,29,1,5,74,93,59,38,98,54,57,20,34,97,37,43,59,91,66,55,5,95,77,85,77,60,50,97,42,38,75,71
18,87,10,62,64,55,81,55,99,79,59,100,89,87,36,7,17,1,73,52,95,34,62,5,68,87,85,28,36,39,65,50,32,99,96,50,59,78,35,47,67,24,80,98,73,9,4,82,26,63,80,87,94,92,63,57,57,69,62,50,21,99,63,31,0,8,11,89,45,24,2,58,69,79,93,37,41,77,59,28,75,72,61,45,19,64,10,75,90,11,51,83,80,22,38,88,52,74,95,84
87,88,10,3,44,78,78,44,64,24,99,1,63,24,7,25,96,73,90,91,40,13,99,7,67,76,49,89,80,63,3,37,72,95,21,35,84,33,14,79,56,29,98,99,39,85,50,80,67,78,91,32,5,11,37,77,36,89,61,4,80,96,34,53,68,38,3,92,59,4,15,74,63,46,11,2,19,71,0,16,76,51,53,99,26,1,19,33,86,3,81,94,21,29,37,94,1,15,8,26
75,6,16,34,45,74,84,55,52,96,98,17,96,60,29,82,87,99,60,28,88,76,73,22,17,100,85,64,79,16,100,60,85,25,77,64,37,70,18,97,99,73,54,28,44,62,82,55,25,74,35,97,22,8,43,83,65,3,16,67,85,10,22,26,98,56,91,38,54,71,66,85,1,74,91,13,56,64,43,35,68,92,45,82,3,78,70,84,7,72,55,75,6,46,53,63,1,6,89,34
71,0,39,79,49,23,34,74,76,6,49,90,27,5,50,54,51,29,23,72,76,73,90,44,39,76,30,80,35,90,30,59,8,70,88,74,76,96,40,73,62,86,96,48,43,93,22,92,72,94,11,73,24,31,30,45,37,28,12,53,66,15,50,97,79,70,49,96,94,4,2,61,64,45,31,23,59,75,45,76,80,24,25,63,68,6,30,80,88,61,98,50,77,60,39,68,25,11,5,63
30,83,64,31,20,72,72,33,75,23,7,88,9,89,30,58,22,100,34,89,56,28,96,22,85,94,57,62,86,14,55,25,55,31,47,47,76,40,5,19,81,65,32,72,20,69,96,2,71,9,25,55,40,98,90,45,31,25,100,89,65,86,40,51,91,99,22,69,96,98,54,31,29,57,96,10,28,50,10,99,3,85,21,63,4,68,44,93,27,59,92,59,37,16,56,54,50,78,86,68
25,60,19,92,45,22,68,89,94,31,84,5,39,27,24,84,76,12,22,55,83,65,49,20,73,99,98,13,20,82,45,71,59,51,7,29,72,38,1,93,76,81,10,16,47,46,20,1,33,31,75,16,86,72,53,77,23,75,40,17,77,84,45,0,74,58,52,51,83,33,86,87,48,22,67,7,16,34,33,23,7,98,48,19,67,41,90,28,13,68,33,73,31,71,78,87,5,50,39,31
91,58,1,91,80,92,27,62,88,91,1,23,88,70,25,6,96,3,66,79,88,11,26,52,50,27,45,50,48,80,4,17,77,82,47,19,28,24,0,45,79,70,76,19,1,66,98,34,67,76,76,77,52,90,42,16,65,38,63,52,33,5,20,3,53,93,6,21,13,99,52,88,54,66,0,86,80,16,56,26,63,18,91,11,5,83,21,99,92,52,46,53,13,2,17,94,56,52,50,75
44,49,48,8,30,34,83,66,82,16,42,42,96,64,36,3,75,79,22,24,77,55,47,81,26,32,95,36,87,24,27,6,70,10,59,65,88,52,37,47,0,76,64,42,88,52,22,9,63,11,52,50,56,98,25,5,66,6,71,82,96,30,42,2,95,59,68,27,0,61,35,94,10,84,77,1,94,59,18,25,36,83,89,50,19,90,46,13,40,31,23,100,21,68,80,50,0,62,78,64
87,71,35,18,97,87,62,55,45,4,39,32,69,98,92,46,42,50,99,3,52,70,13,52,66,74,25,10,69,77,75,91,36,40,17,24,70,49,46,23,79,42,92,81,100,26,8,72,12,16,44,47,13,63,73,41,6,62,85,94,82,70,77,38,67,95,9,39,75,57,92,19,1,91,76,57,43,48,99,0,75,97,4,86,10,10,84,1,76,15,52,41,92,1,4,14,77,44,20,83
48,0,7,33,6,76,29,10,56,82,42,55,9,3,77,89,69,72,71,3,6,20,38,35,2,93,97,54,21,29,50,89,9,59,29,90,43,13,88,99,49,32,53,94,57,13,33,38,51,66,58,99,23,77,57,99,4,2,27,29,4,95,25,16,60,25,97,77,59,1,3,92,56,30,38,85,74,31,73,73,61,96,96,35,40,90,39,87,79,100,27,15,64,11,15,52,47,43,80,8
61,98,67,21,71,46,15,62,35,68,10,66,85,97,81,78,84,82,42,84,97,91,49,48,18,52,23,39,22,57,91,65,6,65,53,1,68,100,85,30,52,37,81,40,99,13,63,65,67,4,40,86,95,63,93,65,50,24,43,22,84,48,1,49,33,89,11,71,63,5,57,86,9,10,74,59,22,47,5,3,99,50,50,86,60,23,31,41,62,94,93,52,9,24,25,32,33,94,97,4
14,53,4,51,44,44,17,55,61,59,31,40,34,48,2,21,77,6,35,78,82,25,21,20,29,31,56,22,13,73,67,99,6,90,48,56,28,70,66,78,55,83,84,50,71,38,87,17,18,2,20,39,15,91,62,65,95,20,64,71,28,12,7,19,63,98,95,71,91,35,100,61,41,28,39,29,6,91,48,29,96,75,32,71,16,76,80,47,48,76,61,64,37,35,95,28,46,47,59,67
30,17,24,18,57,65,38,5,84,39,56,22,63,49,68,81,83,34,31,90,88,23,27,69,35,8,96,58,60,47,54,29,62,51,33,41,72,50,58,60,68,61,39,41,53,34,19,5,51,85,78,16,85,18,53,16,12,10,89,84,10,36,98,72,21,8,74,39,46,92,45,57,40,6,22,42,64,76,85,79,40,4,38,80,98,87,14,30,86,59,20,28,98,39,30,3,11,41,36,90
4,89,42,50,17,90,29,55,63,40,36,25,71,38,10,10,22,21,58,63,32,82,38,15,73,53,13,69,2,43,77,74,80,17,99,72,45,79,34,59,85,23,0,56,68,91,55,57,9,74,42,16,24,56,70,30,13,12,87,88,82,7,80,62,25,40,39,66,40,57,33,86,73,8,12,50,22,99,90,69,61,77,88,17,10,26,24,52,66,83,9,63,77,60,50,59,61,32,76,57
85,32,21,17,10,10,36,86,70,90,93,58,43,72,49,91,29,57,8,5,78,87,22,68,47,33,72,47,54,52,53,84,38,90,69,34,23,77,72,11,58,57,15,82,42,16,15,48,71,2,71,67,63,47,99,58,39,84,20,62,17,29,80,9,27,25,4,53,8,27,42,88,24,36,14,96,55,77,44,9,72,28,43,92,27,72,21,87,34,16,28,1,61,30,38,7,36,74,26,41
63,76,75,96,31,64,61,23,59,4,9,7,20,49,63,90,76,90,10,50,55,47,92,98,41,67,92,62,81,98,86,26,49,62,19,46,10,53,99,26,15,36,93,44,88,84,95,71,88,20,7,44,77,9,57,97,37,76,6,1,32,74,59,80,70,18,58,54,56,71,44,67,4,45,60,12,72,80,15,40,45,80,97,95,22,89,5,25,23,44,9,22,18,13,29,91,20,3,45,83
82,39,52,58,58,93,70,91,53,7,81,14,28,42,55,0,91,63,64,38,62,92,67,64,17,17,45,4,12,76,21,100,14,93,39,2,35,10,51,94,83,20,81,16,93,11,34,53,29,39,18,69,18,41,54,29,97,86,62,16,66,88,57,32,70,63,13,64,6,76,21,46,34,77,88,37,0,39,61,46,5,42,21,46,24,95,85,85,55,70,46,90,35,9,85,43,2,14,97,24
32,16,30,46,12,32,42,49,58,62,86,73,100,99,10,10,74,73,21,21,45,15,11,73,78,2,18,34,65,54,87,37,13,80,89,59,66,89,69,78,39,74,64,78,7,95,61,10,45,46,2,63,81,13,29,76,33,98,13,48,60,24,61,59,36,63,93,48,85,33,43,15,6,87,77,81,9,35,30,11,14,21,90,68,89,80,19,36,87,26,57,84,96,81,19,81,44,6,47,98
56,54,100,38,50,49,11,24,72,8,13,60,50,91,41,99,30,36,10,59,28,31,89,7,82,29,100,40,83,12,29,28,58,38,40,80,34,67,31,32,36,84,54,45,25,44,94,77,87,84,63,64,25,69,52,31,10,61,37,100,33,76,4,16,4,49,17,57,98,85,61,56,14,93,44,93,94,60,73,60,8,76,13,100,10,29,36,46,49,2,49,43,16,67,12,45,70,14,14,89
42,40,87,55,37,84,43,84,79,94,43,95,49,11,43,39,25,16,69,11,80,56,20,94,11,42,81,56,15,48,16,76,85,53,85,0,26,71,65,84,16,70,29,29,98,98,43,0,60,9,7,65,52,78,16,37,30,7,27,33,8,36,64,13,79,59,42,83,72,78,76,63,78,91,58,6,93,2,0,32,91,70,63,51,5,86,74,81,3,95,44,99,34,68,11,35,45,22,14,7
51,94,57,43,42,88,30,98,26,34,10,23,11,3,84,93,88,1,21,32,18,32,76,94,66,17,77,87,94,26,30,82,17,56,11,43,6,7,71,73,44,13,45,73,12,59,2,30,43,100,9,88,66,31,74,52,44,51,66,73,75,67,29,15,85,72,17,4,91,16,45,20,52,47,80,9,93,74,34,83,67,45,40,76,92,57,12,82,77,21,21,62,59,63,94,60,100,45,54,26
78,47,98,13,83,59,29,12,92,35,66,84,7,71,27,0,34,35,90,53,48,33,84,79,48,67,8,9,20,3,10,98,17,36,46,16,39,17,9,31,26,43,75,51,34,61,48,65,57,16,31,48,42,48,33,81,76,88,79,50,25,48,70,83,56,18,27,75,31,96,10,42,58,70,39,5,69,11,59,34,47,90,91,86,33,59,35,43,19,86,83,76,94,56,49,71,3,48,54,49
78,52,59,23,23,35,19,38,93,32,33,22,86,72,30,72,92,69,70,83,74,56,94,70,15,15,44,84,56,53,67,83,77,25,7,22,53,90,40,25,46,45,57,15,94,88,5,6,71,98,78,48,22,39,31,32,66,45,21,2,41,92,2,40,88,57,20,73,74,11,72,32,64,27,99,59,51,50,71,94,85,1,71,75,11,30,68,31,7,14,85,87,2,74,98,43,93,45,4,32
3,64,36,5,77,5,17,10,90,31,99,67,75,18,32,16,31,52,41,47,82,54,45,7,86,88,58,10,96,82,26,57,89,8,37,85,14,7,75,24,48,16,20,97,73,50,20,16,78,96,53,56,0,47,72,37,0,35,31,5,2,49,39,34,44,61,39,13,73,5,52,38,8,84,26,65,47,42,41,26,85,62,53,20,46,45,67,13,33,54,68,54,52,35,8,92,57,13,42,78
84,53,61,83,79,16,73,5,50,27,0,26,67,6,21,36,78,84,46,29,89,15,73,90,11,5,3,36,48,99,62,0,71,99,26,32,54,53,7,25,47,54,67,51,15,83,83,61,33,51,44,95,81,60,73,37,11,44,61,58,8,97,31,10,70,89,45,53,22,51,15,37,66,44,22,39,65,45,90,58,5,80,92,92,42,25,67,52,79,22,50,77,81,63,54,37,100,9,50,34
4,0,2,9,85,15,25,10,94,15,13,85,78,68,15,2,52,92,91,46,20,87,18,87,84,87,58,69,94,59,19,23,86,39,58,54,42,74,94,47,46,70,62,95,89,98,77,33,34,74,5,94,85,54,80,52,85,17,65,40,44,95,17,21,48,37,85,67,70,44,76,44,82,91,67,78,29,48,96,6,80,23,34,74,2,52,39,49,71,98,40,44,77,45,5,44,62,37,32,54
29,45,66,44,37,9,15,16,84,88,25,87,7,55,10,46,63,7,14,84,93,80,80,75,74,45,41,27,22,36,92,70,5,84,26,77,85,56,13,49,0,17,11,8,4,94,49,53,34,83,49,39,46,37,65,73,41,25,88,73,99,52,31,31,41,61,90,10,3,54,30,77,88,71,78,31,58,76,94,2,95,34,65,19,43,7,69,14,94,90,100,85,75,20,32,34,10,1,91,18
82,58,98,64,40,31,17,71,59,59,82,95,69,13,16,43,93,63,6,71,42,7,58,39,63,10,90,2,84,30,91,1,7,92,24,77,61,39,3,31,38,8,14,82,67,53,80,1,78,4,42,76,73,86,23,50,28,9,65,7,38,17,91,69,19,80,86,50,77,59,41,84,85,99,42,8,91,46,79,44,99,83,99,74,89,45,0,53,70,31,72,24,26,44,1,31,39,89,74,68
19,13,23,42,79,9,27,7,39,42,13,13,54,6,83,1,58,7,20,7,45,86,9,54,90,59,36,96,60,75,76,56,12,64,31,91,7,57,84,100,83,38,81,62,19,96,52,98,75,95,100,42,97,11,38,56,48,89,5,4,50,2,73,6,64,46,65,58,92,17,96,48,30,28,58,64,66,99,18,47,2,57,99,88,73,67,50,92,2,49,19,5,22,100,43,59,90,12,80,77
47,31,31,47,13,74,14,35,60,29,53,66,3,50,75,19,67,18,78,1,64,43,96,37,80,78,61,86,98,16,94,51,11,45,15,10,94,29,15,58,67,78,99,11,55,23,75,17,96,48,73,26,91,67,80,87,0,15,4,33,3,100,83,59,95,92,53,2,96,63,69,31,36,40,67,61,83,8,38,77,23,18,57,100,40,54,48,50,72,62,17,34,97,7,4,99,25,83,7,63
44,83,27,4,98,56,58,23,44,71,23,85,4,10,30,84,29,18,48,4,98,85,85,12,98,81,84,21,79,97,30,72,18,54,59,35,67,90,66,11,89,79,17,17,48,52,19,19,77,98,22,87,88,66,82,34,64,47,100,96,79,5,84,1,29,32,71,25,51,38,50,46,70,0,91,55,53,99,44,90,11,83,51,49,55,79,33,52,70,23,42,12,92,36,42,39,30,28,12,50
14,77,88,35,16,72,70,24,29,37,15,45,23,33,59,22,53,21,69,95,2,65,69,84,28,80,67,31,85,13,4,47,28,85,13,7,6,82,28,60,34,5,38,66,90,59,91,22,14,87,20,44,47,24,40,38,87,18,52,54,15,3,41,56,21,35,19,42,90,55,6,0,63,57,86,36,45,89,16,39,80,22,75,18,56,71,17,28,34,96,14,76,39,18,21,58,96,97,73,13
83,42,27,82,61,95,45,33,53,8,100,49,100,8,40,56,56,74,48,24,52,91,69,74,14,36,21,20,29,3,4,17,75,41,64,82,61,63,18,8,94,74,80,40,20,100,18,15,16,98,73,83,65,35,91,13,39,72,67,14,55,28,66,81,93,45,67,27,63,38,63,91,56,9,38,49,39,91,85,24,11,81,60,44,61,88,14,1,74,30,31,79,91,26,28,90,16,52,39,56
73,9,85,85,8,44,8,87,11,12,9,46,65,11,45,97,4,6,15,70,83,49,26,49,65,45,23,93,41,79,60,98,19,63,60,82,76,85,7,30,46,40,64,5,65,29,60,26,5,44,14,87,58,22,75,27,14,24,78,36,7,54,46,71,0,56,35,83,47,16,90,87,13,29,2,84,65,30,38,14,39,79,77,60,91,29,69,51,11,27,87,7,2,72,82,57,86,83,64,19
57,27,1,80,18,64,49,38,80,23,15,55,60,3,85,78,68,57,98,9,22,68,11,48,96,57,61,14,47,60,26,13,88,47,14,20,30,75,39,51,96,6,15,25,35,21,99,65,46,61,29,73,19,62,22,32,34,56,15,56,89,77,27,82,9,86,92,45,22,21,5,41,70,37,18,56,68,54,59,9,59,36,21,6,82,6,53,36,93,97,21,2,23,39,55,15,23,48,55,72
77,48,4,8,59,74,42,94,21,30,74,6,7,80,59,81,68,20,64,5,24,42,90,23,77,41,17,51,15,39,41,26,94,81,87,74,77,60,18,40,37,30,94,47,85,14,53,44,10,77,12,27,70,67,98,0,49,88,12,90,36,27,70,82,39,85,45,36,92,23,11,43,34,43,54,55,3,20,22,43,30,61,22,42,57,26,78,31,98,61,3,96,81,24,84,4,4,15,95,54
52,39,90,100,61,74,67,9,20,82,1,77,45,96,19,52,26,98,85,36,91,1,40,1,90,50,83,46,100,79,92,47,1,55,20,88,77,75,32,67,54,17,43,12,11,100,61,69,31,50,89,5,79,73,73,70,95,60,91,73,23,100,64,32,16,47,34,16,79,92,94,81,95,97,24,41,81,86,83,72,65,61,73,92,16,23,41,36,73,96,54,11,81,56,88,71,48,75,75,10
46,6,95,17,39,14,37,99,70,46,7,48,19,56,73,17,100,4,9,17,48,7,44,24,17,1,79,80,97,93,96,45,88,83,3,77,89,11,31,43,60,35,90,8,18,85,18,16,92,45,54,91,41,97,35,7,3,46,14,67,92,42,1,21,62,35,36,55,23,91,55,66,48,8,79,4,27,83,81,24,74,12,34,3,62,71,33,97,70,64,73,2,21,76,14,25,95,81,56,30
37,24,92,12,88,74,19,90,45,94,39,54,16,14,52,42,97,47,3,93,47,60,87,92,1,18,12,95,46,10,60,43,38,87,35,74,12,71,31,25,69,21,26,94,84,66,50,17,11,14,25,48,54,95,33,27,71,83,36,27,79,5,89,95,87,80,9,84,50,10,75,6,74,59,47,87,8,58,41,64,35,66,42,71,51,72,72,76,36,47,57,50,4,1,54,57,14,16,77,71
28,17,42,0,14,88,56,59,25,36,58,6,29,88,76,11,89,54,5,60,8,83,82,19,70,17,69,94,51,87,39,28,64,97,40,94,67,46,53,95,41,46,47,93,34,2,10,97,72,46,49,73,1,36,48,54,49,0,31,59,33,48,71,37,65,45,5,42,76,90,33,18,45,98,8,17,73,79,68,7,93,39,14,71,37,91,83,61,16,71,78,7,77,17,31,66,60,20,33,27
65,61,12,63,73,46,99,93,50,86,79,65,60,77,88,2,28,78,23,50,6,37,43,88,1,24,25,40,72,70,21,72,69,77,54,10,30,52,38,79,36,7,20,24,52,26,11,9,1,67,24,44,38,20,67,42,93,35,20,6,70,47,97,87,44,16,65,66,97,85,51,49,27,8,67,96,4,25,41,24,27,61,52,2,15,44,43,37,94,13,23,91,4,85,38,54,9,7,55,75
33,15,100,31,91,24,2,48,93,36,17,48,46,48,100,5,75,16,98,84,51,18,20,35,36,85,48,12,45,72,31,61,50,42,51,40,92,96,90,60,17,57,87,0,37,44,42,88,94,17,13,96,11,51,85,60,62,35,83,43,26,86,31,32,25,87,57,92,95,13,24,93,13,13,79,24,74,85,84,39,88,94,11,88,6,100,26,97,99,9,91,64,44,19,11,58,89,5,20,93
46,92,63,56,15,88,34,49,97,28,52,79,27,74,68,8,40,89,83,89,81,14,23,49,82,46,59,81,71,6,65,43,0,64,68,24,50,30,25,53,46,15,87,96,19,94,19,0,40,20,40,27,2,74,3,26,58,4,95,36,76,2,30,3,32,9,5,11,20,39,50,78,42,30,10,53,35,63,18,0,25,76,77,77,53,65,49,62,78,34,64,78,66,20,38,99,54,24,26,74
29,28,29,17,23,85,96,64,27,63,21,22,56,71,0,37,86,47,74,84,7,76,13,4,11,28,48,58,60,11,37,21,20,17,41,7,45,62,59,21,41,13,86,34,39,11,77,35,81,71,11,87,29,58,43,4,48,36,25,9,20,53,80,63,72,80,54,76,61,85,89,67,53,63,43,14,87,87,54,21,77,92,17,80,55,61,54,13,26,31,71,25,55,18,53,6,71,44,27,88
74,57,44,97,64,47,1,40,20,37,20,72,96,36,24,88,83,75,72,82,61,3,36,77,90,80,20,100,1,82,69,72,90,0,48,50,61,30,49,53,87,7,81,36,95,59,57,9,93,20,32,82,79,23,61,24,73,18,90,32,6,28,70,7,52,99,74,94,49,41,28,51,49,94,46,43,35,24,58,58,46,97,60,46,41,93,42,34,89,33,78,47,6,54,72,66,35,100,17,75
54,72,6,31,31,76,82,13,13,56,71,64,28,42,37,58,15,52,45,33,86,27,34,79,46,33,46,43,95,41,34,30,57,32,28,97,76,66,53,23,44,42,100,41,31,86,46,96,23,45,99,40,2,81,44,96,51,75,79,26,60,56,87,78,28,61,94,75,64,83,76,78,42,1,48,90,66,100,36,2,64,92,46,27,33,48,21,9,40,58,93,37,21,66,0,39,43,22,85,19
88,24,73,90,84,48,68,51,30,21,90,43,4,25,44,57,93,62,18,21,16,83,30,55,37,75,11,44,95,0,89,62,37,60,70,25,87,45,17,36,18,54,8,2,49,90,64,43,99,58,5,81,0,96,94,59,52,26,63,64,9,13,75,43,48,63,57,91,70,80,47,23,94,10,73,48,7,2,60,22,34,90,33,65,89,92,66,51,14,24,94,54,90,37,58,93,58,55,90,52
88,31,53,48,11,80,80,15,54,93,35,78,33,16,62,85,28,41,10,55,66,93,5,53,70,30,43,16,81,23,71,56,94,49,81,82,30,80,17,4,9,40,9,81,38,80,20,39,16,36,68,74,84,18,39,32,88,74,49,9,57,34,52,71,18,18,84,10,2,54,90,12,31,97,21,6,59,58,48,57,5,74,53,87,84,19,25,30,93,0,74,41,95,85,26,68,42,33,14,8
69,2,27,36,91,11,53,22,43,87,94,8,0,15,82,30,8,0,95,89,48,47,27,10,9,14,100,81,4,63,47,32,4,57,24,25,23,23,9,32,5,19,1,0,18,67,60,83,36,51,19,98,80,18,66,21,12,25,37,7,79,54,90,79,82,53,42,38,20,68,29,72,61,77,66,96,51,100,14,22,29,52,70,53,54,4,41,71,52,28,34,47,61,92,83,80,47,41,12,51
86,90,41,3,9,12,32,6,90,61,39,16,38,5,9,64,61,19,48,62,51,95,44,43,21,25,13,60,62,76,8,56,6,68,25,82,47,5,27,20,59,62,76,17,100,29,57,88,57,98,25,9,88,46,87,35,44,31,37,60,49,1,52,61,88,19,77,84,50,53,49,85,23,12,20,49,58,68,28,83,4,1,95,30,26,97,38,58,23,79,17,7,36,8,39,56,47,60,97,86
28,27,77,12,52,88,14,44,46,6,24,89,11,0,89,13,17,24,43,94,44,9,94,95,30,10,79,39,22,73,28,37,75,0,2,83,28,9,61,36,86,83,20,82,32,78,69,81,2,2,39,21,72,21,65,59,16,53,1,57,73,72,1,77,1,18,92,27,6,76,53,63,50,24,37,96,96,24,36,8,64,22,35,43,100,88,46,55,28,67,98,19,84,27,54,73,30,53,4,88
81,61,88,13,24,42,99,10,16,19,87,38,97,78,54,81,16,79,49,27,25,85,51,72,56,49,47,60,54,54,30,23,33,26,62,69,67,46,63,83,85,97,32,87,28,22,22,57,39,9,25,13,49,75,75,15,63,87,45,1,10,46,25,21,10,60,54,57,56,92,54,84,86,37,36,14,4,40,60,95,11,4,62,43,91,57,40,51,59,65,59,94,90,55,69,69,16,63,38,90
65,91,99,17,3,13,15,17,7,57,78,11,0,49,55,76,1,36,12,91,45,15,57,87,89,73,14,57,44,8,40,53,47,88,39,41,33,60,0,64,14,56,26,38,94,76,38,17,87,40,16,78,25,63,70,33,63,82,44,5,35,72,5,57,61,22,19,61,16,37,2,33,23,45,38,50,23,27,6,30,91,66,82,41,91,18,82,8,61,8,66,81,41,38,12,86,53,18,78,8
39,28,57,23,35,25,60,96,93,58,31,56,58,18,44,3,0,40,14,90,8,97,51,24,62,80,17,1,31,13,93,78,75,16,20,92,35,40,5,19,3,91,31,37,6,35,55,62,1,3,63,44,7,34,63,22,16,55,7,5,88,15,22,97,61,47,12,18,45,22,70,8,19,87,3,1,66,39,95,35,65,3,87,22,51,17,34,90,31,35,63,61,30,41,24,72,79,18,40,26
56,91,32,14,63,27,89,41,12,93,58,38,61,52,48,64,31,57,58,40,42,69,92,38,89,49,32,97,80,31,82,92,68,94,16,85,51,19,80,20,40,77,62,18,42,22,40,40,63,79,99,51,3,31,57,98,50,28,99,98,61,98,3,46,11,2,65,73,13,23,2,86,91,32,15,21,91,28,5,10,61,45,6,55,2,77,81,57,70,5,53,85,89,100,0,79,36,55,84,66
32,95,79,6,57,31,12,91,30,24,21,34,58,60,25,63,22,99,98,52,22,78,99,9,22,84,65,8,59,68,36,99,10,5,49,87,82,44,50,21,45,73,44,8,67,61,4,50,80,72,77,4,52,21,48,67,41,1,6,12,18,53,39,33,3,88,79,94,81,60,12,54,58,76,66,76,55,31,78,5,3,45,74,38,61,89,86,8,21,50,64,83,95,6,20,19,49,69,95,80