99,79,39,22,4,20,87,23,32,92,33,34,34,31,9,68,91,75,63,92,62,73,84,27,98,70,58,14,4,23,84,88,97,78,19,60,51,42,32,26,5,97,43,68,14,50,73,100,33,39,23,73,29,65,85,75,60,12,5,20,9,39,99,89,11,41,2,44,56,2,37,14,95,68,1,16,77,20,45,89,25,1,34,14,10,57,78,39,95,18,27,4,45,25,11,47,46,90,20,21
85,58,4,47,67,41,85,7,74,0,0,7,51,10,43,76,74,22,13,15,99,85,95,17,45,8,86,19,69,45,100,24,52,63,22,21,43,50,41,25,57,75,27,21,64,68,89,35,43,79,18,18,29,76,72,46,58,74,100,32,73,7,36,88,54,96,66,57,65,91,85,85,95,21,49,25,100,52,73,94,89,20,86,48,34,95,38,81,27,29,86,73,41,34,37,31,44,50,88,48
55,69,97,57,60,6,0,0,70,6,49,50,34,60,17,79,48,29,80,93,95,18,14,82,18,58,8,18,17,98,39,39,79,36,36,67,75,16,67,45,53,26,48,53,96,50,39,43,47,43,51,23,14,32,82,44,17,75,59,80,84,37,86,20,62,30,93,38,89,27,35,21,50,12,98,25,42,38,79,67,87,32,68,52,26,32,79,12,97,80,67,0,97,94,20,28,48,91,40,22
37,69,79,36,27,58,38,95,92,0,89,31,62,2,24,76,74,29,48,4,80,2,25,38,41,34,11,79,59,86,26,52,38,14,45,71,71,42,34,8,65,68,11,97,54,100,11,78,56,45,100,2,61,60,37,48,27,19,63,82,35,88,62,38,44,63,33,55,46,97,57,69,75,6,70,33,40,80,26,65,38,64,46,71,59,29,74,52,31,72,69,71,67,55,47,93,99,13,85,4
34,60,63,41,91,73,71,41,9,42,46,91,60,73,17,46,33,49,9,99,46,6,39,51,60,59,45,1,67,13,98,72,79,39,21,34,0,60,31,84,8,93,53,3,54,49,52,57,85,32,34,96,17,46,64,15,41,69,36,12,23,53,3,32,2,97,48,49,29,2,25,94,43,55,39,18,75,41,66,4,53,8,0,69,74,28,55,43,42,73,58,40,100,76,18,44,66,66,75,66
85,6,15,66,63,25,13,21,76,14,61,27,67,59,39,7,7,55,71,15,28,37,89,2,75,27,65,19,26,26,31,31,32,20,76,87,52,30,78,53,62,65,75,33,31,32,79,49,49,55,73,72,25,25,88,11,79,88,28,92,49,93,4,76,1,46,98,25,30,34,33,48,92,44,28,39,60,78,46,69,77,40,27,70,19,62,10,82,84,90,30,79,75,79,51,13,60,13,98,60
90,48,20,100,23,36,81,16,25,82,84,67,9,67,65,18,94,25,34,45,69,3,13,0,14,3,54,73,64,99,37,44,9,40,44,7,43,76,64,2,88,100,21,84,46,47,18,1,3,6,15,12,9,98,44,77,53,88,63,36,83,9,62,45,8,82,22,96,27,46,25,69,51,43,63,84,71,90,55,8,0,26,80,50,32,62,88,50,83,9,76,11,56,43,89,89,28,49,87,65
73,88,27,15,71,67,82,10,35,74,46,38,75,21,73,55,48,73,77,10,67,46,0,14,91,77,9,1,26,2,4,51,47,16,71,100,49,83,44,71,59,40,96,97,34,57,39,64,20,40,85,36,6,11,98,9,59,35,57,87,73,65,51,82,17,99,87,89,39,1,55,44,74,22,23,58,53,13,8,16,50,15,88,63,75,60,96,98,73,62,60,100,11,75,57,64,69,34,8,84
69,44,30,35,65,48,12,73,49,94,70,89,82,14,27,3,91,13,93,5,0,14,56,69,25,32,47,84,39,36,76,29,47,94,14,3,30,36,8,27,11,26,53,8,73,21,59,3,9,98,98,51,3,82,57,70,46,70,76,14,73,80,91,69,85,26,68,18,71,85,21,79,78,52,30,90,0,1,7,78,93,70,85,16,100,42,1,100,38,83,59,89,26,95,51,2,37,41,21,33
50,58,78,76,91,13,9,94,68,8,89,21,6,66,42,58,48,43,25,64,72,97,65,39,16,6,53,18,56,26,69,74,82,54,60,72,51,50,68,96,54,51,13,27,61,36,12,45,52,75,91,57,14,38,96,47,99,27,100,86,20,11,64,27,37,16,97,81,22,42,18,58,25,43,100,35,83,24,36,40,99,31,62,84,80,87,38,3,100,87,9,58,34,74,19,77,96,57,37,98
5,0,62,34,23,27,66,4,46,97,2,90,24,76,12,34,46,40,10,57,14,73,1,44,80,99,92,85,94,22,42,42,28,86,5,17,44,44,80,38,29,3,13,18,53,43,61,68,30,41,80,42,25,29,83,32,76,45,62,62,22,67,14,20,17,60,17,10,100,98,100,8,0,52,38,62,61,40,4,42,2,8,36,22,23,4,5,75,73,40,94,23,50,11,98,74,2,100,65,58
87,86,77,84,99,4,2,52,74,91,53,40,41,29,78,2,37,44,61,13,60,93,54,60,66,96,47,25,38,84,89,84,20,83,4,81,49,77,35,50,98,13,53,58,24,25,96,82,20,94,100,52,48,5,63,67,53,85,77,7,37,38,94,6,53,55,85,11,96,75,19,41,53,39,10,17,31,85,33,21,53,83,84,67,35,67,13,64,31,71,18,43,31,48,2,24,21,79,66,55
89,26,89,43,7,17,11,62,88,31,78,74,80,79,79,59,91,83,43,90,50,9,82,8,69,63,85,2,28,10,27,19,6,6,84,23,22,5,60,74,91,83,82,35,59,25,76,25,88,82,76,42,63,52,40,36,72,79,25,29,11,25,87,1,32,90,57,70,65,60,70,14,69,10,83,18,19,75,37,44,62,67,83,40,15,47,91,12,64,44,83,45,80,24,63,50,75,23,26,22
16,70,7,64,50,55,38,60,71,9,8,29,25,17,89,73,69,40,43,94,3,63,51,17,70,81,63,67,70,100,44,64,97,63,61,30,0,21,43,85,93,86,34,35,85,56,79,51,26,30,71,32,74,37,7,65,66,49,24,100,86,12,72,1,21,58,28,19,87,96,67,6,60,27,100,63,98,62,63,49,48,65,99,36,54,83,50,19,12,8,29,13,58,2,54,88,47,50,95,83
85,43,63,50,30,5,32,87,97,72,80,65,40,99,89,72,15,60,23,60,68,89,96,57,77,98,2,23,87,52,40,51,22,88,19,41,40,33,94,50,22,19,39,47,82,38,35,55,24,17,82,3,63,57,43,33,52,88,92,38,7,9,22,98,62,46,16,7,90,22,0,58,61,65,0,64,6,93,96,96,40,25,96,39,48,92,77,16,27,18,39,43,2,8,38,71,14,51,60,89
49,55,30,20,86,64,36,51,22,86,45,7,56,9,50,10,33,100,29,100,33,65,25,3,20,88,69,5,41,61,7,93,94,12,58,36,79,100,93,2,7,74,9,78,41,28,25,94,29,67,90,52,50,33,56,86,2,11,94,66,19,55,59,3,88,85,68,46,42,79,25,30,46,98,0,64,37,36,88,46,84,71,33,40,86,81,76,72,55,39,14,40,52,45,51,40,76,39,96,78
61,39,79,84,3,80,14,76,91,40,46,50,33,3,5,1,26,32,34,6,14,26,75,75,22,62,17,75,71,56,73,81,43,18,33,97,68,85,38,17,75,92,35,52,18,13,2,82,94,67,77,15,63,86,38,0,30,39,18,100,12,67,24,93,72,14,62,62,30,64,8,33,78,58,57,33,1,80,74,54,28,32,25,63,22,99,20,86,41,65,75,41,95,16,52,28,9,61,64,56
96,30,94,81,4,55,66,55,55,69,70,97,62,82,23,92,31,80,85,10,21,89,87,21,64,86,97,9,69,4,55,69,24,6,40,58,59,77,14,8,53,62,96,82,86,69,78,47,80,44,35,6,1,31,64,86,21,72,97,21,42,40,93,80,76,56,58,16,75,45,57,71,14,90,11,37,93,31,11,52,95,56,62,26,2,7,8,33,95,99,22,74,68,60,97,82,93,56,13,46
93,64,89,88,54,51,99,67,3,63,100,38,34,15,93,51,28,99,81,41,85,8,79,58,4,50,37,13,22,67,53,51,75,78,72,35,77,29,10,66,8,92,89,60,62,77,70,68,28,63,81,63,6,3,26,91,76,12,26,9,3,2,70,48,37,34,69,56,21,88,44,96,48,48,68,12,36,92,78,18,97,8,100,98,85,76,83,100,89,92,6,59,87,23,76,41,19,18,75,78
71,3,79,58,15,83,60,90,38,5,84,92,79,12,64,89,61,28,14,61,60,82,91,50,19,32,54,68,74,64,97,55,88,12,55,92,52,65,4,68,66,71,17,29,28,76,94,100,25,51,96,42,13,48,28,70,15,12,77,2,25,15,6,43,26,47,93,41,99,41,18,94,6,44,84,42,53,1,45,89,85,85,46,73,23,91,91,14,76,14,76,64,75,57,69,100,60,10,5,78
99,15,88,44,86,77,97,36,25,51,94,47,68,51,43,98,76,5,21,35,30,11,91,92,94,64,15,16,65,79,3,6,57,61,2,9,38,75,74,9,38,86,19,40,23,55,38,38,92,36,26,49,50,77,96,5,76,93,64,72,37,64,56,45,34,11,58,52,73,4,24,65,86,41,97,45,8,14,18,76,81,66,54,81,81,18,10,43,13,82,64,47,100,8,20,20,30,46,60,67
6,69,83,27,14,12,97,43,76,58,33,15,55,16,83,77,72,54,74,62,25,58,53,31,79,4,14,27,30,26,29,0,30,61,63,83,80,98,86,49,37,50,77,65,83,17,99,92,97,80,61,52,30,7,97,99,79,26,50,6,96,66,12,37,91,68,14,22,7,87,16,55,33,89,42,31,23,75,3,18,49,70,21,48,100,45,70,74,98,78,62,73,96,47,55,18,30,83,63,0
27,32,7,15,31,60,81,85,93,67,14,13,89,44,45,91,51,74,8,66,0,4,37,99,33,47,42,29,11,75,53,37,47,84,99,7,52,30,20,37,9,95,24,32,43,39,98,8,1,37,57,67,45,22,83,58,42,77,36,30,2,20,16,66,64,77,71,63,87,49,34,22,78,100,66,18,65,86,99,69,96,31,69,1,72,15,54,1,70,81,6,97,33,88,73,36,14,76,64,57
66,90,23,26,27,70,11,41,15,27,54,70,43,80,94,87,36,34,78,53,44,50,8,31,0,69,90,31,76,47,68,53,13,43,31,43,85,18,40,75,48,1,54,38,78,25,59,80,11,27,72,80,11,3,79,9,68,13,2,71,78,26,63,27,56,75,23,28,30,85,9,29,55,28,3,21,5,78,39,40,84,3,69,52,76,91,15,28,45,57,5,16,2,88,36,8,77,53,60,61
58,36,84,85,87,22,76,81,63,90,11,11,60,42,34,58,86,67,8,6,67,1,57,55,30,22,29,79,54,20,90,24,96,60,43,6,86,46,28,11,23,8,88,66,59,38,32,53,82,84,43,58,91,43,97,61,6,80,67,69,76,19,1,75,100,27,86,87,96,9,39,3,30,21,93,34,49,92,40,53,38,77,35,56,47,3,72,71,37,45,22,58,9,93,0,82,63,42,83,15
53,91,38,69,43,89,43,79,94,55,65,36,86,39,79,11,42,47,60,20,55,88,44,28,95,79,83,36,50,42,13,14,57,55,13,17,4,19,83,16,31,87,35,3,24,4,83,44,35,52,12,74,3,87,80,18,18,5,83,2,41,63,65,42,35,53,53,56,76,32,21,81,18,9,59,41,27,63,25,24,26,56,96,90,12,38,19,73,50,49,55,60,26,87,21,18,38,58,74,81
14,16,55,89,74,23,23,54,95,75,82,72,24,79,12,86,28,100,91,36,95,33,48,62,17,39,36,84,1,94,63,65,46,44,30,91,29,68,45,32,46,51,61,72,53,85,83,52,7,99,42,83,88,15,69,55,36,88,11,97,57,85,90,65,27,19,97,24,42,54,91,57,29,95,17,45,22,0,27,74,45,66,3,37,34,13,82,84,54,37,20,15,51,31,44,35,57,83,29,1
75,77,32,37,48,89,29,24,44,37,16,79,99,71,82,20,57,12,56,24,28,73,76,48,2,82,99,55,87,63,71,43,53,73,78,79,14,13,26,66,34,26,14,82,34,86,98,51,78,91,74,32,66,60,57,52,97,27,31,59,52,18,26,64,24,37,92,81,86,44,51,62,38,57,96,83,69,17,20,19,37,5,94,52,71,76,52,43,95,58,14,38,29,81,96,16,90,39,45,99
7,65,65,82,82,34,11,32,16,1,42,74,68,33,6,19,63,52,67,17,33,23,71,58,75,42,82,88,10,1,81,13,7,7,75,49,19,61,46,93,0,49,89,83,3,32,85,38,58,38,49,17,10,73,93,41,34,42,16,33,0,40,93,51,18,38,38,37,57,36,61,61,81,39,57,85,45,9,30,7,61,60,54,88,84,72,88,49,45,0,1,97,2,74,71,26,31,100,17,9
59,33,32,83,43,0,90,60,15,51,29,48,72,73,42,47,44,7,80,70,19,0,11,89,68,75,2,88,44,24,22,0,76,62,60,53,44,94,26,62,12,19,98,81,100,53,5,28,14,26,30,8,4,26,5,95,77,88,81,61,76,9,51,32,82,7,99,23,54,60,31,79,100,5,61,99,0,48,54,21,50,83,31,88,62,29,42,44,74,43,18,57,79,69,35,20,37,52,100,57
90,63,88,67,97,18,73,21,59,18,12,96,43,96,55,88,14,26,71,77,58,66,11,98,4,99,95,57,14,33,26,50,63,99,92,41,66,55,43,35,54,1,70,45,4,58,31,90,85,20,33,72,4,81,5,99,60,57,16,93,81,78,19,86,72,9,46,76,18,7,29,26,65,32,27,7,61,85,15,74,91,14,60,89,74,61,40,75,12,11,15,61,47,84,20,57,18,62,65,40
63,91,92,46,50,40,25,49,59,70,33,76,100,12,57,32,54,61,66,9,33,92,97,77,9,28,79,7,91,81,4,9,96,55,9,72,83,52,62,84,80,70,16,31,5,87,61,25,69,88,13,89,85,38,35,97,14,30,19,97,7,2,51,8,42,68,64,14,10,59,37,26,98,12,75,72,7,32,75,46,74,75,98,49,38,71,45,38,77,91,49,4,59,94,46,33,33,7,57,9
37,90,19,79,9,21,80,20,65,43,6,2,37,22,74,21,76,20,49,36,12,12,68,68,41,24,67,70,33,8,24,5,14,15,61,75,20,34,88,78,89,98,17,46,14,71,56,80,96,2,27,56,7,25,58,40,17,83,21,36,15,74,68,100,58,87,43,72,42,9,89,78,64,98,94,89,46,67,28,91,80,28,9,0,65,72,43,20,90,41,50,86,68,15,75,97,80,11,41,50
3,84,72,92,57,71,13,97,9,19,71,94,38,25,41,21,42,9,26,3,31,59,78,17,73,27,31,88,52,32,63,79,59,87,55,45,15,8,76,92,86,34,31,46,52,34,32,2,50,35,97,91,49,41,27,66,57,49,56,34,30,56,66,38,59,56,94,56,49,62,3,57,100,24,2,40,15,86,83,81,31,12,46,16,22,88,44,96,85,45,65,95,44,70,35,91,23,75,7,39
86,94,59,93,5,17,30,83,53,98,35,34,0,29,89,30,39,8,82,56,71,60,7,75,3,7,5,50,51,18,40,82,97,97,59,95,35,91,27,37,43,85,44,24,86,1,91,95,17,26,19,66,39,16,61,18,98,45,32,41,9,4,46,73,1,43,45,3,27,19,35,79,52,39,46,5,79,71,85,12,40,3,85,20,31,43,59,45,22,59,91,6,24,35,1,78,26,49,22,13
49,82,48,59,79,97,35,57,60,5,8,76,16,70,97,92,31,84,42,11,40,3,32,81,29,64,25,95,64,94,3,70,55,8,74,38,85,21,22,44,70,13,9,45,72,24,47,66,100,85,65,86,67,8,75,50,88,59,48,27,67,88,39,87,63,64,69,54,95,26,89,88,77,60,90,85,6,29,70,23,35,94,64,21,6,77,69,10,60,41,79,12,64,81,97,79,74,87,36,80
20,29,32,31,74,81,1,10,58,1,32,98,87,54,9,91,96,32,87,85,46,6,22,19,43,52,50,62,66,11,30,63,42,75,19,72,42,13,69,69,40,53,52,27,77,85,17,30,46,39,81,21,36,65,45,33,67,14,12,80,36,93,57,58,96,35,36,68,11,5,26,28,61,42,49,30,61,92,20,25,6,21,29,5,30,56,71,94,38,10,75,42,99,97,75,79,69,92,89,89
33,80,84,18,6,28,65,44,99,36,55,10,58,38,35,57,50,45,55,98,24,14,65,82,45,54,29,82,20,2,100,37,32,1,7,14,92,87,11,59,26,69,5,45,67,72,58,68,20,57,84,90,21,53,15,60,67,51,98,18,14,17,53,70,23,56,83,59,98,9,58,1,91,97,42,59,60,70,15,13,16,9,3,26,23,18,46,51,46,60,44,74,55,65,65,97,42,50,21,76
41,90,47,15,21,94,50,0,51,14,5,23,28,63,40,62,5,6,52,8,49,72,28,2,92,66,19,63,72,12,39,80,68,8,36,75,58,88,84,62,94,86,73,17,89,71,51,100,85,85,20,57,95,69,83,33,11,53,72,63,71,7,93,85,6,71,57,5,61,89,66,94,33,10,55,27,49,77,76,19,0,60,33,99,60,94,26,71,19,8,82,86,29,51,54,48,2,40,64,65
56,73,16,45,59,99,80,22,6,69,87,11,90,97,21,18,69,61,66,85,87,39,23,44,94,47,41,38,61,71,43,76,71,92,21,88,16,48,58,89,58,100,42,44,92,61,15,94,50,98,25,71,51,50,75,48,90,82,43,15,75,83,4,27,18,5,67,90,73,89,36,31,24,78,39,65,77,76,57,80,52,89,81,96,39,80,93,74,48,6,5,98,84,53,8,82,58,57,49,17
76,34,17,43,94,73,83,55,94,14,98,40,23,90,67,51,16,5,23,16,66,68,47,63,43,24,8,56,57,63,47,74,48,49,88,62,94,62,81,53,62,82,39,61,43,41,77,12,94,19,4,9,43,55,80,24,75,73,26,29,0,82,24,60,41,99,33,25,91,6,69,16,12,40,96,19,80,37,73,23,67,46,69,12,40,24,90,72,44,40,63,46,45,74,35,8,83,33,46,40
72,65,67,31,73,72,63,50,4,27,8,21,20,56,36,62,91,50,45,81,61,10,24,10,3,38,49,86,44,42,88,71,23,91,14,56,68,32,14,90,1,56,78,85,87,49,27,79,78,76,35,34,54,63,92,58,50,91,74,15,65,12,30,29,83,29,15,69,29,35,88,61,61,95,3,5,97,44,36,69,37,66,62,9,0,35,49,93,89,49,90,39,82,93,87,27,38,47,77,19
11,94,3,97,94,80,21,15,29,48,72,39,51,37,23,18,60,91,91,19,29,78,98,61,5,82,75,98,41,64,15,77,95,88,35,44,64,51,34,3,100,48,15,59,82,96,14,77,46,67,25,7,40,44,40,41,70,79,3,2,21,59,22,33,34,81,100,65,34,24,52,19,29,58,74,40,10,12,27,52,73,10,75,46,28,94,22,98,76,30,66,56,86,21,50,8,47,82,7,72
90,88,78,28,19,63,98,1,69,85,63,95,30,12,99,2,12,60,42,86,26,97,99,92,51,27,71,44,38,49,6,72,6,75,64,47,52,71,52,41,18,87,35,96,15,99,91,54,89,57,49,52,18,27,8,94,30,12,73,6,20,7,44,33,94,6,43,81,61,95,43,52,88,22,54,88,10,12,5,20,90,24,28,7,69,0,40,26,33,42,28,19,69,9,86,14,75,8,51,11
76,86,21,45,77,76,98,91,97,61,92,96,96,52,77,39,55,59,50,78,10,53,10,28,46,29,90,2,56,27,83,91,88,77,0,11,18,60,28,47,82,45,41,30,50,72,20,38,6,94,38,73,43,94,69,51,67,44,32,23,14,62,70,98,87,61,92,77,87,77,78,30,96,30,96,46,90,15,71,47,88,4,33,29,25,71,66,1,72,47,86,54,66,88,99,59,29,98,85,14
65,81,29,99,69,1,80,89,99,98,26,9,70,88,84,60,68,14,15,31,66,77,11,77,36,8,75,99,77,55,54,45,74,10,41,2,88,69,93,50,63,3,92,68,53,50,81,44,28,33,82,38,5,3,23,91,70,2,19,16,95,52,79,81,72,35,27,63,32,79,41,91,1,23,97,49,73,26,82,67,88,44,7,41,28,5,57,44,41,41,40,81,29,91,59,29,63,50,18,28
63,82,37,20,95,99,97,20,68,18,21,54,14,29,81,17,92,92,36,44,26,3,22,45,95,24,48,95,10,61,68,12,62,79,78,15,68,70,12,97,23,68,73,83,34,79,88,82,34,47,83,86,61,100,58,56,47,67,91,97,25,19,26,95,76,86,80,38,54,19,39,31,17,26,45,34,37,99,83,5,15,10,16,83,42,11,27,38,90,54,77,38,93,33,73,75,57,100,53,16
78,70,56,90,21,50,83,57,98,33,79,56,95,5,85,3,21,27,53,61,34,1,31,67,41,55,20,20,30,94,2,54,35,65,98,78,29,42,25,52,33,36,57,45,38,87,14,57,85,6,31,62,35,66,53,47,26,56,85,67,60,62,62,36,69,47,65,11,87,29,98,4,38,2,4,58,6,36,82,10,9,43,35,86,82,89,45,36,96,97,45,60,19,21,9,58,76,15,57,31
37,99,80,95,6,39,55,70,10,80,54,98,81,23,59,43,88,46,52,30,48,43,29,57,14,78,26,17,93,58,39,73,84,7,80,39,11,99,74,53,27,57,100,11,29,89,21,2,60,51,79,97,13,84,26,100,80,21,23,46,97,16,1,78,27,58,98,77,80,45,65,37,99,64,16,67,95,38,28,73,22,39,47,15,55,99,71,96,95,53,43,49,20,18,71,5,29,94,30,88
30,97,66,10,32,44,91,1,64,8,91,43,80,38,51,93,20,8,70,24,94,68,65,13,14,13,47,49,4,34,20,39,20,56,91,32,94,11,75,30,23,72,44,6,36,68,87,82,37,41,3,6,80,56,3,53,94,68,17,35,87,45,16,2,79,73,98,49,78,98,87,65,0,12,39,22,3,99,65,83,58,9,23,9,43,17,100,54,0,35,26,16,44,28,21,91,18,85,56,5
88,56,67,70,57,71,34,81,75,91,33,35,50,12,35,61,10,8,75,40,35,57,16,34,18,54,88,53,54,53,44,82,27,96,50,11,17,69,76,82,80,13,12,56,52,92,66,59,65,9,64,86,8,57,60,89,6,100,77,38,92,18,94,18,95,2,64,71,43,88,34,77,40,43,40,66,74,80,58,5,31,59,63,73,96,8,12,99,86,74,1,39,97,8,42,66,90,19,29,63
22,51,11,29,68,31,17,48,49,82,58,63,79,75,52,66,76,54,0,50,26,77,74,38,43,88,5,41,15,26,87,53,26,84,77,7,40,89,83,11,75,7,70,15,30,65,50,99,24,11,49,89,22,0,26,98,83,21,100,60,74,28,19,28,24,57,81,97,18,83,23,29,68,78,61,26,18,74,79,1,53,27,97,31,57,33,12,33,15,58,18,90,96,24,88,87,57,3,29,77
58,17,82,77,38,32,83,92,87,88,84,36,99,23,69,74,85,66,33,23,46,22,50,94,31,27,30,91,94,79,44,10,76,14,59,52,4,74,2,93,19,38,3,54,36,40,73,76,66,38,100,30,30,58,8,10,19,97,47,18,83,28,91,84,3,17,74,74,5,75,25,48,20,62,72,47,56,77,10,33,65,4,29,15,90,99,31,54,99,60,99,17,69,27,14,31,3,46,97,30
100,20,52,40,13,86,16,29,84,12,52,90,78,6,74,83,9,43,10,34,25,15,52,79,80,78,54,67,26,54,79,49,92,71,8,71,88,51,25,70,80,19,15,9,16,7,56,47,62,34,18,91,61,27,7,42,32,85,42,94,38,14,39,1,54,13,51,98,83,84,73,33,9,27,53,92,91,39,48,5,61,20,65,38,68,47,81,93,76,32,67,24,76,59,36,10,87,40,17,98
96,87,38,38,56,25,58,77,28,82,39,15,71,6,12,64,24,21,7,0,76,68,87,43,71,27,90,92,32,58,80,5,77,66,6,18,11,33,94,63,6,99,39,41,83,77,25,66,8,9,67,66,87,48,24,40,80,60,3,35,35,95,62,94,24,54,21,9,14,14,9,10,91,97,99,0,65,88,34,7,56,37,71,57,70,83,57,70,36,9,32,4,92,16,38,45,45,19,49,69
62,57,24,85,46,82,26,47,79,59,17,82,8,42,65,43,2,30,95,47,64,16,3,40,2,59,50,59,7,91,18,72,4,8,76,77,77,75,38,91,49,96,59,73,10,2,52,96,71,23,26,49,95,45,13,72,55,29,8,36,69,41,18,58,32,14,69,56,65,37,14,84,79,75,90,69,11,19,18,58,87,70,2,68,55,14,27,35,5,27,62,33,64,27,34,95,99,65,88,13
64,22,75,36,93,34,97,58,49,28,21,6,74,23,24,6,22,76,53,80,0,11,26,59,84,18,64,39,7,34,65,60,3,99,2,10,11,4,12,6,76,50,85,79,62,12,16,83,8,85,85,54,69,50,56,41,60,34,74,40,23,27,16,85,64,88,72,42,30,99,44,75,94,29,3,51,38,69,35,78,81,94,93,54,85,93,55,21,24,44,90,67,48,92,63,40,50,84,71,11
46,5,73,96,78,88,24,42,87,97,85,68,58,76,2,68,73,21,30,35,53,66,84,22,90,44,68,79,93,80,33,86,10,75,24,70,89,55,32,12,36,3,74,50,19,100,99,34,12,33,9,34,43,81,48,65,31,74,52,69,21,0,30,77,90,2,56,10,86,6,8,46,70,38,33,62,69,96,67,81,79,33,53,59,55,93,10,35,15,16,3,34,28,68,17,64,15,53,89,50
47,39,5,93,17,44,35,15,94,26,19,25,18,36,6,8,93,50,75,41,56,32,45,14,72,75,5,39,74,59,26,42,67,15,56,70,82,37,2,87,63,78,40,13,28,20,100,48,82,4,20,31,27,29,52,17,59,37,34,88,45,59,77,77,91,34,80,24,64,45,30,88,25,98,68,77,87,80,86,97,57,52,14,31,58,33,42,20,44,64,82,58,66,71,94,73,69,10,49,8
69,74,56,32,52,94,15,43,21,0,89,40,66,96,79,26,49,97,55,72,58,18,7,14,87,40,22,78,41,98,3,58,76,29,23,47,100,96,18,75,32,63,26,0,25,44,68,45,39,36,29,26,48,36,43,25,82,54,12,3,87,95,31,37,51,6,39,92,72,51,62,84,62,86,26,20,48,6,95,92,78,69,51,7,11,27,79,65,49,47,30,83,43,42,66,21,6,28,8,76
63,47,27,50,10,93,9,49,38,89,67,13,27,30,80,14,97,69,49,21,51,11,9,56,42,67,64,82,60,44,6,38,60,39,18,43,55,0,99,93,53,95,100,17,20,61,31,94,61,21,7,22,48,31,25,3,63,30,94,41,44,37,4,10,1,83,51,68,99,92,2,2,86,11,17,38,59,89,88,45,28,86,92,57,22,39,71,73,45,1,12,89,16,50,9,51,57,51,36,33
97,68,28,80,70,94,82,58,52,94,54,30,39,26,99,52,28,10,39,83,88,87,57,26,47,56,0,73,55,63,48,73,81,72,62,89,24,1,64,99,2,91,2,22,71,8,99,71,76,57,32,71,23,32,34,97,87,23,32,76,5,71,67,32,27,79,60,46,23,5,9,80,97,52,69,22,12,22,54,58,76,73,49,44,58,73,34,78,49,89,85,51,23,75,75,53,91,65,32,79
30,27,86,36,24,95,69,64,66,81,36,14,64,94,93,11,42,17,72,68,20,10,30,73,89,36,12,0,11,62,91,53,35,3,79,54,10,21,34,5,79,46,81,31,7,79,78,60,64,51,49,79,50,99,44,24,17,31,86,99,74,79,57,19,97,12,51,93,1,64,9,6,85,49,87,5,5,5,98,22,4,12,34,9,70,64,92,27,81,89,4,98,0,34,16,57,17,7,83,50
16,72,24,39,48,34,72,97,39,24,57,97,7,12,8,30,72,14,90,80,99,78,39,98,21,23,84,48,8,18,64,77,20,11,46,33,99,95,65,97,66,94,97,82,2,66,79,21,64,5,55,87,38,43,86,79,92,57,13,100,68,65,39,42,61,70,0,70,24,99,30,87,63,19,61,72,99,50,1,64,32,1,47,40,50,52,63,19,48,42,84,74,86,70,72,89,24,77,95,2
52,7,92,49,16,88,4,33,30,57,46,22,42,49,80,18,66,87,76,43,56,49,40,10,76,86,47,76,77,84,57,45,84,7,100,93,49,40,20,64,39,99,57,48,27,6,74,7,31,4,83,67,28,17,7,10,81,6,62,39,77,36,13,15,80,60,0,36,64,67,29,37,38,88,89,76,39,28,60,30,86,74,39,65,34,26,14,50,99,40,1,6,89,100,18,34,88,29,70,61
98,12,39,82,99,64,65,51,75,28,32,69,9,59,73,2,64,36,7,87,23,71,18,2,41,52,87,57,89,36,46,69,0,25,39,0,94,60,4,72,9,36,95,86,59,0,40,13,100,22,30,51,52,2,1,38,94,7,83,58,29,66,68,41,64,71,14,9,20,6,81,83,44,69,29,90,0,3,95,87,56,48,0,87,0,70,73,23,69,74,19,27,38,36,94,25,97,82,65,57
6,62,24,13,80,79,89,60,100,98,67,28,81,85,82,44,32,83,36,43,47,65,42,98,11,10,13,11,14,91,9,24,26,98,80,95,75,51,10,53,79,47,25,67,50,34,31,3,92,15,55,59,69,91,94,69,11,11,44,15,80,87,41,16,66,13,52,29,69,11,49,100,67,29,27,24,45,98,16,16,96,98,52,44,79,18,73,89,22,81,45,72,93,88,87,99,41,57,40,55
8,52,21,38,76,39,77,39,45,15,74,29,26,85,73,86,81,39,43,11,99,2,5,21,99,93,24,90,85,14,4,29,18,37,34,3,92,16,23,6,11,4,96,21,28,67,35,76,53,58,68,63,77,28,17,37,43,35,35,23,12,18,75,15,91,6,1,54,83,65,14,10,0,100,15,84,97,67,95,66,51,18,8,5,76,21,61,95,19,23,36,52,11,71,23,35,82,11,68,78
3,56,40,82,4,57,92,55,24,65,48,16,74,93,49,92,100,64,99,80,17,60,36,71,30,14,25,92,21,36,59,8,31,19,80,15,87,60,3,30,42,24,88,64,28,81,83,28,11,0,17,77,58,100,69,6,5,21,82,70,37,99,78,67,3,46,18,87,46,44,71,77,31,73,45,89,26,90,57,73,71,41,55,73,86,49,12,100,5,56,15,79,78,15,45,19,74,35,41,34
74,53,18,63,35,48,23,48,68,0,41,47,37,59,99,96,100,59,2,90,41,98,80,99,29,60,87,90,73,42,6,29,28,75,22,83,37,38,8,22,95,96,4,40,98,32,51,46,68,26,73,39,1,30,99,40,48,94,27,46,1,67,39,12,49,49,27,38,36,92,87,26,96,9,32,41,79,62,80,65,56,39,48,79,24,45,60,48,55,18,58,31,43,91,10,40,60,97,80,59
16,100,23,41,59,55,11,32,52,4,36,4,49,34,99,27,65,15,84,40,42,73,92,82,90,93,9,28,90,82,25,57,42,37,20,43,26,32,59,75,67,69,6,100,17,63,80,31,91,30,94,82,91,98,29,99,60,59,14,99,56,55,14,62,53,96,59,80,64,35,5,93,67,90,27,45,2,35,30,72,79,78,10,56,89,82,32,92,44,37,37,35,7,96,64,59,8,64,45,17
53,98,16,44,96,81,34,34,91,81,96,18,42,92,4,79,35,78,48,35,85,99,90,44,43,33,26,22,36,19,15,48,93,35,65,33,85,18,6,98,69,50,100,6,86,95,11,17,22,36,7,97,15,34,92,56,33,4,29,57,49,13,49,42,78,87,67,1,96,38,10,62,10,4,77,3,82,68,84,95,44,74,80,46,60,41,55,65,31,25,0,37,23,19,3,51,72,84,23,21
54,91,71,26,42,25,2,58,49,98,24,89,73,19,49,74,41,0,79,70,34,17,19,2,41,72,83,11,16,15,32,69,14,57,71,33,35,79,98,54,27,64,28,40,38,46,43,95,42,51,36,29,6,53,53,95,47,51,32,23,98,28,69,30,56,28,48,53,72,58,89,76,37,28,4,0,40,35,60,93,73,40,5,16,58,72,4,73,87,95,95,28,41,65,26,91,2,100,7,98
98,75,64,3,99,45,54,34,18,49,7,51,63,14,20,35,55,47,86,98,61,35,36,33,17,92,33,57,75,94,86,39,55,97,10,36,65,8,75,35,54,76,76,56,70,41,79,30,47,21,60,23,29,53,27,41,85,30,61,15,3,30,54,46,33,53,88,54,21,9,58,41,87,60,79,73,77,18,53,24,49,39,88,8,4,34,79,52,58,58,86,21,88,60,87,73,94,17,20,28
55,87,57,16,78,80,44,74,30,58,0,97,38,96,26,36,74,4,89,93,82,61,46,80,22,42,51,46,68,42,24,97,15,59,55,87,82,24,84,31,2,2,18,43,45,2,22,34,4,55,28,34,26,54,70,100,10,65,11,52,56,58,73,90,25,43,83,34,63,11,21,20,75,21,64,40,14,45,5,55,13,54,54,86,72,67,70,64,23,74,38,69,28,81,41,75,0,82,24,22
83,81,91,93,39,81,72,38,11,23,3,87,44,39,20,36,99,8,28,7,13,79,32,77,68,2,84,83,61,38,55,72,24,78,17,99,41,56,57,28,54,17,90,74,79,40,10,49,48,52,79,8,57,78,76,89,26,27,57,57,39,20,69,92,42,20,49,83,1,54,62,76,78,93,18,18,30,90,46,23,91,72,31,42,60,27,93,51,15,85,92,50,75,90,18,70,88,1,45,98
37,76,69,87,77,98,98,74,84,67,26,65,64,84,56,47,43,1,3,50,41,8,12,82,0,74,67,19,81,28,76,78,17,46,24,77,32,72,30,10,75,53,7,14,6,61,61,100,57,95,55,33,92,47,15,93,5,24,81,76,76,21,48,20,100,17,70,95,21,38,92,13,73,26,90,44,71,74,63,42,89,27,76,38,24,77,86,48,93,50,74,23,15,18,54,47,30,70,43,7
4,37,62,12,100,33,39,68,19,59,2,92,41,67,30,10,31,56,4,79,91,49,47,33,3,22,91,87,33,100,82,84,26,28,8,59,90,44,12,42,70,45,98,18,93,48,24,45,97,98,8,62,22,68,97,41,95,87,5,25,43,87,35,17,96,94,12,91,78,72,58,18,19,53,13,24,41,7,61,83,20,21,23,68,32,8,26,81,77,69,15,91,23,67,42,67,23,59,59,77
56,41,14,1,54,48,37,77,5,74,99,59,70,65,3,59,36,61,31,47,60,13,56,33,61,11,9,48,24,5,41,20,3,39,76,40,32,74,16,86,32,94,47,4,45,35,82,74,78,39,90,17,1,37,5,55,10,4,80,73,11,42,25,13,84,47,83,86,84,52,99,62,54,28,70,21,87,46,55,52,21,7,54,0,39,15,11,46,78,56,47,40,42,24,4,0,75,99,13,63
56,96,79,84,70,45,54,90,26,79,54,77,30,28,60,62,22,74,35,19,88,11,70,87,100,21,5,49,55,51,49,100,55,1,72,6,36,7,67,4,35,99,32,24,53,35,47,48,63,75,50,81,22,92,8,9,65,76,40,11,85,90,89,34,82,69,71,80,92,75,95,66,9,29,71,82,1,66,15,24,57,79,100,58,86,16,72,89,42,17,83,42,36,34,75,99,6,34,14,1
25,28,46,7,7,2,20,56,39,23,58,32,29,44,43,48,71,90,54,79,50,69,49,48,77,6,14,8,29,48,53,86,55,45,43,24,31,51,65,8,67,52,13,19,64,67,12,15,0,25,71,73,70,13,70,97,35,36,90,19,45,77,70,15,98,23,59,27,31,23,74,58,60,61,67,97,83,53,34,46,14,28,9,3,61,68,58,98,30,86,75,45,86,20,60,47,57,95,92,61
46,48,75,94,39,6,49,19,39,16,27,1,25,89,69,83,61,95,90,65,12,74,49,36,12,47,77,76,77,72,33,8,69,8,23,48,83,1,0,38,19,19,28,95,83,10,33,71,42,15,92,40,92,31,0,59,92,97,50,53,81,18,48,93,21,50,76,98,97,63,97,52,74,64,1,66,8,83,75,21,1,98,11,98,10,68,34,94,18,73,43,19,79,48,60,24,4,53,19,97
29,4,50,90,76,95,66,95,81,37,67,34,98,67,94,97,60,33,63,49,57,5,49,0,19,5,74,82,9,25,8,51,38,88,78,81,100,23,100,82,42,76,85,39,45,41,18,45,56,16,15,70,70,45,26,43,70,40,69,56,93,6,81,23,4,29,66,40,40,54,92,8,40,19,98,88,26,87,55,74,2,5,38,37,83,69,76,66,72,40,59,67,82,24,12,0,60,45,99,9
7,38,35,96,81,90,81,55,80,57,73,5,26,16,43,65,36,68,27,88,25,47,97,19,74,18,36,81,6,25,48,18,71,11,80,22,23,54,22,82,34,61,85,47,2,10,84,34,17,67,78,13,32,82,48,55,40,84,86,21,60,49,36,73,32,99,4,54,36,79,19,83,89,96,20,63,81,71,61,42,89,52,7,85,46,27,64,67,21,27,58,54,65,34,25,9,53,58,69,36
91,69,95,26,7,27,85,6,8,56,40,53,6,43,93,16,73,8,7,69,37,44,82,54,18,21,18,82,40,41,60,27,35,41,71,65,97,52,34,60,96,72,56,6,3,38,42,30,96,84,32,50,97,23,94,20,74,30,67,34,44,3,55,40,23,7,2,48,79,60,78,17,17,82,80,78,78,23,24,46,14,70,78,91,29,18,23,2,0,19,54,42,89,74,58,79,73,45,62,55
96,56,98,87,91,31,18,36,43,89,56,80,50,11,46,14,19,16,41,80,63,63,17,30,73,22,54,22,87,94,62,11,9,26,0,42,26,36,37,21,59,70,6,80,44,4,52,0,70,3,24,60,52,8,81,32,20,82,45,27,33,93,74,58,60,81,67,100,2,89,3,9,8,36,11,41,35,51,9,20,70,72,44,36,21,97,63,49,86,19,15,75,94,77,3,45,27,14,61,45
61,30,32,41,29,20,74,43,0,80,91,80,66,90,68,64,68,26,81,23,70,29,51,82,58,90,97,10,32,19,82,87,1,55,50,9,78,94,53,64,8,42,12,22,53,35,55,64,40,63,15,8,39,8,70,65,5,86,82,21,64,57,99,57,28,62,18,10,21,16,84,55,68,10,1,21,48,71,81,22,76,71,61,33,87,30,12,29,16,13,17,61,51,100,97,42,79,5,79,21
34,13,63,99,100,29,69,9,81,70,47,89,53,36,59,47,15,60,63,72,60,76,10,62,3,98,60,1,34,2,74,1,80,75,12,74,8,68,33,11,59,74,97,40,42,54,41,22,94,18,100,4,79,86,31,53,42,77,59,32,7,11,18,31,99,60,15,78,30,22,25,19,31,83,15,19,13,22,98,45,31,9,14,40,31,71,89,11,48,44,5,35,31,44,94,88,20,49,60,23
19,63,32,26,53,98,22,100,7,69,97,4,39,63,85,10,39,19,77,25,80,80,12,79,15,45,59,86,84,65,13,17,84,53,37,1,51,73,18,18,19,30,26,12,13,45,85,61,7,74,31,94,26,66,41,91,51,2,16,25,2,51,34,83,48,42,9,87,19,75,0,11,2,73,64,52,69,25,29,55,78,70,4,98,79,33,80,36,51,33,74,67,16,71,2,18,61,51,9,13
16,0,67,15,74,89,3,93,3,59,13,59,66,56,92,100,50,74,28,91,75,61,99,61,80,83,75,93,51,91,49,69,86,47,22,45,5,53,89,24,56,13,58,1,48,26,61,30,53,60,78,59,36,79,35,86,68,66,92,32,76,40,59,36,3,1,8,27,71,92,37,27,39,57,61,74,71,18,45,23,36,91,55,7,83,65,54,20,24,96,93,8,30,61,88,82,19,28,92,27
39,22,20,14,9,22,62,23,55,78,66,36,51,11,76,61,56,19,94,70,64,73,78,21,47,40,43,27,28,99,17,55,16,46,16,30,13,23,41,2,2,27,85,43,7,46,92,10,28,54,4,81,78,74,88,49,96,50,55,49,69,62,35,27,50,19,93,85,35,58,0,25,21,16,80,89,88,83,13,79,31,89,70,38,63,77,28,19,21,87,54,24,84,23,34,31,36,49,96,32
16,54,87,22,65,52,73,57,53,59,93,10,38,40,100,57,77,27,84,62,63,39,99,34,36,57,44,65,38,87,100,36,18,19,67,74,99,49,41,36,86,3,29,74,10,84,75,46,25,24,47,24,86,23,84,13,94,0,23,58,6,29,16,79,98,65,59,89,54,69,31,75,11,48,45,1,68,45,92,89,100,70,40,31,27,9,50,69,66,6,89,14,83,93,52,14,87,76,33,89
75,80,65,92,46,12,60,21,30,44,5,9,46,17,40,90,82,42,95,39,39,2,92,22,20,4,11,98,45,82,82,78,5,47,99,85,72,19,98,5,0,85,38,78,16,95,1,97,60,70,15,39,9,90,97,90,26,0,13,7,94,54,6,15,67,71,53,51,12,64,5,73,15,2,50,50,1,77,100,84,0,10,48,16,75,83,33,32,42,52,35,52,82,55,12,45,98,59,99,63
68,22,59,15,95,61,8,92,93,95,1,10,19,27,48,59,64,73,37,51,25,51,66,91,20,9,62,67,62,33,9,63,73,21,19,47,20,90,76,31,66,50,11,92,84,36,70,32,56,9,75,32,33,14,38,91,32,53,7,93,44,89,53,3,65,85,62,22,44,65,84,46,81,35,8,20,77,53,78,48,47,10,87,56,9,64,13,69,99,93,43,42,30,94,14,88,33,46,41,88
67,89,91,13,28,31,59,8,26,66,99,83,94,33,32,98,54,65,81,44,57,98,9,34,62,59,4,51,94,38,40,100,16,31,82,85,23,16,12,26,86,47,95,98,6,62,64,1,24,93,68,77,80,55,36,16,51,77,20,68,78,43,71,17,48,15,58,33,29,59,33,94,42,42,94,45,87,84,16,12,60,44,44,8,44,98,64,0,36,97,6,94,69,39,74,90,79,78,76,10
76,15,8,14,96,19,67,76,62,93,91,81,72,57,59,50,100,56,58,84,66,67,83,98,31,95,22,93,36,19,72,18,30,3,44,89,83,48,47,97,98,26,16,94,22,93,51,30,94,32,77,61,76,49,33,6,46,61,60,83,47,72,56,49,14,90,84,86,49,90,42,1,24,14,54,44,89,73,72,3,6,74,88,20,76,11,25,58,75,22,92,27,46,88,58,88,80,0,1,34
26,34,17,51,87,52,3,88,0,7,16,91,13,83,39,43,12,32,43,84,29,43,2,37,94,16,76,75,53,11,69,85,91,43,66,70,1,46,19,3,66,49,24,87,56,53,72,16,14,66,57,33,2,43,35,83,19,81,84,71,96,62,75,13,69,89,77,78,77,64,78,55,55,66,50,32,66,97,61,46,100,84,100,7,22,2,80,51,83,73,30,13,24,76,59,56,32,45,22,1
74,87,90,48,83,84,23,32,32,71,31,43,64,84,13,98,27,60,95,98,67,80,53,46,2,22,72,18,3,85,31,92,10,5,53,83,87,13,51,91,10,59,10,55,78,11,19,1,45,45,32,65,69,100,7,21,45,75,79,55,43,91,48,26,1,20,86,95,79,76,11,8,6,35,68,7,88,6,31,43,13,87,45,16,86,10,92,64,67,15,88,45,60,27,9,51,46,31,73,66
58,13,86,94,20,61,21,66,100,82,51,22,25,18,35,21,88,60,57,7,34,41,23,55,77,61,8,100,76,92,4,82,93,45,100,35,18,90,85,60,16,51,21,57,13,1,2,75,6,75,44,78,22,35,44,3,50,21,22,72,57,71,31,100,82,23,3,93,37,34,75,73,94,16,17,26,89,61,100,63,17,94,33,31,19,85,94,21,35,91,78,89,89,34,67,82,26,20,66,5
74,69,90,33,51,45,97,46,76,47,42,25,44,44,69,10,82,48,84,63,96,76,73,16,37,50,48,81,92,31,9,82,84,92,67,86,38,13,87,36,85,1,56,64,71,36,12,70,86,89,100,41,15,64,29,38,44,7,5,82,29,87,91,15,17,15,19,34,91,70,39,72,3,42,77,28,98,85,0,24,86,27,7,67,31,33,70,30,89,37,92,18,1,24,5,38,30,19,62,85