20,99,1,85,78,11,9,87,37,33,62,22,74,51,42,20,19,28,59,88,99,32,84,86,21,37,96,11,82,66,51,45,82,65,30,9,89,74,27,64,31,99,19,14,13,34,57,54,1,10,27,38,5,13,38,41,70,30,98,59,63,85,48,42,37,99,80,44,47,74,6,64,78,41,78,56,12,75,96,49,15,60,88,38,62,36,71,63,86,50,84,90,15,32,65,57,94,15,47,88
99,25,9,52,46,2,23,11,96,87,56,37,31,45,85,9,85,38,96,22,57,85,2,50,75,38,76,71,81,3,55,11,84,37,53,97,45,0,11,100,23,65,42,48,53,10,92,35,87,33,1,37,22,60,49,14,45,88,8,64,53,30,13,93,34,1,20,50,1,46,2,69,62,21,84,39,41,60,24,45,21,21,20,31,70,34,71,39,13,87,70,47,66,24,49,4,79,68,69,47
100,86,64,16,90,85,29,82,57,80,9,26,56,31,29,27,34,51,9,20,80,52,49,0,80,40,100,37,51,72,44,20,96,5,84,34,64,96,74,74,48,82,96,91,55,8,71,93,91,13,36,11,10,95,28,79,55,81,19,50,8,6,9,2,87,23,76,12,34,50,12,94,80,0,90,54,54,54,87,75,41,85,32,67,8,35,10,65,34,11,5,94,63,76,50,92,67,29,36,36
8,100,4,78,90,21,24,30,40,81,84,93,99,4,41,76,14,54,11,78,51,59,69,8,5,100,71,24,15,34,37,92,78,94,49,51,12,26,87,42,91,100,7,61,60,41,26,2,88,30,82,55,24,43,88,73,93,88,29,16,46,56,63,65,74,91,68,37,1,44,0,99,61,85,64,38,11,89,69,68,60,86,58,44,88,37,13,76,48,55,45,41,97,64,16,66,19,68,82,92
38,47,31,49,67,82,78,69,98,68,92,49,71,69,24,90,81,55,66,50,57,29,23,33,40,10,68,51,69,11,7,41,50,92,46,58,47,1,87,60,97,92,25,1,72,70,40,28,39,66,32,55,4,7,75,28,8,98,91,40,67,72,81,5,79,88,93,73,97,4,23,24,5,37,79,75,91,5,83,67,81,4,4,28,93,88,86,77,56,47,26,81,92,65,82,45,49,51,13,72
48,91,83,91,19,49,64,35,55,96,24,25,58,68,4,6,45,82,97,15,57,88,75,74,49,10,31,2,27,92,55,71,2,82,42,1,26,41,74,58,94,34,73,56,12,89,94,78,59,90,63,3,36,72,95,40,70,68,82,5,16,7,67,35,71,99,51,93,12,5,78,69,64,62,55,99,51,26,13,70,71,12,20,59,78,70,94,33,21,92,19,14,37,47,19,18,77,53,46,38
57,16,45,29,14,74,86,16,34,17,14,89,99,87,67,60,76,8,93,13,99,54,88,16,38,27,68,20,78,4,79,97,13,29,92,87,59,28,95,21,51,86,25,48,88,90,40,65,16,6,67,2,64,3,45,12,78,97,34,30,45,46,36,5,36,11,21,95,28,91,93,50,3,25,94,32,68,64,97,52,68,29,74,12,59,99,94,3,10,9,8,17,27,16,89,92,40,26,92,24
78,67,25,56,93,2,16,92,3,57,25,60,67,7,43,35,78,5,75,80,78,95,16,28,18,82,89,90,25,68,50,19,53,23,99,28,35,2,99,59,83,97,72,45,21,38,32,47,98,53,76,93,83,6,7,36,20,53,38,51,11,98,83,49,63,29,100,76,60,68,69,66,92,19,43,41,99,74,52,98,4,62,73,87,51,46,67,64,94,19,38,12,88,17,14,19,10,9,62,93
35,30,23,58,85,98,24,3,32,20,58,86,35,10,58,77,49,71,95,54,45,54,100,43,42,74,33,24,73,51,9,28,7,74,2,45,69,29,71,5,50,34,43,17,39,47,76,51,56,63,64,32,95,58,75,44,79,71,72,69,93,12,82,31,75,82,81,93,45,5,42,26,15,3,98,44,62,88,4,62,25,75,64,43,59,62,79,42,79,96,64,94,21,47,14,71,82,23,44,74
81,29,27,41,39,30,3,12,50,58,50,31,8,52,43,70,45,38,13,81,89,18,66,32,17,88,88,70,63,83,69,70,87,29,97,46,55,43,12,33,75,54,47,4,14,57,67,3,69,32,69,43,51,71,73,55,63,66,56,64,71,2,19,53,18,94,32,3,95,41,29,99,17,26,16,30,15,89,40,95,8,61,74,16,39,62,14,0,84,21,5,66,30,62,75,7,51,83,75,15
88,55,45,91,97,64,99,3,94,70,38,2,80,71,11,48,75,69,38,56,13,48,89,68,1,55,39,3,4,96,67,67,48,56,51,82,59,8,83,99,22,36,53,7,58,38,55,47,88,49,56,25,57,15,93,54,34,3,31,84,72,36,92,53,70,56,14,49,98,68,19,36,32,52,61,61,53,56,70,72,18,29,26,34,16,21,16,13,75,70,2,89,38,87,53,6,65,36,5,49
92,29,38,61,82,90,24,44,47,19,20,63,19,87,18,59,74,54,68,33,73,73,88,53,82,48,27,89,79,36,22,98,27,16,9,34,73,54,59,83,81,60,80,38,53,89,82,77,69,70,17,89,63,87,18,19,54,39,70,40,11,28,37,58,93,98,68,2,39,77,98,80,33,23,97,43,34,4,4,66,76,53,84,33,76,68,69,3,24,46,47,18,76,76,9,44,10,80,32,28
89,5,70,87,7,60,88,56,87,92,35,100,3,63,4,42,0,23,56,59,78,58,39,60,2,57,91,91,77,68,64,41,59,80,70,7,96,54,38,94,87,84,89,84,30,8,13,57,44,58,54,35,55,95,69,58,73,7,100,65,1,91,11,42,77,93,17,57,63,54,39,95,2,43,71,65,1,38,0,86,74,0,17,77,70,61,21,82,19,78,93,65,47,95,89,48,57,97,85,15
93,44,75,75,6,21,86,92,72,93,88,4,51,63,57,13,26,80,89,72,10,87,66,40,91,63,97,76,78,76,63,77,69,95,48,39,84,56,24,27,68,23,28,53,34,0,65,73,71,55,63,77,39,69,68,29,50,1,94,58,78,35,41,75,3,54,95,32,15,67,90,14,33,24,65,10,23,56,49,97,4,64,54,16,65,55,26,74,59,58,72,66,55,21,80,100,70,26,23,73
59,72,98,41,64,81,38,6,10,67,67,76,55,84,74,37,53,56,33,2,52,83,10,66,51,50,93,91,50,81,57,84,45,27,24,81,51,62,51,87,25,48,23,7,5,45,34,68,61,21,11,19,99,36,42,54,73,9,56,84,60,43,69,99,27,44,72,73,51,6,78,40,1,82,56,67,17,64,37,75,4,30,82,10,49,51,65,90,90,47,45,74,77,39,81,81,26,13,3,93
69,38,74,62,32,54,89,39,99,87,60,52,43,95,72,5,62,20,72,8,4,30,38,15,53,29,33,84,20,36,69,44,47,45,69,90,75,96,88,41,31,48,86,6,9,54,10,90,31,5,3,88,0,32,42,48,13,79,32,96,86,69,88,55,47,52,51,17,39,53,16,53,50,56,16,90,71,42,67,26,96,35,6,15,99,19,86,2,26,53,14,66,71,4,54,56,8,17,34,94
25,16,8,57,48,75,44,63,81,19,66,33,13,92,59,43,97,75,2,78,41,13,56,43,20,42,17,63,38,75,22,74,61,82,6,41,47,44,11,61,8,11,56,48,69,87,40,53,26,11,72,85,69,41,23,63,6,97,43,61,59,25,82,31,5,92,45,76,44,7,51,62,3,97,32,60,25,12,43,58,11,49,57,14,44,81,6,5,18,93,19,68,31,82,34,15,69,24,100,82
62,94,50,68,28,4,20,67,92,45,92,36,29,46,55,41,21,57,38,83,42,42,93,56,17,30,91,25,16,7,80,9,30,84,54,9,97,55,53,93,99,27,91,0,65,15,33,11,10,63,3,82,2,94,16,16,36,45,16,90,91,11,1,66,42,87,85,26,4,11,12,10,89,24,98,18,72,93,45,65,63,10,85,4,97,96,57,35,67,54,9,39,99,82,69,74,22,88,35,37
46,49,93,39,87,47,95,33,98,16,70,29,31,37,46,47,96,10,5,75,58,89,61,56,10,36,7,50,11,100,5,52,6,86,24,0,15,73,14,65,40,27,45,59,41,33,34,48,12,70,77,62,68,75,87,14,88,84,74,98,33,95,95,10,68,91,73,84,18,44,75,45,78,15,57,13,84,94,95,52,39,70,50,85,89,90,46,31,7,18,98,13,66,86,96,59,35,40,10,40
2,55,46,23,45,74,65,70,33,16,12,25,64,89,76,95,44,67,91,20,2,31,58,96,20,44,86,22,32,6,95,45,40,90,80,99,30,83,42,91,44,88,66,40,20,71,39,84,74,48,39,60,38,43,31,8,41,80,37,7,32,76,20,63,59,90,20,39,39,97,54,97,34,54,55,80,81,78,88,88,64,91,25,47,90,70,27,6,48,55,96,78,45,54,29,0,33,63,100,3
99,17,35,62,36,45,16,14,76,82,78,100,70,21,63,42,82,100,85,61,50,9,0,1,36,47,34,35,84,48,2,77,71,25,30,75,54,99,39,52,67,94,41,60,53,54,25,22,4,97,51,46,10,65,35,6,30,53,89,40,65,43,92,23,94,26,76,53,12,100,59,100,89,80,37,52,62,15,64,94,38,62,33,11,28,66,62,71,92,82,55,55,0,70,78,38,81,61,14,25
72,100,21,32,41,61,48,94,89,75,34,31,80,67,57,81,86,61,51,54,88,50,36,83,91,6,10,65,44,66,84,100,15,91,7,33,33,2,23,55,55,73,56,62,89,42,59,55,71,23,41,84,55,41,43,100,93,67,71,14,97,4,80,37,100,45,61,97,86,55,78,73,47,79,67,80,10,36,65,76,28,13,46,59,14,60,39,90,43,18,99,60,27,14,44,47,90,71,43,10
62,2,90,19,19,90,34,52,3,35,14,16,94,9,60,47,6,11,65,8,58,65,77,36,76,70,49,34,60,35,96,62,63,51,37,3,51,78,29,69,35,7,0,48,97,44,98,60,69,68,55,84,63,77,55,81,35,73,74,50,48,63,79,88,19,46,59,84,39,0,56,9,94,43,71,61,38,45,68,26,21,16,90,2,71,19,4,9,78,87,19,47,20,47,94,34,28,41,100,53
13,52,31,50,8,22,30,33,27,80,7,67,24,1,73,8,60,13,59,18,48,76,83,2,94,98,38,99,98,59,79,60,82,70,49,36,27,74,1,22,100,96,32,77,4,90,88,98,93,13,24,13,12,13,87,15,75,72,77,100,94,90,93,77,76,65,43,80,51,94,36,67,55,6,63,4,16,7,80,54,6,35,12,62,15,41,53,59,14,77,90,11,16,36,61,95,64,56,38,75
10,7,35,82,26,38,24,27,67,92,82,30,92,38,56,66,59,16,23,19,27,6,83,92,71,5,84,97,88,9,69,35,40,83,41,37,23,62,96,26,87,100,15,65,62,19,71,60,72,18,13,57,23,22,51,9,57,96,98,37,5,54,13,28,65,76,9,100,56,92,17,35,43,92,59,82,76,19,89,48,59,1,72,25,89,37,88,86,39,82,70,41,12,83,58,52,0,18,49,75
68,100,30,81,28,1,70,22,8,50,53,82,37,16,77,65,65,21,79,27,1,86,70,6,46,73,35,75,22,94,20,7,57,1,44,87,11,20,49,70,58,39,12,86,33,46,24,7,68,83,64,37,16,58,89,53,47,72,86,100,89,50,84,61,15,76,53,32,92,35,35,71,12,43,57,79,17,58,46,4,61,33,90,62,27,11,70,30,43,0,99,34,49,99,1,87,17,84,91,32
40,62,76,15,17,9,7,87,29,57,72,6,36,55,7,66,14,54,21,7,51,61,70,27,19,61,32,0,31,24,16,81,40,65,34,1,10,17,37,96,16,43,48,3,56,30,52,8,12,87,37,47,25,46,12,47,29,3,79,12,52,2,55,59,95,93,68,71,82,22,12,95,59,89,99,90,92,16,72,46,30,88,79,64,93,72,69,34,3,33,46,76,6,40,56,88,43,23,98,91
58,91,1,73,78,37,9,27,81,87,78,42,97,94,82,67,6,38,39,62,46,2,58,70,27,67,58,15,23,22,62,30,5,6,42,79,89,63,43,28,5,92,18,17,24,76,24,55,10,10,16,53,9,43,55,87,45,46,92,91,29,80,66,86,95,50,72,3,94,95,86,50,32,24,5,3,21,48,40,44,88,100,6,30,10,15,26,45,28,91,3,18,86,54,35,12,85,29,19,82
98,86,12,30,92,70,83,69,4,33,79,42,48,82,19,6,65,50,76,59,50,74,99,67,91,97,90,28,99,45,18,9,100,56,27,61,38,79,3,14,63,51,79,85,89,35,38,87,90,23,16,47,33,99,96,43,12,42,96,46,66,85,81,44,80,89,74,13,54,65,47,68,34,42,20,54,43,35,95,50,34,34,76,54,62,12,7,40,42,30,25,26,80,49,32,73,49,86,96,34
33,55,21,5,55,92,79,5,79,90,84,35,33,68,66,86,3,1,72,73,75,58,100,83,33,98,38,14,10,53,6,68,57,78,61,30,98,64,55,2,98,55,11,54,93,47,28,85,2,38,3,3,60,82,5,99,72,4,0,17,91,48,100,64,97,61,41,18,44,72,53,20,37,8,34,41,78,57,60,29,96,43,76,6,7,87,46,85,52,92,55,50,27,39,75,85,31,2,1,52
63,36,100,9,68,63,4,96,57,7,40,43,88,55,80,89,74,68,94,93,72,35,20,0,40,47,54,69,67,60,71,77,11,7,38,26,53,87,21,21,53,44,7,10,42,98,87,36,69,60,58,50,32,92,30,65,48,15,52,88,60,36,56,26,74,30,90,6,82,78,23,72,40,24,86,14,19,20,73,98,4,81,89,75,36,14,98,25,53,30,13,4,51,18,10,61,96,86,51,98
4,62,14,10,28,59,55,31,34,86,43,29,11,99,14,32,39,66,61,10,46,59,63,68,95,62,56,1,98,18,71,80,40,79,78,58,14,46,27,21,57,47,79,14,0,79,28,19,28,55,31,60,48,90,93,56,18,63,40,70,81,53,54,69,32,90,30,84,19,86,64,89,92,88,40,56,95,19,50,20,87,32,1,48,81,6,59,89,78,54,96,59,27,82,88,70,58,4,99,53
21,76,79,57,86,4,97,40,39,71,26,23,70,6,2,46,16,73,11,22,43,68,51,63,11,57,4,44,83,16,94,0,90,94,75,23,48,65,52,98,78,74,65,78,82,87,68,16,8,65,24,55,20,44,59,41,75,60,10,50,70,85,74,78,76,17,58,40,54,4,2,83,5,74,65,35,0,40,17,4,29,16,92,100,81,86,99,83,65,20,21,83,58,7,59,10,7,28,23,61
100,50,64,59,14,20,35,23,47,86,15,60,56,1,38,11,49,32,41,44,22,41,44,17,3,84,56,66,32,76,76,50,14,63,29,29,46,17,61,20,11,40,90,74,43,76,30,14,93,48,44,41,25,25,0,70,99,92,71,11,58,62,95,86,50,32,78,61,10,92,84,77,6,76,97,74,18,4,33,11,58,98,53,11,62,96,85,37,74,63,34,24,93,45,53,8,62,95,42,55
55,74,78,43,100,94,83,16,37,63,28,86,36,12,19,66,92,72,15,58,21,86,4,1,91,24,45,82,78,46,13,69,8,13,86,22,3,39,18,6,4,68,26,7,70,31,41,99,9,41,22,84,65,95,79,66,23,94,65,39,99,66,86,52,35,34,88,37,5,91,45,84,32,77,71,65,37,54,36,51,5,29,62,10,57,45,56,21,83,76,23,20,100,31,58,52,66,19,49,19
30,99,51,53,86,5,23,43,61,6,35,67,75,35,80,79,68,73,31,6,78,48,32,74,54,12,74,15,72,89,81,41,57,85,78,68,44,4,24,63,18,34,86,1,34,99,61,81,8,33,93,37,96,34,69,24,33,37,17,78,46,67,60,38,5,79,71,11,31,24,90,6,41,70,88,97,49,76,41,27,25,80,86,59,13,27,89,23,90,58,63,64,62,31,22,94,93,99,88,20
76,39,46,66,55,64,42,73,15,87,19,51,89,10,86,2,67,0,29,73,28,28,91,98,79,85,31,18,16,59,62,52,90,77,56,34,13,87,48,83,85,96,26,78,42,24,67,47,69,25,25,93,38,38,73,35,83,98,28,16,25,75,99,42,62,32,2,56,58,13,62,14,48,23,83,88,26,40,60,2,63,29,32,34,41,72,6,66,53,28,1,18,26,81,28,7,53,18,25,15
15,44,71,70,20,72,42,19,63,54,95,27,48,86,66,9,5,18,70,39,95,31,32,25,74,70,67,77,66,19,33,65,8,98,34,13,100,34,28,20,24,86,69,76,88,59,19,46,37,35,62,52,59,39,2,99,94,100,41,5,1,94,54,24,14,45,27,72,66,11,63,66,4,18,45,94,65,87,40,63,30,88,98,22,27,82,69,94,59,50,16,83,56,85,97,27,44,14,92,67
40,3,42,16,96,9,21,46,16,5,72,43,17,73,69,46,95,97,73,90,4,39,45,92,61,16,65,15,17,85,98,87,87,71,39,9,31,10,26,23,50,26,46,30,22,85,21,13,75,20,5,53,71,74,48,19,92,71,35,88,88,67,23,55,1,62,73,40,52,72,24,0,60,26,57,34,41,69,50,97,57,2,81,46,56,25,90,51,3,8,70,35,85,72,81,93,92,3,89,9
67,20,8,88,47,65,23,49,67,78,86,96,22,42,20,98,35,18,28,37,58,8,78,76,53,61,21,54,45,46,25,44,33,77,73,58,31,94,12,86,51,35,58,90,13,55,23,2,0,74,37,63,45,63,38,19,75,24,13,37,97,48,17,91,9,92,13,98,43,17,5,85,0,43,71,5,55,68,88,46,49,78,29,39,20,32,86,74,75,84,25,85,33,53,25,95,63,68,66,81
32,52,81,73,52,27,81,65,23,40,72,15,60,18,36,29,45,25,57,75,85,95,82,55,42,18,6,22,100,50,82,4,90,23,93,65,95,99,79,18,20,39,27,88,35,3,79,78,99,18,81,76,8,3,96,95,99,47,21,9,77,26,94,96,89,84,92,25,37,10,69,86,67,26,50,21,50,0,22,72,38,20,100,18,53,90,15,27,94,22,83,39,17,30,6,95,64,72,36,10
17,86,78,10,60,84,67,15,65,17,8,8,67,35,48,71,19,16,56,75,48,9,22,56,24,34,72,75,46,24,28,27,63,92,62,73,79,24,20,64,44,50,56,78,45,37,40,14,68,99,83,48,63,94,84,46,47,59,57,39,14,49,74,84,23,17,92,50,86,22,93,78,12,41,67,96,88,67,43,20,53,0,62,95,73,84,75,80,72,54,27,40,1,55,5,93,96,8,53,91
74,81,15,83,14,62,77,27,30,7,25,31,38,26,56,61,12,48,41,87,0,77,83,12,63,87,35,76,73,75,97,39,28,56,13,22,84,56,5,34,26,70,17,23,50,36,23,62,90,18,45,76,15,56,73,6,93,86,60,62,41,59,84,62,52,74,91,80,51,78,71,2,2,66,18,86,84,65,37,47,83,19,99,98,26,66,31,32,40,9,54,30,50,36,42,24,98,90,31,16
91,67,85,0,39,88,97,10,36,65,28,16,59,15,55,61,8,96,94,42,18,51,16,57,31,21,35,32,97,52,92,90,20,9,75,9,91,97,13,2,97,12,12,73,7,7,20,66,69,85,67,3,83,54,73,43,89,26,45,77,11,16,55,98,66,41,3,24,29,18,31,13,49,38,6,2,34,93,99,67,6,27,96,84,39,98,20,78,45,20,44,31,63,33,0,72,54,14,64,28
61,88,29,67,26,93,8,74,88,79,17,57,0,38,60,51,85,90,93,37,43,90,93,25,58,54,19,80,49,92,14,42,5,56,3,94,14,13,90,30,55,64,62,83,74,81,86,32,54,3,20,16,12,93,19,56,2,9,85,25,84,95,92,88,62,27,50,52,68,43,35,33,58,35,12,91,14,36,92,81,56,30,69,94,7,98,34,39,43,71,96,59,46,87,93,78,3,70,43,47
36,45,75,57,19,75,63,17,88,44,95,4,8,25,17,68,84,38,86,79,27,1,12,15,0,12,23,13,21,48,35,22,40,2,45,95,4,25,75,71,2,94,46,15,1,74,99,80,62,54,45,41,5,79,64,85,5,28,1,95,12,93,82,18,57,42,48,37,9,23,97,70,22,71,76,87,54,79,27,51,49,2,69,91,8,72,17,65,99,6,48,2,98,74,76,89,57,72,50,65
39,2,25,55,100,72,85,98,70,90,24,56,34,83,88,57,36,25,92,23,38,65,10,82,93,73,82,55,90,80,28,21,23,0,41,3,6,5,37,3,27,75,72,97,50,75,72,42,89,2,13,59,81,85,9,33,57,10,40,51,55,48,92,23,2,40,86,83,36,37,6,98,20,28,62,91,18,11,76,49,21,2,26,100,46,27,66,79,61,0,1,47,37,6,98,7,40,76,14,58
28,38,3,83,58,22,12,39,87,8,12,10,34,0,43,33,55,56,94,61,62,86,68,30,61,73,11,22,18,95,37,95,92,31,55,80,50,56,3,75,14,47,26,12,61,63,53,69,73,0,30,89,68,94,27,17,50,38,61,23,63,22,39,87,22,30,23,60,73,17,20,0,5,71,45,64,81,34,42,96,58,33,39,4,33,39,6,87,2,6,10,79,43,41,17,43,43,9,28,18
31,89,54,9,88,31,15,77,88,81,30,83,36,87,0,46,97,63,68,45,10,55,9,32,49,36,65,59,9,60,97,57,20,50,87,40,31,68,41,55,19,61,37,52,26,5,35,48,75,100,65,4,94,29,79,97,84,0,88,40,5,88,59,63,81,86,58,90,38,25,31,34,19,36,36,17,31,92,93,5,76,66,12,62,30,26,79,87,79,68,7,86,92,54,62,12,33,22,22,90
25,70,52,99,46,72,40,16,66,0,69,2,55,7,20,92,5,76,29,11,17,90,67,11,53,36,72,88,41,74,57,31,70,91,46,21,95,78,22,64,80,50,39,52,51,14,4,12,7,97,14,16,96,64,65,11,85,13,78,18,78,8,89,30,30,43,97,26,63,82,86,72,90,68,20,45,1,57,65,3,11,32,31,64,46,20,34,29,64,31,80,59,99,99,68,53,36,22,8,81
79,95,3,38,25,61,16,42,93,56,73,88,93,47,68,66,67,23,48,78,6,53,52,71,14,11,37,76,5,93,91,86,51,86,64,66,10,28,96,26,1,87,28,86,44,6,55,20,64,30,61,66,43,75,0,36,52,13,38,14,63,86,78,75,10,60,38,29,40,83,81,39,43,55,74,78,73,92,92,0,31,27,80,76,35,68,96,64,73,83,58,47,22,99,14,0,3,64,84,57
51,22,17,80,1,41,6,15,30,46,70,48,18,72,65,58,90,25,98,18,87,16,36,25,57,49,83,96,52,65,17,3,86,4,87,79,4,51,6,48,47,40,41,16,38,93,72,14,55,21,72,22,21,43,94,6,83,77,86,0,1,44,80,14,79,26,51,20,26,55,43,94,47,39,37,2,72,71,99,1,11,66,60,71,33,66,96,32,76,70,12,0,56,31,19,16,7,91,90,9
60,75,46,68,30,14,67,44,84,91,6,67,24,37,76,80,28,2,4,58,86,58,58,45,34,33,88,89,77,39,16,15,51,67,25,54,96,96,78,90,2,1,12,13,8,18,46,10,37,92,73,97,73,55,8,58,10,83,32,57,3,75,60,96,51,1,31,0,84,0,24,33,76,89,0,13,15,0,74,57,74,77,20,40,31,13,52,79,93,60,4,47,100,23,16,50,71,76,44,88
56,74,42,84,15,40,60,95,49,83,52,61,99,89,24,74,60,64,2,26,34,55,20,75,11,37,26,96,76,1,92,27,9,97,21,24,90,30,6,59,16,25,53,47,75,23,39,84,37,94,11,23,51,95,67,73,36,0,66,73,98,23,54,78,35,33,27,69,82,49,70,78,100,62,99,71,49,72,82,89,32,10,35,21,93,65,62,64,100,84,95,89,55,71,91,15,69,6,74,33
20,79,43,29,89,54,75,85,29,95,8,14,74,74,81,57,88,27,38,45,55,66,55,77,23,62,37,70,31,44,68,52,91,63,29,5,82,79,60,8,29,41,18,13,80,36,73,7,76,16,79,15,22,15,78,12,59,99,83,77,81,9,3,70,73,3,68,68,65,16,56,32,55,19,11,11,71,28,79,87,54,39,90,50,92,85,73,59,63,74,66,32,98,40,85,92,84,4,67,58
46,9,62,69,67,24,66,82,72,35,12,70,99,79,47,34,45,42,96,7,72,68,33,23,3,82,20,31,41,68,40,22,88,88,26,10,8,82,16,49,89,4,63,22,67,53,1,58,72,60,88,100,48,23,42,59,42,19,36,36,27,53,9,87,8,30,66,33,89,47,1,54,43,23,77,16,43,36,7,21,73,90,17,9,23,40,73,9,2,75,12,95,5,58,36,36,65,34,39,49
50,92,13,69,15,64,38,100,62,0,39,62,61,43,35,7,13,87,33,8,61,18,11,63,27,89,62,87,9,47,98,26,4,23,28,95,67,35,19,53,52,38,69,90,15,21,70,99,87,70,43,95,86,13,44,49,56,15,9,77,15,19,67,42,73,19,42,32,4,65,77,44,79,85,18,75,39,77,88,30,17,12,66,24,24,72,37,98,38,66,72,28,61,41,39,1,36,62,30,36
36,12,19,71,78,82,85,22,2,45,31,96,28,32,92,9,47,18,36,26,80,10,18,27,97,30,12,43,59,63,31,40,97,24,6,84,72,37,30,90,64,44,20,74,54,100,88,37,82,56,99,10,91,30,11,55,90,30,76,67,8,58,18,67,60,35,91,82,74,20,45,8,41,27,79,37,92,10,69,10,33,79,82,6,68,12,67,26,36,90,0,96,25,12,3,56,4,60,22,4
40,44,96,76,32,11,39,73,30,23,81,37,37,93,75,12,77,41,73,57,33,11,1,49,83,90,91,13,13,72,10,82,53,65,67,24,61,32,4,66,65,74,46,67,92,31,4,33,21,8,96,68,81,89,77,59,12,87,88,69,71,55,18,56,77,82,76,23,58,14,66,21,68,71,76,39,62,14,62,26,11,20,83,19,32,92,9,12,48,41,56,48,53,70,67,77,98,13,41,18
72,28,37,34,55,67,74,0,63,71,98,72,82,79,86,90,16,83,73,96,3,35,16,90,31,92,5,60,97,34,35,1,39,68,42,63,26,65,78,54,50,53,99,47,38,60,48,85,39,78,56,5,35,33,19,74,0,42,89,75,75,22,89,62,17,8,4,67,77,86,64,70,63,71,17,26,39,40,100,29,69,93,84,71,19,18,48,77,73,88,53,96,9,79,25,84,34,72,3,50
23,7,57,86,16,37,81,100,23,85,50,87,47,1,15,51,37,4,39,25,56,50,50,78,32,62,71,27,61,80,27,81,9,93,57,16,2,80,10,27,94,87,94,88,16,46,21,51,81,16,36,66,3,97,85,49,70,2,35,86,11,68,59,20,52,89,9,73,21,96,56,86,8,14,60,36,52,42,49,47,49,78,2,46,18,3,7,65,46,76,84,47,36,32,72,65,44,25,92,39
25,40,90,83,43,51,53,43,77,12,42,3,78,57,7,95,66,45,54,46,11,75,29,92,51,82,26,52,18,84,40,3,12,97,53,21,45,24,0,88,65,90,68,15,81,41,81,93,43,89,0,54,89,98,50,79,11,52,23,44,42,18,50,81,87,76,29,72,58,69,28,44,24,90,19,75,81,39,4,66,91,42,88,98,27,87,63,35,8,55,19,86,71,63,54,35,11,75,64,11
41,21,32,71,25,19,61,65,66,35,85,8,81,79,59,22,42,80,66,23,85,84,84,87,99,22,61,20,72,63,56,66,87,63,94,50,74,58,45,38,40,89,90,87,97,65,74,90,78,73,15,59,85,91,70,94,63,83,97,74,11,43,14,47,21,7,22,7,16,95,60,84,85,99,77,51,37,81,69,14,65,25,50,64,83,90,69,16,41,71,63,57,87,100,29,94,92,77,99,0
67,6,54,78,86,84,80,7,34,7,86,18,92,43,13,96,79,25,49,87,41,14,0,36,35,18,38,36,5,89,55,32,49,8,75,5,12,27,66,14,94,31,88,95,70,100,65,54,19,95,20,66,31,42,33,72,68,11,39,80,31,90,9,14,85,21,13,41,70,74,69,24,94,99,57,76,27,99,37,87,56,53,63,3,79,72,10,32,34,35,85,75,44,13,13,55,37,46,50,60
46,25,51,6,47,86,84,79,57,2,79,42,13,39,49,91,36,51,44,51,75,99,23,83,7,16,38,77,66,25,49,11,12,49,35,74,82,42,25,62,58,97,70,51,25,21,82,10,99,92,41,25,37,57,0,83,69,61,34,41,47,99,62,50,0,54,23,72,73,21,57,54,24,3,94,57,0,29,42,50,38,19,42,86,39,61,42,83,19,83,45,32,52,14,34,38,42,23,20,59
58,66,13,65,91,48,42,59,82,59,54,28,52,8,46,47,73,74,94,77,29,55,23,78,50,65,25,34,25,6,30,80,34,100,88,65,34,36,89,73,80,22,55,43,0,16,70,62,53,16,91,14,88,89,29,8,1,68,25,56,22,55,97,2,13,33,32,27,49,83,61,34,19,57,82,75,7,92,22,6,71,37,77,76,48,39,20,71,98,74,47,25,61,82,64,45,48,36,40,10
15,51,49,75,9,35,58,22,38,27,50,32,20,99,65,16,10,27,54,49,87,15,35,16,32,17,68,10,69,39,7,58,64,94,57,49,70,63,17,10,37,66,40,75,45,45,49,93,11,50,1,9,37,29,91,3,86,54,15,33,32,72,61,52,1,29,78,85,61,14,58,81,47,18,81,11,88,46,84,95,65,75,78,98,43,53,42,7,7,33,88,73,7,74,18,36,6,88,75,7
47,9,40,5,60,3,16,73,75,21,40,95,49,84,6,70,79,98,46,29,29,17,74,41,16,30,90,87,7,35,77,99,75,93,58,67,82,38,95,64,46,18,28,30,1,36,30,28,40,93,34,79,4,60,74,64,96,52,76,96,19,18,42,89,47,6,52,16,56,81,51,21,15,36,13,26,49,81,30,48,4,28,36,32,42,52,75,46,49,20,95,47,97,26,40,85,34,54,6,38
27,24,27,40,81,37,98,33,19,64,70,73,2,15,71,24,19,74,19,32,59,32,76,22,100,100,93,41,1,19,68,9,63,10,56,53,95,61,61,68,1,62,69,95,71,34,31,77,24,96,38,72,34,52,73,97,13,7,21,44,4,55,31,67,8,65,38,83,36,58,91,13,10,97,36,45,91,39,15,29,73,28,67,23,53,24,77,67,5,8,88,60,22,24,63,53,16,35,22,28
95,12,28,29,58,97,87,69,5,30,1,69,19,71,30,62,48,30,23,22,14,76,8,82,97,94,12,29,13,99,71,4,62,30,17,41,35,97,59,2,12,14,96,4,47,78,72,5,67,73,61,14,27,23,15,76,64,35,7,28,4,87,20,71,9,90,68,36,70,34,63,8,92,47,29,48,91,41,97,37,35,98,100,31,3,62,36,94,32,66,35,66,54,58,63,90,89,100,2,58
91,21,99,97,21,25,77,74,83,29,48,84,89,72,49,23,14,61,42,18,93,24,81,83,86,73,10,76,21,84,50,96,13,61,42,24,23,80,5,53,96,31,73,64,46,89,80,40,83,39,32,84,53,56,46,53,2,56,12,72,23,84,22,68,76,30,40,83,9,59,40,50,62,69,81,25,61,31,55,33,24,79,36,64,85,17,44,89,67,29,20,49,41,5,61,37,69,60,86,88
8,34,100,96,29,31,69,80,11,56,21,63,79,39,30,46,99,98,62,44,14,49,75,42,64,30,4,96,86,5,20,56,48,93,97,34,92,41,26,0,44,58,80,39,90,59,46,57,46,78,25,71,26,61,38,82,20,63,87,65,31,33,88,4,84,41,97,85,87,73,72,82,58,3,29,38,51,27,41,21,52,67,57,51,98,93,86,76,42,14,13,16,40,18,64,23,8,66,45,44
74,52,82,74,47,0,96,60,38,59,71,70,76,55,61,86,45,10,98,88,36,80,96,57,64,64,84,15,79,9,55,80,88,90,56,58,80,25,75,26,54,86,61,24,38,55,22,68,2,50,90,64,21,58,70,59,72,2,41,20,76,97,23,6,7,1,36,6,33,28,20,24,58,42,36,81,33,3,66,79,24,65,10,56,86,9,49,99,61,17,97,17,77,73,49,98,48,4,0,34
90,61,88,18,89,74,83,52,92,38,20,29,15,27,42,13,72,70,73,39,42,88,1,24,86,46,56,45,49,48,48,60,15,33,2,9,35,98,45,5,13,88,78,53,73,4,60,90,7,54,29,3,76,26,8,23,28,8,15,94,77,80,24,38,31,58,76,34,92,70,29,42,45,95,14,70,47,43,93,18,22,53,87,13,97,4,93,72,38,37,88,4,14,74,9,53,74,0,41,71
70,41,99,34,20,73,87,43,96,60,35,50,92,58,1,87,26,99,58,31,36,24,73,99,20,45,44,65,59,77,81,69,55,16,37,19,21,35,11,63,12,68,41,61,89,49,65,34,85,88,69,15,12,10,8,45,99,56,70,62,89,33,7,32,84,37,15,9,62,8,38,35,40,93,90,15,22,52,5,16,28,22,62,35,46,71,76,60,98,11,1,10,32,84,16,90,90,48,89,45
78,84,17,29,17,55,73,89,72,10,84,34,86,92,74,45,46,93,19,88,92,96,85,91,100,87,37,56,67,97,64,85,83,3,99,41,7,46,91,45,12,96,72,69,95,57,54,33,79,42,79,55,69,93,0,95,86,35,62,36,10,16,91,22,96,72,49,1,45,82,73,91,65,53,13,72,23,77,44,16,59,86,86,44,8,37,32,53,66,57,40,42,60,98,64,83,76,87,61,49
47,65,88,91,56,45,87,25,92,15,92,15,77,28,55,58,7,40,76,9,79,12,40,80,2,58,91,14,69,76,5,59,63,14,72,36,81,57,23,28,51,52,61,54,12,18,72,95,47,6,21,88,32,10,64,73,20,40,90,50,78,11,75,89,49,14,60,47,25,84,87,26,28,30,35,60,65,54,25,82,16,43,27,63,33,99,82,76,5,46,100,0,95,45,20,12,10,73,5,83
73,74,2,70,16,7,57,90,19,69,12,79,24,2,34,43,17,10,2,71,14,9,2,95,45,80,65,84,33,72,86,98,1,73,22,28,12,26,81,34,81,46,21,67,74,37,48,29,64,8,16,40,29,59,65,61,82,15,96,1,46,83,70,96,65,44,49,90,43,63,61,27,85,86,6,61,63,28,1,37,61,9,94,33,40,46,94,47,26,41,20,67,68,98,28,52,42,72,43,34
12,46,14,80,72,5,75,18,88,7,58,61,26,91,15,3,97,88,55,25,78,96,9,47,71,0,26,81,71,3,18,84,35,6,38,8,34,88,30,67,43,33,1,9,10,47,44,10,13,46,55,1,75,83,6,55,70,47,75,4,30,62,42,15,62,29,81,40,50,70,62,43,50,86,87,86,74,83,44,63,21,14,84,40,11,23,97,52,81,64,93,85,61,54,40,3,52,7,82,86
84,44,27,86,87,63,48,96,59,67,6,49,81,26,5,31,94,54,27,29,53,47,55,92,8,93,77,49,38,36,39,94,86,8,18,11,73,55,82,49,51,86,87,27,52,83,34,80,42,79,75,56,47,2,85,34,56,53,78,32,71,21,26,23,59,41,54,77,96,23,97,94,37,3,92,7,79,67,63,68,71,77,17,83,71,27,50,66,97,7,59,25,99,17,75,59,82,78,63,5
35,85,74,95,53,8,18,42,3,26,52,35,13,94,52,28,31,40,1,37,77,97,28,73,54,25,15,3,15,74,79,66,80,1,44,11,94,21,39,49,74,21,80,99,39,12,59,12,79,30,45,37,17,73,90,26,10,7,54,23,27,43,46,68,38,41,89,97,4,40,70,9,53,50,86,58,75,80,15,69,55,45,56,79,93,53,68,10,95,55,36,55,71,47,83,57,41,1,45,2
19,78,68,2,80,24,76,100,8,37,35,20,86,5,60,43,94,5,71,90,97,14,53,83,93,76,53,78,57,45,25,94,94,13,7,96,16,58,66,19,52,87,0,24,70,29,16,89,60,90,8,2,25,62,46,54,45,81,25,37,26,80,67,0,0,59,32,4,25,8,96,91,54,43,56,42,65,19,27,91,79,22,53,79,53,37,54,25,26,34,5,31,74,49,32,32,81,18,54,20
12,5,52,54,44,91,62,29,39,1,70,96,46,99,92,27,25,29,25,43,62,52,0,27,7,75,48,92,17,24,29,7,51,32,34,84,31,97,20,14,45,16,5,30,44,44,19,76,29,19,69,86,8,61,40,66,9,39,49,97,19,95,61,87,99,66,9,98,18,38,28,97,15,31,60,78,82,2,67,72,32,33,79,30,89,64,40,67,75,100,6,71,1,64,3,71,90,42,46,44
74,66,66,4,90,95,67,91,69,69,17,56,10,24,59,31,26,24,42,34,87,54,80,4,83,69,0,92,12,91,9,25,90,63,37,50,54,16,53,10,85,27,100,73,12,87,96,46,26,47,46,39,76,16,80,89,23,17,9,67,95,67,95,92,3,77,60,37,19,35,73,53,63,11,65,93,8,16,22,70,22,91,34,95,1,36,48,57,23,53,42,82,34,11,78,86,27,53,53,16
72,94,93,70,68,35,78,80,23,29,83,47,36,85,4,19,68,86,41,93,85,38,65,26,19,15,10,34,55,16,19,2,70,70,54,8,86,53,54,20,80,35,98,4,27,10,16,57,89,1,65,84,62,28,68,27,50,89,76,78,72,64,90,46,70,45,22,58,100,89,75,46,7,71,66,3,63,2,24,41,97,22,36,10,54,52,54,35,9,77,40,66,68,4,63,62,28,96,27,29
58,22,35,76,92,34,80,93,36,26,97,61,79,2,19,88,62,30,14,42,4,1,81,58,76,3,76,3,5,49,22,29,41,68,60,74,93,32,45,19,6,63,30,62,80,22,42,0,87,56,100,73,69,7,38,18,4,3,99,13,70,48,69,86,73,35,11,84,99,31,53,4,4,6,57,48,21,4,9,55,17,66,12,28,73,92,15,76,66,37,54,22,90,43,81,51,27,77,48,38
37,37,30,25,9,22,76,60,29,43,20,13,100,24,22,30,90,86,97,84,90,6,49,52,75,27,60,100,59,87,52,83,47,5,91,19,19,12,29,69,17,49,32,83,80,26,74,55,13,9,24,64,92,70,43,30,64,40,34,47,91,11,56,57,69,41,34,48,29,88,32,10,43,52,44,21,97,67,77,8,88,16,94,65,44,0,22,100,99,32,46,6,20,41,38,81,51,33,38,8
70,7,21,68,56,70,4,30,22,55,92,46,89,57,50,51,42,82,30,18,30,19,32,13,87,81,16,34,28,16,61,60,62,50,65,9,60,78,78,23,12,57,77,95,72,61,97,33,33,61,78,96,23,12,38,64,93,56,45,83,36,43,95,62,25,36,84,23,9,16,19,11,54,44,6,37,8,23,71,32,2,14,57,50,31,36,92,74,91,96,32,48,20,96,85,32,42,64,21,36
22,95,48,97,40,81,96,70,27,77,34,5,85,24,21,0,5,66,61,81,49,35,54,74,86,82,91,82,72,88,86,84,19,89,75,44,8,60,69,4,30,44,60,73,45,29,55,38,93,83,48,9,34,32,93,87,39,23,44,2,52,87,8,48,96,36,53,37,50,97,21,26,32,14,17,93,86,26,87,70,26,98,100,39,23,97,63,7,65,94,31,2,23,36,79,7,81,90,43,92
96,73,10,82,49,6,28,21,90,38,37,83,92,100,5,46,51,76,88,51,51,62,34,11,55,94,89,14,67,86,91,9,14,21,19,42,96,70,100,63,10,46,59,65,58,80,100,76,53,21,6,22,66,9,23,97,55,7,22,36,15,74,33,26,33,51,55,32,72,28,21,19,48,53,31,13,14,90,7,92,56,20,14,33,38,88,22,35,7,92,29,93,54,70,61,9,38,47,10,1
50,17,51,11,100,67,78,50,48,75,52,42,98,20,21,87,41,39,39,16,40,100,13,48,23,4,52,53,91,47,18,83,45,75,62,19,44,39,30,90,44,51,51,27,93,62,88,54,7,44,13,36,12,50,5,92,55,31,12,19,53,95,44,50,26,33,79,76,22,52,82,26,91,77,39,23,26,95,7,54,2,12,71,55,46,29,17,40,88,91,22,20,23,42,22,19,32,2,35,23
42,90,2,43,95,30,77,73,71,80,65,14,57,1,61,31,86,61,19,16,99,70,42,42,30,68,60,79,76,22,13,8,90,26,85,16,22,27,11,55,80,48,98,76,20,59,99,17,64,94,40,6,50,72,8,95,53,70,18,58,31,73,34,44,26,78,56,12,97,97,12,73,23,1,47,72,99,89,83,17,48,48,65,49,16,27,94,7,72,86,29,18,57,56,14,79,46,25,12,28
16,23,96,55,98,8,2,52,65,75,67,93,16,67,84,12,17,39,30,16,76,97,88,68,49,52,41,1,19,2,16,58,10,21,4,29,41,8,19,14,11,66,11,95,18,75,70,15,94,91,31,44,47,23,15,23,29,58,9,25,19,92,19,77,6,54,76,90,74,59,17,44,26,81,49,40,86,21,13,23,7,4,35,98,72,0,67,100,73,67,86,85,68,93,43,16,11,16,25,41
20,70,46,82,27,2,92,29,84,57,79,71,53,93,2,78,97,89,77,68,83,93,100,1,49,89,17,67,84,90,40,82,27,94,77,55,0,67,1,69,80,36,58,97,64,6,56,23,97,73,9,12,0,18,76,87,81,46,33,46,23,37,44,40,34,19,58,35,21,51,67,19,50,7,87,86,26,28,41,25,36,52,92,37,42,53,95,18,73,75,78,65,57,3,0,71,33,94,87,1
27,48,87,90,65,27,66,48,35,9,23,12,63,71,59,12,59,98,47,39,28,34,40,46,31,3,19,0,31,28,8,26,80,11,41,8,43,29,91,34,44,21,49,0,80,98,98,21,51,89,85,82,2,92,35,70,38,95,13,74,32,51,78,96,66,83,34,8,54,87,6,98,25,24,58,79,6,81,79,67,66,2,8,21,87,64,1,4,45,58,98,27,43,7,19,93,79,91,60,65
73,95,70,56,94,29,48,57,76,23,93,48,85,24,85,61,41,88,48,33,93,58,60,61,0,19,24,55,100,54,71,90,58,6,91,93,80,41,76,13,12,15,78,70,1,94,90,68,58,21,9,10,39,12,71,66,13,23,17,59,44,100,73,90,60,37,51,14,62,51,26,97,14,31,67,59,35,41,26,64,82,84,2,15,76,26,70,32,47,47,44,29,31,68,94,79,62,77,84,48
2,28,60,9,10,45,45,43,52,69,9,42,34,11,38,34,90,74,28,23,53,96,97,90,10,28,33,6,43,93,12,64,87,17,11,89,1,4,97,97,67,27,95,26,1,24,37,24,71,30,46,73,19,39,51,54,50,0,58,72,15,25,90,40,61,65,50,60,70,64,5,22,30,72,62,18,37,76,8,45,52,79,86,32,21,39,37,19,94,99,97,91,91,32,24,5,96,86,86,99
73,94,35,1,30,73,29,88,96,5,0,67,22,35,51,92,66,9,45,76,41,72,99,47,73,50,28,6,67,36,7,43,17,30,13,71,24,64,51,46,17,79,44,20,41,54,48,98,46,71,5,60,31,29,94,30,61,22,92,79,83,20,21,14,87,97,23,24,26,64,48,81,61,61,86,69,68,67,19,24,66,12,29,41,82,87,100,86,42,80,74,19,91,36,62,30,97,56,89,46
79,42,42,83,16,6,71,69,80,46,96,16,17,57,27,67,75,61,52,61,28,40,21,84,75,2,31,41,94,41,68,89,95,96,87,9,42,66,52,9,25,9,97,96,57,78,33,2,2,46,1,98,79,96,10,70,97,3,50,100,45,64,59,0,76,58,2,18,89,80,30,99,82,43,86,46,3,19,24,58,60,11,29,32,98,21,12,80,44,3,21,56,84,23,52,36,47,14,61,31
21,66,69,100,2,3,13,28,32,77,96,70,91,28,73,83,42,66,79,23,74,10,100,10,51,27,84,4,95,86,11,2,5,39,50,82,34,67,75,46,1,92,18,68,55,62,94,17,65,58,96,59,67,35,97,94,5,91,26,40,45,72,97,14,85,88,91,77,68,12,2,69,31,26,40,52,50,28,11,77,42,71,90,81,77,29,32,36,99,78,56,0,38,89,31,40,66,50,15,89