40,36,54,79,12,76,45,60,86,96,34,61,66,71,24,61,66,42,49,23,90,11,62,31,31,94,63,19,73,13,67,58,58,35,3,53,51,53,51,90,49,55,54,2,61,34,72,5,64,94,69,32,30,52,20,32,62,19,82,4,78,52,57,5,97,98,19,19,63,80,79,85,41,41,63,14,28,74,82,40,41,46,65,95,55,54,61,91,16,71,26,44,59,67,3,89,6,94,37,77
20,29,63,32,29,23,88,61,22,53,43,86,24,14,34,23,96,97,14,44,59,31,87,3,19,81,82,47,49,68,63,25,27,92,79,49,93,56,55,75,97,53,76,59,42,47,68,28,70,36,78,20,55,13,0,83,22,16,38,43,67,4,32,8,20,50,37,54,40,83,13,88,93,89,90,2,45,47,47,31,28,66,88,7,16,48,97,9,20,21,13,8,12,60,30,38,61,57,32,73
14,94,50,66,98,98,26,70,35,85,86,9,66,14,19,37,19,13,37,1,17,19,0,50,1,30,25,48,35,62,18,51,18,24,44,88,30,33,72,28,37,96,46,73,55,40,37,10,42,97,65,69,100,43,10,36,26,23,91,85,61,11,65,48,20,42,46,11,46,38,68,58,21,81,97,17,28,97,61,0,68,98,99,88,34,23,11,41,23,36,53,38,89,24,96,98,80,95,11,32
69,14,18,93,60,33,4,89,3,100,84,79,39,89,14,82,18,77,9,32,35,82,71,43,61,14,2,33,14,51,77,60,65,22,47,100,20,10,64,52,27,97,20,83,10,47,79,44,49,94,73,76,72,48,50,86,95,63,39,38,68,72,37,59,49,92,20,96,61,22,89,23,20,46,83,5,15,67,57,22,71,85,18,17,51,43,84,22,56,17,70,83,11,41,82,86,77,31,18,74
35,38,96,51,53,5,69,5,37,42,0,53,44,71,17,77,86,72,20,66,44,39,17,62,70,14,53,90,47,90,7,97,10,47,1,53,84,18,13,10,31,26,70,59,15,5,53,59,73,49,68,81,67,10,33,90,8,38,58,55,28,25,59,73,38,3,76,94,55,83,100,17,25,91,67,60,8,60,9,95,3,94,68,81,95,50,53,97,27,67,20,40,4,100,37,57,79,91,0,6
28,39,46,23,94,65,8,64,36,16,3,83,72,34,87,15,1,54,0,93,45,1,2,84,43,54,15,33,72,53,58,35,3,25,66,74,54,53,76,80,17,81,17,81,90,15,66,10,66,69,17,73,23,34,65,0,55,25,17,46,98,94,58,63,86,64,32,29,8,22,33,68,59,49,71,54,46,6,62,15,47,77,54,85,15,52,76,100,8,85,3,91,5,18,36,89,2,53,46,44
92,34,42,15,96,45,57,100,54,94,8,81,15,76,92,25,42,90,60,53,68,76,99,27,7,12,36,43,26,26,40,84,9,79,76,12,33,15,11,63,92,71,14,10,40,10,12,19,1,26,59,36,0,22,38,79,8,12,38,43,31,35,95,5,34,40,18,44,51,26,67,76,29,17,44,98,15,94,5,87,37,34,30,0,68,81,24,47,14,20,77,34,54,68,39,82,12,63,40,17
70,32,76,17,2,74,33,71,29,64,87,78,41,58,84,33,17,32,11,31,76,18,76,31,49,45,85,69,57,3,22,38,81,40,73,95,38,31,77,62,12,69,59,24,45,15,25,61,90,31,1,53,97,70,40,57,4,8,32,56,71,93,67,17,84,77,47,98,63,81,19,17,16,41,0,27,60,79,38,44,4,56,34,8,97,97,33,37,33,26,12,33,12,39,46,43,82,81,93,86
54,75,18,3,75,19,16,57,43,17,78,50,84,50,19,8,66,37,72,97,98,88,33,91,63,41,37,85,93,83,41,37,33,44,75,98,76,69,3,93,60,97,34,32,47,10,100,21,72,47,49,52,61,82,31,58,60,34,83,58,68,35,38,59,1,94,50,92,33,94,83,48,51,87,94,45,66,72,83,2,8,32,87,96,64,63,60,97,81,12,30,13,44,19,68,64,5,30,97,40
94,26,42,4,24,32,11,65,74,7,52,0,3,12,12,92,14,89,90,19,63,100,14,79,30,34,5,39,79,95,26,58,60,10,43,18,30,28,38,80,51,52,99,6,49,98,100,20,43,18,64,3,40,38,22,82,37,15,21,34,32,75,100,8,39,58,50,14,57,8,6,80,22,74,29,88,86,52,46,22,84,9,56,11,68,45,30,31,1,71,18,51,13,0,85,87,64,44,88,20
55,29,20,26,3,96,3,82,26,26,24,36,51,65,45,44,93,67,70,31,66,72,84,50,15,86,89,81,82,92,6,74,94,55,35,55,57,29,92,49,88,10,39,91,5,85,57,47,21,57,44,86,37,69,13,12,39,7,49,50,64,79,0,60,74,87,1,41,43,41,56,40,20,29,20,76,17,71,98,77,91,17,48,40,53,48,18,10,94,55,26,63,73,42,20,45,31,88,80,62
19,24,43,88,21,70,2,22,33,13,21,41,96,77,23,77,88,61,91,49,30,18,71,94,88,94,18,1,37,50,42,39,4,74,37,54,92,72,0,77,26,26,43,27,99,86,63,92,63,98,57,54,35,89,81,32,48,21,34,88,39,83,69,86,20,39,11,0,68,29,23,69,43,92,40,1,45,98,22,3,33,30,63,30,3,40,27,69,34,19,29,54,100,20,51,80,70,79,74,21
47,96,6,8,87,100,81,14,59,52,7,18,88,33,77,2,51,30,43,59,21,93,23,46,62,39,7,69,14,2,2,69,92,81,66,4,84,28,2,56,58,10,79,52,72,48,93,30,32,23,57,20,18,55,49,22,78,45,75,27,54,86,100,23,45,97,20,73,2,75,48,96,87,45,67,19,45,17,27,2,47,70,76,80,18,58,59,77,56,43,37,47,68,48,87,93,74,8,1,34
23,100,92,59,39,11,62,7,93,41,67,85,50,48,11,73,9,71,42,33,6,20,90,61,69,69,37,88,43,40,13,97,25,36,47,47,52,12,15,76,48,3,46,78,93,83,80,77,58,34,79,53,98,33,45,20,35,48,81,49,62,38,55,24,70,50,60,62,86,96,10,85,65,70,48,48,95,62,69,34,100,31,42,31,14,71,65,91,5,0,28,66,12,1,23,95,78,85,15,90
86,95,5,30,90,92,83,96,92,93,0,5,28,65,94,25,22,14,74,76,29,78,48,16,30,68,35,24,79,38,41,65,52,60,92,59,72,11,1,76,12,92,89,11,5,70,31,16,78,88,14,2,16,91,47,95,24,83,30,33,11,88,47,91,98,94,89,40,31,41,48,23,88,38,25,51,96,47,5,2,84,92,56,57,63,57,59,51,81,87,0,78,71,7,30,90,65,80,58,27
66,96,37,48,27,10,6,65,86,68,100,24,44,34,82,0,4,90,37,100,31,93,88,59,48,94,44,69,39,56,15,28,92,88,21,38,61,18,71,88,77,19,82,73,13,69,62,80,81,52,23,70,44,27,55,74,94,85,29,84,88,39,44,61,19,63,30,73,57,23,67,24,95,36,13,28,23,21,51,12,62,55,30,18,44,54,23,32,72,96,85,22,90,78,27,100,56,7,25,73
43,24,57,32,98,70,26,1,3,35,12,23,9,10,37,86,69,54,50,73,46,2,1,72,0,98,69,1,4,4,86,63,37,43,43,12,58,78,78,98,1,62,79,21,39,81,48,87,82,19,76,78,54,80,69,26,17,18,30,90,13,76,22,54,79,1,76,28,7,67,60,31,41,37,5,72,48,30,84,7,53,7,81,84,72,48,37,21,43,91,21,87,98,67,12,54,4,12,65,73
75,69,74,46,51,77,51,9,81,1,10,24,55,55,62,60,82,93,96,89,83,32,46,41,51,56,9,46,1,35,40,16,75,63,31,59,0,53,44,70,1,42,5,71,25,62,93,64,7,10,46,16,58,17,33,75,82,38,1,97,26,36,42,42,89,0,47,0,66,4,27,70,98,24,54,15,66,39,5,9,74,33,10,13,31,47,98,10,35,80,71,99,0,72,1,73,0,41,70,72
44,20,6,74,97,13,77,66,81,98,35,99,27,64,52,27,79,99,44,70,5,42,13,29,33,36,95,13,92,13,85,60,28,36,37,38,73,55,29,36,34,60,45,1,87,70,76,46,25,41,91,17,35,17,33,79,27,39,53,70,80,55,78,71,11,13,62,63,46,30,78,72,87,93,0,64,30,86,62,68,3,12,70,2,88,19,33,3,0,24,66,88,76,45,59,57,57,11,47,53
50,9,68,34,18,36,14,83,5,80,14,99,25,66,38,80,23,17,70,61,43,81,47,6,84,46,83,84,66,62,74,9,47,100,57,27,47,21,89,0,8,58,46,38,30,70,51,45,19,11,8,69,54,65,54,21,4,60,9,88,55,100,30,38,87,49,12,16,15,18,23,29,6,9,87,48,37,37,63,85,30,99,99,10,89,20,14,98,100,94,1,0,33,29,79,98,38,44,82,100
44,95,26,36,79,44,36,15,11,8,50,1,25,93,64,67,84,73,55,19,46,91,64,50,73,85,15,47,79,97,86,6,84,10,67,32,3,25,62,13,71,8,54,9,91,51,33,11,78,47,95,21,63,98,31,8,83,64,55,54,90,83,2,75,51,59,34,30,15,75,53,0,24,89,76,87,73,34,45,92,3,46,49,96,84,32,45,28,4,8,62,51,6,79,22,47,39,97,41,58
14,83,56,95,18,59,60,27,50,59,88,30,6,64,42,22,70,73,39,27,26,44,35,30,43,66,42,15,18,25,72,12,7,52,31,97,79,31,98,4,45,34,66,65,34,46,45,46,100,24,30,38,36,51,80,71,32,63,34,92,58,2,67,25,26,78,43,11,77,28,16,15,18,62,50,96,62,70,74,2,79,55,29,75,43,19,7,11,23,20,35,54,78,41,100,52,95,55,77,72
58,34,15,85,67,34,86,46,70,35,26,35,50,93,1,72,91,81,81,69,56,48,8,4,30,59,19,77,1,88,2,8,97,58,20,8,63,37,61,39,82,78,34,91,9,32,36,39,51,13,71,16,62,29,53,67,33,13,83,33,4,10,91,16,31,19,27,15,39,25,20,66,60,80,32,95,85,37,67,97,0,60,52,26,76,70,32,10,98,69,34,1,65,33,73,64,78,67,53,43
95,41,57,63,83,95,37,0,39,2,22,82,19,79,73,24,9,69,2,29,91,74,1,97,28,84,44,2,83,56,63,86,99,46,49,42,1,76,3,0,69,97,73,28,7,58,21,38,36,2,17,35,96,94,30,15,43,37,20,83,87,8,21,11,59,98,12,97,17,79,100,50,58,7,64,55,27,81,93,40,65,94,41,79,76,67,15,69,91,49,53,75,28,8,51,37,31,33,56,9
49,67,7,9,36,27,33,2,20,53,73,61,95,0,58,99,49,11,58,40,12,67,87,20,1,21,34,4,18,54,50,14,42,98,62,74,23,87,3,68,28,87,17,52,1,77,39,2,11,73,39,53,38,98,76,79,96,27,82,98,83,25,55,91,73,75,52,36,42,70,55,17,25,27,67,25,52,98,56,57,41,13,85,26,80,85,73,50,8,42,9,16,93,8,8,14,36,5,65,86
78,2,66,49,22,67,0,63,94,19,6,59,91,97,33,15,9,76,76,69,30,85,19,97,52,20,10,40,43,47,26,31,19,7,30,52,89,49,16,25,46,44,21,11,84,9,54,77,48,66,47,95,88,24,7,9,71,15,70,21,16,23,51,94,24,77,16,89,44,40,80,79,21,87,25,5,84,96,27,65,69,22,8,76,85,96,69,78,0,34,68,65,37,24,81,13,51,85,6,26
41,11,6,74,94,81,21,65,88,59,55,17,14,89,87,51,36,93,69,3,25,58,31,90,16,48,44,65,93,47,65,85,50,39,45,21,17,79,54,31,10,24,50,46,6,19,59,5,11,73,62,24,95,18,81,85,78,88,85,73,75,19,71,62,23,24,70,2,23,94,77,97,67,19,58,65,40,28,47,31,38,7,9,73,69,40,76,34,75,63,34,99,91,1,51,87,40,73,97,39
21,99,74,84,21,79,19,0,13,72,8,93,95,48,93,5,49,40,15,61,53,48,62,6,56,67,44,17,48,68,14,89,96,0,86,100,53,14,37,81,40,17,18,93,29,63,99,27,86,49,74,65,28,61,46,68,20,57,40,99,68,5,3,85,85,70,95,19,6,42,21,68,56,17,39,76,94,68,44,14,83,43,74,78,43,18,21,87,62,72,68,60,87,59,64,29,40,43,94,22
27,65,52,37,86,35,77,94,17,97,95,98,84,37,84,9,93,29,88,32,36,36,26,45,67,60,84,20,98,67,29,86,100,26,7,25,34,74,1,76,96,10,36,12,74,81,29,14,87,86,7,6,100,88,48,23,95,63,73,76,5,76,95,49,46,13,85,95,33,79,98,41,57,83,54,37,14,38,31,2,30,83,16,62,7,99,11,66,7,31,83,98,35,88,98,83,95,66,73,25
29,27,84,78,60,95,1,28,70,97,75,75,11,41,49,71,52,67,76,91,56,63,32,50,34,67,43,78,59,3,32,94,45,74,58,64,6,30,81,77,95,52,54,13,17,50,85,18,75,97,86,82,29,70,78,21,67,53,48,64,82,64,58,28,94,93,14,59,99,6,35,94,33,50,4,38,63,17,26,60,31,72,96,61,10,13,76,68,98,40,9,55,36,3,95,30,94,17,37,64
82,24,89,99,4,2,23,27,2,57,48,4,75,51,12,36,4,61,97,35,14,31,54,26,38,82,21,93,47,75,99,97,14,46,7,94,62,0,82,21,96,60,14,22,9,30,11,77,28,9,42,46,33,19,88,92,65,60,98,87,82,35,81,51,67,95,69,68,1,9,84,71,41,40,68,58,83,14,17,8,92,41,8,32,62,69,6,16,99,1,1,30,26,83,6,2,81,55,64,62
30,23,61,81,35,8,38,40,2,94,31,80,49,88,18,11,51,51,79,20,31,26,13,44,38,68,72,64,23,34,9,68,82,66,62,48,78,64,63,41,3,89,11,13,31,89,8,60,26,61,53,43,79,35,63,41,84,21,34,71,95,13,10,72,10,67,100,26,12,92,99,84,99,75,23,12,39,52,69,52,95,87,13,58,27,37,79,54,52,26,76,25,18,92,9,16,32,85,40,6
93,90,39,20,14,52,22,76,75,82,19,73,36,39,7,8,36,28,35,74,71,49,29,11,17,100,85,21,3,3,2,53,31,90,6,62,24,62,77,24,37,69,81,7,54,35,5,47,74,39,10,69,54,71,83,50,28,47,55,52,89,46,6,62,93,84,2,1,18,5,74,83,14,45,63,8,6,50,30,63,2,6,95,71,1,33,85,95,7,83,23,1,95,30,9,10,21,76,75,38
70,81,55,55,7,48,20,70,100,60,31,11,51,70,84,82,92,91,88,47,51,14,62,20,44,85,3,40,4,25,36,31,4,86,59,51,78,6,57,58,0,57,12,83,92,58,50,77,17,17,79,1,40,57,22,32,32,22,9,60,45,96,13,85,21,53,14,53,49,33,51,46,54,7,68,94,27,3,80,85,65,15,18,61,44,93,50,74,78,38,61,52,53,54,11,97,87,78,69,73
72,88,27,71,39,65,19,3,100,28,57,7,37,65,0,94,24,58,43,80,34,72,1,71,43,100,58,71,30,71,92,9,17,98,11,75,4,84,13,83,64,74,10,76,27,28,35,45,3,74,98,23,54,7,14,65,23,3,85,74,96,16,3,83,99,18,22,60,11,94,99,44,10,62,95,46,59,75,57,54,70,18,11,82,52,90,28,43,69,48,17,99,13,15,44,75,87,44,67,84
8,46,77,76,91,52,85,75,80,100,74,69,75,11,14,33,7,57,51,6,82,8,88,57,73,56,17,43,24,21,38,0,14,94,55,79,26,43,3,40,65,79,97,64,27,3,42,42,93,71,51,100,30,16,60,60,61,94,26,53,68,29,52,22,55,5,56,78,61,45,8,48,14,31,46,16,82,34,10,31,49,72,8,48,67,28,22,28,44,50,95,88,16,38,25,44,34,12,93,77
71,60,39,16,95,39,24,98,36,9,78,2,89,84,56,25,38,17,88,74,89,47,94,15,92,4,68,88,43,53,88,26,88,52,88,98,75,39,7,3,10,99,90,73,69,23,31,80,64,67,4,73,81,15,91,32,34,2,84,98,67,21,73,65,57,44,66,97,75,74,4,9,79,60,72,1,69,82,86,82,89,76,85,9,79,53,43,3,86,18,69,64,7,32,7,81,43,65,62,59
75,63,2,53,1,76,35,51,92,57,72,4,31,31,55,0,22,47,17,69,36,87,96,30,1,10,24,23,98,41,43,88,53,48,86,56,55,21,47,66,69,76,51,53,89,15,6,28,41,39,93,9,74,21,5,11,32,91,81,79,77,44,16,62,37,5,63,89,15,28,34,91,2,66,31,78,95,24,13,79,93,41,14,30,12,9,31,36,68,18,24,62,35,11,25,76,19,95,54,30
89,64,99,84,30,28,11,93,86,48,89,9,5,63,77,38,71,18,22,79,47,1,90,68,41,46,17,64,27,43,59,67,18,39,38,57,1,27,85,90,9,82,31,56,18,66,57,89,90,97,89,2,43,57,57,78,38,31,31,90,33,16,33,75,77,45,28,98,93,34,95,16,37,46,24,60,24,24,45,13,2,50,20,99,37,74,18,75,42,21,14,63,1,62,27,98,53,17,28,22
2,91,54,10,42,69,92,33,40,8,96,2,24,80,62,24,17,88,58,0,66,81,48,63,43,16,72,2,59,0,22,68,24,19,2,56,32,80,48,74,27,74,45,68,89,57,75,86,29,45,35,46,34,5,8,57,75,5,71,86,39,83,69,57,100,38,49,25,87,81,94,29,37,36,3,67,14,18,82,94,88,59,20,20,48,67,100,96,61,87,85,7,8,2,25,76,18,61,80,71
76,54,88,78,100,63,34,40,72,63,36,61,13,100,95,39,19,24,53,41,23,99,22,62,41,61,83,53,11,51,8,59,47,54,46,16,100,93,85,55,52,51,81,62,91,83,99,18,69,55,32,28,63,97,100,58,58,20,69,60,15,46,7,53,3,38,28,49,14,61,97,92,58,34,33,13,6,24,68,39,16,15,68,26,92,30,4,92,39,96,57,26,27,94,3,10,2,75,36,67
80,30,40,52,31,50,58,59,2,0,41,21,64,5,16,23,38,31,86,39,52,74,75,43,43,44,21,98,30,95,84,80,3,92,33,74,45,19,42,82,81,34,68,21,46,46,90,39,15,41,3,93,19,29,94,6,39,22,48,32,41,59,2,54,40,62,46,4,30,3,10,28,65,85,5,43,54,58,51,79,87,76,27,11,57,67,60,70,65,61,10,83,11,0,35,38,2,52,38,0
80,75,80,32,49,31,4,51,67,80,98,6,99,45,9,61,93,56,37,76,29,27,50,75,18,3,93,18,71,11,13,71,18,59,28,39,78,64,11,17,86,36,40,63,60,42,1,59,53,68,25,80,11,5,83,25,40,78,6,43,33,77,69,91,12,12,82,27,1,94,83,43,66,75,69,51,75,94,29,25,11,79,32,100,90,31,73,50,99,2,12,99,46,5,2,67,34,2,46,76
57,99,12,7,50,30,27,53,84,15,82,46,33,27,35,87,57,60,71,2,71,52,38,68,77,6,84,13,81,66,10,32,61,99,74,63,22,25,32,100,69,81,33,32,17,81,45,77,99,3,83,8,64,24,8,87,19,21,19,30,20,37,97,90,52,29,83,77,38,87,58,38,24,51,51,6,22,77,11,11,0,80,38,34,61,58,78,34,71,24,85,50,22,12,31,97,49,91,28,64
60,53,0,0,38,94,33,98,20,17,22,39,31,73,21,36,51,66,17,46,10,15,20,84,17,23,0,59,12,100,84,8,27,93,93,8,95,22,78,5,24,81,6,93,60,80,21,89,82,32,76,60,9,69,71,42,6,85,29,9,39,35,85,25,33,29,79,59,7,0,86,27,73,28,42,41,28,6,81,82,41,84,24,77,48,19,11,42,3,39,60,56,37,65,37,77,37,99,68,94
32,61,65,72,84,98,49,15,95,39,1,93,0,66,43,6,93,96,2,40,56,56,51,68,27,26,74,71,70,49,26,41,12,31,77,10,89,9,40,80,55,92,14,45,62,92,100,17,69,15,20,94,53,77,91,35,36,6,24,11,89,4,53,70,3,61,22,34,79,1,19,61,50,24,100,72,16,19,52,67,55,82,10,19,98,84,43,14,83,27,64,8,21,38,19,91,98,56,87,79
80,33,24,69,3,56,0,20,11,57,44,51,80,49,7,23,1,30,73,12,14,100,82,30,75,83,40,12,22,36,69,75,84,61,99,58,0,37,16,92,15,65,99,19,24,93,46,81,91,35,68,20,19,85,21,4,45,100,85,66,45,69,76,52,50,14,42,49,94,25,70,53,14,99,4,42,77,56,10,4,50,11,84,55,49,13,32,51,68,48,69,73,70,18,16,59,80,87,88,60
16,27,14,10,53,13,46,83,26,36,29,86,13,69,29,6,70,7,56,41,83,5,27,56,50,46,46,75,9,27,15,89,40,5,81,28,10,22,65,73,81,88,6,26,90,33,28,93,44,75,15,21,59,48,78,23,49,91,91,14,62,9,35,99,13,47,65,77,6,46,95,61,7,97,26,8,40,25,26,18,71,60,77,90,16,90,66,29,13,32,15,75,8,62,50,69,68,90,92,25
30,63,42,87,26,31,79,96,18,71,45,12,66,77,95,48,75,86,53,87,24,11,0,27,56,56,97,89,16,80,87,33,87,48,28,92,66,13,81,76,39,93,34,99,24,55,77,69,23,93,16,72,42,15,95,11,6,0,47,44,37,62,89,14,49,4,43,20,9,84,12,24,28,6,24,24,47,38,4,78,43,19,57,51,41,88,60,37,67,49,8,67,38,88,43,87,38,77,90,99
93,49,18,27,55,39,71,19,31,79,82,61,97,19,77,4,97,13,36,57,67,42,21,11,96,47,91,14,86,49,89,11,25,58,71,82,3,89,11,91,62,25,71,75,71,21,85,3,25,49,59,76,91,84,72,85,66,3,53,100,96,10,28,56,25,44,11,20,18,24,72,94,60,88,52,47,2,74,57,40,93,82,64,41,22,75,32,69,94,64,99,52,68,49,1,48,47,59,18,43
57,20,92,38,18,30,29,56,57,34,20,26,30,61,36,20,31,67,69,78,98,87,26,14,13,59,65,60,44,95,5,78,77,6,30,47,100,68,28,78,96,15,72,59,51,68,83,5,50,50,27,41,2,57,33,37,77,89,25,35,77,83,83,2,20,8,49,84,66,99,9,31,81,23,1,7,55,34,28,42,65,51,94,16,33,97,56,37,63,55,39,71,65,50,43,78,58,43,97,51
66,62,35,17,51,59,79,14,94,5,99,87,44,52,65,60,53,61,26,40,94,28,51,93,65,35,100,60,38,19,41,35,25,9,49,2,56,78,76,60,17,28,91,30,3,95,95,66,72,23,98,100,7,70,50,75,68,52,76,67,64,19,6,67,84,87,86,33,69,38,54,73,61,26,24,40,73,67,5,23,82,81,38,42,52,37,29,18,79,48,74,94,59,14,9,78,68,15,62,83
64,81,62,26,70,95,75,58,10,81,36,90,62,68,42,28,25,86,70,35,69,85,5,51,29,16,17,62,49,48,83,44,89,98,95,5,48,36,93,35,94,55,72,100,97,34,31,17,3,38,47,56,65,24,9,97,83,46,40,23,72,13,97,52,58,15,1,45,10,1,31,71,10,38,94,30,88,97,65,81,37,73,44,50,6,75,84,47,36,27,6,34,67,78,38,60,55,52,94,28
19,92,70,7,6,85,28,60,53,36,94,9,85,18,100,59,44,97,71,96,2,19,93,18,77,26,55,41,59,17,74,10,96,32,2,85,5,31,54,42,14,40,96,24,2,10,17,27,95,37,63,74,51,6,65,2,90,19,60,49,66,80,8,48,67,4,53,29,34,35,32,42,44,98,73,17,59,81,0,52,65,100,79,31,77,7,21,55,14,95,59,14,70,90,71,16,27,54,72,100
31,60,13,40,83,25,52,68,13,84,28,14,81,95,99,92,64,63,59,47,77,34,90,89,77,45,76,100,84,7,68,9,6,14,96,82,94,42,2,52,8,65,89,37,81,79,14,43,69,39,44,81,87,78,55,17,80,23,21,39,34,72,93,61,93,93,5,85,23,22,81,85,24,3,90,0,43,81,78,89,49,74,14,81,89,63,70,78,100,66,74,47,17,25,100,23,95,33,87,61
96,84,50,12,7,54,70,74,71,55,38,85,49,82,46,64,66,14,27,30,66,6,11,61,100,97,80,12,46,74,81,77,40,5,31,48,10,38,89,88,53,52,66,48,30,7,2,44,54,100,62,48,5,24,91,77,13,93,88,57,90,25,83,37,93,34,82,81,26,67,83,95,73,72,24,55,13,22,8,44,55,54,37,46,30,11,57,32,68,18,92,93,0,7,4,23,34,51,50,57
87,81,3,98,29,1,51,99,90,57,64,59,21,46,95,48,42,12,83,96,78,84,12,95,97,40,67,33,44,44,80,95,82,23,77,38,64,47,9,8,53,86,10,61,25,14,76,25,68,24,84,46,13,23,63,97,82,89,14,3,43,99,53,16,22,81,92,81,40,60,65,6,14,49,29,13,1,58,28,75,42,49,65,39,54,94,25,59,1,66,47,17,34,99,43,64,7,57,73,7
70,75,80,41,57,6,78,39,2,6,95,46,91,83,39,34,9,18,24,100,79,65,63,51,80,22,24,62,87,67,0,76,81,53,57,78,12,66,36,13,65,10,13,9,73,17,17,64,66,78,25,64,58,40,84,86,18,9,74,100,60,90,97,32,51,89,27,72,14,16,52,92,5,40,32,47,41,55,67,89,87,95,98,1,76,25,21,40,46,50,14,13,87,20,63,22,59,73,92,90
30,70,90,21,48,70,59,39,61,15,88,60,58,85,23,29,71,9,0,40,69,46,46,42,24,79,72,78,82,13,62,3,6,52,46,78,19,92,57,53,20,41,29,99,69,19,52,32,71,92,34,51,88,48,25,3,22,55,90,47,93,100,87,25,58,71,64,80,59,2,15,20,97,65,15,49,78,58,90,47,79,39,34,29,49,72,75,24,34,24,96,23,20,19,88,47,23,91,57,69
9,87,24,90,50,14,88,48,81,5,95,35,30,1,79,63,96,3,44,47,54,92,9,81,48,81,47,29,100,55,38,51,46,99,27,57,71,37,54,55,55,67,96,26,7,84,81,9,34,82,40,77,59,26,10,70,60,91,41,69,30,80,16,49,96,27,92,58,70,32,24,31,67,55,6,15,54,32,38,84,63,38,63,19,81,9,49,86,11,14,30,32,61,96,65,32,83,13,95,52
16,35,22,41,68,61,79,83,26,12,86,79,11,51,98,60,17,59,59,81,87,87,64,30,23,95,32,59,2,0,61,45,59,90,3,38,89,43,5,69,41,87,0,55,76,58,54,45,60,0,32,78,81,83,86,51,6,40,95,20,85,80,50,43,23,73,51,43,31,97,13,10,36,67,52,68,34,73,68,11,63,56,49,56,10,61,54,6,24,60,18,80,71,56,87,18,97,33,2,36
59,53,49,33,9,4,68,28,6,9,13,93,41,69,48,14,30,16,89,100,57,10,90,36,89,76,54,99,58,63,28,86,47,65,77,70,46,92,3,35,5,97,20,31,54,98,54,70,90,78,40,76,92,9,7,39,96,80,66,90,73,46,83,36,35,77,94,14,73,29,87,32,38,71,22,72,89,22,44,55,90,88,31,88,34,8,70,41,16,77,52,65,19,15,53,47,14,63,44,85
69,44,75,73,13,99,31,97,62,36,17,93,34,4,53,26,18,13,97,14,89,33,88,24,45,57,71,34,46,37,2,3,23,94,2,12,83,15,26,15,54,97,30,65,50,50,13,92,24,90,13,13,16,85,93,59,94,22,32,11,72,67,86,45,69,44,66,97,16,40,25,49,76,35,76,57,49,79,28,6,45,92,95,1,23,7,86,70,46,24,84,46,7,58,83,78,100,90,70,36
55,97,12,24,23,61,100,52,42,39,15,90,91,38,39,40,34,63,83,94,13,97,58,65,90,97,100,43,75,33,97,77,70,98,93,81,50,70,41,89,79,30,50,17,20,3,39,23,48,7,28,35,90,1,46,7,58,21,45,46,90,90,3,64,10,9,66,42,60,95,13,53,54,59,25,45,59,85,72,82,80,3,81,31,42,59,38,64,5,3,87,93,94,58,9,56,71,93,83,1
74,76,84,40,6,51,50,46,82,44,4,26,51,15,68,57,6,89,60,90,27,5,42,44,3,75,87,54,74,15,80,72,79,26,60,75,37,77,64,57,36,13,77,94,84,37,43,8,5,70,100,55,39,14,65,68,34,39,41,84,65,18,47,92,93,20,48,91,65,72,52,58,72,59,61,22,58,26,23,50,94,5,64,21,57,28,11,98,62,85,50,75,49,92,86,87,93,25,44,59
13,18,93,85,55,42,57,0,57,10,6,62,81,83,86,85,32,91,59,19,84,66,87,13,79,8,4,43,59,62,16,79,58,89,94,84,60,53,90,91,7,92,41,39,90,2,64,6,6,98,2,67,58,60,7,14,92,18,78,15,10,81,38,43,24,19,72,88,33,33,43,98,60,58,21,13,17,99,85,67,81,100,60,9,58,35,21,1,47,100,94,41,32,32,1,34,22,28,72,70
18,65,26,33,16,90,97,52,58,90,63,82,29,96,5,89,51,79,47,1,100,76,28,49,71,67,26,14,66,60,24,56,40,84,19,51,72,32,78,33,59,20,80,85,57,18,98,20,95,33,16,30,75,6,89,29,20,26,51,15,4,87,16,3,59,49,55,17,43,47,43,49,26,90,49,83,86,97,34,5,14,52,52,18,43,85,10,33,98,18,30,0,55,30,89,58,43,11,1,89
93,44,84,87,35,0,51,1,95,49,100,53,34,5,99,41,19,25,4,69,48,76,46,36,91,94,27,16,58,46,7,2,42,15,24,61,100,77,89,40,67,97,52,98,46,41,5,73,65,22,70,73,73,40,34,10,7,90,26,29,24,29,63,8,27,56,19,75,55,58,94,52,40,59,62,85,41,44,32,1,39,97,61,45,47,36,91,92,14,21,62,59,12,8,90,24,32,4,19,12
100,45,80,0,63,50,87,39,5,100,9,72,8,77,12,72,19,89,90,19,40,12,27,70,17,88,56,2,37,67,4,35,63,11,29,19,31,15,23,44,50,3,52,17,21,36,45,42,18,33,2,25,6,74,9,94,90,74,45,19,13,11,32,68,26,69,45,63,9,31,30,71,20,90,31,31,60,28,31,64,0,43,79,70,4,51,8,11,31,34,56,9,64,22,54,67,11,74,41,29
46,69,71,44,27,58,7,35,32,60,69,56,67,66,29,14,10,43,4,20,63,77,99,20,45,10,64,94,54,25,51,82,100,10,35,31,18,100,31,36,24,94,19,72,13,85,13,63,76,29,62,24,47,61,59,7,25,48,82,10,91,59,44,11,93,2,60,98,75,83,14,18,35,33,88,68,74,85,12,50,39,25,82,51,41,77,54,26,82,25,7,51,27,3,38,19,87,34,69,97
76,16,65,87,83,25,83,82,36,14,28,28,99,72,34,16,32,74,77,17,38,70,54,59,26,11,80,85,23,64,85,38,79,83,43,41,100,69,45,27,36,23,7,4,65,32,95,88,82,24,65,41,81,51,75,16,51,6,11,35,73,22,94,73,89,79,23,30,10,44,51,81,71,7,90,62,90,48,76,98,71,59,84,37,8,23,57,57,86,38,31,18,23,40,35,90,12,24,84,74
100,47,85,64,75,83,77,90,13,90,83,78,23,42,49,49,26,12,37,44,31,12,6,93,20,27,91,45,50,82,79,63,78,17,19,9,74,23,75,31,56,8,84,12,62,49,58,64,75,41,76,31,12,7,32,16,97,89,70,20,26,95,2,82,3,20,61,48,60,86,79,55,35,18,79,20,87,68,46,66,93,49,77,55,18,11,95,61,75,39,2,55,26,74,98,17,36,99,92,35
25,16,13,28,10,6,79,47,41,27,26,21,55,55,12,28,44,12,54,7,83,14,52,47,85,49,44,36,45,0,45,24,24,92,21,66,96,59,64,95,84,78,49,43,25,8,25,2,80,35,53,81,96,36,12,15,98,46,88,31,84,86,48,14,69,97,36,95,76,8,32,4,37,46,31,24,25,95,73,39,70,96,99,42,28,7,13,88,71,10,63,19,37,22,40,56,9,94,40,99
72,12,20,67,17,71,0,72,77,81,80,27,6,2,36,2,58,84,75,68,75,54,5,38,29,97,96,21,39,52,73,71,63,83,58,40,54,52,34,12,59,73,50,18,17,40,80,86,8,19,24,97,73,30,50,29,82,23,73,89,100,67,5,99,61,3,91,80,3,39,23,53,62,48,91,54,51,67,77,31,23,6,93,18,56,48,53,6,52,48,95,88,79,25,89,22,5,91,81,24
5,76,48,79,45,94,74,14,75,87,79,82,52,31,53,33,49,0,84,32,1,71,85,13,71,14,73,41,51,17,95,98,91,70,61,49,96,87,41,72,30,89,16,69,19,74,21,66,9,33,41,82,55,14,81,99,22,7,88,55,89,21,19,27,97,70,22,19,68,61,25,73,97,33,59,7,42,42,39,59,52,40,88,47,46,31,93,40,86,4,98,7,21,100,24,32,43,61,4,63
76,31,7,34,60,70,9,68,38,45,69,52,82,64,77,33,84,23,0,88,49,71,58,96,4,94,64,55,17,27,58,27,82,28,26,42,0,48,44,55,63,96,62,25,11,32,13,100,90,63,72,34,1,79,5,72,50,87,26,93,77,91,68,60,29,52,27,34,36,100,69,38,39,66,24,9,47,22,31,36,48,69,6,99,71,34,47,77,37,53,99,77,61,2,58,97,79,67,3,42
20,70,73,22,49,77,17,97,68,55,44,6,98,23,98,40,77,43,73,39,95,58,69,52,79,32,94,84,52,24,40,36,13,47,46,21,5,85,65,32,62,93,48,38,42,28,25,5,17,69,57,50,0,92,16,80,68,28,95,1,78,41,47,37,11,64,34,72,32,73,43,76,26,67,34,67,48,40,73,96,21,61,99,82,84,44,98,32,88,6,18,82,47,48,58,80,6,25,90,22
80,81,72,21,21,37,39,84,97,96,2,56,81,87,83,12,98,36,56,53,61,67,82,81,42,95,51,88,58,18,92,99,74,10,81,55,50,29,17,84,5,20,8,54,50,76,13,72,71,10,80,85,22,42,15,56,42,7,37,81,47,3,21,99,10,79,12,10,66,38,74,39,65,2,92,47,33,70,27,26,85,18,33,25,82,88,33,91,48,96,62,58,64,57,93,88,67,18,96,74
30,40,76,50,99,20,90,11,38,39,2,96,41,100,98,61,95,31,69,20,0,16,10,68,81,78,71,24,59,17,37,55,86,11,32,95,41,50,26,53,55,12,85,53,2,26,74,71,30,40,78,21,96,100,40,27,97,21,32,74,48,59,62,9,83,62,17,44,100,49,81,95,84,53,90,100,18,2,70,8,22,0,38,0,36,71,10,62,47,83,77,56,34,92,83,89,85,86,96,84
64,6,75,21,36,6,28,81,62,92,42,77,94,77,93,96,7,27,37,73,59,21,73,39,50,98,3,75,43,15,50,10,49,54,72,47,60,11,19,9,55,86,22,77,80,82,72,19,31,5,86,79,22,21,9,99,36,3,34,11,12,85,17,87,74,39,15,97,82,45,54,13,50,22,18,96,21,53,43,100,6,30,31,8,55,40,21,25,64,50,36,71,2,25,13,27,83,64,40,84
84,56,34,40,30,61,32,56,68,99,75,70,40,15,57,16,69,37,35,69,64,8,39,37,1,96,65,88,61,76,66,57,17,90,41,80,45,44,31,83,46,57,48,20,17,87,75,95,76,7,95,50,48,0,37,52,53,97,12,7,18,22,59,85,55,42,38,96,75,14,96,72,6,81,67,43,21,22,39,89,4,44,62,51,16,68,68,100,8,63,86,73,7,28,74,80,29,83,23,1
28,91,69,74,20,67,78,84,36,31,40,59,0,12,100,88,78,73,99,84,25,55,42,30,8,3,40,89,1,64,70,100,31,76,5,32,85,39,60,73,31,72,83,6,52,95,11,35,68,75,49,97,72,37,37,45,63,32,63,6,10,70,64,66,28,6,25,52,25,47,27,95,37,45,26,64,47,22,78,46,76,2,83,62,55,28,66,71,89,70,25,37,81,83,74,51,13,72,52,91
31,9,70,58,19,69,84,16,47,99,43,1,73,28,56,58,67,19,93,77,10,99,58,12,44,62,73,35,89,45,11,66,13,20,15,41,19,32,10,6,59,27,95,73,87,35,4,45,83,30,27,2,38,34,17,61,28,36,92,46,93,72,14,70,26,89,0,48,75,62,0,86,16,86,73,46,96,78,24,76,81,42,59,7,53,25,79,57,26,88,53,69,60,66,82,42,2,47,47,88
71,56,8,66,97,84,23,49,43,51,71,68,47,25,62,93,86,40,37,37,78,40,24,19,34,83,18,34,15,31,18,35,99,19,40,71,4,3,26,33,50,46,31,73,0,44,79,90,50,6,34,95,16,81,66,69,50,97,48,41,63,84,67,60,18,86,18,47,37,46,56,62,70,69,69,59,94,62,19,62,50,63,42,83,50,15,75,64,42,69,24,36,21,87,69,83,41,94,99,1
31,9,23,32,54,52,71,35,76,88,98,63,20,95,47,91,93,39,59,29,59,83,11,67,32,71,45,47,32,53,14,20,90,9,70,39,11,48,36,42,96,27,96,86,28,0,5,28,4,50,13,13,92,58,5,67,14,9,39,65,57,46,13,10,57,79,72,79,71,8,45,31,25,84,82,12,17,42,92,34,28,13,77,77,55,45,56,61,42,51,29,61,74,32,80,14,57,53,15,73
73,80,34,2,5,14,25,90,94,52,95,37,60,96,51,6,76,61,47,24,99,29,21,44,74,82,12,77,66,36,76,2,28,0,1,48,25,63,42,4,48,68,93,100,84,25,11,56,56,60,15,4,69,8,88,57,38,3,87,100,93,66,100,30,35,50,93,15,67,58,90,61,98,97,42,30,45,63,58,62,67,77,16,72,30,7,27,21,1,41,64,38,37,0,96,81,56,43,9,24
68,48,32,48,69,55,23,78,80,38,89,72,52,8,9,11,7,90,1,27,38,85,42,21,37,44,13,26,85,55,22,83,42,48,37,59,90,24,2,26,14,56,10,63,100,99,33,72,47,77,0,40,12,41,0,48,88,8,36,0,56,54,3,34,44,7,36,74,36,7,70,3,26,53,27,7,48,39,33,1,8,9,38,69,58,23,89,62,79,21,75,3,61,52,20,65,65,34,16,56
0,8,93,49,31,2,11,52,3,48,67,63,5,78,96,34,87,3,6,32,55,56,46,97,40,1,16,58,6,21,54,75,13,85,86,86,90,38,8,98,54,28,7,98,30,64,30,14,70,81,62,54,40,54,65,77,19,67,64,25,84,33,58,17,77,10,55,13,35,63,96,92,32,85,47,88,51,90,48,17,56,12,4,39,0,53,72,80,79,53,70,85,76,77,90,94,55,84,67,18
79,26,31,86,9,83,71,3,92,76,99,96,51,36,37,10,28,40,92,84,25,13,52,17,94,19,46,1,90,61,29,26,63,46,22,82,30,17,92,57,3,46,25,44,46,90,46,34,12,13,80,23,99,26,20,11,37,93,12,40,77,32,63,8,57,79,32,69,45,54,55,75,87,45,50,49,22,54,0,29,57,68,33,54,90,26,62,11,16,86,10,44,60,65,77,95,42,2,32,1
10,46,58,2,13,69,36,50,28,62,67,8,48,49,58,95,62,91,86,91,95,71,84,15,55,54,76,68,37,78,84,33,52,69,64,24,27,15,48,51,96,94,38,11,81,23,58,31,47,78,8,43,74,10,79,98,51,91,18,22,17,56,45,95,65,26,64,43,52,65,5,58,79,30,21,98,3,11,72,69,56,18,80,30,54,74,8,69,11,36,97,6,34,59,69,61,49,27,12,83
50,9,64,97,76,26,48,49,76,11,7,6,34,67,36,47,97,37,14,78,60,18,77,78,49,63,85,62,3,70,61,82,61,19,4,12,64,53,3,17,26,86,75,96,43,11,63,14,15,71,42,28,19,49,9,4,15,8,30,43,17,26,58,87,69,68,34,32,15,43,92,88,10,78,31,90,80,27,55,23,69,54,70,63,6,28,21,31,93,90,78,27,62,53,38,96,74,23,2,57
25,86,42,4,72,5,66,1,7,82,18,93,82,28,39,48,44,12,55,36,75,18,26,17,2,35,50,32,3,94,79,5,28,37,35,14,17,56,26,23,76,80,54,29,75,91,94,62,43,5,80,6,44,34,39,11,34,81,29,37,68,68,100,59,20,11,57,7,17,77,61,11,9,95,37,90,82,97,76,100,52,29,55,60,100,68,66,44,39,81,0,74,33,27,6,76,36,0,70,69
78,65,41,75,99,7,12,6,68,90,1,53,54,4,12,66,53,36,96,93,11,28,79,44,11,83,30,77,91,9,42,57,24,61,59,76,84,94,57,71,48,44,48,97,19,73,80,75,23,66,11,1,29,56,61,91,44,100,16,44,75,76,72,78,77,23,19,45,77,1,52,79,52,6,65,49,32,81,67,22,12,8,15,66,5,35,7,55,67,92,12,83,49,23,13,73,40,67,40,87
0,27,61,74,84,39,3,31,11,19,89,54,98,72,15,95,81,74,49,99,75,50,79,1,14,83,86,38,15,6,50,12,34,97,81,40,91,38,76,80,20,82,29,94,0,18,9,74,77,52,2,30,32,100,23,94,79,43,33,1,42,25,41,64,43,54,84,59,11,28,8,48,10,44,47,72,39,45,24,66,54,38,97,74,18,21,4,81,61,0,64,6,20,54,42,70,23,14,27,84
43,93,95,30,72,23,78,79,55,41,52,8,33,13,82,94,53,30,36,83,21,12,46,8,52,25,27,78,89,43,48,24,87,47,47,57,21,61,94,30,67,98,21,41,63,69,25,22,30,77,7,60,95,8,39,57,56,91,43,68,51,47,40,79,0,71,27,46,69,65,81,27,58,30,69,66,0,12,96,36,18,36,41,87,50,12,61,55,17,66,9,79,39,52,82,6,19,29,26,31
54,36,12,90,33,18,3,40,59,9,66,14,25,16,98,81,50,56,71,71,10,90,51,12,96,64,27,55,66,59,96,5,80,8,19,25,50,24,28,99,43,71,34,79,78,28,60,32,73,16,40,92,4,63,62,63,22,51,13,55,77,98,23,80,55,66,31,65,46,51,99,4,87,2,30,30,33,43,34,8,5,10,56,99,59,4,68,72,3,85,67,87,42,65,51,68,39,43,25,24
96,76,71,52,10,71,96,46,12,11,68,93,58,42,61,93,60,2,17,51,10,0,14,60,72,69,8,95,69,2,86,56,95,55,97,100,86,33,29,42,16,37,48,12,37,9,100,57,39,25,76,68,4,86,91,51,21,75,94,65,1,25,14,57,90,88,54,87,41,25,19,22,6,66,37,45,42,15,11,96,36,60,55,82,48,89,27,76,80,64,64,41,91,76,99,25,33,49,65,50
37,42,83,98,16,76,64,47,79,83,84,94,28,24,60,59,55,44,72,63,34,27,13,26,68,21,97,55,2,85,5,37,36,28,99,57,100,32,81,30,100,1,46,5,53,54,29,40,63,90,62,30,68,62,21,82,75,63,18,53,73,72,83,28,30,67,57,34,34,40,87,72,71,65,80,55,54,9,12,31,94,37,0,10,61,38,80,83,97,9,1,60,90,13,94,76,93,64,41,9
16,9,6,46,56,81,59,52,75,53,88,45,38,93,7,42,100,28,10,28,99,100,56,0,97,73,34,33,65,32,26,55,67,84,47,34,76,13,50,84,64,92,92,60,11,81,50,85,3,39,88,50,35,19,33,91,62,79,87,92,75,77,57,39,68,38,15,71,5,40,28,42,0,96,38,25,29,50,1,57,49,85,11,17,92,6,9,2,1,76,19,13,30,3,27,89,54,61,15,27
61,30,100,34,67,6,0,86,34,77,88,81,1,49,48,51,43,99,78,65,76,77,64,83,99,13,58,83,54,34,8,75,26,50,14,58,35,77,0,56,8,97,64,84,81,86,26,26,56,34,47,81,94,91,70,50,50,29,58,98,4,46,21,46,64,74,90,48,45,77,33,13,72,29,40,45,62,56,17,60,9,68,70,40,48,0,8,0,100,35,2,80,34,82,14,31,27,53,47,36