57,7,0,3,39,64,3,82,35,65,99,70,41,16,30,76,10,36,19,27,2,51,78,78,85,34,78,8,2,87,90,1,64,5,35,51,89,74,86,26,2,77,15,56,10,61,53,92,86,25,55,83,98,4,50,13,65,53,4,37,34,11,56,58,64,100,16,96,5,4,26,42,56,37,53,51,0,100,89,2,63,94,36,64,90,45,89,48,77,80,55,76,56,15,42,15,1,51,78,6
62,50,63,30,22,80,37,79,85,31,67,56,72,50,52,18,11,80,31,1,51,54,53,77,7,17,37,38,26,82,97,63,99,75,92,32,86,25,11,98,99,56,16,29,38,57,33,83,17,94,39,70,74,0,69,74,88,4,19,36,50,2,4,48,23,40,35,45,30,75,97,3,10,44,30,38,17,49,35,36,55,49,92,26,86,41,43,89,46,68,82,76,52,94,74,53,13,86,89,72
46,81,89,81,3,13,17,19,54,54,46,67,50,27,88,22,94,70,88,82,29,79,24,57,80,39,60,3,51,53,2,81,79,39,63,83,57,9,9,47,73,70,22,3,42,89,49,38,60,49,0,55,35,38,64,29,25,46,49,95,30,77,38,18,53,4,5,62,81,76,100,5,99,35,43,74,99,36,68,37,6,92,3,54,46,93,75,30,60,94,15,1,93,45,100,97,82,83,17,89
38,22,89,11,85,87,33,87,36,55,64,98,52,42,41,3,64,85,4,54,6,85,24,34,84,52,60,24,10,85,15,25,80,13,82,20,74,43,60,62,89,19,70,92,51,59,91,84,28,68,9,63,40,55,96,95,39,75,21,20,25,64,5,39,71,99,70,77,26,36,79,51,98,2,53,29,70,31,94,82,86,61,57,85,84,34,90,78,24,51,26,44,20,37,41,93,36,10,85,92
21,75,34,36,47,49,5,82,28,71,26,34,91,55,5,99,20,2,98,63,95,10,13,45,81,7,56,83,2,98,48,27,65,5,70,6,85,41,19,22,8,8,5,80,50,37,61,0,82,67,45,60,5,75,49,84,0,87,30,83,60,97,32,81,12,59,5,44,31,63,72,87,61,51,64,38,98,79,33,96,97,91,65,6,18,30,57,5,18,25,9,17,67,38,64,66,47,66,86,18
64,83,47,57,98,22,17,29,41,57,46,73,46,0,82,63,39,30,48,72,97,99,13,57,6,58,96,36,86,45,41,44,28,24,75,99,44,37,95,0,43,53,66,57,100,96,29,52,82,15,24,66,10,34,38,67,56,10,28,54,83,26,69,80,83,85,89,74,57,11,20,1,78,26,52,54,56,63,46,49,30,81,39,18,35,15,44,36,38,26,80,60,13,55,62,60,86,94,44,86
5,81,99,52,66,0,85,22,86,36,23,68,77,79,52,64,35,73,2,65,23,38,39,95,93,50,53,10,32,51,22,82,82,16,63,83,8,61,2,14,60,21,0,55,26,81,96,84,24,21,81,24,60,43,68,40,29,58,72,56,77,58,47,96,88,34,7,22,28,88,54,25,66,47,1,76,85,64,29,46,43,76,28,58,48,69,43,46,54,35,38,61,11,73,38,81,38,28,61,85
72,83,33,13,49,92,91,14,10,97,8,81,49,79,32,55,11,90,55,100,64,80,60,7,50,46,84,83,31,46,76,69,91,59,5,20,11,79,76,1,17,98,57,12,88,88,16,96,45,45,17,32,66,55,13,35,85,60,44,84,52,24,7,42,60,61,94,7,96,94,30,33,87,64,18,54,64,31,11,2,43,97,49,16,44,47,67,41,75,39,75,69,81,50,77,97,44,18,5,54
19,55,49,60,36,18,1,3,93,44,54,3,96,59,96,34,34,47,19,71,13,27,41,79,4,89,4,15,10,93,62,7,86,41,94,71,49,82,56,58,50,67,38,0,55,64,61,40,51,65,54,31,13,86,56,77,92,48,62,76,74,38,99,82,100,31,22,22,77,0,51,39,99,48,47,91,6,79,38,96,41,83,10,26,62,91,4,49,93,69,76,41,90,62,3,96,22,82,49,48
37,80,69,3,38,52,76,53,1,73,40,73,24,83,32,17,45,51,74,53,66,80,39,71,50,77,4,63,16,20,26,19,85,54,9,7,6,39,3,4,16,28,61,5,43,14,9,20,0,46,17,26,50,15,76,12,81,22,20,16,69,69,41,73,79,10,12,43,21,35,6,91,62,100,26,24,64,72,19,29,53,20,82,94,4,65,49,28,66,7,24,78,3,28,58,27,76,64,98,24
28,4,20,15,75,35,90,20,33,89,100,86,44,82,47,26,69,82,70,12,41,41,73,97,53,95,38,73,21,31,60,47,49,51,7,20,55,50,68,43,8,17,1,10,25,65,72,34,94,86,25,15,62,94,78,37,91,91,89,11,48,33,91,28,25,45,44,68,71,72,80,12,2,42,77,8,14,61,49,90,54,27,47,45,58,67,59,87,66,23,1,69,38,27,77,21,49,48,76,71
20,7,46,6,65,28,39,13,57,98,6,92,45,52,52,45,77,31,31,61,16,1,30,44,27,44,1,82,25,35,72,10,4,20,19,99,74,92,32,78,14,30,75,33,63,3,0,98,70,76,25,9,97,34,72,86,32,8,55,3,38,82,43,28,11,85,31,36,29,14,21,46,49,44,87,3,13,11,18,73,49,61,48,63,29,30,63,57,26,23,82,35,64,32,71,32,57,100,79,2
67,96,72,74,46,48,92,3,40,53,29,51,37,35,19,67,33,41,16,81,42,24,28,87,12,4,4,51,68,96,22,50,99,54,87,62,74,73,3,76,18,5,21,40,85,91,97,32,54,1,68,61,26,50,96,12,46,69,74,69,87,44,62,49,16,84,14,41,5,35,83,7,6,31,49,37,29,38,46,93,97,21,31,38,34,92,29,62,75,12,83,11,17,0,72,49,18,74,52,60
18,58,83,7,28,60,71,55,62,65,26,49,5,61,36,90,55,71,35,13,4,63,89,62,12,62,20,6,76,42,54,69,95,40,29,53,94,1,31,0,76,67,54,3,22,41,24,33,65,15,47,95,92,59,78,79,39,94,52,60,82,30,28,46,65,17,26,83,6,67,78,60,70,76,93,0,88,42,20,100,79,5,71,48,23,92,98,32,58,16,94,93,4,62,97,53,24,74,86,98
51,37,27,91,16,8,62,90,97,37,18,83,54,99,49,84,89,66,15,64,73,72,26,12,28,53,97,28,50,87,60,70,98,93,29,23,18,32,66,2,23,70,50,58,45,43,61,47,31,10,83,43,62,98,82,29,90,92,81,41,92,68,45,98,84,80,92,70,12,98,66,83,19,50,32,75,97,37,26,81,44,34,46,16,85,55,65,33,10,23,5,51,31,20,100,52,10,8,33,79
95,55,91,85,87,95,48,12,95,70,16,6,63,50,98,1,92,45,31,82,39,70,76,19,91,37,97,64,17,10,24,25,99,32,31,61,14,9,72,4,67,95,47,41,5,87,50,32,82,37,68,92,77,12,35,2,1,56,71,99,40,68,62,72,90,100,63,17,66,90,19,13,37,24,63,39,43,17,83,45,36,67,34,74,26,19,43,25,82,55,46,39,4,77,39,94,34,85,78,60
82,23,63,10,92,82,47,79,33,62,2,45,43,50,1,13,63,78,3,19,22,50,37,87,13,11,98,15,24,92,17,38,36,10,18,84,57,55,69,76,51,99,75,66,94,16,84,18,5,39,92,65,45,50,84,77,18,11,96,23,63,52,8,1,4,25,64,81,95,23,39,71,28,99,0,60,14,29,75,64,58,19,10,67,46,33,43,91,22,19,32,77,92,53,51,13,96,16,14,13
63,29,24,48,95,16,12,79,87,40,92,13,29,60,6,85,43,36,83,73,37,33,42,95,11,11,94,41,66,88,1,22,59,94,3,43,0,96,23,41,1,41,17,46,78,64,2,83,19,59,93,39,49,72,82,12,11,77,31,61,65,13,34,44,30,29,8,1,49,90,58,22,9,70,60,0,24,46,30,80,59,20,26,75,48,12,45,28,24,45,28,63,87,14,22,28,8,68,43,22
33,25,1,19,87,71,44,38,88,8,41,46,68,22,25,96,52,90,18,91,78,47,24,36,82,33,45,73,39,76,81,30,70,51,94,68,30,37,19,58,59,59,49,9,73,77,69,65,50,55,97,2,18,17,67,24,99,89,3,31,65,74,99,5,97,55,30,97,46,23,14,7,83,22,83,21,5,64,90,73,14,93,73,36,90,99,37,30,47,9,97,20,84,0,91,10,12,68,59,87
42,78,68,86,58,65,82,99,48,53,11,13,89,65,81,58,28,33,6,15,78,16,15,100,89,14,26,68,26,94,1,6,54,37,72,42,2,22,82,47,46,70,63,97,59,27,31,92,59,58,40,86,40,52,94,17,31,62,40,0,82,44,6,73,52,90,50,10,33,1,15,7,25,31,63,60,93,48,4,68,89,94,74,71,80,29,98,93,48,27,72,80,6,17,53,12,87,86,38,88
66,1,68,77,16,27,14,56,65,72,68,36,84,56,23,77,98,16,59,24,92,61,60,57,72,47,70,92,28,9,54,20,44,8,8,21,32,31,91,7,14,69,6,71,67,45,24,71,35,92,5,38,10,18,25,32,90,81,81,70,69,49,75,70,83,31,43,12,6,69,89,68,9,19,16,28,0,67,19,54,36,40,25,2,66,6,1,41,82,81,79,66,11,92,47,17,1,25,27,72
33,6,13,74,81,11,15,3,73,32,47,87,49,91,25,37,67,100,69,50,22,14,78,28,2,14,8,76,94,2,76,31,21,23,79,70,52,33,17,84,80,41,78,94,67,21,100,90,0,63,22,11,21,63,73,48,76,26,42,38,46,76,17,56,26,80,49,75,61,10,10,34,65,15,21,53,0,64,18,23,94,30,4,1,96,79,38,54,38,41,94,64,7,97,52,2,81,23,69,39
18,96,62,33,22,40,56,45,94,22,38,96,7,94,29,51,8,79,54,1,35,71,84,7,38,85,96,96,92,21,94,90,100,32,8,88,42,99,85,44,12,40,62,61,13,92,24,73,25,48,94,82,83,21,92,98,92,46,8,10,18,25,75,72,97,53,81,90,39,55,85,26,30,75,59,51,56,55,14,9,97,55,48,70,2,90,35,91,33,0,52,3,0,25,66,71,85,23,66,73
26,100,33,61,37,28,77,83,78,23,89,4,62,79,6,38,22,47,56,21,34,77,69,50,100,12,90,65,80,60,92,60,85,20,13,13,95,89,85,70,11,98,47,22,2,0,75,42,45,22,28,79,76,77,77,58,28,99,44,4,57,99,13,92,40,13,95,96,94,82,58,73,65,18,44,98,88,94,77,25,48,80,11,36,54,76,34,54,92,79,35,39,47,95,34,58,10,74,13,62
37,38,55,93,95,26,1,61,10,17,71,18,15,4,58,96,28,26,29,88,89,69,11,82,44,17,59,96,44,29,97,84,55,59,26,73,92,20,61,18,12,26,46,33,59,93,91,89,41,31,68,66,76,94,0,33,36,54,53,20,77,75,85,53,51,23,67,37,89,93,87,58,63,78,79,98,23,36,30,29,21,67,27,84,67,39,26,48,52,13,93,61,52,40,57,37,72,70,39,90
14,92,0,20,28,68,14,87,94,8,98,9,69,76,17,86,81,43,85,99,70,64,32,13,88,40,47,54,81,67,19,75,57,6,22,83,75,50,32,1,91,92,43,26,100,91,83,75,3,6,85,41,3,43,89,8,3,33,67,30,94,13,43,6,44,93,100,21,51,53,68,83,42,28,26,25,93,54,49,28,22,76,24,30,41,84,89,50,57,99,47,21,87,62,18,20,13,12,60,74
77,6,66,26,24,71,18,71,11,78,76,42,71,27,49,73,63,10,35,6,30,36,46,78,78,16,70,74,47,67,59,9,75,12,0,36,30,83,5,14,54,81,33,50,96,89,72,35,97,32,52,54,15,56,79,45,85,78,27,41,94,12,82,79,71,42,96,60,10,62,79,17,40,22,21,8,32,40,4,100,46,69,28,98,72,76,29,59,69,39,27,96,48,51,52,21,31,67,17,5
69,32,55,30,74,1,26,97,88,56,10,97,64,97,85,61,88,48,3,97,5,25,2,77,77,31,84,82,56,60,91,39,62,1,59,20,37,52,50,77,59,65,43,43,95,28,77,16,32,32,97,35,10,52,88,38,57,77,84,65,15,67,63,13,37,77,28,69,54,72,10,66,52,1,64,71,14,46,8,2,67,98,27,78,52,30,52,81,56,39,69,73,62,7,4,86,87,75,24,85
92,20,29,4,51,100,45,89,28,70,82,71,20,67,21,76,96,1,96,26,65,9,10,43,77,2,94,96,30,22,79,47,39,90,81,19,91,59,60,59,64,10,48,95,22,32,42,57,77,96,12,37,37,44,10,37,33,20,32,48,8,46,43,86,26,50,100,9,57,40,82,86,62,87,61,6,7,21,42,66,86,8,8,2,3,15,34,94,28,33,26,30,94,81,31,59,56,88,58,89
39,91,27,90,53,26,39,42,83,91,91,53,37,5,71,84,61,75,17,88,48,77,39,93,73,93,19,92,19,21,33,50,62,25,70,32,84,10,22,64,66,44,34,59,61,15,9,0,22,68,50,53,26,12,92,2,82,24,64,84,77,31,9,86,64,49,52,37,24,64,44,77,68,52,18,67,49,71,16,92,70,14,12,78,72,67,5,85,36,46,55,77,9,56,21,48,72,20,10,55
81,58,72,17,39,49,89,71,90,23,11,54,3,10,82,92,59,39,72,56,3,16,15,15,79,53,55,67,9,46,91,86,20,70,67,77,39,77,84,76,55,65,10,79,45,18,80,90,8,32,95,37,22,10,52,24,29,3,40,37,18,0,82,15,9,88,75,95,42,14,30,96,63,19,19,33,39,91,20,86,94,54,31,91,37,98,29,42,37,38,86,90,91,65,25,15,72,22,52,60
49,95,54,65,70,40,23,69,75,80,73,66,89,45,61,46,53,3,18,5,42,54,59,84,42,75,83,52,28,71,80,73,94,55,43,50,2,28,23,34,72,97,79,22,34,77,73,85,17,30,69,10,32,6,98,87,41,23,80,77,8,54,14,71,94,19,45,12,55,24,40,19,81,45,42,32,85,79,49,100,35,53,83,54,4,42,46,20,100,54,14,90,37,11,69,23,64,94,79,52
53,42,31,8,77,85,44,80,7,97,91,53,24,53,72,81,39,8,59,22,2,79,82,49,18,20,72,78,89,89,22,91,17,65,65,59,47,89,36,58,12,22,16,16,97,33,14,27,33,81,59,37,89,41,45,90,30,88,89,87,92,70,90,83,88,24,52,47,2,20,12,74,92,87,56,95,52,41,13,53,53,77,37,64,16,22,22,85,58,89,41,50,51,55,53,43,94,62,68,21
12,15,22,60,75,31,98,45,21,89,77,85,29,8,47,22,39,61,44,53,23,11,6,82,19,0,17,4,6,31,71,75,65,24,21,56,59,89,24,9,29,48,84,6,22,17,16,71,52,97,25,91,47,98,33,29,9,76,74,47,90,92,5,95,90,26,15,67,36,79,92,9,32,40,8,83,55,32,46,71,30,54,84,51,15,46,76,56,24,64,27,100,78,11,22,6,100,86,83,56
64,29,15,4,63,28,56,35,59,53,6,55,70,29,30,67,23,37,55,62,15,96,94,73,24,63,71,89,28,98,88,33,84,96,72,87,82,67,52,72,74,89,34,61,1,63,49,80,32,7,3,59,3,54,84,68,74,7,18,82,33,16,34,14,13,12,9,69,47,75,10,46,43,8,89,87,81,41,54,57,85,10,45,11,66,33,70,28,21,91,22,17,48,86,58,25,32,34,24,22
98,44,9,8,88,74,57,72,50,60,84,97,9,59,27,38,43,57,84,79,17,92,97,1,19,12,9,72,57,45,64,69,44,50,89,40,63,24,77,39,87,2,37,51,42,44,23,41,91,16,77,61,68,15,29,84,87,31,73,83,62,36,45,55,67,1,10,73,43,32,17,52,11,46,16,58,20,49,96,12,61,33,44,57,72,9,38,62,74,33,68,37,74,91,82,61,45,44,24,49
55,0,49,23,35,99,3,20,13,12,44,57,74,4,86,34,41,73,19,45,48,33,95,76,87,4,10,5,16,23,42,33,76,97,24,61,57,55,79,33,39,6,5,76,7,29,77,6,52,11,49,97,66,61,88,99,89,94,97,56,21,83,1,26,92,16,100,91,25,72,92,85,41,93,9,28,46,46,35,4,3,32,36,39,49,0,76,34,87,99,16,28,99,45,89,30,65,54,1,39
78,39,28,21,41,9,36,17,97,100,49,47,2,1,26,27,38,20,4,13,40,60,9,21,7,98,87,50,70,65,99,37,24,18,63,41,62,31,46,23,89,99,25,98,67,34,78,6,14,99,16,19,81,30,23,13,71,30,1,4,52,37,85,62,58,87,9,2,96,91,16,33,38,100,100,22,41,79,21,77,22,97,6,48,60,81,4,88,86,52,57,39,81,92,25,66,7,95,74,95
83,62,92,62,42,24,57,49,33,29,78,91,78,78,80,64,6,89,86,7,40,53,23,47,15,57,80,76,49,63,1,64,88,39,3,73,33,34,53,39,25,60,36,95,38,20,20,78,62,37,5,92,59,30,44,60,90,57,21,98,25,77,49,24,91,96,11,70,94,79,10,5,35,67,76,2,43,68,79,13,85,47,6,95,63,48,21,47,53,16,22,65,12,78,8,80,69,33,95,80
45,95,8,17,27,8,71,14,66,83,86,87,57,5,76,42,17,64,59,73,54,94,62,81,19,27,73,34,75,94,41,87,61,45,92,99,74,66,36,19,77,31,97,2,20,26,79,63,79,73,24,58,19,91,18,49,49,31,56,55,46,12,87,37,27,14,1,55,69,77,58,12,73,15,82,71,0,26,96,24,19,67,81,88,48,79,1,94,94,73,99,20,71,20,66,40,81,51,23,19
84,9,27,71,43,77,97,30,6,12,57,42,67,4,50,39,46,98,66,68,58,2,67,12,81,67,12,45,9,35,10,23,95,83,39,31,59,20,16,38,73,32,63,22,17,62,54,66,52,96,1,0,68,84,7,83,20,43,92,4,98,36,53,37,64,16,83,27,0,3,62,12,19,2,64,65,96,65,58,39,15,61,90,49,39,9,80,86,51,64,73,24,34,76,63,87,92,77,47,29
21,53,35,10,59,78,93,72,63,16,49,76,57,36,79,34,43,19,76,88,42,63,42,39,98,64,65,96,32,58,35,57,51,32,86,51,7,80,55,87,6,11,42,13,31,92,59,5,45,9,94,42,33,78,23,43,32,39,57,29,25,35,80,80,53,74,99,54,36,5,94,48,68,46,86,31,78,22,40,50,78,48,38,54,64,68,100,52,57,18,24,1,63,67,55,14,49,20,81,38
57,13,46,35,0,11,48,89,66,57,58,66,52,57,12,35,76,63,58,66,41,32,74,46,12,71,75,6,35,87,63,29,18,75,67,32,99,66,8,8,78,78,96,78,90,39,17,88,23,50,82,41,6,83,37,70,54,19,56,93,100,56,74,41,50,83,86,83,68,55,81,40,14,83,63,84,28,20,89,30,66,33,64,32,71,39,5,75,78,61,87,96,31,98,45,44,36,27,62,46
95,79,34,1,36,95,89,62,7,15,18,41,57,85,10,32,90,100,12,98,74,75,12,40,64,13,64,65,23,66,83,100,52,31,26,69,81,84,45,35,30,88,77,44,40,19,74,8,75,77,16,13,27,64,62,17,79,57,27,57,9,5,7,90,53,34,56,74,1,71,8,82,68,53,3,37,39,89,97,50,51,70,47,1,74,27,99,62,22,2,8,76,21,46,92,36,27,39,62,50
52,14,23,41,19,78,44,44,60,32,92,89,40,49,20,38,28,33,13,26,9,20,92,18,66,50,1,92,60,52,14,14,23,13,44,5,15,26,73,7,68,14,96,7,46,77,21,52,4,38,38,22,52,88,29,84,36,56,12,63,76,14,82,47,68,65,16,13,16,36,14,22,30,46,50,3,10,76,19,20,38,0,55,20,26,56,80,58,93,32,62,77,66,10,2,13,84,37,79,73
85,80,98,60,65,45,41,51,16,72,58,85,22,46,51,37,99,95,2,23,89,73,92,6,4,65,41,85,22,0,85,86,19,31,21,92,20,59,32,79,36,49,27,24,37,74,67,85,22,82,67,99,5,10,1,88,36,77,10,34,73,99,56,34,57,85,69,2,7,15,7,85,55,2,33,6,94,68,49,66,11,40,56,20,49,55,88,79,26,61,95,44,88,81,11,64,73,94,63,70
9,18,93,89,19,22,97,84,98,81,29,66,1,77,27,58,18,66,54,2,29,61,20,5,84,83,73,31,22,43,80,46,76,77,89,8,5,53,32,65,26,2,8,55,94,49,90,72,50,40,15,79,99,36,33,88,62,42,47,17,23,56,83,20,38,75,31,65,6,89,22,24,91,4,0,37,51,13,75,53,30,16,35,4,60,36,46,56,20,10,70,50,80,42,68,45,23,20,91,79
68,29,83,6,13,37,10,11,6,96,36,99,2,56,91,98,68,0,8,85,94,88,8,74,66,98,31,72,92,17,45,4,13,80,61,90,62,96,69,42,62,35,25,96,81,9,67,0,55,2,43,33,19,84,37,11,18,11,19,24,80,42,56,26,71,50,52,6,55,95,74,54,54,98,87,46,47,27,26,87,19,0,43,89,26,39,27,7,66,64,88,32,54,93,16,79,49,51,23,88
79,58,93,54,26,39,47,74,24,13,92,2,2,31,36,22,67,28,70,95,32,99,16,4,65,94,41,67,46,39,12,94,95,39,33,18,72,100,22,9,56,46,34,72,86,19,59,77,11,78,35,5,92,41,71,58,15,34,27,25,60,62,51,86,100,84,100,82,15,48,39,87,77,48,78,84,46,83,45,54,0,88,59,92,55,40,60,77,79,8,14,16,59,35,90,55,53,53,60,39
46,61,72,31,78,11,23,4,90,93,89,45,47,12,68,2,55,98,63,22,65,28,69,38,10,74,50,69,70,58,52,86,87,82,99,55,37,51,5,16,14,91,76,81,85,54,0,83,94,83,7,2,10,70,59,8,75,30,50,83,37,85,0,88,23,13,28,3,36,44,33,31,15,66,90,21,84,59,76,50,74,35,43,2,71,82,45,21,75,45,38,49,73,58,62,100,90,19,97,92
81,16,14,95,98,39,5,38,17,81,79,57,66,69,93,66,12,42,84,73,56,61,76,41,62,0,76,52,86,66,69,17,81,68,2,8,15,27,35,83,44,88,98,37,93,33,93,62,40,35,13,46,94,29,71,72,77,60,48,70,93,63,37,38,84,8,44,36,27,53,71,95,60,20,40,16,99,97,65,71,45,47,3,16,51,93,38,91,2,69,71,53,90,3,7,36,0,79,88,1
38,14,94,11,67,34,30,15,73,48,72,99,2,74,82,77,43,58,72,83,8,92,57,40,31,12,6,14,65,86,86,100,3,44,47,67,92,33,78,15,78,30,34,25,4,24,37,73,10,39,75,53,57,11,73,66,48,34,72,23,87,35,54,82,83,15,43,21,15,66,16,19,1,26,94,43,10,92,57,93,14,5,17,35,12,30,92,9,59,45,27,77,60,83,35,55,44,53,54,13
60,43,83,80,26,81,37,40,58,82,30,89,77,99,18,68,41,5,28,43,35,9,29,74,24,47,20,65,15,5,5,69,65,58,95,50,59,47,69,5,86,90,42,1,16,46,96,82,88,76,17,45,57,95,56,88,51,67,93,68,44,39,38,60,67,19,71,88,4,84,27,47,96,61,58,67,0,41,74,87,93,5,74,34,44,88,82,0,9,78,52,37,61,5,40,60,100,24,57,40
10,59,86,33,9,95,37,2,85,3,37,11,4,17,26,70,42,51,58,8,96,35,4,68,77,43,19,8,27,75,72,88,44,16,68,36,58,66,53,41,12,44,45,49,94,69,26,68,85,1,10,38,38,98,4,85,29,59,12,11,0,95,62,74,55,33,65,97,56,67,61,53,88,51,31,67,58,89,97,5,6,63,64,23,14,57,85,71,95,68,44,25,54,21,94,79,26,61,2,25
92,1,11,83,88,34,88,54,81,19,85,9,32,43,32,58,14,97,30,52,29,23,56,54,82,25,64,71,19,93,17,22,26,58,92,15,90,74,73,99,95,9,70,61,21,49,65,2,87,44,2,87,16,9,18,58,70,76,57,86,98,93,55,28,76,37,3,15,53,91,63,100,15,60,82,72,39,24,47,47,51,97,68,28,13,48,69,82,98,58,83,31,14,13,78,74,62,89,19,66
18,30,42,5,21,64,76,99,97,27,58,34,37,30,16,10,83,99,59,71,41,54,19,86,71,59,7,57,75,81,21,82,22,51,59,1,50,66,77,14,93,49,74,96,45,6,3,31,28,62,86,1,74,90,18,3,84,96,95,26,27,13,18,78,91,100,84,34,74,42,34,20,24,100,53,46,38,53,22,91,83,74,81,48,5,48,73,55,72,26,72,0,86,21,45,71,48,7,71,46
77,89,27,89,46,40,42,86,22,10,98,13,13,9,68,35,50,38,100,27,76,23,79,27,92,3,89,31,2,2,78,35,67,90,4,12,58,99,36,21,88,35,66,10,45,79,21,26,25,74,37,13,77,4,96,80,0,74,61,74,56,71,93,97,16,66,92,97,66,71,17,96,69,80,57,24,32,28,12,50,61,92,83,83,46,89,88,11,19,50,33,19,53,44,20,96,39,84,3,43
9,72,40,71,23,22,43,20,87,71,66,37,55,38,14,71,9,23,16,77,47,34,62,6,36,11,8,16,47,93,37,18,22,36,52,96,72,89,74,53,12,96,53,75,69,58,27,7,1,63,85,73,24,23,14,64,1,82,72,80,7,29,32,82,78,8,79,22,63,71,83,71,66,16,67,14,36,80,92,82,57,54,14,95,61,21,92,17,67,66,12,34,96,68,43,46,92,49,80,100
30,89,71,85,88,90,93,11,62,15,69,71,39,43,68,9,75,17,48,18,89,56,55,26,19,39,79,71,47,12,83,19,80,6,1,21,97,30,67,8,81,10,72,63,22,41,77,7,13,7,8,41,6,22,63,74,17,10,46,52,37,85,1,81,64,68,14,63,95,17,77,31,65,45,36,42,77,95,3,82,88,32,53,76,42,4,93,66,36,72,18,13,85,71,26,41,25,20,38,33
35,87,8,12,1,38,3,41,44,42,81,82,22,30,81,49,26,76,42,71,8,13,20,66,16,36,91,58,43,45,82,3,2,69,18,31,7,50,60,58,51,6,58,8,19,84,64,80,36,58,79,58,40,98,5,31,34,1,7,85,92,79,73,38,73,77,4,42,12,88,95,1,21,7,100,34,94,63,97,22,100,19,98,89,52,30,58,33,57,55,90,27,57,85,99,35,46,14,91,6
68,48,18,17,64,13,8,55,74,57,26,22,98,22,63,87,39,58,62,91,32,32,7,56,74,78,23,32,84,78,30,80,95,64,30,15,70,38,100,64,84,18,88,93,99,99,55,32,90,24,41,5,97,68,75,81,13,24,54,44,91,37,97,68,64,43,51,84,23,80,51,74,67,12,89,95,39,53,97,7,6,64,99,54,20,77,92,42,18,76,29,75,55,46,85,8,99,95,41,100
80,18,63,84,9,65,85,29,8,55,21,12,27,65,22,15,72,92,9,95,10,15,12,44,13,48,40,92,97,7,2,10,89,58,80,15,12,19,77,20,12,62,61,2,90,29,27,60,98,49,87,59,5,70,43,27,30,58,60,100,3,25,88,83,36,52,13,73,20,29,88,96,99,10,51,58,25,10,91,39,63,34,30,46,88,74,61,59,95,7,41,42,12,41,13,16,62,68,66,45
29,55,65,28,61,18,78,14,60,73,46,65,29,63,72,66,61,60,44,53,68,75,14,9,25,8,21,9,89,48,82,62,78,12,31,10,27,27,59,12,0,52,80,57,35,60,2,58,97,77,48,4,77,90,31,13,63,13,8,45,13,36,42,82,85,77,63,65,36,82,81,58,78,74,15,61,75,81,52,86,34,45,76,75,12,77,97,23,47,85,67,34,45,20,4,33,48,14,99,33
22,81,100,28,77,49,0,45,45,51,88,2,56,100,56,60,90,55,100,93,84,0,72,78,92,88,8,69,24,38,9,57,44,97,19,92,87,2,60,24,32,60,8,68,63,71,57,23,26,98,80,31,63,50,17,32,52,28,15,45,59,86,11,69,87,28,6,88,94,74,29,11,30,40,75,7,7,61,33,5,39,64,42,53,92,13,3,11,84,16,40,28,27,56,90,3,65,21,99,16
7,34,64,62,56,84,35,85,48,16,89,70,6,5,39,48,91,34,23,86,46,29,57,34,3,3,8,90,41,73,29,27,58,83,61,47,45,77,1,92,73,17,78,35,11,87,83,41,6,22,29,48,70,90,91,99,80,6,69,36,3,88,42,39,70,15,58,39,57,69,6,55,7,42,6,94,67,21,10,30,81,14,89,39,89,72,41,76,38,40,79,77,61,97,94,83,48,18,30,40
11,74,69,10,54,71,30,19,93,49,86,99,42,64,24,83,4,99,6,18,43,51,85,12,52,25,44,77,33,69,53,65,49,38,98,8,3,75,36,57,100,46,51,91,68,57,12,23,70,11,9,32,30,94,32,20,7,78,31,95,38,72,63,16,70,29,27,37,2,16,14,86,54,13,29,75,92,7,91,65,79,36,100,8,91,88,32,1,2,80,61,60,38,36,50,93,90,56,27,65
51,97,11,54,68,44,67,35,7,66,43,32,28,23,90,88,67,96,65,67,56,82,56,51,69,27,17,100,65,21,51,23,87,7,71,72,96,63,26,82,38,67,31,18,29,23,80,67,56,1,45,75,76,34,28,14,85,18,77,66,74,63,39,73,49,41,44,85,20,74,41,14,64,75,19,56,94,77,69,9,42,4,22,76,35,89,76,56,93,59,63,65,13,55,32,64,58,41,63,35
45,7,100,8,55,66,87,78,31,35,59,22,35,71,84,35,89,96,36,4,91,17,100,68,70,51,77,13,46,84,4,35,77,13,70,8,51,55,66,66,72,1,78,21,1,71,44,58,15,66,71,78,1,31,5,34,37,56,64,43,9,42,60,3,85,73,97,77,8,44,0,26,89,24,12,23,28,10,82,39,54,6,61,26,16,35,87,82,59,71,80,2,85,65,33,2,95,15,94,52
99,33,82,44,76,94,49,10,95,99,63,91,51,22,51,24,96,84,8,100,70,72,26,41,91,58,78,48,31,97,96,80,39,37,57,76,84,30,64,53,86,46,7,63,64,8,72,48,25,49,35,68,60,95,50,71,14,49,69,44,10,52,58,43,11,38,47,4,70,25,92,94,94,28,79,71,76,39,79,12,71,74,0,27,18,5,54,22,94,86,86,68,91,41,16,77,28,85,35,59
75,56,67,42,46,50,93,21,52,19,56,28,78,66,46,11,11,94,67,57,55,80,68,91,51,76,50,79,51,70,45,81,16,60,61,6,53,56,5,21,32,79,56,61,61,54,34,79,75,17,58,23,91,18,9,25,13,28,58,4,46,26,6,54,81,73,63,48,81,6,50,3,86,35,61,18,33,14,68,12,18,71,45,49,21,94,97,4,86,57,88,44,88,77,14,36,95,65,50,24
15,54,71,17,30,6,21,8,96,40,6,59,10,17,76,87,7,33,55,98,54,31,79,73,24,43,83,1,100,14,74,98,38,68,15,88,13,26,100,50,61,28,3,80,85,77,100,88,13,9,59,80,10,10,11,89,35,87,69,62,92,46,62,84,49,73,6,100,91,72,27,86,74,11,19,65,60,52,17,50,55,13,96,72,58,46,37,2,78,79,63,34,79,93,83,41,31,30,47,36
23,57,83,76,1,76,81,83,29,67,60,81,73,37,1,43,5,7,95,59,75,80,40,87,2,19,21,82,25,75,84,31,38,18,77,88,19,39,63,31,0,95,65,64,6,94,40,18,49,97,74,88,80,23,72,74,79,87,45,90,71,82,79,51,57,7,24,26,35,3,27,92,29,63,55,99,48,80,21,94,5,98,20,59,20,23,44,69,18,47,29,90,82,7,64,93,44,82,14,18
33,38,69,27,82,93,83,7,58,60,39,97,2,84,46,3,81,93,28,26,6,88,97,46,29,15,57,83,93,69,21,74,29,5,74,63,30,93,90,50,47,92,16,37,90,65,72,56,11,94,80,40,33,90,35,64,86,16,76,36,36,15,34,84,81,83,61,59,55,79,32,58,14,36,45,29,93,25,21,13,66,72,87,27,82,14,10,39,4,55,30,89,45,12,72,9,47,79,46,70
36,68,91,13,11,36,100,98,37,10,67,90,21,11,88,8,12,70,15,73,57,48,82,88,72,48,53,20,28,69,79,33,62,87,61,24,90,14,96,51,37,58,87,37,66,91,32,63,8,4,63,93,51,79,52,16,32,2,75,74,47,91,81,39,39,10,27,2,97,88,15,25,19,35,47,74,39,40,12,51,8,28,44,59,38,78,39,20,86,76,37,59,44,95,49,50,23,34,37,30
96,16,47,65,87,44,20,96,91,36,26,10,45,12,91,30,70,27,52,46,92,12,97,80,31,42,0,36,52,23,83,87,88,51,98,52,88,9,17,9,46,40,56,7,58,78,24,60,12,81,26,7,44,81,3,92,84,21,91,81,90,99,36,65,23,13,76,58,54,12,39,93,25,19,100,32,13,25,60,25,4,16,49,8,71,23,82,26,79,46,25,71,65,9,49,81,7,72,94,45
29,1,36,25,72,34,17,4,80,22,84,26,14,48,20,93,81,45,22,10,23,99,89,65,24,22,52,28,14,15,99,64,33,83,97,22,73,45,42,13,99,91,24,3,5,47,77,9,57,67,19,83,24,19,85,60,100,41,59,37,44,76,57,48,41,79,93,69,83,66,36,25,67,87,26,69,93,40,12,16,6,33,55,62,81,21,69,84,72,97,97,30,33,77,9,30,67,45,70,69
40,98,86,61,66,91,17,81,7,70,74,6,67,93,75,99,90,88,59,3,41,31,82,17,6,93,25,83,10,68,89,1,39,24,27,46,38,61,19,98,18,99,54,19,66,70,65,81,95,18,19,45,25,15,63,71,32,32,93,68,55,93,97,31,77,50,25,76,35,13,25,96,17,73,17,26,48,92,6,98,41,54,88,75,55,81,43,37,94,98,17,13,85,68,87,37,77,47,62,58
87,26,52,58,50,76,100,87,69,45,50,42,5,48,48,63,76,36,39,94,15,58,47,99,41,46,20,52,99,0,44,91,81,45,0,20,29,89,99,85,0,31,20,43,46,92,36,46,45,54,42,76,6,49,35,66,20,74,33,6,48,48,44,53,64,63,84,37,28,56,73,22,67,19,94,61,11,21,79,78,24,37,64,0,88,77,23,42,68,92,51,32,12,89,20,52,44,72,20,32
42,18,66,19,10,61,55,96,32,100,57,100,59,71,68,57,37,74,0,21,70,70,28,73,93,78,64,83,17,61,77,94,33,65,38,46,95,99,26,92,17,64,47,16,7,47,42,26,82,71,68,81,65,43,94,61,61,33,63,46,83,9,83,97,67,20,87,13,48,37,6,20,51,86,91,10,60,13,90,23,29,58,72,79,43,17,62,90,33,98,51,56,83,41,53,11,77,88,69,35
50,42,26,5,32,0,49,94,18,4,32,87,25,53,85,85,69,33,53,71,3,11,46,26,15,19,54,24,18,13,4,52,73,23,13,88,81,86,45,52,70,36,99,17,42,60,21,48,20,9,33,7,27,64,75,35,86,59,42,9,74,27,32,29,53,96,40,29,81,28,42,6,78,62,47,16,35,54,5,70,2,81,0,23,43,20,62,5,93,26,86,97,40,62,50,56,14,31,15,53
59,3,12,81,12,96,21,88,39,66,14,98,64,48,4,83,57,2,28,78,25,50,66,89,43,94,84,27,62,56,66,91,12,85,21,49,50,14,83,76,22,2,83,48,94,0,73,80,92,90,92,54,90,15,92,35,59,56,90,46,38,50,40,74,50,24,62,69,24,76,15,93,57,5,25,65,98,0,58,98,53,10,59,77,50,52,61,8,81,90,70,84,52,57,53,48,14,81,1,74
38,86,54,66,59,20,29,20,52,83,86,58,68,98,23,31,21,5,60,92,95,54,65,17,59,1,91,63,90,43,4,15,23,46,34,33,16,8,73,21,44,49,25,70,39,73,55,65,9,86,9,63,92,0,19,39,58,92,2,41,84,81,85,31,99,33,62,47,26,11,32,64,22,26,92,87,91,14,26,64,3,82,53,5,80,93,85,18,16,40,0,59,49,2,21,48,82,92,53,30
69,89,66,51,48,96,82,100,32,40,88,100,94,66,65,68,40,88,80,32,26,1,52,72,47,50,74,35,97,97,24,72,99,68,79,80,92,57,76,26,90,10,54,89,49,31,12,32,100,63,97,17,98,53,99,33,87,65,33,20,35,26,40,32,98,41,16,21,63,4,87,3,49,94,80,43,61,75,47,54,1,41,29,73,60,65,66,78,42,42,41,5,90,3,64,71,98,55,97,100
81,60,50,3,41,44,37,48,93,12,72,13,1,98,16,80,16,56,80,6,51,36,30,58,12,3,21,21,56,49,73,29,8,11,67,31,99,44,30,16,72,35,34,93,53,23,9,89,87,59,40,70,8,18,52,31,0,78,74,8,25,77,31,30,22,30,6,31,67,9,10,58,83,8,54,4,6,1,60,72,78,25,6,69,97,58,83,98,81,32,13,89,0,8,96,23,10,39,0,75
79,5,72,65,74,64,76,33,67,3,14,86,38,15,9,23,5,52,25,76,52,26,70,23,54,86,75,47,78,76,51,48,50,35,50,79,34,96,27,71,100,71,70,27,7,81,64,62,1,48,100,50,21,8,32,79,7,63,22,68,85,39,56,5,61,56,39,17,49,59,96,33,87,68,43,93,14,68,28,42,16,7,54,76,52,18,88,73,33,48,94,21,86,15,3,21,22,22,49,34
73,11,36,4,38,43,10,14,38,70,0,1,1,71,7,57,98,72,78,27,64,19,35,14,50,49,50,18,88,2,68,93,54,76,36,88,45,17,94,12,80,42,17,32,100,10,76,76,9,90,69,96,85,42,34,16,37,18,94,40,56,59,33,55,97,83,75,93,0,12,84,46,28,99,18,20,45,10,64,69,81,69,18,18,47,95,26,22,23,75,85,5,18,83,58,82,36,69,63,56
11,88,60,79,44,19,63,2,22,44,0,24,3,92,8,80,28,64,97,96,5,55,10,47,79,1,7,75,49,48,70,35,100,85,51,73,58,56,45,76,78,68,15,51,84,30,88,94,78,93,27,8,86,89,46,6,12,13,16,89,25,69,45,78,93,88,35,59,68,31,25,47,56,21,88,93,37,41,22,82,79,63,46,95,33,10,92,57,45,10,47,47,16,31,41,69,72,23,50,79
7,41,16,55,86,37,9,100,17,23,11,12,56,20,84,15,74,90,91,28,69,11,85,38,38,43,59,14,66,30,67,42,32,48,96,6,88,90,0,93,88,63,74,65,27,7,59,50,37,53,69,87,72,8,29,42,79,14,65,67,46,24,24,43,18,20,58,9,82,54,85,50,39,7,34,16,94,68,75,92,24,7,17,61,57,36,37,66,29,75,16,68,37,74,93,90,81,2,67,1
65,86,22,64,54,77,48,96,11,33,59,56,99,56,79,19,35,19,43,95,1,79,80,46,47,87,97,77,53,10,97,66,16,59,79,59,5,66,76,53,11,7,1,64,53,31,63,25,11,30,72,81,100,15,26,43,16,47,4,28,69,72,29,97,32,96,5,74,15,46,7,81,81,52,56,62,68,54,2,20,98,85,77,20,40,65,34,71,26,33,21,89,56,2,15,34,51,79,58,4
47,86,18,31,68,10,55,5,57,31,96,64,14,51,69,96,22,49,26,82,96,8,17,32,65,47,45,41,64,58,78,80,20,75,37,73,33,40,91,32,44,55,88,26,15,10,80,3,100,12,79,98,13,66,97,1,83,40,84,26,72,39,58,29,72,76,79,15,35,38,48,79,36,22,68,77,39,33,53,19,35,50,77,74,20,88,26,67,16,38,58,24,26,90,21,93,63,50,81,3
24,99,60,47,22,72,65,96,71,41,48,29,79,51,33,24,0,44,31,24,51,6,35,88,82,65,56,11,80,42,94,83,2,97,56,12,38,33,86,14,14,43,55,89,2,100,8,45,14,55,22,36,78,20,48,94,80,81,64,50,86,86,51,56,65,38,11,85,9,47,15,97,18,94,61,38,100,43,69,17,64,10,19,1,61,3,76,68,18,49,36,5,33,11,80,88,92,99,8,47
25,15,24,26,37,27,91,43,27,92,75,49,54,90,27,70,97,17,78,52,11,77,35,16,37,13,85,37,96,20,23,19,15,90,58,24,68,44,69,39,11,84,62,81,95,9,81,48,48,29,84,9,51,16,91,60,97,99,64,26,64,28,87,54,59,15,91,40,8,37,73,76,46,48,3,8,44,98,58,22,87,36,92,35,4,51,100,36,96,75,46,99,86,16,78,90,59,64,65,20
69,71,54,64,75,62,42,4,74,37,24,70,8,13,30,58,50,97,44,46,56,98,17,48,57,54,41,40,90,13,55,34,37,20,14,5,36,76,69,33,24,85,64,49,84,88,37,93,15,96,13,25,2,50,36,45,6,60,50,35,81,42,99,17,44,57,8,50,7,81,75,28,67,53,40,17,37,44,55,80,16,25,76,55,80,4,46,71,8,88,21,65,50,16,30,16,51,54,67,63
35,95,46,45,74,61,73,25,95,43,3,72,7,29,97,48,71,3,34,38,90,60,58,55,89,66,18,12,21,27,76,21,3,28,88,3,70,62,75,29,68,78,15,100,28,34,54,86,59,12,81,85,67,73,62,76,11,58,24,44,20,46,97,6,23,82,82,88,2,16,35,10,99,3,45,43,85,43,60,62,85,21,27,88,55,27,60,9,41,28,32,69,100,7,86,34,22,72,5,51
50,48,75,33,8,34,7,9,55,5,21,78,41,52,13,90,14,20,6,67,71,61,20,13,57,85,7,94,7,33,14,69,12,70,50,55,62,56,52,28,92,66,71,19,98,12,10,86,16,4,6,82,3,95,0,45,90,28,56,81,19,42,40,97,62,42,43,8,38,89,32,52,65,3,17,17,89,99,77,89,64,63,86,50,29,12,92,1,27,25,97,93,41,44,65,99,88,91,57,6
83,88,18,3,8,47,96,67,55,0,66,7,71,90,85,18,47,37,27,38,27,60,46,69,24,61,32,18,91,42,78,52,3,34,93,53,76,19,2,98,90,36,15,81,98,0,41,1,88,23,15,68,86,59,50,59,60,15,31,28,8,8,53,78,62,52,88,29,22,69,34,64,68,98,43,29,77,32,79,38,48,52,33,48,20,80,5,77,5,31,30,94,96,98,89,81,84,39,41,75
32,5,96,100,70,80,49,34,25,51,82,24,96,47,20,13,31,66,26,9,74,79,64,12,53,25,39,8,60,41,83,79,84,77,44,78,28,55,4,56,58,52,55,41,80,89,97,81,69,97,13,88,71,57,53,21,19,92,15,6,38,52,90,61,96,18,51,84,89,68,62,89,49,57,26,59,63,56,21,68,71,50,6,78,37,66,53,65,64,74,30,6,58,81,49,63,11,12,75,25
85,83,47,9,20,90,21,69,5,16,7,40,89,97,9,77,75,9,93,84,21,41,38,87,31,49,85,82,40,78,98,20,13,71,16,14,59,79,80,18,16,84,45,10,5,83,10,44,79,67,72,65,25,16,92,4,79,6,39,52,64,78,81,39,57,8,54,93,91,25,46,25,40,63,12,82,62,96,52,8,64,55,5,40,47,62,12,69,89,97,67,28,15,27,9,43,93,41,14,50
32,61,60,32,90,50,35,71,9,88,82,52,56,63,78,79,57,82,74,55,92,31,88,90,48,42,78,21,13,31,98,97,3,40,37,51,12,37,1,98,65,61,13,36,96,54,79,12,74,70,39,97,55,37,74,90,9,64,90,4,49,36,96,63,45,52,34,82,0,32,83,29,32,5,77,27,60,43,27,38,80,49,90,83,81,39,57,21,19,78,63,52,57,29,2,75,11,43,99,37
22,63,15,32,82,10,81,80,72,62,92,44,10,12,59,45,77,60,32,15,97,95,38,90,64,21,15,98,54,54,75,1,14,30,51,10,69,29,91,88,37,93,10,52,68,1,45,77,66,17,4,63,84,58,98,75,68,65,100,95,40,23,28,29,18,15,28,66,96,62,77,13,91,5,2,6,28,69,100,65,85,66,42,29,95,7,40,13,66,47,78,97,74,12,49,57,53,87,0,100