6,11,34,55,40,46,64,44,49,3,66,45,69,31,30,83,0,84,11,13,20,22,12,36,58,9,53,97,48,100,71,43,47,31,23,12,10,41,74,83,97,24,63,94,49,34,89,88,19,47,42,19,53,3,34,64,60,0,46,10,100,57,99,62,51,7,8,14,40,83,57,86,85,34,55,9,86,56,68,37,98,2,33,69,21,47,89,0,93,98,11,65,20,52,44,77,29,86,87,36
48,33,19,81,66,83,44,17,28,94,49,80,53,77,36,30,24,78,85,87,53,77,96,94,9,9,25,8,92,24,18,82,26,16,85,52,81,79,27,18,12,8,74,89,82,39,54,9,74,91,51,16,13,58,27,34,73,1,96,66,30,46,64,52,74,28,6,32,50,71,5,39,94,4,54,71,32,72,54,72,32,3,75,29,90,12,76,84,22,92,65,68,80,52,59,58,15,35,18,30
34,94,54,99,98,57,87,89,55,14,99,20,57,11,4,50,45,83,55,48,57,48,2,27,22,41,95,18,6,47,67,71,31,8,4,57,15,16,24,72,72,74,59,10,64,91,25,100,19,8,52,92,32,73,95,92,66,99,36,1,17,25,64,53,88,11,85,75,21,63,76,56,28,27,87,42,61,49,67,71,94,43,40,68,25,57,82,85,52,65,28,85,42,40,24,12,41,80,47,1
5,97,11,21,78,50,15,66,42,64,39,11,59,97,29,97,44,95,100,80,89,41,17,32,61,28,74,91,84,25,47,48,8,69,11,24,90,9,56,75,26,34,28,38,60,23,78,74,16,27,87,93,20,6,80,42,56,91,2,52,34,27,65,45,28,89,40,2,93,78,26,27,22,56,29,54,15,85,9,82,71,8,4,57,74,51,75,25,26,65,61,5,73,70,59,19,25,33,21,12
73,97,43,38,73,15,31,57,12,96,62,15,22,5,83,72,62,58,88,73,37,64,35,66,29,34,82,61,14,77,87,62,65,61,92,0,35,37,69,21,41,71,93,62,100,74,30,1,22,55,93,99,95,24,83,43,18,8,40,87,4,23,4,91,56,78,11,22,54,64,15,98,74,56,29,60,68,83,65,71,3,84,14,85,86,69,69,7,31,89,62,41,48,30,43,8,63,29,47,88
60,76,72,97,56,49,97,67,10,55,82,22,35,43,77,85,89,52,36,17,87,7,72,65,86,2,44,90,88,56,99,27,23,91,30,33,35,35,60,63,96,84,46,53,51,37,15,34,19,88,25,42,72,31,92,49,16,6,58,66,52,90,90,9,26,24,29,20,57,32,32,48,12,87,13,4,35,65,31,71,6,96,51,49,33,82,2,37,16,97,84,7,30,13,8,71,45,89,24,27
10,16,4,42,99,23,73,63,80,22,24,17,63,92,28,73,3,17,29,11,12,5,3,91,60,24,5,23,81,83,0,49,99,43,13,7,64,85,13,24,93,95,70,35,7,67,22,48,25,35,63,41,67,54,25,64,29,41,97,21,21,44,46,16,50,37,66,22,72,40,78,93,96,5,23,32,81,94,14,40,12,89,2,62,10,97,94,47,46,81,64,44,34,41,5,39,52,11,97,18
82,22,71,10,8,11,50,48,57,50,65,41,87,77,39,22,67,64,15,44,8,25,78,95,24,98,80,44,10,68,14,7,60,65,81,24,51,100,34,93,82,88,37,65,6,44,2,85,80,83,5,79,81,13,36,57,38,37,92,10,25,71,30,1,46,53,53,93,99,7,18,24,42,64,78,52,3,11,91,91,77,9,33,76,89,60,62,18,13,22,50,81,10,39,3,28,82,43,3,9
33,72,47,61,99,63,96,33,6,30,36,52,60,31,70,91,82,29,23,72,99,79,68,42,100,87,51,8,7,80,90,71,44,39,67,28,11,11,13,42,35,29,100,10,83,100,77,4,24,14,32,26,90,27,49,62,0,94,33,37,70,16,82,54,27,77,89,88,78,27,58,42,8,7,66,76,62,19,88,30,2,44,33,90,30,85,3,59,34,38,15,72,64,93,46,4,72,19,95,41
37,38,9,47,23,69,67,53,54,71,10,79,15,81,54,18,72,50,55,41,93,42,22,33,60,78,100,21,43,22,25,45,10,63,36,64,76,36,83,59,56,99,80,91,29,55,86,14,69,49,32,80,82,0,42,6,25,21,36,32,80,36,27,72,89,49,0,24,34,22,4,69,54,40,64,21,26,13,45,30,69,43,99,68,50,88,53,90,3,55,67,99,17,27,33,50,7,28,84,81
52,2,7,77,33,31,49,99,63,79,56,57,26,100,74,39,38,1,35,11,57,13,90,78,61,72,92,77,18,1,41,54,44,10,7,23,33,69,52,66,57,0,9,1,79,24,16,22,21,4,95,0,67,66,60,71,100,49,57,20,33,73,21,66,65,26,65,36,21,62,13,80,14,59,73,30,8,78,43,40,84,31,83,10,41,32,78,58,70,75,56,94,48,54,83,100,13,42,96,26
49,18,23,44,31,53,16,60,47,94,19,6,3,55,21,57,47,99,48,82,38,52,29,45,0,91,82,8,8,76,23,100,72,97,38,32,27,60,33,17,58,88,5,99,74,36,78,9,66,29,78,56,53,73,95,71,89,39,54,9,10,42,83,15,39,51,25,47,53,71,82,92,99,61,32,24,21,91,59,27,50,81,43,98,53,5,65,29,93,86,9,88,23,53,87,11,95,30,61,95
28,79,8,74,81,68,61,7,5,81,70,53,45,56,34,90,78,59,47,14,65,16,37,98,8,55,76,37,11,20,36,66,35,68,10,13,59,75,25,41,44,16,2,39,81,62,67,70,46,25,49,85,92,40,100,17,75,13,92,81,10,20,23,3,91,5,37,22,20,11,80,38,77,65,7,72,18,46,5,6,84,98,85,60,30,21,91,72,68,79,76,58,23,30,0,98,43,72,55,53
6,87,61,13,75,99,2,80,2,8,86,73,61,11,70,9,80,43,47,41,20,82,57,82,5,3,38,6,71,34,16,12,15,44,15,65,44,24,30,74,10,73,2,9,4,5,94,71,64,69,35,27,98,78,26,17,8,51,0,62,3,100,12,50,67,23,88,33,42,12,32,28,62,7,4,41,45,80,94,20,91,46,24,21,22,34,54,28,9,80,66,67,68,37,20,30,93,13,59,4
27,13,72,79,96,42,98,96,29,64,27,30,15,58,83,27,89,84,6,78,50,18,22,8,68,8,29,72,35,98,98,54,68,18,12,22,100,46,51,50,36,100,78,35,38,43,55,13,64,45,56,12,60,91,6,76,95,4,51,100,35,40,88,97,78,19,25,87,46,90,34,67,97,5,35,80,67,61,23,91,84,69,77,73,14,100,53,53,12,63,3,59,23,13,86,35,2,7,56,97
61,65,98,92,64,48,34,18,24,92,96,26,93,72,83,54,21,42,15,79,41,54,99,90,14,57,15,69,64,22,74,52,59,82,88,88,14,77,25,97,97,12,44,96,41,73,55,66,54,9,80,39,51,57,78,93,32,58,6,6,36,50,96,18,21,19,50,2,40,20,70,67,14,56,56,5,91,2,39,73,63,27,33,14,78,82,58,41,38,19,62,40,30,45,4,71,29,99,64,61
65,43,39,36,65,83,59,50,75,80,26,76,9,21,29,77,96,43,1,51,30,30,71,6,58,25,43,60,63,18,33,90,26,90,38,68,6,34,76,59,34,90,80,96,61,98,32,67,4,65,74,26,19,55,23,45,57,48,67,86,36,80,40,54,94,29,20,82,6,36,72,79,82,60,56,39,4,24,6,66,92,19,98,98,96,100,63,23,23,10,37,54,78,84,88,25,24,7,51,46
66,95,85,72,100,29,63,56,41,21,3,5,79,65,9,43,21,75,24,43,13,58,40,37,25,92,62,1,94,2,29,77,27,24,3,58,19,24,70,38,6,78,41,7,7,53,63,75,17,7,1,55,95,22,72,6,52,0,97,45,79,93,64,74,45,36,5,3,5,47,43,21,2,45,73,81,25,77,66,29,1,78,31,96,41,39,44,24,26,15,6,41,61,80,38,59,58,72,27,56
72,28,99,61,47,99,20,31,24,11,51,91,35,28,100,24,79,86,38,66,75,42,13,10,80,76,21,49,47,48,60,49,42,10,36,85,11,29,69,23,95,3,42,64,99,59,58,57,16,60,88,100,2,24,17,41,80,21,46,93,5,82,80,31,57,59,4,47,77,15,36,3,89,30,55,3,61,0,34,75,72,51,61,10,51,37,87,21,84,55,51,13,21,39,86,45,50,47,3,32
62,91,79,99,79,55,53,29,98,59,91,20,15,0,53,91,47,2,85,42,10,21,19,27,1,90,32,12,57,1,77,7,48,1,78,23,51,19,6,67,88,31,80,10,64,97,46,99,87,16,34,69,33,66,78,23,84,92,47,78,19,47,27,31,37,37,45,75,44,8,92,100,43,100,51,12,94,84,60,27,2,46,67,19,85,85,73,28,51,80,62,52,98,16,7,89,33,57,14,93
32,45,13,72,11,73,20,100,42,19,79,27,79,39,34,58,74,45,46,25,77,70,23,81,13,52,85,53,43,8,54,22,48,45,83,23,13,89,74,3,73,56,93,47,27,51,68,67,39,41,42,13,20,40,97,57,0,82,41,51,17,71,36,28,69,3,87,90,8,95,89,52,12,80,22,23,26,98,18,75,5,26,97,50,79,10,48,35,17,89,94,39,74,43,75,40,66,62,95,53
22,35,97,80,3,63,15,16,1,100,71,81,88,90,12,12,57,52,11,86,28,47,14,19,37,80,70,82,61,62,53,3,29,30,46,43,45,83,86,93,70,67,92,54,71,17,22,60,88,67,57,20,89,79,0,85,39,69,52,91,23,87,84,30,23,69,45,60,71,52,25,40,61,72,78,75,62,69,63,20,6,10,8,20,22,45,66,2,53,88,93,18,10,37,39,13,71,55,26,25
41,9,28,29,70,60,46,64,46,31,86,46,94,95,86,35,10,94,27,88,39,34,92,26,84,49,26,33,18,24,19,51,77,93,35,92,46,68,56,87,67,32,72,16,41,66,97,95,45,74,68,74,33,57,41,53,45,71,13,89,54,74,79,85,55,87,45,2,18,86,30,35,70,14,20,75,17,41,68,40,19,35,64,56,73,82,96,96,9,91,28,43,90,64,10,24,35,65,4,41
61,51,0,45,45,99,38,23,23,87,51,62,97,62,50,84,52,6,43,28,67,88,26,45,55,82,15,47,4,43,18,21,10,96,63,62,49,41,17,76,51,12,93,3,96,6,99,41,85,29,41,40,88,87,12,27,59,34,51,79,72,61,32,23,43,8,30,50,43,27,18,37,62,37,60,22,81,95,54,55,56,11,48,66,98,25,1,77,88,85,30,53,55,45,4,29,68,36,90,44
32,88,35,93,6,87,65,52,21,28,53,39,53,6,97,23,89,85,79,10,62,67,34,33,48,33,6,67,67,26,55,16,68,43,91,67,42,79,80,73,84,98,18,10,23,33,41,86,21,42,73,15,100,8,1,42,2,2,72,22,46,72,22,44,50,79,72,17,28,32,94,55,58,72,48,49,4,82,74,70,29,17,38,46,31,30,8,26,91,88,70,96,54,32,70,36,85,64,20,23
24,6,17,69,10,91,0,40,60,50,55,48,45,80,12,27,32,1,45,79,2,47,27,47,10,35,54,64,53,64,12,37,1,44,58,79,100,63,54,67,91,33,82,22,50,12,71,9,50,3,11,68,95,47,70,100,41,20,97,40,39,83,72,10,94,60,57,75,68,49,4,57,96,16,67,37,28,37,84,86,0,86,22,67,20,4,60,93,69,72,21,76,74,9,3,57,69,42,57,61
77,60,75,39,27,87,59,88,90,49,25,38,53,76,44,15,67,40,44,70,30,96,80,1,57,15,63,70,60,78,16,91,54,12,28,71,19,31,76,69,16,13,95,57,28,17,14,75,90,39,37,80,99,27,36,23,57,55,90,1,94,1,21,76,87,64,53,84,100,52,3,95,97,87,4,75,87,85,10,73,92,100,50,9,79,80,19,86,35,46,55,8,9,87,51,65,29,48,84,25
9,68,40,0,53,5,21,93,35,3,29,70,9,59,48,94,50,84,89,2,12,95,5,100,8,69,99,25,2,63,35,44,25,32,17,21,94,37,25,66,33,20,69,68,9,97,48,51,26,74,12,5,9,86,91,97,54,11,33,25,65,47,73,44,27,20,57,73,49,77,95,59,83,59,46,64,100,49,55,61,8,63,86,71,17,35,25,23,40,96,29,93,42,48,65,58,93,85,29,95
26,54,93,36,1,47,32,25,79,6,27,68,81,55,44,43,75,92,50,68,29,21,29,60,42,95,33,24,71,84,62,0,91,57,56,33,46,4,16,28,45,75,23,46,29,15,31,95,20,11,96,66,30,19,1,76,41,56,79,20,1,36,54,54,68,35,10,4,87,8,32,67,23,91,16,47,37,62,0,47,20,38,72,27,30,12,14,7,48,66,62,30,98,93,63,9,37,72,70,53
94,90,47,73,80,73,85,64,90,93,53,15,9,57,3,44,79,45,34,48,60,83,88,57,78,46,76,36,53,97,23,55,30,64,8,87,6,18,69,99,90,84,85,54,12,72,73,92,87,93,87,18,93,83,52,3,3,99,33,49,2,19,73,93,93,69,91,19,10,91,46,71,36,67,57,90,14,0,91,22,17,82,67,77,70,6,78,21,89,100,40,37,60,97,31,87,42,70,95,73
14,49,25,35,24,71,15,12,33,15,67,73,28,48,9,20,66,0,97,17,88,99,41,35,44,12,71,47,60,57,5,58,23,19,18,84,28,23,68,36,23,45,77,87,23,76,58,36,37,25,51,25,91,51,82,23,35,73,37,19,83,41,14,56,60,53,23,4,16,92,79,35,76,78,78,39,61,9,67,90,64,72,99,86,30,86,2,45,64,66,47,9,89,93,32,71,90,29,60,92
68,77,31,84,80,73,7,82,92,69,88,70,89,97,89,13,24,33,36,29,64,22,79,46,60,90,36,50,19,50,85,55,56,86,36,14,73,89,80,10,67,49,55,29,44,92,40,15,79,6,53,21,74,52,44,2,81,9,9,38,37,41,51,39,75,46,79,90,93,39,66,86,84,8,92,75,57,94,49,1,19,19,55,16,33,40,88,52,80,8,65,58,87,26,17,53,99,30,29,34
7,5,62,71,62,78,76,87,18,39,99,68,49,3,62,89,61,42,91,52,85,47,98,45,47,25,57,81,58,40,23,65,77,97,83,99,7,72,83,8,63,51,75,75,13,80,88,37,81,33,52,63,92,21,90,100,9,83,98,59,88,92,29,15,4,32,32,61,87,90,2,77,1,100,13,95,21,1,21,99,88,28,1,98,75,53,86,12,25,68,69,91,79,77,45,40,28,67,53,4
85,29,88,2,63,95,41,27,13,5,37,61,60,3,60,11,100,58,8,35,17,25,84,20,87,40,28,5,10,33,98,51,2,6,77,36,90,91,54,71,34,71,30,23,4,64,31,65,79,45,95,96,88,1,43,2,67,47,30,57,40,5,12,84,27,18,92,61,73,10,37,40,36,100,41,63,67,75,52,68,92,20,52,79,23,36,35,85,20,10,83,48,100,24,69,63,100,91,60,99
66,66,75,41,65,22,83,41,70,68,51,5,82,67,46,6,75,78,71,95,70,16,74,11,56,7,4,42,73,25,8,18,74,62,52,1,60,96,90,47,80,3,8,68,20,52,16,49,99,41,91,23,29,35,40,62,27,83,11,91,6,33,70,41,99,28,58,78,30,37,63,22,22,3,33,18,34,17,73,97,53,66,61,12,14,56,14,87,93,18,15,52,79,34,97,17,58,25,35,6
35,78,8,3,55,98,97,35,18,36,28,80,51,78,45,55,32,98,84,74,93,48,29,14,46,27,26,69,9,63,74,10,43,97,96,51,17,14,83,13,63,53,49,1,7,18,90,48,30,1,89,33,100,67,74,88,11,51,25,30,98,95,2,83,91,76,6,4,75,1,99,93,48,3,41,7,74,28,4,2,62,18,68,91,35,79,99,17,18,73,20,78,0,15,14,35,33,58,90,89
17,59,75,28,85,98,74,10,1,58,54,95,57,16,96,4,25,33,54,51,57,57,66,46,94,54,11,69,59,18,39,45,51,69,47,3,40,50,20,71,32,10,77,57,63,53,91,17,18,42,44,64,96,42,30,6,86,47,60,22,52,39,61,3,34,47,42,27,9,7,27,3,50,53,95,96,98,63,58,54,30,14,11,7,66,88,40,34,24,30,36,26,83,98,39,17,71,4,85,43
37,20,61,91,50,26,36,54,23,100,24,16,45,92,43,25,51,81,20,73,62,55,45,9,62,4,99,13,81,49,67,95,7,17,28,90,79,66,15,0,20,71,38,56,38,22,57,11,77,92,23,5,78,92,75,59,61,79,43,6,40,5,21,71,62,43,22,96,55,76,94,41,2,80,22,87,70,13,21,97,18,29,98,13,82,7,49,37,42,54,55,80,10,52,7,34,61,48,38,50
98,15,94,33,20,82,68,40,32,9,14,85,0,30,53,75,9,39,7,5,100,30,92,77,97,56,55,31,16,76,36,4,79,3,19,38,50,76,38,15,28,31,54,56,26,81,6,29,71,55,96,40,88,10,15,42,28,62,62,59,14,25,77,69,49,60,38,72,21,57,52,40,79,69,37,37,62,80,48,6,5,89,47,57,94,57,28,78,37,87,34,56,20,87,53,79,89,19,32,61
39,5,60,61,87,92,86,61,6,8,14,61,62,50,53,76,40,18,74,50,16,98,60,27,11,84,53,39,75,62,27,46,95,17,16,41,40,69,84,28,11,23,94,79,52,91,62,40,49,25,13,26,57,8,68,88,26,45,75,59,46,76,46,80,73,46,21,83,80,86,74,25,42,51,93,90,12,82,60,45,34,98,83,44,25,72,45,98,72,5,23,21,14,99,41,0,58,99,90,81
91,26,47,38,15,78,59,27,62,7,29,64,97,5,89,82,74,86,9,62,31,47,41,75,6,51,5,85,86,45,73,10,3,67,19,10,2,0,48,56,94,75,44,74,87,42,99,29,83,21,25,0,74,54,17,45,55,58,4,99,60,87,71,27,11,75,77,58,16,8,73,36,74,61,38,79,8,86,20,95,4,44,65,69,21,62,90,39,9,31,95,20,83,38,0,38,52,92,85,30
75,27,97,83,24,97,30,42,98,80,58,30,77,96,38,5,61,87,62,20,76,30,30,92,33,3,53,72,28,27,72,37,68,99,3,99,10,6,71,98,62,18,76,59,20,63,83,90,84,27,21,58,53,99,54,11,61,88,41,55,76,24,31,59,48,79,58,33,24,26,30,99,13,23,12,9,8,52,0,91,92,37,27,45,60,85,41,31,0,43,33,66,80,35,65,56,62,55,4,34
86,51,57,74,34,21,8,40,78,82,24,23,76,82,87,50,16,81,11,97,91,70,59,77,38,16,79,69,52,75,89,72,29,22,20,59,10,81,79,27,43,61,0,58,67,24,57,33,27,44,51,97,31,14,28,67,98,54,71,87,58,1,97,74,30,63,81,45,50,91,12,61,74,77,16,10,33,45,81,12,22,37,55,39,29,68,14,35,4,96,81,62,79,42,51,49,0,88,56,81
65,100,27,4,58,30,35,1,12,1,46,83,27,58,68,23,32,48,41,8,33,85,79,2,21,54,41,75,25,75,30,62,97,42,43,25,28,90,48,100,64,18,63,2,56,24,8,5,13,53,44,100,55,100,34,32,51,67,65,0,61,50,91,14,28,30,66,3,36,94,31,15,85,62,0,49,15,51,96,96,92,25,41,67,100,46,45,5,54,61,36,66,16,74,65,51,90,4,44,62
58,22,39,94,61,19,96,28,90,43,19,70,72,6,82,33,61,53,34,73,41,32,3,79,76,97,37,4,81,1,21,27,21,18,21,30,16,31,82,17,94,55,8,72,60,36,86,97,59,44,57,69,84,14,28,43,66,78,28,91,99,51,66,80,7,51,63,66,50,2,64,88,36,40,62,69,77,24,91,2,31,70,8,91,63,77,100,64,52,27,79,95,34,94,65,38,58,89,8,86
0,27,75,100,47,79,30,84,95,15,76,31,71,91,69,66,32,31,32,84,13,93,49,43,54,81,11,47,42,92,54,17,89,34,98,26,10,29,72,78,6,3,67,22,16,96,45,79,75,61,19,28,50,76,16,93,83,48,68,72,96,47,100,70,14,59,58,9,40,57,19,79,0,96,19,50,31,100,22,31,1,81,3,9,12,84,78,86,37,16,61,55,14,83,82,8,93,5,56,52
6,18,80,71,23,1,52,39,86,40,96,92,33,75,69,52,100,45,28,39,81,54,19,8,38,49,30,84,73,55,80,28,87,47,70,5,34,25,10,36,97,78,17,90,29,30,1,49,58,90,82,21,8,84,88,77,100,10,11,89,73,54,1,99,2,98,84,98,57,98,69,11,71,41,81,79,49,43,28,8,74,20,11,87,33,67,55,2,64,70,84,34,65,3,81,97,85,34,91,82
43,82,54,62,23,68,94,38,42,45,36,89,36,86,51,31,48,68,73,71,22,86,90,84,36,26,74,63,7,25,16,1,82,77,92,8,19,10,21,29,62,83,2,97,68,59,40,75,95,20,27,29,66,94,38,3,51,86,17,10,46,79,98,14,97,82,55,85,55,93,11,88,78,29,45,2,24,66,56,71,4,7,9,30,40,29,25,64,11,85,97,44,2,26,57,11,8,16,75,62
77,6,6,46,49,29,89,92,66,42,14,43,31,84,32,5,84,63,78,20,11,99,74,90,79,10,47,73,76,9,30,100,30,74,36,19,25,68,44,69,15,95,4,43,85,80,59,98,60,30,25,14,23,38,55,99,9,3,2,49,46,36,33,36,13,70,63,76,11,92,48,98,4,4,62,80,49,55,64,20,97,53,81,28,16,99,75,39,54,57,43,20,73,78,89,37,38,25,11,92
28,27,26,26,87,16,60,24,99,48,48,47,11,40,20,43,60,1,3,13,100,35,16,23,5,9,95,59,18,90,35,12,91,17,27,94,82,24,39,48,16,75,54,60,21,65,77,6,90,23,46,49,3,61,100,63,77,94,64,89,46,55,98,31,43,100,6,39,55,14,4,36,48,56,73,80,97,74,50,62,27,12,40,77,24,78,88,71,11,77,95,54,42,31,57,98,59,51,14,11
23,44,19,83,10,43,99,41,10,20,28,22,90,49,98,77,63,45,25,89,83,94,92,16,98,4,13,39,61,64,86,95,98,76,68,27,26,32,20,60,7,93,81,74,85,16,85,96,31,6,80,37,56,33,24,24,24,79,60,70,6,17,26,33,10,46,71,96,17,34,91,60,100,69,96,62,40,30,57,91,69,10,34,14,98,89,51,79,94,89,1,99,54,62,61,47,83,69,39,81
45,100,34,58,45,54,57,70,82,63,79,62,77,27,88,0,64,53,93,48,36,57,50,15,69,96,77,10,50,29,58,76,76,38,76,81,86,64,27,23,2,12,73,43,44,65,23,32,63,96,9,35,89,81,22,32,21,76,13,27,56,54,42,40,15,99,7,97,100,62,65,53,83,16,39,72,44,86,27,47,66,66,31,97,88,39,27,28,32,36,93,26,79,82,61,33,30,98,59,2
34,28,9,38,19,52,28,48,43,21,17,9,83,85,49,32,25,42,44,52,58,74,60,35,99,61,3,2,31,56,90,5,92,30,53,0,21,85,40,2,36,49,46,6,33,28,66,14,36,83,90,66,78,1,60,28,40,40,97,52,89,89,57,75,67,27,92,41,39,22,93,60,83,41,84,73,45,72,30,56,85,12,2,81,55,58,57,45,42,39,53,50,59,90,17,41,15,95,67,99
29,74,65,59,87,60,70,76,59,69,51,75,71,80,21,73,0,83,69,23,53,71,8,54,99,9,83,15,92,33,22,96,72,45,50,63,0,87,67,74,6,47,99,49,53,82,59,81,35,58,1,82,34,85,22,91,91,32,93,45,21,37,23,94,20,86,69,25,96,91,55,32,83,70,50,44,70,32,2,100,1,32,55,16,60,95,66,94,79,66,73,58,27,5,100,41,20,45,25,73
80,79,85,28,63,74,91,50,43,49,91,67,15,22,24,32,8,28,64,77,49,25,2,18,50,50,88,30,29,27,95,70,90,36,86,37,86,19,12,4,15,14,68,65,25,70,58,60,85,69,26,21,43,65,60,62,43,79,4,39,86,20,3,0,27,89,74,61,81,81,4,19,70,15,16,36,53,6,92,79,82,30,21,76,95,92,22,62,3,90,86,84,86,4,25,11,32,74,94,36
2,88,71,51,59,56,35,76,2,80,56,98,66,72,14,69,85,22,21,60,69,24,48,48,34,57,23,90,5,91,19,27,39,4,97,70,40,94,70,77,81,59,83,83,58,55,81,4,67,89,12,68,69,93,87,30,63,27,76,95,64,1,87,74,60,91,24,96,52,33,51,26,100,24,1,81,96,84,90,3,63,48,60,95,35,62,93,46,40,4,34,19,62,88,90,34,97,80,70,51
60,86,25,76,33,38,12,90,59,15,54,92,40,8,90,19,16,21,90,22,41,8,96,70,51,53,52,59,26,5,31,1,42,13,65,86,28,88,74,57,9,12,53,63,21,100,20,25,39,80,47,67,93,71,10,34,100,44,50,93,77,19,27,14,34,58,61,24,29,81,45,11,37,71,78,94,19,98,42,91,17,7,18,54,61,96,20,53,97,32,47,76,92,9,90,75,98,98,15,73
50,26,35,14,0,38,41,30,81,1,73,29,0,55,32,47,23,16,70,32,50,71,40,65,70,97,94,77,24,36,37,53,20,4,43,24,86,60,21,0,16,19,94,74,38,42,35,24,45,46,30,58,91,32,48,31,17,70,64,27,22,24,5,97,90,54,34,54,88,79,31,80,15,42,46,71,58,63,2,61,78,9,47,57,25,24,8,7,99,10,37,78,29,84,70,93,14,88,45,16
83,2,2,0,57,48,77,70,80,46,41,37,72,38,27,3,21,94,18,61,94,74,23,2,18,11,24,93,67,84,50,74,100,100,76,53,68,96,67,71,99,54,19,81,97,29,12,45,52,48,100,88,12,19,28,100,7,81,71,63,35,66,49,81,52,19,41,34,86,10,23,41,84,35,16,7,97,50,87,98,97,47,56,40,55,76,3,54,38,77,89,56,20,80,66,72,54,46,8,15
68,32,76,79,26,29,50,92,73,93,2,9,5,71,27,78,69,78,38,80,13,43,27,47,14,99,80,20,32,46,13,26,29,15,57,80,83,57,11,16,69,4,37,72,34,73,92,88,63,64,31,1,40,88,21,88,68,94,99,17,15,62,33,31,98,27,21,98,56,33,86,44,0,13,60,90,86,78,99,53,3,25,3,78,52,41,24,91,68,31,97,94,20,13,67,48,91,82,15,6
36,17,86,19,31,8,29,21,34,0,93,18,60,65,48,80,6,100,1,88,2,21,12,53,33,43,62,97,51,6,14,26,89,12,55,67,16,70,52,72,95,28,13,20,28,18,59,37,16,30,59,80,8,14,56,73,62,4,1,18,29,39,10,3,96,69,55,78,78,25,18,64,82,77,78,87,39,4,52,34,92,25,85,7,69,52,27,56,1,61,60,91,24,67,8,12,52,17,54,96
35,89,42,14,63,96,1,32,36,0,62,13,36,88,54,22,43,50,6,79,55,18,49,26,88,73,70,74,5,53,71,100,6,24,99,27,58,10,12,100,100,92,94,14,59,63,30,14,96,21,39,56,30,80,67,75,48,3,23,12,2,53,20,94,31,2,95,79,92,93,41,96,72,28,96,96,50,51,35,90,31,62,13,71,29,17,42,79,71,85,90,85,88,94,89,5,86,37,61,12
99,31,44,91,75,85,92,86,72,25,100,76,77,11,34,78,84,80,48,97,44,67,56,82,78,54,54,73,10,33,74,52,44,5,95,88,74,18,73,63,64,68,79,17,9,13,97,30,79,47,69,82,99,33,24,16,31,92,57,62,83,82,15,65,48,59,75,57,3,21,24,43,70,59,60,46,31,34,16,73,80,72,85,44,9,44,6,14,67,28,92,90,10,31,48,12,39,10,63,58
7,71,91,3,3,19,25,79,96,82,28,39,47,43,38,86,39,58,95,35,81,97,48,9,10,60,0,24,42,87,53,7,10,86,89,74,20,74,49,65,77,49,98,17,16,80,5,22,82,29,47,82,92,14,54,35,54,13,63,41,75,42,60,53,69,25,37,96,70,78,86,75,83,44,58,42,64,89,52,8,59,31,16,86,15,58,54,62,53,4,84,33,95,48,17,6,9,19,21,91
18,17,88,48,13,27,51,64,43,24,100,6,63,45,64,95,42,83,29,6,13,67,14,82,99,18,40,62,42,72,85,8,65,66,4,95,40,86,92,31,27,34,95,78,72,27,23,9,11,41,78,83,14,69,43,62,68,56,31,59,26,30,30,67,98,64,22,88,31,69,66,63,97,68,24,37,64,12,10,75,90,16,60,1,76,38,59,56,92,37,10,67,23,94,20,48,50,41,86,76
0,8,38,97,14,14,40,34,35,38,26,86,35,100,87,95,84,49,15,67,65,87,89,74,10,3,58,14,22,93,32,87,49,41,26,64,99,35,5,11,11,0,62,30,51,100,43,31,1,6,83,56,84,14,57,8,73,80,3,0,30,40,47,31,47,13,32,88,57,96,0,88,77,73,0,41,96,66,8,12,20,83,82,98,14,79,26,48,75,68,52,99,82,25,0,19,60,75,56,73
25,80,11,45,30,7,14,83,23,40,25,56,45,44,19,54,89,83,7,41,14,20,70,89,6,89,34,77,67,35,13,24,34,95,91,3,39,21,63,32,78,68,11,15,45,76,14,19,34,31,53,10,79,17,77,45,23,72,85,17,69,17,8,78,22,44,40,67,33,54,22,45,27,94,38,88,68,94,100,99,20,36,48,36,67,31,14,66,65,77,87,100,73,53,53,24,72,5,77,57
46,34,63,28,53,15,60,46,21,51,79,25,63,68,50,25,85,47,40,77,23,8,33,27,12,50,9,20,47,78,9,39,29,21,76,93,6,74,33,11,97,61,13,14,56,14,11,49,6,33,33,3,96,37,86,22,17,74,0,54,66,74,4,35,67,45,17,89,72,41,90,84,65,30,37,34,33,68,86,92,11,42,70,74,13,26,40,42,53,78,8,16,41,53,64,38,79,21,51,5
2,32,76,56,74,84,10,42,40,72,29,31,37,29,32,40,45,68,98,75,93,40,93,100,20,57,76,16,85,58,84,7,12,25,54,46,4,11,57,66,33,60,17,60,16,43,86,4,33,77,8,58,43,70,36,40,23,55,93,58,31,74,4,82,67,69,94,26,15,71,73,63,85,7,98,7,88,37,44,54,54,66,7,56,30,67,82,5,70,9,10,42,21,77,32,88,86,78,46,70
35,81,35,33,98,50,40,31,22,71,76,72,79,7,83,91,46,70,23,8,46,38,43,63,71,22,99,49,38,78,47,62,63,11,98,28,5,83,56,77,34,75,87,9,47,89,94,35,74,85,98,83,62,52,86,44,20,30,88,36,77,61,22,33,51,28,36,96,98,78,4,64,44,91,67,35,94,60,99,24,83,48,52,50,70,63,83,49,91,32,79,4,77,95,53,87,35,71,15,81
80,27,4,15,76,79,99,50,95,13,11,79,55,1,92,98,29,51,46,19,37,80,66,32,89,39,77,64,92,98,16,82,59,25,89,65,87,23,40,28,51,56,46,28,57,72,83,4,85,96,81,86,0,36,28,100,47,30,45,67,38,15,32,59,28,35,65,20,36,77,86,77,21,46,66,56,20,36,93,29,93,99,78,4,97,34,73,31,37,37,45,78,25,89,85,5,95,24,74,87
33,17,69,31,38,45,6,82,44,16,93,14,82,52,99,11,19,55,96,12,65,81,12,40,25,82,56,64,60,61,74,56,85,12,46,52,80,13,27,15,70,31,81,47,36,42,95,17,69,96,64,67,53,1,77,58,44,35,73,69,39,5,51,94,9,10,82,99,56,38,38,32,63,20,26,20,23,9,5,12,46,10,85,1,97,6,73,39,96,37,14,59,82,94,53,44,44,5,24,47
79,56,31,87,36,27,47,50,71,50,73,98,96,53,23,85,83,97,32,12,61,33,49,4,98,95,88,7,3,87,71,14,88,87,99,34,1,36,48,18,22,41,30,94,56,75,57,56,35,51,41,66,42,26,8,59,32,93,49,53,40,56,8,49,16,81,61,85,61,16,58,71,10,24,26,99,36,86,10,61,3,16,63,87,1,10,26,59,24,51,48,38,99,95,62,87,30,43,9,82
44,35,7,15,79,26,45,47,100,84,87,3,94,18,26,23,52,25,42,56,65,27,34,87,63,79,18,90,71,100,99,54,33,81,97,71,55,51,23,41,95,56,27,87,47,34,72,98,46,70,96,53,2,5,62,74,44,4,59,13,54,80,50,61,98,99,96,94,30,94,18,12,86,74,31,83,21,65,83,32,32,38,83,77,58,47,63,45,36,41,88,99,92,68,48,4,90,40,62,78
100,28,75,2,68,39,31,71,97,6,57,33,98,15,68,0,93,11,10,54,49,33,13,62,81,99,42,45,66,17,61,51,58,9,51,16,60,88,46,62,95,60,33,80,6,92,100,93,67,13,59,91,23,98,82,47,88,96,32,81,41,8,26,90,45,75,25,97,8,73,30,10,24,74,100,3,85,11,38,19,49,24,84,2,79,33,17,13,97,78,14,20,15,72,51,13,64,35,33,54
81,84,25,65,35,20,14,8,29,57,62,52,28,62,51,74,69,14,50,97,25,95,96,87,2,3,71,69,49,34,85,98,61,12,33,72,85,68,39,18,61,8,49,64,86,44,18,97,73,46,63,58,89,49,26,0,57,24,45,20,75,10,16,8,24,52,35,91,14,11,5,97,27,21,42,68,19,29,22,25,2,9,44,65,77,94,81,77,76,8,65,45,32,79,31,18,91,44,8,62
34,89,93,14,69,8,31,83,30,81,68,21,68,23,6,79,33,29,30,55,90,3,72,84,9,20,26,31,66,68,2,70,75,21,25,54,67,68,72,18,41,97,45,26,18,42,86,52,75,56,75,24,77,91,26,85,38,29,16,19,44,20,53,99,91,51,12,30,58,44,80,77,91,5,16,58,34,42,87,100,22,5,4,40,12,22,45,7,13,77,72,69,92,57,44,47,76,92,69,94
79,4,99,65,64,91,64,27,95,7,86,46,16,97,72,2,4,41,59,4,18,9,12,83,82,59,81,55,59,45,72,45,78,18,67,6,35,58,53,59,20,91,0,97,74,80,20,36,74,62,48,30,12,62,28,20,25,45,75,43,40,64,93,85,65,86,57,91,8,98,39,5,97,81,4,67,78,83,49,87,11,82,52,26,69,56,24,58,73,16,58,1,37,17,90,7,11,62,73,26
41,54,44,51,68,19,55,75,25,70,36,95,23,42,78,38,75,63,89,34,20,55,32,55,70,19,19,49,10,78,27,64,43,70,86,44,61,43,40,23,6,78,89,5,39,25,60,9,24,10,22,12,83,98,14,20,13,100,96,29,8,38,7,31,13,45,27,60,33,65,69,48,93,64,99,65,85,30,30,34,29,54,84,59,67,50,66,48,57,33,78,66,15,18,74,51,98,5,18,89
51,60,60,91,22,68,40,75,76,2,2,56,69,21,49,99,38,74,96,13,72,34,57,44,49,77,64,42,88,21,87,82,89,82,31,33,35,70,54,11,47,69,8,7,83,96,98,60,42,20,60,32,66,78,27,75,83,39,16,100,3,84,6,97,39,7,11,95,66,25,61,92,1,28,20,11,11,75,55,84,80,74,78,95,39,99,79,71,33,82,54,76,47,66,90,49,58,39,64,47
82,93,9,55,94,96,23,81,43,80,17,22,40,29,27,87,15,55,100,67,56,66,79,48,45,92,15,49,31,28,78,99,27,9,15,7,20,60,67,83,41,39,47,47,7,28,98,42,99,15,13,41,51,41,90,2,76,36,47,24,61,60,13,51,20,80,30,65,10,92,22,8,25,8,96,75,25,59,10,3,50,19,59,58,43,19,63,27,11,18,27,79,50,26,78,49,3,8,56,39
38,74,7,50,72,18,45,37,98,77,84,46,68,49,7,5,56,63,31,83,43,49,75,59,3,60,10,57,93,36,11,13,33,56,81,84,16,61,82,1,19,67,60,42,80,87,68,33,7,94,25,57,37,72,14,73,90,77,59,71,26,52,25,36,44,48,42,13,53,59,25,91,80,62,73,86,98,80,49,31,52,92,40,99,46,64,5,32,90,95,97,36,70,23,87,42,74,28,33,7
57,51,83,11,46,73,21,2,79,81,55,66,69,100,57,76,28,80,45,78,75,52,65,48,9,56,82,25,9,46,63,5,68,45,52,21,76,98,37,33,8,80,6,86,52,78,17,55,52,35,45,45,4,21,65,49,72,55,32,67,56,15,22,100,11,60,56,74,56,99,39,10,20,30,53,86,67,11,97,15,42,71,61,100,68,23,43,25,14,50,86,94,59,71,63,71,39,48,84,79
50,89,96,55,23,23,7,86,82,29,36,78,25,59,49,94,89,2,51,72,61,66,54,28,62,4,74,48,72,86,32,16,33,13,57,87,71,65,26,98,52,68,85,100,96,44,46,32,82,99,75,63,40,52,2,96,78,38,15,41,10,92,96,12,86,96,49,25,9,12,5,56,39,52,87,75,31,93,74,4,30,55,98,40,78,74,37,55,100,53,92,17,60,42,60,91,6,1,62,86
56,45,49,74,29,92,22,52,94,42,90,61,92,45,29,77,18,72,48,70,58,27,83,11,32,97,29,31,46,17,7,56,45,34,29,77,72,99,53,59,44,39,30,28,9,51,81,12,5,78,29,57,77,85,26,22,1,50,11,29,38,24,78,98,68,8,51,57,4,52,60,35,98,93,42,16,100,54,43,1,0,25,88,12,87,26,53,87,78,75,66,71,85,100,74,33,1,21,57,8
6,92,82,41,71,43,5,15,90,0,19,61,76,82,60,29,50,63,19,75,100,14,81,84,26,15,5,24,48,71,38,19,82,19,35,62,0,76,99,87,51,66,83,64,63,71,88,0,21,59,50,44,80,53,2,11,16,0,44,70,47,35,41,15,2,75,35,62,92,81,8,52,36,93,25,21,18,24,10,13,30,16,39,43,82,84,66,67,83,18,55,88,70,57,14,96,6,6,68,13
36,22,40,65,84,79,12,32,7,25,89,41,84,67,35,48,33,90,22,93,3,84,81,94,37,95,67,74,69,91,19,32,74,97,21,37,73,37,59,65,44,51,30,48,31,81,76,60,47,22,2,11,26,51,10,8,10,79,43,59,83,76,57,21,49,67,36,79,17,68,98,69,88,91,26,66,20,48,25,69,23,76,99,40,63,14,42,19,18,43,2,18,7,91,91,37,77,33,67,56
7,22,35,25,37,94,6,88,90,7,15,0,57,44,40,83,21,14,16,47,99,77,19,99,4,73,15,70,57,39,96,0,3,91,52,18,63,84,66,40,64,0,52,82,40,4,23,37,50,20,41,51,87,83,97,30,73,33,90,17,39,53,41,84,29,0,90,36,3,21,27,81,71,41,28,59,4,60,43,8,14,77,73,15,8,35,9,61,67,39,9,63,44,37,83,74,71,29,81,77
17,95,54,18,47,66,9,1,15,59,38,3,31,90,76,30,88,46,100,11,45,14,7,62,52,53,85,44,60,54,90,50,66,19,29,31,1,35,34,29,19,69,62,64,47,92,5,30,49,18,30,97,62,8,46,81,31,27,90,46,28,56,46,55,23,86,55,60,70,2,57,94,72,81,65,62,86,38,90,10,64,96,68,92,42,75,67,0,3,88,86,62,83,43,85,89,77,6,6,12
2,77,8,25,36,35,42,53,45,40,88,64,71,80,62,78,18,16,75,47,66,97,75,73,21,50,99,67,62,52,51,82,10,59,24,98,33,33,12,17,9,14,31,72,20,82,50,50,11,64,35,32,82,68,27,50,32,97,45,4,34,7,50,79,65,48,34,85,59,71,33,62,99,4,20,92,91,80,47,62,93,60,35,66,58,48,46,38,59,60,20,70,71,7,33,67,25,40,37,71
17,11,70,51,35,18,22,30,11,95,24,37,31,39,63,8,70,47,18,74,53,45,0,48,39,56,46,72,10,30,82,73,97,31,5,80,65,81,85,22,14,17,27,83,72,43,36,60,24,99,43,76,64,13,66,10,93,51,100,58,30,36,63,52,40,78,64,2,54,20,5,18,83,12,33,30,100,33,33,75,6,78,46,33,36,51,53,85,86,58,61,79,35,25,10,22,17,74,72,52
66,85,32,21,74,69,28,27,17,83,86,51,24,9,14,43,75,34,70,65,41,42,88,21,33,97,15,93,64,72,53,96,66,26,82,92,28,72,60,26,32,26,81,68,70,51,6,31,64,93,58,89,20,32,90,27,29,44,89,35,95,18,0,27,78,14,40,52,94,64,70,34,95,43,44,77,10,60,51,96,20,47,57,71,32,96,42,22,57,18,14,23,17,70,99,69,30,26,89,21
32,92,90,8,31,54,2,53,73,84,51,85,82,48,88,71,33,65,69,70,12,26,1,81,18,55,31,12,88,57,96,30,67,37,31,75,90,78,39,19,7,24,93,71,80,5,86,71,15,60,47,58,54,42,34,45,13,74,6,56,100,90,32,26,58,76,67,78,6,17,31,20,44,14,41,68,59,24,79,64,9,31,17,39,98,27,91,81,41,37,6,24,76,61,58,49,52,38,19,92
34,58,78,10,30,16,28,16,94,60,15,28,58,63,74,1,8,3,47,13,28,87,28,76,64,95,41,35,22,50,36,48,43,70,40,45,30,19,82,12,24,51,24,79,67,63,69,89,6,74,93,85,74,85,28,77,65,27,30,30,16,58,51,64,24,4,12,17,84,70,49,40,70,2,12,86,74,59,90,9,18,44,45,54,62,65,20,89,9,30,48,35,54,27,28,64,80,8,39,88
84,40,79,100,68,95,50,50,40,52,41,26,72,86,77,92,77,56,2,62,51,96,43,1,74,0,9,39,21,66,35,31,48,28,2,22,99,50,36,16,10,65,71,92,20,3,14,22,16,51,77,36,16,83,7,93,89,99,46,19,47,40,47,25,49,32,85,69,94,67,27,38,31,88,91,78,14,42,51,98,52,8,0,37,5,31,67,80,38,61,64,62,8,2,84,83,19,19,97,74
84,71,22,36,100,38,37,61,35,56,29,26,31,92,13,32,57,48,75,79,32,41,45,56,98,21,71,36,60,76,85,30,25,64,27,43,58,21,28,71,90,49,59,98,92,63,86,81,89,8,40,3,24,83,31,17,88,93,98,25,46,21,40,56,40,24,54,82,3,13,86,26,49,81,38,44,95,77,27,21,74,2,9,72,88,49,31,59,13,46,37,88,2,0,2,14,53,11,21,75
42,45,13,63,21,1,93,58,1,17,76,79,65,4,8,40,55,20,23,0,14,48,38,40,76,13,64,51,95,42,99,6,23,17,48,71,45,20,83,74,71,19,84,61,62,94,51,21,100,63,48,80,43,89,51,11,98,67,74,70,50,42,91,19,21,0,10,96,94,22,72,72,27,11,10,59,13,66,80,21,52,60,43,17,4,6,78,29,23,0,91,89,94,66,17,70,47,50,69,61
95,80,8,10,69,56,37,44,26,77,28,40,68,32,29,64,80,17,0,7,10,12,48,6,69,50,6,97,65,19,32,58,54,0,18,48,92,53,12,72,77,82,46,77,72,79,98,34,8,61,92,58,21,36,95,93,73,84,29,95,68,63,47,2,50,45,91,86,53,11,44,56,6,29,2,86,69,29,7,73,46,27,75,98,96,2,15,30,61,69,20,81,24,29,29,17,59,85,30,79
69,80,27,26,40,84,28,59,41,32,61,21,53,32,10,75,97,59,63,65,30,77,8,73,69,6,34,65,26,40,31,41,59,55,30,63,90,26,59,33,76,32,15,78,51,30,87,23,40,63,37,41,23,48,5,3,33,45,77,60,81,29,2,34,97,23,27,51,97,48,91,47,39,72,52,70,61,26,4,22,42,49,3,33,92,25,93,81,25,81,80,49,35,40,72,53,61,61,45,4
58,42,53,33,24,23,55,46,22,90,67,18,94,58,16,73,71,4,2,25,57,73,0,35,29,57,7,91,78,4,78,24,92,8,60,30,44,72,69,41,55,62,72,97,0,63,93,25,79,83,65,18,87,45,92,8,28,97,71,3,95,21,65,77,80,74,17,69,47,69,91,56,49,15,80,93,51,42,25,77,93,12,57,53,72,82,81,87,88,71,75,38,13,93,34,26,7,50,1,36