59,21,78,30,46,93,59,50,56,15,58,10,6,63,54,13,34,38,97,85,47,81,31,46,35,73,98,50,36,36,78,80,79,50,51,7,46,16,83,72,10,11,23,100,82,46,98,87,79,77,19,74,12,96,84,9,95,95,40,44,16,61,97,48,36,21,47,71,0,68,57,91,1,57,79,83,74,57,94,92,59,84,11,47,9,96,27,18,35,100,73,86,56,20,56,64,63,48,30,68
96,16,18,66,10,5,93,5,40,0,33,32,72,25,9,68,83,21,33,49,38,97,14,84,94,96,65,19,3,79,1,34,29,38,62,46,62,17,34,64,6,23,84,24,80,34,28,33,96,95,63,26,32,26,0,15,85,85,18,29,91,52,52,43,71,66,80,44,61,56,90,82,66,83,4,64,69,75,42,40,23,71,2,89,34,70,36,34,33,56,16,67,85,28,94,56,54,69,17,78
99,58,48,92,84,39,75,77,68,92,68,51,40,96,79,80,100,22,76,93,84,9,75,22,53,52,52,74,65,40,62,18,60,44,84,3,87,5,46,30,50,71,90,71,10,48,37,48,58,90,73,44,86,9,26,34,76,68,96,0,10,77,26,86,65,97,42,99,66,31,40,78,55,43,53,36,73,83,90,88,53,54,93,51,56,47,60,16,97,73,95,1,11,47,39,28,98,8,18,15
69,72,36,53,31,82,64,8,87,49,61,55,54,71,88,18,7,52,59,67,21,22,14,9,1,100,67,78,100,15,80,6,95,25,76,90,78,85,6,96,7,74,34,5,18,21,65,31,45,68,33,23,21,74,57,89,2,95,88,93,77,46,15,89,55,27,4,54,3,97,24,93,55,47,95,49,38,58,29,39,66,21,1,3,8,52,14,39,34,35,19,11,22,98,71,12,28,43,99,96
60,50,67,22,89,68,99,22,14,93,30,59,12,20,68,62,74,33,47,29,100,87,65,58,100,2,72,33,77,79,75,58,21,79,27,99,99,94,37,55,31,86,74,7,51,3,68,96,55,44,14,16,99,94,30,92,58,38,24,62,24,83,10,15,6,21,64,52,98,49,90,24,39,66,68,64,50,51,90,19,31,67,25,99,36,74,92,10,8,47,49,33,58,54,5,64,62,84,76,41
82,98,16,28,90,71,92,4,94,12,6,43,17,69,90,17,63,54,44,12,71,41,18,97,35,78,89,87,76,55,98,72,26,30,18,49,75,29,74,5,19,34,37,94,13,87,22,45,8,63,19,2,1,83,76,3,43,18,92,5,40,4,85,49,87,2,60,12,32,20,45,60,12,13,83,63,65,31,71,88,75,28,40,46,12,11,82,94,64,10,26,17,49,7,100,75,18,55,89,19
3,41,92,41,28,51,34,88,51,78,36,73,76,15,5,99,87,85,1,63,37,90,54,99,25,0,89,52,35,64,97,9,1,46,9,3,82,52,10,79,82,28,53,98,61,13,20,64,23,77,85,32,91,89,63,9,49,22,11,30,38,18,63,0,99,14,91,98,9,74,44,92,44,13,74,38,31,59,81,60,64,69,6,72,64,83,76,0,85,52,29,81,50,52,74,2,53,73,27,91
77,76,88,97,73,6,93,25,99,30,6,39,26,89,67,15,86,39,81,77,90,15,94,43,36,48,18,43,56,10,76,50,41,6,31,41,15,20,6,39,23,73,7,62,53,49,39,65,56,42,56,81,71,80,44,11,37,61,10,18,59,73,46,31,6,43,65,44,39,33,87,30,39,12,97,22,90,82,10,83,66,44,83,82,14,16,87,40,69,10,54,62,45,64,85,9,12,52,65,94
43,8,65,94,92,64,29,56,58,22,25,66,75,25,62,92,47,97,16,11,58,51,44,71,42,78,16,3,80,1,19,58,66,40,24,65,20,96,18,59,63,95,26,23,52,88,90,20,13,95,65,53,61,29,37,83,15,43,33,94,58,7,90,38,77,63,78,10,97,35,75,7,29,55,44,47,44,20,22,13,0,2,85,26,94,45,18,7,55,42,21,39,15,62,68,34,13,25,14,1
75,20,69,86,44,74,0,47,84,56,85,40,46,36,98,34,3,95,48,4,56,27,81,74,93,67,60,66,47,76,1,38,46,95,32,36,12,55,86,29,79,11,6,70,63,12,3,25,15,48,31,94,47,77,9,98,58,88,13,73,10,69,7,3,79,31,53,17,44,11,2,16,5,86,32,73,43,90,74,0,23,15,94,73,92,39,88,9,79,89,71,19,14,53,68,78,75,34,64,5
0,76,40,28,33,66,37,57,56,60,36,72,35,84,19,15,19,28,13,11,41,92,9,68,83,93,67,44,93,86,13,34,48,87,33,25,22,0,89,77,84,89,36,1,77,0,96,53,50,43,67,69,0,86,40,95,88,72,71,47,31,5,51,78,85,3,51,23,60,35,44,35,62,38,5,82,3,92,18,4,97,75,41,57,32,36,8,99,33,27,40,45,87,30,18,52,88,73,35,12
60,27,6,57,100,33,47,71,86,24,55,73,39,93,73,40,6,99,70,63,38,91,74,17,25,11,88,83,100,0,78,34,57,86,0,63,86,25,8,90,94,69,73,56,20,68,88,81,16,13,31,43,77,45,80,67,84,34,9,7,25,91,88,63,32,45,78,53,94,61,67,82,44,83,33,20,20,30,19,75,32,80,49,58,20,22,62,60,13,83,47,77,9,49,31,5,58,36,50,90
92,24,84,35,75,19,54,76,57,72,27,68,73,57,83,71,11,34,57,88,73,89,75,89,46,39,21,0,23,50,53,39,57,23,74,3,25,21,7,99,11,85,18,55,41,70,63,55,8,70,73,55,47,69,73,65,56,52,9,5,48,4,5,99,17,70,60,58,48,1,96,55,44,92,87,30,30,33,58,57,42,53,3,82,24,49,36,40,78,60,99,74,62,70,35,94,97,65,36,24
81,89,40,29,61,32,27,80,100,7,95,46,98,100,40,89,91,6,32,32,12,12,94,65,72,92,66,62,44,87,23,64,60,57,14,34,80,57,76,29,50,92,27,47,49,66,47,21,18,99,34,79,48,47,29,72,16,9,1,12,95,76,15,44,95,95,33,53,67,95,22,56,2,81,9,34,94,40,89,68,7,44,49,13,29,20,39,53,62,14,57,48,20,20,88,84,25,31,70,76
17,65,41,54,61,89,89,66,46,62,35,14,18,32,86,27,78,28,49,66,54,4,95,96,74,43,98,28,45,57,41,94,33,61,66,0,25,91,98,33,98,30,24,74,68,26,97,83,7,39,85,2,69,65,94,83,39,86,63,8,29,80,50,53,59,97,73,1,61,42,15,40,92,51,46,52,51,51,67,41,95,43,17,88,70,81,94,100,33,9,57,32,16,61,48,53,65,95,34,21
7,69,84,76,90,85,69,80,56,92,66,97,5,64,50,31,23,62,52,6,46,8,24,63,90,28,47,94,95,100,30,67,62,2,49,24,34,28,87,7,18,28,15,52,53,28,58,68,46,72,7,11,89,42,11,67,96,79,32,3,89,86,11,46,51,96,20,69,23,78,11,99,100,66,25,11,76,64,75,54,44,20,95,40,37,46,100,82,55,88,67,69,61,20,8,69,60,88,86,93
50,43,94,51,54,25,41,14,19,17,88,33,99,53,100,87,29,4,76,1,80,63,42,95,5,68,26,54,87,37,21,5,34,13,71,79,55,22,69,96,57,47,57,74,27,93,3,3,72,19,88,34,85,84,93,58,25,33,17,56,45,2,68,59,33,22,63,20,92,29,68,71,12,82,37,44,52,51,70,56,82,58,70,82,6,8,60,31,7,2,68,93,36,83,16,68,70,54,12,7
58,98,48,33,13,15,23,22,26,1,28,2,43,16,24,12,72,32,95,41,14,9,1,69,68,53,48,17,31,29,14,28,27,36,78,23,4,29,89,64,33,64,64,63,56,97,86,30,44,13,91,24,20,53,39,67,62,76,65,57,34,36,46,19,85,71,93,97,58,47,62,87,18,83,81,100,67,84,73,79,35,89,59,74,26,72,51,39,78,60,43,21,43,24,46,79,0,82,95,73
67,85,76,38,58,29,1,30,65,85,7,89,25,5,86,45,84,98,80,44,9,89,60,94,77,7,90,16,43,46,83,60,59,58,27,16,16,84,48,19,60,84,91,17,35,49,15,79,25,52,74,91,96,99,60,4,41,16,96,18,32,48,50,61,92,69,6,39,87,78,84,72,47,11,66,62,30,50,13,100,71,14,43,79,30,3,14,0,72,99,2,21,41,48,38,33,86,90,68,54
2,99,46,98,64,96,42,76,31,58,9,31,76,5,70,81,98,32,85,43,80,0,38,11,8,44,91,97,83,32,39,34,60,79,77,65,60,44,43,59,14,76,67,92,86,43,82,47,92,42,51,89,4,31,59,65,96,58,89,12,22,89,77,7,21,84,15,22,44,1,77,73,77,100,75,64,72,31,36,7,48,54,33,36,22,14,14,17,0,99,79,44,21,90,97,81,37,54,43,36
77,9,14,10,42,38,86,13,30,88,6,89,47,53,41,31,12,72,66,68,24,62,21,94,78,82,18,60,28,80,72,74,78,52,15,90,81,88,13,20,91,57,76,28,14,83,42,16,87,77,60,56,73,66,17,38,72,28,71,22,40,77,75,9,42,98,79,51,60,62,41,40,27,91,94,73,100,95,30,43,25,59,37,63,48,49,81,70,26,75,10,93,51,96,72,82,79,19,3,51
69,39,92,11,28,45,22,45,83,76,77,91,16,20,98,99,53,52,59,3,35,42,88,94,62,36,67,71,72,54,11,15,80,25,90,63,71,39,95,22,69,78,40,0,49,100,59,32,0,13,79,25,12,82,72,58,36,99,9,64,57,16,39,47,19,71,75,92,73,85,58,35,64,90,75,27,24,85,39,23,98,91,25,32,80,22,30,38,96,50,54,0,42,47,77,72,100,14,97,42
80,57,12,22,42,44,47,83,85,97,86,100,93,33,39,88,94,33,41,32,2,15,26,41,35,34,45,37,54,14,82,55,19,51,2,73,42,28,81,35,37,14,12,43,44,87,49,33,82,91,74,86,52,25,19,11,25,20,21,76,66,94,100,2,18,85,16,84,34,11,73,17,36,30,90,48,32,34,1,41,24,91,60,93,81,11,70,96,58,24,72,72,93,24,23,92,60,35,5,95
95,64,42,73,12,51,95,22,81,88,76,15,45,31,11,81,50,69,23,95,85,35,93,9,56,45,42,89,1,36,33,56,51,87,89,12,39,72,36,41,52,48,37,16,83,18,88,80,23,32,50,21,64,34,85,76,13,40,35,10,74,25,28,45,6,30,25,45,25,60,25,54,89,64,25,81,83,24,44,21,0,96,73,71,99,27,38,78,77,10,8,37,21,61,35,4,42,62,50,83
17,68,21,60,27,2,85,52,76,21,30,79,52,7,82,45,80,88,36,56,74,92,100,21,11,22,7,12,56,35,77,62,9,77,46,64,21,70,53,10,19,63,73,1,45,16,38,49,52,57,60,7,35,60,5,38,21,80,75,43,8,51,61,94,16,1,13,55,18,18,64,23,86,42,46,64,29,58,42,52,32,43,100,60,83,2,92,97,24,55,77,42,79,56,24,18,38,36,33,28
45,30,16,5,87,52,76,67,5,17,24,32,63,88,91,91,14,26,27,57,100,99,6,91,82,4,79,19,85,78,7,23,83,90,41,94,39,19,38,21,6,49,31,15,26,77,100,48,75,49,25,46,78,14,79,25,32,52,72,64,60,75,19,8,65,20,16,29,4,14,79,10,42,3,60,18,63,34,8,52,86,39,81,48,79,6,8,47,3,45,57,13,77,18,17,94,60,71,82,5
79,31,22,62,5,95,99,38,22,55,23,20,37,41,14,17,42,78,9,49,73,90,44,25,26,97,85,65,67,40,43,30,65,0,0,11,81,13,12,62,17,24,25,29,28,76,57,44,16,21,43,63,76,88,87,59,97,41,82,57,3,54,26,15,40,54,74,23,48,97,27,37,65,89,85,72,34,7,55,18,39,26,99,52,5,44,36,24,26,88,8,12,5,3,50,41,6,89,3,58
75,18,17,4,3,59,49,100,62,91,8,47,12,71,59,84,38,40,51,55,83,4,50,18,34,97,23,38,43,81,79,39,75,95,14,13,67,22,71,64,22,24,18,39,51,90,58,87,63,96,89,22,47,88,38,47,84,7,47,2,12,98,50,59,62,8,47,17,54,75,50,67,79,66,25,49,47,28,96,84,75,3,78,88,8,33,78,6,69,80,45,29,21,50,91,14,75,92,53,37
96,8,45,93,96,78,80,4,47,76,50,6,24,69,19,0,3,22,69,39,88,9,13,16,77,54,19,23,54,83,68,21,69,97,36,91,60,32,49,83,28,57,25,36,12,62,57,36,91,89,70,33,88,80,90,89,99,72,29,14,30,88,51,53,21,2,94,7,62,3,12,58,91,69,9,73,94,68,63,21,43,38,87,93,77,55,3,23,78,48,56,0,95,74,94,28,97,59,15,26
21,8,85,19,13,78,53,23,22,38,32,50,50,47,16,98,62,6,43,44,83,52,60,3,66,88,68,55,41,46,31,5,18,31,30,63,14,82,56,92,99,31,76,35,92,91,78,58,40,4,87,84,46,11,68,27,42,66,39,99,15,17,11,24,13,28,85,11,26,62,22,3,74,79,74,20,63,11,68,97,93,84,98,98,63,33,10,15,75,65,78,83,80,24,80,49,22,83,95,10
88,0,97,72,96,43,8,66,55,55,0,78,67,54,94,84,42,91,31,33,49,7,53,85,23,63,24,86,28,53,44,84,50,58,13,82,57,2,59,81,66,63,8,99,92,20,100,76,69,54,1,72,81,65,58,45,4,34,97,41,34,21,91,64,52,7,64,9,53,77,17,25,22,44,51,25,90,54,85,27,11,99,30,23,76,28,26,72,69,9,2,2,9,45,21,80,69,31,14,35
69,2,87,81,68,9,56,23,58,100,71,72,6,22,94,6,86,39,10,99,31,57,98,87,99,41,59,50,75,18,83,63,28,50,90,98,10,37,7,2,71,36,43,69,79,76,10,39,43,92,26,32,48,9,40,95,20,12,18,3,46,2,20,86,69,38,26,60,69,7,83,51,6,28,76,68,76,21,93,82,15,26,67,64,75,11,61,79,49,5,1,50,17,72,51,90,20,48,1,19
18,18,26,76,7,52,82,31,66,98,92,12,66,33,82,55,12,8,40,60,76,84,53,87,43,44,70,9,30,57,64,43,76,62,40,54,82,75,42,20,16,77,62,48,1,96,36,84,0,37,87,62,92,71,67,77,61,49,97,58,59,7,0,30,85,73,93,79,60,6,80,3,2,98,8,2,25,12,1,48,8,97,32,56,67,62,35,54,53,17,2,67,2,54,39,66,10,56,44,33
57,10,74,85,76,2,17,35,64,28,45,56,67,21,99,61,72,13,12,87,75,99,22,75,55,27,75,89,48,39,17,59,3,23,59,14,74,15,65,47,60,6,14,89,48,52,76,67,55,15,51,89,38,88,56,14,37,5,99,25,12,74,19,86,88,24,44,97,27,13,95,27,84,19,63,70,6,23,13,14,78,54,82,37,71,38,65,33,5,73,67,30,59,10,0,61,97,84,22,16
48,84,48,3,25,50,74,26,24,12,19,91,18,4,52,20,66,84,33,64,67,31,61,62,30,22,44,37,100,28,29,53,54,65,72,22,27,10,74,83,65,49,80,18,38,18,3,81,34,84,48,98,15,45,53,30,17,14,62,76,41,7,68,72,17,52,43,13,78,42,83,60,39,77,56,27,47,96,20,88,38,68,82,80,80,93,79,20,86,98,61,36,2,39,91,43,100,23,92,14
65,38,39,33,56,11,36,97,75,37,100,52,41,55,51,38,3,48,70,43,37,31,40,61,7,55,27,83,12,49,41,18,82,82,58,3,30,20,70,81,52,36,73,55,83,8,3,39,72,85,97,94,96,68,56,86,36,40,76,93,93,47,53,49,63,82,4,49,33,3,0,89,38,37,5,43,19,94,9,81,20,79,72,2,61,40,55,13,28,18,45,93,19,19,91,4,96,53,83,14
60,82,63,82,66,92,14,27,72,96,14,90,36,10,91,28,52,10,66,8,35,36,58,43,53,41,79,76,86,18,72,19,31,62,78,0,15,93,93,93,31,19,13,48,37,66,32,25,42,51,13,46,12,59,2,63,25,13,95,65,89,53,41,67,20,47,67,66,56,82,55,68,70,98,28,45,75,40,27,54,62,45,9,53,83,24,5,24,62,6,59,24,58,27,41,6,89,78,80,78
57,63,44,30,2,9,11,57,10,94,13,35,92,25,31,24,35,43,42,93,6,16,20,11,16,45,94,52,64,23,70,98,0,23,7,70,18,74,39,1,46,45,32,41,91,47,24,1,21,96,10,72,65,56,81,40,0,90,25,86,78,66,88,49,46,24,98,29,78,36,3,80,74,66,36,9,71,57,21,7,10,11,26,1,6,84,85,28,69,22,16,48,70,43,22,54,76,17,86,38
57,99,33,78,78,83,31,80,62,37,88,79,60,79,65,52,64,17,24,26,69,17,29,70,69,90,97,42,11,19,71,58,46,64,11,28,88,78,40,66,58,63,59,35,5,95,84,7,90,50,82,57,79,98,68,93,17,79,100,84,75,81,95,74,87,3,39,78,41,15,19,35,50,19,69,38,84,76,71,5,31,70,41,83,26,8,30,57,7,33,46,76,8,45,22,21,80,24,57,68
80,81,45,28,80,54,11,98,41,64,32,40,62,94,32,44,80,20,73,34,35,97,51,24,64,24,81,54,64,50,50,55,96,47,21,84,53,59,7,100,80,37,82,55,77,12,37,28,80,1,88,25,84,40,13,69,65,68,91,11,40,77,70,75,14,60,61,38,95,15,75,28,93,59,75,19,86,58,15,59,66,14,67,33,92,16,87,82,5,70,90,57,99,27,31,98,70,78,79,5
26,32,20,81,79,25,39,33,14,0,16,73,97,64,28,73,30,27,26,60,2,53,91,4,9,50,96,60,40,66,36,16,72,2,51,76,72,99,43,30,70,66,0,38,19,11,24,25,71,82,55,0,69,91,42,9,14,28,57,63,51,5,60,96,95,34,78,20,15,47,56,61,79,47,30,63,75,96,100,77,62,11,33,96,36,1,31,23,93,53,58,73,73,89,72,81,75,47,42,2
98,25,28,33,59,13,7,50,81,72,78,83,99,21,33,74,83,41,98,55,50,7,3,90,46,38,53,40,56,78,6,75,57,8,68,88,26,87,71,65,12,69,69,22,30,56,50,11,34,13,32,60,8,87,21,19,5,89,35,45,53,16,6,80,29,71,72,36,100,44,84,96,7,43,89,76,45,59,11,6,66,88,14,74,74,32,59,77,60,23,77,41,76,62,95,93,51,10,23,30
10,91,15,55,56,40,56,0,48,70,55,33,32,70,54,96,22,84,39,93,72,55,97,21,72,71,23,16,8,97,18,52,31,76,5,82,17,44,79,78,61,65,23,51,84,100,35,40,41,96,35,15,18,77,98,24,20,46,39,3,50,78,73,12,94,97,95,44,43,34,66,90,45,73,10,66,13,98,62,62,16,43,3,6,22,38,13,11,49,76,11,66,93,10,61,44,6,18,37,95
90,57,46,62,27,42,61,11,20,48,86,23,14,40,10,78,49,5,6,33,87,3,89,47,47,91,38,83,67,94,99,97,44,15,65,93,77,19,18,84,41,26,39,57,27,65,80,4,72,3,61,35,100,12,90,81,25,23,73,85,98,42,32,67,31,9,54,1,49,5,5,38,29,95,72,14,3,88,44,64,45,56,69,13,32,57,92,42,15,92,26,81,27,95,91,78,35,100,51,40
29,83,53,78,94,91,63,10,100,93,70,15,2,89,10,20,62,35,51,24,58,65,27,69,68,41,7,80,41,10,98,15,40,58,41,73,59,75,68,6,11,6,1,92,7,5,74,10,29,73,94,92,51,70,63,86,38,99,78,92,96,76,94,28,40,24,98,53,13,94,8,6,39,67,31,93,55,49,76,64,20,8,83,81,35,86,17,62,17,17,94,49,62,9,27,18,84,4,27,36
13,16,6,94,86,41,37,78,57,100,63,5,52,68,15,38,3,67,29,15,9,39,34,17,72,61,60,5,35,1,44,16,78,69,91,31,68,78,72,29,76,5,99,97,58,45,9,42,63,30,19,47,100,84,98,77,15,39,34,18,39,93,70,33,59,6,26,70,60,66,1,47,85,86,13,74,97,96,12,83,91,81,20,54,60,30,27,75,98,48,37,2,11,70,42,67,57,69,65,36
51,5,5,58,57,30,97,15,41,47,54,97,54,18,98,74,95,9,71,83,71,70,88,57,11,36,79,70,3,12,4,80,38,34,46,21,54,38,27,49,19,28,28,3,14,5,84,27,66,44,67,12,74,75,25,44,82,54,7,42,62,39,81,85,81,68,92,79,90,97,49,82,59,83,74,71,29,52,6,3,35,100,58,28,88,82,71,83,73,90,2,68,15,26,97,66,50,5,64,97
83,46,34,48,46,41,27,10,23,95,1,56,55,90,89,56,91,78,18,23,99,4,38,54,46,79,98,20,14,58,30,94,15,51,23,48,76,0,1,94,44,26,48,37,5,75,63,37,56,47,96,7,22,20,74,57,8,86,41,39,54,58,8,59,33,5,69,64,66,24,35,41,76,12,21,64,64,74,7,22,82,51,27,68,12,59,63,43,30,19,21,55,15,98,63,85,73,98,61,1
44,30,27,86,8,57,51,62,10,62,52,31,32,34,67,67,66,47,54,50,99,81,48,37,57,7,16,4,23,28,13,44,77,64,81,21,5,2,83,60,70,68,34,64,15,80,43,41,81,92,41,39,11,59,66,39,31,24,91,6,0,60,39,63,68,34,71,63,20,20,83,57,0,93,50,3,34,6,49,61,66,33,59,22,81,29,51,97,35,35,90,13,38,30,91,71,30,14,81,68
28,71,82,63,100,82,85,58,77,55,56,52,60,2,85,26,27,15,54,13,3,60,8,74,95,35,80,12,24,14,84,18,95,60,75,73,39,10,77,8,25,29,26,41,80,25,47,77,92,18,12,99,5,94,81,66,53,82,17,57,55,62,80,10,78,41,78,32,83,65,4,5,18,44,42,92,75,38,61,79,7,6,4,81,62,43,84,23,0,84,20,46,57,38,41,29,13,57,99,36
97,0,97,95,72,72,21,4,34,46,80,82,51,16,92,54,99,74,14,16,9,95,55,93,60,43,47,40,81,6,91,96,86,95,47,41,49,3,50,91,23,93,80,0,45,5,42,61,33,36,17,85,95,99,56,79,26,63,80,57,57,17,84,76,58,90,91,94,69,91,85,82,85,84,1,23,15,15,64,91,86,93,0,48,41,88,9,90,32,2,98,76,52,18,1,7,19,20,30,98
27,20,26,44,8,48,57,97,14,63,73,82,23,28,38,57,43,32,73,23,62,41,65,31,52,99,73,0,21,73,19,59,31,75,48,6,55,34,28,14,36,17,50,10,51,34,26,6,66,18,57,65,38,100,67,49,73,59,28,96,18,72,54,22,37,96,86,20,70,48,70,74,73,19,28,14,11,81,71,15,7,57,36,64,97,85,26,55,49,71,52,41,5,67,99,89,18,7,39,59
11,63,36,72,20,32,93,56,67,18,19,88,75,1,94,90,57,5,55,82,68,12,57,40,76,47,68,31,65,30,18,64,21,26,61,65,21,72,56,59,51,96,24,31,3,42,63,34,84,86,72,20,99,82,16,68,51,26,14,49,13,70,29,78,27,22,85,82,52,18,63,67,96,51,83,39,67,43,58,15,37,84,22,80,82,14,22,47,9,70,13,57,61,23,74,92,31,82,55,9
83,98,12,34,54,75,64,90,89,14,46,57,3,61,20,85,48,40,92,24,51,50,55,50,18,8,95,25,31,17,12,79,0,56,26,33,90,99,42,0,73,2,46,11,4,48,49,93,43,27,47,2,44,79,34,14,57,9,59,21,11,44,59,9,89,58,70,71,90,18,23,35,6,19,98,37,15,46,70,46,45,68,36,76,76,36,28,57,47,61,86,25,90,82,24,82,6,0,51,44
37,77,97,70,44,2,70,41,40,52,87,100,85,27,4,77,25,62,13,80,47,63,28,31,42,43,25,95,97,5,22,11,68,92,18,13,49,38,89,38,24,83,57,77,23,36,52,66,12,27,38,16,48,91,0,60,33,76,61,22,72,95,94,2,63,80,72,26,15,88,81,81,15,73,36,76,30,7,98,54,45,51,75,82,77,41,14,59,17,97,12,24,48,47,6,81,96,30,76,52
16,13,94,8,44,78,59,97,15,3,71,31,41,70,26,10,32,36,35,54,37,65,71,50,50,28,98,64,55,61,46,66,35,85,38,27,21,45,43,61,27,39,63,46,39,2,90,50,39,96,86,16,76,66,71,28,86,56,16,41,29,85,16,2,2,34,46,13,75,46,32,18,96,15,1,58,38,79,0,74,0,6,24,64,51,69,54,7,31,26,52,5,63,61,60,85,25,84,74,35
2,97,80,75,62,88,29,68,75,53,53,85,85,43,23,43,30,88,52,61,90,70,49,61,79,8,49,39,99,9,48,48,90,25,9,50,45,84,79,29,40,72,15,48,23,97,37,91,43,81,14,14,26,92,20,55,70,55,42,92,44,53,54,27,27,89,99,26,21,26,16,34,17,22,75,41,46,39,87,78,77,93,26,53,34,3,64,23,63,63,94,53,100,17,82,80,11,46,60,17
90,47,17,85,67,15,15,51,13,91,58,88,23,66,51,59,90,0,8,36,49,54,52,73,36,83,10,11,51,10,31,21,97,34,35,39,7,81,59,92,99,18,23,91,45,17,11,51,78,33,98,92,61,22,81,28,4,15,9,87,29,70,47,80,35,52,40,4,35,13,24,36,80,81,18,31,4,0,78,39,53,8,64,97,38,19,68,61,38,1,13,84,75,15,34,13,16,36,48,18
73,15,91,84,7,96,13,29,95,84,27,93,39,6,23,72,60,67,1,66,90,47,53,75,33,8,18,70,39,64,65,81,97,67,92,30,41,74,35,25,12,39,83,59,30,72,100,79,89,2,97,68,46,89,60,54,60,50,57,27,69,27,20,37,49,21,3,90,89,34,72,82,2,38,29,86,1,13,30,36,2,82,48,0,26,53,3,58,16,77,56,92,34,76,32,85,30,60,33,42
72,28,52,26,54,6,27,84,23,60,69,83,86,95,6,59,59,7,73,34,34,40,86,86,71,27,91,11,15,97,35,3,13,72,37,87,10,51,66,62,56,63,51,52,34,43,45,55,66,72,7,85,65,0,5,41,12,72,66,4,57,81,23,71,62,65,19,2,4,25,79,8,53,99,40,23,2,72,2,72,3,88,36,9,74,24,94,90,49,6,70,11,65,93,6,46,94,40,84,46
75,67,82,30,17,36,57,33,66,52,31,1,27,22,39,91,23,75,74,6,78,16,73,85,4,53,95,32,13,90,30,59,48,19,6,59,76,71,81,25,6,17,46,74,98,30,91,96,0,14,31,99,45,0,88,44,89,92,16,28,51,98,66,37,57,60,34,11,31,73,10,24,32,89,40,3,98,1,74,56,7,41,44,24,93,33,17,77,87,82,60,78,91,72,63,9,96,63,21,50
47,29,47,43,92,86,36,18,42,57,76,84,43,66,21,39,81,66,35,51,62,66,15,0,18,42,34,13,88,80,13,57,21,28,83,69,20,45,10,75,46,94,2,57,5,21,47,92,64,24,11,25,69,49,96,59,35,63,80,66,38,34,38,3,3,11,27,43,15,73,98,56,59,46,13,18,3,15,99,77,85,26,95,40,73,15,82,42,65,8,0,27,15,69,68,8,79,28,5,45
42,42,79,17,45,10,16,21,24,92,39,67,78,60,94,62,51,1,14,33,67,7,95,58,8,23,67,16,100,35,90,72,11,87,31,55,29,92,12,75,77,53,40,61,79,39,54,16,47,19,73,10,92,32,88,53,86,2,47,13,55,97,2,27,74,78,80,78,82,46,1,40,6,49,72,72,78,44,66,29,13,81,45,23,19,15,6,7,79,61,32,97,31,53,99,42,52,42,20,23
41,53,73,92,42,53,41,68,74,51,99,6,76,56,83,96,59,95,21,87,35,38,35,22,88,32,17,95,2,34,88,38,27,43,8,2,68,70,21,86,7,31,67,87,61,1,65,54,36,30,18,27,22,37,98,28,75,72,26,82,84,69,63,75,28,29,55,57,50,7,50,62,80,83,67,10,2,90,0,4,5,62,11,65,67,58,99,91,21,41,90,63,17,16,22,23,66,40,5,3
89,48,27,62,29,40,99,89,37,11,29,17,35,53,17,40,82,72,19,76,91,95,63,96,84,85,88,70,38,20,66,49,73,2,17,35,6,71,60,6,67,0,65,51,49,36,71,97,99,70,37,72,53,47,56,40,34,39,47,44,67,18,95,72,18,46,47,12,12,18,47,23,0,49,11,23,11,24,71,44,11,36,98,51,28,1,44,98,38,37,83,15,43,17,86,21,91,42,15,81
60,89,46,19,97,37,21,93,6,43,25,46,65,92,47,90,42,14,50,100,61,6,21,55,70,58,90,46,0,89,42,38,77,26,20,60,10,22,80,19,87,99,6,11,8,11,42,41,71,64,80,19,20,59,8,35,37,97,90,10,75,95,83,63,69,78,18,87,36,36,31,48,31,52,42,77,85,100,24,23,68,59,2,81,59,36,41,10,53,58,71,39,21,49,7,19,61,39,85,88
25,44,100,2,47,58,35,87,5,5,52,13,70,73,65,23,41,99,31,11,7,57,2,72,88,47,92,39,54,21,31,22,70,31,19,85,54,68,84,74,36,42,84,33,74,8,47,34,85,3,86,41,80,97,33,79,43,83,0,98,92,79,2,79,11,100,30,20,92,34,12,78,58,71,45,4,54,11,36,0,39,46,66,87,89,91,1,88,12,27,96,67,70,26,27,15,25,22,54,28
5,61,89,11,24,12,83,18,86,84,65,27,77,14,49,27,18,34,70,47,80,69,49,18,8,59,51,84,23,30,52,29,50,37,46,85,0,84,91,11,47,43,8,2,60,93,15,49,92,13,34,46,38,53,34,16,37,67,25,93,70,72,93,94,28,20,1,77,53,58,80,15,1,90,57,44,55,59,63,61,65,98,6,42,48,94,80,72,82,62,11,25,9,34,40,89,76,18,56,91
78,18,13,58,69,80,23,18,93,9,100,62,73,98,8,7,52,49,30,77,98,21,59,67,11,27,67,55,77,65,88,94,13,80,14,33,50,44,92,35,40,32,10,44,62,84,1,29,93,90,17,67,55,98,69,9,79,22,91,1,34,4,90,59,41,62,41,25,0,11,24,30,59,28,97,77,76,50,51,22,13,6,45,16,57,14,0,97,92,55,95,59,59,6,32,4,6,10,99,99
46,77,37,50,16,10,98,85,56,57,15,70,80,44,90,92,37,24,78,48,71,79,14,43,68,56,26,5,56,37,9,23,58,41,58,49,58,55,100,53,9,1,97,9,76,92,38,73,49,38,30,89,49,16,50,61,0,58,14,69,11,48,49,6,84,75,90,16,83,91,31,27,10,49,86,48,9,35,25,78,41,68,2,23,71,29,75,85,52,41,67,56,42,69,55,92,83,43,81,6
15,33,9,53,64,12,78,65,81,46,8,69,90,96,76,83,5,34,29,61,91,83,98,59,88,86,80,62,87,15,11,85,23,18,19,85,86,65,57,36,30,83,5,39,18,67,11,25,20,23,26,11,14,63,14,14,45,9,87,93,57,43,50,84,51,65,85,97,20,67,4,98,65,42,31,88,15,31,2,68,26,4,35,86,8,73,100,1,29,89,97,21,100,86,56,54,0,48,98,45
44,28,16,78,51,60,51,17,47,3,1,61,90,29,62,22,24,48,30,90,53,59,16,83,95,20,54,89,73,0,31,99,99,74,89,29,96,5,57,89,55,96,92,88,47,28,91,82,71,33,66,82,1,19,45,13,63,20,25,98,48,76,23,33,88,99,51,28,10,92,90,41,14,52,50,20,64,75,48,0,9,21,76,70,5,65,88,30,78,1,79,87,34,96,75,84,75,43,68,56
28,75,33,8,32,98,55,9,3,17,98,92,55,24,10,8,41,31,2,95,24,78,80,17,59,69,20,26,38,37,53,16,24,33,1,88,15,81,40,47,10,80,45,47,92,71,46,5,56,58,13,32,18,53,62,79,8,89,43,92,7,91,52,0,29,9,34,10,26,89,35,39,77,6,17,87,38,36,95,1,18,25,41,78,74,12,49,64,78,37,57,85,70,46,16,0,20,29,98,18
57,9,80,54,32,50,85,21,28,98,81,51,50,11,53,76,66,20,48,22,4,39,77,29,43,78,29,22,12,22,60,87,97,12,26,13,26,73,77,77,66,60,4,61,61,71,42,24,68,59,8,49,53,36,69,47,62,86,88,31,24,93,91,49,99,0,38,17,35,5,54,67,96,31,32,57,29,37,21,9,13,75,22,19,70,37,66,39,32,94,53,74,49,46,0,55,60,1,40,99
1,20,75,76,76,72,51,92,48,79,48,76,11,31,71,36,59,61,26,53,70,19,61,67,55,28,19,68,62,68,70,92,40,18,18,85,80,93,8,16,62,72,35,49,27,55,11,7,72,33,42,39,87,65,23,62,1,45,76,45,53,97,32,3,3,24,14,20,2,16,79,26,42,32,31,77,29,84,53,74,42,7,12,68,52,64,78,55,55,100,62,18,91,80,37,52,19,45,47,86
75,84,59,38,4,17,59,8,20,21,28,88,34,67,52,72,33,25,16,99,41,51,24,18,33,60,50,53,37,52,13,14,100,71,27,62,10,17,43,55,61,56,51,81,94,43,90,71,79,85,6,41,23,87,4,36,11,96,56,78,25,26,56,12,63,80,40,6,24,37,64,95,30,78,99,60,43,70,29,89,36,41,98,43,52,19,19,73,98,83,73,82,66,33,19,6,50,38,32,66
76,44,46,69,67,16,85,53,63,91,18,52,40,73,91,47,36,47,79,5,60,42,86,36,23,77,29,43,77,35,38,21,97,63,45,91,3,55,44,8,27,43,60,93,89,98,100,62,47,7,30,4,13,80,36,88,69,75,30,28,18,72,84,20,21,40,74,10,21,41,75,1,63,81,89,0,89,11,32,7,9,87,77,46,71,23,83,60,24,64,28,61,1,29,9,32,52,25,31,88
75,79,85,5,82,56,20,13,75,95,63,95,7,84,7,99,63,2,6,10,0,17,77,79,6,19,45,61,80,23,6,61,56,70,93,86,17,0,69,6,24,55,31,2,29,87,68,29,10,77,2,53,27,73,40,14,91,14,41,99,49,43,3,30,100,77,34,93,87,55,31,49,50,68,10,16,43,73,41,28,0,7,85,47,67,43,34,72,1,40,9,2,72,4,9,25,95,67,5,63
45,3,57,57,16,64,18,98,75,29,18,99,17,99,8,67,84,91,47,17,93,8,92,80,85,60,53,7,68,58,54,69,54,87,83,88,17,14,99,43,20,14,90,72,98,15,48,65,87,56,31,31,6,63,97,70,47,42,57,22,37,97,74,28,99,33,7,85,49,39,21,3,33,69,57,70,57,64,51,74,84,98,19,26,84,52,98,58,56,78,73,76,64,39,44,54,36,100,48,30
43,71,98,58,21,73,94,32,82,9,77,94,65,26,5,35,63,56,21,44,21,45,52,76,49,17,35,83,8,76,28,83,3,89,4,10,59,78,72,19,13,54,48,56,52,59,28,41,50,18,37,58,6,69,7,10,70,2,75,61,92,2,31,98,66,65,55,50,16,85,45,70,67,69,66,15,96,16,47,78,4,25,29,94,56,53,69,47,48,84,15,65,19,87,73,24,28,29,95,54
3,55,48,62,68,42,91,59,32,99,87,100,93,55,48,10,98,99,49,67,52,45,87,39,62,1,45,43,46,95,4,14,58,46,47,80,69,99,14,87,50,72,49,70,59,0,4,25,50,64,27,56,52,31,100,22,52,98,61,31,80,60,16,52,51,22,10,59,80,21,39,54,10,70,55,7,12,44,93,29,68,27,46,4,49,5,96,19,11,96,33,50,16,36,44,97,57,70,94,16
6,35,76,19,48,92,13,37,52,94,97,45,96,1,10,62,71,33,71,54,96,100,24,41,7,100,66,63,47,14,41,37,99,85,57,63,93,14,55,47,83,85,76,10,36,8,13,31,77,81,84,12,4,24,72,23,31,40,20,81,39,1,10,88,8,24,91,75,16,38,13,47,69,87,30,82,65,18,62,6,88,27,82,17,16,26,64,50,71,1,58,65,22,50,32,54,49,98,63,77
47,30,30,88,78,81,39,11,16,52,89,84,33,12,84,79,44,30,60,2,85,2,96,94,87,96,43,86,98,23,73,67,88,93,68,20,89,48,98,30,40,36,63,59,34,86,43,21,9,67,32,63,1,51,77,94,91,66,53,72,82,59,97,10,72,62,98,77,50,83,24,12,67,6,4,78,73,90,82,8,34,34,31,95,79,77,45,15,11,56,73,2,39,94,40,51,46,79,28,18
84,7,27,40,50,94,28,59,25,5,44,83,71,90,53,2,65,97,84,54,76,12,59,77,31,20,96,25,51,3,91,19,45,55,0,35,77,42,47,80,72,79,12,16,87,93,89,18,19,49,31,82,25,23,45,73,39,44,21,20,42,91,32,84,13,59,75,45,41,70,85,22,73,83,17,77,67,4,84,71,60,88,42,71,87,76,90,68,40,46,56,80,97,97,62,45,51,76,82,1
16,25,27,86,59,93,93,84,95,68,20,20,51,60,79,40,65,48,47,10,87,31,32,37,76,22,64,51,92,4,20,6,63,54,92,56,94,53,59,8,78,2,75,36,72,35,16,43,43,32,40,19,94,21,59,16,47,94,95,45,37,3,11,63,25,55,29,98,30,23,21,75,80,41,54,32,98,6,47,43,9,85,71,50,49,85,38,28,13,46,35,6,72,84,97,35,100,53,92,74
39,26,38,46,60,90,4,57,75,39,39,75,88,53,66,94,45,68,70,72,63,42,46,76,54,42,71,30,59,90,100,28,52,20,70,46,13,52,98,35,29,39,29,67,50,93,95,85,94,67,3,38,21,60,68,97,56,70,71,38,41,87,67,13,30,44,89,50,47,61,91,92,6,32,85,31,34,28,58,8,48,33,18,4,68,52,64,11,98,23,34,84,26,100,53,61,53,54,74,0
76,3,55,81,89,15,3,90,89,8,76,0,28,41,56,0,12,7,31,15,92,10,88,21,93,91,24,55,89,39,93,33,43,31,82,43,36,36,100,46,50,87,85,31,82,39,73,10,5,43,91,26,32,7,53,61,97,68,57,37,86,42,18,40,59,58,5,7,97,47,52,6,24,8,20,74,25,50,34,78,76,43,3,83,9,43,94,77,96,97,43,11,32,61,93,3,9,33,19,54
8,27,49,32,65,23,89,95,88,35,24,96,86,49,5,72,64,26,11,95,88,14,24,82,31,0,8,14,21,32,85,15,8,77,3,94,30,67,1,83,38,37,47,14,20,62,87,58,87,52,95,66,43,11,39,67,53,8,59,69,64,71,7,11,54,89,93,40,64,70,79,74,41,61,53,79,88,90,74,76,14,78,7,32,45,0,25,67,46,57,87,44,50,39,77,33,72,72,59,88
59,65,19,94,8,34,82,12,36,87,22,19,21,94,75,6,90,73,44,47,39,74,2,87,20,28,71,4,7,60,43,21,83,55,39,96,22,74,38,45,19,29,52,100,11,77,90,61,82,28,99,84,77,13,38,93,2,90,79,67,39,32,71,61,94,7,54,22,54,37,45,95,49,69,44,68,22,51,70,51,85,22,84,37,84,15,2,86,63,13,42,92,53,29,61,98,25,68,56,98
32,97,94,15,59,96,5,96,94,22,75,27,90,31,21,58,57,2,22,23,98,48,95,58,75,80,54,33,87,43,6,67,2,7,95,91,62,47,93,30,25,6,58,22,77,11,80,80,100,21,95,97,30,64,58,44,4,36,94,14,15,3,67,59,93,70,36,24,17,65,3,83,77,19,96,57,17,95,61,79,59,48,0,89,17,60,69,21,68,76,49,53,67,7,71,49,89,3,19,27
56,70,82,16,62,77,11,91,34,60,79,73,36,61,12,96,32,64,70,26,2,84,53,77,16,60,17,8,8,39,94,49,4,96,13,47,49,20,82,26,90,8,35,60,25,31,70,2,38,49,24,55,21,68,64,18,60,7,1,89,89,53,40,32,60,66,79,79,78,79,57,51,3,95,12,22,44,39,57,13,94,97,9,100,14,16,19,21,69,6,92,9,42,64,50,29,1,59,98,77
52,10,61,74,57,80,60,46,53,41,29,71,93,12,30,92,2,60,57,17,91,43,23,76,65,57,87,60,29,24,65,100,5,73,4,41,77,3,16,58,43,55,66,19,49,42,92,21,1,49,83,88,50,36,72,20,62,73,40,77,84,78,63,100,73,95,84,3,65,22,13,64,46,100,15,27,92,91,43,28,28,52,8,7,95,97,60,69,17,10,83,4,41,52,46,53,46,59,81,79
24,72,91,79,26,63,71,10,59,93,57,47,74,16,58,0,70,19,78,34,30,74,63,18,91,39,64,22,31,84,31,86,80,57,45,54,27,38,24,41,32,15,90,20,42,36,83,20,46,88,39,98,100,76,68,11,20,86,77,59,5,81,28,42,22,33,33,25,73,96,84,69,63,69,49,66,10,97,26,95,83,77,88,29,76,64,52,77,63,42,59,84,54,39,85,100,55,35,40,81
83,2,87,93,87,60,47,92,73,30,100,10,22,94,80,22,11,94,57,28,6,52,67,8,60,76,41,79,50,23,82,34,14,68,58,60,16,82,45,71,20,9,94,92,11,52,84,81,35,60,89,4,40,81,71,96,18,56,84,48,85,36,44,19,29,60,23,55,13,7,94,89,42,70,91,48,7,80,15,7,52,25,17,9,13,99,58,59,99,90,94,12,29,57,34,46,45,26,2,2
10,94,1,57,64,9,33,76,4,6,78,12,5,14,58,24,78,34,31,66,34,93,41,24,99,57,8,97,54,91,52,24,77,4,92,62,22,70,17,66,57,50,14,14,91,71,10,37,16,76,53,76,29,38,16,55,95,79,84,58,19,48,5,79,96,13,6,67,12,41,77,7,52,72,59,4,78,70,23,63,83,48,44,77,98,91,95,73,68,37,52,59,87,3,26,54,12,71,87,9
64,42,71,10,62,37,34,67,28,81,94,45,21,9,59,28,18,17,17,27,94,74,39,3,95,58,44,32,39,4,26,64,82,32,26,37,90,98,27,68,91,57,17,8,19,100,10,34,6,20,48,3,61,94,3,71,71,68,69,35,47,69,35,61,57,18,98,31,86,68,91,58,91,7,16,5,10,83,28,40,10,93,69,64,72,21,0,16,62,20,54,80,32,64,36,13,98,73,98,58
9,90,37,90,79,26,2,12,96,95,50,46,6,3,99,42,59,50,48,3,21,18,37,22,40,75,49,62,18,48,93,36,58,80,83,75,47,7,22,15,6,28,97,72,79,35,57,95,62,22,28,33,67,63,29,12,26,26,81,60,83,63,5,90,65,20,59,62,3,85,1,86,49,71,39,92,89,100,10,44,60,4,36,68,75,93,82,66,3,57,75,73,18,16,85,17,16,96,50,55
66,8,73,65,98,88,9,31,9,13,99,89,80,91,90,59,68,90,15,35,87,6,28,87,73,48,74,72,64,5,86,90,78,36,45,59,64,23,94,15,20,27,2,43,98,72,51,42,94,71,50,15,63,47,55,82,45,7,63,17,25,61,9,7,25,42,3,73,8,8,53,6,28,32,3,32,62,62,50,43,92,24,57,95,33,51,54,46,68,14,99,53,25,8,2,96,59,61,40,0
24,22,19,27,37,87,48,71,6,10,4,14,92,92,77,97,62,89,0,42,26,5,72,24,64,98,30,38,37,64,49,73,81,24,62,27,70,43,8,41,36,59,53,47,88,55,9,75,27,31,43,5,58,56,97,82,27,34,54,40,13,48,83,66,31,38,4,82,4,56,12,46,79,48,40,50,21,13,11,79,10,46,20,60,7,30,88,73,63,15,85,95,99,14,24,5,13,0,80,59
39,11,17,53,27,38,39,47,60,12,62,5,76,59,93,100,7,20,61,55,8,66,33,41,47,87,5,20,29,67,74,81,76,47,45,58,18,57,45,63,39,0,52,32,40,60,43,11,36,3,62,16,30,72,34,11,75,87,34,15,60,41,14,54,44,59,76,81,56,88,11,18,70,53,78,41,70,21,11,86,92,99,92,23,57,73,69,13,62,49,11,57,98,53,8,99,4,53,37,72