47,68,2,62,81,51,43,67,55,72,65,50,56,38,15,28,64,88,42,32,43,50,97,61,80,44,53,79,100,33,42,99,11,89,20,4,83,52,21,95,69,47,26,50,74,22,80,44,38,10,86,46,13,62,1,86,65,82,69,40,38,77,99,1,38,30,34,34,66,47,30,79,61,2,99,6,24,4,83,64,47,30,74,3,51,45,39,21,8,44,58,21,53,65,95,66,31,10,2,22
17,66,82,63,84,75,46,86,12,7,48,83,41,55,97,20,41,45,89,97,87,31,75,50,44,2,68,15,27,72,76,33,49,6,58,38,41,87,78,71,41,44,49,82,47,17,14,75,57,30,97,91,79,96,37,45,6,67,65,93,28,60,98,57,75,51,15,84,69,36,17,36,61,92,1,48,77,20,85,63,77,93,3,89,13,38,29,76,91,14,58,93,34,12,3,87,79,2,17,31
99,8,81,40,17,52,5,50,16,15,41,35,84,51,70,27,97,7,23,94,60,99,66,73,27,73,98,9,83,1,44,38,11,48,72,76,41,25,28,17,45,42,48,97,14,31,51,43,53,17,91,70,34,39,65,47,40,8,15,0,80,50,89,44,11,96,50,96,10,28,42,42,83,91,70,4,71,8,72,1,29,43,42,9,35,51,98,14,13,71,13,88,86,55,48,17,35,35,92,100
40,71,21,42,89,62,92,0,39,98,52,80,37,51,3,80,22,21,37,31,11,7,9,73,37,67,3,0,59,17,71,29,22,35,60,24,25,70,69,17,5,89,96,82,8,75,34,59,52,71,54,50,33,80,6,0,26,20,13,89,49,78,6,25,21,78,48,30,52,57,88,7,65,18,3,92,81,34,65,80,78,64,89,52,6,69,25,81,54,22,70,21,86,20,19,51,16,76,50,87
38,70,80,75,48,65,6,67,32,61,53,82,51,21,46,35,96,18,88,71,5,99,20,80,37,4,71,87,5,92,48,76,75,95,70,73,50,80,19,74,61,32,50,57,80,7,77,79,61,15,32,5,58,83,73,6,53,100,86,12,61,40,37,61,16,3,24,95,21,40,96,100,38,5,12,40,87,53,32,69,16,41,13,6,21,14,43,85,8,76,72,39,4,75,41,1,36,95,35,37
35,11,14,12,27,35,51,9,14,1,83,1,24,91,44,27,19,38,23,35,83,46,72,100,67,78,3,54,27,0,25,75,5,4,3,42,11,61,17,50,59,89,29,38,89,3,35,84,0,79,34,26,60,5,24,18,15,5,51,20,78,8,39,34,93,47,30,61,100,70,18,65,75,36,60,79,44,13,76,36,8,36,78,49,35,47,49,24,4,60,57,42,37,38,47,57,96,30,7,51
7,25,47,34,85,47,32,96,73,96,41,53,47,36,8,66,35,22,4,51,13,8,98,30,82,7,48,50,12,94,63,13,40,2,67,36,22,41,20,42,47,46,33,64,90,58,39,1,85,81,59,82,11,12,18,12,74,38,98,35,53,62,85,96,62,70,32,11,51,0,72,5,85,99,31,82,16,25,8,65,62,41,30,59,20,77,62,61,79,76,63,59,4,57,35,78,14,0,65,78
77,38,97,5,23,56,23,44,14,67,21,82,90,71,15,69,36,96,35,66,11,95,11,6,27,47,89,27,31,24,20,99,30,56,79,46,52,96,83,66,30,21,39,28,13,2,0,54,23,65,96,92,87,53,10,12,89,17,64,13,68,36,33,84,15,23,36,78,6,72,60,91,61,17,10,54,16,16,45,38,38,93,3,85,42,84,48,47,83,88,14,76,43,53,78,37,59,84,85,87
69,9,51,47,98,88,14,60,5,36,29,54,66,76,40,97,37,97,76,58,32,85,27,100,12,99,97,22,94,14,67,17,33,40,40,77,68,97,79,83,50,81,37,15,48,29,22,65,35,70,71,99,42,22,71,81,47,33,14,75,38,66,24,65,80,71,4,86,18,10,42,38,6,18,59,82,59,42,63,10,6,83,15,100,55,99,49,86,90,17,38,66,36,63,19,30,2,27,98,26
65,95,20,44,72,32,47,1,45,76,60,95,24,92,83,30,21,79,71,37,58,56,28,46,49,88,43,81,4,7,56,5,83,60,34,70,12,74,63,7,81,50,54,37,8,39,54,88,14,89,60,83,44,81,15,47,30,78,100,20,84,17,41,5,85,18,99,96,56,28,58,45,7,63,75,11,80,20,20,0,41,32,88,25,25,14,77,74,25,33,20,36,30,32,47,100,51,7,59,29
68,75,7,88,15,6,6,48,46,43,37,60,34,64,29,21,72,7,19,88,84,55,30,62,34,77,32,68,88,84,28,46,7,24,66,67,1,70,38,72,99,14,89,95,23,46,32,72,88,16,6,77,24,32,9,65,11,61,54,48,62,82,11,35,8,84,15,46,59,7,85,22,12,8,21,42,93,92,17,66,61,15,71,0,69,46,20,61,64,99,15,28,23,9,82,47,76,59,70,85
60,41,82,92,36,27,87,25,91,85,22,49,12,77,52,39,81,16,32,2,7,37,12,2,70,42,79,79,89,66,54,4,44,69,23,24,11,15,87,8,37,42,20,82,66,0,93,76,35,17,6,36,71,3,58,84,12,72,33,71,57,50,16,83,26,62,67,72,63,52,35,97,48,63,95,51,52,72,91,31,47,0,30,67,52,73,31,3,64,81,59,90,11,42,19,64,95,26,79,70
59,50,86,98,4,34,35,64,94,1,96,9,73,25,94,14,94,22,6,61,99,84,1,95,8,12,89,49,38,12,6,98,25,78,53,61,1,18,93,26,56,23,62,72,84,23,89,20,97,38,87,60,75,1,80,34,22,39,14,51,9,89,64,72,76,99,30,8,12,78,95,91,85,47,32,39,44,8,86,55,40,58,37,20,76,53,52,78,68,18,89,6,77,23,25,10,0,73,76,8
39,44,38,39,31,9,76,71,99,68,96,41,35,60,84,63,24,7,77,50,6,77,9,67,19,31,93,62,29,3,35,7,5,94,4,53,86,97,50,72,35,30,40,76,34,82,22,75,53,11,40,6,53,98,78,58,62,75,34,1,16,90,54,40,2,94,72,27,89,64,37,71,81,39,20,19,77,13,87,28,39,26,91,38,26,60,7,48,4,84,77,7,64,97,27,41,1,63,52,53
45,51,29,62,2,97,18,45,52,91,71,81,56,30,19,51,68,96,6,23,99,74,96,100,18,65,7,61,16,86,25,26,81,99,59,74,62,71,54,18,41,78,96,47,47,98,59,62,9,18,3,17,14,42,69,74,1,36,30,30,61,68,99,89,43,91,16,86,17,61,92,8,48,37,78,56,99,2,81,94,68,66,46,66,12,8,11,17,22,49,94,63,32,51,59,56,40,72,55,61
60,93,100,9,46,36,89,60,68,30,38,16,73,52,79,79,67,20,51,28,68,49,98,88,58,5,92,94,95,1,74,6,96,61,61,14,12,47,86,72,33,34,41,8,90,84,100,32,84,64,73,57,5,50,17,68,77,4,43,63,22,70,23,33,39,42,33,86,61,96,87,100,39,49,85,20,24,94,47,22,52,98,50,27,15,84,50,79,36,88,58,54,76,32,2,13,25,44,11,30
41,10,40,3,37,1,100,8,72,13,72,24,55,68,22,18,24,24,10,77,20,88,78,77,45,58,12,1,16,69,41,8,87,98,77,20,98,24,35,53,61,43,76,32,29,73,63,9,46,11,50,59,5,82,7,32,6,4,78,82,25,2,53,67,6,72,82,11,83,25,69,55,28,22,98,23,52,5,51,63,95,9,92,45,20,9,43,22,67,3,64,5,49,13,94,90,15,44,46,16
57,13,56,17,43,25,57,73,78,42,79,52,7,84,94,89,76,32,13,49,53,37,66,17,99,61,23,66,1,83,8,79,42,25,72,93,88,70,6,65,33,76,79,7,97,83,60,1,4,89,87,17,57,62,42,34,77,1,34,17,43,26,31,63,14,79,18,88,36,55,4,13,56,45,27,67,93,5,59,1,97,24,16,22,64,51,16,15,25,8,26,4,90,65,8,68,76,54,90,57
90,56,38,64,49,22,41,40,100,2,94,54,58,45,72,23,88,77,80,37,99,78,4,81,51,17,49,93,14,67,13,58,47,53,26,41,72,3,0,10,16,29,24,88,57,95,50,31,79,7,80,24,90,20,34,6,23,70,83,87,84,37,7,70,11,35,61,35,51,93,38,70,43,86,88,25,1,20,79,66,94,5,57,79,27,6,45,7,67,61,86,41,87,5,61,22,52,35,2,29
19,47,90,100,56,42,3,21,68,27,47,35,51,61,27,86,13,90,49,37,99,100,67,8,7,19,5,43,72,19,75,6,0,25,64,77,6,68,54,88,76,52,3,39,37,61,71,0,3,24,61,52,26,56,28,57,47,81,99,58,65,29,13,80,8,37,65,11,66,99,55,29,41,55,80,95,94,55,39,21,39,93,34,74,61,61,23,25,86,100,78,50,50,71,94,86,36,25,83,90
85,97,54,20,54,93,31,73,14,26,82,72,1,44,76,32,81,52,40,26,18,47,60,28,6,24,25,50,26,75,24,81,84,96,4,27,47,30,6,89,4,65,87,0,8,68,22,34,28,39,62,29,37,99,59,77,39,97,11,81,67,21,39,23,50,33,84,81,81,12,79,0,52,94,64,73,53,9,96,61,69,1,27,48,92,84,43,6,87,67,26,55,93,17,100,18,16,68,61,85
65,43,51,52,33,79,27,45,32,30,2,29,33,25,44,57,75,96,2,32,20,85,65,67,11,56,44,2,94,60,85,69,80,94,5,85,66,10,95,41,34,16,69,9,3,71,98,5,24,2,51,61,47,76,86,45,34,86,23,27,51,27,29,11,20,31,23,49,41,27,33,36,71,3,87,50,23,60,52,64,11,78,78,15,59,63,46,40,84,31,63,60,57,28,89,46,95,27,75,83
6,22,4,55,34,96,63,24,42,56,78,69,81,94,16,93,40,85,40,71,68,90,49,68,23,59,67,28,29,10,73,21,76,14,88,8,68,29,75,31,66,55,0,97,97,41,21,51,97,0,76,93,97,25,67,45,51,22,19,72,86,55,15,100,91,89,6,25,8,65,90,97,84,26,17,82,80,68,97,4,55,25,34,19,82,49,89,47,41,67,50,50,5,48,84,63,80,60,69,12
67,84,58,37,44,14,77,100,65,58,2,49,65,69,17,44,22,99,33,73,64,94,26,61,90,88,95,69,44,97,61,78,34,30,85,59,27,98,87,29,45,42,42,38,51,46,41,28,80,5,97,28,29,23,73,54,100,92,82,41,14,97,90,56,24,15,15,11,48,45,56,5,9,84,36,75,47,7,98,27,15,11,73,99,45,1,50,85,8,11,49,6,19,79,47,24,54,20,3,56
2,30,30,89,60,6,25,31,90,7,45,43,46,15,61,17,44,82,26,36,9,96,42,30,8,24,85,13,46,28,9,54,48,56,62,85,84,6,84,35,86,37,90,1,49,70,90,98,18,73,51,41,52,74,23,11,64,48,69,29,7,13,99,10,56,95,90,47,5,66,80,3,22,36,48,63,81,12,35,94,12,57,0,75,63,51,34,77,33,23,70,25,95,27,93,5,5,38,50,73
22,9,54,3,54,85,44,16,26,76,66,63,10,63,30,41,30,4,43,16,64,8,49,49,81,93,97,32,75,98,0,92,43,42,55,74,35,95,14,54,38,66,70,1,0,44,56,58,80,34,16,73,94,9,48,7,13,92,7,53,38,73,63,25,70,84,96,61,48,96,78,37,25,73,44,20,67,28,53,40,96,82,18,86,36,12,47,65,16,9,11,79,15,12,26,35,81,5,66,4
45,54,22,35,95,27,24,51,32,26,100,78,46,38,70,88,52,41,20,59,20,94,54,60,34,18,28,61,97,92,10,84,17,61,42,87,93,0,65,32,28,19,81,71,62,96,26,24,78,69,89,60,11,95,11,83,94,93,90,25,99,96,45,41,91,12,69,17,52,39,48,35,7,17,65,8,19,37,0,8,1,99,8,37,98,20,47,50,21,29,15,75,32,86,27,69,9,60,92,4
83,71,71,92,11,21,70,87,90,99,54,18,33,18,31,5,71,22,56,92,25,37,42,73,61,25,91,34,11,0,68,8,98,42,93,100,96,91,8,10,80,56,53,42,52,72,79,63,72,53,88,38,85,49,81,57,44,3,85,3,96,49,91,35,27,53,22,60,17,81,39,12,9,23,9,84,38,42,28,27,32,73,73,57,60,6,85,77,64,82,42,97,57,11,60,48,55,89,38,25
5,85,32,97,2,7,96,24,1,96,40,19,99,10,18,23,11,47,93,52,99,63,98,92,4,23,59,46,62,99,54,26,83,93,89,18,28,63,87,82,34,64,92,69,8,52,19,10,28,11,56,77,39,62,86,51,76,43,84,78,86,17,16,61,64,22,7,36,55,25,94,17,83,50,7,29,49,65,78,89,61,74,52,64,86,22,59,95,32,6,22,74,92,6,2,80,75,16,11,51
12,19,50,6,11,82,35,57,67,20,100,46,38,41,1,63,99,13,94,80,41,85,52,6,34,65,77,20,13,37,93,11,73,24,7,83,26,59,69,100,41,25,71,22,65,11,92,24,95,94,56,80,38,99,62,66,89,26,49,65,60,0,45,30,82,62,73,89,83,16,23,42,1,87,31,64,85,70,37,92,73,90,12,41,92,24,31,24,57,69,8,79,70,36,64,30,18,76,22,81
52,8,6,29,83,7,27,86,12,40,53,38,77,68,63,98,36,26,52,26,42,40,71,14,65,21,49,16,45,61,33,58,25,9,85,54,17,56,13,4,16,48,23,44,33,100,83,67,42,14,8,60,16,3,46,50,56,51,58,71,47,44,12,100,42,51,93,59,97,82,2,5,74,99,51,71,28,48,49,20,19,42,34,85,41,87,19,22,20,29,91,86,33,68,31,40,25,34,40,1
50,86,81,97,84,34,39,47,39,1,83,48,57,97,53,16,37,20,26,31,57,24,68,2,50,14,62,63,74,40,37,58,19,93,10,4,61,94,68,77,17,47,16,29,60,6,82,16,100,23,58,66,24,64,82,67,95,58,17,38,82,61,4,11,76,22,95,29,44,27,7,21,34,56,53,70,69,2,90,67,48,35,0,67,3,12,53,78,89,14,93,34,3,89,41,7,76,38,55,24
41,92,99,66,93,31,48,49,3,9,50,90,31,63,34,28,85,62,61,67,33,37,29,79,64,27,100,91,52,99,99,58,45,44,96,44,36,73,51,57,14,81,60,80,26,7,13,10,6,67,24,7,54,30,80,72,74,85,30,40,4,83,39,58,11,50,11,11,18,97,17,58,15,60,59,13,67,42,52,89,12,8,67,56,17,3,56,5,83,23,6,54,24,21,100,91,23,85,19,22
100,96,19,95,75,63,24,21,65,10,100,64,30,18,86,25,90,72,100,99,17,70,8,84,45,10,47,10,57,8,47,23,47,53,1,6,96,2,97,29,74,76,58,57,5,69,69,5,16,80,36,93,63,72,31,10,61,92,31,18,45,19,60,67,79,82,90,90,5,78,35,94,78,98,16,83,35,43,15,98,58,96,15,41,50,53,49,63,18,100,93,27,4,34,13,11,53,22,100,66
31,71,30,93,54,90,83,49,16,12,54,68,34,53,57,62,58,69,41,75,28,70,75,42,57,10,71,1,48,85,54,56,59,0,88,96,96,4,31,100,36,94,96,51,30,99,50,45,60,55,74,1,16,38,72,99,96,60,27,77,25,98,20,7,2,93,34,60,66,85,30,93,93,40,50,54,85,29,25,92,75,35,23,29,99,73,75,59,24,19,84,68,83,81,68,72,88,5,82,46
61,69,46,2,76,19,44,51,51,61,10,66,6,85,89,82,34,5,3,75,82,43,32,38,4,22,85,91,4,45,3,73,87,14,25,35,54,49,1,20,48,6,41,62,47,62,50,55,73,81,91,50,41,67,5,57,63,59,65,52,4,77,29,6,70,98,51,82,76,30,11,61,25,8,99,24,2,29,3,64,58,78,85,99,61,67,48,36,76,91,0,85,66,23,80,92,53,20,36,74
75,38,50,70,97,92,70,99,34,75,45,79,32,10,97,10,65,66,53,35,59,82,24,71,49,39,67,63,27,34,14,6,59,69,41,43,95,74,21,12,10,73,25,74,39,4,15,62,13,91,40,80,83,47,52,26,43,82,100,77,82,13,92,76,7,84,40,10,56,38,55,9,81,63,33,12,53,6,17,16,85,23,76,79,41,88,4,80,41,20,9,12,31,1,29,77,81,57,92,0
97,77,3,19,94,86,99,15,55,26,1,81,42,86,53,53,27,34,48,42,74,3,3,20,62,22,83,22,16,33,8,17,70,67,75,2,87,26,93,0,24,72,73,72,5,99,27,84,6,56,79,37,16,30,54,0,10,0,47,76,8,42,26,65,13,20,89,9,2,13,78,13,69,1,74,73,53,63,63,69,59,13,34,81,31,61,56,43,52,56,19,18,38,41,27,5,55,35,96,77
98,54,11,76,88,24,17,46,77,67,1,35,69,1,95,8,34,48,50,32,6,45,38,46,81,58,88,11,20,4,1,94,10,100,93,82,87,72,99,11,57,70,87,26,43,88,27,45,90,30,64,88,39,55,81,89,44,80,60,78,93,87,54,57,56,60,18,49,69,12,55,95,6,81,94,7,4,93,41,51,96,4,64,90,64,75,34,3,66,36,75,24,73,84,6,10,82,53,32,38
51,59,24,83,49,7,86,3,78,88,22,24,96,21,76,30,27,72,81,14,90,75,42,98,20,44,78,35,43,61,97,7,97,9,84,77,40,65,81,99,77,82,56,67,19,85,70,70,78,43,46,4,90,100,50,69,38,29,23,12,53,97,45,88,54,69,84,19,84,86,49,85,22,41,54,1,84,76,2,84,97,7,22,22,81,9,14,96,24,52,47,41,52,45,35,0,31,47,44,94
98,20,32,96,14,48,17,96,24,80,58,2,92,32,74,99,83,89,8,29,84,50,15,34,31,67,13,21,39,5,48,64,22,32,67,77,15,31,93,49,6,64,4,59,36,46,29,59,68,73,40,15,56,64,42,88,7,92,99,80,20,85,62,76,66,86,29,1,11,92,48,69,78,75,95,89,68,64,4,73,12,30,42,57,71,36,96,76,74,45,4,45,4,67,65,47,60,64,26,52
11,62,94,51,7,31,67,83,99,37,82,24,56,32,63,47,59,10,65,78,24,65,51,10,98,71,65,99,96,37,49,90,27,24,54,75,50,36,24,17,36,4,27,27,94,76,57,35,33,22,48,65,65,87,30,74,78,49,29,21,47,5,45,21,75,29,97,78,26,17,77,18,72,15,25,75,80,76,50,76,99,41,94,34,55,50,42,92,7,51,22,87,22,40,61,98,85,87,86,27
43,100,54,92,3,20,16,35,50,4,48,58,90,30,74,57,71,15,23,85,20,97,19,44,16,79,74,2,17,42,29,91,26,61,57,75,83,27,90,44,44,98,81,55,65,23,17,54,9,79,26,26,44,91,51,4,54,40,69,27,61,97,70,56,58,64,40,2,56,11,84,2,48,40,64,71,27,1,87,38,81,13,20,17,68,91,5,9,74,2,2,91,21,69,10,15,2,76,48,86
58,6,63,63,67,7,48,46,77,60,99,78,32,34,42,80,17,97,5,77,62,90,89,63,2,11,25,31,33,90,24,84,78,63,50,76,14,40,41,7,29,12,10,18,78,26,6,52,73,89,82,54,89,75,16,78,37,18,21,11,85,2,100,43,78,18,21,36,6,77,22,58,18,57,11,92,8,37,37,7,69,21,36,6,10,19,62,49,86,62,93,36,2,58,94,79,51,31,58,64
30,11,95,91,84,32,93,30,94,65,39,34,58,75,97,14,13,27,5,84,32,55,72,45,34,47,62,16,100,84,29,35,47,87,16,92,84,87,85,61,15,54,36,87,98,49,56,24,11,53,47,90,62,48,80,65,16,39,16,55,18,49,35,87,10,48,72,72,57,71,74,95,100,17,14,29,82,8,11,95,95,41,51,15,79,39,89,12,3,57,62,89,95,96,41,25,19,33,25,80
40,94,36,11,96,75,57,8,92,38,49,56,95,75,4,34,58,73,87,58,45,66,55,54,49,39,51,98,89,87,51,62,40,18,32,68,62,10,19,77,10,99,91,51,19,38,94,26,17,55,19,87,3,86,58,89,38,5,45,3,19,13,81,61,85,75,61,43,78,23,6,74,94,75,31,22,52,27,43,77,70,65,84,15,81,24,83,57,98,82,91,44,3,30,19,7,29,61,89,50
34,5,48,67,6,26,29,88,24,79,49,51,36,74,22,8,13,25,75,51,66,81,29,66,85,89,90,73,28,74,73,78,14,36,13,40,4,19,100,83,52,42,49,27,12,48,64,97,97,92,72,8,69,98,8,91,100,97,41,10,78,78,18,9,94,0,51,84,43,72,71,28,7,95,28,64,97,64,64,46,64,51,32,19,84,44,42,49,51,28,63,89,80,35,67,79,20,88,55,44
38,14,67,99,27,55,37,97,100,24,92,8,39,58,57,75,42,96,95,47,9,31,98,40,48,44,73,64,87,76,27,67,57,2,98,87,79,59,18,47,42,51,88,90,72,63,90,50,8,60,51,39,83,77,95,5,9,19,90,89,97,24,89,9,11,62,26,64,45,0,46,99,98,25,48,83,83,87,81,88,44,6,59,55,37,27,5,51,62,30,74,75,4,81,93,15,43,95,90,97
19,82,63,8,74,25,87,17,70,88,3,86,78,7,20,97,35,99,4,95,95,2,56,91,45,81,78,38,81,61,76,89,97,31,56,70,27,84,78,51,29,47,57,25,40,30,55,49,22,55,44,97,47,19,67,57,11,46,95,11,66,13,47,25,51,79,13,71,59,69,68,96,6,15,13,71,21,84,14,60,17,9,23,69,61,19,62,29,74,81,69,1,8,47,81,32,78,32,24,92
36,22,7,53,99,62,99,80,76,16,94,28,39,60,42,42,44,20,6,57,55,27,63,14,95,28,58,90,18,59,7,31,14,54,44,41,77,49,53,85,78,54,64,93,11,55,20,78,16,75,45,75,7,39,82,2,45,18,43,31,17,84,76,12,98,23,6,66,60,75,31,4,21,84,26,48,62,72,17,55,98,81,37,80,25,35,21,17,97,55,70,74,5,97,54,69,92,33,40,51
23,83,30,89,94,46,16,31,61,38,45,6,68,43,23,12,74,43,51,100,86,22,85,91,47,66,46,72,70,85,84,2,40,39,79,13,67,31,86,58,41,67,3,90,0,90,34,91,5,0,66,17,40,90,45,54,24,100,25,22,94,18,93,74,99,41,22,63,57,53,38,31,44,39,65,41,7,60,100,97,51,98,53,11,92,77,69,67,8,3,42,37,87,90,27,79,80,84,64,16
41,32,93,32,62,76,71,86,57,63,6,19,32,0,2,70,13,30,12,53,14,35,26,47,81,8,23,78,43,66,55,98,49,57,77,25,92,17,46,1,17,17,45,5,70,26,51,36,79,74,24,74,58,41,94,48,45,1,8,42,53,56,41,69,94,91,35,42,45,17,95,36,29,82,11,46,40,38,23,47,27,60,68,42,15,15,30,68,64,74,55,11,47,34,31,63,63,79,63,79
60,91,41,42,87,33,54,38,37,11,54,37,63,81,100,56,24,14,73,98,15,1,48,12,95,9,14,100,12,28,100,38,56,39,6,54,10,82,48,47,48,69,72,70,55,61,49,53,0,75,31,86,80,15,21,4,75,96,91,77,32,23,80,31,62,27,74,45,88,79,61,22,30,61,99,53,6,25,22,8,33,85,22,44,64,20,95,64,41,89,66,67,39,53,41,93,71,59,55,0
26,100,60,72,61,0,92,90,29,54,64,43,38,42,19,89,92,55,79,16,76,89,88,47,63,98,21,40,89,100,78,23,0,4,76,94,98,40,28,12,41,4,10,84,46,36,60,64,88,15,79,53,88,12,56,82,50,38,52,48,28,34,60,100,100,56,35,7,65,51,37,63,77,62,11,13,60,22,6,65,87,23,62,48,72,4,1,9,89,92,60,39,98,10,50,55,95,83,64,91
84,8,98,54,3,36,58,25,3,52,56,32,28,52,5,86,6,59,64,42,87,62,59,24,53,79,2,3,54,17,95,47,51,86,31,62,47,14,28,41,1,99,2,10,49,77,34,20,18,7,13,92,35,45,18,95,55,57,20,1,92,1,61,35,50,74,38,36,10,40,27,39,18,82,99,51,43,4,22,40,1,10,27,85,82,16,87,42,52,99,52,22,45,7,50,99,7,76,90,87
78,5,31,56,18,36,19,37,98,54,99,40,12,77,71,82,74,99,40,18,70,51,63,79,27,72,44,46,97,15,7,29,54,4,83,16,17,15,23,10,84,86,0,73,79,1,51,30,80,16,19,72,2,12,43,86,70,22,87,73,100,45,90,7,13,94,84,76,97,72,12,12,33,28,36,35,13,88,47,69,96,67,26,100,0,28,96,39,83,2,58,83,55,78,32,52,38,11,16,19
28,95,21,96,59,34,23,81,2,37,75,84,6,91,66,78,51,69,77,59,57,56,75,59,52,71,69,65,64,85,47,31,94,77,99,86,9,91,9,16,55,76,4,33,61,89,62,2,87,57,58,69,33,63,61,50,48,39,86,3,73,2,73,54,18,62,18,3,7,22,76,50,77,33,21,60,46,61,51,40,7,94,37,72,30,88,85,81,7,15,10,26,46,83,35,15,34,95,24,4
65,41,57,11,57,85,51,29,85,24,33,7,11,16,10,7,53,9,62,4,5,58,13,29,75,83,69,47,97,27,83,4,72,33,57,67,85,26,27,73,90,52,28,17,23,68,19,89,19,34,41,65,7,4,63,26,28,21,51,99,20,46,31,66,88,83,27,71,91,45,1,61,4,54,93,8,47,15,52,10,61,85,40,94,14,72,42,46,84,11,68,95,12,100,28,30,66,60,8,100
12,65,83,81,67,28,5,77,51,0,52,62,41,64,55,8,82,25,80,96,75,81,33,82,24,18,8,33,57,64,35,93,88,91,5,79,71,59,70,89,75,28,63,21,77,64,21,38,58,24,94,78,3,6,59,32,43,90,36,93,92,7,32,13,2,13,45,80,73,29,0,88,85,37,78,98,68,25,84,65,79,15,41,51,95,58,54,40,70,29,90,38,90,84,25,13,33,71,49,62
31,100,40,43,19,98,15,29,74,35,10,79,15,27,99,8,64,0,7,40,21,22,99,78,19,6,37,92,71,50,92,84,41,41,29,38,34,6,74,60,44,78,12,15,0,7,58,92,91,77,2,86,47,58,55,31,57,59,3,65,39,76,23,51,50,23,58,14,63,75,92,22,99,78,62,68,30,14,87,16,33,55,2,86,64,78,64,66,28,91,44,37,41,76,51,67,75,92,25,9
19,93,60,44,95,24,67,47,14,8,28,40,63,59,14,54,58,34,27,2,56,32,17,25,10,11,23,94,71,82,0,77,31,2,49,91,23,2,2,66,54,32,6,58,44,16,38,79,58,30,13,41,39,90,43,57,76,95,38,12,99,24,10,97,85,74,21,45,3,77,64,4,45,100,78,52,66,15,36,89,16,84,16,68,26,23,83,85,39,48,99,63,27,85,25,75,14,47,96,29
86,31,56,77,53,67,81,10,26,65,83,52,80,6,93,92,29,73,73,69,53,46,75,38,89,2,13,29,34,98,30,87,46,27,40,75,53,69,96,36,22,20,14,97,40,5,87,59,14,62,28,95,48,67,92,55,27,10,28,89,25,90,61,5,26,92,78,56,55,46,25,61,88,46,53,30,50,6,47,82,50,80,82,45,100,50,100,44,75,45,85,65,80,12,41,9,29,77,41,24
55,71,3,95,10,29,84,82,71,66,17,76,89,49,41,51,66,8,75,24,0,57,15,42,83,88,46,56,97,86,55,95,74,79,93,57,65,61,57,13,63,66,37,42,23,83,29,70,23,49,20,92,10,21,98,50,51,70,10,9,69,10,77,99,31,6,36,69,67,57,61,46,100,74,27,13,70,51,13,90,73,58,37,91,63,58,42,37,40,41,26,13,25,28,65,96,69,21,34,12
67,87,79,96,68,37,30,99,85,59,63,90,20,1,24,30,83,53,57,92,71,17,7,4,36,5,63,38,53,89,82,83,13,95,19,11,11,98,65,4,19,16,0,77,45,76,95,55,73,86,33,73,96,72,56,76,29,72,69,45,15,8,60,50,23,72,22,18,91,86,9,79,71,94,45,99,5,54,83,48,73,5,25,95,19,51,24,87,22,16,26,7,96,72,62,34,7,6,55,5
85,70,34,57,70,36,99,73,45,71,33,73,39,18,26,64,67,83,21,97,91,37,5,94,67,69,37,10,81,49,74,28,75,77,12,18,54,22,30,94,85,44,56,6,8,30,46,75,39,1,33,66,98,8,33,19,75,26,88,85,75,66,44,30,33,5,69,50,65,31,48,82,24,79,39,44,37,77,78,35,44,51,37,100,59,58,13,60,44,68,75,19,41,70,97,58,34,3,84,6
51,72,94,50,51,51,34,14,27,95,74,49,52,47,19,51,45,0,73,36,4,54,70,39,9,48,80,48,18,88,28,48,23,12,84,100,83,50,67,33,8,72,90,54,29,80,42,85,53,5,38,74,46,95,45,35,51,98,90,65,32,89,29,46,81,50,6,65,82,42,98,52,38,31,32,74,50,5,49,17,51,94,7,93,34,90,81,64,8,30,100,58,59,94,6,9,29,31,75,61
39,48,12,12,48,21,50,59,26,96,90,29,37,52,40,91,20,77,5,6,69,45,11,9,47,38,60,31,8,81,45,85,57,80,78,78,97,10,89,96,20,45,93,25,66,7,85,3,52,93,21,79,42,22,56,18,61,72,60,1,17,34,17,78,94,76,40,14,16,52,96,68,86,22,42,33,95,11,15,25,92,52,45,20,16,95,85,58,10,85,1,88,74,12,42,2,53,12,10,39
6,21,29,16,60,52,72,11,45,44,69,41,52,55,33,5,99,18,15,52,49,80,30,87,97,2,48,100,87,72,10,68,49,78,69,64,52,4,66,87,62,45,38,67,83,66,95,47,22,33,44,53,85,40,67,97,50,85,36,6,32,100,23,68,7,20,96,8,56,80,83,92,60,92,54,64,46,46,30,52,46,10,24,33,57,97,39,10,27,48,41,45,23,65,55,39,73,69,58,8
100,49,70,75,87,28,23,3,1,24,55,95,57,27,72,69,71,92,26,29,25,85,28,6,75,90,60,46,19,13,44,31,75,80,62,40,5,33,33,72,62,59,35,72,83,23,95,42,82,91,61,56,16,56,25,97,83,79,39,24,38,39,74,82,19,76,78,21,31,27,60,8,35,51,75,24,81,91,22,78,95,1,20,51,100,24,51,25,82,24,31,59,18,6,41,37,72,4,50,48
94,1,63,63,85,24,84,75,63,27,56,95,8,89,83,41,9,5,3,32,77,52,4,78,49,30,17,24,5,35,59,13,15,72,46,78,93,68,84,84,43,90,88,98,6,19,38,72,9,53,49,27,38,38,40,47,42,51,9,53,53,93,26,81,67,55,91,70,26,93,68,80,5,36,79,27,22,74,61,31,25,84,67,8,89,69,59,22,83,93,99,94,14,49,78,50,12,90,26,19
25,50,82,65,42,48,43,66,18,68,6,100,5,39,64,30,1,52,87,53,83,53,72,43,36,79,13,8,86,56,23,40,81,80,90,93,52,26,46,52,56,53,47,85,60,81,85,73,7,24,23,65,72,81,93,93,85,35,63,49,19,73,63,5,4,80,100,29,82,23,13,30,22,54,63,38,39,31,57,100,87,81,8,69,35,92,78,10,34,80,88,4,44,99,40,30,42,70,77,67
95,13,90,1,73,40,94,58,9,25,30,28,42,56,42,12,28,54,60,76,19,96,21,53,18,62,87,18,8,68,88,37,17,100,57,64,83,94,58,8,37,31,43,44,46,7,32,79,39,32,78,8,39,94,91,56,28,24,4,10,87,84,19,61,20,14,8,47,50,56,20,41,56,33,86,10,73,63,69,8,35,80,33,67,19,100,78,9,16,7,28,71,91,54,80,13,95,0,41,69
68,90,97,17,48,19,94,60,36,0,64,97,94,94,84,69,48,58,71,67,8,40,9,13,71,61,3,13,75,8,75,71,72,69,59,12,39,32,34,68,66,0,92,60,95,19,77,43,76,29,61,30,88,22,29,32,4,90,79,44,11,12,68,37,54,9,96,32,36,47,7,32,94,0,32,100,45,44,9,42,22,53,92,48,88,26,90,26,8,35,58,88,45,92,58,43,7,17,24,20
48,34,1,0,52,15,95,78,98,65,99,87,66,95,98,16,93,82,83,73,73,12,37,46,20,26,52,59,8,67,68,89,60,4,57,95,20,93,41,31,18,66,63,37,98,87,71,97,47,92,100,45,67,70,99,30,71,35,59,34,41,74,45,99,54,49,49,90,45,87,34,8,73,64,41,97,9,42,82,82,32,9,51,1,1,83,83,83,72,79,73,55,90,54,24,91,54,32,53,100
58,86,18,80,30,93,42,85,33,79,84,2,25,92,26,28,2,50,69,7,3,63,32,47,2,10,67,4,38,65,11,89,88,0,89,45,92,37,71,9,93,76,19,38,20,26,70,62,84,25,100,13,52,100,48,74,13,59,22,31,35,4,70,28,27,55,24,76,58,61,63,50,51,91,24,97,35,7,61,35,43,91,39,42,40,75,4,5,73,18,25,88,35,96,2,97,3,7,67,34
63,11,82,83,71,14,17,84,51,50,8,27,72,95,21,58,44,38,40,48,51,86,88,2,69,5,3,2,4,84,73,73,100,63,52,36,75,74,62,68,1,90,41,46,84,78,1,47,65,73,3,81,47,32,100,38,19,20,29,53,32,61,27,10,46,72,88,79,26,2,83,17,69,17,14,57,84,78,56,85,65,11,28,37,62,69,48,80,90,81,93,79,58,11,6,46,27,61,2,31
67,81,75,8,23,42,23,84,26,46,15,52,94,2,38,7,85,72,34,40,92,76,92,37,0,6,97,67,48,74,65,39,1,65,8,2,82,35,40,62,72,0,23,17,79,1,97,63,79,36,6,75,56,94,29,52,74,63,55,25,0,94,93,51,75,51,96,75,93,45,7,69,9,31,94,35,48,99,25,33,78,10,84,80,66,44,5,57,48,46,49,0,39,57,39,17,82,50,24,31
35,63,84,50,31,10,10,32,80,69,91,60,85,46,53,56,15,93,64,33,85,55,1,87,95,28,12,53,13,11,1,47,74,63,48,63,40,47,72,26,82,66,79,8,50,55,13,3,72,33,70,23,53,92,51,44,41,5,89,72,89,51,46,8,21,19,99,91,6,56,87,80,8,74,45,61,83,8,98,46,67,82,84,27,84,40,35,62,46,94,96,59,78,24,30,34,12,73,5,27
9,100,32,9,11,60,30,67,85,97,35,48,71,55,97,63,93,52,4,18,35,25,81,36,55,48,8,36,66,83,69,2,21,7,83,60,72,10,82,67,6,18,87,79,22,100,76,4,60,75,17,30,29,3,91,55,17,84,45,5,4,43,70,26,74,54,35,73,38,31,59,30,29,0,56,71,67,11,33,39,4,68,41,73,86,6,47,22,92,91,69,50,9,23,19,87,51,90,61,56
50,10,75,91,93,98,86,0,96,100,68,52,48,9,38,65,80,16,28,23,17,72,73,60,61,1,21,11,33,87,13,6,30,56,46,53,87,68,94,45,2,36,27,48,31,13,95,69,5,10,91,77,38,53,81,38,75,16,45,66,16,11,45,44,2,37,86,32,68,74,56,13,0,3,41,33,100,66,58,28,86,61,61,32,33,90,23,25,29,0,92,40,7,10,78,12,50,94,15,24
27,83,53,25,69,13,38,18,5,1,86,52,84,32,40,61,79,55,88,99,69,6,70,75,96,34,85,85,89,10,79,49,62,75,36,25,37,73,82,68,77,91,61,95,92,95,49,79,59,76,50,25,8,7,25,61,64,66,99,51,75,49,91,23,48,79,71,72,42,72,21,48,74,94,69,0,99,98,35,58,29,100,57,16,79,98,44,52,98,25,67,26,45,76,69,46,98,19,7,82
85,85,72,7,84,5,59,17,86,39,78,47,96,14,76,23,67,77,56,59,68,53,41,3,82,5,83,82,84,65,95,69,52,45,86,57,89,95,8,5,68,8,59,20,20,32,73,92,82,97,67,26,97,72,67,43,25,71,4,2,1,13,83,79,9,1,79,34,52,79,98,47,70,28,90,7,17,61,8,58,69,18,32,35,69,62,5,47,43,65,83,51,96,56,86,36,18,14,41,1
9,9,43,57,69,83,69,63,88,96,47,1,78,54,3,92,29,78,85,33,66,86,66,85,48,10,54,88,84,81,30,12,89,75,57,79,10,64,69,65,62,12,88,17,95,73,56,30,15,100,49,96,16,20,88,4,2,21,56,48,16,87,64,80,62,88,48,55,18,48,35,82,80,58,40,6,90,16,78,72,61,57,14,62,100,51,50,100,47,41,31,83,37,99,2,66,53,87,15,12
76,100,82,65,82,78,44,4,26,99,26,100,81,3,26,51,59,38,74,53,58,82,70,7,18,84,76,59,46,97,29,26,64,7,33,8,100,73,0,15,32,10,79,30,3,86,30,83,69,18,63,37,70,6,35,95,100,7,94,47,66,23,74,28,98,88,45,46,77,36,79,44,99,74,22,18,69,93,26,7,88,29,29,77,38,59,97,72,43,64,48,51,0,51,89,45,89,16,52,65
76,79,75,40,35,2,32,10,36,6,28,71,19,43,54,10,94,19,92,48,35,2,91,38,5,97,18,7,15,48,64,7,12,7,97,65,87,90,96,68,61,3,44,61,30,17,37,55,81,71,11,29,69,4,30,44,64,36,53,17,27,2,82,51,31,21,62,88,79,21,8,41,32,4,23,72,92,45,47,46,94,23,97,64,27,95,16,24,63,52,60,83,46,45,20,49,43,28,49,65
77,21,15,46,42,36,23,15,53,19,3,0,12,4,18,33,8,75,90,86,22,39,39,51,38,80,61,87,52,99,84,2,18,87,41,51,0,36,28,36,80,98,48,5,45,62,35,71,65,79,8,15,18,91,72,23,86,57,86,3,36,51,92,37,93,78,85,36,47,4,96,87,80,5,24,62,64,82,57,98,14,94,81,51,14,94,75,82,11,96,31,3,68,89,20,6,63,45,85,68
73,0,33,38,85,47,14,27,45,58,78,43,40,49,67,70,40,15,56,1,93,46,8,20,66,89,69,55,91,57,22,42,83,20,4,88,90,40,18,48,59,1,14,0,51,80,92,54,28,35,54,55,74,0,0,92,80,21,43,20,64,87,67,37,97,16,50,88,5,77,48,27,81,48,60,6,88,11,0,31,24,24,24,36,8,24,33,77,1,98,80,31,76,26,39,88,18,98,75,79
20,10,75,77,39,16,22,34,89,67,90,4,38,25,3,94,34,73,96,14,92,53,20,17,74,67,14,53,15,29,51,83,53,63,9,27,21,81,94,68,79,42,92,75,56,42,17,56,80,39,35,37,69,63,74,2,85,95,56,68,76,23,9,9,86,55,31,35,78,16,27,60,85,49,93,9,34,40,87,21,61,20,84,92,50,34,99,81,18,17,71,78,30,53,45,94,27,4,100,22
7,12,41,61,7,96,99,50,76,10,99,79,18,56,15,32,58,78,33,76,88,48,68,10,42,77,92,40,71,51,6,87,41,97,83,20,9,46,11,21,65,91,99,19,82,39,85,56,63,42,68,59,54,95,53,29,65,26,6,58,90,98,7,18,34,40,71,63,39,67,60,54,52,99,44,55,30,26,54,82,96,99,50,2,36,37,39,63,27,41,16,9,89,96,32,89,39,51,9,30
13,38,52,70,48,70,9,77,61,13,45,50,56,60,11,62,91,10,5,24,2,36,50,24,95,85,75,30,88,11,76,2,72,22,73,51,52,83,66,63,66,90,76,7,9,21,96,31,59,51,97,34,71,32,12,78,20,52,34,51,36,90,73,93,41,5,72,13,28,12,71,57,54,71,62,95,89,67,83,3,3,64,21,94,3,9,61,63,11,4,87,24,51,17,59,4,78,67,69,85
31,93,44,72,1,19,32,52,13,15,90,56,100,86,91,25,29,70,36,78,30,33,49,95,91,4,9,89,30,52,36,85,6,74,65,82,51,39,75,72,90,15,75,63,61,37,32,68,42,42,83,93,82,83,8,48,4,68,3,68,27,2,92,72,4,94,8,64,11,79,32,16,7,47,87,53,16,95,83,2,85,42,30,29,13,18,81,22,31,8,81,85,33,5,18,66,63,41,3,58
59,46,39,58,14,10,10,36,47,82,60,95,10,80,61,11,96,11,85,92,89,26,68,94,88,75,78,27,13,54,23,85,2,59,89,76,1,11,80,29,62,76,37,85,57,42,47,6,37,73,37,44,39,80,66,84,42,65,43,32,90,9,90,20,98,10,10,62,100,59,74,73,45,89,17,26,76,71,53,16,37,14,39,97,75,19,25,52,23,61,51,58,45,30,8,19,88,63,20,19
32,93,79,57,36,10,29,19,4,56,4,47,54,1,2,32,78,27,23,73,77,19,5,48,1,4,51,88,59,11,72,52,85,36,84,78,50,97,7,28,83,26,41,99,97,31,36,21,97,69,65,32,10,23,96,77,74,39,4,45,70,60,12,9,26,88,67,56,10,36,14,16,47,61,88,41,49,68,100,79,25,80,40,82,83,56,41,23,68,79,56,33,69,72,50,6,6,94,13,52
41,1,65,70,8,37,97,32,66,72,28,4,73,8,29,29,74,30,13,76,7,96,53,66,27,40,29,67,51,55,64,59,70,62,99,72,77,93,68,40,79,61,17,55,85,27,78,57,29,17,59,49,85,3,19,44,76,62,83,68,98,68,66,78,63,26,80,34,22,9,83,59,97,41,86,93,51,37,65,59,6,23,74,26,42,54,65,3,64,55,0,53,77,49,12,34,22,86,60,71
35,23,94,5,100,49,24,66,0,36,69,45,28,52,35,1,4,95,93,16,17,57,93,78,69,21,99,21,5,6,4,14,69,55,45,78,28,21,81,37,29,62,74,46,43,44,44,90,24,49,91,59,2,37,34,57,35,26,15,4,69,15,84,70,22,80,65,51,68,74,17,26,49,36,69,74,64,3,100,76,26,97,0,30,99,100,45,82,26,46,67,23,78,82,20,87,3,1,61,81
52,41,14,66,98,21,49,61,55,7,35,5,96,14,51,57,22,32,56,82,32,53,75,68,50,44,84,83,51,27,10,18,63,96,88,70,74,90,20,5,4,71,96,38,64,54,25,99,6,59,78,96,89,50,27,41,40,61,49,94,45,36,20,88,44,77,100,83,94,9,0,94,89,69,20,2,67,95,94,6,91,100,40,64,11,50,40,64,51,62,22,65,66,23,5,7,11,21,16,42
46,60,0,68,64,90,72,20,18,29,96,73,63,86,74,40,59,31,12,12,79,98,45,82,70,24,67,44,86,99,25,37,22,94,75,46,21,40,97,26,49,97,39,82,74,54,74,48,73,2,8,22,84,99,50,100,24,99,98,55,24,66,36,29,56,47,81,57,37,38,80,97,69,94,45,56,60,29,4,50,36,51,86,29,0,5,57,72,36,69,88,30,24,13,22,75,82,4,82,54
41,54,13,19,3,94,43,40,51,45,24,23,24,87,9,3,34,75,55,14,91,12,29,72,72,21,44,54,46,31,5,53,91,47,23,68,94,9,12,4,95,9,15,43,70,71,72,26,3,66,35,5,37,28,39,60,90,69,98,66,59,65,4,49,90,33,64,78,82,97,23,40,88,56,52,7,42,2,42,74,8,54,93,69,43,88,89,33,50,9,3,96,31,20,59,4,66,38,20,14
20,65,44,72,23,44,2,44,43,84,83,33,21,15,61,91,15,99,58,2,49,31,29,84,94,60,88,48,0,33,49,29,81,34,86,55,84,52,27,21,93,72,80,72,96,63,90,16,57,85,89,24,16,59,56,89,71,55,8,35,10,30,22,33,77,80,7,26,80,99,31,68,11,25,20,24,55,96,21,14,4,89,59,59,68,85,71,92,53,93,81,44,15,1,36,88,28,37,20,0
22,29,77,22,5,32,55,23,71,13,37,100,28,48,86,53,97,30,90,45,8,29,100,85,71,58,70,4,82,0,65,76,94,78,23,50,9,74,8,53,49,3,27,100,65,18,65,86,27,9,49,33,40,72,35,35,14,15,98,75,54,59,92,82,93,30,96,58,44,60,66,56,65,88,21,80,57,39,95,71,9,66,28,51,32,45,23,54,91,17,66,44,97,98,53,60,60,87,31,45