24,10,80,77,7,25,41,4,39,22,43,56,93,91,74,1,48,22,76,80,84,51,48,94,14,78,11,1,33,52,90,50,45,37,66,8,79,15,40,2,43,39,69,52,35,41,71,39,22,61,22,47,42,29,53,1,5,22,37,31,58,72,44,54,52,20,90,77,35,2,40,74,95,62,82,10,37,81,2,54,61,36,30,55,73,70,49,72,14,60,76,72,94,88,27,3,93,9,31,95
81,74,60,96,87,48,60,51,34,34,73,29,31,87,81,76,57,86,62,49,40,32,7,64,86,5,58,35,26,11,33,47,18,100,34,98,14,19,98,38,30,79,4,23,2,34,90,39,48,95,11,61,85,27,98,39,44,98,84,3,61,22,47,23,36,17,45,71,22,88,39,61,11,58,5,3,43,81,73,30,79,63,63,44,45,83,22,19,77,43,88,96,91,15,59,8,9,18,87,75
69,71,2,18,99,9,97,60,67,36,82,44,4,13,7,31,89,83,24,64,20,36,86,33,21,48,5,7,69,19,31,49,22,41,81,36,78,73,60,17,33,92,72,9,28,12,26,72,28,45,38,25,85,32,42,96,8,63,52,66,33,83,65,60,16,97,41,63,97,69,60,44,12,11,14,23,1,86,98,87,93,64,90,83,56,46,14,20,8,76,53,60,68,65,65,30,2,70,92,73
0,54,68,14,57,85,57,54,70,91,46,8,38,96,85,29,36,59,3,65,12,88,68,54,41,46,83,79,38,54,17,44,75,53,82,46,70,86,71,94,7,38,49,45,93,5,90,68,95,58,89,89,84,84,43,32,54,14,41,96,4,15,58,86,99,39,16,41,14,82,78,30,95,100,47,64,10,62,7,37,6,37,8,24,38,67,66,11,0,89,15,64,52,64,29,34,96,62,48,62
52,51,29,65,31,90,38,56,12,29,97,48,26,1,14,78,1,47,18,86,67,79,14,81,62,79,5,76,53,89,19,37,11,14,29,51,31,12,86,59,41,12,15,63,97,46,85,49,49,49,23,79,90,43,20,63,72,92,99,84,49,72,67,89,28,32,11,38,15,83,13,48,9,27,77,14,24,95,50,12,24,45,27,93,35,83,6,67,58,57,19,69,1,46,44,24,52,8,23,84
11,26,68,66,68,70,71,31,97,2,97,64,25,96,56,36,93,42,80,90,54,56,38,33,36,73,6,15,12,59,14,0,93,24,96,17,91,95,12,14,40,20,56,95,56,57,99,85,69,0,93,3,83,11,34,43,48,72,89,0,99,2,74,37,33,67,61,11,16,16,98,61,72,67,6,89,38,94,92,66,30,34,8,14,97,23,50,20,2,72,8,22,88,95,27,53,67,71,96,56
52,81,12,11,83,27,1,42,3,15,25,6,54,54,68,97,23,62,64,90,8,50,80,96,58,18,49,51,44,66,93,11,51,78,15,95,34,63,95,2,13,35,100,14,2,36,74,31,6,56,52,62,69,62,52,15,99,47,86,46,38,40,26,55,48,74,97,68,79,3,30,72,38,42,16,20,94,40,1,97,48,95,51,10,19,34,14,73,99,71,41,40,70,53,76,36,15,90,95,19
75,84,6,15,45,57,40,93,87,65,16,20,100,89,10,21,63,70,8,2,93,84,98,92,90,18,64,40,34,81,93,5,54,83,21,67,52,37,84,7,81,5,90,99,58,30,45,34,27,80,90,28,67,74,59,98,42,59,10,57,3,89,44,100,3,86,90,34,71,48,96,36,6,41,27,5,27,54,42,59,100,7,5,54,23,35,30,46,18,44,22,11,92,50,89,84,40,23,81,44
81,3,40,87,15,77,51,5,41,24,90,12,44,87,7,35,7,5,78,36,14,21,95,43,20,6,59,38,72,60,99,82,4,89,17,85,87,15,88,97,23,16,17,7,35,24,33,12,17,52,88,57,35,91,70,40,70,48,90,42,68,72,1,12,95,45,27,27,36,88,34,51,25,74,48,7,97,87,15,59,29,32,66,58,8,16,71,47,60,89,29,100,99,69,75,41,86,97,3,58
48,79,55,99,62,17,54,95,73,73,56,90,72,58,20,91,1,29,44,72,91,9,2,99,50,11,50,21,25,31,40,97,45,100,2,14,96,55,23,67,21,19,1,6,20,53,96,43,63,3,51,63,31,36,11,41,33,86,7,6,60,27,82,46,25,85,49,94,54,3,14,2,17,58,44,43,77,41,31,73,65,100,46,33,68,15,59,99,77,8,72,44,24,18,42,7,6,15,99,51
65,13,7,43,2,60,73,4,52,75,76,62,24,26,62,34,40,38,88,86,8,29,29,52,76,96,65,26,25,38,9,45,74,79,3,78,69,70,95,75,7,79,5,86,69,70,63,3,38,93,68,69,99,56,95,7,83,77,23,45,17,76,14,66,42,62,52,36,35,58,46,29,53,20,74,40,72,91,76,88,43,23,37,89,50,15,83,67,12,24,2,78,41,43,20,28,50,42,0,91
99,69,68,67,31,21,23,57,48,82,68,92,88,11,57,20,12,36,26,75,18,12,80,46,13,90,90,86,24,51,16,74,91,79,88,70,19,25,71,51,56,10,9,92,53,24,100,22,46,45,97,55,68,90,67,40,16,58,93,59,11,99,86,32,5,72,20,51,7,19,44,68,49,59,75,34,64,86,11,38,71,57,22,56,23,87,68,2,38,70,25,9,9,77,66,14,40,51,21,16
92,51,9,23,63,37,22,25,14,64,93,21,27,94,80,67,86,18,73,97,65,72,26,61,59,94,55,33,39,10,63,66,97,90,66,29,43,86,61,89,95,53,19,45,86,19,0,80,91,72,57,94,12,94,33,75,51,94,98,75,93,8,0,51,52,52,7,88,29,42,21,45,36,51,18,26,31,18,94,28,75,78,67,48,23,17,21,47,61,14,23,5,44,57,49,10,28,71,20,18
9,22,92,10,99,54,76,99,68,40,27,38,45,9,76,49,11,90,4,52,45,62,61,68,12,66,77,26,82,54,9,69,64,19,79,42,78,94,75,40,73,24,8,5,80,79,54,9,13,2,8,72,99,49,7,63,40,59,15,49,86,11,95,5,57,35,60,63,22,44,38,56,19,4,1,93,75,93,63,7,62,96,40,25,20,54,81,29,91,35,62,27,47,94,96,59,54,41,22,14
93,30,84,8,57,11,52,51,86,53,17,15,13,1,93,15,6,34,69,11,49,41,45,62,13,33,49,63,79,100,65,19,14,16,86,39,52,59,70,29,30,7,14,50,9,72,41,42,7,15,67,20,4,84,46,66,47,4,5,60,71,44,74,36,45,93,64,69,65,80,35,58,98,18,64,43,22,38,63,3,54,28,85,100,1,85,66,42,2,32,22,15,28,86,41,96,26,68,94,95
20,56,96,15,65,96,40,86,57,62,73,82,28,64,21,69,10,54,75,37,27,78,29,92,100,18,37,54,60,30,7,32,26,39,46,68,6,22,67,99,78,23,11,40,42,76,37,7,0,78,88,87,2,87,24,23,85,88,54,75,98,16,81,56,87,1,99,90,100,61,10,28,7,19,100,38,18,58,24,34,94,42,64,1,51,1,5,95,82,70,96,0,40,71,42,89,90,71,92,92
27,30,34,7,84,20,46,12,13,59,56,96,37,34,32,45,40,34,39,63,95,100,7,45,86,80,78,30,32,66,62,75,49,85,55,99,71,93,59,36,30,5,97,74,68,92,85,81,13,24,19,74,51,30,86,5,34,87,33,28,68,76,3,58,86,86,23,14,45,69,48,27,1,97,66,46,49,17,21,4,90,78,10,82,85,36,38,50,100,85,99,55,89,36,2,95,21,55,14,50
75,34,76,98,53,18,32,31,40,5,45,80,29,44,43,14,79,95,51,2,56,72,82,63,79,33,38,4,38,68,79,68,87,52,20,69,57,23,11,59,68,45,45,67,84,7,36,50,4,4,20,67,26,95,70,89,7,60,42,38,35,31,44,33,24,100,80,0,59,23,9,43,9,97,51,94,88,16,72,79,72,34,26,21,74,47,19,23,68,1,11,17,35,45,89,88,77,66,7,73
85,22,97,72,13,49,67,64,78,25,27,53,37,19,95,45,13,71,68,48,40,4,50,89,31,28,86,66,69,1,90,20,28,94,17,22,18,23,3,96,6,99,16,29,31,20,89,6,69,80,69,4,12,97,46,98,27,77,76,42,88,39,50,71,89,93,75,87,27,45,1,61,17,96,54,35,24,73,5,65,80,23,74,27,52,97,57,32,67,96,22,49,83,52,89,71,66,13,74,59
74,67,31,38,10,9,18,86,28,47,31,25,94,67,64,4,60,2,66,89,81,93,28,4,54,29,51,67,80,25,4,37,49,46,44,6,41,32,4,11,17,40,67,91,66,49,98,23,99,87,56,83,33,16,75,59,66,47,87,92,49,21,66,7,15,60,19,29,91,99,63,91,12,52,78,57,45,93,62,22,0,61,10,80,55,60,94,55,50,46,86,98,59,81,25,79,9,18,8,10
98,89,90,45,21,9,36,7,61,23,64,100,96,76,45,70,28,68,51,34,99,39,84,91,6,87,30,3,41,45,27,11,97,69,5,66,61,40,48,48,85,52,36,76,71,86,6,66,55,43,3,57,30,21,88,64,9,59,79,2,75,47,29,30,85,4,95,78,37,9,31,3,96,36,5,46,4,91,65,59,11,23,79,54,15,53,94,1,55,93,88,49,49,20,18,95,76,59,29,48
31,37,14,77,16,83,20,13,97,52,96,8,92,95,13,0,31,75,65,93,83,65,16,10,45,81,77,34,4,67,94,50,18,44,26,50,3,59,38,61,39,6,71,93,40,45,0,1,56,54,70,62,30,65,55,48,39,95,6,77,18,28,90,47,44,94,24,80,22,73,86,99,12,3,13,9,40,50,84,89,66,0,96,23,16,16,1,11,95,27,33,35,28,2,20,22,14,84,81,58
5,47,56,4,6,14,6,73,26,72,82,92,68,56,40,76,31,19,67,86,7,7,74,98,31,55,25,1,78,68,21,66,83,92,70,0,9,60,11,35,95,51,19,79,43,48,32,22,4,51,7,74,13,31,58,27,22,97,40,47,94,43,22,83,80,4,30,97,81,58,15,0,98,73,72,26,37,19,99,78,24,68,43,49,37,35,2,1,2,52,21,80,30,69,13,35,54,69,0,53
97,13,97,41,69,75,39,43,21,4,41,89,51,33,63,95,84,6,65,51,17,75,2,46,38,12,73,97,85,61,99,30,14,33,24,29,75,72,91,1,77,31,38,30,75,22,85,70,76,65,54,53,14,48,65,34,40,44,6,1,66,15,34,58,76,28,12,67,51,17,33,8,36,9,89,82,73,59,5,68,65,54,71,51,98,44,39,81,66,77,35,15,99,29,81,36,64,94,27,100
2,75,34,90,0,100,31,15,19,13,91,98,57,43,83,30,58,76,41,56,90,82,77,85,39,42,94,64,69,6,85,60,11,41,8,83,59,47,0,0,72,19,72,39,42,59,32,0,100,12,97,18,12,5,22,49,58,9,52,13,57,52,17,36,25,49,73,93,51,36,89,66,61,64,12,65,79,84,54,52,50,61,41,26,33,36,62,83,19,41,16,47,29,66,18,67,63,27,67,45
77,68,42,48,60,19,56,80,15,32,68,26,42,97,61,71,30,31,92,16,24,31,86,69,63,82,90,89,98,72,94,28,31,49,61,84,53,73,51,55,65,48,34,56,45,81,66,64,4,53,71,27,38,39,23,27,76,69,68,79,97,85,17,76,79,14,2,52,44,81,13,32,53,47,65,58,24,84,68,90,76,29,93,78,89,31,27,44,73,39,43,68,58,77,81,43,32,52,90,12
76,19,89,11,25,30,17,71,30,93,19,55,0,65,69,80,83,60,76,54,87,92,64,89,74,7,34,72,31,12,24,50,22,37,21,50,45,17,17,87,4,90,13,4,65,11,9,33,100,9,16,28,29,68,66,86,75,93,4,23,56,64,95,56,60,98,0,39,19,7,88,41,19,37,0,37,50,96,72,19,71,85,60,90,49,13,60,28,5,79,33,15,51,6,58,51,67,75,29,73
58,15,27,44,8,67,42,18,66,36,43,86,72,37,50,54,5,78,71,24,39,51,44,85,61,95,77,48,40,50,71,67,64,4,16,78,87,54,1,39,93,61,19,57,29,61,67,78,16,91,6,47,87,46,37,43,95,14,23,27,43,49,29,93,99,34,82,22,42,85,15,82,96,12,29,28,3,66,1,59,92,87,94,43,11,30,77,63,2,97,55,25,36,9,81,98,49,54,56,61
58,22,23,6,65,88,93,57,58,70,16,57,42,44,23,17,49,24,8,52,36,91,13,43,21,7,98,47,16,86,17,40,18,5,12,52,45,30,40,87,27,67,81,18,97,34,98,72,10,89,35,86,17,43,78,85,67,18,59,95,40,70,61,43,78,13,1,41,43,21,33,38,24,69,93,62,2,52,5,0,98,95,64,67,56,14,55,43,33,87,4,35,57,73,92,38,51,54,45,26
39,80,13,18,24,26,76,22,23,43,2,88,14,24,21,3,94,22,51,80,100,88,3,1,9,53,68,51,5,24,31,98,10,33,47,90,56,60,82,24,22,32,62,59,47,59,7,90,74,2,82,59,72,78,42,88,67,32,18,74,67,54,36,51,90,43,54,0,68,19,45,52,100,23,74,10,95,81,47,88,61,44,4,48,97,83,39,91,43,84,69,76,50,65,86,55,56,80,89,11
45,95,95,11,71,76,51,68,14,7,15,28,95,23,27,73,73,1,62,59,27,77,43,91,41,40,80,68,2,88,86,93,73,93,8,43,52,53,48,23,68,1,15,86,36,78,56,78,30,71,2,46,23,64,89,96,68,40,99,40,54,15,38,77,61,8,41,100,71,29,18,71,52,42,1,32,95,23,20,95,19,78,0,2,96,80,63,41,46,61,38,78,89,6,79,45,89,49,19,32
24,97,94,40,5,70,79,35,42,99,93,68,13,79,60,20,19,34,26,63,57,93,30,51,47,61,93,48,59,17,29,33,67,76,52,30,15,86,25,35,42,56,77,74,79,100,36,87,80,21,22,43,40,78,33,61,82,72,43,95,34,7,48,2,92,74,63,30,40,66,18,43,86,32,59,54,64,6,5,87,46,46,29,11,72,76,91,21,39,31,73,57,23,69,28,36,85,29,83,45
53,19,30,42,62,26,35,95,60,75,9,96,41,34,53,58,30,52,2,65,90,52,88,82,36,66,42,85,85,46,19,10,58,10,64,37,86,48,81,75,3,92,1,94,38,79,99,83,43,64,13,34,77,100,28,30,76,2,53,91,66,41,81,79,53,55,11,77,2,46,41,34,46,58,3,95,34,82,52,0,44,92,54,74,74,82,35,77,20,80,25,45,94,37,90,0,73,83,38,45
48,85,63,77,35,29,54,44,81,19,59,87,61,84,61,20,20,56,49,66,56,24,5,23,8,97,24,10,100,26,68,85,43,11,40,20,17,99,52,82,37,100,38,95,85,25,18,77,72,29,31,43,32,18,43,56,28,60,17,82,50,26,32,59,25,38,8,23,27,97,38,22,27,15,5,36,49,89,45,15,93,67,63,95,8,72,46,67,38,86,70,77,96,60,60,80,66,71,44,6
70,13,57,98,24,9,70,20,90,25,66,28,83,16,69,43,11,92,23,22,2,46,20,59,25,30,62,39,22,4,29,58,0,53,22,27,23,61,79,85,47,36,35,97,99,4,90,41,30,27,38,38,83,57,65,37,84,47,52,67,71,4,57,46,74,69,56,58,55,65,10,69,75,6,48,90,46,40,20,60,52,8,2,34,36,56,50,3,38,40,71,70,33,100,39,71,94,63,50,91
99,1,55,85,48,89,95,81,84,90,57,79,45,100,55,15,71,69,47,14,82,84,25,70,99,8,61,5,18,8,74,34,23,38,29,17,51,16,50,79,61,11,36,99,88,72,0,78,14,62,36,58,47,49,21,11,3,78,9,47,98,68,89,51,31,70,3,82,92,43,88,3,4,76,97,95,2,38,38,56,8,13,76,92,55,70,87,0,89,39,71,41,10,24,53,70,46,14,69,82
10,62,86,63,60,64,40,45,53,70,47,18,66,47,9,16,96,55,33,11,37,63,24,7,19,100,5,3,91,89,44,89,90,70,5,61,55,5,65,54,78,75,68,78,41,14,22,66,100,100,85,44,78,19,50,56,69,78,75,9,43,31,37,31,34,7,2,3,0,70,61,91,76,12,56,30,31,88,49,36,3,86,30,66,48,58,96,36,34,80,7,70,0,55,66,64,11,54,17,69
19,66,21,96,23,86,20,3,31,25,29,40,18,95,15,43,43,73,53,41,11,97,59,21,8,1,18,66,4,23,51,48,66,11,3,81,11,14,58,90,39,40,81,42,22,83,24,100,76,96,43,71,29,88,86,61,63,23,13,56,16,65,19,0,79,99,76,25,14,82,40,26,63,22,87,74,53,79,49,31,1,12,34,44,3,45,35,47,52,52,36,60,20,8,58,41,94,70,100,76
95,42,95,68,33,0,79,92,79,96,8,37,67,50,53,58,55,47,85,12,80,42,15,63,86,42,93,16,51,90,45,1,35,36,3,50,69,60,2,84,94,76,36,17,66,45,49,23,85,61,76,32,37,80,2,88,80,55,42,97,56,53,23,97,12,99,2,30,29,35,25,57,25,40,80,73,70,13,96,7,55,20,63,5,34,23,4,86,15,1,33,6,13,54,33,89,74,100,85,50
2,44,53,11,25,6,21,49,89,74,41,4,30,77,19,79,83,31,40,94,94,39,95,26,35,99,75,73,94,91,88,71,2,46,1,54,5,93,75,12,58,56,74,8,69,48,12,83,92,27,79,48,80,88,58,31,26,99,73,62,12,68,61,55,42,76,1,37,45,32,8,76,76,18,29,100,53,97,94,25,23,65,92,14,87,75,13,52,81,68,88,18,44,57,100,41,93,54,99,40
34,24,58,31,31,68,64,16,47,86,86,41,59,73,60,88,63,66,28,50,45,93,99,25,11,49,97,20,75,96,13,22,77,90,11,92,89,95,64,71,65,5,69,88,100,19,12,36,67,93,41,83,0,85,95,87,4,46,49,68,5,3,45,66,67,68,51,37,88,84,15,95,0,88,36,9,54,95,36,77,44,32,82,25,2,79,89,48,85,55,6,88,62,4,63,7,53,99,26,49
32,94,27,93,68,30,35,77,74,79,85,51,75,10,10,53,13,2,3,6,78,90,48,6,88,95,52,19,48,80,14,23,12,91,41,77,100,83,31,49,4,57,77,9,47,33,82,2,71,98,99,86,52,11,7,26,100,52,45,31,56,68,88,78,43,89,60,94,23,93,64,96,40,42,78,56,51,41,80,33,43,76,12,48,21,23,1,62,58,10,11,45,56,60,78,83,85,26,52,73
49,0,55,3,97,67,86,100,36,82,40,88,45,35,47,3,39,65,75,26,19,64,99,2,3,9,82,69,75,67,72,5,17,63,33,68,39,33,33,86,56,41,69,89,2,49,2,57,18,60,13,72,0,37,68,29,94,19,57,81,62,57,51,90,79,57,56,63,36,8,91,20,37,74,21,4,69,92,62,85,96,55,54,2,87,30,33,29,32,44,56,67,38,79,14,26,53,83,42,89
47,42,12,35,34,72,71,75,78,96,6,23,1,99,70,25,56,12,32,2,33,15,18,82,59,60,80,32,100,9,74,43,56,44,69,64,46,4,82,27,68,49,93,94,79,34,83,30,75,36,7,85,8,95,3,10,36,36,9,46,91,98,0,7,2,97,74,43,5,93,9,94,59,73,52,3,20,85,88,19,49,94,40,53,61,95,82,38,39,62,23,2,97,42,29,96,29,74,18,74
87,95,64,47,54,72,25,68,89,20,19,82,22,12,90,60,31,11,80,86,35,79,95,94,3,21,74,28,1,93,39,15,35,10,86,8,10,96,70,84,95,28,34,84,68,95,46,91,45,63,73,41,99,57,6,91,15,19,38,73,50,76,64,23,18,86,73,40,70,51,59,70,59,61,42,53,79,85,48,76,53,16,45,21,10,80,6,43,19,79,77,38,11,48,77,73,65,18,32,100
33,71,84,8,61,28,59,61,51,97,61,43,97,75,30,28,49,62,25,90,72,42,88,41,89,85,56,100,39,90,24,30,67,67,74,78,55,50,57,23,32,73,54,36,9,87,23,73,79,31,10,56,57,57,79,39,84,5,20,20,11,10,0,60,1,69,40,64,4,57,20,25,85,97,21,20,13,58,43,0,82,63,45,86,20,26,35,85,45,39,18,0,24,34,94,16,54,73,97,19
89,23,56,70,77,12,62,32,32,84,77,6,37,54,19,30,18,52,7,60,88,57,48,53,70,8,57,59,68,95,31,14,72,5,26,59,24,86,48,53,66,50,80,46,85,31,39,76,24,53,95,0,18,71,59,29,28,77,94,24,44,38,46,46,73,64,42,1,25,14,91,66,3,12,64,42,58,19,64,80,31,36,52,100,91,76,57,36,19,69,14,30,27,17,28,16,72,8,71,94
37,88,69,55,12,90,34,98,11,43,65,23,23,63,80,6,48,12,78,0,87,36,15,91,91,1,69,33,47,18,97,15,79,35,54,75,17,75,40,79,68,69,40,20,17,37,47,90,21,88,46,9,40,3,19,8,0,16,5,75,72,27,35,2,1,26,31,56,65,86,25,50,95,47,47,79,36,79,72,6,3,54,64,95,41,50,36,86,63,96,54,2,9,25,26,11,56,38,89,68
4,42,37,18,25,40,3,62,28,55,34,82,94,11,71,14,54,47,93,42,78,13,10,15,96,54,33,20,23,56,72,37,19,10,60,22,35,21,67,68,54,87,17,32,64,13,64,62,86,11,80,11,75,85,94,96,55,37,4,0,11,12,24,50,46,8,57,3,92,100,90,2,48,31,37,27,64,3,12,72,9,19,6,19,22,49,13,31,63,50,40,87,77,3,84,35,65,75,8,50
89,72,59,46,58,79,85,93,15,10,92,67,66,63,28,73,81,33,49,9,42,73,60,8,86,15,42,12,75,10,23,39,41,53,27,71,78,85,94,46,32,6,35,24,71,20,88,95,98,79,62,66,19,0,33,38,47,66,40,15,18,77,49,56,10,79,88,57,31,41,34,31,26,24,97,35,86,41,21,80,92,16,67,33,11,82,41,68,63,38,92,35,26,72,2,3,75,55,56,49
27,53,82,87,100,85,3,88,88,7,48,46,49,34,66,57,65,76,45,89,92,80,46,98,11,89,25,33,43,7,33,89,98,45,23,50,9,49,56,39,77,7,73,93,38,81,92,63,84,26,92,17,1,74,77,65,93,70,24,28,15,90,91,45,24,11,46,34,27,98,81,19,97,0,40,75,31,13,1,54,81,87,79,89,96,52,96,12,13,20,6,42,54,15,44,30,2,71,13,61
84,8,15,97,37,51,75,42,25,15,0,47,100,92,73,77,72,79,35,7,7,11,95,47,46,97,19,35,94,53,86,93,56,63,29,89,69,51,64,92,44,38,42,70,63,42,60,32,71,34,22,75,61,75,65,85,29,78,86,36,55,97,82,97,89,54,65,66,66,100,74,3,41,34,52,11,79,50,95,81,29,34,10,99,90,79,50,74,100,39,100,19,31,5,47,35,32,99,11,19
89,28,88,50,53,82,11,17,87,12,76,75,70,27,54,74,77,4,74,58,14,52,77,30,12,98,99,30,89,90,11,80,25,3,57,14,25,42,25,70,22,44,82,91,82,89,69,65,7,99,86,37,53,44,52,93,73,95,53,16,74,15,97,98,18,72,19,84,31,88,90,94,69,81,89,38,73,85,39,78,4,86,21,89,1,32,75,57,98,31,13,75,99,36,59,75,2,45,5,32
51,59,99,14,60,55,82,64,97,84,91,8,18,73,17,58,90,46,10,9,95,7,31,5,32,39,96,43,6,92,33,93,67,24,49,14,52,79,80,60,85,3,19,36,52,5,83,31,62,82,81,31,8,4,13,18,25,26,2,90,28,83,2,21,32,46,25,62,37,94,61,83,2,70,47,37,97,79,24,78,11,70,79,87,23,41,79,65,60,73,89,22,29,84,23,68,43,76,98,77
50,60,5,94,71,53,31,19,72,3,47,72,43,48,36,67,53,19,52,68,33,38,50,66,9,46,57,15,0,92,56,90,15,93,58,99,11,99,7,98,1,63,58,46,93,38,13,56,42,60,79,19,34,60,45,59,21,0,89,0,2,55,72,5,14,94,92,16,28,80,23,22,66,38,88,70,2,17,46,74,98,10,58,52,70,73,20,37,38,31,86,37,13,81,68,94,90,1,80,79
67,7,38,68,77,60,89,43,89,16,12,8,14,57,38,97,48,91,91,64,51,72,45,73,6,9,61,11,15,58,55,31,83,47,82,85,68,42,62,70,4,30,40,93,41,9,15,55,79,86,11,44,70,15,76,96,15,55,89,29,21,5,12,36,100,99,52,34,2,49,50,37,99,92,91,28,41,1,28,51,51,50,70,74,86,28,22,0,31,53,67,89,87,30,29,63,64,59,33,39
30,77,24,18,97,20,15,27,77,23,70,35,95,66,45,44,44,74,76,99,86,33,8,23,26,79,10,94,75,55,27,43,0,83,97,71,42,47,35,47,53,35,9,85,92,80,16,89,22,17,33,27,25,99,6,70,52,27,57,13,91,80,75,90,2,20,86,96,97,32,84,35,59,21,9,81,53,28,90,29,45,5,86,36,81,79,55,22,30,18,20,74,66,16,28,77,68,88,32,29
100,45,74,94,30,28,96,54,44,16,63,79,32,29,95,69,51,78,33,66,66,39,22,55,24,44,82,1,75,79,48,66,67,81,96,12,25,45,73,95,47,60,59,15,42,16,87,36,88,58,34,38,5,100,29,20,61,91,72,13,73,24,69,60,38,13,60,10,74,93,75,87,77,25,23,23,43,25,46,87,50,25,57,23,52,89,8,83,33,68,20,72,27,9,24,27,11,63,72,76
2,19,53,96,84,48,99,23,85,59,86,40,90,79,27,1,90,28,53,30,5,48,86,74,31,4,44,30,69,60,61,90,40,33,72,100,24,89,99,2,37,21,37,36,88,73,18,23,86,47,18,9,91,14,77,98,27,84,94,49,51,57,84,89,41,55,49,72,57,1,69,70,52,73,46,11,4,62,76,79,6,64,51,45,18,95,99,71,60,40,48,19,40,64,84,65,16,29,63,44
59,48,50,57,81,26,39,73,49,29,30,7,76,92,48,80,83,88,87,94,10,37,61,92,19,91,92,45,55,55,27,59,34,96,86,58,7,56,70,99,11,96,77,45,5,27,82,32,33,81,57,94,58,46,65,47,15,47,88,78,0,28,22,67,30,79,6,12,55,5,13,12,16,73,57,71,81,31,92,5,66,38,37,69,55,43,32,62,54,21,47,98,89,0,58,77,97,36,95,95
58,60,7,58,64,87,51,28,37,38,100,9,48,90,62,80,80,49,45,38,13,54,100,73,66,85,92,11,26,27,74,3,56,29,97,29,11,34,42,65,10,59,4,100,96,11,99,43,42,89,11,47,19,40,71,85,53,54,34,65,88,74,62,57,97,1,69,53,35,32,66,40,0,31,5,79,7,38,85,62,33,67,52,88,40,55,86,24,19,63,31,40,81,43,90,92,4,90,66,48
65,33,50,51,57,30,51,29,93,47,11,7,26,38,41,68,52,72,77,92,77,76,37,77,49,90,94,91,52,70,60,36,12,89,65,91,40,13,17,69,84,32,91,17,89,31,27,68,57,58,68,93,16,36,90,25,96,54,57,27,65,32,11,94,0,46,64,22,87,22,11,36,89,23,27,92,49,72,96,35,26,97,83,55,97,40,8,94,12,93,86,68,18,69,13,58,64,96,76,80
34,41,36,18,31,84,84,61,26,70,26,29,96,26,73,56,82,40,5,83,98,84,28,45,32,76,51,54,49,23,91,42,75,97,72,23,53,1,16,78,51,85,52,9,54,1,91,97,6,20,37,42,78,68,3,19,38,83,19,93,42,80,73,20,37,69,67,79,39,67,25,95,11,83,45,97,49,79,14,39,34,29,67,35,71,24,58,44,75,98,68,58,97,9,64,49,32,39,15,72
89,22,83,16,29,21,17,67,71,27,98,38,18,52,6,96,65,60,4,49,95,50,8,58,7,45,94,31,9,42,13,73,38,34,94,10,1,67,78,42,92,7,39,27,97,76,34,78,44,51,10,80,9,24,70,17,52,22,31,91,72,7,25,100,78,77,85,11,46,19,18,52,80,45,4,62,42,73,6,80,18,91,49,9,52,0,73,23,24,97,69,27,48,88,79,1,80,100,37,99
21,90,77,83,9,99,4,40,95,16,99,76,92,62,64,84,23,44,12,51,2,95,3,54,26,1,36,78,28,26,98,79,98,74,42,83,78,19,40,30,0,90,53,51,75,23,16,72,65,94,20,26,74,38,58,24,16,48,8,68,26,67,26,10,62,55,49,25,78,93,57,76,80,21,54,71,20,95,16,59,0,14,95,3,93,41,68,100,57,16,57,98,51,83,55,42,9,35,53,66
59,89,77,63,74,25,94,93,35,95,44,37,7,62,95,47,53,33,24,41,58,24,62,2,10,36,66,85,16,92,67,8,78,7,83,15,32,24,11,20,65,25,89,53,1,60,93,55,26,74,3,22,29,22,8,34,40,31,52,84,93,51,31,99,1,88,40,36,85,4,73,4,5,6,66,43,22,2,16,74,92,5,33,93,44,21,11,92,38,78,37,74,83,83,50,21,57,82,55,20
74,96,35,85,41,80,8,39,66,20,46,84,41,19,9,100,70,64,27,12,90,86,100,0,2,79,80,88,74,51,40,28,23,73,78,1,72,63,52,50,100,26,3,69,86,12,80,54,29,98,58,23,32,17,99,51,26,26,13,48,35,38,24,59,71,12,89,1,28,72,49,55,95,39,38,0,29,72,37,80,96,62,45,80,69,74,67,96,18,81,7,58,36,2,15,15,33,1,34,86
83,14,10,17,34,92,78,91,37,59,33,35,35,43,0,66,46,28,1,58,62,89,15,55,98,21,0,49,35,79,89,29,20,55,88,63,71,9,78,48,15,4,40,93,18,53,93,15,21,97,76,72,12,92,67,4,33,99,77,85,0,96,7,63,21,31,68,62,0,34,42,61,77,42,64,85,11,41,32,32,40,9,55,73,17,17,9,1,13,6,95,37,45,23,52,73,46,61,76,65
52,42,96,64,72,20,4,41,59,15,91,33,27,83,48,88,100,12,86,97,5,61,41,84,98,7,22,15,86,35,25,14,60,63,58,16,83,15,63,56,45,42,23,88,97,0,62,54,83,20,74,55,28,71,25,42,76,99,41,94,26,98,52,46,39,37,43,64,86,70,14,91,47,48,43,58,36,22,25,23,66,11,56,50,9,51,28,51,30,1,40,96,100,85,50,19,65,65,49,91
64,29,70,5,35,3,2,73,24,47,33,77,27,13,13,17,77,24,70,55,82,97,6,41,49,86,30,19,29,57,45,3,25,43,37,71,82,81,49,63,73,6,50,65,60,8,34,16,19,61,76,23,99,57,93,9,65,42,78,6,70,38,2,79,92,20,38,37,52,81,98,2,82,82,38,69,33,67,33,82,81,33,25,10,82,13,28,38,92,28,87,89,25,28,99,46,97,64,91,63
10,29,57,41,78,54,19,81,63,50,96,54,54,46,54,41,48,92,44,37,33,29,3,61,91,51,33,19,69,18,54,16,21,75,28,1,15,86,30,58,55,7,33,21,94,1,75,15,29,50,96,86,48,6,78,48,77,12,81,43,76,94,83,83,13,70,9,34,11,65,96,89,77,39,47,51,30,67,25,20,71,26,15,8,73,18,26,21,71,17,81,47,25,46,87,9,62,80,37,67
71,58,14,85,52,80,9,21,37,7,25,3,73,49,25,32,13,97,35,83,26,50,6,22,25,92,10,83,38,98,21,91,60,59,98,34,42,31,30,56,73,23,3,44,20,7,70,81,23,23,47,70,45,22,13,79,9,61,12,80,48,25,52,10,60,80,50,15,79,98,25,41,5,41,66,28,31,33,21,78,13,67,17,33,96,45,32,6,14,83,44,62,9,50,29,11,66,93,42,96
44,27,1,4,53,81,53,38,75,61,68,24,97,6,84,92,68,25,54,41,96,76,65,98,62,74,92,8,63,74,24,1,62,44,20,73,19,49,37,3,59,39,38,84,22,66,87,15,76,58,96,44,10,71,40,43,76,46,24,21,24,59,91,48,0,55,55,31,55,91,81,70,87,88,1,54,89,48,71,56,15,33,45,10,55,76,78,69,44,45,32,77,88,34,84,76,35,96,90,16
14,57,89,65,37,71,41,46,29,91,0,49,36,83,90,29,80,77,87,25,26,69,12,22,59,49,3,84,90,75,25,38,21,73,76,92,25,25,92,10,28,76,17,26,21,21,70,12,65,32,39,88,21,97,27,58,26,29,73,14,24,21,83,19,8,14,57,54,48,54,100,78,48,7,61,62,94,71,76,23,37,18,26,56,22,9,8,47,88,17,61,40,77,26,42,81,34,41,66,85
45,33,67,42,91,75,21,62,18,47,66,97,44,19,88,17,83,46,65,90,59,93,60,50,96,11,71,1,27,86,75,61,77,80,71,4,62,14,74,56,90,99,72,65,74,86,75,76,15,82,28,52,49,91,14,23,21,12,13,0,64,84,28,48,4,82,6,77,65,4,26,7,65,53,25,86,85,13,31,22,66,57,13,29,5,41,44,99,42,70,33,36,63,19,10,91,80,6,86,82
62,55,19,91,27,8,19,90,86,2,30,33,27,43,44,39,38,0,99,68,37,51,56,76,0,60,93,67,93,73,70,52,46,17,38,13,81,44,93,24,79,37,84,26,60,6,34,83,97,10,82,42,92,46,62,8,56,75,49,95,81,59,33,53,52,13,16,75,23,31,92,57,3,91,54,1,78,33,80,12,43,33,89,83,94,67,80,88,84,3,19,93,99,24,33,10,50,5,3,48
31,61,64,90,80,96,34,8,3,84,23,37,81,35,61,98,67,74,24,55,37,61,18,41,95,83,42,40,19,90,19,45,38,38,10,28,96,69,82,99,37,84,8,99,16,20,43,25,91,15,87,25,79,30,23,15,61,16,93,31,72,67,30,54,77,38,31,82,48,11,5,86,12,34,33,16,6,69,38,62,84,62,98,9,33,91,38,17,51,22,82,8,63,29,92,47,82,25,48,35
59,87,64,27,15,44,60,93,55,94,41,2,38,77,22,34,18,58,62,66,41,53,79,27,86,30,62,79,15,77,95,67,58,24,67,10,25,50,84,50,90,82,38,35,12,96,89,82,85,79,41,14,92,5,49,70,2,55,27,52,97,57,36,97,51,33,99,2,86,83,29,59,87,5,38,41,25,91,44,51,10,0,10,24,12,44,97,25,49,11,72,24,80,79,28,33,36,91,73,63
74,24,17,59,40,84,60,64,76,95,32,14,6,49,40,65,34,89,27,92,79,2,17,28,20,36,48,4,54,68,25,98,84,29,77,6,28,10,25,76,6,25,35,29,13,30,54,65,64,35,81,67,73,7,50,76,73,2,80,13,95,90,57,66,93,82,6,25,74,71,100,19,15,25,20,62,57,6,99,34,98,43,83,93,23,76,87,54,99,96,58,46,46,26,49,57,26,59,46,35
50,56,68,81,39,76,53,24,18,78,83,29,19,64,79,64,42,37,89,30,69,60,93,20,48,57,90,9,71,69,35,88,91,96,22,81,81,51,36,45,29,57,70,28,99,51,46,79,8,92,48,45,69,95,3,19,6,68,17,80,32,87,22,82,32,42,20,67,38,16,28,91,89,9,76,3,49,34,99,69,14,36,38,40,59,5,3,22,66,17,8,35,17,25,52,43,76,27,77,65
94,3,81,89,37,22,12,89,86,25,49,57,82,58,33,22,48,31,20,47,34,83,100,79,24,40,16,24,51,62,84,12,7,73,20,90,95,91,11,98,45,11,55,8,15,28,8,61,59,19,85,34,7,8,17,89,9,86,20,0,68,19,0,27,100,77,60,100,81,40,32,97,97,41,35,97,42,65,72,25,61,66,97,41,64,55,18,7,39,65,20,71,4,61,78,4,32,6,15,55
28,69,25,62,67,84,81,3,40,48,29,73,49,67,15,60,25,78,94,94,83,87,82,83,94,77,95,42,29,98,73,54,46,22,56,58,42,84,43,56,26,27,38,87,66,26,60,13,54,11,29,20,92,80,58,6,58,26,22,95,70,95,86,13,11,92,80,82,25,52,16,90,53,34,57,53,1,53,99,55,44,59,46,25,41,80,23,57,5,92,8,56,8,50,40,14,51,42,2,41
21,45,7,99,75,61,29,95,50,28,82,60,65,83,21,29,73,18,30,55,35,72,91,86,65,99,83,8,28,93,87,20,62,30,93,33,72,64,31,22,61,76,71,43,71,29,24,12,46,5,74,82,25,29,1,83,46,22,46,17,66,96,77,33,19,72,60,83,38,24,97,81,86,52,39,83,25,96,73,48,71,56,85,36,43,63,30,4,17,95,31,37,54,46,64,92,70,24,37,97
98,45,21,7,100,55,52,65,93,15,5,79,50,30,1,87,45,21,35,87,56,23,19,63,19,55,83,92,22,29,81,59,32,17,32,52,21,18,26,16,59,80,27,4,6,52,35,26,45,52,5,56,1,85,16,5,80,46,16,41,35,7,51,71,56,12,49,36,64,1,27,35,92,36,3,56,15,74,94,32,89,69,57,22,95,42,55,53,91,2,21,100,14,81,25,19,5,70,0,88
59,1,42,51,81,4,5,61,16,83,71,90,65,10,63,76,58,58,26,60,37,32,24,14,99,54,45,13,6,59,79,95,6,77,2,19,93,83,51,17,66,65,56,6,90,91,10,78,26,41,47,79,88,87,23,35,30,80,12,2,28,45,41,62,90,75,96,60,41,39,89,35,59,37,3,69,57,52,87,57,95,14,95,79,23,62,28,17,63,22,29,71,19,60,91,12,0,69,46,92
51,36,86,6,91,83,22,75,28,42,8,27,96,3,28,87,90,56,96,99,58,70,50,70,58,71,53,47,69,35,81,47,45,39,40,20,60,55,75,75,39,80,3,21,38,19,88,25,2,37,5,94,42,26,59,70,54,95,70,44,3,54,80,72,97,87,32,7,40,55,9,6,100,21,43,92,43,47,54,8,31,85,95,45,52,7,41,96,88,1,11,14,33,25,98,48,63,66,17,17
79,77,24,11,44,75,23,73,1,3,94,19,15,33,34,68,54,29,22,49,45,72,69,99,21,6,47,12,98,74,90,27,22,46,93,58,5,83,50,78,100,0,18,89,85,62,61,83,32,10,18,80,100,9,39,2,82,79,42,5,16,89,60,89,72,50,21,48,49,79,91,50,90,78,98,79,84,7,13,20,50,7,9,38,10,25,63,51,13,32,61,60,37,49,64,75,49,81,81,52
94,81,75,90,19,26,46,81,83,92,33,22,51,59,32,20,95,11,30,60,84,14,16,80,29,73,52,46,38,51,21,54,94,44,47,22,51,61,41,19,63,62,50,53,22,95,8,54,39,5,55,32,70,88,96,86,71,7,29,49,77,42,56,25,74,62,89,72,35,79,27,32,51,2,3,5,71,53,19,30,48,7,41,39,54,22,63,22,71,81,62,87,46,26,5,84,29,89,8,94
6,36,96,50,84,13,30,33,23,52,87,50,48,86,79,6,74,41,34,91,65,95,12,48,89,28,26,16,77,15,43,81,45,34,92,8,37,88,38,65,57,76,83,49,74,33,44,26,18,64,71,79,66,46,11,7,42,32,10,78,35,14,29,30,62,36,42,10,58,65,42,44,21,22,85,15,11,1,78,36,24,22,16,47,63,94,89,86,44,68,45,24,24,85,90,44,1,16,20,67
53,90,66,27,62,1,24,76,71,11,81,11,38,35,54,78,33,61,27,43,58,15,74,19,28,17,53,4,88,61,68,9,42,12,77,7,7,29,53,75,83,7,55,71,44,94,76,13,53,21,21,36,35,12,37,54,7,5,28,46,0,28,1,1,99,26,35,67,82,34,48,66,13,15,95,77,62,46,38,21,74,70,53,40,2,23,37,14,41,21,60,36,14,17,28,0,89,16,91,30
32,54,83,13,100,45,81,8,21,11,39,75,42,57,84,24,1,38,69,30,17,54,54,90,95,10,73,65,71,49,22,33,44,10,12,60,57,5,49,32,72,47,45,38,99,57,58,21,7,52,91,1,9,83,75,74,95,5,79,92,25,66,91,48,74,13,14,1,76,29,61,65,11,89,2,66,16,99,82,20,68,54,47,55,9,37,52,44,62,20,43,31,37,44,36,43,61,78,59,33
69,15,50,84,44,39,23,40,5,30,76,56,4,72,76,3,46,10,16,98,5,62,63,33,55,0,59,33,41,99,40,43,27,41,0,26,92,90,0,60,26,32,93,3,34,25,26,61,89,60,57,38,49,43,74,66,31,8,2,18,11,90,49,65,92,5,11,87,6,95,5,45,4,54,95,73,56,30,53,84,81,88,51,8,79,91,16,8,41,58,30,99,47,89,10,41,17,83,9,90
51,29,4,35,33,18,53,76,34,12,92,48,37,32,85,74,35,72,18,79,88,90,29,79,58,95,0,96,12,78,60,20,31,86,55,18,20,45,87,83,33,27,46,75,37,73,62,40,72,12,15,53,92,52,10,24,98,9,80,42,48,9,22,96,94,0,9,29,80,49,33,1,61,17,97,16,77,23,34,57,91,51,29,1,33,86,18,50,16,8,36,49,41,5,39,6,12,93,74,45
35,6,45,8,82,14,57,17,64,77,37,36,83,38,17,4,5,27,97,10,57,76,66,44,86,92,37,6,42,0,13,71,59,43,67,29,62,74,50,21,60,45,85,24,4,6,100,59,6,56,26,12,83,92,21,29,19,86,61,79,89,74,18,32,15,56,82,10,31,44,11,44,79,17,62,89,64,18,98,95,61,7,39,87,12,3,54,95,13,99,61,48,91,81,91,58,53,69,26,9
38,58,85,6,13,8,56,25,16,21,100,68,38,25,44,70,41,8,10,57,2,6,11,98,17,19,53,40,45,51,62,44,45,43,76,64,38,95,54,64,17,7,91,8,96,42,4,30,17,4,26,87,13,60,73,99,41,15,10,15,42,26,22,94,97,53,68,3,34,4,64,54,77,21,15,7,89,55,5,83,92,44,64,87,21,34,62,29,23,16,88,59,37,88,25,15,75,39,10,73
27,25,22,86,65,82,10,53,75,77,28,75,78,4,26,91,23,65,3,22,85,92,52,32,26,76,14,31,11,31,82,37,23,91,91,0,30,73,63,3,32,37,45,12,28,93,87,67,84,66,94,41,44,43,89,91,88,33,33,100,42,86,12,58,2,43,11,80,8,42,43,41,13,23,69,1,1,48,14,66,56,90,90,88,90,22,17,63,44,28,93,29,14,88,78,4,94,78,27,88
58,76,54,28,39,52,74,11,1,28,16,47,98,73,11,25,0,91,24,13,13,6,20,76,2,74,42,27,14,22,76,11,80,79,95,22,45,44,88,33,60,38,45,75,44,39,11,78,1,21,29,58,83,73,3,78,91,66,56,89,42,70,74,4,72,0,68,88,19,26,55,36,42,88,4,97,62,43,19,88,64,22,62,89,12,89,12,77,52,29,9,29,79,63,45,49,75,63,84,77
12,31,51,38,3,56,70,4,34,22,32,62,61,45,76,92,80,59,68,0,55,34,25,86,91,86,71,49,70,28,69,99,44,21,10,67,71,11,96,23,12,49,60,81,20,59,97,77,98,51,41,80,69,45,18,15,62,90,84,53,30,75,85,23,60,91,99,33,45,83,18,66,10,56,52,68,34,5,67,0,41,100,38,69,41,52,16,11,10,51,65,53,11,94,60,44,15,92,87,22
35,71,84,36,80,53,50,41,41,80,63,64,30,23,34,48,51,17,14,42,48,68,3,73,78,72,30,60,20,89,79,18,99,43,28,82,25,42,25,55,57,42,54,31,88,93,70,96,80,32,4,54,76,21,19,43,12,25,60,24,85,76,24,53,6,87,60,75,36,19,100,79,39,56,93,87,28,52,71,69,92,37,8,67,69,55,31,74,71,77,41,46,40,30,4,51,32,65,19,87
40,92,24,21,13,8,26,79,89,74,56,24,40,55,34,93,53,94,19,84,98,40,1,68,10,37,98,89,49,38,66,87,81,65,46,73,75,24,81,44,90,70,97,95,49,5,55,40,47,33,65,82,84,25,85,13,38,19,50,53,44,67,66,41,92,17,1,39,20,20,79,73,97,74,19,19,28,14,67,44,100,81,59,51,14,21,6,38,81,36,21,78,87,73,36,43,40,23,92,59