20,58,91,0,38,16,50,36,74,85,45,20,71,12,25,60,98,2,100,11,84,2,95,39,75,73,24,76,53,53,16,52,43,20,50,93,70,95,85,92,89,60,89,75,95,77,98,49,10,77,75,32,89,96,94,78,12,56,11,15,25,51,45,93,80,48,28,38,32,4,67,45,54,43,14,95,66,75,76,46,21,61,60,0,56,15,5,89,60,100,51,18,42,75,77,80,29,43,15,51
100,14,92,63,26,55,23,81,92,27,61,21,13,29,31,18,38,4,72,19,79,52,68,91,42,96,60,27,86,62,0,74,3,54,52,2,24,4,69,93,22,91,29,11,75,17,24,4,19,4,59,60,17,24,48,46,28,2,86,33,0,4,79,77,5,19,93,54,27,26,58,32,79,27,83,80,77,65,49,3,51,43,66,39,28,12,59,65,88,68,32,84,24,89,22,22,3,60,99,74
50,54,27,17,43,57,0,62,38,46,38,14,16,28,19,33,16,0,24,22,10,47,39,34,74,6,97,79,64,5,77,41,48,46,73,15,36,82,43,56,37,68,81,23,95,10,50,25,47,51,49,35,51,42,9,57,80,30,87,58,68,26,76,4,66,93,71,34,23,78,80,32,53,64,33,12,88,14,26,91,100,36,86,53,27,68,61,30,27,40,10,44,43,46,71,53,54,99,45,23
9,82,50,100,57,96,44,71,48,23,26,27,57,90,73,78,31,2,72,74,52,32,88,30,57,26,85,58,63,30,57,43,6,11,85,64,50,3,67,81,1,25,93,64,34,38,100,47,3,91,48,49,95,88,38,72,72,24,40,69,76,1,8,3,39,86,1,29,64,79,33,19,62,40,5,96,95,56,44,75,65,97,43,28,75,85,50,6,27,29,29,14,97,27,48,15,1,9,80,47
90,33,65,98,96,89,90,96,40,71,92,63,2,26,97,91,60,0,59,40,37,99,29,35,80,63,43,13,44,96,31,76,4,99,13,96,8,60,33,18,62,4,57,96,63,59,37,64,36,50,40,92,76,79,64,26,8,6,40,39,45,69,21,74,61,31,52,51,40,90,4,99,61,31,48,11,52,83,17,68,51,55,34,6,79,62,89,71,12,28,95,42,20,3,72,32,58,68,69,71
87,0,74,79,5,52,57,0,36,79,86,62,23,22,4,49,69,59,89,31,85,60,40,46,71,33,40,70,90,9,29,70,92,0,86,24,64,19,17,24,59,27,61,12,57,34,39,73,68,32,93,76,99,1,42,33,87,43,22,70,60,39,56,1,17,9,12,83,9,29,60,18,84,4,58,31,61,4,76,18,17,70,3,94,3,83,81,1,7,48,7,17,3,0,3,52,62,17,14,14
12,22,6,53,21,59,83,20,64,3,11,62,75,71,3,28,18,35,38,83,85,38,44,67,42,42,12,38,7,49,3,36,16,3,23,88,22,37,48,31,45,73,5,16,9,22,40,68,91,20,48,57,15,83,62,70,89,100,59,66,50,92,67,56,51,29,99,76,18,19,67,29,8,36,16,28,82,56,50,18,48,90,38,32,100,46,29,6,70,8,85,69,28,1,15,18,58,52,93,27
4,28,87,64,85,94,90,10,64,68,77,2,21,81,33,9,38,90,8,70,87,90,83,50,81,71,74,85,50,30,66,78,11,88,62,1,87,45,79,20,90,52,85,11,77,57,43,21,55,21,76,4,66,39,39,100,1,86,0,90,17,10,50,73,83,71,34,14,67,83,51,97,13,28,29,93,61,94,31,52,78,96,23,91,74,4,28,11,55,95,60,90,97,41,92,7,14,75,0,5
74,90,36,59,86,75,33,45,53,82,9,23,71,50,2,16,19,52,54,82,74,42,71,18,39,52,37,33,92,55,35,28,13,98,76,59,42,27,46,4,36,40,23,37,42,8,77,34,82,84,85,40,86,5,90,60,93,23,62,88,39,13,40,44,49,30,61,53,8,52,51,33,8,17,61,72,60,84,12,88,83,85,33,41,100,80,21,7,46,57,63,54,57,95,87,95,83,23,89,59
90,92,27,59,60,11,92,23,44,72,36,47,66,73,11,27,73,84,63,4,35,32,76,5,6,25,79,42,97,14,26,39,15,49,44,99,61,60,1,23,97,81,97,84,56,41,39,39,16,15,37,69,68,13,43,23,77,0,99,100,52,81,3,46,80,79,47,91,44,36,56,89,72,90,2,14,35,41,99,99,18,23,23,2,55,33,4,66,66,6,60,48,19,19,78,70,45,91,53,3
95,1,17,22,4,91,74,51,51,23,63,9,78,89,97,16,24,51,51,10,97,57,24,62,60,7,30,99,79,19,52,95,62,68,17,39,15,23,22,33,26,12,3,33,58,86,36,80,36,60,29,63,40,50,62,11,46,71,3,58,100,10,99,41,6,56,92,89,23,23,76,79,5,56,22,43,27,13,43,70,57,70,81,16,78,26,96,79,58,81,95,1,26,10,77,7,38,76,83,28
40,27,12,26,13,65,50,42,4,27,19,61,25,83,70,76,84,77,2,1,65,45,52,66,1,28,82,35,9,70,40,31,97,79,17,70,89,76,53,32,10,53,37,16,53,69,30,71,51,82,55,15,18,97,86,36,60,9,93,36,27,99,95,42,85,71,80,61,75,24,28,28,18,65,41,64,6,72,82,55,54,67,4,95,18,23,89,58,55,23,48,62,32,45,55,53,28,61,80,84
17,13,34,7,24,82,64,69,74,28,44,78,83,31,61,77,17,14,75,16,20,2,23,71,36,26,65,73,65,85,18,51,58,28,31,95,13,80,43,17,74,24,85,81,31,23,38,42,86,32,5,51,63,24,10,76,88,97,86,76,78,46,37,47,77,52,75,24,60,24,0,4,70,24,88,96,45,43,76,99,61,2,21,32,0,27,70,15,65,15,2,64,15,55,11,21,43,1,44,72
47,65,95,28,44,22,64,22,63,69,20,24,25,95,67,69,87,38,89,82,47,17,23,100,97,1,40,23,4,60,35,84,47,71,16,67,39,3,72,48,71,49,85,67,56,51,14,17,9,85,89,41,99,28,42,56,90,90,48,73,42,81,46,46,25,61,27,76,24,80,26,31,4,1,19,97,58,51,59,14,88,89,46,72,25,13,58,12,84,5,45,83,78,100,12,50,22,13,0,92
17,15,32,96,78,28,9,50,85,3,45,100,89,41,33,81,62,39,42,18,75,12,80,34,13,71,31,98,13,28,22,74,17,76,69,11,83,72,14,8,87,4,58,7,11,55,89,55,66,41,25,92,40,3,92,44,16,87,33,79,20,58,82,52,93,30,33,36,53,66,46,34,84,76,100,43,14,70,83,66,6,88,64,75,73,4,37,73,17,62,17,1,25,20,55,71,41,1,73,5
13,27,88,77,64,4,37,2,72,60,65,99,14,41,31,27,13,18,13,93,35,54,85,8,45,58,19,59,29,23,31,1,27,10,10,70,37,19,94,79,30,18,10,44,36,10,88,40,88,20,5,46,29,42,12,91,41,97,9,4,68,96,90,25,99,11,84,85,89,37,71,72,72,23,40,59,21,23,16,86,71,56,98,13,97,72,97,7,80,82,43,2,84,50,29,27,82,96,72,90
30,56,90,12,43,72,39,63,6,75,40,80,35,94,3,21,55,74,9,49,90,82,5,82,94,62,32,96,69,94,39,40,45,62,9,30,79,2,51,21,78,43,72,33,51,100,21,20,36,45,70,60,94,57,7,77,1,84,83,11,31,79,58,23,96,76,43,66,100,78,11,83,44,26,54,92,90,73,6,73,59,25,52,24,56,85,23,23,95,36,41,35,98,20,58,53,45,84,98,67
37,43,36,34,53,67,20,12,89,58,74,98,14,47,20,17,31,56,29,9,41,35,91,22,32,61,13,36,28,46,18,13,33,16,74,18,22,72,66,41,10,10,60,70,60,83,3,83,66,62,26,76,32,19,46,46,24,31,67,31,67,28,4,63,73,83,76,13,39,59,25,98,71,82,14,8,95,21,93,86,69,10,81,39,77,17,18,80,35,48,82,95,95,49,98,68,14,69,48,34
54,33,50,9,42,79,73,85,80,31,77,38,35,7,36,98,67,29,4,95,53,4,99,54,86,97,16,6,100,2,79,81,47,39,88,81,35,81,65,54,82,41,76,78,2,73,33,75,63,40,10,88,80,57,28,33,79,13,39,85,98,56,42,90,14,77,0,21,31,36,6,4,86,91,98,6,56,6,74,50,69,88,33,19,3,92,47,58,4,100,15,66,96,4,39,73,53,41,24,67
92,85,44,79,10,21,55,93,83,36,71,95,42,23,93,13,35,27,71,40,51,91,99,70,8,8,29,40,2,49,26,35,41,81,46,10,88,93,40,48,0,14,97,70,96,65,77,9,26,97,78,87,23,61,73,79,10,2,33,62,95,44,10,18,55,89,68,80,43,6,92,26,7,44,12,94,21,3,43,74,96,66,68,76,91,95,91,44,100,28,33,32,17,83,24,1,52,15,99,7
75,92,80,97,92,87,81,21,22,65,55,3,26,94,47,66,34,9,99,19,62,91,16,66,59,89,10,18,48,44,28,12,81,76,67,32,40,26,93,71,7,99,55,95,68,94,92,12,54,52,59,64,29,53,28,59,53,88,46,73,4,77,77,56,4,2,26,95,30,9,65,67,53,51,65,43,6,39,30,11,95,91,90,50,15,83,54,5,17,12,93,25,15,51,0,87,55,72,70,2
13,83,40,71,17,8,40,68,88,90,71,59,88,13,4,93,14,14,35,95,80,47,56,5,93,55,37,68,20,49,11,14,100,49,21,12,23,84,9,2,31,76,88,11,3,93,53,7,97,90,32,48,45,1,65,34,21,52,9,28,47,19,85,64,97,16,12,8,5,48,77,77,3,61,95,17,76,90,68,16,33,71,36,33,26,66,7,84,67,15,59,16,24,19,76,26,9,45,66,51
94,76,21,41,69,62,60,81,55,35,2,34,51,40,99,41,61,25,10,91,75,76,62,87,86,87,54,7,78,93,88,60,45,84,2,73,7,63,75,41,4,45,58,15,4,95,21,18,38,83,33,92,11,95,92,2,93,99,65,36,95,91,37,6,50,32,37,51,79,67,78,26,43,80,0,7,50,25,7,18,1,2,31,90,95,78,62,93,2,64,4,38,29,53,44,44,31,56,95,99
69,11,75,67,8,66,64,51,13,5,74,33,6,66,27,44,61,87,30,6,86,99,41,66,96,96,1,98,100,53,43,40,7,9,10,41,53,83,91,13,25,70,54,61,16,49,67,71,31,86,29,62,8,69,21,67,88,42,76,61,81,21,92,23,42,59,80,5,0,23,79,58,26,42,75,39,39,69,37,21,20,49,21,24,72,46,74,43,72,31,52,45,15,90,74,5,3,41,97,85
72,77,32,66,83,91,34,53,81,83,33,80,49,68,10,5,11,96,56,42,60,23,7,77,84,97,99,8,22,17,57,58,98,22,4,27,9,89,44,8,50,68,32,93,94,49,52,86,18,35,99,51,50,62,25,24,79,6,77,47,65,24,34,98,56,47,50,91,3,4,77,39,4,11,28,83,76,88,94,30,67,57,37,31,81,3,59,60,72,44,48,18,11,16,46,55,9,17,29,51
63,35,19,88,75,76,50,66,62,100,38,93,57,89,85,75,33,64,98,17,22,0,76,18,36,63,30,46,62,29,100,79,92,74,25,44,87,52,77,17,76,31,32,87,40,42,93,69,21,29,2,13,9,86,92,61,76,60,81,15,88,53,44,80,10,3,19,91,28,30,21,78,3,51,9,58,20,75,47,51,50,23,56,10,49,99,90,27,12,0,76,91,70,3,67,17,53,64,52,49
45,77,96,28,30,94,87,99,56,11,14,63,30,97,72,22,0,97,94,71,52,10,53,69,41,63,10,18,70,26,55,16,18,11,92,8,91,7,14,38,47,8,69,27,48,58,56,24,68,5,3,58,13,86,1,57,41,15,23,49,8,46,53,64,72,28,90,64,84,68,2,73,70,27,61,21,68,31,50,27,27,17,6,42,4,94,74,73,67,47,45,4,42,45,68,28,67,19,80,3
16,68,13,89,44,66,32,14,74,83,100,85,4,41,43,80,42,9,77,37,6,76,56,94,4,10,51,53,1,61,46,98,32,87,97,22,62,85,2,91,32,16,96,99,41,12,2,37,63,46,2,89,21,89,6,41,83,13,56,15,49,10,44,96,43,86,41,42,38,37,4,41,52,55,26,56,35,98,89,20,34,56,87,52,75,43,14,3,60,22,64,62,86,46,81,0,37,83,68,43
36,14,88,97,76,42,26,92,53,95,65,81,94,92,87,8,89,11,84,14,80,99,10,34,85,61,47,35,70,27,16,6,87,4,2,18,72,93,61,15,70,87,63,4,36,74,60,40,29,32,13,43,44,2,24,64,31,36,4,15,20,56,45,88,12,86,59,44,96,59,51,66,8,60,24,36,24,82,90,3,0,10,83,96,27,4,89,18,24,64,21,52,69,41,66,47,30,73,41,90
26,33,25,62,20,23,84,76,28,39,47,65,90,52,4,50,78,36,30,11,78,21,44,24,72,98,72,24,21,48,4,1,2,56,25,29,22,82,66,48,23,34,23,10,83,74,76,13,47,4,94,39,71,43,89,75,31,48,51,89,69,73,42,60,38,96,13,6,39,26,51,46,25,72,31,80,69,67,3,0,0,69,29,62,37,15,53,18,46,13,71,3,23,51,96,29,38,15,33,38
83,39,97,36,81,58,80,33,99,92,58,84,72,11,9,20,62,59,41,26,55,94,96,40,50,12,8,36,69,7,69,51,72,39,52,86,69,52,83,13,31,89,26,86,96,52,71,82,0,92,63,51,21,87,93,22,76,63,53,70,84,2,40,27,50,82,31,70,43,87,96,11,50,60,31,42,19,88,94,68,89,63,43,40,33,14,69,79,99,21,35,21,0,59,63,62,97,12,100,63
81,94,95,26,1,87,16,1,17,76,62,49,96,8,20,23,58,51,21,8,8,96,24,83,74,82,19,83,74,13,7,72,5,52,87,15,20,55,28,87,81,56,58,90,97,32,22,51,88,34,83,78,76,41,15,46,36,97,32,53,50,78,74,4,41,30,57,26,48,39,23,25,60,94,46,83,58,90,4,97,50,48,80,87,85,77,21,69,51,10,74,33,20,51,22,16,22,95,38,42
46,89,86,71,5,29,78,66,70,92,2,85,41,15,30,79,1,5,11,74,34,11,75,58,15,94,42,10,73,2,82,42,89,91,81,46,95,11,95,76,45,44,47,25,70,11,23,64,12,18,27,90,54,66,65,21,48,68,3,98,31,56,18,48,10,92,3,37,66,94,64,28,100,64,70,0,0,56,4,10,24,46,49,99,73,38,81,37,17,37,97,62,55,91,91,47,94,85,21,60
46,87,60,82,96,28,11,75,13,97,39,26,5,84,7,33,100,20,26,90,21,2,95,32,53,69,74,13,62,11,67,80,53,53,89,41,95,9,26,95,38,99,34,34,14,82,30,9,58,57,19,28,83,41,87,94,20,65,74,21,73,91,66,67,32,5,75,86,86,19,75,63,54,45,85,26,77,19,94,73,96,74,54,49,75,3,96,28,68,18,77,84,74,28,81,65,58,61,6,62
25,31,19,89,92,39,3,8,6,47,63,99,18,98,32,28,61,6,56,8,86,53,42,88,56,38,40,88,93,88,77,96,44,96,91,23,38,4,83,34,7,8,21,89,20,27,11,62,2,52,10,0,48,82,83,86,95,63,22,15,92,71,45,81,83,56,26,52,58,85,15,86,38,51,82,63,25,88,71,72,85,71,66,7,62,71,50,51,100,22,58,27,50,72,11,68,92,51,74,74
65,80,34,30,73,18,32,86,6,90,46,63,17,33,42,100,58,39,59,5,33,18,34,5,43,41,69,95,52,15,60,61,65,97,93,95,11,77,31,82,24,0,30,46,41,91,42,44,47,65,5,53,49,23,82,57,1,86,69,40,82,46,20,11,12,14,54,74,51,6,31,26,72,26,85,85,82,38,38,40,92,95,15,1,6,46,2,93,26,10,30,21,8,45,10,62,100,56,34,31
87,76,9,45,69,45,29,3,88,15,58,56,38,78,13,40,100,99,15,57,56,27,41,89,42,45,41,10,21,60,79,90,65,63,40,30,30,3,64,79,56,44,82,76,28,48,63,67,11,14,53,2,89,20,27,29,74,24,64,40,74,74,2,7,49,63,24,58,96,6,60,61,48,29,8,19,85,18,78,10,77,65,94,6,95,87,43,8,37,50,42,36,85,20,16,67,63,66,100,58
74,20,41,75,55,39,93,43,91,4,91,4,26,49,51,81,50,1,89,17,54,39,82,65,71,95,41,60,82,3,59,93,73,49,67,62,66,2,29,98,29,88,51,67,15,21,62,73,94,58,63,72,92,23,21,63,45,43,48,63,47,16,81,80,79,78,64,12,27,92,86,89,99,23,70,83,90,80,95,28,89,29,30,71,73,51,39,26,40,28,27,54,41,71,77,4,2,82,87,20
89,13,56,34,17,99,11,78,63,83,41,89,30,43,86,14,67,39,71,67,73,32,80,5,79,41,31,5,6,23,74,38,89,84,84,9,12,54,83,67,51,16,41,42,36,10,67,42,64,6,82,39,85,42,7,85,10,45,59,43,78,58,78,79,44,14,16,29,97,42,62,77,18,81,88,46,82,53,15,1,43,82,30,45,89,4,92,17,49,46,56,17,79,77,69,63,84,85,50,48
4,73,11,80,41,95,62,5,25,13,11,49,82,54,50,51,87,63,41,97,53,56,50,81,99,88,45,100,95,13,70,95,92,60,70,49,85,42,61,93,23,39,65,20,43,9,76,12,33,39,14,40,48,54,35,84,70,53,14,85,0,54,17,33,75,25,64,70,66,29,71,48,66,91,6,1,55,97,48,91,90,69,47,28,32,97,83,95,26,17,64,10,78,39,41,9,31,3,35,8
31,97,22,20,72,62,2,75,15,71,57,86,92,0,17,19,1,45,30,18,98,89,98,77,43,68,14,64,77,42,1,28,52,85,71,48,65,92,44,40,60,55,85,27,22,30,43,54,30,48,35,89,97,99,20,66,52,53,95,49,37,62,78,30,99,8,33,7,47,66,9,72,69,35,67,54,74,18,0,41,15,44,50,66,87,66,86,3,57,49,64,60,96,14,88,79,21,53,90,63
92,16,84,94,11,53,28,50,2,0,99,100,2,91,23,52,53,56,17,11,74,3,72,28,62,50,83,95,63,89,35,37,81,48,11,77,68,49,20,28,61,67,97,44,15,78,12,79,88,96,9,56,61,98,56,8,70,49,14,95,90,39,40,40,95,67,60,95,7,91,42,82,37,36,5,55,4,29,67,18,16,88,58,82,48,19,81,65,10,44,0,78,83,96,3,22,96,15,30,17
40,5,96,40,80,1,20,98,97,28,21,68,23,81,77,72,42,63,28,34,58,26,68,79,77,93,85,66,54,60,50,3,34,49,31,92,11,43,93,23,84,67,66,59,6,58,13,2,31,98,22,72,33,77,23,97,79,54,41,31,20,31,97,33,52,12,19,26,56,6,87,76,90,75,57,14,26,19,68,90,53,34,49,4,1,27,47,85,15,50,9,22,56,73,67,59,34,67,4,41
51,39,18,55,3,85,93,81,1,73,64,23,53,31,71,76,89,70,5,6,60,45,94,68,43,85,26,30,56,70,69,38,73,15,64,71,33,77,31,73,66,11,93,61,84,84,94,81,100,58,42,80,88,31,2,40,60,72,69,81,31,8,85,37,37,8,40,84,61,80,3,54,75,40,72,23,99,62,24,16,91,15,23,43,49,98,63,71,86,44,75,37,10,14,35,21,32,56,4,72
78,45,70,32,4,0,76,23,80,20,13,16,84,35,67,25,15,6,14,93,49,21,52,41,34,96,63,74,86,90,83,57,86,76,99,6,80,51,26,86,9,72,8,68,79,35,93,1,12,88,33,32,79,74,37,40,16,80,0,52,16,60,25,80,0,16,21,42,54,21,68,66,54,16,70,34,99,50,24,94,94,20,2,73,67,3,38,99,9,90,77,61,98,68,61,90,0,66,14,5
50,97,64,12,42,84,95,25,85,12,10,24,16,77,51,0,19,83,89,73,94,31,17,16,19,77,9,33,31,84,92,43,53,3,66,40,35,77,37,10,30,29,11,28,36,36,20,72,54,82,89,57,74,60,36,19,100,21,44,45,49,56,28,89,66,50,88,39,85,74,76,25,3,55,32,66,51,72,87,70,28,3,85,29,97,49,6,56,18,97,67,93,17,47,31,92,9,69,25,4
25,97,39,11,76,84,8,41,51,40,62,41,41,51,93,98,45,59,43,51,52,6,22,60,58,44,43,36,51,7,87,88,48,36,88,41,21,17,39,0,52,1,23,43,98,84,95,56,51,58,95,52,100,27,95,29,43,71,89,30,37,8,33,36,43,10,61,47,15,60,50,79,40,46,29,94,65,63,47,6,61,28,41,65,59,47,21,66,100,29,11,25,47,59,77,60,78,38,35,70
13,4,66,27,8,22,4,26,6,90,11,28,33,17,77,64,16,28,41,38,75,50,91,15,31,75,41,64,99,6,13,26,81,69,1,78,89,68,83,94,81,18,8,59,25,89,44,39,24,96,92,7,1,30,9,24,22,32,25,47,37,4,9,46,85,100,28,17,64,20,26,51,20,84,9,65,1,29,71,26,69,48,98,56,28,16,94,61,49,83,73,100,17,86,90,90,64,67,44,30
59,14,50,67,47,93,78,12,0,33,37,71,16,74,11,55,36,53,43,54,21,23,62,42,75,7,7,66,45,37,44,10,56,47,81,57,80,38,80,71,72,81,68,64,73,59,16,54,82,4,61,16,20,24,100,22,44,96,19,59,11,13,99,75,88,12,26,94,93,54,73,41,1,68,19,9,15,54,74,67,59,55,8,26,86,70,58,70,83,88,94,11,73,86,21,87,27,23,25,97
88,54,79,26,83,37,38,58,27,53,43,24,85,95,76,62,38,56,33,26,42,1,85,40,18,89,13,71,63,97,98,47,34,49,70,14,28,9,97,1,95,88,67,59,6,24,8,86,10,50,42,98,37,63,38,67,73,4,16,65,5,0,85,37,46,6,14,3,92,96,37,24,18,62,6,42,52,42,86,66,63,63,45,63,6,32,95,38,100,9,84,19,31,51,8,17,63,52,79,14
59,18,71,5,32,87,12,38,20,34,42,11,74,30,28,71,23,91,31,19,41,89,0,34,92,32,33,76,51,66,13,94,64,30,91,66,18,13,96,29,92,27,23,83,68,19,94,78,47,80,3,95,48,54,58,82,96,7,89,54,26,47,44,61,63,28,38,87,70,45,45,16,48,73,80,11,91,63,3,64,97,13,21,26,99,14,54,21,48,99,14,45,88,2,52,1,10,11,54,47
51,94,74,37,1,45,54,6,13,2,56,85,36,79,17,42,50,65,16,36,77,10,46,34,9,35,93,34,88,43,22,10,90,26,77,31,34,58,19,25,64,73,8,4,5,97,17,17,30,7,35,68,79,67,10,40,40,85,78,31,55,16,55,9,68,61,24,10,91,60,57,33,84,68,12,20,62,80,92,88,52,87,86,95,84,51,50,87,66,50,41,90,25,77,84,58,59,18,92,25
95,80,64,98,5,25,39,77,9,97,45,98,44,32,76,9,75,24,72,77,90,93,42,50,51,38,59,27,51,13,54,5,53,95,57,98,50,37,42,73,50,61,41,66,3,11,95,93,23,99,69,75,96,38,67,88,30,93,59,51,78,92,47,83,68,49,13,100,26,90,57,21,32,44,67,83,37,26,30,74,83,45,54,94,86,2,47,15,84,80,15,35,33,25,79,64,37,30,68,91
70,20,3,63,75,26,55,44,59,75,8,25,100,83,22,38,35,50,97,13,93,7,95,66,28,76,52,18,95,85,52,16,95,81,95,84,76,44,89,6,35,13,1,17,51,76,20,71,83,82,51,28,71,4,16,27,74,36,97,18,66,39,90,93,65,63,31,8,30,100,82,81,4,31,77,44,20,97,59,10,87,38,23,96,79,79,75,22,29,18,70,77,93,4,35,43,30,4,97,27
76,63,13,6,14,78,43,26,30,3,86,68,5,68,59,35,47,71,53,4,63,29,15,48,9,5,80,30,26,20,71,31,24,80,46,15,6,17,85,13,34,10,73,41,9,63,8,43,21,66,11,46,45,86,14,94,91,63,42,85,17,12,26,59,63,95,3,40,12,39,75,31,41,3,88,57,34,14,84,88,5,81,42,84,35,37,77,10,89,8,9,98,23,24,92,91,44,100,88,17
58,55,7,49,48,14,13,87,42,65,13,40,0,64,65,83,67,62,100,90,92,73,39,24,1,11,66,36,6,100,71,17,74,13,92,42,63,17,0,92,19,85,14,74,4,51,3,63,11,10,80,24,37,71,53,88,86,53,43,61,64,51,30,93,19,33,63,55,70,47,23,54,43,90,39,16,92,1,42,7,38,91,25,23,29,22,20,25,82,16,70,93,96,37,84,20,59,80,44,80
30,49,44,64,88,66,49,51,0,56,76,33,45,15,86,74,33,30,70,21,9,20,91,66,30,43,49,69,26,36,90,70,44,7,70,95,98,26,93,51,14,89,27,65,77,57,86,3,28,100,48,26,50,98,17,69,87,63,78,64,90,71,51,57,5,62,83,92,86,83,97,22,20,56,73,11,29,75,30,12,88,62,30,5,44,63,80,66,99,60,32,54,74,20,40,18,8,26,62,15
85,2,30,33,29,22,92,98,23,5,13,9,64,88,48,43,99,22,2,1,88,25,82,5,24,73,4,40,86,94,54,7,28,23,29,55,46,27,3,9,98,0,95,73,93,50,51,75,54,12,91,9,84,84,65,64,84,83,6,46,64,60,39,66,7,87,78,24,61,68,98,97,11,39,34,63,84,83,35,83,76,63,32,80,22,2,98,54,7,28,56,68,19,16,84,48,97,66,67,88
41,72,24,42,20,54,2,57,63,96,87,40,26,23,86,68,1,51,2,59,15,23,57,73,42,73,72,35,55,15,7,77,97,30,33,62,15,89,25,92,67,50,98,28,41,48,2,44,45,0,39,74,39,46,84,93,20,91,49,99,11,36,72,11,46,9,85,31,95,45,3,57,68,80,100,67,96,33,3,64,26,82,33,71,51,88,55,81,9,33,43,96,40,83,81,94,40,42,84,32
69,94,35,43,20,77,67,56,43,18,8,29,79,54,39,65,47,75,91,62,90,62,18,76,67,92,80,69,87,65,85,41,69,27,44,18,4,3,16,76,78,46,43,29,37,12,43,66,55,3,82,81,95,52,24,75,94,67,65,18,17,30,10,2,65,95,74,65,76,95,62,46,68,9,0,38,48,66,28,27,87,62,94,86,32,54,80,87,73,74,3,82,73,40,14,88,47,27,8,28
84,22,37,89,11,25,76,10,41,76,71,27,89,49,36,78,84,79,34,43,29,22,18,79,22,11,25,21,47,39,60,14,90,19,19,38,70,94,27,49,78,13,46,93,63,32,3,18,31,14,36,22,30,60,62,75,64,10,100,17,81,16,91,97,60,70,58,5,29,51,15,65,34,45,24,90,14,32,40,58,93,80,9,55,49,79,64,55,5,7,65,60,78,26,53,51,89,16,60,55
15,21,66,68,6,14,9,50,70,16,66,26,50,35,2,40,6,68,86,69,91,12,19,80,43,78,48,37,96,34,65,55,81,39,29,23,77,6,90,24,41,3,36,47,29,86,71,76,83,9,15,15,91,12,69,73,65,75,99,4,2,93,25,49,28,50,35,31,6,30,4,27,58,57,66,64,15,72,72,40,62,7,37,46,99,50,10,54,82,85,14,20,94,67,21,33,72,46,78,97
92,58,40,97,83,99,21,56,47,73,91,44,94,8,95,32,83,63,60,10,79,24,48,88,43,77,61,71,53,88,51,53,89,75,60,5,96,90,62,14,16,1,17,97,79,92,21,40,54,24,73,74,5,41,43,70,37,1,4,93,35,58,42,13,43,50,40,51,54,30,55,12,46,36,39,99,79,4,64,18,40,83,90,46,51,16,71,81,39,21,93,56,24,6,7,72,24,80,88,51
76,95,95,54,2,57,55,6,23,89,41,0,2,99,0,25,92,65,79,20,98,49,32,56,8,27,74,9,76,66,92,40,78,42,70,64,5,98,60,88,48,43,78,47,18,62,17,84,79,82,59,90,80,48,16,51,40,85,88,100,58,4,48,34,93,69,55,76,80,27,53,72,19,16,85,51,43,72,30,3,4,21,16,59,67,68,45,61,86,12,58,2,96,75,1,17,3,0,11,17
70,27,89,65,41,65,10,18,59,17,18,99,45,43,1,84,6,93,22,89,69,80,65,70,1,17,97,90,28,10,4,58,16,72,74,28,65,50,64,32,40,21,82,40,89,59,23,92,88,72,68,100,48,98,91,70,80,8,73,78,0,12,20,42,30,94,72,64,93,95,2,76,94,19,17,27,26,94,92,71,95,4,26,96,3,94,58,3,63,53,14,46,83,53,96,50,7,81,13,43
14,80,39,95,1,87,8,98,24,36,0,83,68,23,52,94,48,11,58,19,23,31,92,69,57,48,62,67,73,88,71,16,74,4,96,76,22,85,66,100,0,3,39,83,93,13,72,26,39,40,69,52,33,89,3,12,69,100,72,90,42,28,38,95,98,23,74,60,23,28,49,5,92,29,76,5,38,82,69,75,39,16,26,63,5,86,87,60,35,41,82,37,91,35,99,53,57,87,6,79
5,45,44,66,38,61,85,20,58,67,19,73,72,81,81,14,24,83,26,44,60,18,96,27,89,8,89,33,10,18,96,25,88,16,28,86,48,29,100,82,41,64,100,74,48,64,43,34,19,20,74,69,82,91,48,40,67,8,14,34,19,4,61,78,97,29,52,89,38,87,70,11,88,14,4,88,72,9,24,39,74,36,36,92,19,85,86,75,38,2,25,95,12,74,4,25,44,24,54,66
33,65,68,27,76,36,91,83,92,36,22,49,52,82,39,6,90,43,95,43,8,57,12,43,100,41,13,5,84,33,41,2,12,57,53,25,81,31,22,63,74,79,61,7,25,75,20,15,41,7,13,44,28,99,11,24,54,93,34,14,82,45,64,57,56,37,2,66,52,38,42,15,8,96,1,28,76,97,57,44,6,51,65,84,70,99,34,65,58,58,12,98,49,73,11,98,89,70,31,12
100,1,7,87,28,69,77,21,53,39,16,41,27,57,37,55,45,63,9,38,31,37,74,42,68,70,36,71,33,75,97,48,88,49,97,38,11,18,1,49,39,58,32,59,97,78,59,40,45,60,52,50,95,11,48,81,9,14,91,67,37,23,80,74,10,71,20,14,64,42,8,84,73,97,17,46,80,88,62,45,58,2,65,8,9,6,57,32,69,43,24,60,99,91,61,0,21,15,59,76
30,13,53,9,56,15,46,30,30,31,43,59,16,69,24,16,44,15,38,99,98,67,73,66,80,59,31,26,58,88,22,29,71,95,94,17,54,100,64,24,69,96,22,30,66,63,93,4,46,67,14,46,57,46,50,36,1,45,9,15,16,90,86,79,77,31,36,100,1,59,14,61,77,73,51,21,69,45,75,36,62,46,11,92,88,81,91,54,79,79,22,4,26,15,31,19,92,75,74,29
100,10,50,82,7,83,19,90,37,68,45,14,93,54,27,25,3,33,79,37,67,89,19,40,77,42,26,3,27,43,5,35,82,41,28,41,39,69,20,76,76,32,48,18,51,22,97,48,41,96,83,98,56,53,86,64,55,45,52,85,21,11,59,2,100,37,29,82,13,17,52,67,27,84,63,12,84,33,0,91,86,38,22,80,81,25,22,21,14,1,0,49,95,89,55,0,91,19,91,96
56,33,28,52,24,81,74,60,95,31,22,96,89,17,16,44,60,95,93,87,22,90,9,58,22,77,34,47,83,65,59,51,73,58,25,89,82,21,82,10,58,91,29,14,67,96,27,99,2,9,27,51,93,91,10,37,5,47,67,30,27,31,86,19,73,87,34,79,24,91,56,21,91,91,89,43,22,13,78,39,94,43,16,49,99,2,99,13,37,52,13,48,99,74,69,12,97,17,43,68
51,9,98,77,20,15,47,92,99,19,5,25,34,81,54,75,9,85,30,14,67,79,32,56,12,47,24,43,92,18,14,29,81,82,11,31,6,75,57,6,5,81,65,76,82,56,13,84,41,34,17,98,10,92,19,19,90,34,30,47,30,19,51,93,56,9,17,100,59,42,50,51,5,51,50,7,71,42,2,19,7,91,86,92,8,20,65,61,78,5,61,85,36,55,43,66,95,10,28,35
32,74,95,18,99,78,87,90,67,63,17,58,45,12,13,59,34,98,46,97,58,43,78,37,89,31,82,5,51,67,92,83,71,73,21,51,81,5,60,41,28,78,88,19,73,6,66,51,52,32,88,75,81,37,56,98,35,9,21,100,12,97,0,60,68,91,51,81,94,37,0,47,100,36,54,32,44,69,91,55,71,56,37,77,51,19,43,62,54,13,75,25,55,53,82,26,7,64,11,73
13,95,38,55,8,8,16,42,53,14,0,17,45,76,99,82,2,31,52,56,7,46,99,54,79,54,17,99,45,75,3,96,20,84,49,63,35,1,17,0,20,14,95,82,82,71,3,85,19,26,93,33,32,59,45,54,96,45,80,12,76,23,42,16,36,64,39,11,80,84,94,94,52,41,48,21,69,8,24,48,53,59,75,29,17,75,21,90,9,17,20,32,14,5,44,16,58,4,82,83
0,95,5,92,63,91,47,17,37,47,16,3,74,0,17,82,7,92,74,13,24,11,26,26,49,86,61,97,41,72,39,49,28,93,71,20,50,9,30,73,48,63,88,23,99,89,47,91,87,19,48,89,33,60,83,7,44,36,86,5,17,64,39,93,31,100,8,9,2,25,73,67,79,49,95,56,75,85,39,1,33,61,60,62,12,61,58,56,64,85,60,49,62,12,14,86,61,20,80,7
34,92,78,74,98,39,56,74,67,1,76,96,31,40,72,17,35,21,26,20,59,91,31,37,58,12,54,31,11,15,21,80,16,24,83,7,22,15,55,76,0,85,17,85,15,0,52,90,36,8,12,37,34,4,62,46,37,30,38,50,73,97,90,85,70,51,75,95,38,51,36,26,13,16,95,27,41,2,95,56,100,62,23,77,6,51,43,60,72,10,22,34,44,86,5,58,53,35,43,74
53,82,72,98,59,71,74,44,76,22,10,16,33,89,42,46,69,34,24,46,44,94,87,51,99,100,6,63,77,9,82,28,70,50,77,67,25,19,48,88,37,8,37,98,63,32,25,30,16,38,98,18,5,13,40,58,74,93,43,45,32,72,10,54,25,79,12,65,98,32,82,29,17,72,16,13,77,99,53,0,5,31,98,15,89,43,94,40,12,12,71,91,54,89,25,53,28,81,46,94
76,7,38,2,16,20,1,46,43,87,36,46,58,32,17,44,68,46,80,88,79,73,51,96,0,43,62,55,77,17,81,58,21,60,4,47,65,24,8,6,98,73,54,87,23,61,28,32,27,71,86,96,31,15,30,17,50,85,54,20,68,45,42,2,34,71,25,69,16,47,11,56,99,24,45,48,27,48,32,14,24,3,29,40,10,51,23,34,47,15,10,81,15,1,77,38,26,89,33,98
56,72,30,42,34,18,84,15,56,44,32,14,95,17,87,80,71,44,6,19,57,72,71,97,71,29,4,16,75,47,1,47,32,63,40,94,78,75,95,13,22,12,92,86,33,50,66,73,49,65,46,51,99,65,43,47,100,86,92,26,22,15,10,49,63,21,8,40,81,75,17,23,52,23,73,98,30,95,19,73,58,49,7,21,39,75,6,9,85,4,44,31,95,89,39,37,94,40,100,59
18,0,80,72,63,52,8,87,89,75,77,82,64,89,14,78,81,74,100,24,85,44,1,49,20,12,10,98,48,26,25,18,23,20,74,89,23,42,98,47,72,52,64,95,4,57,13,30,62,23,88,94,90,52,52,34,88,52,37,97,81,57,57,14,100,57,87,60,84,5,24,16,58,94,65,32,90,0,13,42,11,86,9,80,94,30,69,78,73,67,78,44,50,93,79,95,55,86,85,79
88,7,50,57,99,47,84,26,55,11,83,40,43,100,18,82,69,12,54,20,94,77,22,59,7,7,59,43,82,23,19,57,54,8,21,40,80,78,92,91,39,22,3,78,55,79,56,27,24,0,100,30,71,11,9,42,20,19,32,45,69,26,65,58,71,55,63,6,59,65,15,40,53,85,42,73,92,13,25,46,38,30,78,80,2,53,89,15,93,71,72,57,63,53,29,79,28,91,83,96
23,51,46,25,31,29,55,10,9,23,93,42,13,48,5,4,50,95,66,94,96,65,6,5,85,65,53,14,28,36,51,58,21,6,87,98,45,19,85,83,8,48,65,40,43,55,43,43,21,44,80,56,30,68,69,37,20,45,35,64,90,39,44,39,36,24,87,90,77,45,35,3,44,41,42,24,46,21,43,19,48,16,36,85,1,37,98,82,87,84,9,43,70,67,88,36,80,29,23,50
55,65,72,9,20,86,32,23,55,30,13,51,48,39,22,78,77,6,61,18,34,19,93,23,12,73,29,84,81,64,87,37,31,80,16,25,92,3,58,18,2,34,18,88,17,92,74,42,96,32,23,80,0,14,93,56,14,39,30,57,32,19,100,8,31,31,79,22,69,57,61,45,88,48,50,43,52,75,21,98,15,2,86,54,17,70,59,22,6,31,65,31,47,0,40,26,25,84,22,53
30,22,54,4,27,98,59,95,38,10,61,93,78,57,95,3,61,53,83,41,43,60,38,27,71,16,14,63,25,87,30,71,7,42,52,65,9,56,70,25,11,24,48,78,12,64,40,73,95,88,46,33,73,100,18,73,56,68,3,59,69,57,25,74,81,30,90,93,85,15,5,18,62,82,43,94,52,78,97,41,24,15,40,72,75,59,46,14,80,90,3,53,97,9,99,76,22,4,68,60
14,33,61,2,61,51,83,27,62,71,17,22,47,91,58,12,53,23,41,15,77,0,42,54,65,35,48,23,20,18,95,78,33,41,69,36,2,74,31,85,37,26,79,43,10,2,68,100,2,36,85,98,31,92,12,100,25,98,47,35,9,41,15,23,64,28,32,67,72,63,33,88,38,16,88,55,35,13,0,73,46,6,15,21,52,30,15,40,75,80,98,33,9,59,24,63,50,91,21,67
82,64,24,68,12,74,98,72,90,89,51,78,92,1,25,64,18,52,78,0,7,15,73,32,23,74,70,86,26,95,98,57,12,77,96,7,64,77,58,21,100,28,6,71,63,46,5,93,19,100,7,10,63,15,29,85,87,71,39,37,34,86,67,32,84,27,12,49,2,25,67,6,38,63,30,99,93,45,88,9,43,40,55,37,19,44,100,36,5,17,100,21,55,95,6,69,6,25,53,96
71,18,44,42,34,29,81,50,74,20,55,33,46,91,63,43,40,9,40,28,39,70,92,97,40,27,87,98,62,21,56,31,13,90,24,17,64,88,78,58,82,86,55,16,100,78,35,35,1,62,45,63,24,92,6,12,52,78,27,32,22,68,75,84,68,47,60,29,16,42,22,33,15,1,80,47,96,98,82,100,0,73,7,29,19,45,11,65,42,80,27,89,47,6,26,79,85,23,52,55
63,40,76,81,55,49,99,21,83,41,58,35,86,45,67,10,16,65,53,85,71,86,59,35,44,95,57,1,5,76,56,87,71,42,29,14,99,15,95,11,54,10,60,7,73,31,8,64,8,28,53,48,30,46,12,59,52,28,84,66,44,55,77,87,56,5,4,41,87,45,3,92,35,10,100,93,54,64,33,100,2,9,31,2,94,35,7,82,88,13,44,5,29,22,29,100,99,94,57,37
71,10,90,26,87,73,96,96,57,28,45,83,81,71,73,3,95,12,49,17,87,92,34,96,50,16,10,26,49,89,70,99,100,19,6,38,53,72,77,88,13,49,97,95,38,70,10,53,26,81,42,52,84,24,72,46,11,25,44,31,67,44,9,25,71,19,0,97,99,55,4,66,7,85,98,85,0,66,65,76,29,6,29,87,76,81,77,6,28,35,83,79,31,98,35,66,34,83,28,77
81,8,75,93,42,83,13,92,59,77,35,96,5,69,73,48,70,53,73,47,60,72,63,19,65,54,85,51,39,9,74,11,26,3,10,94,22,97,14,96,30,62,51,69,48,44,26,57,41,17,4,3,57,39,9,56,94,49,48,88,96,89,19,20,68,56,1,40,2,79,2,66,27,66,85,57,89,44,43,7,82,79,61,82,2,15,73,44,3,95,91,93,23,8,65,62,84,68,5,99
8,80,32,17,96,77,84,27,68,97,84,28,46,66,66,81,67,47,89,19,42,35,51,77,44,67,29,99,36,74,33,92,7,52,94,8,17,14,79,68,71,72,54,99,77,35,58,25,88,81,13,0,98,4,25,69,5,96,77,78,69,71,28,3,40,51,96,54,12,40,57,92,54,94,72,48,85,60,9,88,4,43,72,78,24,85,93,37,68,29,27,38,5,39,30,17,14,17,29,68
92,52,16,16,97,49,53,57,18,21,81,29,4,35,22,45,37,61,64,44,55,80,18,56,84,82,65,37,51,58,74,66,64,58,67,51,98,71,53,40,17,24,81,9,89,34,46,27,95,39,9,84,27,77,24,58,9,47,97,83,35,14,49,83,47,62,7,70,23,100,2,93,79,83,89,76,35,34,47,11,40,4,55,59,34,56,48,28,45,74,95,85,52,55,63,8,38,90,50,92
60,52,10,33,53,25,82,77,36,27,61,38,71,7,67,4,8,54,57,79,96,89,98,85,31,6,7,45,36,71,98,48,90,27,61,85,89,79,42,83,31,58,35,16,35,22,25,60,16,48,74,33,82,16,53,53,30,7,75,66,71,51,63,30,87,53,37,37,4,40,68,68,6,5,21,1,32,15,44,21,47,0,38,61,54,74,15,46,25,23,93,97,70,70,26,71,89,50,63,30
23,83,28,59,35,53,33,20,70,83,99,83,49,82,38,12,26,25,45,52,84,6,22,19,11,60,63,1,75,1,5,61,10,66,99,23,81,10,25,88,27,62,71,2,44,94,15,82,21,67,22,98,68,13,48,21,46,53,92,49,24,74,55,15,65,73,43,48,55,80,21,0,95,24,26,62,15,15,24,44,62,5,91,22,90,47,90,68,79,78,3,9,80,75,82,34,77,97,0,7
14,80,38,30,31,16,85,34,0,58,16,31,97,9,69,46,38,80,53,79,50,5,33,94,26,68,8,68,47,94,71,42,82,72,17,89,42,44,89,59,36,23,73,79,36,54,2,69,34,94,11,31,85,89,81,53,34,28,59,4,19,20,22,44,12,9,39,36,64,74,31,5,3,69,80,30,63,93,64,45,88,73,13,39,37,73,63,26,8,62,43,45,9,11,81,14,45,80,71,43
13,70,40,56,15,56,76,21,82,9,82,92,80,88,63,84,15,37,31,83,8,40,79,51,98,16,73,97,45,47,95,29,95,9,73,89,6,29,33,57,96,62,22,59,97,48,22,40,80,43,97,51,55,75,51,30,61,64,1,67,20,69,81,4,35,30,17,33,46,90,81,38,11,87,33,58,32,50,18,57,22,30,52,95,75,3,57,30,78,81,33,82,47,18,51,50,14,37,31,23
58,66,80,50,17,41,54,79,36,80,63,47,28,81,98,50,66,100,75,86,85,54,92,61,75,39,38,12,41,64,9,100,3,10,16,73,98,43,68,89,69,66,84,88,17,65,8,49,66,25,23,75,66,8,95,26,43,69,5,92,76,1,59,19,54,37,30,44,69,93,16,84,4,15,56,21,61,41,36,37,54,87,47,80,87,27,50,29,4,12,44,86,75,24,71,16,99,71,97,45
40,9,28,41,46,44,36,13,76,90,21,58,94,78,8,31,15,32,37,63,46,15,92,0,69,61,52,44,69,19,39,62,59,37,80,85,21,17,29,81,44,95,15,78,36,64,37,38,64,75,8,24,65,74,14,48,49,82,45,92,60,41,46,37,81,14,22,37,50,37,27,27,36,28,77,59,58,5,26,43,74,38,35,21,43,59,97,72,37,96,47,76,95,36,50,74,82,20,57,43
2,15,31,62,74,85,56,54,96,74,36,27,4,28,2,69,25,33,74,72,36,83,4,94,58,8,31,61,43,63,9,8,70,91,89,1,5,31,46,54,16,11,29,75,11,14,41,54,17,18,21,53,3,45,47,24,99,20,17,30,92,51,58,66,50,70,69,88,61,14,32,48,23,41,4,43,40,3,74,67,49,19,93,63,86,90,84,65,12,92,18,70,46,43,63,39,76,5,39,70