19,56,8,37,26,75,99,2,52,80,1,51,28,10,76,96,17,53,38,47,37,62,59,50,85,25,10,82,34,25,92,35,1,17,70,99,2,47,31,35,2,86,79,58,79,35,48,96,0,71,15,72,78,21,9,62,76,20,1,3,86,81,49,31,12,43,59,32,84,18,65,41,90,57,29,54,27,77,57,80,50,82,30,54,44,93,99,49,11,16,53,26,47,87,91,59,28,95,7,26
55,14,19,67,0,18,32,69,66,75,80,74,85,53,20,31,35,84,48,68,44,26,2,91,62,39,66,65,95,43,74,83,89,29,73,95,17,90,54,2,26,95,67,7,80,74,6,31,82,34,92,45,17,48,4,50,14,79,23,81,46,46,22,61,15,97,7,75,2,18,10,83,80,69,93,9,16,0,55,29,98,77,44,66,27,80,21,44,57,71,22,13,57,91,51,36,30,99,85,66
11,55,63,60,81,62,25,73,57,20,36,13,48,40,5,30,23,56,34,30,98,52,28,16,41,63,51,64,40,34,89,4,31,94,14,82,40,14,95,50,66,13,89,38,75,59,71,30,94,13,46,31,72,72,81,31,78,41,55,7,71,24,38,71,61,96,49,5,22,79,42,49,45,29,37,62,80,53,49,27,52,30,60,34,93,50,21,71,100,58,60,77,66,10,33,79,62,51,8,21
30,63,22,49,27,35,81,63,0,66,73,42,16,97,42,41,13,79,87,15,79,70,40,28,1,32,13,36,42,77,85,21,65,14,92,80,97,86,83,52,44,41,83,51,70,28,48,81,19,62,5,78,77,86,28,17,89,47,4,21,41,100,80,22,87,89,78,43,55,29,56,4,68,55,9,13,44,27,22,66,77,37,16,89,65,96,15,81,28,60,99,69,48,72,54,27,85,94,42,50
59,85,15,5,51,29,73,75,18,67,99,5,85,99,100,100,56,32,8,46,64,27,31,14,24,13,15,31,77,15,47,77,74,88,27,41,20,8,15,91,46,5,61,40,79,27,90,68,58,12,52,0,77,21,33,49,3,7,39,71,66,96,36,18,99,2,91,47,5,97,38,75,25,75,6,93,15,40,18,14,34,51,32,62,91,33,24,69,38,38,45,45,22,14,10,80,3,19,97,44
1,38,69,2,4,31,67,13,39,25,65,34,80,37,66,7,12,44,54,35,79,32,91,39,49,80,11,10,22,24,96,19,12,12,61,91,15,59,83,35,71,69,85,55,91,15,89,34,50,65,27,99,29,41,74,93,81,15,82,21,52,33,72,28,99,94,37,38,96,77,93,89,8,83,99,5,87,80,51,66,22,20,52,53,91,24,10,28,60,28,5,93,15,70,73,86,75,5,68,43
90,56,43,14,59,66,6,42,58,12,29,78,3,1,38,53,87,63,55,73,34,65,67,12,48,4,90,93,44,52,77,38,18,96,7,31,52,1,41,81,40,17,81,71,70,50,86,61,55,53,15,24,6,53,64,55,100,61,53,31,98,27,94,1,29,93,26,2,96,5,42,60,74,11,98,98,76,74,27,97,27,6,10,91,94,80,50,55,23,50,26,78,44,15,82,35,13,7,35,74
13,52,79,36,1,87,64,96,93,0,30,50,63,8,50,77,97,42,60,27,52,44,81,41,63,38,2,62,15,52,7,51,37,85,9,78,32,72,58,16,31,34,58,4,76,34,98,64,47,57,94,99,38,21,34,57,20,67,29,56,47,37,98,83,35,81,10,70,15,9,8,64,2,58,46,4,84,51,44,23,49,15,61,14,50,66,4,19,2,62,85,11,57,58,94,25,53,5,31,62
67,75,31,64,2,70,75,10,15,18,74,35,83,32,48,9,19,68,32,75,28,25,80,97,15,58,62,88,24,22,78,46,99,26,6,44,13,92,75,20,89,76,10,52,67,1,98,62,19,2,13,32,9,28,57,94,12,89,77,14,19,41,51,73,80,38,97,45,20,14,94,8,18,14,87,68,16,11,50,6,86,68,66,51,56,31,33,17,83,12,56,28,20,35,87,3,26,22,86,60
79,80,41,10,57,87,13,64,90,68,46,96,69,97,25,71,70,26,42,60,64,69,14,32,48,52,69,77,17,23,23,93,75,75,13,4,23,62,94,8,87,13,29,66,85,68,15,41,92,48,67,71,68,50,5,22,61,32,76,54,71,97,76,16,33,47,13,96,59,50,11,78,6,76,50,98,70,22,62,41,15,0,67,38,54,17,68,72,20,80,61,76,63,1,13,95,0,58,40,1
40,60,58,36,19,46,6,99,25,54,53,74,53,79,13,6,43,50,43,35,3,91,41,89,87,19,31,39,6,40,45,84,72,8,70,89,63,18,15,70,65,92,1,60,12,52,33,79,87,8,74,40,25,80,100,83,66,26,12,0,27,33,83,16,31,83,62,38,51,15,22,97,19,65,98,44,20,26,58,92,98,25,27,26,93,28,35,96,50,56,16,80,18,92,33,79,80,74,36,78
63,100,68,45,70,5,89,90,70,29,7,99,6,55,9,64,18,100,81,68,13,22,24,97,100,62,1,60,9,76,4,51,18,31,22,99,47,9,22,92,87,62,90,98,59,20,8,32,54,98,26,43,45,64,13,81,95,41,61,93,83,25,90,65,14,17,37,98,41,39,10,97,56,94,19,75,36,61,9,57,76,25,43,30,30,5,93,45,69,99,4,80,79,30,79,69,84,91,16,46
79,81,20,76,77,73,36,53,40,80,84,73,23,81,97,65,97,30,96,35,18,97,92,64,93,100,86,85,14,25,23,20,37,71,20,67,68,97,74,90,45,10,70,35,24,1,47,71,77,52,16,32,51,54,87,72,95,78,35,68,38,50,88,37,46,94,51,19,35,47,90,43,42,91,22,24,20,92,28,6,67,41,51,7,49,16,30,36,55,68,64,22,61,38,41,79,50,12,86,80
42,85,45,21,19,34,73,89,65,98,13,36,4,45,68,0,91,91,26,62,92,98,43,26,10,93,37,32,98,69,94,1,93,47,99,6,88,21,55,8,4,41,85,13,3,0,17,91,39,38,42,17,30,13,70,56,33,67,1,54,77,27,99,68,63,56,43,8,96,28,36,9,8,35,84,55,72,75,69,87,28,36,49,63,84,14,98,11,67,47,27,59,62,41,41,45,60,98,81,81
56,92,18,78,40,52,68,36,66,28,33,100,12,4,10,59,6,58,90,34,18,76,16,7,28,19,66,64,16,39,22,80,49,38,72,3,88,60,66,5,38,96,60,3,13,52,18,44,24,85,72,66,62,48,66,96,35,82,23,0,88,25,93,73,7,90,46,70,63,9,38,23,80,6,75,97,73,21,86,92,2,68,0,50,94,68,5,72,26,13,9,66,8,62,83,59,10,24,89,34
47,8,7,97,62,28,38,95,15,73,67,74,88,31,80,43,88,22,23,67,74,69,1,27,98,2,78,77,98,39,29,25,42,34,11,47,9,5,18,97,80,78,2,26,85,22,10,30,18,54,21,47,13,22,1,15,1,9,78,8,35,73,60,59,94,65,39,21,59,6,92,52,5,45,29,60,73,67,68,52,74,22,17,21,31,92,32,54,87,72,50,61,66,11,11,1,49,97,35,55
63,0,5,99,31,33,52,57,77,82,36,77,91,65,97,25,43,55,75,47,46,50,24,66,23,68,8,86,33,99,38,46,87,24,85,90,99,63,11,12,6,3,76,73,19,14,97,65,70,32,40,15,49,79,82,40,21,61,42,16,2,54,9,93,22,5,73,36,61,57,19,70,24,71,78,52,77,88,4,7,72,10,45,55,5,9,82,73,46,35,5,3,67,41,70,70,33,89,100,5
85,9,40,55,29,18,45,56,55,63,43,18,83,86,98,71,74,87,38,39,85,92,16,9,16,32,89,0,38,33,64,94,86,87,74,11,98,50,96,68,79,45,77,29,93,56,6,46,89,54,89,61,64,73,12,2,6,34,55,97,91,36,97,60,76,41,66,89,82,6,86,89,8,23,91,86,78,80,21,94,78,35,54,83,76,73,22,12,57,23,19,63,88,68,9,63,80,60,33,85
14,66,21,4,59,20,48,61,71,38,82,7,38,44,49,42,58,72,44,7,74,40,16,81,88,12,60,44,62,8,21,39,72,53,44,36,48,6,49,100,14,49,27,33,76,8,67,42,31,25,49,54,70,97,77,33,35,56,16,44,53,25,99,99,28,28,11,20,15,58,46,4,67,54,12,44,11,3,96,7,91,65,2,98,11,4,78,14,41,87,69,56,18,14,13,18,99,21,72,31
69,57,23,41,0,39,8,5,15,7,65,7,61,15,32,66,70,93,56,14,72,65,86,35,88,8,59,35,82,51,16,26,34,16,31,5,13,72,50,79,41,39,56,76,55,50,8,38,71,73,37,31,15,84,91,90,47,83,73,97,21,48,80,63,37,24,83,29,24,89,8,17,51,93,37,11,77,34,37,4,81,62,73,11,73,31,56,78,62,4,30,82,49,3,79,77,54,81,92,64
3,33,39,9,95,91,15,5,14,75,69,15,89,11,10,50,0,84,6,24,87,66,32,55,75,52,26,52,99,54,69,37,37,51,46,88,76,76,21,81,86,86,69,0,12,66,61,32,35,90,15,53,22,19,97,89,30,47,99,45,17,10,90,64,88,95,78,50,43,7,0,22,57,0,77,89,26,83,32,77,33,38,6,53,30,36,50,23,64,31,14,42,33,39,30,6,75,26,84,85
55,87,27,9,89,74,29,79,85,56,83,39,83,90,30,92,73,19,79,48,15,56,94,89,91,55,12,100,21,23,65,88,99,23,86,22,25,89,22,10,57,41,44,40,35,80,11,12,99,38,65,25,21,88,72,43,91,62,57,36,4,36,46,18,54,38,39,10,95,78,14,67,79,92,63,27,22,29,34,10,22,74,53,18,73,85,89,33,4,60,27,48,16,32,77,1,57,68,91,94
2,27,45,78,38,29,48,93,65,62,88,35,97,90,85,92,13,61,42,50,81,23,99,56,73,11,37,70,55,29,98,42,32,73,57,2,60,11,44,45,98,6,70,50,44,32,56,45,59,90,32,91,5,16,56,99,5,94,80,38,25,16,34,4,93,48,41,93,92,19,63,91,34,63,21,5,61,73,20,57,37,1,62,25,6,28,9,88,45,21,59,7,15,93,69,24,32,99,37,38
19,22,64,45,51,87,6,78,81,26,8,94,22,34,5,67,50,82,60,66,80,3,30,94,59,68,45,29,18,16,61,86,65,90,80,55,88,53,33,38,54,54,10,66,46,99,99,88,9,45,44,45,74,51,95,97,0,33,37,35,90,86,19,88,11,48,48,40,17,24,76,61,93,99,100,11,56,84,84,89,44,14,19,80,82,26,21,20,93,40,84,25,89,26,83,48,95,29,42,38
3,56,32,7,62,68,60,85,6,72,47,14,1,100,62,90,94,92,37,46,27,45,82,63,98,13,75,18,13,54,56,26,71,55,97,80,55,43,75,49,44,55,82,30,96,99,14,50,85,10,59,7,77,13,32,40,58,90,96,79,42,89,23,56,98,4,6,19,57,93,61,2,12,3,4,87,11,97,23,100,41,86,68,16,95,28,6,47,36,70,45,98,98,69,70,87,91,12,33,77
65,41,18,48,51,95,75,59,59,98,6,42,28,1,100,17,43,27,55,3,96,12,6,31,77,19,3,19,95,35,97,49,86,72,27,52,54,7,91,62,53,67,21,93,39,49,56,92,92,23,47,24,68,5,65,52,12,44,93,57,38,50,30,97,57,52,100,42,35,21,19,40,86,42,42,92,31,15,8,27,42,70,4,87,2,57,49,9,54,3,100,67,8,24,38,30,55,38,79,20
28,86,20,7,17,82,17,53,83,10,99,84,40,56,64,95,80,41,20,10,44,21,95,46,14,0,43,14,85,74,99,77,29,25,43,19,14,26,27,16,43,31,77,0,75,9,72,67,9,1,27,10,52,5,76,7,60,16,74,57,12,55,72,24,52,44,70,26,17,35,73,89,11,10,2,47,91,34,19,18,46,9,33,23,13,97,10,97,5,68,63,27,12,59,97,23,53,0,80,86
37,10,56,41,13,26,26,93,64,27,8,55,60,77,41,8,72,49,33,89,55,91,99,66,40,90,29,82,36,46,77,93,35,19,27,92,7,57,73,78,56,88,78,8,59,69,54,87,2,71,13,34,91,36,64,69,57,39,59,9,31,20,99,97,79,59,96,36,38,100,28,39,76,81,49,19,84,32,62,92,98,32,71,7,95,33,91,66,69,36,79,99,67,3,29,17,76,96,18,3
32,50,84,96,9,10,51,73,9,27,92,47,81,14,100,95,44,78,58,4,25,62,90,74,87,90,100,15,47,32,22,99,44,98,82,53,46,88,100,63,77,59,81,75,57,94,75,87,79,0,57,88,21,55,4,79,71,79,58,50,26,71,24,91,62,60,79,36,96,60,42,97,89,25,62,93,11,40,61,9,71,100,60,21,25,93,38,88,56,69,100,66,26,93,4,5,54,70,97,69
10,77,87,53,73,100,51,69,84,63,7,84,51,92,43,70,78,34,99,100,61,39,89,11,59,79,29,11,39,96,27,71,55,1,77,38,7,56,100,67,78,21,69,38,1,69,62,21,79,91,42,32,1,30,79,56,75,17,53,77,43,73,60,16,95,27,41,66,14,75,94,78,71,71,18,67,51,58,46,70,12,10,35,7,11,26,78,58,27,27,32,4,2,34,83,95,16,12,6,79
15,84,80,55,97,37,87,93,5,31,71,89,90,88,75,45,15,43,4,89,18,13,24,12,55,93,19,57,66,55,6,85,27,1,36,31,51,64,2,83,67,23,87,51,16,86,43,50,37,28,3,83,5,91,87,78,5,92,84,33,5,6,76,37,54,4,55,68,46,88,56,33,68,80,16,86,88,91,66,1,48,66,38,8,12,14,62,37,98,47,60,24,30,62,53,50,84,92,90,93
69,18,3,17,42,8,37,57,9,23,53,23,14,44,54,22,47,13,66,80,65,91,71,49,42,79,82,54,75,6,94,6,21,65,65,89,27,62,77,57,38,12,83,12,91,47,33,0,9,84,96,72,66,13,76,90,23,74,50,5,54,78,91,88,99,82,28,96,90,60,79,40,81,88,40,76,29,53,22,52,99,11,61,13,82,70,95,41,5,100,44,25,64,99,76,4,29,13,21,44
27,70,33,79,63,30,49,54,26,81,2,44,94,10,26,29,94,49,25,17,37,68,99,58,86,74,26,62,47,4,85,22,42,92,88,89,92,6,32,21,61,39,6,68,59,88,52,41,96,42,48,44,9,10,65,31,31,21,6,42,82,46,99,22,84,88,30,27,61,93,99,2,21,69,88,57,36,1,95,19,60,53,91,82,63,25,1,54,92,24,26,41,17,83,93,35,96,47,48,23
35,66,86,23,92,53,29,49,9,52,8,46,73,73,80,69,70,59,41,87,69,88,50,84,36,52,0,79,13,51,28,8,52,67,80,88,39,13,20,33,66,34,23,71,91,44,40,9,59,98,43,84,4,14,15,43,98,75,45,21,12,9,60,69,80,18,84,55,76,39,89,63,75,18,32,85,45,31,57,39,45,93,74,46,37,6,91,59,42,91,71,38,88,70,8,84,65,31,20,98
59,56,68,50,56,55,79,16,30,66,55,96,100,11,22,40,72,14,40,52,48,53,81,85,45,88,15,95,12,42,66,13,55,67,57,17,58,84,69,70,99,45,84,18,67,80,87,16,95,31,8,91,88,60,39,90,98,17,70,31,0,84,92,80,44,86,4,68,94,10,48,86,75,72,99,57,58,28,89,91,74,84,26,8,52,12,3,68,63,21,1,63,89,52,74,73,63,7,4,76
12,85,20,15,86,9,39,99,35,30,68,85,51,37,90,89,8,75,90,64,39,91,4,35,42,98,2,61,16,58,51,33,20,65,73,20,76,6,82,89,92,54,56,94,92,23,34,34,1,40,45,5,7,41,15,11,5,21,96,81,11,30,23,76,59,80,90,54,95,48,36,84,11,5,30,7,99,48,36,97,57,7,33,41,5,7,1,41,94,71,75,89,10,42,98,61,25,87,46,93
5,88,16,83,95,48,52,33,27,49,68,74,92,24,30,29,57,54,80,94,6,37,87,3,62,79,18,95,88,96,67,12,89,19,0,58,58,75,7,73,71,27,70,84,86,29,46,20,36,49,51,44,82,4,55,99,36,69,94,26,49,69,76,69,95,31,30,38,97,62,17,27,87,70,35,99,45,6,72,63,72,23,57,19,60,65,56,81,69,9,58,2,95,27,65,59,40,35,49,68
99,3,13,9,7,10,8,78,74,54,86,60,40,43,12,93,13,24,89,6,75,35,55,22,49,11,56,52,75,49,82,9,98,38,15,60,95,79,79,70,85,37,54,91,17,20,80,55,16,36,85,32,28,46,59,72,65,76,51,67,94,91,72,26,43,68,22,19,70,27,59,35,77,57,35,41,53,49,72,32,18,21,39,2,32,7,42,31,63,83,71,35,10,57,16,88,41,64,15,15
97,68,77,64,1,60,37,13,61,45,71,62,97,1,52,48,18,17,92,78,12,58,55,95,26,65,67,10,9,46,46,87,77,95,77,55,47,96,86,25,5,99,61,73,46,52,66,73,95,40,44,100,22,17,15,46,68,73,81,0,69,10,81,36,48,98,99,68,54,76,62,47,70,63,45,38,64,54,93,55,80,29,35,2,54,2,70,78,29,52,18,68,36,87,100,1,9,57,47,91
65,83,100,29,64,12,54,81,90,57,94,83,97,43,36,62,30,9,22,25,0,76,5,48,83,26,73,18,4,76,84,100,88,3,42,63,5,98,97,49,11,15,8,34,6,45,36,44,20,60,20,89,71,65,72,100,94,17,9,67,96,11,83,58,36,85,29,68,82,56,23,47,91,78,67,77,65,56,74,100,82,7,66,31,47,45,2,86,29,61,87,34,45,81,82,0,16,15,76,46
75,53,36,73,12,56,60,1,16,12,8,50,41,5,90,96,82,27,11,31,41,32,15,77,65,73,75,28,97,24,70,92,48,45,33,68,0,34,68,36,72,61,53,13,52,17,81,83,50,13,14,72,93,19,5,98,71,36,66,3,32,55,55,23,79,42,87,73,69,64,38,71,21,74,13,30,34,78,37,79,35,59,23,83,22,45,56,79,16,65,56,38,86,72,100,81,74,38,49,89
100,72,92,84,58,15,12,63,72,47,77,44,6,13,60,61,0,51,50,3,26,17,68,29,95,49,35,35,66,70,62,84,94,35,98,12,40,75,30,11,80,13,12,76,26,6,17,18,58,73,14,32,11,38,20,55,2,76,59,39,14,62,47,51,97,61,19,17,23,4,61,40,88,77,3,60,80,58,28,29,21,98,13,50,39,93,26,62,6,23,43,43,7,97,10,22,78,34,49,61
31,9,11,77,46,70,68,83,99,69,83,17,4,59,15,72,41,12,85,31,90,73,35,11,50,47,0,48,57,9,80,15,99,28,70,24,33,75,29,64,40,45,82,14,55,1,99,60,69,12,40,64,92,50,32,93,25,36,19,57,11,72,12,38,3,19,41,24,12,27,11,13,59,98,67,21,32,94,23,6,85,44,98,31,52,90,60,27,46,43,81,36,76,71,77,20,44,95,13,97
95,42,31,93,32,30,77,45,2,24,54,12,86,11,11,97,93,77,77,2,82,98,12,9,73,25,65,78,100,26,31,34,27,70,64,73,63,38,75,7,22,51,28,86,34,85,12,35,10,13,55,14,87,40,29,78,88,32,47,43,76,78,11,75,15,50,20,96,69,2,90,50,45,14,14,30,1,54,88,81,89,77,85,39,69,1,26,68,3,95,27,58,22,51,34,45,64,31,7,99
7,45,79,74,75,2,7,15,33,84,21,37,80,70,1,30,42,62,69,50,69,65,24,21,64,21,24,45,3,35,5,64,43,77,62,39,20,44,43,98,86,32,12,72,42,93,64,19,95,32,16,62,78,65,44,8,86,43,65,51,56,22,62,90,83,35,37,48,93,90,67,53,7,9,82,17,34,97,34,81,32,52,8,82,45,47,65,8,23,81,56,32,76,69,58,2,20,8,59,72
67,81,76,5,13,77,90,18,88,41,63,45,79,73,60,81,80,88,22,11,46,79,62,31,85,9,98,42,7,76,34,1,66,37,68,73,29,90,63,23,20,96,59,78,46,55,26,25,98,60,55,59,61,7,64,19,24,59,41,95,40,5,76,41,97,29,14,92,92,4,100,61,38,90,60,90,22,81,0,31,33,33,32,9,80,71,10,54,38,79,74,35,32,6,30,19,100,77,48,54
80,93,29,50,32,48,71,63,74,24,9,49,79,25,2,32,27,56,53,61,1,46,88,91,37,7,89,55,54,67,31,54,0,9,73,100,76,25,57,41,4,11,22,92,96,59,16,89,95,38,37,43,22,0,65,67,26,26,49,71,88,45,33,33,34,56,92,97,31,76,77,60,86,61,95,24,90,39,81,63,69,34,33,23,99,89,62,88,28,87,2,1,37,25,81,5,60,11,46,59
43,42,8,68,10,39,91,64,70,82,57,5,46,28,92,41,67,14,42,96,81,42,34,9,15,79,5,84,20,0,18,14,76,40,40,10,29,51,44,65,47,53,65,90,6,81,27,70,42,26,45,94,45,89,28,39,99,62,99,97,30,74,61,4,53,66,76,10,90,82,54,89,5,96,94,48,10,0,33,74,67,28,56,35,0,80,22,16,98,47,92,17,64,63,23,78,56,41,80,6
4,99,80,52,32,14,91,6,47,37,25,4,89,96,13,38,15,29,61,69,21,18,19,98,25,31,19,51,96,34,47,74,15,2,67,12,22,67,77,32,5,82,54,21,30,55,73,10,62,65,10,88,88,73,73,74,18,74,61,87,6,35,90,25,74,68,41,87,8,10,18,71,74,44,11,69,62,43,98,82,73,91,100,47,10,40,81,36,3,80,60,0,19,89,22,63,90,56,5,38
96,90,52,64,15,82,10,0,59,25,14,17,76,68,88,3,33,14,0,56,66,6,87,97,3,85,21,12,41,96,27,100,83,82,48,37,60,60,99,16,52,93,5,94,8,27,13,3,87,71,90,23,85,3,78,39,67,81,32,10,57,63,8,17,25,12,34,5,95,46,1,7,94,23,81,11,71,36,68,78,2,100,30,70,47,16,34,53,96,39,84,98,75,78,93,41,33,79,76,79
64,29,58,25,66,6,85,53,25,6,73,71,77,86,73,45,26,72,50,46,11,99,91,44,40,90,23,5,35,51,1,48,84,3,4,34,49,94,21,95,7,57,14,6,38,68,16,12,78,35,18,50,69,20,41,77,14,2,37,48,25,46,98,31,79,99,5,39,40,72,58,90,89,66,40,33,30,63,53,78,91,45,70,8,56,78,18,98,58,63,46,47,78,96,65,94,89,18,57,49
25,13,63,55,61,92,1,95,23,82,17,99,89,88,65,31,69,73,80,71,52,17,86,12,96,35,7,41,14,29,51,20,99,47,0,86,88,65,48,37,65,35,62,78,7,69,59,42,30,59,76,12,67,6,66,22,94,71,76,5,44,23,75,0,54,67,28,19,66,86,34,77,6,94,1,60,95,34,75,4,22,28,21,48,93,53,89,66,89,88,58,16,94,37,100,11,23,37,29,3
75,46,22,99,51,10,33,0,65,58,38,45,31,30,9,25,83,12,35,11,3,4,65,79,35,34,70,96,66,47,24,68,89,75,11,1,7,30,63,47,16,32,7,24,48,9,8,5,52,16,69,21,50,89,18,77,24,61,93,58,80,30,45,77,86,82,25,57,87,10,92,79,20,44,30,24,77,26,64,6,52,51,55,86,25,31,67,42,53,52,34,59,80,55,2,9,19,20,95,46
10,4,28,85,67,21,86,19,94,47,80,72,92,10,32,66,9,59,95,43,79,55,32,14,43,6,57,84,51,64,33,92,70,48,59,23,48,2,71,27,67,60,15,27,34,64,18,33,100,41,91,53,67,41,74,63,57,49,64,72,65,33,78,86,76,20,53,21,62,84,55,59,65,86,52,62,9,16,75,60,58,63,87,74,11,91,55,40,97,57,87,65,5,98,86,52,95,24,79,74
13,95,57,13,12,87,76,85,52,52,96,78,6,10,97,4,52,95,78,45,64,22,74,49,40,44,86,31,23,16,23,19,73,69,36,33,38,99,10,74,14,43,77,60,88,96,81,41,67,11,36,35,1,50,84,71,32,52,32,6,90,32,82,62,79,59,16,36,46,99,20,99,30,56,22,100,66,99,69,38,44,29,85,10,78,51,54,95,40,54,77,8,81,88,74,89,14,30,35,81
23,41,2,33,34,94,20,66,55,95,59,6,77,74,24,9,33,71,44,92,53,83,74,49,27,24,34,84,32,88,95,59,82,74,37,51,72,85,29,17,11,91,47,35,87,83,51,47,26,80,7,51,63,13,35,78,30,10,2,49,45,40,27,97,34,56,88,24,44,9,0,8,71,44,61,48,17,39,78,49,18,31,20,38,21,41,16,68,56,70,90,27,95,83,46,59,33,37,47,96
15,81,13,74,13,45,10,78,0,98,51,12,17,64,72,41,60,25,69,81,66,84,50,68,8,4,19,84,55,1,89,41,52,23,52,60,81,38,72,14,52,38,85,1,93,64,79,89,74,57,100,15,60,85,70,3,93,68,35,47,26,85,12,31,33,71,76,47,68,23,77,56,85,58,34,80,28,83,8,0,54,13,25,10,98,28,27,10,95,48,60,11,90,64,37,66,7,42,15,5
8,38,80,61,25,94,59,37,18,7,16,38,34,2,2,26,96,64,88,47,64,40,33,54,70,33,5,81,39,58,61,2,75,28,48,48,65,56,41,27,25,65,14,24,16,62,40,16,78,71,86,88,73,75,95,89,8,98,81,82,75,22,24,71,1,78,93,16,35,91,66,91,73,95,3,14,81,83,53,86,28,18,24,55,15,68,78,58,80,59,44,44,9,94,11,95,2,45,45,87
93,88,65,79,30,86,97,65,44,48,64,90,0,91,7,24,24,33,98,75,42,43,52,57,29,19,33,63,16,3,14,96,73,26,20,2,72,45,24,14,14,45,22,8,45,24,92,89,90,59,39,86,18,51,62,5,23,11,50,58,2,13,42,19,14,89,83,51,75,83,41,14,72,42,4,5,56,86,93,29,72,64,95,8,95,51,80,54,53,8,23,68,35,68,96,27,63,29,67,58
22,15,92,44,97,59,83,35,99,15,81,98,92,11,52,50,54,25,34,26,55,91,47,21,72,9,11,91,87,66,20,79,78,15,27,12,77,44,38,8,9,50,86,83,48,74,41,49,25,66,86,93,14,68,86,7,54,72,53,60,96,39,54,27,27,5,42,24,42,10,99,58,43,80,78,44,73,92,60,52,15,23,55,80,11,74,84,82,56,81,25,95,0,37,46,58,38,34,79,4
35,79,73,79,86,44,29,88,100,37,14,31,80,16,89,51,26,80,8,1,14,48,63,39,18,24,86,32,89,25,60,31,9,27,51,87,49,72,91,93,91,75,51,44,91,11,61,4,10,76,21,25,57,67,66,58,36,42,89,9,17,58,90,67,71,0,100,26,49,9,81,27,47,74,20,56,84,43,31,56,46,87,46,33,29,33,68,29,47,94,89,81,98,88,90,73,34,93,78,91
22,46,70,21,97,10,3,25,93,87,74,70,28,41,91,10,70,10,73,85,96,26,97,62,91,6,9,62,89,16,45,21,31,79,81,84,60,60,88,29,66,38,60,42,85,41,92,91,3,74,8,64,62,92,45,95,56,5,32,70,26,88,48,5,100,73,59,71,58,80,92,39,17,43,81,42,49,97,75,61,82,12,54,77,83,55,96,16,70,3,9,44,3,61,21,50,79,21,85,7
20,76,23,58,58,36,22,84,13,28,51,89,19,73,11,25,42,51,73,95,11,36,38,91,76,23,88,35,67,92,91,41,69,97,42,22,2,16,44,55,54,80,48,94,92,92,100,68,64,18,21,24,11,95,27,85,72,47,33,65,48,56,50,50,45,6,49,10,88,61,15,98,47,84,77,80,69,24,66,2,69,31,68,27,92,67,97,75,39,17,25,4,30,87,75,55,93,89,38,38
31,15,91,8,94,53,9,48,43,29,70,9,81,99,82,9,74,73,85,24,11,40,64,97,74,74,64,37,2,32,26,56,98,76,61,10,87,32,24,73,100,45,83,51,15,2,65,54,32,67,96,29,100,87,41,3,17,81,37,11,53,68,79,63,96,1,73,59,55,5,12,88,26,72,61,2,95,94,39,86,97,14,46,39,88,99,62,63,50,92,60,76,25,34,39,50,18,18,10,36
90,69,99,36,52,2,52,85,60,15,17,100,88,84,29,7,9,54,44,98,94,55,62,13,7,43,39,77,65,6,91,75,42,5,12,35,8,31,88,10,25,30,45,7,76,29,16,69,56,47,81,96,26,54,11,85,95,78,55,57,28,71,2,31,93,28,3,77,89,15,7,20,79,89,92,76,10,42,85,52,64,12,29,88,20,90,56,32,72,15,68,84,29,45,29,63,20,89,50,14
97,8,88,44,5,13,37,58,43,21,5,47,66,89,65,88,85,90,87,27,3,81,14,70,35,43,21,35,42,75,97,5,89,18,0,59,100,11,28,95,67,73,14,77,4,23,29,77,20,54,79,2,75,70,47,43,17,40,63,31,2,87,38,71,93,31,63,88,40,1,45,7,53,81,31,6,100,99,29,51,21,56,19,3,74,92,15,65,83,60,77,28,80,78,30,29,62,31,85,81
24,33,71,7,3,10,49,60,63,26,75,45,96,45,52,1,99,34,37,56,69,63,8,79,31,96,78,59,64,18,81,57,76,80,51,85,34,63,95,19,19,71,33,1,51,77,24,45,100,66,26,72,10,93,63,57,4,65,21,79,1,62,43,90,16,47,76,72,6,6,38,53,48,40,3,4,47,39,41,46,79,87,6,59,93,57,6,19,55,61,55,14,5,22,18,2,7,4,91,64
49,46,54,28,8,7,21,39,57,95,29,69,24,8,0,64,52,59,41,31,59,7,66,63,68,72,87,64,8,52,15,44,90,56,19,34,27,13,66,2,39,69,58,55,17,46,65,3,54,97,55,91,70,38,13,8,93,9,91,55,99,91,30,92,2,78,73,64,90,90,10,73,71,24,51,84,31,1,41,83,98,38,93,49,4,13,45,58,35,83,9,10,33,63,89,58,87,1,15,9
29,56,94,79,67,97,63,78,36,15,52,82,30,69,6,82,81,75,41,90,33,51,47,2,28,95,12,74,41,46,67,73,68,79,32,91,94,77,35,40,56,3,99,66,10,38,34,87,74,70,85,47,9,11,1,62,14,56,73,20,44,81,0,18,18,21,98,57,34,44,57,89,13,63,39,57,75,80,85,57,91,74,32,34,24,34,43,65,95,56,67,49,89,56,14,56,70,72,58,5
86,37,76,31,76,92,3,9,46,5,27,83,64,53,48,13,93,63,98,61,47,67,96,21,44,10,97,53,11,95,64,38,11,68,90,91,8,18,35,72,81,8,61,79,19,2,85,7,22,22,62,10,98,85,81,5,10,3,24,48,71,15,85,54,88,36,53,16,64,12,73,77,24,76,1,50,22,88,24,69,38,30,82,22,84,57,47,24,11,5,2,35,64,41,79,75,22,66,32,28
47,31,99,66,22,88,65,41,8,0,2,10,87,13,90,51,81,34,57,17,19,82,71,92,43,62,94,10,31,71,9,13,58,23,9,25,41,97,100,37,2,65,38,82,87,5,67,54,23,8,86,45,95,48,40,36,63,16,24,79,21,71,27,65,83,4,21,51,47,66,44,71,87,65,79,67,51,89,86,31,49,20,36,82,19,76,32,30,65,70,79,65,87,73,73,74,80,78,32,10
68,45,60,31,22,73,20,50,62,98,39,100,35,35,81,22,90,1,71,7,68,84,5,48,61,96,10,34,76,54,36,98,17,71,3,67,97,73,96,69,54,72,20,42,22,88,73,63,4,54,21,15,73,39,82,72,76,57,78,4,77,25,63,8,92,46,27,29,74,74,43,67,62,46,89,68,77,14,23,29,27,38,47,72,13,41,100,92,20,43,28,27,20,59,56,68,17,41,12,14
38,21,19,9,90,56,59,3,76,94,97,5,82,45,92,57,93,35,25,26,30,46,83,16,65,77,46,86,43,56,25,22,18,96,53,12,62,15,72,35,92,49,92,79,65,9,41,16,61,8,16,34,30,49,95,94,5,65,77,81,78,82,45,49,34,26,24,60,91,5,74,88,20,1,75,70,78,44,85,57,51,44,28,94,40,95,18,36,11,3,40,53,10,55,12,4,67,91,57,89
57,31,78,99,36,55,67,91,66,92,35,54,85,40,69,19,67,65,55,80,38,30,80,94,18,5,4,71,0,27,86,46,70,14,58,25,0,50,81,65,24,54,48,83,36,67,43,19,82,40,8,43,51,94,19,2,73,26,5,47,59,94,13,67,22,28,33,12,36,34,97,22,98,73,76,94,58,54,19,99,3,57,28,33,44,92,22,83,3,56,41,57,59,31,78,14,34,37,83,85
20,49,64,95,77,28,31,55,60,45,16,14,60,37,85,44,31,29,71,51,79,25,99,90,91,10,25,70,45,64,93,41,76,4,5,46,45,6,40,20,30,9,14,57,36,42,54,92,20,67,43,16,11,46,95,30,2,15,7,32,64,58,62,61,69,98,11,39,25,14,100,2,49,24,43,88,92,8,18,14,94,23,27,23,66,91,59,25,42,93,40,84,32,68,96,64,11,66,92,58
47,84,9,38,3,4,52,57,19,90,0,14,88,80,51,83,42,29,9,38,22,5,12,32,46,24,31,45,32,25,36,64,34,79,43,99,13,17,27,32,77,89,34,16,9,89,73,95,61,78,17,53,82,75,79,83,85,26,11,98,23,12,24,62,67,46,19,61,87,44,34,13,90,90,78,88,40,76,67,99,90,64,35,15,25,79,26,95,52,53,4,22,97,24,47,84,29,66,6,32
57,13,75,28,35,86,97,60,37,0,65,100,100,13,40,80,57,100,2,49,98,58,7,41,82,34,34,37,68,84,82,30,52,54,40,27,40,69,98,70,85,80,39,19,13,67,51,27,18,47,48,94,86,35,25,13,52,41,39,29,42,99,70,44,89,49,37,33,45,88,98,14,90,1,40,94,24,60,71,13,38,64,27,5,7,7,39,87,32,95,12,99,24,89,67,68,87,38,87,74
89,35,45,72,14,100,53,93,72,41,0,96,96,5,32,54,76,9,77,5,44,18,87,56,6,30,30,66,12,49,24,53,70,38,68,43,58,39,76,66,8,58,66,86,11,3,24,7,1,78,53,25,51,22,85,44,38,45,96,50,54,11,80,41,3,75,56,49,20,18,66,69,10,63,82,51,25,21,94,78,53,26,31,35,6,75,97,70,66,69,5,16,1,87,77,58,19,1,12,43
35,12,24,32,19,69,36,12,70,81,83,29,96,37,52,92,89,49,79,11,26,61,73,75,66,32,77,58,84,54,5,53,62,26,48,25,59,31,96,70,35,41,51,9,79,74,44,26,9,98,65,43,54,60,49,62,33,83,11,94,94,91,52,9,62,71,68,4,96,11,41,52,20,58,21,82,58,33,97,37,76,77,29,38,56,54,87,31,46,85,69,97,76,58,98,83,23,98,9,1
83,71,34,40,74,25,13,6,95,79,99,5,79,90,51,87,61,85,76,45,57,60,100,55,73,59,72,8,80,23,32,85,16,28,41,42,89,76,24,5,57,23,7,21,73,74,15,35,92,74,72,14,76,42,64,98,68,18,85,27,61,82,21,87,76,41,38,21,53,97,33,9,41,35,35,99,83,33,30,88,67,53,65,92,81,78,26,15,75,3,70,32,81,74,90,99,59,71,30,95
92,96,57,93,45,45,5,13,50,40,57,96,24,16,83,57,75,33,42,40,34,57,73,96,21,72,47,67,33,15,14,72,75,53,66,89,90,95,83,82,63,80,76,7,70,30,83,29,48,96,53,81,38,40,66,91,29,49,86,86,13,40,95,56,59,70,50,97,7,91,100,99,63,100,61,30,97,84,80,37,68,7,52,30,89,15,5,85,23,77,32,79,30,70,94,68,94,85,64,91
92,73,64,55,23,34,92,47,34,97,12,54,33,70,78,82,44,89,33,52,43,43,21,28,60,85,81,27,11,65,43,30,37,73,58,7,82,1,29,53,82,12,82,83,0,62,21,68,40,17,24,42,74,48,48,88,42,100,60,37,39,12,29,77,58,16,30,47,41,89,100,0,52,58,55,30,85,49,32,89,34,10,69,62,73,91,82,56,38,100,24,48,95,90,11,49,75,47,78,73
55,89,96,8,47,52,60,8,12,72,17,48,81,18,20,39,8,25,86,74,97,13,97,83,55,44,100,65,57,83,97,32,35,18,8,74,49,74,0,40,36,72,43,74,28,13,45,22,73,18,100,58,53,42,77,35,69,56,49,45,54,29,63,28,26,25,98,98,38,67,16,75,87,12,27,7,100,37,90,17,83,71,1,98,69,67,35,2,73,68,35,62,56,21,43,13,0,37,62,7
24,70,3,35,90,55,28,41,20,15,53,18,55,69,6,53,20,31,46,2,87,87,92,93,65,77,52,94,24,30,68,34,77,26,29,78,48,35,77,32,11,44,29,90,51,16,21,27,65,29,91,61,66,34,81,84,59,14,85,69,65,19,58,48,9,34,50,28,57,14,65,22,31,10,2,89,70,38,86,29,77,7,65,51,3,41,5,28,63,3,82,100,10,91,58,80,94,44,100,64
2,84,48,12,52,52,14,27,68,37,59,83,43,67,10,59,66,70,3,31,28,95,95,10,85,92,52,91,60,91,24,18,21,69,10,49,38,78,56,87,44,34,86,72,53,70,82,89,56,51,3,94,51,61,37,95,23,71,25,71,81,38,22,91,63,95,1,91,12,84,4,50,98,79,71,61,87,75,34,55,11,48,70,53,43,12,45,42,44,50,16,28,90,71,41,10,28,42,100,53
7,52,61,29,69,52,62,16,55,48,50,28,96,31,96,13,4,41,40,67,42,46,59,93,50,65,99,32,41,75,5,20,89,56,19,79,25,99,46,64,5,67,38,92,41,33,74,67,74,29,37,64,84,23,91,30,10,4,18,96,7,3,76,5,19,32,63,100,84,32,48,31,53,17,51,28,100,2,70,20,74,21,30,13,22,69,6,17,97,85,59,90,84,50,92,68,22,28,93,91
32,49,52,14,6,47,63,88,84,67,62,55,78,45,76,100,51,3,92,81,11,48,44,3,46,62,68,60,67,91,61,22,14,51,69,70,5,28,7,52,94,59,30,85,59,92,87,8,60,31,42,77,10,4,46,52,11,77,86,43,48,25,32,65,60,42,29,93,50,11,62,23,7,22,60,31,59,91,93,43,8,82,73,99,27,17,61,17,84,74,10,2,87,34,77,19,89,46,92,56
73,48,53,13,77,98,88,64,70,24,80,21,91,5,43,40,58,6,6,69,21,9,83,9,86,89,57,82,3,37,45,91,6,12,57,77,13,7,3,76,49,91,89,41,21,33,54,19,54,16,37,38,56,82,55,34,23,77,51,3,26,17,51,93,81,44,39,49,19,31,74,20,66,20,42,68,20,22,13,4,20,99,13,60,62,76,33,60,90,65,78,47,62,1,60,3,2,17,16,53
22,10,86,25,10,18,31,34,50,17,64,72,90,21,8,98,16,100,93,40,61,100,40,97,45,62,46,68,23,55,39,12,99,49,97,41,14,42,97,72,72,43,79,37,56,34,81,19,78,48,94,13,19,87,35,95,31,18,58,35,88,18,59,96,10,4,23,92,84,46,59,66,94,12,56,8,11,30,36,87,13,99,43,78,76,49,2,58,47,0,1,99,14,1,25,73,42,83,18,5
21,59,62,59,40,67,86,25,99,79,3,60,72,95,4,19,71,78,36,42,46,66,59,96,56,33,39,80,33,34,32,35,64,21,38,31,20,28,46,12,18,81,53,50,7,29,27,29,36,99,9,11,78,39,18,32,42,88,2,19,95,72,95,78,49,2,67,46,88,88,100,45,70,54,28,5,59,10,2,19,55,50,27,96,21,45,23,21,62,27,86,48,76,42,58,18,92,85,12,81
59,41,41,20,44,49,84,23,40,40,76,65,64,1,13,71,68,71,29,13,61,17,46,23,13,37,27,93,61,24,97,99,69,77,55,14,79,98,21,55,92,74,58,31,72,72,43,29,49,99,26,37,25,51,49,50,37,2,75,68,77,0,17,63,84,54,69,98,42,33,100,16,56,8,96,42,58,3,25,35,93,66,60,17,27,34,4,19,21,72,60,68,33,5,53,12,36,9,4,86
19,67,72,86,30,31,44,61,38,15,91,89,35,54,91,79,43,31,52,2,66,69,32,39,67,12,1,30,91,96,88,3,89,1,49,79,24,73,2,87,84,58,10,86,49,92,25,56,30,42,77,98,44,3,18,93,10,14,29,87,81,17,78,72,49,53,32,98,6,58,88,34,18,2,42,89,43,84,81,14,82,85,60,96,33,70,14,80,55,66,61,35,57,8,58,93,88,82,54,30
86,83,25,38,34,23,87,9,17,11,29,95,57,36,45,83,91,90,60,86,52,87,94,37,91,48,79,41,77,67,64,5,51,78,12,46,37,96,92,82,45,33,83,57,35,72,93,49,6,89,41,19,88,78,76,53,40,65,80,72,14,46,59,80,77,48,81,96,95,11,80,19,41,2,89,71,42,14,8,69,5,83,70,40,53,16,55,69,87,29,29,65,99,58,9,57,84,25,68,86
21,44,93,66,96,65,16,24,0,95,97,5,37,77,41,37,41,40,39,20,68,80,38,34,83,8,62,87,12,38,51,31,50,81,89,47,46,53,69,83,37,70,37,88,15,3,14,31,67,59,12,89,53,56,91,66,44,99,32,51,47,66,31,3,79,44,64,77,72,42,7,48,41,3,0,23,37,44,44,60,92,14,76,5,27,78,77,88,63,56,37,63,82,35,95,46,87,100,62,18
56,39,19,22,69,17,56,33,0,19,96,32,99,46,94,61,17,98,83,52,4,94,94,40,74,51,48,41,49,9,95,100,42,24,84,43,48,50,94,16,4,98,29,31,37,13,29,5,12,92,32,75,82,80,51,61,51,65,37,72,36,57,67,7,50,89,93,23,95,0,89,59,12,42,99,62,71,82,6,2,31,92,39,82,72,43,53,36,83,8,84,73,92,70,11,75,36,7,14,15
46,69,69,14,88,84,10,86,46,50,17,14,10,36,92,42,84,33,71,9,82,47,23,85,50,30,45,77,99,5,99,94,76,63,4,90,94,28,12,76,98,8,15,37,41,2,22,81,36,56,20,11,32,66,85,98,4,14,34,91,29,8,38,50,21,31,82,77,22,67,59,31,90,78,82,63,66,73,42,40,65,27,16,1,91,47,59,79,59,68,38,27,27,24,87,92,14,7,80,60
43,77,80,22,94,85,94,16,87,51,96,80,30,60,50,10,65,98,45,20,26,6,51,45,28,5,9,6,18,93,52,33,30,11,40,100,49,95,97,82,20,67,98,7,35,41,7,51,34,50,50,39,54,35,34,0,11,90,31,53,15,37,28,12,59,61,76,93,48,25,79,34,1,50,58,60,83,30,74,11,98,44,68,71,51,67,57,52,56,76,86,38,97,52,91,41,0,40,61,99
30,74,48,13,7,17,26,87,17,58,18,72,13,49,76,84,58,72,60,35,33,98,84,44,35,19,27,86,95,25,26,5,6,55,34,58,0,46,36,4,100,35,22,48,16,58,59,19,1,17,90,9,37,88,14,75,55,50,90,47,47,23,62,37,65,96,71,15,8,65,7,30,32,93,33,16,66,56,62,12,22,24,78,52,30,46,90,36,36,34,67,66,12,46,50,48,24,92,18,66
98,49,38,68,38,64,5,88,44,27,77,63,16,88,56,39,58,44,98,12,63,97,77,51,14,73,32,72,17,40,22,45,11,8,91,91,42,12,92,11,11,7,91,57,86,96,9,44,26,43,75,36,93,20,89,85,87,29,98,58,47,49,11,32,35,70,84,49,81,87,18,56,40,8,6,59,44,68,21,26,85,84,63,62,36,3,20,2,62,74,32,16,46,71,25,97,9,22,97,78
6,39,70,41,0,45,0,55,49,91,2,36,13,75,63,51,60,23,37,55,23,3,51,14,25,74,71,76,56,99,34,38,20,40,36,4,61,60,44,56,35,74,39,24,65,48,82,71,59,55,31,31,76,65,94,56,90,88,64,98,96,98,70,6,76,86,92,42,82,95,64,11,27,62,15,35,28,100,96,76,99,13,44,0,16,11,34,49,37,62,72,16,2,44,73,26,62,88,64,63