66,89,42,66,62,99,95,69,64,7,10,73,79,84,61,68,68,56,99,8,64,72,49,24,34,5,81,36,80,66,100,30,54,30,42,98,17,8,21,99,91,84,80,41,72,58,62,34,5,50,65,15,93,97,86,51,56,53,95,73,88,80,42,51,72,64,91,93,67,56,48,92,88,73,25,49,32,34,0,63,14,36,49,67,99,38,25,3,53,38,3,90,49,44,43,24,34,13,75,94
69,69,45,2,87,99,31,11,94,10,49,51,44,77,52,55,10,95,58,68,28,1,78,5,30,1,81,60,43,48,71,100,1,67,83,33,25,74,52,0,90,65,45,48,23,68,65,87,10,13,59,20,37,94,61,63,96,57,67,5,12,56,59,85,66,98,82,26,39,69,31,45,15,81,81,10,69,65,22,49,39,83,66,36,40,88,99,80,8,51,91,39,40,53,98,51,83,46,56,68
24,97,7,85,14,4,86,23,41,64,6,44,88,36,23,37,68,31,46,86,38,52,90,22,20,20,57,9,8,76,18,74,89,1,89,7,93,87,18,57,49,63,82,60,57,50,97,64,94,59,45,48,96,77,67,77,2,35,87,0,33,30,6,24,16,71,2,32,100,21,39,51,52,87,99,58,54,56,22,83,84,60,77,23,32,30,97,31,7,20,63,8,79,30,96,84,75,63,69,46
76,12,68,54,0,54,73,75,81,74,95,32,96,54,94,62,90,88,25,80,76,70,61,17,46,87,85,85,48,65,100,26,57,54,8,72,72,79,92,41,76,3,39,61,75,5,83,30,100,15,12,36,9,85,17,84,44,2,3,16,91,36,45,77,16,5,4,14,8,66,73,48,32,3,24,20,100,68,89,56,68,77,93,14,100,94,56,71,50,17,35,2,50,44,59,47,3,35,76,66
70,75,41,55,70,74,35,76,93,67,100,11,33,63,52,42,87,21,28,97,52,13,2,20,96,37,30,38,62,17,40,11,23,28,97,14,6,43,2,83,41,32,3,92,54,9,51,2,16,42,49,58,18,15,48,31,16,0,10,60,52,0,36,47,39,79,99,84,84,31,70,62,38,61,53,34,100,33,25,13,84,47,72,4,93,51,17,63,56,9,10,3,58,45,17,74,79,58,78,77
47,59,94,67,55,87,51,67,46,11,48,1,2,49,34,32,11,31,30,42,5,19,27,83,57,60,67,21,22,50,77,64,53,51,4,30,48,74,36,44,69,38,35,12,38,82,29,87,76,83,3,74,68,47,16,85,71,6,51,38,96,27,73,32,54,17,64,30,96,87,23,92,6,3,90,84,71,43,74,79,59,39,11,10,1,50,14,50,80,44,63,12,6,17,47,52,1,0,28,13
39,24,30,85,70,34,37,39,1,6,78,79,54,75,79,76,25,86,60,23,35,40,28,89,1,93,72,84,72,50,36,87,30,59,36,21,98,2,95,41,46,51,55,4,7,0,52,99,63,36,75,77,78,37,16,83,13,19,100,69,26,77,48,50,70,7,87,62,53,86,95,65,18,36,33,11,32,96,40,15,93,39,73,32,67,45,10,5,64,78,58,61,62,43,39,56,42,5,8,69
5,69,83,26,33,12,75,62,51,63,69,8,34,17,74,36,65,0,11,35,5,69,79,28,84,47,35,47,97,41,3,42,42,56,17,80,87,77,97,55,100,96,69,13,82,10,28,65,90,65,78,55,3,90,39,72,7,48,86,93,65,40,64,55,15,13,55,91,75,53,40,89,0,20,50,42,81,37,8,36,52,89,86,2,49,9,57,3,80,29,5,81,55,54,75,33,0,80,100,80
84,61,5,44,92,57,57,76,58,64,78,56,76,26,60,79,6,47,58,38,72,51,63,84,41,73,51,88,78,96,28,48,97,54,33,22,69,83,77,12,94,97,20,23,40,35,19,3,65,58,16,44,2,90,3,30,57,3,33,71,76,14,23,53,17,15,67,73,66,7,31,57,67,43,76,62,16,11,4,51,2,54,58,49,85,100,1,69,10,85,13,81,77,31,93,94,11,77,34,52
41,30,84,37,44,68,19,11,95,84,11,89,73,19,88,66,18,51,60,46,55,71,32,10,75,38,35,16,88,19,78,49,58,0,3,16,44,18,57,53,7,55,15,77,47,44,60,42,91,25,74,14,1,38,51,1,74,57,61,21,34,74,34,88,54,98,80,7,14,63,0,34,58,29,47,76,55,94,44,99,51,94,96,71,64,69,85,82,20,3,31,93,32,0,97,96,20,1,8,91
39,58,61,3,18,64,73,88,76,56,20,86,16,9,28,51,2,37,79,97,34,57,59,67,70,85,61,45,98,13,87,13,27,87,31,48,41,98,4,37,48,81,82,4,75,35,75,19,86,90,21,15,48,88,5,1,3,89,90,19,84,84,98,68,25,94,5,26,28,96,10,62,42,85,27,43,45,53,4,61,75,4,7,19,2,18,17,22,80,88,63,50,40,12,54,50,39,11,64,10
66,5,75,56,79,21,60,18,71,53,29,16,59,6,72,9,66,67,44,28,31,54,72,64,94,12,59,92,25,38,66,76,62,70,83,41,7,34,98,0,82,7,72,49,82,4,100,10,52,36,22,64,12,32,0,19,48,19,2,1,33,69,3,33,38,70,78,57,0,26,25,69,85,98,41,89,8,30,74,28,48,42,52,32,92,16,73,27,45,53,31,12,40,28,92,63,52,15,24,41
63,64,66,48,14,33,2,47,10,41,39,80,93,95,49,65,78,86,52,53,88,62,3,71,18,73,12,92,3,18,60,69,87,93,19,7,16,19,36,76,67,72,55,17,82,88,16,35,47,9,8,45,19,54,80,17,41,87,83,8,65,73,20,34,56,5,36,46,45,17,62,66,9,32,13,19,61,10,32,51,41,7,61,96,30,3,42,11,85,60,43,34,59,45,95,31,60,17,94,28
73,14,10,32,88,41,96,89,75,73,51,19,7,18,48,26,69,61,92,66,72,64,55,48,46,68,75,60,74,100,19,28,40,69,56,91,32,32,93,19,18,72,47,27,100,47,100,21,86,76,84,20,67,18,30,43,24,1,19,30,61,8,22,12,13,83,76,49,45,75,78,84,47,87,7,98,97,55,54,20,88,84,60,73,33,12,19,13,25,41,51,38,99,65,17,78,65,37,55,44
33,40,78,1,20,20,33,91,30,53,42,68,91,13,85,3,23,25,65,15,67,10,82,59,4,52,62,77,84,62,53,70,22,50,98,85,7,56,20,34,8,49,84,60,41,22,58,81,28,63,48,42,7,62,43,69,74,43,35,48,9,67,85,90,96,3,25,53,29,100,31,12,48,1,10,38,66,72,19,83,76,79,3,77,1,10,64,44,77,59,81,54,98,26,63,34,75,21,47,37
29,5,94,1,5,91,81,39,57,87,84,85,25,64,37,77,65,43,45,6,72,67,47,56,36,41,3,43,14,67,84,17,17,95,50,54,72,7,93,47,25,6,9,48,45,17,3,71,62,69,9,45,4,62,49,70,81,70,74,63,98,84,44,39,97,92,77,26,45,78,7,98,5,13,39,80,25,58,80,86,57,36,92,39,33,13,10,74,62,50,1,83,4,71,46,9,75,58,70,55
40,31,10,96,5,84,4,7,57,27,70,74,94,20,97,46,72,38,0,88,58,35,88,42,71,71,73,86,11,51,70,59,95,14,91,79,64,6,83,15,3,59,58,11,90,63,68,12,92,34,43,100,91,69,72,66,9,6,29,31,6,59,60,7,55,46,52,73,77,85,97,99,53,40,99,62,49,98,100,24,9,34,98,90,40,53,46,46,22,72,26,38,20,26,82,70,23,66,74,19
31,36,38,66,53,20,79,96,92,9,87,86,46,23,64,81,74,82,71,39,87,20,63,59,77,47,56,55,86,77,3,75,91,60,52,97,60,96,39,33,30,74,23,37,32,77,85,73,63,46,35,48,40,67,89,48,35,29,67,77,61,87,11,82,36,89,72,52,64,86,48,92,0,22,77,87,54,23,17,85,52,86,99,33,66,54,94,14,1,84,18,43,73,94,5,53,16,43,12,0
69,51,61,53,60,41,69,26,52,65,19,78,66,80,66,80,73,54,22,11,94,81,64,12,95,77,75,86,67,25,45,57,56,38,20,33,64,23,3,88,15,31,60,51,79,3,4,56,36,43,30,4,20,36,52,91,32,29,52,50,13,24,46,85,80,0,96,35,26,10,75,41,3,35,28,19,2,47,64,69,50,18,84,70,16,46,57,26,93,19,40,87,23,21,39,35,42,58,79,38
66,79,47,86,29,45,18,100,87,66,78,68,2,27,38,33,62,68,31,50,58,92,14,92,3,68,52,67,83,50,62,85,19,74,82,14,15,49,34,68,2,54,5,54,92,12,48,100,5,18,27,50,35,99,69,76,97,79,97,69,65,61,62,46,1,54,40,96,97,33,67,1,38,8,63,23,10,14,64,58,4,33,2,77,21,92,51,13,96,28,37,49,77,66,92,64,57,56,7,0
54,14,58,91,26,75,60,46,18,99,30,48,85,99,75,10,96,48,77,50,53,3,76,7,7,36,27,62,93,36,30,67,10,48,31,10,91,77,19,39,11,13,58,16,72,47,73,39,56,10,57,23,95,59,15,77,75,60,24,57,89,13,49,50,64,69,96,99,53,64,96,62,43,8,47,37,36,78,43,87,35,76,88,43,81,54,58,26,21,72,57,13,80,38,59,41,59,25,64,74
23,99,11,14,87,70,98,23,73,47,50,64,28,96,61,18,0,99,16,88,89,74,85,94,81,32,5,78,5,42,95,69,56,48,75,89,71,98,4,99,5,11,48,37,17,63,41,18,26,81,48,68,92,61,99,42,50,74,61,95,98,66,67,18,9,12,88,20,94,65,72,28,44,30,100,49,11,50,31,5,12,91,24,28,84,64,60,91,90,19,53,72,50,33,75,99,33,89,26,73
3,6,16,45,82,8,19,44,10,76,82,87,65,27,49,95,94,89,23,20,93,54,91,66,36,62,98,96,61,61,1,97,43,66,3,98,4,0,78,52,61,97,68,64,24,90,44,44,67,65,47,29,91,52,33,86,34,90,55,85,28,32,23,85,18,84,64,6,84,70,68,47,33,58,83,73,45,6,35,69,97,88,76,69,20,76,3,84,80,91,81,6,14,20,93,43,7,72,72,37
47,9,23,60,34,31,80,76,74,93,65,34,53,83,25,97,72,54,93,74,74,57,56,46,83,70,26,89,41,31,15,26,43,19,85,14,79,34,62,64,43,47,67,14,31,73,63,57,30,0,90,6,100,53,57,72,74,16,84,22,55,52,99,57,3,46,44,91,91,39,30,34,74,5,85,27,95,68,7,81,44,0,95,53,56,74,38,57,22,46,3,70,14,18,20,65,13,30,46,80
62,27,75,34,28,9,89,39,96,3,29,5,63,35,88,92,44,63,66,44,34,51,94,1,87,46,18,74,70,74,88,33,95,100,43,54,53,99,11,79,2,44,99,41,54,83,17,80,32,70,46,85,89,16,68,42,34,38,78,16,100,72,4,58,2,7,90,35,58,61,62,45,90,18,27,56,64,78,69,21,43,26,0,91,19,52,16,60,12,92,55,65,5,60,0,66,57,33,89,82
96,34,98,51,85,18,24,7,72,78,28,78,6,26,63,91,67,52,28,31,80,29,61,70,62,57,84,60,72,92,12,50,92,80,50,53,89,19,74,42,39,62,17,83,87,75,100,24,7,86,58,51,9,58,84,63,63,39,42,93,52,70,63,23,72,93,87,74,37,38,77,39,13,60,1,45,24,4,1,57,34,3,87,68,32,28,70,64,85,60,83,42,77,23,16,42,81,74,22,77
80,95,4,30,62,20,63,28,23,49,41,14,74,99,49,40,71,9,6,88,51,23,40,10,40,28,34,74,89,74,76,84,99,51,36,100,1,40,4,68,76,15,9,3,88,26,48,32,52,78,14,24,43,89,14,49,96,97,42,64,53,35,32,42,30,51,25,99,16,82,76,15,28,65,94,59,99,50,92,89,89,89,95,17,77,68,1,98,89,68,25,78,72,86,65,63,14,89,61,48
4,55,47,93,81,26,71,13,27,91,44,7,35,87,48,78,31,54,37,39,67,38,34,80,26,10,77,2,100,28,100,0,2,33,7,20,31,2,62,52,89,90,18,95,5,17,38,64,48,15,58,39,83,73,46,73,88,79,19,91,9,77,13,23,2,19,33,95,50,71,18,81,76,12,16,92,42,48,71,46,54,39,33,41,76,56,80,27,4,59,93,96,0,14,66,63,55,75,36,79
41,89,1,34,64,81,72,98,84,50,75,66,17,13,33,6,72,92,12,56,9,85,48,24,13,59,40,100,65,6,6,29,76,57,36,5,98,2,5,88,4,18,29,87,65,85,69,72,90,21,49,28,40,2,18,4,63,8,31,38,37,55,14,15,12,48,59,14,60,69,94,73,99,97,11,88,25,19,34,8,58,68,71,47,22,36,63,33,26,69,20,39,85,23,34,64,10,98,21,65
11,33,52,88,95,12,84,40,42,98,1,2,21,45,92,71,100,28,90,24,60,42,55,75,10,65,32,62,86,77,14,16,44,54,6,3,37,66,98,57,74,56,60,2,82,97,99,75,3,47,39,38,81,9,96,64,64,92,58,17,18,42,48,86,76,0,45,19,5,18,45,46,31,7,45,8,62,16,40,95,55,51,2,60,7,60,93,74,48,15,48,61,62,66,57,66,91,6,66,25
58,29,7,79,12,22,84,98,75,5,68,25,33,71,64,58,66,90,69,93,10,38,4,70,1,18,35,57,89,52,58,58,47,40,61,98,19,58,99,13,39,44,27,85,12,39,91,12,43,64,74,73,89,60,48,16,0,58,13,69,67,3,3,26,37,17,86,98,70,25,8,68,13,62,8,18,43,57,18,77,21,100,93,19,75,49,0,16,17,20,69,12,95,72,51,49,36,68,35,4
55,98,65,27,18,84,77,40,68,68,25,39,14,4,97,63,16,63,43,13,64,26,94,93,32,30,82,37,27,96,54,55,31,72,72,62,52,81,7,24,86,51,48,85,15,44,37,4,55,41,67,71,75,93,21,74,8,11,31,18,93,63,59,11,80,78,93,4,79,10,54,83,0,24,81,48,31,73,54,15,56,16,60,42,29,74,94,39,99,24,19,38,47,48,48,62,67,100,85,97
87,85,37,25,44,19,90,58,63,67,9,70,15,57,8,34,59,74,3,98,1,82,96,16,10,34,65,50,1,3,25,27,35,32,12,44,49,34,43,74,21,82,61,82,24,18,78,9,22,7,28,44,30,39,0,38,50,60,71,68,34,75,92,9,19,95,45,35,84,73,3,62,43,90,85,20,22,84,29,10,63,40,38,82,88,81,28,52,98,53,82,56,5,46,40,22,79,79,55,96
66,30,50,13,6,62,68,40,34,20,72,25,33,6,41,66,10,60,32,93,71,63,77,52,0,93,53,1,85,34,66,38,48,15,98,73,65,83,35,55,51,44,95,35,80,22,68,62,100,38,78,46,94,98,41,52,89,1,90,16,40,12,57,3,51,32,68,83,49,90,6,30,81,100,12,14,82,60,60,7,66,10,23,28,34,80,100,77,65,11,64,6,92,67,71,78,50,71,86,38
98,84,58,53,96,2,87,33,50,27,79,39,48,17,41,66,31,4,4,100,21,87,25,43,21,98,86,19,32,28,61,16,20,59,84,4,38,81,88,18,95,51,58,86,68,100,66,30,61,46,78,94,86,28,39,27,10,64,44,23,77,12,47,63,12,27,90,65,98,9,38,88,58,80,89,22,55,53,29,34,97,98,5,19,28,46,89,30,30,0,6,74,94,78,60,6,19,78,45,19
38,17,63,47,84,95,52,71,42,63,61,9,38,48,56,59,71,77,75,36,22,7,61,93,61,65,17,30,82,34,29,22,96,55,76,87,39,27,73,7,16,57,27,71,21,78,16,38,61,30,48,94,95,46,60,59,65,21,3,95,36,25,13,77,83,56,26,63,71,15,51,48,68,76,54,43,35,17,44,27,24,84,30,26,38,93,82,21,40,30,20,32,17,24,8,34,24,62,62,58
100,64,70,64,69,71,75,86,9,42,34,74,7,8,59,30,36,14,14,0,23,68,76,94,18,26,25,26,76,68,60,17,36,6,81,97,42,45,65,5,42,80,79,20,15,3,20,26,94,63,50,82,27,24,80,1,100,75,10,9,67,54,78,70,98,98,47,17,95,19,99,43,94,30,35,6,10,97,50,26,86,37,13,32,30,100,22,77,98,72,80,77,28,24,13,30,27,86,8,88
39,81,83,3,53,83,43,32,81,77,79,18,80,55,95,83,7,66,30,3,7,69,15,59,36,88,46,87,22,49,14,69,75,94,17,82,74,1,29,49,30,42,37,36,15,97,45,79,12,42,11,100,36,85,27,40,36,22,71,55,15,10,37,5,62,79,84,74,35,91,2,56,73,94,36,49,76,79,39,13,60,97,67,89,10,61,7,7,87,48,60,4,65,0,58,77,60,12,51,93
29,44,64,50,79,9,88,14,83,76,76,83,48,48,100,83,97,31,8,60,8,59,92,77,78,87,82,2,25,83,89,7,33,66,57,24,19,38,16,68,53,47,10,83,93,91,96,23,34,17,8,6,24,71,3,96,62,69,81,55,77,2,57,41,28,92,93,19,66,88,20,86,87,8,67,69,88,76,75,82,3,43,44,14,95,71,76,36,74,44,58,3,46,90,10,7,69,1,88,78
76,71,2,37,20,94,6,50,49,47,86,51,4,12,43,63,40,87,35,41,74,81,97,48,52,14,32,94,98,35,20,30,84,58,81,43,98,58,31,87,77,11,29,26,51,21,86,69,56,6,75,16,69,30,41,18,4,83,70,78,90,17,61,67,17,81,85,31,71,12,23,54,4,94,80,79,88,45,49,75,44,30,96,6,26,12,83,75,67,78,92,65,29,35,75,8,41,64,11,59
76,7,69,39,84,11,32,23,85,63,21,97,61,84,56,38,46,37,74,86,81,68,97,100,54,48,13,15,39,98,6,68,40,12,50,92,9,1,9,91,22,23,0,30,10,11,35,26,56,24,60,58,12,20,75,60,52,99,34,12,69,50,30,25,60,52,19,32,51,11,2,16,58,52,18,35,54,77,74,47,64,56,37,96,46,47,86,20,94,46,33,17,84,81,3,62,100,22,47,85
43,5,1,94,15,98,52,89,7,81,82,33,81,90,45,69,30,48,3,28,50,85,34,8,71,76,90,74,18,44,67,97,61,86,31,62,50,58,60,25,14,94,60,46,22,52,3,91,31,4,9,4,19,33,31,32,31,91,3,19,62,3,87,92,28,30,15,45,25,13,12,40,9,46,61,45,59,0,86,94,91,5,51,61,63,72,7,45,8,85,31,91,75,32,94,58,59,71,86,62
19,20,58,66,58,95,50,31,93,24,30,29,54,64,90,92,14,68,79,73,59,97,16,68,39,82,39,59,44,72,49,95,0,15,55,34,86,78,91,98,30,27,34,18,69,8,19,40,96,72,19,85,66,17,72,24,99,3,41,39,12,57,9,28,86,74,97,86,61,0,81,45,18,9,84,28,29,21,88,84,7,75,87,9,42,13,69,37,88,2,98,21,49,60,44,93,54,9,42,21
77,24,32,10,38,61,64,1,59,22,20,56,15,71,33,10,47,41,63,94,39,78,80,3,39,20,4,25,53,17,0,13,73,82,95,78,38,40,41,63,51,68,90,13,49,35,14,7,98,56,90,68,17,98,10,22,82,37,18,79,32,8,37,85,31,61,18,94,34,0,23,87,34,42,92,94,91,35,66,14,50,17,76,100,76,43,36,95,90,44,54,57,11,67,22,20,2,5,35,5
62,88,71,18,45,15,28,46,87,59,46,71,21,84,83,60,66,76,86,81,41,41,29,95,35,84,99,26,56,21,45,82,28,97,92,55,65,8,42,62,82,53,70,86,66,38,23,58,90,87,2,52,74,81,48,55,45,20,51,34,93,63,39,65,61,52,9,27,14,30,6,99,76,36,54,96,97,75,23,22,27,61,35,20,59,25,14,69,34,98,67,71,54,52,93,68,39,16,32,81
88,66,35,13,45,97,80,76,38,13,35,84,47,17,50,78,52,9,70,73,41,13,78,38,61,87,51,65,50,94,38,39,0,91,19,3,92,59,71,76,92,72,65,4,28,1,56,62,63,34,30,55,96,21,96,52,59,35,79,31,92,29,63,72,80,80,3,45,53,74,83,70,52,77,31,1,64,34,57,77,19,59,43,49,72,18,100,31,32,58,95,77,94,57,49,42,23,35,6,23
31,3,44,71,9,13,62,13,95,11,94,4,61,13,57,76,100,12,35,9,22,10,64,73,33,26,14,84,19,41,7,50,92,14,24,82,47,19,100,9,20,14,33,53,5,99,65,50,51,33,91,99,54,23,46,86,45,15,45,99,27,73,1,89,47,74,58,29,99,26,48,44,50,95,0,63,20,70,12,34,72,86,90,87,31,72,94,81,36,25,24,18,28,50,91,79,49,13,48,88
33,63,97,42,10,73,64,14,19,59,45,24,51,28,19,11,59,6,47,66,30,31,65,1,17,5,82,85,77,94,2,1,78,65,90,57,35,50,16,38,80,18,86,36,67,66,58,6,32,57,51,65,59,74,31,79,75,36,37,19,71,10,65,95,37,79,0,40,96,96,90,92,13,83,32,53,17,2,57,98,75,82,83,97,14,5,26,22,18,73,80,27,79,6,86,43,28,39,65,72
52,4,57,62,100,89,19,9,92,23,61,38,88,52,99,72,73,61,18,61,95,87,89,74,37,35,99,14,46,72,90,33,13,31,69,39,40,10,60,1,33,28,96,53,89,2,65,37,81,2,68,37,97,99,44,7,55,77,87,45,50,68,2,89,79,77,35,74,27,61,87,4,60,15,59,70,83,50,72,82,37,56,70,70,0,37,20,33,85,53,7,71,55,6,94,68,100,19,0,59
69,29,80,28,97,79,58,12,59,55,49,57,6,27,46,1,5,59,36,93,32,77,0,33,88,41,92,15,60,93,51,57,10,38,82,77,33,80,0,39,99,10,36,19,63,42,9,23,10,4,70,62,31,30,54,81,28,3,90,20,79,84,30,43,77,2,83,60,19,65,70,44,30,1,2,78,75,7,71,12,33,10,87,20,93,86,84,19,80,34,33,39,92,80,86,20,66,71,53,16
9,26,66,53,51,76,33,12,73,75,17,56,44,62,50,44,25,28,67,41,70,29,57,86,8,62,70,32,56,94,43,2,30,25,77,89,76,40,48,69,83,54,6,37,97,36,66,37,14,49,75,38,25,77,60,92,67,13,28,78,61,35,25,83,24,63,77,64,83,41,36,94,85,15,28,77,80,58,69,35,96,56,9,9,30,61,36,42,6,42,78,8,34,51,87,1,13,24,54,56
19,36,45,90,76,49,42,4,4,38,19,22,73,45,63,71,90,46,24,60,56,44,9,92,0,14,8,36,15,78,2,9,81,24,11,77,91,96,93,93,14,59,57,62,46,95,53,74,90,88,50,41,26,100,90,29,98,0,97,23,8,56,45,47,54,6,31,60,25,12,69,47,91,73,79,8,8,61,50,75,46,84,5,35,44,68,2,81,100,25,57,60,45,100,5,85,46,22,37,16
52,34,23,26,90,13,26,24,12,1,52,81,34,17,73,42,46,36,12,53,78,55,57,49,0,78,1,15,68,79,64,93,89,97,45,55,96,42,13,5,25,63,83,0,36,44,9,63,76,35,24,22,15,92,46,36,44,59,75,53,65,44,67,67,58,13,98,38,68,46,85,62,59,21,92,35,24,83,66,76,10,95,62,89,16,93,65,37,9,71,55,51,23,99,18,60,87,88,98,21
35,5,30,74,19,0,70,3,21,25,84,53,87,39,46,64,38,61,32,69,59,61,82,2,71,59,73,15,49,31,91,59,85,32,23,57,81,59,1,80,79,7,8,85,8,65,33,23,50,19,18,18,63,56,12,98,41,40,98,91,20,48,32,100,9,10,71,1,66,32,71,15,80,23,72,18,46,37,42,23,66,82,87,69,8,31,97,100,14,66,7,43,88,7,89,53,65,17,89,86
12,24,45,7,39,13,24,63,70,17,70,87,55,57,36,83,8,18,30,35,17,22,23,79,92,86,49,14,72,34,1,70,19,97,41,48,13,42,50,87,34,56,2,93,5,40,92,2,52,60,75,96,45,47,52,88,68,76,71,84,59,5,30,85,27,11,33,77,63,79,98,13,1,24,69,40,97,95,17,69,68,39,99,48,71,98,90,10,3,67,8,13,6,4,71,37,39,75,60,48
82,81,7,60,63,1,78,62,89,80,82,72,3,10,65,8,77,94,37,1,23,40,95,62,51,62,98,16,90,3,45,41,91,68,33,9,69,69,22,63,96,93,37,47,7,19,38,75,13,80,22,68,52,43,40,71,55,21,78,24,86,81,16,32,49,80,8,87,96,79,13,51,7,96,23,55,15,2,42,34,76,68,5,16,13,38,66,3,51,79,56,100,26,21,60,95,68,7,22,36
48,24,89,33,77,100,17,85,68,30,59,36,42,86,26,37,66,98,88,17,8,42,15,28,23,35,30,69,78,74,23,76,20,48,95,41,26,0,89,86,52,14,5,75,24,81,36,25,72,13,61,81,50,62,12,61,32,19,42,3,26,27,92,68,13,100,75,92,71,45,44,14,37,73,65,7,92,4,40,86,6,74,69,35,34,51,42,20,79,75,18,35,9,29,96,37,55,8,61,61
31,91,61,87,91,69,58,83,0,52,2,74,61,79,89,80,21,33,0,73,13,10,28,39,16,45,10,22,48,91,93,28,47,98,14,39,78,85,26,45,84,13,16,82,83,97,54,33,0,45,12,15,10,69,10,68,30,97,56,77,58,65,0,24,27,19,47,51,31,8,18,3,87,80,70,98,54,17,26,94,39,69,77,49,96,6,33,75,68,95,94,91,15,2,35,11,44,96,88,68
33,2,45,100,16,3,8,99,13,84,26,37,47,98,21,62,39,18,100,35,88,4,92,54,8,60,78,31,13,96,100,22,15,24,58,41,82,0,41,81,36,21,41,65,29,53,46,50,87,79,88,41,8,3,63,39,84,47,65,38,89,48,95,61,92,74,69,61,34,49,54,4,86,67,95,46,82,51,6,89,70,53,90,57,11,71,37,14,22,22,7,15,22,43,30,28,44,19,74,9
63,82,85,81,70,66,52,69,53,54,72,39,63,43,50,56,70,98,56,1,10,42,0,97,33,28,71,68,76,13,37,31,35,21,21,87,56,94,32,51,62,40,60,88,75,77,47,53,39,23,0,85,57,70,59,99,61,31,91,72,27,1,91,64,44,49,79,44,57,30,34,35,8,52,33,18,78,77,27,100,81,0,14,39,55,15,62,24,35,98,8,63,97,85,41,96,80,34,42,57
29,21,80,57,50,46,69,53,57,52,0,68,87,36,86,2,62,24,19,29,73,57,96,51,12,26,40,75,29,54,84,54,5,67,9,33,70,96,81,14,1,21,81,58,93,31,47,97,11,2,67,15,61,22,9,73,48,46,82,46,2,52,44,66,10,73,87,99,56,26,51,61,35,75,25,78,33,67,2,46,55,80,55,61,55,6,28,31,37,83,49,21,32,18,70,75,5,19,23,88
8,99,70,58,61,55,38,58,30,27,11,53,90,69,89,98,65,30,68,41,25,4,89,41,93,35,74,50,30,30,60,89,88,22,64,16,41,17,95,60,5,87,98,75,60,27,53,96,75,48,44,66,82,90,18,69,77,43,83,87,29,1,29,33,91,50,77,9,61,47,7,86,40,29,65,100,45,29,24,92,49,57,81,94,46,49,50,87,49,49,16,16,13,21,45,91,75,92,45,66
41,28,64,77,56,9,3,64,58,20,38,99,43,90,18,20,11,6,35,3,6,73,3,11,36,68,45,95,32,85,98,75,73,83,75,10,71,67,62,82,29,97,95,18,78,2,100,0,3,19,19,61,24,16,51,88,17,31,87,73,9,51,27,52,30,65,2,65,91,91,75,35,24,55,32,87,76,76,86,72,3,50,65,64,69,74,79,53,98,94,77,69,73,82,88,49,82,30,11,97
19,92,69,2,96,99,19,44,33,82,34,20,52,85,82,65,93,66,39,82,82,34,64,62,3,11,22,33,95,26,14,29,81,87,5,20,49,12,4,36,73,97,24,61,15,26,99,12,16,81,45,40,42,39,4,98,85,26,59,38,27,91,73,47,78,15,5,16,35,94,73,39,42,78,14,33,70,0,87,25,96,43,54,21,53,76,16,99,41,64,68,79,45,57,92,93,74,5,97,84
67,68,7,89,60,21,43,74,56,12,46,61,94,61,64,4,57,56,46,59,65,90,96,41,14,51,31,12,82,87,19,46,88,80,63,29,99,67,81,78,53,84,15,18,7,77,47,34,88,18,97,7,14,7,95,79,19,95,100,40,57,9,77,82,15,54,87,39,1,82,79,68,86,23,61,67,28,49,70,50,87,70,74,97,53,65,53,92,53,51,91,24,55,47,24,35,61,72,87,21
57,18,21,12,32,98,7,46,1,13,74,46,95,2,84,37,33,75,76,25,58,91,91,62,71,36,14,79,65,42,13,87,25,49,82,70,3,92,77,11,78,89,98,70,30,85,3,54,48,30,80,68,35,28,51,2,90,44,35,67,7,35,79,80,6,95,8,64,34,8,73,94,53,35,18,38,68,65,53,28,17,89,95,46,54,98,47,79,49,71,13,86,86,64,66,82,2,86,14,60
65,8,61,28,28,45,85,20,44,64,51,54,23,19,15,51,51,90,24,6,98,38,7,31,6,34,59,26,39,94,17,28,41,54,31,54,21,65,88,69,97,8,83,93,41,52,86,42,51,78,75,97,4,42,28,61,3,59,77,41,80,61,80,15,31,52,22,79,36,76,46,19,16,92,34,74,30,21,31,96,91,11,8,56,19,47,19,32,70,23,85,1,46,50,83,71,73,75,66,62
38,3,74,78,81,71,40,79,5,100,57,76,18,28,65,6,92,96,47,32,97,66,22,54,84,80,17,34,30,1,52,6,72,3,56,2,59,10,83,41,60,82,90,25,82,74,68,19,21,22,28,94,23,11,43,69,46,79,22,80,40,1,68,23,49,88,56,95,26,91,26,63,95,61,62,89,1,78,89,34,19,77,44,49,40,5,46,74,74,14,33,72,84,84,89,72,76,28,65,62
75,51,99,74,63,71,73,8,55,69,98,73,59,71,90,30,36,28,48,40,79,61,25,46,48,87,46,41,80,20,59,40,51,15,37,41,73,48,16,21,33,100,21,26,53,90,24,51,79,36,62,5,8,92,79,78,65,2,44,21,62,16,68,87,86,88,21,79,94,85,66,78,80,88,24,11,60,14,92,92,33,54,0,28,97,95,100,5,24,38,51,42,30,79,80,85,65,72,21,59
76,2,71,14,35,60,94,60,80,37,76,12,72,90,83,63,40,56,89,64,85,54,100,2,92,45,88,34,5,13,27,79,68,46,59,59,76,52,63,91,1,85,73,93,55,99,19,98,69,28,99,5,36,95,1,54,32,37,32,33,81,60,68,57,13,53,26,86,0,80,13,8,59,94,49,53,62,18,86,6,47,48,3,27,74,39,36,43,83,25,46,6,58,71,28,93,24,10,83,76
33,53,13,94,37,42,55,42,49,69,87,56,21,84,55,27,70,42,90,99,41,41,33,12,90,13,70,88,62,96,28,91,47,60,18,5,3,85,79,86,55,89,75,83,10,90,77,72,76,76,35,15,50,71,79,14,56,84,93,69,57,55,100,35,98,84,6,81,24,24,85,31,75,34,87,66,90,20,46,7,9,60,38,70,8,65,15,70,50,100,93,31,22,34,85,62,20,53,22,89
6,70,81,56,18,8,89,65,21,63,55,33,80,23,99,31,42,67,38,92,45,12,30,6,27,12,42,53,60,86,97,23,70,1,98,87,82,39,48,85,83,63,57,82,30,100,96,58,1,70,3,7,77,24,19,60,33,15,64,80,18,47,89,83,0,83,16,26,82,48,84,3,69,31,87,11,31,37,69,17,21,40,13,70,92,76,10,6,12,17,39,95,84,69,92,76,32,15,53,83
66,58,1,29,43,62,85,71,56,85,85,26,19,80,42,78,51,56,0,53,80,20,57,73,96,63,30,94,83,58,19,61,48,4,49,36,53,70,87,67,27,1,7,15,97,67,83,1,1,10,51,79,24,12,74,42,49,89,75,16,24,20,94,50,64,63,95,78,63,35,79,64,39,79,87,98,54,47,77,45,84,23,5,25,39,35,37,80,96,88,54,6,48,66,6,15,71,31,33,95
33,10,33,55,64,64,85,63,62,46,62,98,45,92,60,47,35,9,23,75,48,19,48,21,64,52,92,99,86,42,41,16,1,22,80,39,40,12,89,95,97,94,23,35,97,76,57,29,76,31,30,8,2,12,81,51,86,7,67,94,28,4,95,40,17,36,91,42,20,85,70,56,96,100,99,32,59,57,21,34,89,0,85,9,57,73,27,51,38,37,29,84,18,7,73,49,16,52,33,16
5,93,17,39,3,28,9,80,61,25,82,7,76,62,8,70,4,24,3,74,67,96,36,61,72,30,72,2,47,93,89,1,87,94,67,78,62,72,40,46,77,55,80,97,28,74,74,28,61,62,92,86,100,67,91,39,44,89,17,60,82,62,9,9,25,96,60,85,60,96,17,74,33,35,3,0,87,81,47,70,44,65,72,14,79,21,75,25,46,97,82,10,38,97,87,89,37,10,61,79
76,87,96,58,71,29,33,12,97,92,39,0,4,66,94,84,98,80,98,89,95,10,49,39,94,93,14,26,13,30,7,94,19,23,92,82,77,98,95,13,41,72,32,35,20,48,93,96,25,13,29,46,68,89,99,59,79,63,14,42,34,11,7,19,43,11,65,80,10,94,80,82,40,92,76,52,14,68,18,96,63,56,57,46,9,1,91,14,54,21,39,41,83,94,32,6,6,41,75,43
10,46,60,30,20,5,85,44,99,99,84,34,100,66,91,42,64,70,19,29,46,24,81,59,16,40,74,80,30,15,48,21,66,9,60,62,25,32,14,98,54,67,1,16,19,53,77,57,88,35,86,88,20,95,96,7,54,99,28,89,79,71,86,24,59,11,5,2,32,53,91,91,49,82,10,33,63,12,33,82,73,66,45,20,60,24,5,75,18,78,98,74,40,66,23,64,31,48,93,20
50,64,33,82,19,94,0,93,38,38,1,76,56,16,11,90,7,71,2,9,64,64,48,58,55,47,75,50,17,5,66,9,98,91,95,46,14,51,64,74,57,27,22,84,55,78,73,29,94,37,0,25,71,1,52,3,1,94,40,41,33,10,64,83,10,2,71,66,96,1,35,18,92,91,49,48,82,28,1,89,55,20,9,77,44,92,80,75,62,12,43,79,83,7,83,69,75,19,23,80
71,82,44,71,40,94,3,66,10,64,40,94,5,16,0,23,28,71,24,1,89,50,84,0,18,5,95,38,45,31,68,51,71,71,8,38,85,71,2,77,71,91,59,9,47,28,5,71,69,75,44,100,26,58,45,79,34,19,64,19,28,44,75,56,47,77,66,81,62,52,5,78,73,10,47,23,72,11,81,9,9,26,63,33,71,64,71,37,42,66,0,36,30,48,2,48,57,25,81,23
62,97,13,11,58,20,46,66,72,95,67,64,86,65,44,47,10,93,15,24,76,93,54,44,94,31,67,67,27,71,44,15,53,63,66,32,95,48,15,36,75,1,35,99,40,16,55,27,29,0,78,59,40,55,59,82,39,91,52,3,86,85,58,64,77,69,54,80,59,46,78,57,21,68,67,11,90,81,3,28,24,21,88,44,97,8,12,76,38,76,93,6,91,22,73,34,4,40,2,29
93,24,96,90,3,19,5,30,46,99,93,82,25,73,94,34,90,7,2,12,63,39,34,57,28,2,37,51,21,69,0,53,88,39,39,11,23,73,41,56,72,98,66,50,45,45,28,33,43,13,23,16,93,44,87,46,53,0,84,14,17,67,45,70,0,1,82,53,34,42,87,35,60,16,45,47,90,99,92,72,12,53,74,37,47,54,24,83,54,86,87,99,97,82,90,76,76,81,5,64
30,2,85,36,32,69,36,21,66,96,11,21,32,2,3,2,38,61,15,37,51,86,40,80,99,96,26,44,36,73,55,88,24,30,78,2,68,82,35,29,34,69,61,38,25,29,35,64,72,55,9,66,77,66,30,88,73,96,2,92,85,55,57,0,90,27,1,86,16,41,65,70,24,62,72,23,0,9,42,78,91,76,39,19,93,67,23,22,15,19,32,9,47,11,16,84,2,31,54,19
9,28,5,1,85,84,44,58,84,66,93,64,52,6,86,19,4,99,46,97,16,89,43,27,25,0,50,58,62,77,41,1,8,55,18,40,67,91,70,14,75,48,93,40,53,69,11,43,26,83,21,96,56,33,88,74,14,83,51,6,48,41,30,31,13,91,1,54,99,97,46,15,74,84,55,66,77,98,64,96,9,39,95,100,17,11,92,49,6,1,9,76,34,51,21,84,89,13,89,3
44,42,26,91,99,7,53,79,33,71,50,47,23,88,95,99,57,62,72,78,16,40,51,38,53,33,80,66,97,19,65,79,99,88,36,58,11,84,91,91,89,53,71,56,16,40,44,41,21,86,19,43,93,82,83,88,75,83,5,35,4,87,84,94,23,26,44,89,14,43,99,9,43,83,93,37,35,82,39,27,45,1,95,10,0,55,37,37,50,34,53,22,16,62,17,15,85,91,40,53
30,56,20,43,43,41,83,64,53,97,96,25,92,16,92,46,8,100,36,34,83,29,84,17,15,1,4,41,57,78,78,28,33,92,25,46,14,79,23,4,54,63,76,40,83,56,62,51,98,20,45,45,84,17,22,95,23,61,49,25,15,33,22,60,58,81,8,65,23,13,88,93,36,17,19,43,30,17,47,22,88,29,5,1,72,86,37,12,6,21,29,18,80,81,24,1,27,86,44,6
50,98,58,4,90,49,58,63,25,56,75,25,4,87,2,85,92,48,67,34,24,99,65,68,7,17,61,30,75,78,97,75,40,31,28,61,81,23,73,91,79,58,99,33,89,85,0,29,82,27,76,87,30,45,99,91,10,94,9,16,83,13,83,0,65,38,57,70,31,12,32,100,0,41,82,1,84,15,20,27,89,94,97,70,63,92,97,63,92,77,5,86,18,18,3,14,3,29,63,59
2,56,83,89,17,99,44,81,35,33,74,6,41,91,53,61,59,32,89,17,37,57,33,9,8,49,89,66,71,32,76,62,98,39,22,9,58,31,17,86,8,5,92,3,30,69,17,50,19,45,83,71,4,25,62,32,2,49,1,64,84,54,30,67,24,49,1,61,16,95,4,45,89,4,63,86,99,27,54,81,50,45,94,37,33,19,76,91,94,30,46,89,54,51,53,18,43,18,54,18
12,99,46,53,4,19,24,45,74,17,87,40,6,7,86,53,28,80,85,42,22,66,58,63,79,72,40,27,95,98,55,7,35,82,65,22,31,66,80,8,22,42,36,91,70,48,52,62,14,82,66,100,45,11,83,95,1,48,39,28,65,15,18,39,37,87,24,28,64,52,55,60,73,30,93,99,23,64,30,30,61,70,2,75,37,61,68,68,77,54,81,23,94,4,44,64,60,51,10,8
39,21,60,68,15,79,47,82,79,65,13,65,61,50,94,22,81,53,90,26,89,94,89,53,94,1,11,7,87,52,68,43,39,63,65,67,38,86,55,48,88,28,97,87,99,79,93,56,2,49,98,33,73,52,78,96,54,64,22,2,13,18,72,43,39,34,38,2,97,62,26,36,58,60,18,37,39,15,52,100,92,26,58,81,17,59,25,36,69,9,9,6,3,71,7,93,59,46,6,1
95,47,59,9,81,22,18,98,65,64,64,11,56,36,12,96,69,91,3,25,46,49,50,43,40,60,77,35,14,96,23,67,33,94,15,33,77,91,37,93,26,97,99,7,39,69,61,58,45,5,97,85,35,71,25,88,72,50,38,70,8,9,92,45,78,94,86,5,19,55,19,92,29,39,71,45,83,83,70,6,85,54,11,44,84,40,57,82,96,37,97,48,33,14,86,60,65,17,17,36
63,19,94,17,61,39,79,56,67,37,36,87,93,36,78,3,7,15,26,90,53,88,35,87,31,17,1,46,61,47,53,95,22,58,13,67,62,40,12,94,31,43,75,65,35,86,97,72,84,3,45,28,65,30,31,100,32,33,21,3,54,18,77,79,2,41,78,29,11,35,91,18,100,5,11,70,56,90,81,59,73,7,18,95,33,21,44,95,53,52,97,93,41,14,95,69,23,46,29,27
72,69,37,23,65,37,1,29,44,60,36,15,34,25,32,64,61,1,55,96,28,4,97,14,32,23,3,3,100,87,65,70,94,99,40,49,7,24,8,60,89,17,63,32,39,5,23,44,41,80,55,58,80,12,50,1,73,7,44,12,88,0,48,36,92,39,0,85,39,11,72,19,79,66,55,50,0,40,1,40,72,83,83,19,30,40,94,1,90,34,26,4,84,73,91,88,17,50,20,62
15,93,8,40,11,97,56,93,61,75,51,89,69,20,68,69,47,1,53,44,92,28,84,35,6,49,78,53,45,87,48,27,81,33,55,24,100,71,15,39,21,61,31,48,70,21,31,27,61,75,9,85,79,72,59,40,14,48,95,28,75,100,2,79,32,27,38,18,79,58,38,46,33,70,90,11,1,17,84,32,4,11,8,89,29,48,30,64,93,1,24,49,60,0,51,34,16,35,45,85
36,35,22,45,47,99,14,67,64,48,62,20,67,79,50,28,52,11,68,56,68,40,92,9,3,38,65,53,21,26,76,72,20,64,61,43,2,8,48,97,61,22,73,59,70,75,69,14,56,96,90,74,8,80,30,4,2,80,77,35,20,92,47,67,15,91,43,49,46,3,22,13,41,35,6,52,55,88,87,2,94,48,32,56,75,45,56,59,95,96,43,72,5,51,23,11,82,5,76,36
54,27,72,14,93,85,59,99,34,28,8,5,83,97,48,29,64,79,10,71,68,72,93,4,39,74,8,63,32,25,79,16,88,19,70,41,33,37,3,76,46,43,23,42,20,29,28,89,97,4,83,96,33,70,59,97,52,45,41,26,40,33,89,85,57,99,71,44,26,15,17,42,46,72,35,89,25,60,16,82,20,75,68,49,62,14,39,57,94,95,12,79,41,88,34,30,26,44,84,74
62,10,18,100,14,17,68,48,27,68,20,2,26,2,72,25,99,37,2,65,14,87,76,60,99,58,27,65,46,6,14,82,32,91,51,91,73,7,6,24,88,45,23,43,55,6,3,86,97,78,69,71,60,0,1,79,98,43,83,77,63,33,85,85,23,27,100,15,45,35,79,72,4,91,67,10,31,69,25,67,14,4,46,43,26,39,27,76,18,43,7,45,13,18,89,63,37,69,59,98
55,3,11,48,92,40,37,49,22,36,14,96,40,66,74,69,84,30,71,25,15,89,85,63,71,94,89,55,2,95,56,53,6,19,36,8,44,59,52,9,89,38,59,39,79,70,9,57,32,70,18,94,77,0,49,74,22,21,56,33,75,10,42,88,4,92,79,7,84,67,31,34,3,49,43,85,70,20,0,0,65,76,72,17,61,0,89,6,25,58,1,85,36,70,47,60,74,4,89,7
73,73,1,30,32,3,44,75,80,93,2,79,47,95,82,81,75,92,54,32,24,39,54,95,52,91,9,63,40,52,66,100,98,72,87,38,81,60,49,57,80,63,81,99,72,47,80,36,62,15,5,69,82,50,68,13,63,38,40,50,69,51,11,76,96,82,64,42,74,38,29,80,29,14,81,45,98,74,31,95,10,11,19,72,11,90,85,34,79,40,6,94,32,19,31,2,16,59,44,43
54,34,26,59,39,0,93,31,57,59,69,13,100,77,41,17,95,63,1,45,55,97,99,8,3,80,5,86,52,41,8,18,39,76,19,27,66,84,77,17,62,47,54,38,87,7,4,29,100,56,70,9,7,25,84,45,27,91,49,25,35,68,50,23,86,8,35,26,90,69,87,20,65,11,16,99,72,5,63,69,8,49,71,33,14,23,30,64,39,20,13,94,5,10,100,29,77,13,90,46
43,28,5,36,51,45,2,88,77,20,10,82,48,41,35,42,83,56,37,31,36,79,60,38,95,34,98,59,38,9,49,28,91,82,2,85,61,76,20,18,30,58,11,51,31,8,6,12,26,32,57,24,63,9,49,62,55,76,50,71,4,37,4,1,42,35,28,59,10,44,90,2,72,58,6,49,23,10,20,46,7,78,25,92,1,90,29,79,98,85,63,28,58,60,7,57,64,44,68,4