15,81,75,15,46,27,22,2,59,12,44,94,91,86,65,45,32,6,41,4,16,15,27,37,69,83,15,76,97,57,19,44,79,82,23,12,40,20,22,21,64,99,57,13,9,58,75,54,44,1,71,99,85,68,29,23,91,35,68,16,89,84,34,90,26,84,7,6,85,53,71,13,50,75,72,4,39,7,35,68,56,46,10,4,84,95,92,65,15,4,5,36,30,64,8,42,41,95,35,83
11,92,85,0,59,94,59,90,1,100,77,41,84,68,92,49,26,75,75,16,36,15,90,58,65,81,50,14,22,9,16,91,57,30,19,13,68,32,16,54,28,41,7,37,64,3,32,13,87,78,84,44,42,69,100,35,19,88,90,24,5,68,17,91,70,91,71,18,54,45,56,5,37,14,97,90,92,82,64,15,35,4,87,38,18,20,96,76,26,1,1,26,81,21,74,67,77,89,76,22
76,87,5,35,0,10,43,74,63,77,9,70,29,90,50,7,90,60,56,26,87,84,42,8,94,49,28,86,42,16,12,53,6,73,65,44,52,82,44,50,50,34,42,82,36,100,65,60,54,62,26,28,1,45,43,97,70,15,40,44,9,49,26,61,19,54,4,27,43,92,13,25,95,75,42,35,37,63,31,100,100,0,2,65,2,86,71,3,26,35,30,37,71,79,37,91,89,15,56,26
56,73,82,61,80,99,40,15,14,79,21,13,3,19,85,62,13,62,96,81,57,3,63,66,100,95,88,74,24,25,0,42,35,42,89,22,14,15,89,84,11,17,84,34,21,89,78,92,56,87,92,59,10,34,92,88,16,62,52,3,15,63,31,81,40,0,13,70,44,35,2,85,13,48,58,8,91,75,44,15,51,8,91,5,27,1,67,35,42,43,29,85,4,18,11,87,72,28,36,94
19,36,55,5,90,0,14,23,80,32,32,41,23,38,59,0,14,97,7,85,54,47,10,45,83,68,25,20,53,31,33,53,86,21,19,90,77,59,2,29,67,30,80,54,54,53,5,95,27,13,87,83,6,100,87,68,88,16,85,60,47,46,7,22,69,58,86,8,11,77,51,8,55,15,1,16,11,23,26,36,61,47,62,3,88,55,63,54,9,23,78,15,78,22,65,87,72,85,1,93
8,21,2,50,32,41,13,20,62,95,20,5,92,20,23,4,95,15,85,40,87,72,55,69,25,19,73,65,54,21,84,74,88,10,33,2,59,40,80,54,45,15,90,32,14,49,2,95,28,73,3,64,20,42,79,66,59,76,77,84,80,68,73,82,80,29,27,6,11,100,99,67,64,99,38,82,90,93,59,62,26,66,14,43,53,79,16,60,52,95,7,39,90,15,25,67,46,22,97,78
8,66,47,26,84,32,95,38,70,77,86,10,86,61,7,71,47,75,10,67,36,50,46,90,31,4,44,98,94,52,98,26,64,41,28,75,96,56,10,41,26,51,46,77,66,96,8,52,61,22,48,28,58,14,40,43,49,93,34,86,44,94,0,58,97,73,0,34,53,22,80,80,26,33,98,10,84,39,18,66,51,15,92,63,71,94,91,83,61,89,11,86,2,99,77,17,48,67,66,59
74,25,29,63,78,23,92,51,54,51,19,29,63,15,7,8,93,29,66,13,85,33,36,74,88,28,49,76,100,29,94,29,34,11,73,85,60,55,9,16,4,93,18,88,60,63,3,100,3,17,15,1,13,5,92,56,41,71,94,58,8,81,27,90,12,44,8,38,46,84,1,15,56,78,18,65,88,47,7,62,76,60,92,11,50,26,18,52,80,85,99,72,22,10,64,0,12,73,16,46
72,68,18,0,48,73,32,32,74,62,24,76,43,21,6,49,90,66,90,29,40,77,33,53,27,12,43,63,89,60,58,65,8,40,69,80,98,53,38,23,21,58,57,88,59,53,97,33,32,24,63,73,56,89,35,25,52,48,44,19,81,15,89,54,45,77,18,42,12,92,43,17,10,52,55,76,10,82,87,86,87,74,24,22,81,30,51,14,42,71,80,17,92,94,60,28,79,43,89,65
67,57,8,35,16,73,13,96,54,52,57,73,26,46,21,15,18,69,54,0,83,74,82,14,3,1,39,86,61,100,50,64,9,85,56,78,65,8,51,69,93,42,55,91,30,75,41,16,55,84,80,19,66,28,18,55,66,59,17,70,4,22,45,23,42,95,86,44,16,67,84,65,64,50,72,60,41,56,27,78,22,71,56,75,11,84,78,14,38,44,35,77,0,51,70,59,100,92,52,55
28,57,71,31,51,35,73,75,2,79,66,29,72,25,86,74,13,59,18,9,79,96,55,2,81,0,100,7,79,34,62,68,83,15,97,46,25,98,49,13,95,78,44,67,28,22,18,46,67,39,45,60,78,60,47,92,34,0,41,79,22,91,54,19,97,43,62,17,52,62,60,71,27,2,70,9,19,22,78,63,53,84,48,60,3,39,80,80,46,98,32,16,81,87,7,87,6,22,80,18
90,40,75,69,50,83,95,13,69,13,23,78,40,8,2,94,91,70,27,10,71,49,42,40,70,66,92,5,13,55,92,62,19,61,64,68,32,31,29,88,99,82,43,51,47,87,66,72,13,27,3,57,9,31,2,10,67,34,100,14,90,82,54,5,58,12,85,35,25,68,20,91,83,99,15,64,28,69,93,33,99,72,6,79,95,40,13,69,94,25,18,23,6,94,43,87,28,26,88,90
88,53,43,60,5,57,69,91,25,46,90,73,1,64,69,50,25,6,26,6,92,55,37,52,86,67,91,6,44,63,25,74,88,30,2,88,89,29,7,24,4,84,35,18,29,63,24,56,84,0,50,52,96,39,37,78,43,74,29,25,60,77,22,71,0,98,53,29,67,21,29,4,80,7,22,98,57,48,43,91,18,88,80,21,6,83,84,41,88,45,42,7,34,0,47,79,8,96,76,39
73,55,85,17,93,50,100,81,16,24,29,64,27,57,12,12,76,4,71,0,22,64,36,64,17,48,33,100,96,18,87,65,87,36,42,12,54,94,95,46,92,37,61,52,78,3,33,45,58,70,9,39,53,43,88,93,28,80,77,26,84,63,54,15,16,70,9,96,29,60,63,30,30,4,82,90,51,85,49,77,85,76,98,100,32,95,24,0,78,98,43,5,87,31,51,30,0,18,51,12
29,25,53,70,15,94,25,82,82,70,47,84,32,78,68,42,41,48,95,72,59,86,67,84,12,40,52,97,36,68,49,9,11,92,68,35,65,52,88,21,82,13,13,64,44,83,92,25,47,44,12,73,8,21,0,11,14,85,20,18,12,97,73,8,94,89,99,45,5,72,0,69,26,99,1,40,90,71,74,53,29,38,62,72,36,51,92,73,21,28,85,92,41,21,95,21,99,50,95,80
70,91,50,90,65,10,91,43,15,88,52,57,64,43,55,63,4,67,88,40,85,12,95,34,46,96,7,46,69,22,26,47,76,51,17,23,7,79,44,77,71,33,70,89,37,54,59,93,5,68,40,65,82,49,38,68,98,83,84,74,51,22,3,100,48,15,44,69,68,43,17,6,88,37,13,67,23,67,67,98,25,39,99,40,4,68,56,59,46,37,3,82,14,64,27,77,91,30,37,42
50,13,27,76,76,10,10,100,0,3,4,46,72,88,95,25,96,44,89,87,46,34,59,80,97,76,75,82,5,98,43,48,91,32,54,81,89,18,89,20,47,79,52,95,16,51,60,59,16,84,51,69,98,64,41,16,45,8,74,43,17,46,72,96,92,24,50,85,29,40,8,38,18,21,80,35,41,50,90,21,14,43,40,38,14,12,23,23,90,83,9,94,58,33,32,60,41,28,99,44
70,65,92,1,99,15,30,28,86,62,46,75,11,82,51,38,100,80,12,24,59,81,44,78,50,94,88,82,45,15,64,30,44,61,70,48,9,22,73,81,40,67,26,0,100,95,62,97,99,4,49,77,18,97,83,62,94,82,28,100,32,84,71,54,93,2,21,82,85,62,33,71,45,90,58,6,94,16,37,70,27,74,67,3,4,91,58,13,91,98,58,99,42,52,65,29,27,35,99,14
24,73,46,94,97,88,74,35,30,3,60,36,59,43,10,1,11,3,35,22,89,77,54,32,21,77,55,1,22,53,88,2,19,30,43,63,0,62,24,41,25,98,35,2,48,51,62,42,92,38,92,88,43,66,66,5,46,26,58,4,75,5,51,31,97,11,36,24,5,91,82,74,37,80,23,92,86,88,42,38,38,76,55,33,70,29,71,16,8,63,22,56,45,71,57,33,42,4,91,90
94,40,18,89,10,90,88,46,65,51,65,64,21,64,74,9,97,96,81,97,29,83,35,72,9,11,50,2,89,9,96,50,23,89,66,31,61,13,4,45,94,62,38,20,14,80,16,79,5,77,96,61,52,49,78,83,29,36,31,44,80,100,34,72,57,1,32,60,100,42,80,2,82,3,30,7,97,15,41,67,52,67,37,41,33,77,43,45,83,88,53,71,91,42,13,19,33,71,26,74
15,48,88,12,3,93,41,42,60,36,12,12,25,89,43,60,6,2,48,34,34,76,13,73,44,56,57,14,56,49,23,22,2,58,31,82,11,9,25,93,75,57,18,62,24,24,65,53,42,97,65,69,80,10,34,55,7,47,5,6,35,24,78,6,9,63,82,19,0,91,93,33,93,43,47,53,35,94,97,85,77,79,94,13,92,31,86,61,3,84,74,9,13,41,25,52,38,73,87,40
43,61,58,47,8,48,0,28,82,87,54,98,77,16,16,18,26,2,19,72,54,73,5,63,23,73,55,54,52,57,49,28,1,51,76,62,37,99,20,23,51,77,47,38,55,56,16,45,40,87,70,50,80,36,68,92,38,42,44,96,30,26,32,49,75,90,32,4,5,44,52,65,95,51,16,10,32,48,41,29,9,96,96,43,33,45,84,59,22,31,23,7,41,46,9,4,34,32,26,5
76,62,20,81,61,90,83,86,17,17,36,69,50,8,78,53,90,55,32,25,52,17,3,99,92,7,7,72,87,89,89,34,38,21,86,7,61,26,48,65,7,1,69,6,19,41,30,45,73,38,2,97,31,72,54,52,55,8,16,91,12,94,60,4,74,26,8,23,83,11,93,60,96,24,79,97,41,57,49,95,27,39,35,39,81,96,24,57,8,91,43,59,99,42,8,50,49,89,93,50
41,0,13,4,29,73,64,61,60,95,39,72,14,61,93,7,83,21,75,16,37,29,99,41,28,91,58,95,36,15,100,1,27,22,78,91,100,51,33,67,75,49,61,6,81,57,34,18,19,70,57,49,95,17,28,32,49,70,78,68,6,73,51,12,71,62,32,56,75,75,10,55,73,45,98,63,43,29,58,47,6,97,87,95,36,21,70,57,79,54,95,17,1,0,75,74,28,33,30,72
64,93,33,40,0,40,38,65,99,27,25,44,53,47,33,12,70,21,38,41,3,1,54,67,66,56,40,54,66,69,28,30,78,85,70,32,99,40,52,90,89,17,81,62,8,31,16,5,3,45,60,94,85,27,50,90,40,94,32,87,23,83,17,41,55,94,24,74,1,89,72,69,51,63,64,23,95,36,70,26,46,48,5,31,0,61,45,34,95,96,75,93,81,59,74,38,36,8,1,47
37,39,91,54,69,66,37,88,71,95,54,96,31,77,37,59,73,65,57,24,38,94,47,43,69,59,19,85,20,73,47,14,98,83,19,74,23,76,83,44,54,73,1,88,16,83,96,99,88,51,10,70,41,93,100,81,86,71,68,42,50,87,56,10,96,75,7,13,66,38,1,67,4,62,13,54,4,76,0,33,19,37,86,62,35,95,14,0,8,14,30,14,15,1,17,17,76,24,11,36
52,47,55,45,47,28,54,48,32,15,18,99,22,28,3,95,76,69,92,66,59,43,91,84,82,84,24,32,65,1,57,46,87,9,85,97,33,74,49,67,16,71,18,86,86,1,50,61,39,16,77,13,75,79,87,28,60,71,58,55,45,8,83,92,79,18,51,43,35,11,2,31,63,73,51,6,65,65,77,76,18,9,43,99,15,24,75,43,73,76,45,74,23,94,89,2,2,63,43,3
67,87,89,27,50,46,54,68,9,33,32,55,49,13,20,45,2,30,75,78,22,95,72,34,10,97,33,95,53,36,22,30,6,31,87,22,51,40,97,53,84,29,32,25,8,79,15,64,15,44,14,95,86,92,47,92,8,81,57,8,20,12,7,74,18,61,51,40,18,9,57,57,7,96,71,90,6,33,91,81,90,26,45,96,65,99,76,51,87,24,48,48,92,90,25,57,66,100,34,86
67,0,75,62,95,81,60,85,82,66,87,83,65,96,34,55,100,57,0,49,89,11,22,3,94,74,26,58,20,18,45,100,49,66,66,56,44,27,38,22,46,17,12,49,56,24,63,49,19,70,2,43,37,90,28,19,63,92,62,59,34,80,9,13,79,98,42,41,83,99,73,99,25,3,37,61,48,58,70,57,92,77,88,80,34,14,100,97,97,79,45,67,48,48,20,51,50,74,31,50
86,73,77,57,100,69,82,52,84,49,15,16,71,61,4,89,32,60,90,100,34,67,74,15,89,97,18,98,4,22,66,40,40,46,4,95,17,84,61,60,24,27,89,26,84,29,57,19,89,67,82,28,30,74,36,18,7,12,74,58,13,85,21,6,75,29,100,83,67,41,15,7,32,54,17,55,79,33,19,7,33,8,26,50,88,54,8,83,77,85,54,64,91,28,63,59,56,44,43,81
82,43,3,55,73,39,66,88,42,91,68,32,80,77,89,51,54,89,80,63,18,73,48,9,64,42,2,72,73,60,94,87,87,25,81,78,27,33,22,0,17,44,57,27,95,31,66,27,25,14,45,31,54,2,54,2,69,55,76,75,76,68,85,21,88,55,55,96,0,51,67,66,66,58,100,16,82,51,80,83,49,85,7,60,97,54,19,71,66,47,42,34,87,96,65,19,63,11,12,15
33,67,97,84,91,68,72,85,66,54,19,53,37,31,52,50,50,11,27,44,82,74,43,94,59,25,62,84,20,82,55,30,18,83,38,9,3,30,19,60,77,43,25,68,10,42,87,47,10,47,66,87,76,80,60,62,45,35,86,11,76,38,2,45,76,63,65,75,99,33,80,84,12,43,3,25,32,77,59,21,70,52,82,59,19,3,15,93,3,90,85,80,100,24,57,15,25,57,84,54
86,57,94,77,72,27,38,13,99,89,91,23,96,26,21,18,74,95,11,86,9,92,55,46,10,52,89,56,13,70,60,80,76,98,21,52,67,37,79,68,25,64,51,14,95,3,99,55,92,93,56,24,35,90,28,66,39,13,85,96,69,64,45,96,42,39,43,6,100,32,78,49,92,83,9,34,35,58,72,97,64,66,80,0,72,50,9,90,29,43,23,9,70,21,0,37,95,82,14,59
85,70,39,43,80,14,84,5,36,0,25,76,67,60,17,73,88,81,74,16,39,70,68,47,25,85,32,23,2,94,77,2,89,77,7,58,63,4,63,35,28,36,39,20,63,72,22,26,97,71,3,10,40,44,32,47,12,42,74,43,28,65,39,53,85,3,99,26,5,94,41,84,30,25,49,65,32,42,19,30,78,61,34,3,64,77,22,78,47,34,25,41,26,2,77,41,82,40,2,84
37,82,30,65,55,44,87,21,10,82,45,40,13,30,61,94,97,35,99,21,44,31,69,32,86,38,37,89,76,15,57,79,73,76,84,8,30,14,65,65,31,97,17,51,35,16,34,3,19,4,1,89,85,82,19,47,83,62,86,54,95,52,56,11,98,7,37,21,100,23,30,100,92,43,2,58,37,24,41,61,94,76,0,84,23,26,53,45,89,26,54,36,6,53,30,7,72,0,20,78
10,42,12,39,57,16,84,46,53,88,98,12,49,94,62,67,28,1,37,90,75,40,95,37,44,37,29,82,3,1,24,29,10,55,81,50,75,95,64,15,90,80,37,74,59,13,94,17,17,89,75,46,74,49,14,4,66,31,17,8,17,97,71,100,17,24,53,61,23,81,84,41,9,38,41,79,94,0,32,24,58,36,61,44,11,69,11,13,4,20,28,8,2,84,11,87,88,71,96,80
9,24,78,93,61,4,73,71,39,89,96,3,28,80,75,98,11,42,61,91,33,60,45,59,1,18,98,44,86,12,58,57,62,10,9,1,91,73,84,63,27,43,77,44,21,74,17,74,16,52,98,83,59,98,66,74,37,62,74,46,77,65,76,97,91,73,95,93,86,100,77,19,42,22,48,46,81,53,13,26,25,84,48,46,70,11,28,51,2,61,78,16,57,89,12,28,86,56,57,24
7,56,6,36,91,80,8,69,19,5,59,24,11,98,22,27,91,31,48,68,52,96,61,53,31,21,25,36,54,7,42,18,12,60,61,46,44,18,66,77,5,77,53,7,50,4,15,8,6,16,46,53,28,51,34,40,48,13,27,53,63,51,65,47,39,80,77,67,94,85,23,66,66,73,15,6,16,61,99,31,93,44,27,90,30,22,29,42,81,75,45,10,69,61,72,25,94,61,66,19
63,1,42,12,12,91,85,94,64,47,23,52,49,89,88,72,1,51,85,84,54,30,74,53,1,20,91,95,10,52,48,25,69,71,87,92,8,99,70,44,40,15,71,68,70,16,70,99,82,13,49,44,66,65,94,100,64,99,19,58,28,91,87,66,58,10,19,57,65,56,76,30,11,94,100,60,65,84,5,80,21,32,32,52,97,32,28,55,40,61,10,13,15,56,59,49,42,50,60,5
97,82,58,86,79,4,66,42,45,98,97,88,31,30,55,3,57,63,36,13,87,82,92,20,14,86,50,96,44,52,60,87,67,27,7,65,16,39,7,17,95,89,37,93,40,0,88,57,79,19,34,93,96,63,14,10,66,35,100,34,69,2,95,78,37,23,45,90,46,65,11,31,84,60,61,77,57,55,63,9,35,91,99,44,34,55,80,37,100,14,86,21,23,43,60,82,51,67,46,47
62,38,82,50,13,78,93,13,72,22,67,59,81,97,23,27,33,56,47,13,28,82,99,56,77,98,30,89,60,82,71,3,56,3,12,43,22,27,13,90,52,28,38,84,15,87,40,32,39,0,13,69,9,85,47,51,21,94,54,99,79,46,12,63,33,56,44,95,52,24,17,70,90,4,47,95,34,60,1,80,96,31,6,22,42,85,77,62,34,79,9,97,73,7,7,57,41,54,74,88
56,30,74,80,46,41,39,4,65,39,12,41,38,58,59,10,65,29,64,5,65,48,32,96,52,15,58,40,41,63,73,34,85,8,73,69,10,58,96,7,3,59,14,53,76,13,57,87,83,49,95,83,89,50,64,20,80,3,96,99,47,83,62,22,88,4,25,47,77,71,12,12,8,53,96,34,58,37,32,74,36,17,17,94,50,81,16,4,34,41,62,33,56,49,95,36,49,20,14,8
86,28,3,77,24,99,22,73,79,67,29,35,24,75,69,49,13,80,84,19,84,15,85,95,87,98,90,3,91,18,10,49,88,46,21,13,75,72,26,34,34,83,35,16,85,53,6,100,72,48,1,47,12,27,58,13,55,8,48,66,69,79,2,84,15,68,68,71,91,68,3,11,99,54,36,62,49,91,95,58,19,7,87,5,74,31,39,41,24,59,84,97,30,3,15,96,55,31,0,63
47,88,5,38,15,16,99,28,57,31,87,26,93,74,10,46,38,67,90,58,41,16,81,100,27,48,7,81,99,35,62,7,96,57,26,65,65,26,47,38,25,85,46,35,6,79,2,72,12,9,100,55,52,96,59,39,16,54,52,34,32,9,40,39,67,68,1,90,52,20,87,19,46,91,55,23,27,15,0,5,91,6,70,30,57,10,76,37,51,94,90,87,81,83,23,35,11,73,11,21
72,7,96,96,77,38,26,19,100,51,15,31,70,0,84,29,10,50,3,85,35,84,76,75,55,77,42,50,70,35,78,100,41,39,15,30,15,25,58,52,90,79,89,49,17,6,37,7,79,64,65,67,3,4,88,53,95,63,71,9,33,21,91,9,79,29,16,48,52,4,91,8,68,1,70,80,69,11,72,48,58,49,14,12,19,38,63,44,12,91,52,31,86,92,34,53,40,75,15,43
6,58,28,40,88,79,89,89,71,54,86,21,96,63,65,74,18,81,64,78,96,91,37,77,89,8,76,83,42,88,25,52,58,45,41,16,70,100,26,6,20,69,43,26,25,84,17,58,27,57,73,90,88,82,91,2,23,16,70,37,57,91,82,21,94,13,35,49,40,45,64,2,29,69,52,98,80,6,47,58,62,100,77,11,82,41,44,2,75,74,8,49,53,36,60,33,31,22,45,96
81,65,80,90,67,93,52,63,32,5,0,64,25,83,15,1,39,5,34,9,69,66,87,80,47,57,8,49,78,66,80,27,3,16,69,59,72,47,63,74,87,85,64,21,76,40,84,46,40,10,2,76,46,15,22,40,29,25,0,46,69,52,43,26,42,39,86,44,100,93,41,33,87,51,35,48,99,98,87,28,4,18,66,64,45,56,34,2,55,38,59,55,71,55,63,46,54,61,31,43
68,17,81,16,48,1,83,98,23,65,46,28,2,54,29,13,53,85,95,14,27,77,42,56,83,39,50,85,85,40,40,27,53,70,74,12,93,42,24,46,27,66,59,76,30,84,3,54,14,39,47,72,39,36,33,90,7,100,46,75,15,24,74,39,90,94,25,79,38,89,9,88,13,49,47,7,35,66,19,48,30,99,15,7,53,65,45,46,35,42,35,45,0,8,6,23,94,76,95,56
54,5,56,82,76,39,74,10,82,49,83,41,94,35,64,5,77,58,43,46,35,94,26,92,73,70,47,62,38,36,81,59,63,40,97,56,79,56,53,82,0,26,11,27,85,54,54,34,16,54,1,89,68,2,11,20,7,72,6,33,48,39,23,53,99,63,73,31,43,3,91,100,72,55,98,15,35,11,88,33,90,13,7,40,10,90,34,6,9,43,36,38,56,68,34,54,14,86,91,23
7,40,56,37,28,10,87,47,42,91,39,91,71,29,37,78,60,7,54,85,47,20,40,32,30,91,39,57,30,38,35,49,28,62,99,95,73,36,72,45,48,30,84,74,60,31,42,41,56,4,18,47,83,54,72,16,5,99,80,57,3,82,79,10,38,26,21,38,84,38,63,21,22,14,72,98,55,38,6,72,50,67,84,82,59,38,72,49,21,39,78,59,8,3,14,40,5,89,41,88
35,88,4,17,34,97,95,95,84,47,89,41,13,21,30,91,29,12,9,65,31,96,7,60,55,88,21,52,56,34,85,1,5,8,69,5,66,83,4,57,2,10,44,48,6,20,99,38,80,69,9,10,5,5,51,66,33,46,70,70,5,44,6,35,3,14,66,42,86,58,76,85,7,86,71,91,91,83,55,69,85,50,12,48,26,73,30,50,45,95,66,87,81,53,75,80,3,55,23,66
70,57,62,10,90,83,80,51,6,59,89,8,28,56,34,96,71,78,12,46,99,0,98,40,55,62,42,39,47,28,86,6,45,90,20,52,76,76,0,76,6,8,3,51,81,34,69,99,8,48,99,34,47,87,13,27,38,45,22,68,15,10,73,29,14,48,10,73,38,1,58,67,4,78,57,54,65,68,96,7,91,62,88,93,35,89,9,6,78,48,63,21,19,35,57,10,19,27,39,53
40,28,6,99,97,43,97,97,13,20,70,45,11,65,0,15,36,12,1,86,94,32,64,2,73,98,90,27,50,62,29,60,51,72,59,11,82,41,10,75,66,17,4,5,8,82,28,56,51,48,21,97,6,89,2,7,95,32,100,42,27,63,10,21,48,98,89,97,74,32,67,41,32,55,77,35,61,35,97,43,78,3,96,34,68,71,73,59,42,23,7,33,15,97,17,19,48,96,34,100
27,55,84,79,22,79,31,28,4,23,49,70,66,59,3,51,59,90,85,69,61,6,20,2,19,59,30,70,90,92,53,40,3,86,63,53,69,77,3,51,10,95,24,30,12,90,39,27,87,71,22,27,17,65,52,17,73,10,95,92,59,63,67,27,99,74,91,9,76,79,36,25,84,45,73,66,13,26,60,31,33,25,67,6,11,38,25,61,19,13,56,9,18,44,55,64,37,88,98,29
52,67,7,40,64,15,55,29,78,31,32,57,47,89,7,60,12,57,5,75,89,20,92,41,65,61,83,80,24,30,14,56,86,78,54,53,3,89,11,92,22,11,32,77,52,64,33,31,98,63,51,13,16,28,63,69,92,97,89,77,51,65,86,21,58,10,16,87,54,61,68,38,48,67,49,72,90,61,65,65,20,1,19,85,50,19,33,24,3,15,88,7,69,29,28,65,7,99,22,97
70,43,71,2,58,82,82,21,28,40,62,52,82,31,16,69,47,54,11,55,32,98,21,13,41,72,50,71,1,89,21,18,28,13,59,11,27,17,6,71,75,54,70,48,53,75,31,97,36,19,42,90,35,36,76,7,33,87,70,54,21,26,19,70,100,33,73,67,99,53,71,25,95,56,3,52,29,83,29,9,40,44,24,19,38,56,25,62,74,46,27,49,50,4,59,39,30,40,48,14
43,38,42,10,49,17,29,28,84,67,68,75,75,1,84,50,98,91,57,46,77,76,31,76,26,18,84,72,85,5,78,44,36,95,15,47,63,61,83,42,41,54,8,35,57,97,64,42,43,56,95,93,94,91,52,30,92,97,74,68,48,49,8,46,9,36,39,18,75,79,75,8,82,46,87,20,69,8,87,100,52,87,21,51,86,13,69,8,58,94,51,77,1,87,15,1,16,38,71,85
73,58,79,73,35,19,45,8,100,37,91,29,30,99,94,88,56,38,37,7,83,44,78,39,25,72,10,45,16,23,4,97,98,68,35,72,58,92,60,90,42,64,19,41,24,34,18,74,63,42,85,69,50,42,29,99,66,28,99,18,26,10,15,91,34,55,28,27,86,83,65,36,90,35,69,9,22,23,82,6,10,66,26,18,88,2,14,34,8,60,30,100,97,44,51,100,30,22,17,8
92,4,19,18,41,6,65,66,78,98,62,10,92,22,59,28,60,98,80,30,1,23,82,97,34,5,76,53,26,93,1,93,42,57,23,72,2,86,26,29,17,20,38,89,85,2,40,40,26,56,88,36,83,73,69,92,48,7,28,30,6,41,43,14,78,59,92,44,19,82,43,37,57,85,91,82,19,66,41,73,9,91,90,40,92,54,79,7,20,53,59,22,61,9,96,55,23,49,57,5
29,78,69,93,57,78,80,97,93,99,7,27,96,76,61,96,60,80,17,67,56,76,52,5,13,84,5,78,98,23,89,76,34,75,41,68,66,34,39,34,78,77,21,83,37,41,12,19,72,64,51,79,28,45,59,62,36,17,64,14,35,21,15,72,44,32,82,19,83,6,23,72,33,44,14,84,4,88,96,71,100,22,70,6,58,29,84,99,80,35,32,82,57,89,33,59,65,42,13,19
88,10,100,23,9,70,47,68,28,25,75,0,55,98,50,89,57,24,72,94,1,33,51,99,5,80,6,96,4,50,36,8,4,92,54,23,52,83,49,100,13,68,52,84,84,67,33,99,72,15,11,72,95,95,56,27,41,37,69,90,75,99,85,32,33,33,29,33,64,61,57,18,24,100,0,73,72,76,87,20,7,6,4,60,70,26,74,92,14,27,88,57,91,62,98,81,18,72,83,99
63,53,31,14,36,45,70,0,91,25,16,14,13,43,90,50,36,49,80,50,40,57,4,21,46,84,26,14,81,46,60,82,90,1,23,47,79,63,46,72,63,32,2,8,23,33,55,98,30,74,63,38,44,67,42,90,35,41,99,75,0,75,70,86,69,21,9,5,9,52,14,23,5,59,66,84,7,91,87,32,68,27,70,87,80,19,98,35,72,43,11,0,65,25,82,42,97,90,31,12
64,9,62,76,31,36,25,17,66,66,49,15,85,10,50,24,70,38,77,61,58,67,100,11,50,59,89,60,50,30,58,94,58,40,84,77,91,0,13,68,87,60,65,34,42,71,43,89,4,39,69,82,21,4,55,60,48,42,6,96,95,12,58,37,95,60,23,27,70,75,34,47,11,35,48,27,63,73,25,91,78,86,88,44,6,98,42,26,77,59,46,9,73,62,96,78,82,73,16,46
85,22,25,80,96,77,71,88,84,48,84,8,94,87,56,81,42,34,53,28,36,49,99,82,74,64,52,79,54,26,53,8,94,13,20,35,47,26,46,63,90,52,96,65,4,21,23,73,37,75,14,50,60,28,41,48,56,72,58,50,18,26,39,97,93,62,33,66,1,62,38,2,37,26,59,44,62,15,78,77,51,55,13,11,50,50,2,91,25,38,4,100,83,92,19,5,5,49,55,11
22,40,61,2,89,67,1,63,11,46,57,72,94,57,10,26,58,1,29,42,9,25,61,43,6,81,8,1,49,33,30,6,91,6,8,38,76,69,47,56,62,73,93,34,21,71,85,53,47,99,29,37,47,41,13,45,28,20,60,41,98,6,55,22,38,26,94,45,47,68,51,45,2,42,77,7,34,45,9,42,63,29,67,53,12,56,4,96,43,24,27,63,96,36,83,82,23,14,97,95
13,7,39,97,42,69,43,79,94,83,94,6,53,14,81,100,61,8,97,18,6,4,25,29,81,41,91,24,95,11,19,56,54,56,14,26,83,97,54,14,41,22,55,43,88,42,59,96,29,76,51,59,44,86,89,57,45,23,26,82,48,62,97,56,95,51,31,36,46,74,2,61,66,76,8,49,44,65,100,89,62,83,5,87,3,38,26,32,20,80,35,8,98,45,36,8,92,34,98,48
4,91,74,52,62,33,29,29,11,27,71,7,11,52,36,40,18,46,45,10,61,2,4,65,8,69,99,26,45,21,58,4,55,16,50,79,82,87,47,57,100,64,71,83,82,63,77,34,11,98,71,61,47,62,32,14,40,36,7,68,43,64,36,22,8,38,13,14,57,53,13,20,30,51,21,60,22,8,76,31,80,78,52,11,55,40,66,55,40,37,20,95,55,100,88,25,16,35,54,32
76,16,25,51,77,98,11,89,2,84,73,26,51,87,62,68,98,43,2,68,24,8,31,30,91,17,56,98,45,97,49,91,21,92,67,10,49,1,41,8,90,80,71,3,76,43,18,15,28,14,51,22,5,18,39,80,29,34,68,73,9,12,44,97,79,51,11,93,34,75,12,42,19,40,7,95,52,30,4,24,44,42,9,27,32,57,7,75,8,79,82,95,43,67,63,5,66,93,43,73
36,59,79,23,16,8,73,6,53,58,33,82,0,27,53,27,24,39,95,0,29,67,94,60,0,42,35,85,94,34,10,3,31,58,67,14,76,32,86,60,89,29,37,29,64,33,15,23,52,13,73,60,53,90,44,66,0,17,23,15,79,54,77,28,75,91,88,79,90,68,31,78,18,18,59,34,78,97,49,26,87,9,61,67,59,53,7,44,99,53,69,4,81,37,26,66,41,61,58,95
97,88,8,90,87,24,97,58,48,91,45,89,19,75,0,58,96,5,52,79,40,82,82,54,83,69,44,78,76,9,21,47,86,75,25,77,88,41,82,75,74,14,98,44,66,10,52,24,92,51,28,46,69,35,22,39,96,51,80,4,46,8,41,81,6,69,97,34,59,72,59,61,87,11,93,30,5,81,36,39,24,47,88,93,44,54,30,47,81,55,93,90,47,66,66,84,67,92,56,13
0,97,83,39,62,60,41,33,59,83,31,61,71,77,75,20,94,68,42,30,44,92,50,25,67,62,2,41,1,74,18,71,10,74,86,45,79,30,55,89,36,40,31,22,48,43,78,1,32,63,44,14,83,13,85,10,58,69,85,46,1,64,6,45,46,59,72,99,44,34,53,43,94,10,93,76,41,35,46,69,48,92,88,0,23,89,62,69,97,62,60,21,17,7,32,70,22,45,62,67
22,100,22,53,45,5,35,96,6,4,94,93,79,61,56,0,82,89,10,7,76,35,40,18,61,8,51,66,95,65,67,20,97,59,2,41,98,32,44,31,18,56,91,97,34,17,58,6,80,12,14,17,46,98,44,5,83,12,99,51,72,48,6,35,61,31,84,38,70,41,31,25,37,36,90,86,53,74,77,18,4,4,15,2,94,27,82,11,90,42,31,63,54,6,63,56,14,1,49,82
39,98,61,58,85,36,55,86,85,42,13,65,38,18,20,67,3,49,28,63,54,84,60,61,93,59,39,5,57,17,39,68,60,78,49,40,68,27,35,89,65,14,72,8,15,89,96,93,1,11,96,21,17,31,14,34,89,37,0,28,26,81,11,95,46,25,45,80,58,44,72,21,77,20,64,89,35,99,97,2,45,74,28,69,16,78,59,5,28,51,79,11,74,35,9,100,42,4,46,48
32,90,59,43,41,7,98,58,12,78,84,77,79,9,29,40,87,71,21,73,57,26,80,18,44,48,43,28,10,100,75,79,51,42,59,1,25,47,1,41,58,49,44,62,89,88,100,97,54,75,90,78,72,9,61,95,34,57,93,18,83,17,68,17,95,78,87,19,95,67,31,78,63,58,26,12,44,39,74,36,32,60,24,20,66,79,100,28,25,5,89,37,73,4,35,54,4,93,9,4
32,96,85,81,54,45,52,44,0,60,77,13,99,18,48,51,61,68,97,5,62,63,97,62,16,48,69,17,62,38,69,90,30,31,87,37,56,97,17,40,25,10,22,13,24,42,40,72,68,20,45,82,57,53,21,60,83,20,6,14,27,50,75,86,14,81,56,52,53,68,87,67,66,15,22,31,31,22,73,33,9,29,70,74,56,6,38,85,88,56,29,45,74,39,27,71,93,16,78,66
14,53,8,21,72,54,25,96,61,72,8,88,16,9,16,23,9,78,48,31,69,88,7,32,19,69,57,98,63,81,17,88,54,51,6,47,96,8,38,13,70,91,21,53,45,90,96,19,2,8,33,65,69,37,33,0,5,65,85,39,63,13,46,11,32,28,60,87,0,24,73,23,57,13,37,85,34,28,40,13,69,73,69,66,99,12,17,97,26,67,67,34,61,81,69,47,66,25,99,15
72,82,57,50,41,83,24,30,28,71,16,80,73,16,71,90,89,35,76,48,33,99,20,18,80,35,21,66,2,61,75,51,52,29,7,50,65,6,63,12,86,68,84,56,74,2,76,48,55,87,24,22,84,56,57,70,40,98,97,84,12,30,16,100,36,83,39,74,55,3,25,18,93,0,51,70,58,81,14,5,71,91,42,20,54,30,68,6,22,70,61,42,67,69,15,5,64,98,18,91
58,23,56,87,87,87,30,0,64,83,63,1,56,35,17,89,23,96,13,17,89,39,44,87,26,34,77,24,57,71,38,79,60,67,21,49,88,54,39,30,2,58,20,66,54,57,66,22,68,79,91,9,8,75,77,60,92,27,15,75,23,68,68,97,33,61,81,89,56,22,72,2,77,84,94,95,14,87,33,54,30,83,90,91,58,37,75,66,34,2,81,27,6,21,85,90,10,25,63,56
72,21,90,78,51,19,57,13,19,55,81,67,81,17,66,39,52,75,68,82,88,47,96,40,23,13,96,33,42,21,39,29,18,21,0,31,73,82,8,53,83,32,44,4,18,12,28,90,57,3,63,91,34,11,15,98,93,7,31,8,80,0,45,47,3,62,33,73,63,41,27,5,9,13,78,12,69,70,87,16,86,33,60,94,16,22,21,94,18,30,92,19,48,31,60,73,35,31,49,90
29,50,78,58,61,50,7,84,32,67,94,18,45,30,72,67,98,100,100,8,30,40,93,91,51,58,19,0,88,43,0,62,21,7,24,31,39,16,38,67,9,36,52,11,49,36,42,8,60,50,38,14,65,28,57,0,87,59,27,20,73,19,73,52,78,54,36,10,46,2,48,18,99,33,4,88,76,7,72,29,49,93,2,69,79,75,5,79,26,34,8,52,4,6,52,78,96,38,84,15
48,28,79,45,23,80,61,82,13,87,77,62,76,37,25,68,86,44,10,98,34,12,99,42,21,40,58,88,42,64,38,69,70,82,66,80,38,64,92,60,89,23,34,98,76,71,19,97,39,3,74,95,55,59,52,33,75,10,74,84,24,62,8,5,69,16,2,92,75,17,81,90,43,53,55,32,51,90,35,38,58,56,78,89,71,58,41,10,31,29,17,20,74,37,24,73,30,34,17,57
9,67,98,33,18,74,26,53,80,73,95,34,95,83,68,5,20,47,11,12,28,85,93,79,96,41,91,26,36,0,42,16,55,83,31,37,64,4,20,62,31,90,31,77,52,50,31,11,91,35,89,50,70,77,44,3,51,98,47,91,88,25,3,33,86,49,71,34,84,90,38,8,91,88,19,100,98,70,70,53,99,17,84,57,95,39,18,62,86,35,42,97,29,37,90,96,13,14,39,80
39,67,79,58,11,29,75,93,17,64,82,1,81,64,45,33,55,28,9,95,14,97,56,64,87,25,34,49,20,15,28,41,72,21,87,94,0,66,10,94,57,40,1,65,2,45,65,96,92,32,94,82,91,61,80,53,11,3,96,43,16,43,14,97,69,62,75,33,73,57,38,38,92,74,69,67,1,66,58,80,35,63,81,18,37,16,53,78,71,0,1,47,10,60,78,72,25,47,82,70
96,69,42,58,22,42,69,34,52,89,62,59,19,82,25,32,72,43,49,97,31,100,73,71,38,84,48,4,45,8,3,95,48,74,49,20,26,24,56,50,43,20,58,6,76,1,78,91,63,14,51,44,73,83,20,75,25,81,47,98,0,15,16,13,82,69,34,44,46,78,58,20,52,90,62,63,45,89,82,81,76,19,96,45,76,78,59,72,0,74,98,1,10,79,38,89,25,63,66,73
89,30,24,60,55,79,8,38,53,6,47,7,32,86,1,11,40,87,91,12,37,52,62,36,34,41,45,78,88,43,38,36,49,55,82,85,25,78,47,40,5,49,14,37,28,1,27,78,40,47,67,84,64,15,71,39,46,16,40,61,44,36,67,72,45,91,60,16,68,85,77,98,58,36,36,54,88,17,6,40,97,54,29,57,83,70,59,4,83,7,21,62,13,97,30,64,49,11,78,52
34,97,83,11,3,40,94,85,30,31,9,76,22,52,82,29,71,77,16,45,96,81,54,23,23,76,70,14,90,71,48,50,26,42,63,85,100,52,23,28,70,6,37,27,87,94,88,87,44,64,51,6,23,13,56,28,17,7,2,15,64,79,41,1,92,67,5,80,78,67,83,98,60,31,93,25,86,69,22,40,50,90,38,87,16,65,59,42,63,56,48,91,21,2,22,47,27,63,20,18
45,40,10,85,39,61,98,96,14,34,89,16,6,53,100,53,20,51,40,26,65,73,73,24,16,12,69,53,5,94,22,83,37,0,40,70,7,97,12,45,50,98,91,28,77,60,95,97,3,29,91,93,24,1,2,7,73,3,20,57,69,30,97,33,83,92,9,85,36,56,100,44,79,92,81,38,23,79,97,30,83,51,0,50,97,37,44,75,43,66,62,45,64,21,59,49,66,58,9,28
30,2,37,76,38,14,18,94,79,65,25,74,98,70,66,49,60,7,5,11,19,34,36,36,93,90,100,99,96,52,38,28,96,26,12,31,94,72,58,80,79,90,63,14,56,85,86,28,59,47,23,30,23,20,77,64,21,8,47,90,97,63,92,21,43,31,56,39,49,11,85,63,40,93,45,15,90,18,100,30,79,50,58,91,32,54,9,19,20,43,94,4,88,91,51,16,64,92,92,89
47,90,4,43,60,86,58,87,37,55,38,42,8,68,2,15,11,67,3,57,31,30,36,99,76,64,38,69,6,75,44,21,69,27,12,63,67,37,29,97,42,68,84,41,52,93,34,9,40,82,37,85,6,62,42,53,29,89,93,99,89,68,36,62,77,16,60,44,83,43,51,87,81,16,96,87,22,32,26,92,86,88,22,3,19,35,74,59,55,75,2,26,50,64,70,22,10,50,21,18
9,26,13,94,34,56,26,93,33,70,17,11,15,37,7,38,33,99,99,16,19,82,33,49,17,77,86,68,71,40,80,82,27,66,94,87,82,56,95,13,96,16,75,8,70,32,88,36,0,71,51,34,79,5,3,49,19,6,86,37,44,34,91,91,50,77,70,81,40,47,2,56,28,95,16,25,44,7,63,53,31,57,6,48,92,8,68,78,4,15,41,38,91,83,78,18,88,97,37,70
2,12,100,33,14,56,10,92,82,52,42,72,3,54,43,85,84,47,21,93,93,77,76,0,64,83,68,12,22,70,89,90,91,76,95,38,20,74,19,6,40,8,67,92,64,14,15,12,84,95,10,28,65,21,43,13,23,41,64,74,49,96,26,26,55,54,29,11,56,17,5,35,28,91,81,21,80,19,25,62,0,32,57,88,51,66,62,29,12,59,55,24,49,6,72,96,15,97,4,90
58,80,19,87,44,9,94,51,36,61,53,52,73,0,84,2,3,24,66,25,88,87,78,54,98,28,37,85,8,39,98,76,76,81,8,27,44,29,18,89,20,92,23,70,8,71,61,91,21,33,55,39,97,75,98,6,51,7,25,17,32,91,7,45,82,83,79,18,100,29,37,19,11,3,69,97,50,79,98,54,9,13,18,29,65,28,93,75,35,75,94,75,34,25,14,15,36,21,33,4
54,91,92,42,66,26,75,63,8,1,98,76,67,73,43,5,64,5,97,59,75,99,87,67,98,46,34,4,75,63,12,99,19,57,4,75,23,39,33,70,41,29,64,10,7,97,54,94,74,57,17,33,91,75,72,49,84,61,85,96,5,79,70,55,32,68,99,71,94,97,42,52,38,33,11,91,13,23,97,5,14,46,57,93,85,11,56,27,98,78,18,27,90,71,45,52,11,6,81,9
36,39,90,25,26,30,25,70,7,48,67,2,82,24,42,85,35,50,79,46,91,38,75,85,33,60,85,14,17,46,53,53,24,70,81,23,54,49,30,98,80,69,94,61,21,21,45,8,64,11,41,89,84,20,13,65,85,77,47,5,36,49,47,94,95,53,40,58,49,47,90,31,9,88,28,0,58,23,51,34,71,34,24,25,100,78,6,45,85,58,89,86,23,47,87,84,86,3,26,68
19,95,22,69,18,72,85,22,62,68,57,49,14,70,99,19,88,8,100,19,56,74,21,33,16,92,37,32,78,69,5,10,34,89,55,100,58,11,70,58,81,39,82,61,73,67,28,43,42,11,76,31,4,70,83,49,5,19,43,87,46,30,41,13,75,60,36,39,28,84,72,73,87,79,2,10,83,78,97,0,90,16,23,56,100,57,70,9,73,8,65,96,96,88,8,61,71,54,21,2
60,43,98,89,53,34,97,9,34,79,64,66,89,70,7,63,99,2,66,78,0,64,31,11,44,84,12,59,90,38,8,42,4,35,78,63,20,8,76,50,42,44,13,82,64,96,75,45,92,92,17,59,72,77,84,18,59,96,39,68,64,83,17,84,82,7,42,83,40,54,72,99,4,0,84,45,42,63,91,9,62,7,92,46,84,79,90,8,45,72,13,19,33,21,23,29,25,10,91,84
44,64,54,7,83,30,85,2,88,48,67,72,53,67,27,35,41,20,93,58,3,61,68,33,20,66,90,43,89,83,48,83,81,52,10,39,21,38,78,18,100,30,40,72,93,6,61,66,2,73,76,79,33,57,24,84,56,27,2,45,86,48,6,13,68,29,96,11,47,84,35,66,63,58,91,35,67,50,0,54,62,11,14,65,26,92,5,40,84,1,16,90,23,67,40,76,67,34,98,70
54,77,94,11,63,20,10,90,25,25,69,25,3,73,95,6,13,17,28,33,65,31,100,8,87,94,2,57,24,73,9,72,37,25,31,31,10,61,16,17,2,23,13,70,58,58,46,64,73,92,5,25,18,74,9,92,93,15,42,80,96,73,97,9,49,68,58,5,83,41,64,5,32,97,6,13,37,59,60,42,64,99,63,75,33,21,75,78,78,44,84,15,70,99,18,59,78,70,75,65
80,30,78,91,49,54,24,37,65,48,23,67,33,55,50,75,97,29,1,57,73,73,24,68,54,18,8,97,41,93,63,65,27,78,57,18,48,74,0,73,38,95,97,81,99,26,30,23,36,74,73,29,100,42,76,15,50,84,57,52,48,72,74,79,76,90,10,48,0,48,40,83,93,16,84,67,30,85,72,20,66,32,62,54,13,30,12,16,8,6,73,71,79,58,12,80,12,31,99,5
26,61,100,57,96,25,71,21,62,93,61,9,97,73,19,11,32,11,2,74,30,78,45,90,57,10,17,15,83,43,88,14,99,30,17,99,58,66,39,63,11,59,12,65,7,100,3,89,64,11,37,14,72,48,66,43,55,74,57,19,15,48,57,45,99,1,45,14,63,58,40,100,81,21,62,22,61,65,15,51,96,86,87,42,57,23,71,49,54,29,44,24,82,94,18,84,16,77,21,69