2,91,45,16,7,12,11,77,22,4,8,5,75,32,89,5,63,97,64,44,8,19,94,49,60,49,69,62,28,37,76,2,67,86,10,77,72,56,38,10,43,46,9,82,17,35,40,38,70,71,34,52,26,56,97,63,56,27,30,79,8,34,46,62,42,51,58,52,96,4,48,41,56,37,75,74,60,49,31,56,52,80,72,99,21,6,20,69,10,32,85,15,42,57,13,79,40,20,50,53
88,85,7,28,8,63,73,84,92,23,46,55,66,5,27,14,32,6,8,20,28,34,65,30,87,78,15,85,45,18,35,82,53,43,81,45,1,98,49,86,19,43,86,69,77,57,77,35,89,40,10,15,28,64,92,31,39,34,44,85,68,97,64,25,22,76,54,97,40,22,96,75,42,81,43,88,73,95,36,40,85,34,31,64,1,4,14,91,69,21,92,3,16,38,98,57,99,33,72,52
2,58,25,31,54,62,91,92,82,56,52,82,96,70,24,78,81,50,73,60,89,19,11,12,70,42,35,55,84,20,36,37,24,2,45,52,31,6,78,7,57,31,13,18,76,57,11,61,67,8,96,82,48,54,39,10,24,68,11,52,23,59,6,71,70,99,47,85,28,41,35,41,8,31,5,46,88,96,89,61,71,7,78,18,66,56,71,99,95,33,51,10,90,56,10,80,43,39,15,9
79,18,94,95,8,44,8,95,5,41,24,67,14,33,51,33,17,20,77,50,6,25,70,53,17,19,50,23,44,60,85,91,28,54,35,57,100,25,5,35,15,56,3,5,3,74,18,1,40,79,32,9,46,50,82,58,15,4,68,89,74,24,16,76,65,58,60,32,16,36,94,52,80,50,95,90,32,27,57,55,13,54,19,22,33,40,47,50,15,63,66,28,83,33,46,2,10,19,50,60
10,2,26,49,97,4,7,33,68,5,51,60,17,91,39,6,0,21,96,6,94,56,70,6,69,45,75,31,41,100,86,74,29,52,46,85,90,72,0,63,58,99,2,41,4,0,65,88,8,66,72,71,21,74,21,93,1,5,29,19,71,85,11,35,6,89,95,39,6,88,20,93,61,64,45,90,8,44,20,28,59,63,19,59,35,11,84,45,85,81,34,84,69,21,21,66,23,7,38,99
12,99,50,76,66,82,52,19,65,7,64,42,33,0,31,20,27,13,15,10,49,25,94,84,52,67,37,64,9,73,38,1,11,74,13,39,22,51,61,93,68,29,38,7,54,54,83,97,46,99,94,34,98,73,23,93,34,16,75,39,14,97,4,47,33,8,89,71,59,52,48,97,100,7,29,42,31,16,11,32,52,16,100,43,58,14,35,40,5,70,42,87,0,2,21,89,36,83,29,85
1,68,58,76,85,84,11,86,9,23,5,76,36,73,4,68,17,50,71,24,95,71,87,75,18,7,82,54,85,75,37,55,2,94,88,7,43,89,85,8,24,3,1,17,37,26,7,45,7,55,88,99,53,22,80,11,84,99,85,11,47,92,3,23,22,10,59,85,27,85,10,29,36,44,15,98,37,5,79,43,2,62,38,71,24,44,78,78,100,75,97,11,30,81,49,91,63,78,58,22
38,93,21,35,93,37,41,82,90,63,57,1,13,42,19,19,29,30,83,75,35,70,55,0,31,86,30,35,4,1,100,67,96,94,18,91,23,53,19,21,45,53,61,11,90,50,59,32,39,24,75,2,37,9,46,24,13,83,48,62,4,67,85,97,3,81,93,80,80,60,99,91,4,2,75,59,55,22,58,6,77,80,100,96,61,51,1,11,30,81,27,39,61,2,68,48,18,18,66,54
97,15,9,62,1,43,59,87,12,77,56,45,65,38,75,39,11,24,21,43,69,95,10,5,2,6,97,7,27,78,33,53,17,55,83,22,59,52,95,1,99,60,5,72,21,39,17,57,37,99,50,93,98,89,62,36,7,72,33,90,16,71,48,34,75,54,78,40,83,26,23,46,36,38,95,99,55,23,13,22,33,11,55,99,2,55,49,92,49,92,55,4,49,91,95,16,20,56,26,72
66,23,69,12,49,37,21,2,85,4,2,65,82,92,80,23,54,4,83,56,14,98,93,53,97,23,46,2,47,69,1,30,10,11,81,35,81,81,45,33,41,19,33,13,78,5,71,92,8,41,25,6,72,93,0,77,58,67,52,100,48,28,84,67,38,32,38,45,84,100,50,2,84,76,66,58,5,55,69,35,94,49,38,54,74,49,2,10,16,34,7,50,60,93,14,7,7,91,63,13
19,10,50,19,94,91,76,65,37,25,43,26,35,33,15,19,45,22,38,53,42,63,86,1,67,7,62,5,56,40,59,44,40,67,13,33,5,13,75,48,70,30,67,32,56,63,84,30,23,52,34,64,65,75,26,28,43,96,95,17,96,23,34,11,37,47,67,23,64,66,37,52,82,40,9,84,79,64,27,66,98,34,81,76,39,72,64,21,79,89,63,32,8,40,65,31,56,75,2,9
90,66,94,72,5,26,71,28,34,5,70,44,11,82,98,68,27,44,51,54,98,82,25,37,3,77,38,1,71,19,91,10,20,39,55,13,99,69,85,51,92,30,73,91,81,45,83,29,81,46,3,10,81,70,12,96,57,69,84,95,56,12,78,70,72,82,88,99,92,48,84,41,45,58,48,11,87,33,99,44,97,70,84,29,9,70,91,43,50,92,62,72,28,10,8,86,62,63,43,32
33,37,43,51,74,45,91,10,7,28,53,59,46,78,20,82,44,67,89,75,53,41,71,92,48,75,8,48,75,6,23,85,95,23,53,89,72,46,25,89,87,17,11,29,84,93,38,7,62,19,60,60,24,12,77,13,83,14,10,34,6,64,47,17,43,5,4,18,55,65,92,32,65,89,0,1,18,2,20,60,96,49,44,41,82,4,86,39,56,60,8,4,65,28,24,49,45,43,27,98
44,61,55,7,4,79,54,80,85,84,40,0,71,4,3,45,60,59,10,59,99,16,7,90,99,62,3,39,52,20,86,36,71,78,36,3,66,30,27,55,33,25,37,66,19,75,22,36,81,90,74,73,8,2,68,19,14,33,85,96,23,76,76,67,84,34,57,36,100,52,54,44,20,11,30,69,4,31,30,4,32,75,7,28,62,18,53,41,47,33,69,3,80,5,44,76,7,100,44,70
74,71,24,82,0,98,20,74,36,28,52,28,71,98,4,100,88,96,20,84,60,76,15,15,52,25,52,50,85,41,27,78,96,67,93,62,46,45,62,2,72,43,46,59,4,61,43,67,91,25,70,54,50,60,88,42,84,77,37,67,31,16,58,29,76,75,26,49,6,51,93,58,23,87,15,96,80,84,46,61,48,46,83,38,13,34,36,66,58,65,80,2,70,82,11,96,62,37,90,94
34,90,71,12,68,6,17,31,55,19,61,96,89,72,47,86,42,53,10,89,19,61,78,51,28,55,51,54,49,5,84,88,88,66,46,53,2,90,100,96,54,77,41,68,62,98,16,6,15,92,27,68,87,24,86,30,47,43,23,70,94,82,92,31,75,82,15,41,1,9,1,18,25,60,55,67,67,39,96,58,43,67,26,84,66,30,57,9,3,5,1,7,2,5,53,89,10,5,29,22
88,3,84,64,97,30,90,81,73,33,31,9,14,88,8,4,49,39,51,51,79,59,8,38,86,0,36,92,41,95,63,11,38,91,41,13,26,32,70,9,90,12,24,73,46,28,84,43,36,52,67,22,76,46,12,43,22,37,45,70,5,30,85,37,68,76,13,46,35,83,3,28,73,71,92,4,74,18,61,94,100,93,72,67,75,99,65,8,86,7,80,34,77,38,89,8,20,77,4,100
92,93,15,52,8,32,1,49,73,99,35,81,97,76,60,51,40,60,95,62,73,58,13,23,11,4,72,44,31,68,97,72,26,66,46,37,29,51,11,99,87,100,73,19,31,9,82,2,51,65,88,8,51,77,40,30,79,90,94,58,13,33,39,38,59,41,28,90,0,64,0,57,96,35,59,42,51,9,89,11,25,81,59,91,89,97,40,100,28,54,23,29,71,23,68,0,30,81,58,83
12,18,14,64,65,48,16,24,72,54,61,79,35,66,0,47,41,67,32,9,33,66,56,86,39,25,82,23,15,89,53,50,39,11,5,17,25,80,84,100,16,38,68,91,94,17,75,13,63,89,17,17,70,50,67,16,80,25,21,96,67,63,68,33,18,43,4,45,75,91,78,12,68,51,67,38,50,20,68,18,75,3,81,43,26,93,24,85,10,65,70,90,6,72,72,24,53,74,4,63
36,43,26,11,49,13,11,59,44,80,66,87,5,66,47,71,50,87,51,81,13,8,14,95,51,32,18,100,71,26,99,43,87,42,34,66,76,5,57,79,22,32,27,66,65,68,58,39,28,33,66,26,51,48,8,80,59,46,57,25,8,13,66,47,45,66,31,8,99,5,71,14,16,36,44,71,45,22,25,86,56,96,60,29,2,54,2,50,9,81,12,89,36,91,13,29,79,6,62,14
51,52,77,45,10,59,43,75,10,50,48,69,31,0,92,85,28,53,56,100,99,78,72,51,85,31,18,22,99,85,44,69,89,15,73,14,59,6,51,68,43,27,63,13,50,54,37,97,69,66,96,41,32,83,58,52,84,0,78,99,90,77,13,7,71,12,19,60,66,61,42,9,8,65,62,92,7,99,12,89,93,68,38,1,77,7,72,58,44,11,21,22,82,89,73,0,35,70,48,39
55,30,44,20,55,55,96,22,71,55,95,66,21,6,80,36,82,23,28,21,29,3,93,44,100,49,83,91,90,85,40,53,54,94,93,14,61,21,45,1,73,9,43,96,35,32,99,32,3,52,32,51,1,6,58,14,37,27,11,38,91,13,51,86,46,76,9,28,72,10,78,80,96,35,88,20,81,99,27,20,95,87,87,91,35,28,87,45,66,58,82,25,6,33,42,59,84,44,9,74
78,12,70,78,75,13,39,96,14,61,95,80,20,59,15,85,78,16,24,16,59,34,45,31,34,31,17,11,60,69,53,43,34,1,67,59,8,76,41,98,72,49,81,84,6,90,0,57,82,37,54,48,59,37,1,4,74,23,96,43,4,46,33,96,91,86,1,65,75,28,28,78,58,23,54,19,9,32,93,23,98,10,18,36,43,17,34,79,52,73,22,37,83,79,25,92,15,10,36,51
33,81,81,61,65,81,74,67,19,60,80,0,42,4,65,62,9,75,92,84,76,3,30,18,64,31,3,36,65,68,11,62,66,56,4,67,39,33,54,38,90,38,11,25,42,84,41,13,81,71,40,100,30,17,56,86,41,19,74,17,84,63,96,89,89,96,86,15,14,100,20,7,75,67,39,60,3,0,25,87,35,38,13,94,90,70,59,68,15,88,44,84,36,2,56,97,98,100,78,86
26,87,87,32,6,16,73,57,90,67,100,71,96,23,12,41,48,30,50,38,66,2,55,82,58,89,28,2,13,24,71,83,2,14,62,77,65,72,98,92,19,30,25,5,4,54,56,77,77,78,84,33,67,14,98,61,19,74,53,3,53,55,36,35,98,34,64,56,62,94,20,78,98,4,7,29,31,50,12,93,2,90,47,89,55,32,38,26,49,94,29,30,93,94,17,86,12,93,79,2
42,84,2,81,14,66,42,18,88,56,18,47,19,18,13,86,80,46,74,62,74,67,0,81,77,77,69,42,18,27,23,82,48,96,13,85,90,52,44,88,72,95,11,48,18,96,60,41,54,12,23,58,46,27,69,30,39,42,65,90,58,18,69,55,64,43,87,26,58,20,52,7,15,68,20,61,86,70,86,85,96,46,85,31,71,24,56,33,29,20,23,6,72,82,12,6,27,10,66,84
60,82,14,31,19,22,38,19,44,61,20,90,41,45,5,7,98,12,85,82,51,41,89,65,65,46,86,50,13,25,10,14,70,31,70,58,6,3,3,53,96,100,61,55,21,31,28,71,35,53,84,0,65,85,9,86,32,58,30,10,29,100,2,42,78,38,3,37,73,6,80,67,67,60,36,97,63,75,74,92,3,26,70,85,40,31,61,0,97,57,3,15,64,21,82,82,52,35,71,1
58,23,69,75,65,92,73,36,62,25,95,9,60,43,25,3,87,95,97,42,7,95,84,12,77,0,7,31,12,85,60,14,12,81,84,91,24,23,81,12,7,5,93,30,13,70,12,53,34,59,52,74,70,9,40,0,26,14,73,83,78,63,38,64,74,21,68,56,90,96,73,13,88,26,17,15,68,5,78,27,23,88,1,93,86,24,26,68,39,35,54,9,51,27,45,23,46,96,69,7
35,68,79,98,47,37,92,11,16,63,47,82,46,6,93,8,95,9,3,78,29,64,79,6,11,13,58,76,25,85,42,60,29,48,99,79,29,27,1,36,15,66,78,80,86,73,97,69,3,7,5,63,90,15,34,52,93,1,97,54,19,98,86,50,42,31,51,99,68,2,87,56,49,38,78,23,76,8,21,13,73,52,71,15,41,40,70,59,67,91,38,44,98,43,31,63,83,27,49,73
81,10,19,13,84,88,79,67,34,10,74,61,62,11,85,44,52,46,18,35,92,62,52,16,33,91,4,77,71,7,39,40,59,87,91,55,17,76,79,41,0,90,98,5,66,13,86,9,48,73,36,96,74,39,32,70,56,23,84,74,19,32,37,43,87,82,44,21,42,69,54,56,71,14,2,33,100,16,20,1,54,81,20,18,30,13,72,55,51,80,67,99,38,53,6,7,32,21,2,85
48,32,81,89,80,80,24,30,0,50,17,4,55,97,77,57,41,4,38,57,76,59,72,32,61,97,87,7,93,100,47,31,97,36,41,100,37,3,15,48,14,2,19,17,87,3,56,61,59,47,17,82,78,12,96,62,14,30,10,42,99,21,47,100,32,5,90,60,41,28,77,20,42,72,64,42,99,39,10,48,52,15,65,56,67,81,83,55,100,92,73,28,65,38,100,79,26,0,61,2
39,24,7,24,42,71,62,70,29,59,17,79,78,21,71,24,74,74,12,31,17,44,86,14,85,63,82,0,99,66,19,72,66,23,54,62,87,42,35,59,73,12,86,95,47,13,79,1,67,77,15,5,52,12,67,72,13,48,11,13,67,67,1,61,51,7,80,72,87,73,61,12,90,15,72,73,45,8,42,53,70,11,87,46,56,34,77,31,30,16,82,45,75,23,85,61,66,51,73,40
96,11,82,39,97,30,66,4,61,23,12,19,67,61,8,68,2,84,44,94,83,23,74,15,20,77,77,80,59,69,35,13,14,56,75,58,10,51,16,64,63,53,76,75,54,99,21,46,74,78,41,30,76,7,95,26,31,0,39,33,88,21,37,7,97,4,14,71,79,14,70,50,0,51,4,14,76,25,96,24,57,57,8,71,93,11,8,12,37,66,100,70,74,79,92,57,31,21,17,65
75,25,72,18,98,73,33,6,42,39,77,55,87,54,64,54,97,83,98,59,89,56,91,76,57,2,15,74,38,59,53,82,10,100,90,0,88,75,56,35,17,9,21,39,34,26,48,74,100,24,24,70,99,13,62,76,60,84,84,72,3,100,62,95,59,56,80,63,76,15,52,12,46,36,79,96,61,83,85,96,31,90,40,52,11,83,70,17,18,17,72,11,59,63,75,46,35,98,6,13
26,0,53,53,98,17,52,69,49,3,32,92,32,24,62,19,46,74,83,56,97,6,84,35,61,79,47,47,5,62,22,45,60,6,25,56,63,91,41,6,82,24,41,53,12,85,66,24,6,73,64,31,79,80,9,69,73,33,71,40,99,92,74,57,84,65,91,72,63,19,16,52,77,60,6,55,9,30,14,48,28,64,84,86,25,6,30,2,61,13,71,91,33,53,80,69,48,100,80,34
14,33,43,2,49,47,20,62,24,32,16,22,29,72,31,42,83,60,90,72,93,15,60,40,90,72,52,55,0,53,47,36,70,15,65,52,42,66,66,94,34,87,40,84,49,20,26,88,23,99,97,30,28,52,75,90,90,5,6,15,53,1,96,82,45,72,25,8,90,67,26,66,73,39,75,68,69,58,10,78,34,59,3,70,32,85,80,88,25,1,63,87,11,7,11,35,94,57,64,48
75,10,64,77,89,72,73,65,23,47,25,19,13,91,11,56,25,44,4,42,19,27,83,60,39,86,46,42,53,42,87,94,19,27,72,34,6,9,28,100,23,70,40,68,51,93,42,35,25,91,68,81,79,64,31,93,4,50,59,90,15,48,58,49,83,46,45,50,59,1,84,73,70,96,93,61,95,20,100,27,87,38,87,66,75,65,51,64,40,63,37,61,9,7,76,16,80,32,42,8
54,37,59,67,18,78,60,78,39,35,70,39,45,54,23,86,66,61,9,69,42,95,11,60,15,19,47,51,79,26,78,24,36,41,86,73,36,29,7,45,67,94,83,29,77,38,44,2,94,1,35,32,74,13,71,27,65,32,46,85,65,51,56,38,25,52,71,87,96,64,85,35,60,16,56,25,97,60,70,45,20,14,97,59,77,34,66,35,74,60,82,88,23,34,59,93,54,90,85,56
96,84,61,9,11,36,31,33,9,97,18,22,88,38,63,51,89,65,48,32,85,53,100,71,82,58,51,74,50,54,54,99,36,30,67,26,43,35,69,80,27,84,96,51,48,34,0,35,99,16,7,35,1,16,5,52,70,94,72,4,20,100,25,98,91,94,17,15,64,80,12,1,46,38,14,69,64,48,46,7,82,4,22,69,67,65,75,72,82,14,27,7,2,40,3,7,27,74,80,68
66,26,57,98,33,51,33,41,21,20,41,16,93,26,47,50,90,57,8,78,38,54,71,79,4,93,28,63,25,6,87,27,90,2,55,46,60,2,55,68,47,90,87,53,37,65,54,5,1,29,27,29,26,25,44,29,28,15,51,80,6,22,22,52,78,92,76,20,6,14,46,60,57,19,92,88,18,17,3,52,59,4,99,36,3,20,51,44,46,99,12,17,87,31,57,99,6,28,57,55
49,8,48,65,2,38,48,29,98,54,6,21,72,79,26,4,18,94,78,3,11,71,75,29,44,22,7,13,91,22,93,36,0,71,41,10,57,11,72,81,13,38,8,65,8,80,45,42,56,88,100,10,88,73,56,80,62,23,17,79,47,15,18,91,9,38,31,40,75,20,73,16,76,69,73,2,69,31,72,98,40,35,3,78,4,72,9,34,61,37,21,8,88,60,73,73,82,77,49,15
45,51,69,64,97,87,1,52,59,15,82,75,24,61,96,65,41,50,3,36,91,24,94,21,11,70,27,0,71,29,48,15,40,94,98,1,53,63,66,49,78,24,57,67,77,62,99,58,98,48,4,27,56,22,3,30,46,46,58,58,49,14,25,40,48,90,31,50,45,12,34,46,30,94,48,98,60,91,27,31,67,50,84,65,35,68,98,46,28,91,93,99,88,18,31,37,2,20,41,12
60,99,64,54,41,52,91,98,91,95,9,1,62,1,0,44,32,6,1,82,97,68,65,48,14,55,70,28,31,93,21,1,58,79,87,79,84,11,47,85,47,32,18,81,12,23,93,97,17,6,38,3,45,50,25,93,19,72,86,19,14,76,54,88,62,27,63,80,6,99,46,58,39,69,27,66,51,92,81,60,14,98,9,18,80,39,8,4,39,74,37,36,98,26,41,76,64,10,81,87
53,23,14,25,90,17,95,48,53,49,19,48,18,49,84,17,21,64,51,99,90,23,90,31,67,91,19,48,82,74,32,40,85,74,30,6,77,57,13,56,36,19,2,24,25,59,73,32,92,94,34,61,57,6,75,5,44,17,62,87,70,12,76,25,64,51,63,45,20,19,55,6,65,89,42,93,7,71,10,0,28,24,16,35,79,68,28,80,94,14,69,26,54,30,54,85,43,49,85,36
2,56,20,45,36,52,66,75,19,99,73,25,29,73,68,52,4,76,64,90,48,61,25,73,58,5,26,59,52,58,74,72,77,67,30,17,88,95,2,62,99,86,44,7,27,4,57,42,65,32,45,22,77,95,10,83,63,95,57,9,78,16,85,96,57,77,98,50,45,15,55,58,82,34,51,88,16,17,17,78,17,57,22,50,20,15,71,33,76,79,98,64,7,70,56,62,17,84,62,38
41,3,88,96,99,23,33,68,8,46,52,79,78,65,49,12,95,53,6,67,61,10,42,76,3,63,91,30,17,73,22,91,77,28,87,52,91,44,1,23,36,77,51,92,12,80,36,43,85,16,49,95,76,26,16,61,28,92,56,53,23,25,61,67,23,84,10,6,66,87,54,42,1,95,98,1,77,68,25,4,90,46,46,78,37,64,69,46,45,26,98,22,21,10,58,63,64,58,97,17
43,20,100,94,50,31,41,57,88,55,68,3,64,20,55,3,74,100,67,78,79,44,19,20,62,82,81,4,55,78,82,64,26,89,50,65,12,37,36,12,32,14,99,74,89,85,9,31,25,8,21,4,93,84,19,67,41,87,66,69,40,17,57,7,9,98,4,49,58,100,53,59,97,23,91,41,69,73,93,42,5,43,30,45,41,95,15,30,100,31,3,39,100,68,97,36,9,98,99,35
17,28,80,77,19,87,2,93,82,2,10,63,78,2,74,56,36,10,75,36,97,50,16,39,17,33,63,6,28,23,73,85,96,56,83,49,12,48,17,94,70,76,99,79,18,68,34,97,18,66,77,15,28,81,68,47,63,94,73,15,96,69,35,24,24,66,59,65,97,64,71,22,28,75,32,94,66,67,97,77,30,64,73,37,17,24,6,45,25,36,93,98,59,55,51,65,73,69,41,50
33,56,44,64,82,5,59,64,9,65,55,70,24,10,56,27,14,54,31,36,11,77,40,14,43,46,50,61,88,48,36,13,61,0,12,75,72,86,78,5,17,76,78,16,65,32,60,6,4,100,35,72,32,19,52,80,7,30,34,80,28,25,2,34,55,34,39,30,87,62,73,53,91,56,83,8,49,1,16,25,0,40,64,31,60,99,60,64,60,37,11,71,89,47,13,53,1,41,60,21
47,73,53,85,50,56,95,100,59,100,49,2,58,48,53,59,100,84,20,83,73,72,95,91,52,75,100,32,70,90,78,66,78,45,23,81,49,99,25,67,61,85,54,44,77,45,65,90,97,75,12,72,91,95,94,2,57,68,94,95,19,68,9,5,82,68,64,72,8,74,88,52,17,30,57,99,0,28,66,36,41,89,98,44,5,55,81,16,8,83,13,31,56,26,44,82,51,54,82,23
14,48,3,85,66,29,47,100,91,32,52,83,98,50,63,65,97,67,58,80,26,98,32,62,92,29,74,33,59,64,74,67,55,38,37,17,28,86,90,17,29,31,44,27,77,29,61,94,8,33,57,95,20,21,42,43,5,5,59,7,41,84,36,9,69,73,50,24,3,39,25,26,79,32,99,45,100,73,87,6,2,99,82,64,51,71,61,3,83,15,23,30,47,85,44,87,63,68,13,17
95,46,37,11,19,67,6,21,57,76,1,61,49,24,46,29,84,33,85,25,8,4,42,34,2,75,66,24,16,78,67,91,11,20,26,76,70,37,92,95,28,9,26,80,37,100,40,84,19,96,93,36,34,2,76,7,76,21,8,11,36,4,75,66,71,46,77,96,39,46,98,30,13,89,77,38,7,60,18,13,98,1,7,83,51,93,22,75,6,10,33,13,60,82,86,98,22,90,65,3
0,4,7,61,64,13,10,1,87,63,26,61,88,51,17,60,10,36,2,79,76,3,78,3,87,48,38,64,81,54,83,14,12,68,90,71,39,28,2,64,85,48,21,48,94,76,20,76,0,85,68,7,96,32,24,76,91,32,95,93,29,96,12,48,19,95,69,63,61,52,80,33,56,88,54,71,58,5,61,25,58,17,39,60,67,54,55,71,83,97,36,40,9,79,15,80,27,53,61,99
74,79,2,3,48,70,80,41,29,96,7,62,6,75,65,16,24,56,48,3,97,23,6,70,24,3,87,30,52,73,42,46,80,43,60,90,93,84,66,45,22,53,84,6,32,94,43,53,31,69,68,36,15,0,15,91,30,64,65,72,62,96,83,63,83,54,99,25,47,14,44,72,54,99,42,99,39,85,18,34,80,18,0,64,5,53,94,67,47,68,53,3,48,23,33,98,31,75,69,36
23,70,28,53,5,10,96,63,66,86,84,22,52,45,38,81,25,12,72,72,96,68,99,76,65,63,42,84,82,97,57,73,74,29,13,27,57,16,40,14,10,36,100,50,47,99,0,60,86,71,20,7,1,28,78,57,43,65,68,6,74,61,74,75,75,66,49,15,32,11,77,37,83,57,17,5,48,54,19,90,98,56,52,100,55,67,22,14,83,43,45,40,32,85,91,71,83,74,49,65
85,29,64,77,77,68,22,15,53,24,76,81,89,12,30,30,43,73,38,44,58,54,55,53,46,51,39,95,35,45,72,7,48,48,66,57,56,26,86,79,63,43,70,82,83,21,91,48,35,92,52,26,24,12,60,43,23,81,92,53,86,89,25,16,63,57,58,30,99,65,25,29,15,74,51,67,23,2,27,11,83,86,42,15,59,93,38,22,46,2,84,6,90,4,61,68,87,71,23,52
27,46,51,36,76,88,84,92,66,21,7,95,49,84,52,33,93,86,84,21,99,15,94,4,41,85,67,9,27,44,62,10,52,52,13,13,35,14,56,81,73,60,0,98,50,18,84,31,70,54,20,62,44,55,6,95,55,39,70,39,59,4,26,35,33,17,96,41,7,9,17,70,85,81,41,75,29,50,18,43,77,6,70,47,87,38,64,84,93,94,60,80,97,19,12,20,12,20,14,5
64,1,27,81,55,96,33,8,36,99,29,92,6,9,57,72,26,68,1,41,88,68,59,5,13,92,75,38,99,11,42,56,59,93,96,57,86,9,24,32,15,33,54,1,73,95,39,89,50,6,79,41,31,34,31,76,76,52,37,95,79,95,95,69,82,8,9,28,41,16,48,36,39,64,50,30,2,41,74,52,87,95,13,17,49,41,15,0,78,12,8,55,91,28,32,43,42,63,78,86
34,92,26,15,43,97,69,89,19,20,33,61,4,63,19,67,73,29,72,58,82,63,63,69,66,27,15,15,68,87,98,4,48,33,83,2,25,42,21,67,81,74,4,62,4,53,19,82,2,29,18,75,10,33,94,66,98,77,53,97,48,74,25,2,59,73,63,12,62,21,10,80,37,85,45,41,32,5,91,77,50,40,18,9,23,87,11,73,36,50,23,14,89,64,49,4,73,3,18,40
33,76,69,40,69,82,75,56,62,13,78,84,51,74,88,45,56,65,23,94,76,95,42,32,72,63,56,19,64,69,42,11,41,29,8,39,7,1,43,58,54,93,50,17,29,83,59,39,54,43,82,26,69,48,74,74,22,86,59,17,12,47,81,56,31,11,40,44,9,93,4,66,17,39,96,30,40,89,38,4,55,33,33,33,90,45,19,59,25,16,39,40,53,78,19,19,100,100,36,45
78,80,55,3,47,54,98,0,0,84,23,44,34,94,16,4,98,65,10,14,63,11,15,50,6,85,65,38,44,94,65,45,78,4,39,0,57,72,44,10,49,87,81,35,90,5,17,62,96,77,24,66,20,74,22,64,41,32,84,89,7,1,6,40,48,64,89,59,78,82,99,45,40,58,38,85,89,26,79,73,79,67,26,39,4,87,61,35,30,91,61,49,29,52,14,14,98,17,25,28
12,54,60,1,9,26,34,42,84,100,100,2,95,75,56,15,26,84,5,66,75,77,80,67,25,33,17,36,7,58,38,74,37,44,12,3,26,50,29,39,38,55,27,13,14,9,76,88,63,23,32,37,16,62,0,5,19,71,11,37,75,71,8,3,94,2,19,74,92,66,4,96,97,47,10,16,1,14,79,79,100,2,31,64,95,37,26,42,72,36,62,3,100,100,88,17,19,25,64,99
56,26,54,67,22,6,51,52,0,33,62,45,16,23,89,65,63,72,75,62,15,61,8,65,71,65,21,75,41,95,100,75,66,31,2,36,40,92,59,54,95,5,18,56,42,28,42,82,40,69,92,78,16,68,29,71,96,46,38,70,28,42,11,52,73,13,36,87,37,25,3,73,1,84,75,3,57,23,91,95,91,94,59,0,73,88,60,66,14,49,41,97,2,98,49,100,23,86,85,70
18,31,9,76,87,42,96,8,39,63,99,44,10,98,39,57,88,57,36,11,40,85,30,60,52,33,8,2,49,17,10,16,11,87,16,42,72,14,71,88,81,77,18,26,45,39,32,1,22,22,96,74,94,93,52,26,93,96,54,49,17,50,77,46,35,77,33,61,80,45,35,25,76,85,34,50,41,62,50,41,46,99,60,80,87,45,85,64,70,61,27,98,43,78,39,22,81,11,59,59
50,37,1,45,80,87,84,13,93,82,32,92,29,7,97,40,97,77,5,15,91,16,76,16,65,16,27,42,72,1,15,100,38,89,53,72,51,66,78,50,43,28,43,71,48,51,22,86,92,35,30,43,52,93,93,47,81,26,90,91,54,14,49,82,28,87,78,94,55,6,53,2,67,88,48,47,61,39,95,76,50,59,75,100,78,43,56,30,55,11,46,47,71,44,6,9,47,58,25,36
99,38,56,19,4,64,13,74,11,87,13,66,20,0,51,39,23,72,96,1,81,52,69,75,52,77,91,25,80,14,46,91,25,47,85,33,74,34,53,82,87,53,17,25,99,57,53,55,23,93,100,5,98,40,3,29,65,47,63,93,90,77,98,97,89,15,64,89,58,44,8,94,77,41,21,75,73,91,15,31,99,56,89,72,81,5,95,21,49,94,96,41,89,90,89,77,14,24,48,71
99,0,53,45,87,35,18,16,6,23,1,0,98,18,53,83,30,52,29,55,89,31,17,42,63,77,15,95,92,19,30,94,73,81,9,92,54,96,41,33,72,25,14,52,38,79,97,35,3,60,56,29,16,37,21,96,76,55,49,90,43,22,45,68,45,65,42,95,24,64,5,20,69,4,97,53,54,31,61,15,6,34,16,40,92,18,53,95,92,29,8,74,31,44,43,61,83,3,12,62
62,90,28,29,19,59,10,20,15,84,1,1,16,63,80,60,64,8,10,33,56,60,97,37,66,3,30,44,79,26,87,93,92,93,75,35,71,73,51,33,74,58,26,84,42,39,57,36,73,62,31,38,75,35,39,99,75,26,55,59,58,98,98,28,9,99,91,23,4,24,81,38,55,29,27,88,75,27,79,94,91,6,24,69,49,53,9,30,18,4,8,91,96,65,10,3,97,64,89,30
32,8,20,90,18,94,65,60,28,100,79,50,93,25,100,2,49,84,36,75,66,25,72,32,89,88,50,37,3,54,61,93,1,24,56,51,3,45,55,67,4,80,59,39,91,100,42,20,15,7,21,76,46,38,74,46,17,50,50,6,68,15,79,61,37,86,43,24,49,32,39,88,9,84,72,36,39,55,22,63,54,82,18,34,21,15,91,91,56,18,92,82,36,16,14,81,9,82,68,7
85,34,63,66,43,90,75,99,43,60,24,76,8,57,67,33,5,15,52,19,20,8,29,70,72,4,82,46,61,27,65,93,83,99,91,53,3,26,11,63,46,37,35,14,52,63,19,34,73,85,91,72,59,75,21,40,95,61,33,0,40,19,74,36,100,86,20,59,19,46,37,39,92,11,87,46,0,17,3,50,99,94,5,78,98,42,59,7,97,79,47,52,47,14,12,23,20,19,99,25
68,10,59,99,95,62,39,52,52,25,21,57,81,79,4,78,26,97,6,67,91,41,75,76,37,44,6,55,77,25,76,26,42,58,65,87,73,34,68,27,25,21,9,41,81,25,48,74,86,51,14,67,25,22,94,31,61,66,94,17,51,68,1,82,89,69,30,4,92,64,66,69,83,12,26,3,99,31,10,11,40,94,99,24,69,42,94,24,70,16,6,87,71,11,50,70,87,33,92,15
25,3,98,24,30,81,54,58,69,15,53,35,71,30,47,53,14,41,36,98,46,18,69,43,58,26,50,74,75,25,69,81,28,42,28,66,74,45,11,13,3,21,85,24,98,89,43,61,90,100,47,18,1,64,22,16,45,16,44,54,63,62,26,16,37,56,57,14,57,89,77,60,59,84,4,28,100,6,18,51,9,4,19,9,36,78,65,80,57,28,79,62,10,86,87,89,98,91,41,92
0,66,94,54,10,15,85,64,94,8,91,74,45,42,24,93,39,42,95,56,26,29,0,61,54,37,37,83,3,8,64,9,64,94,64,57,33,2,34,82,96,65,48,88,94,35,30,67,46,83,6,91,60,19,88,8,94,97,47,27,82,97,71,65,10,4,83,100,1,44,54,8,87,2,44,65,26,88,77,79,98,11,80,81,61,84,47,65,33,34,17,2,90,37,87,26,62,4,13,65
12,54,78,78,62,40,9,34,65,61,85,86,19,100,65,32,34,44,3,61,69,39,80,45,62,58,44,99,100,75,6,53,73,1,61,87,0,69,86,18,2,10,9,97,64,66,11,12,39,59,15,77,3,51,6,55,23,69,35,34,33,76,35,49,49,95,46,81,65,89,75,36,95,48,85,48,32,18,45,14,75,14,80,96,78,26,28,42,4,69,26,48,56,75,73,81,41,14,29,15
96,50,87,53,49,59,2,85,0,51,23,62,5,95,7,84,69,63,55,99,15,23,46,52,32,36,77,22,54,51,4,78,7,71,74,3,97,96,63,6,40,42,24,76,6,21,20,22,26,0,19,79,41,54,72,15,8,0,50,5,13,87,57,30,78,92,38,45,86,14,58,78,93,22,29,33,54,81,65,31,36,49,62,30,46,51,6,85,7,100,38,72,75,19,2,94,90,39,7,98
22,74,10,99,20,61,75,76,96,22,76,70,34,70,100,53,78,1,79,100,28,4,80,87,63,37,8,87,86,33,46,22,89,65,51,58,92,29,37,82,94,8,49,13,52,44,79,31,23,65,18,37,100,89,18,18,29,66,42,21,4,81,99,6,71,54,85,77,90,60,25,17,84,33,78,45,87,83,54,74,42,36,65,52,15,31,78,21,46,56,39,72,85,56,42,43,27,83,74,7
3,7,86,89,3,95,55,16,52,1,92,61,91,38,3,25,51,22,27,48,22,95,61,73,77,71,45,66,93,66,9,42,31,7,6,66,100,95,13,47,86,100,46,82,89,39,40,27,96,99,22,69,10,93,44,12,17,67,78,90,87,58,80,97,65,42,22,73,98,15,84,55,10,92,93,92,38,44,94,23,48,72,87,31,3,83,80,30,99,23,49,21,79,64,62,54,79,13,2,47
44,13,31,41,27,55,70,27,79,23,57,94,45,25,74,60,80,91,38,72,39,45,84,12,81,64,84,65,61,62,82,3,79,54,23,60,44,22,90,39,23,40,52,5,13,62,14,24,74,8,93,57,28,27,6,76,41,98,89,70,19,97,98,35,86,3,36,65,73,71,73,29,87,4,17,82,26,21,37,13,79,69,23,96,57,95,86,42,37,22,91,92,88,46,56,79,8,40,34,70
92,16,3,21,29,20,70,68,7,80,2,93,7,40,39,99,82,48,44,8,37,83,77,10,17,98,96,24,72,46,45,35,2,85,76,97,20,81,13,36,66,32,47,3,47,60,6,15,84,3,32,87,94,1,76,89,81,71,21,43,76,79,76,87,80,35,15,71,3,12,86,72,87,78,51,13,75,3,62,2,53,5,88,92,13,90,74,11,29,21,92,76,28,4,63,54,22,55,85,37
62,44,61,49,82,62,6,50,86,38,63,53,12,23,33,91,66,7,91,8,9,86,72,39,90,28,65,69,94,23,46,48,50,66,45,33,38,71,97,84,63,76,7,31,50,51,69,90,45,54,96,59,86,29,35,57,59,91,78,48,42,69,8,49,51,43,34,26,41,78,83,76,92,37,0,32,74,100,56,24,57,11,70,10,87,7,75,15,99,73,7,57,48,54,99,39,40,53,81,93
4,5,7,63,75,39,34,100,84,48,42,3,13,72,18,6,27,48,39,89,22,47,63,45,72,5,93,3,51,21,62,3,42,95,21,99,59,75,22,57,36,100,44,62,79,34,12,16,43,60,49,80,71,37,85,48,70,11,56,58,76,67,99,29,51,46,13,13,42,83,49,37,35,41,24,20,17,9,61,90,14,41,5,48,88,77,61,26,48,39,56,94,88,18,20,55,11,7,40,26
20,45,12,21,3,64,12,27,86,13,55,3,63,67,95,96,48,69,80,93,25,71,38,37,23,14,30,24,97,76,10,92,32,56,44,69,41,21,7,7,19,6,84,4,56,15,15,5,53,46,60,5,9,74,77,25,13,5,6,34,42,95,5,68,29,14,7,17,92,57,47,72,12,98,41,51,17,10,66,16,46,84,69,57,8,59,84,58,26,83,100,92,72,93,16,29,92,22,25,39
39,88,35,35,12,48,99,82,41,58,23,64,81,38,5,23,42,25,59,83,12,3,38,99,25,17,59,80,52,77,70,57,32,71,91,26,63,67,47,40,77,36,96,68,2,25,90,44,66,23,54,25,23,10,40,69,90,76,79,65,47,62,63,86,3,11,43,3,47,15,93,8,43,54,41,48,25,48,14,93,95,42,7,100,41,69,23,68,78,90,98,44,53,84,34,75,39,4,23,25
70,17,15,0,81,38,90,61,54,90,52,30,22,10,45,75,29,39,70,97,29,53,35,92,49,57,73,18,77,10,52,28,42,10,18,81,70,35,63,41,13,39,19,47,24,22,6,26,77,3,92,91,60,24,14,19,72,76,65,97,53,36,35,92,92,14,71,10,50,76,80,66,46,77,69,18,11,21,51,21,30,16,38,45,34,74,39,23,9,38,78,61,40,21,12,88,41,5,12,91
49,77,86,72,40,65,27,54,23,51,37,6,40,11,77,85,57,89,22,37,97,43,47,81,28,39,15,100,75,83,60,83,29,77,88,40,46,43,10,12,34,1,38,21,70,42,19,48,33,30,17,16,64,7,0,88,81,16,99,64,33,14,36,39,96,37,77,20,32,68,87,21,69,53,70,86,46,2,19,100,54,32,46,30,71,73,27,91,64,35,90,50,30,80,87,80,95,67,70,16
42,60,23,37,26,82,23,13,29,10,62,45,88,38,42,4,30,14,70,27,19,26,87,93,94,77,33,52,97,45,55,96,89,64,45,23,54,58,89,28,16,61,98,78,0,38,59,43,18,43,45,84,97,4,46,95,82,99,23,82,30,20,97,78,6,45,84,59,75,91,50,69,34,53,40,46,24,94,61,73,45,31,23,35,95,12,7,41,45,6,90,33,0,85,83,31,40,23,79,35
71,97,82,0,96,32,40,19,18,77,99,77,8,26,77,62,62,15,60,80,14,37,83,62,79,65,91,56,84,7,14,27,89,70,86,57,27,92,23,10,23,27,76,74,7,38,23,67,72,82,63,13,58,81,21,89,97,4,91,47,54,48,6,59,77,92,7,9,95,49,60,68,93,99,56,86,21,1,17,67,18,92,93,41,4,94,52,21,79,33,17,89,72,48,21,56,16,91,96,10
100,46,20,42,23,38,33,99,63,58,75,76,46,18,11,42,95,73,51,9,16,64,80,7,40,82,27,52,58,18,47,8,74,35,86,48,32,97,52,39,51,81,14,69,85,59,52,50,69,88,37,63,78,63,13,92,89,17,23,79,57,0,2,36,90,3,5,91,70,12,53,85,56,67,29,84,78,56,76,32,99,51,84,36,44,62,72,94,27,67,12,29,5,34,0,58,100,93,9,83
66,69,60,0,6,56,72,83,48,89,11,6,17,100,29,3,24,56,94,87,16,33,73,31,51,10,99,77,95,54,12,4,22,53,44,45,21,27,2,95,75,4,59,44,61,77,61,58,87,99,4,58,48,61,85,58,55,93,10,39,94,4,39,71,65,82,27,61,85,83,41,16,47,13,96,26,15,25,4,98,61,3,12,78,24,74,61,44,0,17,27,30,9,79,82,24,82,54,45,62
54,77,20,65,58,0,15,78,13,80,3,69,68,42,8,42,67,66,72,28,57,83,21,31,87,77,4,67,70,79,57,7,65,66,2,18,67,92,19,43,47,67,18,56,35,85,89,33,42,78,67,60,82,25,1,48,65,70,30,27,94,69,96,35,57,11,48,80,21,13,16,54,38,78,47,37,86,98,64,0,81,22,45,0,67,20,29,45,7,1,49,10,91,3,72,81,38,89,74,12
96,13,37,10,62,60,17,45,52,44,12,41,62,28,37,14,70,24,61,33,21,27,59,9,50,38,21,33,17,12,82,79,99,48,64,61,95,61,13,72,3,4,48,18,20,59,41,25,95,82,1,19,95,96,25,55,62,12,79,15,5,95,69,61,85,60,45,24,13,33,45,58,89,77,6,13,51,91,51,46,49,84,95,28,36,31,34,34,96,95,4,17,31,26,80,49,53,78,22,5
64,98,98,23,52,26,38,97,51,81,18,33,38,86,46,64,59,7,95,53,39,20,9,31,86,14,43,35,63,54,57,28,79,34,10,86,66,0,94,1,91,38,81,40,8,45,73,62,88,19,11,2,67,50,64,56,94,53,100,40,7,63,41,22,81,50,9,51,91,79,22,33,27,1,11,24,0,33,2,26,74,90,34,6,41,60,47,72,59,15,45,15,80,26,56,61,75,17,62,47
18,87,71,61,8,45,35,56,62,65,89,2,30,85,61,17,13,98,32,83,61,53,50,78,5,97,18,92,8,33,15,11,78,96,45,34,96,75,81,90,73,40,28,98,6,6,64,26,26,94,28,52,66,75,60,83,48,74,51,77,84,18,60,65,58,7,29,3,64,76,66,92,37,54,14,16,72,34,61,75,9,48,93,60,58,65,75,89,86,79,25,100,67,15,27,41,42,36,64,10
62,90,51,36,39,82,41,84,24,99,56,67,30,18,32,84,74,69,65,90,31,50,41,79,19,64,98,51,74,49,4,12,12,97,79,28,51,39,35,21,46,82,99,70,96,32,51,37,99,72,19,83,97,41,39,65,50,86,48,72,44,47,76,74,74,68,57,95,51,72,40,64,78,67,38,45,10,34,41,97,64,49,83,78,56,36,3,18,100,86,70,12,24,45,98,68,94,85,5,91
91,54,70,63,97,43,30,73,44,65,57,92,85,40,47,73,3,3,62,0,3,43,34,49,48,79,90,45,87,52,35,2,29,15,55,26,27,0,71,32,18,33,39,19,61,53,80,45,94,55,86,89,84,6,38,5,83,21,67,95,35,25,60,33,32,16,40,97,92,64,14,13,51,88,50,78,89,19,88,75,17,17,20,40,70,56,4,36,27,53,33,97,68,73,17,67,13,72,88,23
14,80,69,48,7,47,0,23,40,60,45,93,33,13,10,24,55,4,8,0,97,42,80,5,89,53,0,1,18,50,70,22,20,67,80,73,26,20,70,49,91,77,36,63,1,87,23,26,41,31,23,70,4,60,23,79,59,54,24,100,49,5,51,51,13,75,67,80,64,20,35,95,94,88,4,69,50,30,66,87,92,94,91,29,56,12,52,87,71,54,81,20,31,41,31,45,15,40,50,77
41,26,25,38,92,57,43,46,16,17,42,52,67,67,3,95,70,97,39,24,59,33,29,80,1,72,88,48,56,67,39,73,90,2,38,30,89,50,24,3,74,14,47,93,91,65,96,76,80,3,43,10,32,41,87,59,29,26,9,97,68,48,49,26,7,31,59,86,82,11,22,82,77,68,36,4,42,19,95,27,73,65,14,74,13,89,22,2,20,8,15,99,84,38,78,2,35,82,10,63
100,94,14,11,17,58,86,12,4,21,5,42,32,19,59,48,34,74,74,38,36,69,40,96,19,48,77,47,95,54,15,63,54,9,0,56,2,91,30,62,76,94,53,70,6,28,67,5,77,0,80,0,58,44,36,71,45,8,62,14,82,20,39,94,62,69,17,84,57,37,82,100,51,85,95,29,79,35,89,61,12,34,29,53,94,80,1,93,51,33,94,18,69,28,83,90,87,83,14,42
32,62,25,42,81,95,75,52,43,54,83,30,68,48,94,97,4,42,26,91,15,29,28,23,76,41,18,55,47,16,22,6,33,19,54,48,13,100,21,42,68,31,81,55,10,75,32,12,79,1,33,46,81,52,87,95,76,37,71,21,55,73,48,95,22,98,43,74,53,41,46,13,97,41,70,66,4,56,92,33,45,62,16,64,72,13,58,65,28,59,6,59,66,21,65,89,1,72,73,71
84,19,56,10,7,13,93,20,90,65,62,41,73,71,6,68,100,72,60,19,61,10,76,17,34,95,79,77,61,75,99,92,90,38,40,26,56,47,97,22,20,54,52,89,84,6,4,51,15,12,50,48,67,20,7,61,16,13,10,5,90,21,42,13,58,66,70,27,61,57,12,37,90,49,7,4,27,32,23,22,38,10,84,32,100,15,42,41,30,85,73,88,71,80,8,70,75,35,98,93