43,47,91,4,36,14,44,34,3,41,4,67,41,16,76,70,99,55,100,52,9,74,77,95,44,6,57,39,24,93,38,40,76,6,82,18,20,18,17,50,20,78,89,68,43,28,30,14,42,44,23,41,81,32,4,34,75,63,55,82,92,85,19,31,57,45,29,59,96,79,67,53,14,86,4,90,20,2,57,79,66,42,60,13,15,10,0,51,17,55,74,0,32,1,36,31,52,31,77,10
55,59,64,20,100,36,31,34,19,90,16,84,100,14,40,22,36,95,18,34,4,10,51,98,53,34,82,38,8,15,76,26,20,17,28,6,99,28,48,40,78,49,33,32,19,63,93,49,13,1,80,95,6,8,21,52,79,19,5,27,90,98,63,25,11,50,39,77,28,62,46,7,61,20,59,59,89,63,75,38,88,19,84,45,96,77,39,96,42,10,35,85,19,2,50,19,46,33,5,97
17,91,91,6,27,1,84,8,41,72,100,85,21,82,12,96,61,2,68,45,44,33,17,81,97,16,13,49,27,35,14,64,3,24,52,96,39,58,26,31,91,68,48,28,66,71,66,6,41,24,76,14,73,1,78,22,93,99,8,71,70,79,84,13,80,51,8,88,97,11,24,91,34,58,99,23,39,52,11,68,72,90,38,15,18,28,48,100,98,16,96,55,59,60,36,45,96,31,43,40
10,38,43,79,20,53,59,38,31,79,61,58,66,45,34,81,50,32,86,34,83,97,95,42,66,49,5,33,74,56,13,68,77,51,27,86,69,13,19,53,59,91,41,24,54,100,56,92,94,6,91,91,34,25,6,100,1,78,35,51,22,52,58,86,50,26,7,24,25,95,31,50,4,37,63,28,58,74,11,2,54,25,32,17,40,61,0,100,59,86,66,81,56,75,58,37,66,36,49,31
43,17,44,70,39,77,68,25,37,14,54,40,93,87,9,18,100,79,96,97,31,30,76,82,22,24,5,96,58,16,57,71,60,6,52,89,30,73,85,39,4,94,10,38,19,50,74,86,99,75,39,52,20,83,88,61,12,6,19,93,57,96,28,80,54,14,15,62,42,43,60,61,41,40,55,30,95,46,19,84,41,46,60,29,33,29,82,32,11,63,28,93,38,13,35,72,9,63,16,36
73,48,60,49,59,33,52,7,9,65,38,85,98,61,51,40,22,72,88,18,96,88,20,37,22,55,57,3,50,95,67,73,14,9,83,17,56,82,27,83,73,13,54,53,47,81,55,76,87,70,60,82,29,21,60,38,44,14,16,1,85,27,69,9,5,24,3,91,87,42,50,76,79,9,25,5,66,9,41,52,90,96,11,84,62,73,63,4,87,5,4,2,16,76,20,15,53,31,64,41
58,60,43,89,82,20,64,95,59,27,56,54,73,69,81,77,100,54,57,100,14,68,54,63,30,27,8,1,98,11,43,95,99,58,6,0,46,33,84,43,43,90,86,5,13,7,59,55,72,39,10,7,28,71,35,46,23,60,38,3,76,97,4,19,95,5,70,77,33,39,50,10,85,68,44,35,1,37,99,70,93,77,58,63,23,23,23,89,88,76,9,0,99,95,83,64,91,52,17,6
30,29,27,95,32,0,52,95,51,10,81,12,53,100,52,47,50,9,41,90,96,15,83,86,11,16,78,50,93,19,20,62,66,38,33,53,98,16,77,14,26,63,88,74,24,21,25,84,74,7,43,23,30,70,85,72,38,5,5,82,65,85,86,71,100,95,45,90,31,43,9,35,45,54,36,86,39,4,3,86,96,55,13,53,80,46,75,16,12,9,72,8,44,27,7,66,14,72,100,39
57,20,89,11,54,20,0,12,71,73,43,79,82,7,10,70,45,68,71,3,6,58,73,82,2,27,69,20,65,46,89,6,16,90,33,74,21,15,12,20,1,33,18,73,80,3,71,27,88,68,16,35,48,87,56,12,4,30,54,10,52,35,71,35,66,34,93,97,33,52,23,42,91,65,89,84,83,45,22,99,66,55,13,59,7,35,7,24,5,32,3,39,24,15,52,24,82,95,62,56
8,19,43,24,35,4,7,41,22,62,68,77,57,38,10,57,56,19,76,35,90,39,86,14,88,95,56,55,43,45,48,75,59,76,90,17,2,3,31,4,6,35,74,67,48,6,68,77,95,75,41,50,57,77,65,44,2,2,91,66,99,100,49,73,30,97,65,53,74,14,27,41,78,55,73,65,67,2,19,38,52,6,97,99,76,3,28,80,81,26,91,47,51,70,87,26,81,80,78,45
32,38,63,54,51,44,97,97,56,33,16,64,46,68,63,67,51,11,45,91,2,66,61,95,42,34,85,1,84,63,51,4,16,41,97,55,6,12,11,23,14,84,21,24,42,55,84,40,47,7,77,39,90,26,5,15,47,63,25,52,96,41,5,70,34,70,65,91,50,95,39,20,5,7,7,100,88,62,54,2,89,38,13,70,27,26,36,72,32,79,19,27,53,91,22,26,9,96,3,86
38,47,76,65,45,11,82,41,43,75,23,47,21,99,76,93,0,17,76,42,3,93,24,19,46,86,80,93,1,23,27,22,60,41,19,50,19,53,67,12,55,49,100,44,70,85,50,2,55,12,22,31,65,45,82,47,47,74,31,66,8,1,16,84,39,52,72,40,13,4,27,59,27,7,80,32,87,22,100,19,58,58,60,21,58,7,88,100,36,51,87,53,43,61,12,49,59,27,85,41
13,24,95,10,27,75,50,79,22,29,33,60,94,60,73,48,42,7,76,100,61,21,80,77,76,58,54,59,10,26,94,40,50,82,58,11,56,49,43,63,43,28,41,33,49,64,98,38,44,9,54,30,26,78,91,20,74,74,43,58,1,29,5,22,44,31,57,81,47,50,19,16,27,31,72,93,34,61,71,24,100,73,46,77,15,57,96,69,81,21,22,29,17,82,3,3,68,68,30,14
40,28,90,11,42,19,17,10,23,19,38,63,100,89,41,11,1,87,99,41,49,42,52,27,41,39,3,22,90,68,47,62,61,30,46,15,51,16,24,9,14,31,95,71,73,59,47,64,56,75,60,76,63,16,81,62,57,96,77,89,57,9,42,68,24,29,13,46,92,56,0,82,93,20,80,35,65,73,33,1,58,59,76,62,85,66,64,14,1,80,63,81,27,64,14,47,9,0,76,48
34,12,45,86,95,100,62,86,62,68,69,3,81,29,49,41,24,99,96,14,84,56,62,51,38,38,2,57,60,42,32,74,17,74,26,20,8,51,73,72,49,26,41,79,3,47,11,20,75,2,75,96,8,76,65,50,0,74,32,44,53,24,32,90,54,29,40,88,39,82,68,29,17,78,81,14,76,20,14,43,35,9,5,84,1,96,31,80,78,63,40,86,54,86,14,99,74,94,22,5
50,83,37,56,44,100,36,83,29,36,60,92,77,19,69,74,23,1,24,92,36,30,69,60,52,49,94,63,88,17,24,70,49,35,74,38,21,40,8,17,78,71,10,0,43,87,67,63,14,67,21,27,91,98,21,98,17,43,87,44,12,6,43,75,1,42,88,77,93,82,38,5,29,40,31,90,10,47,41,9,59,53,78,78,41,39,76,31,25,88,75,42,41,63,32,80,91,20,98,8
98,50,86,39,54,17,21,86,16,39,55,1,47,73,7,62,84,19,93,48,45,100,94,85,91,94,95,40,46,34,64,39,45,94,66,44,48,54,5,75,91,42,2,45,4,76,89,89,36,17,49,12,0,35,60,38,79,9,35,88,97,44,19,84,17,25,40,64,57,89,7,51,84,80,60,64,5,88,30,64,82,88,55,40,62,54,23,49,95,78,7,39,22,7,77,32,71,9,21,60
65,83,53,42,92,13,62,4,18,10,92,11,59,19,27,27,68,10,13,65,14,66,12,63,48,23,64,38,29,14,28,78,54,40,73,42,79,62,81,62,88,78,44,35,30,16,91,69,99,35,7,98,58,50,66,63,32,21,96,38,83,77,11,3,48,74,57,26,84,17,64,26,41,71,85,9,62,47,49,40,67,44,12,73,85,95,53,97,73,80,66,0,7,72,51,20,26,85,62,49
88,6,50,31,87,32,42,39,22,91,99,90,27,51,2,36,11,63,49,77,9,91,18,72,26,28,73,7,81,60,6,38,33,48,35,22,44,49,65,32,30,67,3,55,2,49,38,34,86,90,29,24,7,67,65,10,33,92,64,77,75,92,67,46,85,95,35,7,25,51,84,30,23,86,15,47,68,77,97,48,79,68,18,81,86,29,56,24,67,40,57,39,79,91,46,44,96,58,18,13
55,93,3,26,38,42,61,42,80,18,100,68,19,96,2,8,9,80,47,1,88,53,49,76,83,22,83,47,57,87,48,80,85,49,14,97,64,57,83,33,55,12,72,5,81,85,59,95,22,60,60,4,2,72,71,62,8,79,68,47,51,9,59,18,27,34,56,88,40,82,45,55,63,29,11,43,22,30,14,3,37,33,29,56,71,62,13,77,77,71,92,70,40,36,30,31,49,94,46,39
57,90,94,74,26,36,39,13,19,36,11,33,21,0,36,94,35,73,75,62,64,52,48,3,68,3,48,40,35,37,21,66,62,2,18,37,60,25,100,75,7,31,48,19,45,48,53,86,65,15,26,69,98,36,84,74,46,44,23,46,99,28,70,42,29,32,0,95,33,11,50,61,64,40,42,37,15,45,25,79,6,75,54,18,69,47,100,6,82,45,27,43,3,19,72,25,64,17,13,21
95,7,68,64,14,8,35,89,48,69,98,87,99,56,74,70,73,29,75,24,72,54,62,67,8,24,64,67,83,11,48,2,88,90,49,75,40,73,86,64,56,48,38,90,64,17,62,25,83,95,63,76,48,32,23,56,80,35,99,20,39,30,23,39,37,33,41,50,49,90,92,25,28,58,59,37,93,26,79,4,41,53,65,6,24,50,26,57,43,38,21,36,50,28,95,41,43,36,1,19
54,86,91,38,91,70,68,31,52,46,7,88,68,13,3,28,47,61,6,75,43,79,11,47,35,86,63,30,16,6,9,11,40,45,26,27,14,94,54,98,70,46,3,34,91,90,78,92,77,59,2,18,48,17,31,50,24,1,5,59,18,51,77,49,88,27,55,5,75,66,53,93,59,44,53,17,75,47,44,16,99,99,20,99,35,22,52,47,18,86,59,12,78,89,17,6,55,23,80,17
68,37,49,43,49,93,67,55,33,43,92,95,36,87,95,20,74,60,54,88,33,88,45,41,33,37,35,25,35,19,63,87,38,10,10,97,28,43,86,70,34,25,5,53,79,59,41,26,8,40,49,88,41,16,42,8,30,34,60,65,15,57,17,79,27,33,22,10,95,92,32,19,23,68,62,99,27,99,53,70,18,28,75,93,53,80,41,40,19,94,8,34,32,96,56,70,42,9,13,68
93,71,100,5,58,49,30,29,56,20,91,31,13,39,7,3,8,60,77,75,31,6,47,87,13,6,60,82,47,31,27,4,67,75,97,74,32,62,29,49,99,64,13,55,58,2,5,60,29,39,51,0,9,10,23,33,87,66,40,12,56,45,11,4,17,49,15,51,63,100,64,60,90,74,65,9,50,53,2,47,77,17,10,37,12,11,23,3,53,17,34,59,40,61,26,6,57,25,43,26
88,84,43,59,64,80,59,19,96,59,91,13,27,51,80,15,55,89,7,37,59,34,87,66,71,32,7,26,39,98,62,74,71,43,65,95,58,91,79,63,52,16,35,8,23,53,74,42,5,93,16,56,3,69,71,52,98,25,44,15,29,83,10,2,72,23,53,90,8,73,19,13,16,2,88,88,60,19,100,75,0,67,30,33,90,86,80,27,62,63,36,28,36,27,12,95,22,14,87,4
38,98,13,13,95,72,48,21,14,42,62,8,74,36,74,66,24,6,38,20,85,95,61,14,71,55,83,42,12,8,100,47,54,37,27,11,65,67,83,63,16,85,83,45,93,51,53,14,65,29,52,97,53,64,95,65,35,80,32,65,55,73,62,33,47,23,95,36,33,31,41,67,69,10,67,6,96,73,9,12,98,77,7,77,99,60,94,56,48,55,14,2,67,71,26,22,86,22,22,55
63,98,23,51,43,68,31,11,22,6,9,8,44,7,15,19,54,77,76,69,81,32,56,41,31,20,55,8,76,24,1,95,5,74,4,60,4,61,29,83,93,28,25,45,89,15,26,75,31,45,12,25,29,42,45,96,69,41,37,71,95,54,20,75,88,100,38,63,6,48,75,16,37,70,76,39,72,47,41,90,35,51,26,79,9,64,21,5,55,58,51,14,94,79,35,36,25,67,76,63
70,19,86,38,2,31,79,58,9,77,65,17,28,9,62,33,14,30,77,92,27,35,89,38,61,21,63,48,19,21,65,9,97,4,65,25,59,55,99,27,17,71,58,100,11,69,32,69,92,36,87,5,37,98,26,1,31,68,61,68,16,67,1,41,0,3,63,99,70,17,74,1,83,93,86,45,18,27,73,79,50,26,58,89,19,81,34,50,89,68,49,96,84,34,92,92,44,18,29,33
87,50,91,13,76,25,5,77,81,40,35,61,93,5,43,30,44,59,40,92,56,11,12,79,62,8,91,23,59,48,56,22,66,84,98,37,71,10,80,50,41,80,92,94,12,23,40,49,73,99,9,44,24,84,51,49,21,88,16,59,9,19,72,45,67,52,97,54,58,39,18,14,44,47,81,24,88,59,22,24,71,46,21,43,30,92,67,16,84,87,20,27,84,41,48,17,60,80,43,2
6,76,20,95,61,41,54,52,65,2,26,27,87,63,71,36,70,62,26,31,64,24,82,42,53,65,11,54,12,56,40,46,76,81,7,18,22,53,26,90,66,73,75,18,95,19,34,21,5,28,98,33,28,41,27,33,88,83,30,89,45,35,60,39,23,24,19,48,60,13,77,33,53,94,64,79,37,6,77,20,80,7,68,91,4,72,17,49,34,70,55,53,74,90,54,69,69,28,63,80
70,38,28,51,9,95,85,51,87,17,21,29,72,78,55,40,24,92,14,16,52,92,9,43,98,53,83,83,10,61,83,79,58,37,19,17,16,16,34,37,37,68,14,93,19,77,55,11,49,7,88,42,34,84,76,41,37,60,70,93,67,5,29,11,44,22,98,18,40,58,55,36,74,74,94,46,17,36,0,14,12,25,40,86,2,7,56,22,68,33,95,31,86,20,11,31,67,40,65,66
45,89,87,66,8,39,56,37,40,58,75,65,35,54,3,99,20,88,53,41,89,62,12,4,93,9,96,79,46,73,9,7,34,1,27,9,80,37,53,91,45,18,87,28,22,90,42,90,13,94,12,86,4,17,14,63,90,75,38,16,69,2,66,10,71,29,56,45,94,38,94,86,12,84,59,50,42,14,80,10,100,52,43,52,3,56,66,74,10,87,33,11,72,44,39,41,13,59,24,99
79,20,76,47,95,20,49,76,53,79,7,60,53,36,100,34,57,93,34,76,48,53,44,62,55,45,92,35,6,30,98,13,23,94,63,0,7,55,60,98,60,77,52,76,25,5,78,12,96,33,93,13,17,25,31,38,64,76,77,50,92,23,8,79,49,52,92,78,48,19,86,99,48,8,76,77,27,51,82,85,66,87,33,82,1,34,83,7,51,69,17,8,86,56,40,66,46,2,64,68
47,94,15,32,48,13,31,15,50,67,33,79,25,77,18,31,20,42,44,42,35,23,62,75,31,46,40,64,16,16,49,68,87,78,38,18,98,82,53,45,100,90,76,12,30,18,75,64,90,76,69,60,67,59,84,85,58,88,48,40,47,83,17,61,82,36,62,41,52,58,58,82,43,68,20,18,16,97,16,88,65,70,26,87,4,23,71,53,73,82,13,62,83,13,27,54,38,43,100,99
29,88,81,54,20,5,79,10,98,49,0,16,35,25,84,74,58,56,90,34,0,76,82,82,0,45,85,74,89,17,70,44,49,59,7,85,85,98,27,84,19,84,80,98,32,49,84,81,25,90,81,63,23,49,37,52,55,8,19,10,46,66,3,59,45,61,1,35,27,66,27,36,42,53,98,37,61,100,95,38,97,58,35,81,55,66,55,93,57,24,84,83,23,17,36,97,0,95,14,13
61,48,82,85,4,40,84,8,77,93,100,56,70,57,0,50,77,43,74,58,23,17,1,86,19,42,70,52,6,72,11,81,12,40,14,42,20,45,24,93,42,13,16,99,76,4,88,59,37,48,85,42,2,20,58,63,23,5,44,61,39,35,91,69,47,69,94,8,17,49,90,87,83,57,56,46,78,57,69,52,89,42,10,74,70,75,93,80,84,59,3,69,28,2,32,87,72,74,91,84
10,2,74,26,4,76,75,97,53,87,92,72,31,75,87,70,21,36,30,41,95,48,20,86,1,59,3,44,61,16,66,5,79,49,79,98,13,60,44,46,25,82,37,90,43,66,12,19,5,42,39,75,60,11,47,21,68,63,9,45,8,56,22,29,79,88,21,21,17,91,26,97,39,86,53,64,62,83,66,21,98,62,27,6,65,13,85,79,69,33,67,48,5,60,15,33,38,80,80,94
2,80,74,2,96,26,44,28,72,85,51,31,89,10,37,19,50,94,32,48,14,54,5,44,26,12,94,94,24,75,90,72,24,10,97,36,100,84,100,56,44,27,46,36,23,96,91,57,93,45,38,19,26,87,70,69,9,13,4,27,25,89,29,88,67,65,54,93,61,26,51,63,84,93,43,46,29,35,87,42,49,81,67,5,18,37,33,67,13,65,81,35,28,100,79,91,51,4,37,14
94,55,0,54,16,64,81,34,15,13,57,66,46,74,35,60,20,18,49,57,2,13,71,44,96,19,83,68,46,56,11,24,10,55,20,80,7,74,69,41,37,47,24,79,17,15,51,12,46,27,85,55,99,62,80,86,1,42,10,90,62,73,72,22,21,91,41,96,75,61,31,78,88,82,76,98,90,20,46,97,9,66,10,27,100,52,2,17,11,54,0,62,72,36,31,35,79,62,91,42
40,32,99,62,14,2,87,14,80,88,0,37,28,76,85,25,4,11,45,78,77,48,5,78,80,16,100,99,74,86,9,96,19,84,26,76,26,8,53,62,40,23,24,33,53,29,58,98,99,20,53,8,69,97,3,80,63,81,25,57,66,34,2,18,59,86,62,83,49,23,57,67,21,92,47,53,78,71,76,47,99,7,31,22,71,81,49,32,11,13,60,42,30,99,11,99,69,84,49,13
69,3,66,65,39,87,94,26,67,47,100,9,72,16,3,31,69,36,17,55,77,16,84,61,56,58,18,97,20,71,31,76,14,41,29,0,56,58,4,25,7,95,91,18,4,46,10,91,11,78,72,3,98,9,55,79,48,31,23,81,74,19,63,46,74,68,43,27,0,30,63,80,34,89,41,4,25,8,12,68,44,56,32,92,39,92,71,36,11,22,75,46,74,94,55,65,55,37,16,75
84,79,45,80,13,44,37,18,82,56,76,47,62,18,74,5,44,1,74,78,73,92,43,1,85,18,26,48,65,62,41,29,10,23,27,93,15,79,10,36,50,33,5,10,10,90,88,52,5,3,27,14,70,36,98,52,93,13,44,45,47,43,16,16,72,36,93,59,87,16,77,32,43,45,28,99,81,23,4,47,73,47,36,79,5,93,86,18,93,45,24,79,70,50,90,74,14,41,6,2
92,35,76,98,79,17,79,36,96,15,54,43,37,6,42,5,7,37,71,33,21,50,41,100,5,56,55,51,92,20,100,85,80,0,86,2,68,98,63,52,10,25,25,23,51,7,90,84,6,93,17,87,3,12,3,45,85,90,75,95,39,56,61,60,61,24,51,83,10,74,18,67,47,38,9,18,10,37,1,89,70,46,55,66,64,41,7,0,100,46,2,4,32,13,76,91,46,91,93,58
5,60,84,40,38,13,86,75,81,8,0,31,23,70,25,55,18,29,93,12,26,23,70,31,16,87,47,74,23,80,9,24,6,32,29,47,9,52,33,57,54,99,18,9,99,83,78,53,25,100,65,7,92,27,47,78,97,45,30,54,11,2,89,67,81,2,64,61,14,44,9,42,14,3,34,58,63,95,20,24,5,85,54,55,91,82,89,32,74,81,83,52,17,6,8,30,95,50,50,58
36,92,93,95,18,28,31,49,10,3,13,58,30,73,56,53,61,19,39,17,0,52,20,94,60,51,37,74,2,74,44,58,43,84,81,55,38,85,15,58,57,81,18,84,57,49,55,5,6,35,76,59,34,1,23,6,77,52,35,72,12,79,52,20,82,2,23,43,33,93,18,95,50,81,55,23,51,45,73,46,30,89,44,40,57,34,36,38,34,96,20,46,93,84,21,55,68,51,6,100
75,20,30,71,33,34,6,89,41,26,98,3,32,85,93,100,86,6,25,88,2,14,57,77,41,90,51,9,62,30,38,27,85,71,20,63,38,12,81,54,27,47,44,4,39,38,20,73,22,82,76,4,23,82,36,88,20,64,99,94,68,1,25,11,82,64,95,54,2,84,25,54,41,75,5,30,47,46,29,2,17,30,79,32,37,52,25,20,71,48,23,36,89,84,90,31,40,93,14,84
49,20,7,28,3,42,98,53,91,33,8,52,84,20,97,22,86,40,37,33,23,97,3,0,71,15,82,56,86,73,74,29,95,34,99,0,59,5,77,23,54,41,5,39,77,28,22,87,23,38,46,8,9,41,97,12,96,49,32,87,35,33,86,72,52,24,59,67,73,65,24,78,97,90,72,90,20,83,75,36,57,59,75,67,18,19,98,16,86,15,36,61,90,66,0,22,79,88,54,61
24,13,87,89,57,50,48,67,23,36,59,74,57,48,67,100,89,10,28,19,67,8,11,20,18,20,7,53,54,79,20,36,66,99,3,68,69,71,54,35,90,58,89,79,85,94,27,65,71,38,78,80,25,0,96,59,13,66,59,29,100,69,98,23,73,64,96,17,94,1,24,97,36,49,58,34,22,4,32,48,52,49,31,95,81,69,91,72,64,26,60,100,69,48,42,100,9,1,35,30
98,56,47,14,90,58,47,47,85,86,96,69,9,96,62,79,59,5,21,52,42,46,70,20,39,44,92,93,67,24,70,48,7,44,76,11,23,95,86,37,76,30,71,70,82,15,64,3,10,60,28,73,0,82,3,79,39,90,2,49,66,3,18,77,71,85,29,97,23,64,0,88,67,37,10,92,99,60,62,72,47,24,55,77,36,2,43,10,56,78,55,58,1,10,45,69,36,13,75,39
62,28,100,54,19,51,34,1,61,24,27,13,34,63,62,74,62,48,12,92,16,40,28,81,22,66,78,24,11,35,10,81,63,58,63,37,82,10,11,24,45,81,42,12,1,41,79,23,82,80,74,37,96,17,76,84,50,31,62,20,86,26,69,38,42,54,14,27,20,25,49,27,74,1,70,59,74,95,57,81,58,46,60,56,46,92,91,70,47,54,78,68,11,87,41,11,85,41,7,0
45,57,86,74,27,25,40,62,22,21,1,18,100,47,12,93,95,32,32,57,86,87,70,32,21,94,31,85,100,83,21,8,53,86,32,42,54,31,77,74,23,60,61,22,74,18,6,22,36,95,41,88,54,99,23,47,53,88,46,77,90,74,26,19,51,37,82,6,61,38,4,53,39,54,25,19,89,91,36,55,93,25,43,71,24,4,54,5,11,81,51,91,75,17,57,24,100,36,40,70
65,96,71,46,97,42,15,9,90,25,27,64,100,53,48,87,89,37,37,84,70,12,25,25,98,39,14,0,94,31,11,69,74,31,64,18,25,41,35,29,41,13,88,68,4,69,16,42,91,87,10,66,41,28,78,5,38,34,27,19,12,21,94,42,22,86,97,3,99,7,6,58,39,62,3,4,43,86,60,90,71,18,44,24,46,86,27,5,5,95,32,2,52,26,15,90,29,69,34,50
9,32,30,22,47,30,35,20,53,21,75,89,65,56,54,67,65,6,83,86,12,80,64,56,35,17,5,75,9,59,30,75,80,57,41,97,88,59,86,51,32,84,63,81,72,62,22,44,34,37,100,48,38,8,92,37,76,2,57,4,66,20,2,41,43,55,11,98,87,30,40,64,8,40,77,35,10,54,93,92,52,43,38,94,75,43,4,23,47,60,43,81,98,45,70,95,7,61,21,52
7,7,9,34,62,74,52,2,6,43,10,10,93,69,38,33,7,3,57,12,18,79,66,55,20,11,40,38,17,41,87,98,15,70,50,25,55,45,68,33,37,78,100,44,5,77,90,7,86,2,10,93,15,98,50,70,80,72,58,63,32,44,14,20,50,51,16,40,33,44,11,17,68,94,52,61,47,18,45,93,47,48,46,83,30,47,10,39,0,56,74,43,17,27,60,1,35,82,37,79
49,99,73,2,15,38,36,13,45,23,71,46,98,35,94,89,44,25,62,97,39,33,49,65,8,69,16,33,98,30,55,43,53,62,69,2,87,56,49,85,33,96,63,87,87,19,78,21,80,95,15,13,77,86,46,65,81,23,77,85,40,68,65,28,12,87,1,77,44,43,25,28,50,61,39,62,94,96,42,93,61,80,40,52,30,95,30,65,63,83,28,12,95,80,34,76,72,90,67,10
36,100,91,21,80,70,83,67,23,66,74,46,52,56,16,28,24,66,35,61,97,61,19,59,32,21,7,67,46,59,100,45,75,58,62,90,51,78,48,79,28,94,31,94,69,2,79,57,23,40,55,36,83,51,72,19,87,46,14,84,78,51,30,79,12,4,40,44,32,15,39,31,80,56,74,7,78,84,9,37,53,8,31,8,49,89,87,51,50,8,63,49,94,5,87,78,98,48,41,77
59,2,54,32,65,18,14,72,98,69,82,56,23,19,9,12,71,22,79,45,74,100,13,41,35,61,73,72,97,45,20,26,79,96,5,6,81,20,3,30,43,76,86,86,38,76,63,2,48,70,18,47,49,51,24,76,68,57,15,81,56,62,86,85,92,87,77,8,21,66,23,81,35,31,8,57,100,74,23,52,22,38,5,6,67,27,8,45,52,64,56,23,41,52,3,45,61,41,13,92
53,80,86,66,84,43,82,77,69,84,16,42,9,49,6,41,42,72,98,17,13,42,64,76,39,7,77,74,94,30,7,17,32,58,46,14,21,5,96,11,36,8,99,21,72,75,57,46,16,49,2,48,26,79,7,50,8,33,19,38,19,14,80,33,73,45,3,74,2,0,94,91,66,86,55,6,62,95,24,49,93,99,90,56,97,48,79,38,78,92,62,25,21,6,90,13,9,14,17,16
72,12,31,19,38,18,32,1,70,32,40,61,61,37,0,69,65,66,56,81,38,73,74,41,93,16,90,64,69,16,76,40,87,39,18,34,52,0,36,82,26,57,94,47,20,93,2,26,61,99,97,60,41,69,46,31,56,23,98,11,84,52,85,81,53,71,98,29,61,25,51,22,9,29,73,85,76,2,65,31,82,88,16,93,54,17,75,29,23,60,55,81,48,1,19,3,56,91,16,2
63,12,73,4,86,52,4,80,8,33,70,94,70,55,33,13,0,2,31,72,63,36,42,63,34,30,67,99,61,59,62,47,35,89,99,92,79,50,87,55,67,17,83,33,17,49,28,72,66,79,59,77,5,73,25,42,13,97,68,86,44,16,26,36,27,18,71,87,25,93,12,36,92,9,32,68,7,97,75,76,5,18,29,65,0,5,69,71,20,74,2,37,2,43,67,87,12,67,21,78
92,95,73,77,6,63,37,82,33,71,11,72,42,97,32,51,34,19,10,40,42,96,60,74,41,16,47,50,96,81,34,48,84,65,72,68,79,29,19,72,62,62,41,80,1,10,99,55,24,5,23,15,45,40,79,53,78,82,47,89,4,74,84,78,32,34,69,69,85,78,90,76,18,4,16,40,12,49,98,55,90,67,26,43,62,34,95,38,92,69,8,27,59,45,72,76,71,48,24,77
89,26,3,92,5,38,8,74,20,81,15,16,38,77,27,95,43,1,32,98,99,55,94,62,75,80,25,73,18,10,0,65,15,0,59,85,40,42,53,43,56,84,36,81,44,93,72,39,17,7,21,4,89,49,78,66,83,45,100,93,5,18,61,49,49,77,66,21,30,79,51,32,22,81,13,80,42,92,53,72,93,15,79,100,57,7,92,4,46,70,40,27,38,6,46,27,63,55,31,99
11,30,9,99,58,71,72,84,16,81,49,68,51,89,91,33,89,45,90,26,76,68,81,84,26,98,47,0,45,56,77,21,43,86,20,64,38,71,74,34,2,75,18,26,7,21,94,46,76,49,71,9,89,41,37,58,2,61,79,41,48,45,63,96,13,55,85,59,35,65,39,22,97,82,48,59,63,28,71,31,59,6,78,4,16,65,86,90,78,79,2,77,51,85,52,94,10,100,49,100
66,41,32,45,30,10,71,26,3,61,78,91,72,74,42,68,95,72,51,8,11,58,89,37,0,72,44,78,6,5,52,26,2,38,19,91,70,76,28,75,18,70,27,79,22,83,22,87,47,15,14,70,64,97,50,61,86,96,51,40,4,54,42,77,27,23,60,61,100,72,45,9,61,17,78,9,40,38,84,48,28,54,73,74,74,64,55,41,50,88,63,37,68,72,52,9,92,53,14,81
49,65,4,49,21,20,16,7,38,20,97,79,35,51,64,57,27,0,0,27,59,62,15,54,9,30,96,52,81,73,76,87,14,50,37,2,6,42,84,64,92,25,38,84,8,27,80,9,40,59,90,18,77,68,8,29,71,63,75,20,93,97,60,56,22,28,14,50,52,60,37,15,60,15,66,44,22,13,80,79,90,92,46,7,96,2,27,49,5,53,79,16,42,68,93,33,98,59,54,44
66,90,59,13,51,67,78,51,82,63,58,43,96,36,47,1,0,95,57,49,50,54,2,76,74,64,20,66,24,81,83,46,52,22,46,65,26,5,86,94,15,79,65,21,26,51,49,72,0,70,56,60,91,64,38,53,47,62,76,48,75,20,1,36,55,16,77,31,32,64,24,81,41,57,39,32,70,3,93,63,92,3,73,31,47,15,30,91,0,27,63,48,64,0,50,64,1,15,67,27
17,54,97,67,73,73,58,3,73,59,100,88,47,61,90,50,90,63,98,42,13,64,84,63,14,5,14,27,54,93,76,3,94,70,71,97,33,77,33,11,18,38,20,63,90,12,51,74,6,7,6,35,64,63,90,70,81,5,8,42,16,35,96,55,97,98,21,35,89,30,70,95,66,10,35,80,21,98,96,1,11,100,91,41,63,57,60,2,9,79,52,97,93,61,34,42,93,63,0,57
37,43,70,76,9,53,11,46,74,2,20,65,24,71,90,56,50,45,92,12,19,13,38,8,38,32,25,53,60,25,14,2,96,84,12,58,96,64,16,53,26,63,95,12,34,79,49,0,92,83,37,21,39,46,75,29,64,86,63,49,31,89,59,38,36,9,78,41,53,39,87,4,79,29,30,13,13,99,83,46,23,22,86,73,33,30,89,41,56,10,65,33,86,75,13,63,73,10,71,20
10,55,22,27,69,32,39,85,36,55,23,65,37,85,31,51,77,74,10,12,46,58,68,62,47,62,21,0,41,4,30,26,42,62,54,99,99,60,89,96,44,16,75,44,90,46,21,72,76,84,95,97,53,22,55,94,79,67,95,1,18,7,8,13,59,60,51,20,7,70,2,31,14,50,76,61,0,29,23,70,52,48,27,70,62,51,28,63,41,81,76,16,26,53,16,71,61,95,22,31
54,44,26,58,28,15,11,96,58,17,69,35,27,68,53,7,70,44,83,75,41,8,44,11,21,69,84,1,18,33,16,86,29,26,94,91,5,72,80,78,97,90,83,33,67,93,30,13,10,34,38,31,79,56,69,77,37,95,6,75,12,53,50,60,53,79,94,80,34,19,18,36,70,39,37,76,84,94,65,21,100,66,99,38,44,10,59,99,35,29,12,93,88,96,32,22,99,50,55,40
79,59,46,1,53,32,9,18,33,78,46,80,17,100,87,97,38,25,84,11,43,98,9,19,6,49,49,11,82,67,95,60,14,4,94,94,65,92,8,45,54,11,0,56,41,53,11,67,37,65,3,20,47,46,28,51,4,75,85,44,9,98,21,22,56,100,33,68,31,95,38,83,61,72,66,6,55,76,95,66,81,0,44,30,92,9,23,15,21,3,96,80,93,85,84,64,70,92,95,89
70,11,82,31,62,52,44,42,3,6,94,24,84,24,57,63,12,54,55,18,58,90,56,41,39,12,62,85,91,0,29,7,19,69,74,76,22,51,47,73,79,85,74,27,68,74,52,51,22,84,20,73,43,7,17,39,99,46,33,8,100,74,11,74,27,59,57,27,18,48,79,62,74,30,58,57,27,93,18,52,77,82,6,3,45,25,53,44,30,82,32,65,12,70,1,39,98,100,52,82
25,68,31,17,96,2,11,70,12,50,8,45,29,94,65,91,8,38,17,16,47,20,70,41,86,56,94,37,13,53,12,10,53,57,22,51,6,67,6,22,55,61,5,87,55,32,30,17,97,56,56,58,19,43,63,19,68,65,50,5,100,29,40,17,54,54,87,6,44,61,32,5,1,35,69,81,8,88,32,5,49,64,38,95,51,24,30,54,45,2,1,43,43,27,72,40,69,15,93,56
32,30,24,16,68,48,81,63,20,49,24,67,44,45,44,76,68,91,55,66,47,15,46,65,87,70,7,81,54,74,93,19,37,46,32,88,88,23,68,1,50,99,75,44,64,44,72,22,49,55,36,88,79,83,61,11,90,28,38,13,63,43,16,44,78,36,62,41,40,63,32,61,12,75,80,21,61,45,34,70,59,59,88,91,43,49,36,93,19,70,78,66,24,12,20,21,79,51,61,15
79,55,50,82,30,24,96,61,72,62,51,40,61,22,89,78,35,8,3,46,16,57,83,97,82,88,51,71,69,10,35,70,38,21,11,55,39,82,61,90,4,71,75,28,99,76,34,54,4,29,58,26,35,5,44,89,52,45,21,98,36,62,36,100,46,42,29,18,90,80,13,67,33,37,72,91,58,71,40,44,6,88,61,19,78,25,70,29,100,62,78,79,96,99,44,83,43,34,12,20
76,9,43,12,24,59,72,29,97,43,63,13,43,91,86,91,40,32,30,14,72,94,50,32,38,47,41,17,86,97,17,27,59,45,49,36,73,94,70,94,60,70,80,42,20,25,66,67,41,9,10,35,71,47,95,43,2,0,56,11,1,82,43,46,88,37,27,46,69,63,49,16,40,57,34,76,40,67,73,23,35,40,25,87,53,45,40,57,62,18,64,24,9,90,44,36,50,43,14,47
71,84,12,86,37,56,16,15,11,17,24,72,44,82,43,42,2,65,23,93,33,15,44,5,38,94,23,20,61,48,6,2,88,93,1,67,9,60,19,75,74,17,29,38,94,35,55,23,31,44,62,80,38,25,75,97,12,95,100,33,83,63,16,43,74,78,55,94,7,57,41,20,52,2,0,90,21,24,68,31,40,57,61,17,37,55,24,66,91,24,0,95,84,59,23,21,18,71,89,23
1,41,31,14,46,33,49,42,59,73,99,59,33,52,37,10,23,54,55,91,35,18,89,48,88,4,20,85,91,23,9,11,34,82,67,71,48,38,20,16,18,10,55,91,69,72,79,36,8,20,22,42,95,85,70,71,32,56,33,67,31,71,87,94,10,33,96,58,80,28,70,26,73,85,23,28,57,29,43,63,77,27,50,51,20,20,43,56,39,95,18,73,57,89,88,82,53,46,96,59
73,60,10,69,35,9,79,66,69,38,45,56,42,74,71,58,70,60,1,94,84,60,91,36,38,85,63,89,72,34,21,70,52,27,91,53,25,54,76,3,83,23,95,44,70,46,33,13,86,37,41,4,33,2,55,88,92,42,66,90,98,24,69,77,1,14,12,22,47,97,99,46,35,56,78,16,81,94,85,25,47,14,24,22,89,10,56,35,20,93,78,39,65,64,3,1,31,96,51,77
11,91,20,70,26,31,73,91,94,97,85,5,20,19,32,22,19,72,73,30,80,100,71,55,91,43,35,37,45,65,29,6,96,29,75,36,9,13,74,71,24,88,42,93,56,84,67,3,91,31,71,89,8,50,31,44,9,7,20,45,72,59,28,3,46,26,63,100,77,83,96,44,3,33,36,5,60,79,75,50,55,65,27,7,12,27,67,0,52,88,9,78,18,47,29,29,39,85,100,56
59,16,26,96,2,13,63,86,61,68,11,61,50,37,20,5,44,17,62,37,44,15,48,67,41,64,3,10,55,66,14,17,63,64,85,24,8,56,74,24,5,26,57,29,86,72,99,62,21,31,97,2,81,41,96,45,39,62,22,51,41,91,28,11,6,16,23,48,36,17,97,5,100,93,13,24,11,93,11,98,54,12,65,64,72,11,34,11,97,31,99,63,65,11,15,5,43,12,55,52
49,60,76,28,51,80,28,75,42,29,92,49,93,57,58,83,71,28,59,17,86,94,49,94,57,14,85,88,6,46,56,47,8,90,42,0,77,19,82,0,33,91,29,87,85,48,88,78,33,95,95,76,5,88,30,71,63,94,27,5,9,25,5,96,36,24,65,67,14,60,95,3,0,75,96,12,84,73,58,68,77,18,36,95,14,35,35,87,16,71,17,64,93,66,30,58,93,76,35,94
45,71,96,1,69,71,45,72,56,74,6,69,53,99,53,16,16,9,83,91,15,50,13,16,28,23,28,85,67,72,30,62,74,99,9,84,87,5,13,0,38,4,55,78,49,66,56,33,39,91,55,34,98,88,98,36,90,48,71,15,47,41,10,13,10,50,53,97,13,91,42,79,37,59,85,55,62,59,63,87,70,61,21,24,81,17,24,29,35,53,16,80,29,82,12,7,26,59,0,66
59,35,20,3,36,49,40,95,54,46,74,64,57,33,58,40,69,92,28,75,84,35,93,51,55,44,93,39,16,99,50,0,37,80,17,82,98,29,0,73,14,73,71,37,88,73,25,35,37,65,89,24,3,31,53,10,64,91,81,78,82,51,26,66,47,46,43,84,10,87,16,8,11,73,47,90,53,72,0,57,74,15,78,88,66,14,39,24,53,64,79,5,37,21,80,46,2,79,50,66
86,4,28,38,76,53,100,88,68,49,30,10,100,50,86,57,79,84,39,90,69,34,8,51,79,68,27,14,92,69,60,44,34,27,17,10,71,17,66,98,98,71,26,32,88,91,84,30,95,23,52,75,13,20,53,23,33,64,36,95,40,81,11,57,16,41,82,53,36,9,100,15,60,77,8,86,91,10,42,82,63,41,80,92,84,83,51,61,96,78,82,86,6,25,86,68,13,40,72,58
83,50,79,48,42,79,7,72,27,14,62,98,72,45,32,0,2,77,23,33,1,76,50,63,11,6,93,3,55,48,1,7,84,59,80,0,24,91,2,74,46,44,66,55,11,28,20,7,85,62,96,0,55,78,59,35,81,90,62,23,85,96,21,39,40,70,69,19,20,0,13,35,87,76,48,43,9,34,86,60,45,86,89,34,5,55,5,47,77,79,5,19,87,45,70,15,34,59,96,84
20,99,85,10,12,52,100,37,94,37,72,9,18,78,93,69,44,89,86,49,33,46,55,12,87,50,7,89,89,14,89,4,19,69,78,68,18,0,55,10,93,90,99,54,55,43,16,30,43,6,53,50,12,27,43,33,97,65,33,12,60,28,56,19,76,81,9,35,8,12,89,55,46,82,54,41,67,59,79,52,31,1,56,17,43,19,7,10,75,9,62,97,15,13,47,64,74,63,100,71
75,45,93,78,92,6,13,10,87,38,10,69,83,4,36,51,14,59,58,5,42,33,15,67,12,45,86,65,65,41,5,54,13,75,35,67,51,73,37,44,84,23,8,33,72,68,39,60,74,67,15,81,90,50,42,15,63,15,34,26,42,32,70,81,88,39,43,9,31,64,40,15,6,97,44,28,37,94,48,74,7,88,97,90,70,37,32,40,18,34,89,39,85,49,41,83,15,50,45,59
4,2,2,29,31,59,46,17,99,57,49,25,29,81,7,54,81,42,75,10,14,25,49,95,46,95,98,82,68,52,70,68,74,74,11,33,1,49,25,28,16,84,43,84,58,65,62,97,64,54,89,39,25,27,29,24,86,61,82,0,98,70,59,27,13,79,95,60,4,67,55,26,76,10,49,65,37,65,42,5,78,3,48,27,53,34,53,52,42,9,39,45,68,21,23,8,91,0,42,47
49,0,55,66,27,46,32,40,14,41,94,5,85,10,88,21,45,70,52,31,36,64,32,83,75,64,63,78,57,32,24,74,82,64,88,81,99,57,76,6,79,7,45,23,85,66,20,24,99,6,68,55,19,63,2,97,56,88,32,89,18,22,19,18,95,63,10,58,80,27,25,96,50,29,52,58,86,49,85,3,64,80,51,46,88,28,45,47,36,4,65,80,66,83,4,31,97,3,83,50
43,70,91,9,11,97,37,44,95,78,20,69,5,60,30,33,46,63,48,21,53,89,54,1,79,69,99,90,17,15,20,2,47,82,66,19,5,47,79,77,54,20,40,11,48,16,63,87,72,79,44,83,50,32,11,49,45,53,44,61,53,42,91,72,11,58,53,52,0,65,63,35,74,47,92,65,5,16,80,66,82,9,26,39,87,36,12,69,54,30,38,32,29,38,53,52,72,32,81,71
50,30,56,26,77,34,66,71,57,46,60,3,28,38,56,10,7,84,49,23,30,74,69,77,59,72,49,62,35,38,88,16,26,71,69,45,71,7,74,52,74,57,58,10,28,87,12,10,45,58,13,94,34,54,95,2,59,14,29,44,60,7,72,98,56,57,62,62,91,92,77,27,59,66,66,65,94,54,61,36,83,69,81,32,9,43,100,73,35,90,96,64,50,61,50,48,16,99,31,58
90,28,28,23,85,100,81,69,17,15,100,23,85,82,6,24,84,96,30,49,77,53,21,71,67,66,38,75,57,0,29,82,43,37,92,30,48,6,90,85,60,80,91,16,59,92,69,4,84,7,6,74,18,81,37,72,17,49,67,32,3,13,39,42,17,38,47,11,65,26,28,64,10,93,18,2,85,2,76,67,80,39,43,91,39,54,99,66,81,86,41,81,85,16,54,78,53,91,28,73
0,15,84,62,60,71,100,88,47,73,35,90,24,90,92,7,33,8,62,42,93,63,35,55,61,23,96,43,21,44,67,61,12,9,55,4,6,0,79,42,82,11,16,16,51,15,98,89,100,48,18,67,76,86,61,60,38,32,92,59,55,20,61,21,0,44,90,23,76,25,0,16,44,87,97,1,49,78,1,65,98,4,58,59,89,54,52,83,76,17,16,85,5,28,69,50,40,79,43,68
21,55,76,97,48,73,48,50,98,84,70,19,72,0,85,15,7,28,73,89,22,61,32,16,92,70,6,17,8,25,24,83,11,71,59,44,12,2,48,73,28,37,16,71,16,97,87,45,8,78,91,56,69,67,68,96,98,37,5,59,47,87,71,36,43,46,80,87,36,55,24,62,63,85,88,36,83,53,23,60,7,53,18,59,8,21,30,24,33,38,45,10,68,37,41,52,40,58,14,99
27,44,71,83,35,97,63,86,39,15,92,99,91,47,3,25,39,56,42,15,19,83,16,97,3,83,23,94,72,59,9,32,4,67,100,82,73,93,7,63,6,47,78,22,97,65,22,36,0,10,85,42,88,38,96,21,22,35,86,34,1,70,39,1,60,97,86,66,64,84,64,16,37,65,69,21,93,10,0,47,29,4,57,61,64,8,36,46,68,63,11,76,94,45,5,91,95,93,53,51
52,72,39,40,60,14,60,76,14,81,20,12,95,25,72,27,76,25,54,44,43,66,0,45,74,18,27,64,57,17,3,41,56,42,18,54,49,71,86,34,23,0,70,99,71,82,30,38,81,31,64,66,8,38,41,15,54,43,85,74,69,81,75,78,33,37,42,45,27,96,28,94,60,52,83,0,42,67,86,32,9,3,99,84,93,19,17,43,98,34,30,74,62,43,22,94,40,47,14,39
43,35,85,94,89,17,39,82,5,62,96,32,72,90,36,96,82,37,66,49,19,66,31,35,42,97,20,16,47,5,98,31,32,14,44,95,88,84,60,66,9,79,71,27,2,100,100,59,47,27,77,82,90,81,9,96,67,76,3,91,94,19,87,4,53,55,69,78,96,87,65,66,70,37,95,91,29,1,39,13,61,9,46,49,67,60,9,85,40,25,95,57,27,5,90,83,78,19,1,17
39,45,60,43,12,19,50,19,61,81,51,56,74,85,99,29,73,67,58,3,52,20,2,23,97,63,5,70,43,100,59,25,23,53,49,64,61,77,96,93,30,54,47,85,14,34,60,47,69,100,74,30,3,97,28,27,14,69,21,84,18,27,69,77,6,55,4,92,72,75,31,76,3,56,95,21,70,84,49,13,32,88,85,77,97,6,33,0,19,83,43,70,50,29,74,15,0,79,10,1