45,61,91,17,58,13,22,67,54,22,5,76,38,66,46,77,87,35,77,98,64,19,88,86,67,16,72,70,50,0,75,29,80,64,91,21,32,73,49,5,70,71,20,14,6,90,31,55,29,44,63,81,12,72,54,90,37,14,56,97,59,72,81,91,76,14,100,27,19,45,21,26,22,66,58,37,42,67,75,26,61,52,16,40,38,5,83,38,25,77,45,37,8,24,44,79,9,100,2,11
94,58,7,95,14,3,16,35,93,42,20,7,62,90,0,28,22,25,25,15,89,75,55,86,24,65,73,66,2,44,30,18,71,73,3,52,18,8,99,25,57,65,8,20,61,50,95,1,79,74,60,77,47,69,67,12,79,42,93,20,32,54,1,61,51,76,19,67,60,55,93,29,78,10,34,34,61,23,54,22,75,35,91,54,9,62,59,10,62,9,70,52,95,55,29,17,56,100,96,80
56,80,64,7,74,5,97,45,10,38,45,41,73,7,61,31,35,41,81,30,74,46,23,26,94,82,64,63,37,52,23,95,89,77,30,74,84,85,29,32,86,21,65,22,62,37,88,31,50,34,56,13,69,48,42,57,50,90,69,80,13,96,4,40,70,61,63,69,88,89,36,4,54,52,57,11,19,79,86,30,77,22,3,56,99,85,64,71,24,53,88,46,86,78,74,34,11,7,89,76
64,9,38,99,87,32,54,79,23,68,6,24,22,40,44,72,29,88,89,85,92,15,25,60,50,48,75,12,17,73,36,96,4,95,76,94,88,40,19,90,42,95,40,54,73,35,51,68,67,61,68,25,10,9,89,42,4,1,79,86,23,34,95,100,28,96,77,41,20,34,53,38,28,18,42,9,42,95,69,3,17,74,42,36,64,58,54,15,100,100,16,78,14,66,25,6,49,62,56,47
48,69,90,60,1,47,68,70,65,13,80,46,90,30,37,5,80,69,48,3,66,91,1,74,31,91,48,79,46,93,28,68,56,65,9,99,20,47,69,22,64,72,56,7,58,29,79,97,65,13,11,94,15,84,34,71,47,82,59,15,70,19,80,11,5,22,49,87,78,63,10,94,67,12,42,12,94,32,78,97,66,66,48,71,5,48,93,18,17,97,76,2,36,91,83,32,8,41,3,48
16,90,56,47,32,31,28,87,15,8,30,57,90,89,32,16,29,74,32,87,3,9,52,85,95,6,11,50,95,9,77,25,14,88,83,46,14,100,60,10,20,6,31,29,25,100,82,64,62,92,5,83,68,18,93,94,64,57,94,96,96,92,88,80,80,36,84,89,67,14,74,100,52,43,11,99,43,33,72,67,78,15,26,25,25,66,76,14,29,93,28,94,26,67,23,46,96,57,10,67
5,18,70,5,93,22,19,62,67,76,98,6,60,59,47,49,24,3,50,97,31,66,78,18,90,51,63,27,71,79,2,73,80,42,15,78,24,54,23,52,79,93,87,66,82,6,40,83,83,4,13,75,56,27,88,14,86,6,44,89,68,64,26,14,30,37,37,70,51,57,35,72,41,52,33,54,20,8,10,43,69,16,71,26,18,17,18,16,89,8,11,64,88,63,56,98,21,14,59,85
94,40,96,10,11,8,82,58,37,7,26,75,67,8,59,4,96,56,8,51,97,21,32,92,27,36,18,33,88,22,53,69,77,63,85,0,57,25,26,100,62,26,34,50,82,28,69,61,85,95,72,97,55,74,88,65,28,94,25,1,69,8,36,62,79,93,94,25,36,60,72,54,61,100,62,95,6,32,99,58,43,39,58,51,78,57,49,6,6,11,77,67,58,84,0,39,84,77,18,82
80,91,24,95,19,68,41,97,7,17,72,50,54,74,50,89,88,17,51,30,9,26,23,15,83,42,86,11,42,16,13,80,45,34,9,22,21,24,12,71,95,61,100,15,57,30,11,10,91,43,16,6,52,33,94,10,97,26,39,53,95,52,27,57,51,94,39,53,24,100,56,81,85,6,83,87,41,94,72,1,54,87,53,29,69,12,20,4,90,77,55,2,43,36,5,44,47,31,70,31
16,63,77,62,10,38,18,16,58,98,52,44,38,90,98,77,25,97,99,29,93,87,66,25,31,25,90,91,5,91,59,95,56,80,21,73,79,12,54,76,47,16,98,63,15,48,15,32,49,80,83,34,40,74,1,69,59,100,21,67,26,55,10,31,3,92,55,40,23,69,13,57,12,23,96,56,15,66,47,1,2,60,95,2,69,71,74,70,50,87,31,49,54,9,32,1,99,42,58,17
28,15,21,84,96,86,59,43,68,39,96,95,19,2,51,83,40,69,65,83,17,88,16,77,84,20,59,45,39,79,0,61,3,32,81,86,50,92,68,63,48,87,32,35,52,67,60,57,51,14,33,22,89,83,6,39,28,83,79,10,73,61,13,48,82,46,16,84,20,30,15,38,12,4,60,92,81,56,33,3,87,80,56,9,36,85,96,90,36,40,82,63,20,47,40,60,63,100,0,8
61,44,67,49,60,70,15,87,9,37,41,85,98,53,40,84,96,9,47,78,16,27,34,43,33,49,1,74,55,60,59,85,59,62,94,81,76,26,93,22,42,95,34,43,77,50,5,31,38,44,39,50,22,79,95,77,11,4,8,17,97,45,9,40,9,73,99,12,91,11,68,84,6,32,50,55,77,77,17,64,30,69,88,99,97,48,54,42,68,34,27,69,55,7,17,47,75,95,18,90
36,31,73,45,76,59,8,99,19,83,61,15,51,29,78,62,95,17,40,12,85,48,52,8,6,70,9,38,71,75,94,39,38,75,34,57,8,32,52,70,0,20,35,57,37,17,57,46,4,83,37,0,87,7,7,3,45,1,63,92,32,69,48,27,6,99,91,36,77,11,52,38,6,8,72,89,80,80,89,55,47,92,1,35,64,81,33,74,3,54,49,29,19,73,5,51,96,39,32,56
64,34,43,71,19,82,0,61,87,44,25,17,35,25,46,35,65,74,29,78,5,18,44,6,16,3,17,16,75,27,13,37,54,39,63,23,66,40,15,74,59,3,70,95,37,62,43,51,50,37,80,13,86,88,64,0,39,56,61,82,16,41,44,64,89,18,97,78,61,73,93,97,92,73,84,88,32,22,98,13,68,55,9,21,99,97,90,45,45,87,40,9,81,64,58,98,46,91,29,95
87,61,3,89,96,87,84,89,97,52,15,51,7,83,65,19,58,53,60,94,90,2,42,39,39,71,93,1,3,19,14,52,29,60,62,41,22,74,1,89,44,94,19,98,30,45,86,67,91,38,26,34,20,86,68,3,65,85,36,94,80,0,72,93,98,30,98,93,88,67,10,48,31,6,53,75,48,29,62,84,61,38,74,96,75,75,79,84,51,75,69,62,63,56,63,46,57,93,62,35
41,81,27,88,62,68,64,5,12,92,90,47,87,88,20,71,51,100,100,73,41,94,71,41,14,26,39,32,85,1,73,53,81,0,47,32,96,38,54,2,98,91,63,74,99,33,87,9,47,58,33,76,50,41,49,0,8,99,49,5,11,96,52,87,28,47,58,95,13,89,45,20,0,3,7,53,64,36,91,34,6,71,17,78,4,69,73,23,21,45,88,81,17,11,50,82,9,94,55,68
58,74,0,28,62,47,15,48,7,56,31,61,25,13,36,10,54,65,84,20,1,2,88,9,13,95,37,88,66,72,5,74,45,50,58,50,26,76,0,39,28,72,3,63,88,63,97,91,59,30,26,29,16,61,91,48,64,66,40,75,55,90,79,88,94,95,32,47,17,19,54,61,62,26,40,19,87,57,62,66,20,36,0,86,82,34,73,14,78,61,56,3,86,63,26,31,50,63,100,55
70,40,53,12,93,55,3,3,69,0,23,94,94,99,52,91,92,87,98,12,89,4,55,73,60,77,13,15,76,73,27,34,0,8,41,17,34,20,66,54,66,37,79,37,71,57,94,38,68,48,30,10,52,23,76,62,60,49,87,84,46,13,10,75,11,36,68,86,46,7,34,21,47,31,90,63,37,93,25,73,90,77,68,25,22,74,3,99,43,33,39,95,29,18,82,13,62,90,20,31
40,41,35,55,8,88,35,39,17,92,25,66,48,13,27,89,44,34,77,73,46,96,54,17,1,1,29,6,57,23,41,38,8,5,89,58,64,33,26,2,39,59,88,37,41,55,41,30,60,31,71,44,43,43,13,18,20,72,86,4,69,57,7,17,7,16,9,3,94,95,92,91,90,5,67,59,20,81,73,1,57,47,72,74,46,73,73,60,22,79,38,4,6,90,92,4,75,89,74,92
28,44,31,28,92,70,14,17,75,17,63,71,48,51,35,69,71,100,17,25,73,76,26,58,20,10,26,79,70,66,78,3,67,73,52,90,76,96,31,16,51,67,99,27,18,44,50,65,90,43,14,34,95,55,16,96,81,84,66,14,50,72,19,73,13,87,70,0,77,9,89,100,86,12,88,25,11,70,56,28,76,67,50,63,31,34,2,13,40,96,93,25,36,6,41,48,83,53,42,10
71,76,27,70,4,82,50,8,71,69,23,9,7,87,64,59,81,86,35,72,69,94,12,40,57,81,2,70,67,89,88,43,31,68,83,55,60,59,57,5,32,43,91,23,72,14,17,47,57,21,76,50,54,62,45,92,86,29,94,26,38,9,97,37,13,3,10,97,42,89,24,87,42,6,85,55,50,92,44,2,93,32,96,20,43,93,83,14,82,91,66,5,39,63,60,31,22,65,83,69
29,8,26,21,26,91,4,37,56,58,51,93,70,43,74,97,14,36,54,17,20,66,99,8,18,93,63,88,88,73,5,50,78,2,60,20,31,33,69,22,70,58,58,76,50,1,88,61,40,13,25,15,3,71,79,86,23,50,31,71,39,3,41,79,50,63,37,53,50,37,18,85,99,57,83,6,72,3,39,66,10,24,47,69,38,26,64,31,9,11,72,57,53,16,32,92,56,44,62,61
53,56,95,82,50,99,96,74,96,77,55,44,75,37,47,57,54,79,51,78,68,96,36,19,81,21,70,38,4,46,42,55,11,17,14,25,35,71,53,44,82,27,92,74,78,0,35,0,75,70,54,45,20,67,11,11,49,93,77,43,84,59,14,63,88,10,64,77,4,15,77,87,51,90,65,5,81,66,44,31,7,47,57,89,3,71,83,0,75,19,74,81,5,64,9,79,11,85,60,33
51,86,9,71,25,76,58,60,99,61,94,16,72,4,70,15,29,75,0,89,6,68,36,63,91,91,37,15,27,37,40,58,60,7,46,66,63,93,94,23,29,23,37,66,22,6,89,74,14,49,22,58,7,26,13,7,4,63,44,83,100,15,97,20,82,46,2,18,32,45,99,14,87,45,41,35,34,36,86,15,79,79,69,36,19,8,89,92,22,56,20,44,79,74,25,68,91,25,64,65
11,32,44,61,72,8,56,53,48,97,92,53,21,97,43,31,55,38,9,56,90,21,59,10,6,49,26,69,42,17,92,0,75,83,88,35,45,31,22,48,74,74,37,6,22,59,17,3,78,52,69,100,37,96,16,65,41,30,83,53,17,50,60,20,76,27,64,9,59,62,33,65,62,9,27,95,63,34,33,40,47,69,31,50,46,23,47,51,73,54,74,79,63,28,99,79,5,42,18,80
45,55,54,88,57,64,32,8,32,17,18,23,30,52,15,61,68,19,11,99,2,62,81,54,91,4,24,48,18,73,53,10,28,69,25,31,54,43,28,13,84,8,20,43,100,67,15,71,92,66,42,72,67,88,33,52,44,42,20,0,23,55,53,13,51,85,54,81,99,82,12,78,78,75,13,24,47,26,16,96,53,10,49,35,44,3,61,34,69,37,22,73,1,77,24,59,11,98,44,75
89,5,80,44,5,26,25,66,8,96,5,44,54,78,22,74,74,0,1,11,80,90,64,80,71,51,75,97,90,90,29,15,45,89,20,85,100,42,79,70,45,79,49,13,6,63,8,46,13,53,18,9,17,83,54,74,14,70,59,44,61,83,53,13,36,55,41,35,42,53,10,40,50,16,94,0,29,4,9,95,41,1,93,3,22,36,50,16,79,38,42,95,35,48,60,53,58,41,22,43
7,69,47,55,88,7,88,77,84,59,66,1,13,11,72,34,28,88,37,71,20,78,43,49,42,22,47,41,84,27,55,33,82,2,67,4,13,80,98,77,22,79,59,19,79,94,67,12,43,65,76,56,36,89,96,49,82,9,41,93,58,77,13,7,63,58,29,58,97,99,26,82,66,21,37,71,46,92,95,22,33,83,20,2,12,36,37,32,56,5,64,2,81,0,11,23,40,21,26,18
89,85,96,55,52,14,4,74,42,22,65,38,52,83,10,64,55,78,25,71,66,93,6,46,88,88,8,1,38,90,87,86,8,76,20,91,84,34,26,13,81,57,33,4,94,13,59,61,63,16,4,14,38,91,2,89,66,99,63,42,58,58,98,73,34,76,99,39,69,43,16,99,98,53,0,14,6,79,72,26,5,9,94,58,96,60,3,12,44,94,43,87,71,90,98,22,96,53,97,91
27,58,99,83,91,16,59,1,61,35,10,15,19,42,96,39,92,37,14,14,85,36,64,50,13,34,43,11,83,70,25,3,21,37,40,78,86,95,33,45,70,57,28,29,73,61,94,29,8,54,19,7,20,64,54,74,19,73,47,10,11,73,47,77,53,81,89,12,98,86,65,93,61,39,72,87,96,19,4,44,70,69,64,93,55,75,90,73,90,94,57,96,35,75,31,16,8,27,20,10
55,89,51,9,38,11,35,35,11,99,52,52,56,41,7,23,8,53,90,30,71,31,61,65,82,51,74,59,9,63,53,82,96,39,18,71,46,50,87,8,21,54,21,41,1,97,39,78,36,8,92,74,51,9,57,4,5,32,100,74,38,1,86,62,57,19,2,37,48,79,40,3,25,5,64,9,50,21,98,83,32,31,57,57,28,77,23,88,75,51,2,36,16,33,90,68,32,37,71,15
42,62,56,34,77,97,7,72,32,68,11,13,54,68,85,96,39,81,62,13,17,10,27,87,25,66,83,92,48,31,10,41,46,88,43,27,50,77,38,13,27,71,92,49,94,37,63,11,45,96,83,60,13,58,16,5,36,95,91,62,74,83,48,74,43,92,25,12,62,20,22,7,97,96,7,41,83,67,60,86,43,63,57,76,57,78,16,65,53,40,69,72,5,40,2,50,8,60,70,73
94,0,46,19,52,24,57,54,42,8,80,47,47,83,44,66,64,61,13,57,9,66,76,75,35,57,31,24,23,88,81,36,89,64,1,46,94,91,94,32,41,40,37,25,10,88,47,76,77,10,85,28,17,72,69,35,58,15,79,12,32,65,87,79,39,65,45,15,0,32,54,51,80,97,6,27,84,37,93,80,3,4,51,67,15,30,98,40,6,73,71,25,42,4,23,18,62,53,0,66
46,68,51,98,88,33,92,12,31,1,46,3,4,57,61,55,16,52,66,65,64,73,42,57,71,54,60,55,55,82,75,36,87,43,0,100,29,52,8,58,97,58,60,69,66,42,15,2,59,28,35,68,67,39,95,48,82,39,19,21,96,2,91,86,75,11,68,42,62,62,79,86,78,93,39,21,80,87,24,56,85,92,82,56,71,37,83,50,11,22,73,78,98,55,50,91,36,11,16,73
69,40,29,5,42,66,59,72,46,94,79,69,88,100,46,45,68,17,17,11,60,42,55,8,11,87,48,20,82,91,66,64,85,93,14,58,29,63,4,68,89,99,78,92,13,54,80,51,12,24,34,28,5,42,28,73,49,18,41,62,82,0,19,100,48,70,47,13,47,88,23,38,31,90,3,44,67,52,54,44,67,62,88,99,29,18,91,0,90,7,41,44,38,96,68,61,8,30,99,81
7,13,28,78,65,27,55,35,19,39,67,29,82,43,76,57,81,81,28,21,75,66,75,32,80,47,55,35,75,68,86,37,49,96,7,74,18,64,50,96,85,98,99,94,94,48,63,94,46,18,59,95,58,95,35,83,52,55,82,22,52,77,49,78,66,79,9,37,77,66,63,81,13,56,82,8,42,62,64,85,65,97,45,76,20,36,60,38,1,30,67,58,24,78,63,38,14,66,2,28
74,93,48,5,62,59,15,62,12,79,56,36,45,81,73,69,48,74,24,60,76,24,28,87,49,38,70,74,46,54,85,18,0,92,39,1,53,43,76,69,15,27,9,70,85,43,91,80,61,22,78,8,98,25,19,74,44,6,60,15,31,9,6,21,85,93,95,5,99,100,95,53,71,45,10,94,71,17,40,46,45,15,70,5,24,94,21,9,5,37,44,61,96,14,61,62,13,89,32,89
89,6,33,26,84,87,20,0,43,13,65,41,18,57,66,96,46,34,83,100,82,28,13,1,56,87,50,37,86,59,90,92,76,24,28,4,62,57,62,29,72,88,23,33,22,35,33,74,34,40,8,63,35,58,85,86,64,31,91,82,53,20,10,93,94,96,97,18,46,54,65,7,44,62,52,73,42,2,14,64,94,25,94,69,14,15,5,39,22,61,44,79,91,55,14,63,4,34,72,35
24,31,16,52,36,1,14,65,29,94,17,71,75,72,6,86,95,50,85,77,81,92,7,47,77,24,65,44,62,62,25,74,73,0,51,66,46,45,4,57,11,59,23,59,7,64,99,48,67,19,70,69,2,40,43,65,15,44,53,6,99,54,48,11,32,58,53,8,86,56,5,91,1,90,99,28,63,96,45,5,72,52,29,2,7,78,44,49,23,41,72,15,27,74,45,58,78,8,66,100
16,59,98,5,3,89,72,52,60,38,55,28,31,40,43,37,74,79,91,75,92,31,80,62,41,69,73,98,71,80,11,98,51,28,31,6,86,49,23,5,4,29,32,9,98,80,22,38,68,94,78,69,85,44,47,77,31,56,34,78,25,91,14,75,21,18,29,88,3,65,96,98,80,93,97,80,35,18,65,8,4,7,93,18,32,65,64,5,69,41,41,65,26,97,85,45,12,34,77,95
58,41,21,96,58,25,14,24,79,26,77,4,70,54,40,87,66,79,79,76,33,42,76,5,12,72,91,57,13,9,35,99,51,56,25,58,57,28,23,22,74,6,96,65,21,53,39,43,16,55,73,53,15,100,38,29,62,14,16,17,96,64,6,16,40,86,30,2,41,15,82,58,76,13,100,30,19,73,85,37,42,27,70,0,95,3,45,36,21,25,45,31,19,4,48,36,33,69,89,61
69,62,88,40,20,59,67,77,99,40,52,74,26,59,52,41,76,63,88,53,90,81,79,89,90,36,35,51,48,47,48,52,29,5,9,87,100,45,78,61,16,80,18,40,18,81,78,80,94,10,75,59,17,3,66,94,11,96,11,17,86,20,35,42,64,96,98,64,100,56,19,23,79,64,89,0,32,85,44,88,15,4,49,58,79,93,42,50,61,49,20,52,11,67,38,5,0,37,51,36
38,76,2,45,47,86,80,46,64,80,48,23,70,69,27,84,93,68,62,78,75,31,49,94,21,11,89,58,67,64,69,100,21,53,2,20,18,43,47,26,80,24,70,7,78,7,16,99,37,49,13,89,65,63,1,69,53,16,77,4,44,92,21,42,87,19,90,57,26,85,84,16,43,13,100,55,48,71,59,51,41,38,18,21,62,76,40,79,95,38,90,95,8,44,92,28,18,2,49,24
0,78,92,69,61,23,11,3,93,79,2,89,47,25,15,13,9,21,4,71,66,94,64,99,63,15,27,79,18,70,100,25,90,54,53,32,62,24,44,93,53,19,68,35,81,28,10,89,54,11,42,27,28,28,27,41,94,72,90,98,91,23,60,44,95,14,87,100,5,4,34,51,39,100,81,8,21,4,64,99,3,89,63,98,35,85,21,47,33,97,17,11,61,93,7,67,2,42,24,60
47,28,27,85,17,70,51,22,68,47,94,9,52,30,54,56,35,65,83,37,25,20,58,15,22,85,71,5,36,79,17,54,47,90,36,82,38,71,64,16,41,77,43,38,38,28,49,84,29,16,81,70,13,77,81,58,14,91,64,33,96,65,88,67,34,42,65,46,85,38,21,29,32,45,64,15,51,47,18,80,27,90,63,45,36,6,85,5,66,13,8,66,71,13,40,87,51,69,82,38
59,2,58,49,79,69,93,58,48,1,61,36,30,64,17,23,9,33,6,6,80,68,54,58,28,76,44,94,42,96,82,61,87,39,35,91,60,55,0,83,6,17,89,20,55,33,75,100,45,58,76,90,79,5,17,69,9,92,29,77,94,28,56,21,8,97,7,61,5,63,47,28,4,50,35,24,70,41,73,56,7,15,86,85,25,70,88,61,16,1,99,35,8,79,55,24,70,16,73,56
16,15,83,36,62,47,26,52,45,78,54,51,77,57,49,64,67,46,11,88,39,59,32,12,44,59,84,8,62,30,55,80,84,8,61,72,54,67,27,76,79,43,6,72,11,2,22,38,89,65,14,68,9,72,4,4,52,46,37,30,89,85,70,90,80,98,95,27,1,77,77,66,77,45,88,3,32,91,9,82,13,42,4,23,32,25,68,17,13,50,87,37,81,61,26,33,65,99,92,95
78,48,59,66,82,85,87,24,50,84,5,78,58,85,35,43,85,47,11,58,54,28,12,28,79,73,20,49,71,39,90,44,8,7,11,57,56,60,85,16,17,80,11,51,32,39,95,27,57,55,90,19,92,71,55,28,27,13,1,35,98,89,6,13,39,57,26,9,43,16,9,10,100,64,54,76,64,37,65,90,89,16,19,25,72,91,46,25,81,66,14,83,8,62,38,85,24,57,17,83
76,65,85,42,75,61,51,81,51,30,35,5,66,63,44,50,98,91,7,92,31,15,10,29,81,89,98,12,17,84,46,0,40,86,34,99,19,91,59,13,42,44,17,82,3,21,57,79,23,9,62,36,81,32,76,32,16,56,9,48,0,57,95,50,26,4,46,35,75,86,59,0,47,47,85,37,29,65,34,36,74,15,92,2,66,97,10,64,54,63,95,61,58,41,58,21,26,66,30,7
40,82,32,85,54,95,90,10,62,28,60,6,20,75,47,47,18,24,88,46,66,36,84,59,64,69,89,77,12,73,14,28,9,55,9,92,84,96,17,0,28,44,38,41,26,45,76,41,21,31,91,5,55,49,56,94,1,95,29,14,41,36,32,79,6,22,86,67,15,9,48,0,26,80,67,3,49,37,79,38,37,41,69,58,52,12,97,100,84,71,50,70,45,25,54,21,37,75,44,52
61,26,34,88,76,26,8,44,8,20,99,78,84,85,76,37,25,70,8,4,18,95,42,54,79,100,3,70,96,89,72,29,66,55,43,57,99,35,95,46,3,82,64,23,39,66,32,98,66,67,21,66,10,48,65,32,76,90,32,70,59,5,96,98,36,91,0,18,32,70,98,2,80,29,26,62,69,100,9,51,44,54,8,5,62,53,20,75,12,1,51,40,0,26,91,8,89,94,40,90
99,44,51,86,91,92,33,12,10,25,1,91,28,25,5,86,58,70,44,84,52,71,69,87,84,45,23,22,42,13,57,96,36,99,12,5,95,96,4,13,69,81,97,41,57,8,69,8,9,74,30,31,45,57,99,30,95,45,1,51,82,3,68,38,45,41,51,54,99,41,15,61,12,83,67,95,72,59,19,80,21,10,39,90,75,95,56,65,8,15,59,78,35,21,37,45,78,72,33,32
30,97,33,52,84,40,86,54,28,36,96,29,27,39,95,80,53,100,43,38,22,45,75,16,19,90,46,43,18,66,48,87,92,34,20,86,76,26,90,28,74,12,9,73,43,56,48,12,30,81,61,33,22,31,32,65,75,74,71,83,83,16,20,56,80,7,18,21,71,38,85,99,32,55,58,17,10,5,33,23,42,90,14,60,7,98,13,6,71,90,64,93,26,60,99,97,21,99,40,80
48,37,34,0,49,79,55,39,0,31,10,83,7,11,64,33,99,27,100,0,96,96,4,54,25,87,58,38,15,46,68,81,72,36,52,77,88,0,61,82,33,25,4,98,31,7,46,95,4,30,75,86,90,53,10,44,79,17,48,24,58,42,77,67,79,41,40,68,29,28,39,85,12,67,2,52,45,46,37,47,65,99,70,72,68,91,66,76,59,43,0,56,35,63,93,97,8,13,96,44
13,26,24,13,2,12,4,74,97,26,88,83,60,57,41,14,53,29,60,83,7,36,11,1,73,57,34,42,5,86,36,35,95,32,96,81,44,18,52,93,29,34,30,92,33,59,38,49,18,1,2,9,13,98,13,66,55,5,25,75,57,5,52,97,79,91,89,3,98,3,47,70,63,36,86,13,3,41,52,30,44,7,17,97,30,37,43,51,32,15,8,24,36,94,6,30,75,92,89,31
66,93,72,4,73,2,8,93,98,47,28,54,47,54,90,90,37,29,85,72,94,33,42,32,73,35,20,79,7,54,44,78,21,56,24,78,12,32,23,13,76,61,1,37,84,21,50,5,52,54,63,99,7,68,57,85,37,80,24,56,70,88,89,61,88,59,88,19,70,55,20,35,9,72,85,88,68,15,24,95,45,6,91,84,28,44,85,60,9,16,1,19,78,33,4,33,70,75,95,27
4,18,78,63,69,3,46,22,32,69,84,56,12,78,16,17,98,19,46,100,11,78,3,89,86,96,71,48,52,8,75,60,79,18,60,61,81,3,37,35,95,57,7,55,18,2,90,27,18,0,73,25,19,68,34,86,70,49,19,67,26,51,24,97,16,45,6,69,26,68,15,31,60,25,41,24,95,62,85,54,89,76,92,56,26,76,62,56,98,25,18,66,65,39,65,58,99,56,30,59
17,38,66,3,37,56,43,56,11,65,60,26,93,52,35,55,52,25,14,16,9,21,97,40,71,78,33,62,32,16,60,98,0,75,79,33,10,56,53,79,26,27,10,77,55,0,38,92,29,74,90,94,35,21,89,57,90,82,77,31,73,45,52,95,85,23,93,43,58,98,75,9,39,15,24,3,25,86,90,78,50,35,50,14,90,22,40,45,67,84,29,94,3,34,26,29,5,67,66,48
41,52,27,42,73,92,56,98,33,6,21,69,97,70,40,90,82,64,18,97,87,12,75,14,83,81,76,36,34,73,39,81,92,70,30,70,32,9,28,39,10,23,54,57,3,19,34,42,17,77,11,24,30,20,2,52,47,3,86,96,7,20,43,46,56,34,8,92,14,78,14,0,98,36,37,100,98,46,64,86,51,78,98,24,47,13,83,39,49,40,41,48,42,0,7,79,80,88,60,36
70,95,96,22,12,93,27,9,4,27,88,53,80,57,65,32,80,22,8,23,92,80,72,57,10,54,12,100,79,92,42,73,36,91,46,65,73,77,39,58,38,36,98,10,38,12,100,53,66,7,2,61,36,5,76,94,11,36,40,65,89,62,88,56,100,43,48,47,13,97,39,0,13,39,60,4,59,81,29,15,42,54,15,60,81,82,91,30,96,71,74,22,84,5,88,49,17,96,45,88
48,28,7,55,15,42,0,76,50,79,92,98,95,90,16,45,88,26,93,33,97,57,31,26,13,95,70,8,28,44,16,35,41,66,28,14,17,61,36,83,71,68,95,37,70,99,74,65,79,52,83,54,26,47,31,19,11,49,99,45,42,1,5,74,65,20,63,8,48,29,49,82,54,53,96,33,7,80,84,31,18,59,67,40,39,69,77,5,23,72,31,66,41,76,50,16,98,74,70,46
17,35,63,59,79,92,74,28,83,19,97,7,42,51,70,10,49,93,65,13,7,57,5,35,72,72,93,6,58,62,79,100,56,72,59,77,65,64,55,46,51,2,13,63,78,79,80,38,63,12,25,53,77,44,20,50,87,48,52,19,65,53,87,28,98,65,42,70,2,59,43,58,50,50,44,7,44,55,62,68,38,47,14,60,8,20,57,57,36,38,87,39,4,31,54,50,90,37,77,57
56,36,94,59,6,68,2,41,54,2,88,16,12,1,55,91,98,72,82,78,72,98,15,28,26,24,27,21,53,30,51,72,47,18,33,32,81,11,43,100,14,6,58,63,59,3,45,30,97,91,93,17,82,18,78,30,37,100,68,25,42,83,99,21,95,67,50,72,69,40,15,86,96,27,91,38,32,14,0,25,81,29,74,11,0,52,80,77,44,61,42,5,83,27,50,17,87,35,15,31
36,30,65,100,94,60,55,28,97,73,100,33,9,76,16,81,99,9,27,88,70,11,84,43,43,15,64,53,11,26,92,36,33,37,26,91,8,19,78,62,74,9,26,40,85,61,55,58,92,96,4,40,88,51,42,33,73,84,81,79,88,36,28,18,89,84,89,41,55,63,67,55,31,23,41,71,6,31,31,100,51,90,93,63,64,63,65,98,92,25,26,88,93,95,31,87,46,66,13,96
5,46,23,30,55,96,69,29,7,70,80,76,66,29,22,33,21,92,50,60,82,63,38,65,90,43,68,39,78,43,24,100,11,29,82,11,96,92,64,5,99,15,1,63,77,28,14,52,9,80,2,96,61,6,58,14,21,62,21,93,72,65,14,88,6,34,13,35,81,14,80,73,86,91,61,49,1,54,48,31,12,5,23,98,55,11,79,50,22,49,79,36,71,74,55,94,43,97,56,49
0,60,11,5,82,62,16,71,99,62,4,26,90,86,88,28,75,24,32,79,0,46,76,24,74,46,66,19,30,40,0,59,41,67,36,39,22,34,8,93,39,35,78,62,57,51,100,100,26,95,96,10,7,53,24,63,78,68,49,57,6,26,47,65,9,93,90,31,46,79,2,43,39,94,95,2,32,27,54,21,13,33,82,76,62,98,95,33,34,13,79,45,23,12,17,81,48,65,26,86
81,9,5,64,11,82,67,84,38,15,9,19,66,95,38,100,53,38,20,59,11,88,94,64,7,59,27,85,53,80,25,60,22,52,1,32,12,73,20,37,89,2,37,34,45,16,95,53,62,84,42,35,58,22,5,5,47,57,67,27,12,26,95,14,6,61,87,7,50,54,43,8,19,24,14,32,33,43,53,71,97,62,22,63,39,85,69,38,12,20,23,42,63,48,37,11,64,29,13,83
17,23,16,61,70,15,30,32,81,37,0,27,86,76,87,46,92,34,29,96,82,40,61,59,95,91,71,4,3,50,42,29,11,17,77,36,3,60,20,45,17,78,49,3,0,5,76,40,54,34,96,28,15,94,64,28,57,35,7,35,80,75,95,71,45,26,57,14,23,11,20,0,37,94,98,18,81,82,76,57,79,2,15,89,1,87,19,57,14,41,25,92,50,83,30,15,80,98,21,73
65,34,1,32,30,21,4,77,12,86,20,19,88,88,71,13,14,13,65,84,3,12,9,36,23,60,81,70,100,65,34,100,95,40,3,7,70,30,23,51,23,45,35,97,72,26,83,6,61,77,21,83,52,45,33,100,27,28,6,3,1,47,7,73,53,68,67,89,77,83,71,24,90,14,87,43,40,4,85,22,89,0,78,74,11,52,3,90,56,26,49,8,50,58,98,59,10,68,59,61
94,59,99,47,55,69,10,51,98,97,87,45,69,74,72,30,31,53,22,0,11,66,45,18,9,57,20,4,9,37,13,71,86,22,36,95,80,97,60,60,17,16,13,79,88,36,51,38,73,78,63,42,68,10,98,61,69,54,94,34,66,56,67,98,60,6,8,90,15,10,24,78,31,28,100,35,42,11,29,81,66,92,75,9,23,88,39,2,65,90,69,54,84,78,45,19,86,9,55,61
12,89,82,40,37,95,98,72,61,37,30,68,25,0,37,49,2,96,20,33,20,7,69,95,42,95,99,11,29,15,87,14,8,74,81,71,56,20,64,56,60,71,1,43,18,36,4,73,69,6,74,90,43,11,90,62,70,27,67,34,21,55,31,19,90,90,10,69,76,31,66,18,67,7,47,77,52,75,12,17,75,68,48,0,55,64,70,32,66,11,82,59,76,98,3,93,3,2,4,41
13,8,79,14,36,41,62,17,42,79,1,73,49,89,29,68,78,15,4,16,65,75,25,83,48,49,18,38,2,37,16,41,58,33,28,8,52,39,59,2,74,25,79,97,23,28,5,85,73,94,63,81,48,50,94,6,64,64,55,6,91,53,11,2,96,94,22,1,94,99,91,23,94,2,78,16,51,75,82,39,5,85,18,66,88,14,45,63,28,55,67,60,56,24,10,67,20,95,44,26
52,98,65,35,67,86,2,76,80,22,22,80,100,93,63,12,54,65,29,33,39,16,100,7,7,82,57,74,38,45,35,60,75,17,60,43,50,100,75,13,8,42,95,60,99,67,34,25,17,72,49,76,25,78,17,44,20,84,41,36,21,47,76,21,62,9,15,30,6,57,80,72,13,54,60,50,50,41,3,92,10,59,28,69,46,92,72,8,57,69,47,4,95,59,91,48,24,38,73,20
41,57,72,40,48,96,78,44,43,26,41,60,29,99,19,50,68,77,32,89,64,35,2,35,59,92,7,25,41,71,34,45,10,8,33,22,67,43,6,25,61,28,86,18,94,58,6,30,62,11,52,37,25,20,84,21,49,89,91,67,66,43,92,64,52,51,0,18,39,27,44,25,57,5,25,50,92,58,69,100,49,20,88,71,23,88,19,9,77,82,100,21,25,69,90,9,67,65,8,7
80,66,33,76,42,48,79,36,27,36,65,14,91,31,16,7,13,67,4,29,77,27,11,58,3,63,86,77,88,73,86,90,28,75,66,58,13,79,78,82,31,11,56,10,69,52,52,65,63,83,82,31,56,92,24,60,63,75,98,36,94,5,98,50,22,42,67,72,50,52,1,82,80,7,52,72,48,82,17,21,48,10,88,12,67,13,96,54,34,31,38,48,52,13,97,98,40,100,26,63
6,18,37,73,35,16,41,61,83,90,56,100,44,11,63,11,12,82,41,51,10,58,41,43,47,47,56,95,4,25,62,34,80,34,40,53,43,47,98,11,67,63,100,87,70,16,86,28,59,6,52,71,27,72,66,25,48,58,10,23,39,53,45,50,43,32,92,100,75,64,34,82,32,19,85,47,74,1,99,87,21,88,49,43,90,55,76,85,61,3,93,34,48,65,7,47,62,79,58,10
47,57,3,16,61,79,30,37,85,59,77,41,1,32,70,24,89,61,7,37,54,1,26,0,15,39,22,25,89,8,88,5,83,0,74,25,83,37,63,37,23,83,97,58,67,9,27,4,4,83,34,59,50,100,69,89,64,27,80,54,71,58,3,48,21,14,83,14,14,72,77,18,95,16,21,2,80,92,49,54,76,98,98,32,94,88,69,17,25,45,51,35,43,32,72,45,28,8,80,9
70,72,54,46,36,96,6,93,47,71,91,95,63,66,34,27,76,89,8,5,31,6,93,71,99,85,1,97,56,16,95,89,3,25,97,24,44,58,93,43,4,23,63,73,93,32,99,65,65,62,28,89,43,79,25,19,73,89,14,55,45,88,72,29,10,24,73,63,65,34,46,74,24,91,8,38,27,33,23,51,82,54,45,26,21,65,87,46,32,60,64,20,78,64,91,10,91,12,66,20
53,18,81,74,8,87,1,97,57,83,31,23,60,37,32,67,98,99,20,65,83,71,54,38,52,62,83,81,14,17,34,83,32,12,31,46,28,74,70,31,32,77,85,59,48,24,43,32,12,61,0,5,56,70,73,20,51,32,6,94,84,51,3,1,64,90,51,41,81,16,92,45,77,36,51,86,31,7,64,85,46,22,93,41,50,27,24,37,1,6,16,70,11,98,96,86,73,52,5,97
89,63,10,35,21,29,36,46,44,66,77,67,1,86,90,38,38,96,12,32,87,73,30,74,50,89,23,91,15,72,84,88,28,76,69,91,57,16,40,33,84,24,97,33,92,32,66,49,11,56,51,1,98,50,19,66,98,21,63,94,73,37,69,96,43,100,69,16,26,80,63,76,21,7,35,87,6,31,87,13,61,23,20,49,3,97,45,70,39,20,37,24,23,94,89,100,90,82,73,84
87,72,74,34,44,53,80,63,88,99,20,67,56,12,73,90,55,98,65,55,85,89,12,33,70,67,65,32,28,78,56,75,11,28,12,94,20,4,92,93,17,2,8,62,79,47,17,62,49,88,3,75,7,42,74,22,7,18,93,34,19,95,22,10,79,12,46,68,59,19,3,55,100,59,84,95,31,81,83,1,91,78,73,87,70,90,3,49,9,2,93,53,51,44,82,3,67,17,34,37
97,73,55,39,37,44,84,43,59,97,74,23,48,5,12,6,65,54,65,6,84,5,6,94,6,60,13,51,61,83,53,9,92,72,76,59,3,10,2,22,35,2,10,23,67,43,90,47,35,79,26,79,71,88,53,45,89,54,13,39,56,30,7,15,32,23,10,57,70,63,45,18,73,5,7,82,87,83,68,68,7,94,22,72,88,87,46,25,95,41,89,36,59,74,17,29,18,20,72,70
58,98,32,58,93,60,87,72,7,23,49,17,92,19,64,14,56,89,70,41,96,24,27,14,89,85,72,46,53,49,82,67,98,49,13,92,57,78,82,78,84,28,37,38,0,66,74,24,32,85,66,46,3,21,2,81,45,50,64,37,97,84,95,6,0,71,5,14,73,88,17,93,78,9,91,15,24,39,7,84,17,10,45,58,8,53,41,73,33,30,100,51,18,10,42,67,99,68,67,69
31,35,77,4,49,86,4,69,92,41,93,96,3,25,52,71,48,34,33,59,63,71,98,69,92,73,29,69,31,71,83,67,59,94,82,11,48,35,12,100,20,7,23,57,90,20,9,70,47,27,49,14,83,52,38,68,34,100,42,69,14,71,45,89,55,70,46,46,3,7,61,31,94,35,36,66,10,76,54,0,50,91,15,92,57,52,77,19,75,99,75,8,70,6,98,64,31,7,40,23
90,17,63,30,65,64,81,77,58,99,80,40,88,43,0,73,76,80,58,10,90,73,45,89,33,58,68,60,25,56,2,81,95,68,39,71,95,76,76,74,88,90,9,62,74,53,60,69,30,28,100,41,18,61,10,27,17,90,39,65,48,30,87,1,65,6,75,60,88,62,43,48,42,51,76,54,45,74,13,87,36,62,37,46,53,84,83,77,44,74,72,88,98,31,56,19,12,21,80,93
72,100,14,96,98,56,53,85,94,55,6,13,69,12,10,49,61,47,1,80,8,81,20,93,22,16,79,91,57,75,94,19,31,88,100,81,45,20,91,7,35,20,62,7,71,58,32,17,25,48,76,77,85,64,40,9,71,11,43,43,43,43,26,81,8,88,94,27,46,83,58,30,69,24,24,23,86,56,86,2,82,80,59,11,11,0,86,72,78,8,90,86,51,30,46,16,21,89,60,21
26,5,58,55,91,66,90,11,86,98,68,30,31,25,29,39,38,9,53,80,9,25,29,64,82,35,1,86,37,43,74,24,67,50,74,38,49,75,33,85,14,48,93,35,65,24,44,25,46,84,20,96,97,70,23,9,62,31,90,75,8,81,48,73,27,42,3,36,14,67,85,18,63,6,10,65,98,72,7,46,81,55,56,65,35,67,59,3,51,0,57,75,59,15,99,40,71,49,28,9
8,46,74,64,61,25,56,48,56,17,47,47,66,69,51,100,41,16,23,25,46,24,55,91,81,48,87,37,4,82,92,91,96,57,14,20,63,67,96,45,52,87,53,30,85,77,75,70,16,65,36,98,27,59,79,69,28,85,96,65,1,90,52,37,24,33,20,27,15,51,7,28,1,46,77,66,10,55,71,61,98,12,0,5,61,49,97,97,97,83,74,67,72,32,27,17,59,78,5,63
66,60,12,0,11,51,37,31,90,66,19,7,36,25,98,58,63,10,63,45,92,89,61,65,27,9,97,37,43,72,73,73,38,32,60,74,64,71,79,44,31,62,85,53,6,82,86,71,95,72,83,84,65,100,33,62,90,89,89,0,97,98,22,91,40,60,54,35,47,37,42,96,98,34,8,2,33,28,39,83,51,1,5,74,94,46,29,3,88,22,86,22,42,41,62,70,7,3,65,84
39,48,26,59,25,44,70,29,5,3,5,5,61,31,42,86,2,32,47,36,64,50,49,35,93,87,30,64,0,4,20,4,43,92,96,62,94,72,59,82,18,100,56,40,48,72,42,97,95,65,63,6,24,97,24,47,0,18,50,0,58,99,34,79,69,34,16,56,76,9,97,55,91,90,91,58,67,95,26,42,34,43,7,25,76,53,34,64,98,83,1,48,64,67,50,70,1,63,8,46
50,24,11,44,12,4,26,91,86,46,62,30,84,82,13,100,35,56,96,60,39,69,0,57,50,8,83,55,53,46,65,1,92,40,20,65,35,79,43,64,4,34,30,32,74,11,75,38,61,48,49,96,72,40,49,44,48,67,17,69,86,71,52,68,34,78,24,63,85,35,24,78,94,2,21,31,94,29,95,17,63,66,81,62,81,28,92,31,36,69,47,50,56,27,20,86,72,22,54,22
46,10,34,80,8,9,96,0,56,93,84,54,46,87,16,35,17,39,30,68,41,28,60,76,13,98,0,55,0,86,53,97,82,96,63,21,91,3,57,35,31,33,76,7,85,67,54,45,95,9,55,100,86,40,7,99,33,69,8,4,47,10,8,5,96,72,32,34,56,76,8,21,67,50,75,53,56,46,58,44,29,1,58,0,0,13,9,51,45,88,66,80,18,100,77,25,11,94,80,28
23,12,47,62,41,43,96,79,29,79,35,96,53,7,99,36,48,99,40,69,84,72,65,100,28,12,79,7,53,93,12,72,39,68,84,52,36,85,6,63,29,28,71,30,28,57,27,81,88,100,10,23,47,6,48,43,78,95,30,46,98,53,90,36,0,90,62,74,32,11,48,85,33,61,91,4,54,99,17,12,65,71,28,94,93,41,8,30,37,81,45,57,87,63,58,59,95,99,61,74
36,85,75,70,58,54,34,24,99,43,24,8,11,23,95,22,13,51,62,75,40,17,94,90,36,22,64,39,8,52,76,10,16,50,24,2,21,4,62,71,65,18,16,62,79,42,6,2,39,17,64,77,10,83,48,2,49,74,60,1,7,83,27,87,21,16,99,39,1,76,4,32,39,5,51,10,19,28,54,0,27,61,36,80,53,97,24,45,4,24,66,57,33,96,48,61,48,0,69,3
24,1,84,66,26,63,24,33,21,90,71,67,79,6,65,30,90,88,58,12,27,78,53,6,7,100,32,87,81,61,71,98,84,5,59,92,40,59,26,75,13,72,90,8,16,75,30,54,86,20,37,48,80,68,97,12,69,83,58,64,61,89,93,56,32,42,99,96,93,100,76,59,47,35,56,78,16,79,32,45,38,94,35,43,62,34,33,77,66,24,88,95,23,34,54,46,71,11,61,12
17,37,92,69,43,19,34,6,49,6,88,0,50,58,27,50,60,89,96,3,66,3,92,12,24,54,3,42,34,44,64,52,64,57,75,78,61,0,57,99,67,49,8,44,14,0,76,88,48,49,15,90,53,7,87,91,44,18,43,84,41,62,96,17,67,98,84,30,15,91,41,99,43,3,45,66,44,8,40,60,71,14,10,68,84,14,8,90,73,48,4,17,41,58,71,32,57,5,38,6
41,46,98,10,22,69,28,60,87,46,31,91,64,32,35,88,29,95,21,70,12,97,99,36,60,69,2,22,55,38,14,3,84,41,54,5,69,45,43,92,50,58,24,41,44,27,21,39,3,51,42,40,94,29,88,53,56,25,30,18,60,13,64,69,90,29,41,71,15,84,7,77,36,2,16,79,64,18,59,100,87,60,98,71,3,9,39,33,4,95,4,76,97,95,55,67,33,100,1,49
7,8,88,92,59,51,97,9,87,21,84,59,9,64,58,10,92,47,54,62,81,22,79,75,96,67,80,39,96,16,96,93,47,59,39,62,95,41,30,54,26,6,91,96,17,50,61,42,29,11,94,50,68,44,46,45,50,62,76,59,73,73,78,63,18,80,7,45,54,77,0,58,34,9,44,55,20,63,89,99,74,73,30,75,63,81,90,39,72,28,29,55,94,9,86,8,94,63,50,9
41,26,72,11,98,5,50,85,21,98,13,72,23,6,67,85,4,64,18,28,99,43,31,45,82,100,4,55,36,11,56,20,24,83,63,83,47,78,8,41,68,5,23,66,34,40,49,20,8,26,73,39,36,66,48,86,77,90,59,65,20,89,95,40,88,37,20,46,65,44,73,89,13,63,76,77,29,65,12,35,97,10,9,16,83,13,46,0,46,21,52,97,84,63,33,28,71,58,45,35
36,12,8,28,79,56,60,17,94,51,79,87,19,74,40,4,23,76,69,61,8,42,10,8,28,33,10,45,23,93,35,18,32,88,64,21,94,87,57,14,85,83,12,22,2,100,58,20,28,44,98,11,87,29,47,33,8,77,98,37,85,88,91,82,56,70,50,38,86,2,66,5,62,77,18,40,45,19,97,18,28,66,7,44,37,67,85,55,5,10,3,7,93,6,40,30,22,97,13,33