46,66,63,66,9,92,81,8,44,1,16,29,25,90,4,61,8,16,8,58,25,90,43,66,37,66,28,24,71,81,38,44,12,88,47,5,14,31,77,61,86,61,5,53,88,34,60,85,75,84,37,0,40,19,93,67,58,63,15,55,35,84,12,79,97,6,22,11,19,64,33,36,48,23,1,27,61,0,27,90,53,64,14,80,3,32,69,25,47,26,30,95,49,85,71,73,20,37,61,80
17,76,64,72,64,27,0,27,72,4,93,64,6,5,10,54,54,30,71,90,91,6,90,0,74,81,94,43,79,61,17,84,41,1,67,40,74,7,24,4,24,13,95,64,5,6,11,45,100,61,29,54,66,85,39,30,67,12,47,35,14,9,49,51,68,84,19,61,52,17,40,43,67,5,97,0,61,39,100,36,81,56,78,58,77,0,36,27,66,70,72,52,80,53,76,16,99,0,46,16
43,33,76,73,86,34,7,94,4,19,99,66,82,29,75,14,69,17,77,7,38,29,4,95,56,78,20,30,40,56,81,3,49,97,100,82,70,71,54,78,20,69,59,65,14,47,95,98,60,64,23,75,76,47,82,1,66,57,23,22,86,2,74,5,36,49,56,98,33,0,5,86,11,54,40,0,13,95,39,19,41,53,31,74,0,62,72,97,92,94,70,5,30,51,65,17,32,55,45,27
56,80,41,7,2,2,89,60,5,91,35,98,31,89,46,13,94,64,79,49,54,98,93,72,2,95,23,21,33,98,67,59,4,84,21,97,41,35,48,83,54,5,28,5,11,51,42,39,71,83,95,4,22,64,41,18,18,32,84,100,41,21,34,61,92,3,57,34,37,79,13,65,34,98,80,69,74,87,17,96,5,88,42,26,46,25,3,25,94,11,86,98,79,53,99,24,27,26,85,78
81,33,10,49,78,44,50,4,54,99,14,77,72,3,29,80,19,37,24,64,20,63,41,28,57,22,2,31,20,26,28,9,68,51,88,39,54,67,90,22,60,84,16,11,58,82,54,54,13,62,51,44,23,95,47,62,21,23,86,45,42,67,76,6,42,9,46,64,35,5,89,37,42,2,81,66,99,14,33,35,32,86,84,19,5,54,30,70,37,46,63,80,44,10,6,38,14,31,78,56
55,67,66,66,9,68,1,83,84,92,93,42,25,89,19,94,36,30,83,33,59,65,3,82,45,65,35,16,44,24,80,5,65,58,37,58,67,5,1,72,32,31,95,79,46,46,90,1,79,75,18,92,95,65,42,91,1,2,87,43,97,98,30,17,20,60,64,20,60,93,30,61,18,31,81,46,85,54,95,4,63,78,59,85,4,68,79,39,72,41,8,21,95,42,62,8,63,91,95,10
7,74,53,88,29,0,12,80,37,6,61,87,39,41,66,67,59,20,87,59,34,24,91,66,34,44,43,29,8,4,100,47,31,65,40,60,74,91,46,56,66,87,32,47,52,1,42,47,3,46,57,51,22,51,25,70,42,71,84,99,23,56,17,78,74,40,63,89,17,23,47,65,65,71,75,4,67,56,0,27,49,11,22,46,53,43,32,9,82,47,17,83,41,16,69,43,62,57,91,92
63,36,33,21,99,18,19,60,85,75,13,31,13,90,92,81,43,87,52,5,55,68,50,62,12,48,4,77,31,47,40,11,60,70,90,21,87,10,67,45,46,22,24,15,49,52,94,56,7,37,41,32,0,52,59,74,43,38,88,70,37,87,96,35,46,5,34,98,95,31,44,92,17,95,3,19,0,66,98,11,83,23,43,53,45,61,50,50,37,36,54,10,4,59,56,64,60,29,47,30
33,29,56,67,52,28,47,79,57,19,1,56,21,56,82,60,4,79,7,55,47,73,35,88,23,41,35,97,1,14,40,59,23,23,54,64,11,63,54,65,43,65,27,24,80,72,2,58,64,58,46,14,54,38,17,88,18,26,98,8,4,100,50,36,50,12,5,12,57,19,70,43,55,74,90,36,61,68,83,81,65,52,58,55,97,61,61,65,24,45,29,78,69,63,66,59,29,99,86,19
45,8,42,65,15,36,70,41,49,81,1,50,67,34,32,59,20,11,20,38,24,67,6,51,70,1,58,83,65,38,34,61,5,99,80,53,24,78,7,4,96,12,28,26,66,77,96,28,91,78,96,56,43,80,72,39,83,93,53,58,98,72,18,77,95,96,73,31,0,82,4,0,42,61,55,84,25,14,5,13,55,59,20,61,95,67,22,51,80,36,64,28,42,17,35,55,62,18,30,18
7,98,89,74,55,66,87,40,72,43,64,72,30,34,34,24,86,42,52,53,90,55,1,69,3,27,13,33,1,32,45,0,92,52,21,4,17,21,20,80,100,31,56,29,83,99,96,6,22,11,62,26,80,15,49,52,21,21,20,79,65,25,7,96,6,11,89,47,70,13,39,20,75,83,87,21,1,97,72,16,62,27,21,62,70,32,33,73,17,22,31,15,32,69,34,38,78,52,71,66
94,20,17,54,6,87,2,56,99,74,92,29,77,39,99,92,18,62,46,28,95,41,71,74,99,3,65,51,60,44,100,15,18,55,18,88,3,33,97,48,40,53,97,88,56,39,26,52,70,40,15,2,67,76,19,5,64,46,19,57,93,25,97,54,30,33,15,98,44,80,14,29,100,48,4,1,67,88,88,51,25,8,55,37,63,7,84,30,78,36,45,95,71,1,29,38,95,59,55,27
17,47,3,21,38,7,37,39,4,39,44,95,80,90,96,89,58,87,92,51,22,31,32,82,86,68,21,8,89,86,24,45,62,5,21,90,95,81,13,44,24,74,5,31,85,65,90,4,45,9,94,75,16,22,15,87,48,1,88,63,74,33,17,9,64,60,89,38,17,56,84,59,55,91,23,47,28,77,84,14,46,93,2,29,73,32,93,65,66,30,80,32,60,65,37,6,20,49,25,0
37,96,52,54,73,32,65,82,72,12,57,39,50,63,72,66,38,0,43,48,24,96,6,86,29,17,37,56,25,85,73,46,86,7,46,47,86,91,33,34,79,98,90,89,99,3,96,36,36,67,9,67,23,14,60,48,94,26,11,72,40,68,19,67,41,64,31,77,100,95,2,49,76,7,15,37,7,77,57,69,82,89,44,100,70,46,48,0,92,44,83,15,79,52,40,53,73,51,57,77
55,87,87,63,18,71,2,72,86,96,95,77,14,97,85,82,23,47,27,80,86,68,69,72,69,54,42,13,80,29,82,38,79,58,69,73,27,99,40,43,23,67,32,1,14,17,84,12,53,19,8,6,84,60,91,35,98,32,9,37,100,3,5,91,79,46,93,53,76,39,22,13,32,57,95,43,86,6,72,81,50,29,41,35,20,89,57,93,18,67,99,33,32,65,56,80,97,33,73,6
66,69,23,57,100,93,82,42,36,16,13,65,31,92,18,70,94,80,61,95,94,95,35,10,21,81,35,85,59,66,40,58,82,88,39,30,32,37,4,85,28,42,38,25,66,56,81,18,97,35,24,4,85,98,32,5,24,40,74,76,33,30,71,50,32,41,58,46,3,34,8,22,0,51,61,16,95,18,27,78,31,97,2,19,4,79,76,36,32,59,99,12,54,89,43,58,84,92,37,48
16,59,52,7,28,73,53,89,21,94,50,95,67,6,20,53,89,13,6,55,2,82,61,0,2,56,7,45,42,46,52,0,41,21,40,22,98,69,46,66,32,3,74,6,49,65,73,35,35,98,36,56,56,9,43,10,28,41,95,77,5,72,13,5,16,21,33,71,26,58,64,64,49,73,23,84,20,43,54,19,78,100,69,63,16,32,93,67,49,40,3,83,39,7,49,28,24,17,6,98
72,67,58,80,41,45,84,37,89,94,59,57,91,61,38,34,89,66,16,60,71,80,4,62,48,40,27,92,50,27,39,46,86,19,51,30,68,31,70,39,74,39,90,18,32,24,84,20,47,19,16,95,60,3,25,42,90,91,11,16,85,65,71,11,53,58,45,96,74,43,67,1,24,35,88,96,3,10,51,9,3,6,75,37,91,64,11,91,13,79,26,23,60,91,7,54,46,37,92,36
45,72,99,43,17,87,41,22,12,78,77,33,100,55,98,18,25,96,66,89,57,21,13,77,12,74,35,70,0,35,6,60,0,77,21,79,0,9,51,57,56,13,100,28,85,16,18,44,48,7,8,10,54,25,24,58,41,48,34,18,86,97,84,67,96,94,33,13,69,78,76,28,72,29,54,61,23,11,6,22,57,1,14,74,47,21,72,55,86,97,85,12,16,98,32,10,10,49,61,95
50,77,57,53,30,57,86,56,54,17,7,84,31,61,38,80,29,57,22,76,0,53,47,42,42,67,51,1,29,51,80,60,48,53,63,66,55,8,85,46,73,31,28,58,19,15,29,50,61,45,42,8,90,87,34,93,48,10,83,29,37,16,56,15,13,30,67,83,75,56,93,10,47,75,71,93,95,83,40,28,95,61,69,78,74,47,8,85,52,88,80,97,27,53,86,79,1,10,57,58
40,20,16,27,68,42,38,91,38,73,38,86,31,83,3,79,44,50,81,82,3,50,65,20,12,7,62,24,40,61,83,45,70,64,32,50,9,79,1,54,49,11,5,32,85,81,98,12,44,42,77,21,3,42,64,59,95,100,59,46,2,40,11,10,53,78,45,59,33,54,100,83,92,79,84,63,92,13,93,57,9,58,32,36,50,79,98,13,35,6,0,39,89,96,62,84,31,17,36,22
65,97,53,26,39,87,9,54,2,24,44,100,36,19,15,97,10,81,6,31,9,47,42,51,76,89,74,72,81,72,79,51,49,47,40,62,47,34,36,100,51,11,83,91,78,19,26,2,79,12,79,48,79,21,19,72,11,4,49,87,9,96,58,37,64,77,66,6,60,64,23,62,60,18,26,49,79,92,94,13,22,23,47,47,69,86,94,6,79,49,73,100,38,19,96,30,56,63,81,98
33,64,5,5,65,42,24,61,87,55,12,40,47,52,89,20,3,87,6,49,1,5,17,66,58,51,28,0,91,12,4,54,43,75,12,15,8,91,83,50,96,0,31,78,39,34,25,61,51,95,47,94,25,70,35,20,17,55,27,23,4,29,42,67,3,29,23,84,47,49,20,14,32,11,75,51,54,71,58,96,1,24,22,7,56,66,5,20,91,87,88,51,36,82,50,92,1,26,66,22
90,86,21,67,30,45,20,2,57,89,78,19,64,43,53,4,91,91,48,97,2,79,68,70,79,26,92,52,79,73,90,30,19,100,64,96,54,74,10,75,99,17,21,51,99,98,31,4,43,56,94,25,83,23,43,88,90,29,10,14,64,37,47,79,92,96,99,55,58,16,22,65,68,74,77,47,75,4,68,70,18,76,69,22,25,80,0,24,98,78,96,90,65,59,24,41,59,62,54,48
75,87,40,68,2,0,65,9,30,10,34,49,41,40,11,86,13,28,88,37,25,72,49,54,30,23,30,69,69,31,53,43,28,43,40,94,86,46,79,98,21,73,76,31,64,80,37,55,28,62,28,57,19,62,30,49,87,49,92,70,54,87,3,97,34,21,63,7,81,14,93,4,85,23,11,38,57,73,14,52,95,42,63,87,42,24,70,13,85,24,8,51,42,11,68,28,88,26,48,4
1,83,36,86,58,45,32,74,90,98,9,3,82,83,22,69,77,100,66,63,16,16,34,82,83,15,55,5,73,58,72,63,16,32,95,33,99,99,71,92,92,30,69,19,19,52,80,27,0,10,11,14,45,17,42,32,85,48,75,96,55,83,28,26,21,19,14,15,10,15,9,69,5,26,67,77,47,84,100,55,9,8,20,25,98,72,90,91,19,48,13,33,93,23,65,79,62,20,2,69
88,51,67,29,12,67,37,56,82,33,54,99,33,57,99,99,37,89,92,42,85,11,45,60,92,9,21,42,45,2,35,13,89,50,17,77,78,92,65,97,19,7,6,60,12,87,6,78,45,12,86,70,49,62,96,96,43,42,90,79,26,41,46,7,67,87,4,57,83,74,54,47,68,66,22,90,39,71,100,87,98,51,3,77,20,13,63,61,62,1,4,0,8,18,98,22,15,70,65,37
56,9,57,82,58,30,12,39,76,0,91,86,19,39,14,4,81,81,69,14,41,23,16,98,74,71,16,14,37,66,95,4,3,88,40,78,15,24,83,62,19,100,3,4,75,5,25,47,86,35,50,21,63,83,77,5,12,4,58,81,0,5,32,19,85,34,18,12,49,36,50,74,34,88,42,61,59,45,98,4,5,90,68,80,57,1,81,49,17,47,5,97,70,12,85,87,4,4,92,6
74,22,70,93,86,9,54,51,22,68,69,62,7,89,26,71,18,13,24,63,2,75,57,23,0,14,58,55,82,63,25,29,99,5,28,86,22,81,14,62,27,77,84,10,20,95,78,35,82,34,36,2,47,93,58,24,24,30,25,42,57,26,39,57,38,5,9,4,59,11,62,59,60,22,26,52,69,35,99,78,52,76,15,21,35,42,62,59,18,62,75,30,4,10,63,52,73,19,91,7
83,28,18,6,36,83,74,83,92,8,57,91,57,1,44,54,37,31,51,83,68,41,100,43,57,94,23,58,17,21,68,43,40,12,24,39,2,50,93,49,2,69,39,64,25,63,3,22,74,49,42,21,13,47,100,51,37,52,57,93,53,78,43,96,97,90,71,65,88,21,57,39,49,24,40,68,6,60,55,15,97,31,55,11,71,47,93,50,14,45,67,97,1,28,28,98,76,75,69,83
96,2,26,93,79,52,58,61,10,23,8,50,18,15,98,8,75,5,47,64,17,43,58,61,29,81,54,88,92,48,9,83,5,35,12,80,66,56,51,45,47,4,26,82,20,66,5,2,76,60,93,11,79,94,7,8,47,31,62,29,17,97,18,70,2,12,41,72,67,94,65,18,11,36,41,84,66,81,25,87,5,13,70,8,1,58,26,39,63,57,9,7,100,49,5,7,68,7,25,61
97,82,85,94,64,93,84,24,73,46,29,3,93,100,12,1,4,15,98,6,86,11,17,68,9,11,13,91,91,81,84,48,92,49,34,23,89,40,81,37,21,32,77,10,58,74,63,64,35,61,90,47,28,71,82,93,7,28,36,74,71,32,10,91,5,71,90,19,74,39,78,62,18,4,68,51,79,95,18,25,71,28,43,16,98,77,30,40,12,55,95,65,33,86,0,79,98,6,90,97
84,21,9,1,12,46,92,14,77,9,40,41,84,96,62,90,46,9,51,22,90,86,51,34,1,5,73,79,20,21,31,74,14,45,75,44,61,12,74,16,10,71,12,10,2,74,79,56,78,40,67,28,42,36,56,63,95,42,62,78,7,95,31,72,79,41,6,95,94,7,18,54,98,31,80,36,23,35,81,41,49,38,19,88,59,82,12,88,63,86,2,1,74,49,44,37,64,84,5,92
4,7,26,15,76,9,84,79,2,75,69,78,23,63,72,28,100,50,27,20,1,71,17,49,82,68,95,63,25,79,3,77,64,27,92,92,18,3,66,62,11,69,59,37,14,98,56,1,59,19,34,81,15,89,49,29,26,69,89,3,99,78,45,17,33,44,95,89,13,14,53,44,98,14,36,65,34,70,45,14,76,54,94,16,100,22,30,33,71,75,11,76,16,96,71,8,18,73,66,16
0,28,78,55,30,44,71,78,2,54,20,8,74,29,26,63,20,89,86,9,59,72,87,50,62,61,86,51,47,99,91,6,66,63,76,12,98,19,49,94,87,65,83,85,2,9,26,89,72,84,47,31,98,80,94,20,91,100,76,48,88,25,10,10,47,42,68,53,30,67,80,1,29,56,66,6,77,52,100,42,59,80,12,25,44,73,67,55,81,50,90,21,85,13,80,4,49,68,68,65
98,49,14,98,65,24,73,96,3,57,50,39,12,42,32,17,81,84,79,50,9,99,75,40,24,70,52,86,96,35,63,45,77,47,68,20,69,96,27,78,4,57,45,99,39,59,48,8,18,67,27,67,13,54,74,19,1,46,5,26,22,33,48,12,74,43,98,28,38,20,77,85,81,89,9,0,5,46,33,48,57,86,91,67,27,5,15,72,30,24,7,21,28,32,2,58,97,12,84,44
56,74,63,64,67,22,46,84,87,46,36,29,18,69,17,78,86,6,96,67,94,56,8,38,43,49,37,33,17,23,82,99,99,63,90,12,93,32,47,4,76,65,90,41,12,68,36,89,29,89,32,51,62,18,5,94,3,10,11,57,34,36,75,29,7,8,13,55,88,18,86,57,40,2,81,97,33,64,98,67,58,38,11,11,81,32,10,71,81,4,79,64,46,31,31,3,67,60,51,84
80,32,57,6,83,22,67,99,35,34,34,4,61,71,79,99,19,24,44,6,26,18,43,13,29,87,24,9,93,25,100,34,97,79,43,26,43,16,55,33,54,53,36,3,88,86,28,95,33,8,28,14,22,18,62,42,68,0,99,17,21,0,88,52,56,72,62,76,19,60,40,59,62,3,21,16,79,6,3,33,1,60,65,44,88,58,64,90,27,62,60,3,57,94,70,92,51,69,47,70
46,28,29,43,18,32,90,60,40,71,31,73,36,92,4,77,22,90,19,80,82,7,80,59,68,48,89,75,39,83,65,80,83,64,32,74,41,73,26,55,49,41,59,63,33,31,1,51,53,82,63,63,76,12,9,0,71,17,84,91,74,0,97,99,6,44,99,16,55,97,58,30,50,95,70,83,75,57,30,25,74,85,17,15,95,71,54,43,42,26,78,7,67,30,65,96,43,37,74,88
82,50,16,51,40,49,36,31,18,75,55,99,69,52,70,40,82,1,81,71,28,93,46,5,46,53,9,41,29,13,33,68,60,26,9,0,63,70,14,47,26,27,51,67,39,12,52,74,59,39,77,53,55,51,74,24,24,100,50,5,88,15,28,75,0,16,71,11,24,10,37,65,98,81,66,66,99,59,17,97,45,84,92,89,25,5,17,93,62,32,48,30,17,79,7,38,43,98,55,1
63,15,54,80,7,49,15,52,1,78,65,4,96,100,79,27,94,38,72,2,85,30,26,57,57,98,65,42,73,51,4,46,42,25,48,77,65,74,17,59,47,54,56,17,9,48,37,45,68,11,55,84,63,56,99,40,23,22,5,11,17,23,46,59,20,96,54,83,98,27,76,34,94,6,67,14,14,67,72,18,60,56,88,78,53,7,61,41,8,64,18,30,1,42,48,10,66,38,56,98
17,25,66,26,49,38,86,32,18,98,28,40,58,74,62,36,65,63,16,43,63,2,61,88,1,89,91,73,2,64,34,44,37,73,34,91,66,36,9,9,55,59,76,83,26,19,53,20,58,3,86,72,41,72,64,1,19,65,21,24,41,65,66,52,99,32,76,63,85,84,29,50,94,56,100,10,42,23,26,15,12,21,59,27,30,22,13,67,40,100,63,75,53,35,96,70,61,60,6,36
41,57,67,85,34,71,2,36,72,75,66,96,54,23,8,86,4,3,91,80,32,18,11,50,54,96,8,8,26,47,77,77,90,47,88,67,91,50,53,94,20,61,63,6,47,99,45,52,77,74,59,80,25,93,20,83,59,74,63,26,38,96,58,90,0,0,78,40,46,48,50,85,52,50,56,47,20,20,44,45,59,87,19,83,68,67,85,82,2,52,13,44,95,52,60,33,55,92,7,0
25,66,44,39,19,13,68,87,37,98,72,73,76,43,68,54,39,84,52,8,14,97,21,4,3,75,75,62,10,55,62,42,88,35,11,43,59,15,47,49,5,26,81,46,6,13,5,22,99,52,39,60,46,34,97,11,24,35,90,74,33,60,14,17,80,80,60,30,18,54,37,66,44,45,61,86,8,28,52,13,92,32,17,97,87,11,67,91,76,44,57,6,97,34,7,17,17,53,72,21
93,26,43,43,95,56,75,2,98,5,74,34,63,44,55,59,92,48,86,74,43,53,83,58,44,76,15,93,93,82,22,6,23,69,6,20,83,23,40,22,41,80,17,23,10,38,57,30,66,73,92,58,32,19,22,59,67,30,19,10,18,70,30,4,51,40,86,61,53,42,14,36,80,65,75,26,58,34,48,54,64,21,4,15,3,86,78,64,86,44,23,26,92,96,26,12,37,31,57,75
43,17,11,25,24,41,100,50,28,70,93,35,25,48,72,93,11,48,80,51,54,82,49,45,4,21,75,85,49,25,21,83,96,38,10,36,16,91,55,40,1,60,55,46,66,64,14,3,36,29,38,34,80,75,37,15,61,85,82,52,95,3,55,69,9,41,39,94,91,100,41,29,20,11,60,59,70,72,79,98,57,15,73,38,35,95,27,43,29,34,82,2,40,58,7,74,71,82,41,80
9,100,88,15,38,80,66,36,58,10,99,79,46,54,25,16,22,74,15,87,29,88,79,69,100,36,91,43,0,76,25,18,46,58,34,78,53,6,10,37,74,32,58,72,98,74,54,59,62,100,47,85,96,77,8,62,15,54,94,73,53,41,46,27,18,78,51,72,17,1,64,97,73,94,16,52,66,4,70,87,43,62,15,80,19,5,79,45,62,54,24,3,10,51,15,73,26,10,17,90
31,86,34,4,33,20,31,86,17,92,63,89,65,33,84,75,0,43,38,11,15,65,37,54,51,12,58,18,25,98,15,19,76,10,33,42,54,12,54,51,26,65,17,68,36,88,21,34,48,81,74,35,10,65,81,61,2,22,20,70,58,54,71,31,88,3,23,73,32,83,79,86,28,76,66,18,17,60,14,16,61,56,5,98,81,97,60,100,5,97,75,64,17,82,58,100,67,25,11,78
86,45,96,25,6,61,30,46,75,37,9,89,66,73,74,4,93,54,43,32,95,26,3,80,33,61,49,39,29,89,92,59,76,57,22,26,96,4,21,57,50,21,48,9,53,90,11,59,89,82,3,54,25,3,75,70,50,53,31,5,31,72,14,81,34,10,23,1,3,66,47,10,69,90,66,98,19,84,36,30,55,31,33,25,10,91,18,90,8,53,19,55,73,39,23,54,0,7,1,34
83,86,29,2,6,75,70,31,65,34,78,75,73,3,93,94,91,76,38,65,85,82,99,42,97,27,28,92,66,62,0,67,8,21,36,16,0,92,33,78,53,64,12,78,14,97,81,31,77,84,16,93,42,64,94,22,26,51,74,97,31,66,79,100,38,83,5,2,46,63,60,72,65,57,14,43,72,61,62,50,55,85,33,34,41,27,81,100,58,48,90,100,5,26,71,69,77,86,17,81
42,53,75,7,4,73,96,22,72,86,91,30,68,34,74,25,46,30,67,9,69,65,16,25,28,52,65,26,37,19,30,21,68,72,72,56,48,66,12,88,39,53,79,85,24,78,98,84,16,91,32,5,40,32,89,39,22,95,22,19,93,86,72,28,40,99,49,98,98,82,46,97,0,95,20,5,39,52,86,0,17,9,1,24,55,100,21,92,69,23,19,99,71,100,79,15,99,41,4,23
75,80,26,88,28,20,56,61,97,10,3,96,83,18,85,87,36,73,33,23,46,41,79,71,65,11,90,72,64,12,96,59,89,3,47,35,34,96,11,56,75,20,64,89,28,53,17,9,50,47,62,94,6,31,83,96,49,42,71,77,63,49,12,32,62,96,18,68,23,39,57,43,96,5,6,64,45,66,71,43,26,39,17,67,33,41,31,7,21,9,24,47,33,86,37,7,92,24,93,54
0,70,89,21,96,39,28,54,25,53,82,27,36,80,6,73,100,89,92,87,40,91,84,24,95,56,85,1,22,1,24,91,73,71,13,64,51,100,3,47,82,63,68,32,5,31,19,86,64,6,16,49,34,64,90,11,13,51,76,55,78,64,72,78,90,47,37,50,15,47,89,46,10,71,19,98,51,38,81,96,95,88,27,1,87,88,81,27,25,77,73,87,58,57,4,74,95,59,100,34
29,75,37,62,24,71,85,18,95,54,2,83,11,99,50,98,27,4,12,36,67,17,35,53,41,18,98,59,35,17,34,50,2,14,65,20,6,5,53,5,64,70,70,86,39,87,59,71,96,90,35,22,87,13,24,31,54,10,1,30,33,92,52,15,12,7,42,1,40,47,25,46,90,87,70,46,50,56,79,47,3,99,63,96,67,40,63,91,68,12,65,58,16,70,14,24,33,84,78,79
75,79,57,33,25,87,34,73,89,14,6,4,82,41,41,1,28,29,24,43,36,2,61,25,14,94,1,44,54,27,81,68,32,43,94,34,88,19,79,62,15,21,7,90,10,8,36,73,26,77,39,77,51,64,85,77,38,52,10,33,66,96,24,79,33,79,13,100,88,48,46,45,89,48,42,63,44,9,46,10,62,80,8,26,75,22,43,86,66,6,36,70,22,45,71,90,0,66,71,18
65,91,16,79,27,48,39,76,11,54,78,72,36,51,86,9,39,62,91,60,18,95,22,66,49,7,6,53,75,15,82,19,29,71,45,88,41,99,13,35,48,20,86,42,9,58,66,7,32,70,23,46,0,76,24,81,30,53,63,77,65,36,35,66,44,88,81,60,12,76,31,38,13,87,43,73,49,79,16,18,83,54,57,80,52,4,59,91,42,86,20,62,19,82,72,74,31,96,33,50
38,40,75,25,100,23,9,38,89,0,14,66,7,96,71,61,47,91,48,80,60,37,83,17,29,12,93,70,68,57,59,48,27,43,98,54,56,39,36,65,78,44,20,90,70,77,27,84,96,19,99,13,23,15,84,17,22,73,51,13,20,84,40,51,63,96,26,71,59,59,19,74,13,54,73,56,60,29,57,30,93,39,4,7,99,46,77,75,38,68,48,81,2,67,43,9,10,46,81,27
45,70,100,84,12,7,97,91,49,70,14,76,21,45,16,53,69,53,44,63,24,83,7,57,60,5,68,58,91,44,98,1,85,95,63,3,24,41,24,52,71,46,92,9,8,14,74,37,44,60,30,10,100,62,87,59,48,100,75,70,55,0,54,4,46,8,37,31,75,74,16,84,23,78,70,35,93,20,57,69,19,46,45,98,55,11,39,13,56,36,52,6,86,97,15,63,97,12,51,8
44,67,3,42,7,32,50,16,40,63,64,44,10,28,75,37,18,80,76,0,41,74,86,17,74,61,61,37,12,55,44,67,62,12,6,29,51,6,68,78,99,20,85,78,59,30,100,51,28,10,45,2,89,15,29,82,86,50,66,15,74,73,57,35,66,13,29,96,61,40,4,72,6,65,57,48,9,90,26,5,32,73,33,1,19,67,77,96,55,62,52,89,22,5,2,55,36,81,12,23
88,43,90,5,85,83,97,79,53,32,80,74,76,79,95,73,33,91,76,82,56,26,85,41,22,17,63,99,3,44,59,80,26,1,15,41,51,39,26,48,44,87,100,60,4,6,78,36,80,31,45,5,64,34,34,36,71,29,34,88,92,9,16,39,80,82,63,96,6,86,53,93,95,38,81,78,90,10,67,23,93,62,80,23,29,41,47,98,68,8,17,97,48,71,20,82,75,25,8,21
93,51,66,34,26,65,16,59,91,64,4,58,65,100,31,88,9,58,68,25,12,43,8,51,26,62,82,55,18,56,18,58,47,43,21,66,12,75,5,67,29,72,70,36,60,52,83,81,27,13,32,89,83,33,5,8,65,53,86,68,31,84,95,24,16,6,10,19,18,95,44,87,87,34,69,54,76,76,67,8,94,80,34,21,62,7,73,69,80,50,14,73,94,68,18,63,94,66,23,89
15,70,59,35,72,93,0,21,95,16,27,63,51,44,87,59,58,33,84,3,92,27,27,95,92,90,64,49,0,20,17,16,38,52,23,42,81,30,50,54,46,19,45,67,71,3,80,49,21,3,75,0,17,50,9,77,77,32,69,82,85,50,45,79,27,76,67,5,86,59,16,27,51,31,85,23,91,68,3,19,2,80,40,15,55,92,99,73,57,90,50,16,33,87,38,3,92,18,42,13
5,56,43,67,15,93,89,82,67,34,52,24,22,75,3,35,56,45,95,82,49,72,94,99,62,54,33,71,38,33,83,48,9,97,45,95,33,0,12,94,3,43,50,64,73,39,14,27,6,46,87,83,44,82,63,64,49,21,9,15,92,86,25,80,20,27,66,18,50,37,61,73,98,85,96,85,92,29,63,81,77,21,44,90,63,45,89,79,58,23,66,79,92,7,31,48,26,72,17,61
37,34,92,5,86,57,16,91,15,95,37,26,81,67,97,58,65,69,98,12,58,4,59,87,6,98,91,89,19,97,82,12,84,80,31,62,57,85,64,38,64,20,80,89,99,74,17,23,17,54,96,16,38,51,19,21,8,94,57,11,18,92,71,4,93,13,16,51,53,84,53,39,6,87,74,84,49,60,28,16,41,22,18,57,65,58,83,81,52,74,19,39,15,69,24,9,77,23,52,84
30,50,23,52,85,32,23,22,27,95,57,68,38,52,81,83,48,39,98,100,83,7,89,90,94,64,16,11,88,80,70,1,84,64,54,8,64,14,59,27,97,1,84,67,45,36,59,47,0,49,92,17,57,57,49,8,17,46,17,99,47,45,46,84,98,80,60,14,72,90,17,11,24,14,74,44,69,77,21,23,24,85,81,90,80,55,57,82,56,45,38,96,22,95,69,66,10,98,78,12
24,16,38,99,65,5,41,85,68,24,70,79,51,64,50,98,6,94,54,98,92,53,9,60,7,80,42,63,58,11,68,87,72,60,2,77,12,49,97,42,63,64,76,18,26,79,90,32,92,1,94,92,63,90,72,91,35,90,61,98,40,78,40,48,42,14,52,3,30,67,69,34,73,68,1,100,31,32,92,59,10,98,6,29,8,39,77,35,87,32,72,0,66,10,45,92,97,21,2,54
36,41,76,71,40,48,92,86,18,55,69,85,25,49,5,45,43,10,24,29,92,31,40,6,63,30,14,3,0,60,1,57,0,48,22,54,92,92,59,42,18,67,82,62,2,49,31,69,13,9,18,76,71,2,96,99,77,4,72,77,90,93,0,40,44,27,54,65,95,23,15,95,43,96,59,97,30,61,9,91,13,83,17,9,99,11,91,2,48,14,61,29,38,30,43,37,37,6,81,97
71,77,12,91,11,79,43,17,44,87,21,63,96,70,65,11,70,40,53,56,1,48,31,64,91,37,26,53,10,60,28,22,53,60,89,43,33,79,48,70,26,58,76,79,16,59,19,37,52,90,25,52,64,91,25,65,14,99,61,43,97,52,16,5,40,98,56,63,13,43,72,71,77,85,60,52,87,18,36,81,26,61,85,59,13,48,16,28,55,87,78,46,21,3,95,93,65,54,81,55
31,96,33,30,7,70,23,51,58,1,9,94,30,69,8,20,20,39,38,28,34,43,8,22,43,14,6,29,4,57,77,71,81,41,58,25,85,73,20,36,64,33,91,56,96,17,51,76,2,4,55,24,75,63,74,83,71,75,72,38,26,52,62,43,44,32,1,35,33,74,98,96,13,77,64,35,18,94,80,97,86,6,49,75,45,13,8,40,7,55,44,20,90,57,18,54,52,40,59,81
74,56,92,60,5,57,49,56,67,40,85,91,97,0,64,37,23,93,72,10,99,38,49,2,33,61,26,70,4,89,36,70,5,16,62,44,1,69,42,89,12,60,79,10,75,53,21,72,7,92,37,98,7,43,85,69,78,73,12,56,22,52,4,28,81,75,5,92,97,62,59,56,10,3,38,14,6,1,100,80,99,25,25,100,99,2,68,89,3,92,62,78,1,38,46,55,36,1,80,48
90,68,41,30,85,46,76,49,43,35,95,63,31,62,45,44,36,11,5,79,34,77,93,12,68,19,15,84,81,16,100,63,16,58,72,98,96,95,50,5,43,56,9,46,84,81,15,50,56,79,8,71,81,82,50,42,79,1,51,37,19,36,49,75,96,96,11,5,11,30,37,70,0,34,13,24,39,29,26,14,28,30,37,8,15,34,40,83,65,69,57,36,76,99,100,92,61,20,62,95
18,90,65,53,62,21,90,67,44,76,11,79,90,17,44,22,68,52,11,11,12,11,65,32,51,88,35,81,54,30,10,58,86,31,72,3,33,43,1,50,65,68,81,47,94,45,63,18,32,27,14,81,12,55,69,57,46,72,37,91,80,0,39,5,0,37,25,14,43,63,84,29,27,61,18,89,20,96,15,57,46,51,24,95,25,92,33,88,56,46,55,62,12,85,59,85,87,68,5,32
31,8,52,91,82,89,39,4,67,58,60,24,65,19,99,12,65,64,4,69,79,6,19,64,15,77,66,4,41,37,37,36,89,63,34,76,23,85,65,45,63,82,91,74,91,16,57,96,79,77,49,42,5,14,20,56,94,46,66,94,85,44,80,20,32,73,37,86,1,45,96,40,55,16,43,99,22,22,43,76,45,5,27,61,100,5,40,56,70,41,21,24,16,27,72,44,32,77,90,43
32,79,32,41,87,39,22,73,32,17,53,18,14,17,50,34,53,38,57,63,91,98,89,48,86,95,73,16,15,74,48,22,35,96,11,40,85,29,9,36,14,90,38,78,22,28,83,94,92,49,97,72,3,31,46,26,14,96,50,78,43,28,82,25,1,44,6,93,27,66,66,94,32,69,57,70,29,70,4,51,64,30,56,44,18,21,72,27,77,19,62,28,74,98,83,11,42,30,90,61
65,74,86,45,35,13,85,68,72,7,67,93,64,47,85,31,64,35,72,88,70,74,23,54,6,62,74,99,20,73,3,56,10,28,66,39,38,72,74,53,67,62,20,14,65,55,16,94,51,91,89,41,58,44,80,96,55,31,21,86,95,30,31,56,8,14,87,12,67,25,21,81,6,24,62,81,100,19,53,58,38,23,79,21,12,33,66,59,18,44,99,70,9,65,9,41,11,6,86,48
50,43,56,42,77,59,5,80,44,42,70,72,9,34,13,79,4,38,39,76,41,51,88,44,49,72,87,49,99,50,35,27,67,91,85,25,22,58,21,40,36,76,97,80,21,45,80,80,60,48,89,35,66,96,50,22,38,62,2,79,44,86,15,56,27,41,60,38,43,89,83,100,30,9,22,3,49,70,75,72,69,64,45,45,78,35,90,85,29,14,30,50,34,8,68,91,64,4,73,89
63,11,47,29,29,51,36,51,95,19,13,18,86,2,80,0,31,68,92,99,78,85,59,51,90,16,89,12,52,28,79,0,93,68,65,44,43,61,31,71,73,27,69,92,15,7,38,16,80,73,68,81,94,94,92,45,40,59,57,58,25,27,19,81,7,68,56,7,49,43,56,4,45,70,90,61,33,72,41,80,2,79,66,52,85,15,26,41,10,46,43,56,64,28,64,70,16,94,87,14
30,44,55,98,13,35,49,33,28,29,45,98,66,68,53,26,86,78,23,3,27,71,10,10,2,12,100,33,2,58,94,13,22,16,90,43,32,15,48,44,93,8,12,67,19,26,74,90,13,76,12,54,5,65,64,75,27,66,52,21,78,76,6,16,9,13,13,84,60,72,99,27,84,38,91,0,64,91,97,46,72,61,47,90,75,69,50,43,26,86,21,17,70,7,39,60,50,23,64,57
27,68,58,32,88,60,59,37,4,36,52,82,49,33,66,68,71,35,89,1,79,89,52,15,62,14,27,9,85,86,74,2,38,51,2,0,13,87,24,30,0,25,47,33,89,15,60,81,30,10,87,38,56,92,59,67,49,35,80,24,78,8,67,53,75,42,83,98,67,68,7,80,93,59,98,44,84,34,90,73,39,90,48,49,55,46,39,10,43,16,62,47,73,43,61,9,31,76,29,71
77,67,97,22,83,84,4,0,51,41,22,84,3,67,25,35,1,83,60,38,58,10,78,15,5,67,97,72,6,81,98,81,30,60,14,11,51,12,14,42,94,70,60,63,93,42,64,22,87,46,87,39,47,8,93,33,65,37,37,15,39,3,92,4,28,100,86,95,20,12,50,79,26,94,77,76,37,22,62,32,33,45,68,38,4,62,65,0,62,20,81,30,39,67,50,41,24,98,85,5
60,5,98,48,94,21,56,56,25,88,71,91,55,10,17,39,73,96,53,82,36,88,6,77,20,54,49,4,11,31,89,37,10,86,74,57,61,0,54,34,69,21,88,70,31,56,6,28,6,93,66,6,97,32,78,41,54,43,6,43,9,64,73,36,31,0,17,84,97,30,58,60,45,7,50,48,7,79,78,75,49,24,72,47,46,37,26,50,33,0,61,36,66,9,29,23,95,96,99,95
67,73,72,49,27,25,11,5,94,92,20,98,7,61,70,16,0,1,31,9,58,3,84,5,79,11,40,60,43,76,83,69,0,10,98,31,17,13,68,27,10,20,9,14,59,46,72,96,2,83,54,49,41,35,0,54,29,65,79,50,87,28,98,43,9,43,70,33,95,98,25,75,62,32,17,79,32,85,52,41,92,99,28,51,67,83,11,86,100,99,5,59,86,86,63,91,30,2,91,46
67,39,45,59,98,12,31,38,26,24,60,89,17,78,82,19,57,97,83,69,67,39,51,94,81,51,94,21,39,50,6,71,43,91,59,94,83,35,58,48,42,74,97,80,33,68,85,0,96,10,26,0,19,10,73,15,45,30,83,86,25,62,56,86,4,34,19,56,8,81,23,89,43,65,34,33,34,73,27,4,50,47,18,18,31,66,81,3,67,23,58,74,85,78,19,32,4,35,13,24
63,57,26,99,14,30,58,76,88,0,77,20,91,72,33,38,16,90,1,61,21,50,4,27,85,28,27,100,6,59,37,35,28,71,51,8,77,90,56,82,64,41,23,72,50,65,91,54,99,41,86,17,100,3,49,63,44,100,71,36,44,53,66,81,1,91,62,42,60,67,68,12,97,92,38,56,100,51,71,68,7,29,51,84,95,74,37,28,52,40,71,14,63,67,87,23,6,45,2,13
94,55,58,57,14,44,76,23,1,67,28,90,88,54,10,58,16,2,40,74,62,50,95,28,91,41,76,47,83,49,89,39,52,54,30,10,96,58,86,73,0,90,63,65,16,39,5,35,72,62,23,22,56,45,30,76,80,3,9,55,0,28,89,26,99,64,33,58,56,74,30,29,72,39,3,64,81,12,22,65,45,62,61,87,74,66,79,1,98,71,45,13,83,86,9,69,39,84,66,94
35,8,22,46,79,99,47,26,54,88,57,30,60,67,7,60,85,26,66,13,3,57,25,95,33,10,13,32,52,54,2,5,17,77,40,16,13,86,21,31,75,38,64,1,69,77,91,64,87,62,88,52,84,10,2,65,83,54,30,27,100,63,30,80,5,84,80,85,62,14,0,47,49,82,76,61,9,79,63,98,22,11,71,58,11,34,35,33,14,73,53,56,43,18,56,99,80,10,55,64
22,8,66,28,5,27,11,64,26,39,28,80,69,94,10,88,69,74,54,58,99,83,64,88,95,67,46,57,6,37,31,63,2,64,65,16,96,61,51,35,3,41,5,65,63,80,37,89,88,55,64,27,99,52,19,84,20,11,5,61,83,95,50,79,86,85,52,70,80,62,23,90,33,5,88,53,99,37,38,45,62,42,10,1,94,82,26,72,73,90,55,26,86,87,74,36,36,36,21,23
64,81,64,97,2,17,24,6,61,32,6,73,50,78,86,20,91,4,48,9,99,32,36,55,57,29,82,39,12,95,15,54,65,90,20,44,85,7,55,99,3,66,60,3,53,31,63,31,3,71,73,72,59,37,11,33,77,59,23,42,91,75,56,13,19,68,84,3,97,19,22,42,22,39,72,86,14,30,44,24,58,28,92,52,78,41,73,34,98,31,95,94,79,49,9,33,43,30,3,46
67,49,29,62,68,44,45,13,30,9,44,46,82,14,83,31,31,55,2,72,96,93,40,56,86,35,88,76,78,5,57,82,6,2,48,56,41,33,84,68,45,50,95,8,73,71,70,74,98,32,20,58,84,0,87,60,68,93,19,82,17,66,31,40,47,63,55,34,48,18,88,36,84,82,9,81,74,41,22,28,2,96,99,6,50,58,44,73,58,67,50,34,61,19,78,20,77,64,98,34
97,52,12,98,83,22,29,41,40,50,14,93,100,57,91,59,58,40,76,65,78,31,58,94,85,45,36,31,91,5,76,28,22,67,3,32,69,48,55,15,72,55,39,25,63,40,24,50,73,22,45,98,26,60,66,89,20,44,50,65,9,57,30,41,85,72,19,61,53,19,62,36,88,41,87,29,58,68,73,23,68,67,78,31,9,81,65,48,2,81,31,100,58,32,57,5,10,57,82,29
22,64,67,6,66,32,75,78,2,47,92,52,38,13,5,92,87,17,4,22,70,70,92,15,59,64,33,3,33,39,7,67,70,18,8,73,14,78,83,55,59,23,31,35,90,39,19,36,22,32,52,63,33,61,37,59,14,93,0,98,43,79,34,16,96,15,32,65,89,12,7,93,2,84,40,2,24,87,68,65,34,16,39,38,85,83,73,70,72,100,6,48,55,6,71,82,21,75,24,13
11,4,45,74,99,88,83,4,18,81,60,68,6,5,73,100,44,2,57,98,43,18,78,1,13,13,74,70,49,4,10,0,98,77,87,60,30,62,2,34,43,54,4,47,10,91,54,23,54,32,7,16,54,62,44,76,74,91,44,23,44,34,63,41,76,43,32,21,83,2,23,75,58,22,86,72,1,89,53,53,30,79,55,28,78,96,47,80,7,90,53,44,42,60,76,37,49,26,2,97
84,64,57,87,13,45,65,7,9,69,36,42,76,69,11,27,58,76,89,63,39,71,9,88,14,76,48,68,27,7,32,54,98,25,45,45,18,42,94,93,56,52,41,8,39,14,16,89,27,99,74,7,17,77,54,96,49,100,71,83,96,78,38,15,72,19,18,79,5,67,59,69,0,22,88,87,87,22,37,13,36,64,97,32,85,88,42,34,35,99,79,37,15,35,71,27,31,51,69,19
71,18,47,53,43,8,70,23,12,6,32,6,18,21,99,86,46,65,16,56,33,53,65,16,28,94,22,29,46,91,0,45,46,8,24,31,62,7,85,69,64,42,62,61,67,66,55,33,51,67,93,94,23,48,15,22,74,62,18,10,86,95,56,75,74,10,71,95,81,100,24,40,65,67,21,24,99,89,31,23,73,100,17,27,9,86,12,65,40,70,2,80,12,82,88,38,66,18,24,72
0,32,17,26,44,6,40,66,68,63,52,15,65,16,62,97,91,22,46,88,45,14,33,20,87,31,7,17,2,33,43,63,2,37,45,40,7,74,43,25,75,34,9,89,97,28,29,76,52,80,50,53,72,18,38,79,73,63,5,38,87,30,47,47,88,4,81,39,30,47,13,38,72,54,36,47,57,28,64,94,81,96,13,29,56,51,8,68,16,41,14,23,58,8,7,14,29,35,45,39
31,38,27,31,7,34,40,68,89,45,79,60,96,11,32,47,86,14,80,98,90,54,10,100,53,54,6,71,10,39,33,93,43,38,52,22,84,39,67,11,88,71,87,6,26,33,52,62,41,39,2,77,21,2,35,100,78,80,7,27,34,92,61,4,3,0,76,37,97,15,78,40,41,97,61,20,71,76,1,74,93,13,70,24,70,66,82,89,48,48,97,47,38,77,39,53,8,50,24,99
30,31,88,79,71,18,33,50,3,96,43,85,13,70,5,55,39,79,36,3,84,20,76,50,7,18,24,5,61,58,38,86,15,87,16,71,37,100,11,23,83,49,5,48,50,18,84,1,70,1,39,31,23,23,74,60,35,85,95,70,58,69,90,84,14,84,75,24,97,77,66,90,89,92,18,65,2,63,96,63,6,94,82,24,78,51,69,49,20,46,74,11,30,34,51,27,41,67,50,60
75,51,53,60,38,50,94,86,19,63,92,26,0,74,92,97,15,74,22,73,86,29,24,53,82,84,89,34,39,33,33,32,67,65,76,57,71,44,18,60,53,68,35,41,67,41,34,28,1,74,96,99,14,62,64,33,7,30,70,55,82,82,58,37,97,40,96,53,52,27,36,72,70,46,98,19,26,59,17,45,40,59,19,53,90,4,83,48,2,27,48,33,87,100,93,49,50,53,78,48
71,42,58,65,96,57,88,72,93,45,100,92,22,78,81,14,32,61,0,6,2,74,63,52,31,68,83,20,36,40,69,17,59,20,88,40,56,5,20,65,46,22,26,90,20,67,33,50,58,28,44,24,83,19,85,34,30,80,91,68,37,90,63,73,96,13,11,75,24,64,62,91,66,95,47,81,83,87,16,94,50,100,21,48,22,44,0,99,86,84,40,36,84,16,38,72,55,78,81,39
22,100,11,51,54,82,72,95,39,99,88,84,57,68,70,94,99,9,22,33,9,85,2,16,26,83,28,75,35,72,81,66,10,24,25,87,97,12,31,6,53,98,38,78,70,2,42,8,49,74,80,37,13,4,49,12,1,22,23,90,70,75,99,40,40,15,47,78,4,76,44,86,31,32,77,46,100,3,61,31,8,4,3,59,91,73,45,80,9,51,29,29,100,58,73,94,78,45,70,55