40,38,93,91,57,51,37,61,32,49,54,40,94,63,6,10,40,84,65,81,29,77,59,67,4,55,38,11,4,77,74,43,84,74,37,87,8,42,2,47,6,75,97,15,31,91,31,98,89,38,49,38,33,29,74,79,29,15,14,27,99,38,32,74,39,15,53,80,99,26,3,74,57,55,64,96,87,81,78,82,60,64,38,61,25,61,27,24,81,87,70,86,85,45,47,44,18,98,62,95
7,88,16,0,26,51,91,69,40,12,45,84,72,62,62,99,63,77,93,27,38,27,17,72,96,86,84,73,24,87,59,98,61,95,34,2,10,65,98,55,12,87,55,69,48,48,2,84,67,28,37,4,47,85,33,53,83,63,28,82,92,68,41,19,73,64,58,23,61,52,42,77,80,90,0,100,31,91,9,58,63,95,96,59,14,59,67,32,33,42,80,44,60,3,87,82,20,46,83,2
21,18,5,49,26,44,79,93,77,58,96,80,73,37,92,93,59,24,40,99,44,66,68,78,33,97,29,93,86,83,97,73,35,63,80,75,77,84,44,97,51,100,19,47,28,4,89,2,85,43,88,0,84,61,93,96,91,65,96,3,89,45,50,28,27,51,28,39,93,91,49,39,71,90,3,28,29,53,10,94,84,66,86,63,50,5,94,52,10,17,10,12,53,44,29,38,61,24,24,41
49,90,60,5,83,72,40,84,32,40,29,19,17,67,30,77,15,78,0,53,0,65,37,22,15,73,43,35,74,70,91,79,22,77,93,25,75,68,76,32,51,46,98,11,48,9,21,57,83,32,91,0,7,32,22,54,6,15,60,40,26,36,37,96,6,81,12,32,51,86,54,36,89,40,10,19,7,72,62,84,68,78,44,67,93,93,10,24,71,65,23,15,64,53,56,82,94,76,74,94
30,47,42,50,48,76,49,83,19,95,11,19,33,8,13,21,38,43,40,63,6,49,32,35,68,63,15,64,93,30,19,73,19,89,3,60,80,46,70,6,1,59,75,36,79,77,14,8,87,95,71,30,55,42,76,84,0,12,42,30,32,95,9,65,60,85,82,75,15,17,9,46,85,99,23,15,7,35,85,73,6,9,28,4,67,9,20,92,84,46,100,48,11,40,73,48,5,60,34,72
41,94,25,45,10,62,53,48,98,71,76,6,1,9,51,57,8,37,97,31,98,99,22,77,75,83,19,50,8,21,98,20,0,53,25,3,83,31,99,83,62,39,45,67,16,63,96,49,70,66,96,34,59,50,63,64,58,70,60,22,48,25,57,90,39,58,70,8,56,93,78,67,12,79,6,66,40,76,25,27,90,42,6,29,89,25,42,20,32,81,74,73,71,40,28,16,67,26,32,10
60,18,62,75,37,51,38,3,6,2,37,17,94,87,50,50,49,63,22,86,90,84,24,24,36,94,94,49,64,95,51,15,15,53,34,84,33,1,42,50,0,95,46,48,79,3,59,96,0,35,29,14,75,99,6,92,4,93,47,11,96,39,29,77,3,36,83,43,67,3,98,99,85,21,97,96,33,83,56,59,59,62,53,100,56,14,55,13,17,10,56,89,16,42,3,44,95,96,54,84
33,19,40,80,50,63,65,95,9,11,74,3,60,60,53,13,64,55,0,56,88,15,70,84,16,38,70,14,25,38,66,94,43,29,82,16,17,82,10,12,76,6,52,21,12,97,83,31,20,68,88,91,4,51,57,26,71,9,77,54,21,98,62,17,35,60,10,55,19,4,87,47,99,69,9,92,66,51,91,73,23,68,8,88,96,46,15,92,88,1,45,80,97,66,82,57,47,51,7,45
3,51,93,51,86,68,13,36,24,18,1,23,33,93,36,11,4,18,39,63,63,17,25,69,44,37,20,73,94,6,4,50,11,46,62,65,57,54,80,41,50,32,56,68,40,4,86,62,56,66,69,26,14,56,90,77,94,98,77,67,25,59,3,99,94,19,53,84,64,67,54,62,60,61,8,26,62,25,75,69,96,17,26,30,3,92,27,29,5,45,46,45,83,47,63,55,14,16,29,79
15,35,0,35,3,92,49,27,0,13,0,94,83,33,90,28,84,19,66,62,95,12,63,95,57,4,99,9,87,4,1,61,51,57,71,11,96,63,49,33,59,58,61,63,7,26,29,95,63,16,100,38,47,81,88,87,16,53,44,40,61,15,7,32,6,72,52,65,72,36,92,30,20,37,41,98,15,28,48,89,68,65,42,24,63,81,0,35,84,82,37,34,64,93,95,83,47,76,23,15
14,16,45,43,50,17,89,9,71,89,27,69,44,65,14,57,36,44,4,71,1,27,24,8,90,7,36,69,2,54,72,9,4,13,0,9,23,53,95,18,26,81,16,34,99,72,73,14,29,60,85,97,32,84,43,12,68,89,26,53,7,92,64,5,31,46,92,51,28,1,46,99,49,5,59,32,29,39,35,97,51,65,56,54,23,56,52,37,47,39,44,19,39,100,74,19,55,48,99,74
76,7,50,25,59,43,38,95,41,46,42,90,0,56,93,25,84,18,23,15,55,78,79,31,56,45,16,10,33,0,6,57,46,17,79,69,17,62,16,61,77,13,81,16,89,22,85,5,49,7,76,44,8,98,48,73,74,36,88,33,18,35,18,85,10,29,69,13,46,39,93,81,66,13,83,98,10,82,99,16,80,67,76,26,87,68,18,24,73,73,78,68,18,100,5,2,39,23,42,66
39,12,40,41,57,68,1,40,9,60,36,55,8,21,38,1,62,2,6,11,19,17,43,2,64,93,60,63,0,31,75,97,37,0,100,13,38,26,82,67,10,50,74,25,97,58,83,85,100,75,88,44,41,50,7,74,77,53,35,34,46,88,92,9,22,23,40,41,94,60,73,6,32,13,60,37,61,74,36,14,5,84,1,55,66,8,71,59,45,78,49,13,83,59,51,87,65,79,91,54
11,43,81,88,27,75,98,48,76,31,21,56,22,73,64,30,36,3,4,13,75,12,60,65,63,38,79,89,46,79,79,10,48,93,40,35,9,84,9,62,59,85,56,55,24,39,55,76,84,89,80,69,52,5,29,13,39,66,26,13,21,64,18,63,35,61,63,8,13,45,30,99,48,34,23,85,76,21,45,63,88,16,66,72,64,34,62,69,79,75,1,93,73,60,70,85,86,63,82,5
19,13,49,91,48,12,28,39,89,33,62,98,30,93,11,54,25,81,55,18,85,22,55,37,11,70,0,71,30,74,69,60,11,21,34,18,92,4,17,29,89,22,74,10,98,50,21,80,18,67,75,81,30,51,98,51,79,84,64,70,46,2,98,85,70,73,46,90,77,63,100,47,74,59,45,31,71,18,77,17,44,69,41,51,85,4,53,18,4,88,87,37,84,100,40,65,62,85,36,18
35,2,41,1,9,74,8,37,26,5,62,14,26,71,10,56,78,52,41,64,29,50,2,97,55,96,9,52,54,60,73,56,78,49,70,84,89,52,33,88,20,62,59,84,0,64,46,79,54,5,69,67,79,77,3,8,26,63,81,86,93,13,16,10,79,51,31,22,55,27,28,45,74,88,97,19,80,14,3,5,74,4,16,85,98,2,30,82,92,89,23,73,28,56,82,19,36,10,59,37
46,76,69,8,16,61,54,84,31,97,75,25,64,86,68,63,7,95,17,35,79,60,51,8,54,68,9,93,38,67,16,58,19,11,74,39,80,8,66,45,76,37,36,77,28,76,47,63,35,49,65,54,10,62,11,3,21,72,8,12,74,12,5,3,45,78,8,2,0,45,15,82,20,22,8,55,38,93,79,79,10,60,70,58,83,72,70,83,33,24,97,52,38,99,1,86,23,85,29,5
71,13,0,62,62,42,12,36,6,13,82,4,51,12,77,68,63,68,50,26,43,64,9,44,48,32,5,46,50,8,66,43,65,49,30,68,0,0,28,85,62,79,23,14,53,12,93,52,1,24,73,97,37,45,62,76,89,61,29,9,91,84,93,41,31,10,32,42,33,67,58,6,40,66,84,12,79,61,73,30,83,26,2,51,48,68,28,50,70,9,22,47,96,48,59,23,61,3,68,85
56,52,27,85,85,40,0,69,33,7,81,92,21,75,4,49,85,33,69,90,7,34,20,66,46,44,30,91,88,5,88,19,12,64,76,54,75,65,84,32,96,93,96,23,15,60,15,79,54,35,67,79,71,5,16,82,74,58,59,58,33,18,78,62,10,76,85,85,12,82,29,12,96,23,73,90,13,45,8,66,74,7,29,66,8,78,39,9,77,76,54,7,39,90,74,86,59,87,95,73
39,3,56,86,97,95,45,25,11,0,87,26,51,96,75,86,71,7,88,75,71,52,75,43,43,19,94,37,86,51,46,93,31,46,82,13,73,18,48,10,60,46,29,13,48,1,23,25,92,81,78,77,61,70,74,59,1,89,63,73,68,17,2,22,35,1,22,33,96,59,50,96,47,72,17,21,88,37,53,50,68,66,37,1,99,80,66,25,59,78,24,62,68,20,1,90,16,44,100,29
25,43,74,40,28,51,30,32,77,89,36,40,64,53,49,36,88,28,39,94,54,98,87,23,6,45,89,38,65,74,71,1,72,13,88,65,94,73,19,53,2,49,57,69,4,1,55,53,53,52,4,2,9,22,83,48,65,7,13,2,55,3,83,15,21,2,19,3,76,70,18,82,30,65,66,29,48,90,70,94,8,31,8,12,79,5,10,2,67,91,9,36,94,78,54,23,85,43,48,61
22,97,6,22,89,15,55,25,64,26,2,0,96,50,11,15,42,87,26,96,93,20,3,21,54,62,91,44,34,32,33,77,21,38,10,47,72,44,48,37,9,59,66,48,39,76,77,64,46,86,52,6,36,2,95,55,44,20,83,84,18,56,7,88,13,42,96,60,42,12,69,44,0,18,30,64,97,43,42,18,5,45,93,48,9,80,11,20,72,47,55,91,34,64,68,81,95,33,84,68
75,29,23,97,40,18,62,41,79,46,36,40,59,40,5,5,44,20,6,93,18,30,14,26,41,21,19,1,17,70,9,70,49,74,81,96,98,0,71,70,73,87,71,94,12,51,1,68,71,12,9,35,73,56,86,31,19,41,38,72,6,51,4,42,15,45,78,66,2,41,7,55,95,42,67,72,4,14,56,44,95,97,72,23,5,0,31,54,88,56,21,85,31,3,29,7,97,27,1,30
62,100,27,89,8,94,63,46,34,1,44,96,58,75,82,81,93,57,85,16,66,72,1,72,79,91,33,4,54,4,77,87,87,11,55,72,51,56,46,25,93,27,60,42,77,60,82,26,11,34,74,92,56,21,50,2,61,1,81,93,20,46,35,98,13,87,8,4,82,67,58,5,1,13,7,63,87,94,74,3,52,15,96,23,95,93,63,18,7,23,7,18,44,46,26,39,21,24,92,3
12,41,27,25,56,67,63,87,89,51,21,22,87,79,52,61,63,92,24,72,83,17,85,36,92,74,44,10,58,12,65,92,71,31,55,13,93,21,4,59,53,22,3,14,48,45,100,14,90,28,86,55,9,55,56,41,15,45,64,36,15,63,59,11,23,85,38,94,58,25,70,6,8,9,29,22,17,1,50,42,8,41,32,83,79,74,54,56,78,67,0,81,71,83,6,70,100,52,76,19
65,88,79,68,79,86,91,30,92,69,8,26,53,73,19,24,2,49,96,8,20,77,72,84,88,47,78,1,5,60,16,10,8,61,49,93,28,75,96,97,83,10,24,69,20,64,43,30,91,65,55,57,33,33,78,30,14,7,30,36,8,15,54,30,3,45,70,60,89,9,17,21,42,18,93,50,81,67,99,51,21,53,50,19,23,74,43,57,31,25,19,99,7,83,28,59,51,94,23,88
20,10,46,51,19,36,74,51,58,63,13,21,13,91,26,75,34,9,36,49,15,53,2,3,95,85,62,83,23,87,40,92,50,38,38,54,48,23,61,61,25,30,83,87,70,88,28,43,55,46,21,59,5,33,74,50,55,30,35,100,48,93,2,54,64,86,85,79,30,34,21,94,48,95,22,16,85,54,88,22,96,80,50,31,34,73,80,11,12,94,18,68,96,67,71,98,28,55,70,84
85,78,77,4,57,0,31,78,7,70,41,99,6,22,18,25,39,87,7,56,50,59,58,80,8,91,80,32,55,28,9,85,68,42,16,59,39,61,25,29,47,14,31,3,86,37,88,45,89,82,17,11,30,14,18,22,83,3,67,72,19,59,88,74,93,29,91,20,95,68,45,21,35,20,44,83,10,89,50,82,32,26,50,54,37,53,0,28,20,17,39,74,36,63,84,57,67,30,97,35
78,85,79,62,56,61,5,75,11,11,83,69,33,8,95,27,43,8,95,90,33,11,99,79,66,9,95,77,95,18,53,12,1,79,25,98,65,58,57,38,90,64,45,62,84,35,53,83,9,11,66,27,1,23,94,52,57,26,67,67,26,82,94,89,16,31,94,81,54,59,78,91,40,78,9,61,4,38,55,85,85,83,33,24,77,33,96,81,85,34,43,64,40,72,29,98,2,53,14,89
97,41,91,100,82,100,43,52,87,64,38,6,99,96,61,40,75,42,62,66,40,44,11,56,17,92,65,90,65,73,42,33,72,99,34,17,14,3,54,84,5,52,94,0,42,71,36,67,92,58,56,59,100,74,3,3,52,64,89,21,12,62,6,22,31,5,9,6,99,96,97,7,14,61,39,81,33,5,75,0,88,34,57,79,37,82,70,24,8,85,76,28,21,20,67,94,80,86,13,35
43,76,28,7,6,13,0,6,34,89,76,84,71,50,96,68,74,7,38,40,13,81,44,33,97,92,4,54,77,98,7,79,29,1,56,22,73,79,25,40,40,51,13,57,83,38,7,34,48,37,21,13,1,91,85,75,12,4,71,75,37,98,49,95,99,12,81,78,46,65,92,95,66,21,61,83,73,73,39,92,77,7,27,88,64,5,91,49,23,94,31,54,60,21,94,77,75,27,86,40
2,36,59,70,91,95,86,78,71,5,28,87,91,79,88,26,94,11,43,43,56,19,20,73,11,55,61,5,59,24,85,9,56,64,31,48,67,67,39,20,26,76,51,17,58,22,90,94,23,14,58,0,29,99,58,78,27,9,33,10,33,50,63,80,99,31,100,14,98,17,86,8,92,1,80,22,63,43,11,10,98,66,12,14,26,99,49,43,63,74,13,64,75,72,45,85,63,94,81,10
23,95,2,35,99,92,9,77,30,63,43,20,35,100,6,76,32,58,90,38,80,16,23,40,44,94,67,27,63,0,64,34,20,77,74,52,17,13,6,16,19,50,83,80,29,35,51,12,45,35,61,74,37,86,13,3,18,65,92,20,33,14,0,71,72,90,95,83,1,97,88,49,75,33,98,10,66,89,31,19,71,48,91,88,33,15,44,96,5,3,8,73,11,69,15,1,50,48,60,21
74,16,19,99,28,39,43,45,37,23,34,22,15,44,40,1,96,17,27,58,93,73,26,1,64,48,54,48,26,43,50,96,10,48,84,36,91,36,48,47,12,50,78,87,62,28,29,41,9,13,3,66,67,31,6,52,81,66,93,97,69,16,38,16,47,61,22,3,88,25,89,10,70,67,97,62,20,44,17,64,62,9,50,95,49,92,24,28,58,83,55,19,18,16,23,76,26,16,26,68
19,98,52,32,3,32,64,89,9,91,61,77,90,99,2,84,26,10,47,32,27,28,65,16,27,97,41,82,71,54,42,17,65,27,94,84,19,87,100,96,10,76,4,48,52,33,70,41,68,95,75,19,4,23,68,52,75,39,56,80,82,17,8,27,36,5,1,96,39,59,7,9,27,0,65,26,50,5,55,98,55,3,96,33,24,3,80,95,78,92,72,96,39,12,12,88,65,27,6,49
0,78,71,6,85,73,64,25,39,20,2,46,66,6,2,36,29,42,37,44,74,13,48,95,6,7,56,63,60,35,61,46,10,31,49,69,77,51,85,17,53,14,100,70,59,92,61,100,85,86,70,44,3,12,67,99,96,85,81,59,82,77,55,43,98,38,88,7,82,57,8,66,54,50,34,13,38,6,75,97,59,92,5,56,99,48,44,68,29,50,12,12,54,89,95,23,2,43,11,22
54,97,76,8,34,18,17,22,24,94,58,18,37,73,26,93,39,81,74,69,48,9,39,20,6,87,54,79,53,97,96,16,90,82,37,27,84,99,5,83,88,12,34,83,80,88,67,11,40,36,54,94,60,72,39,81,42,29,100,68,36,36,12,2,41,89,65,1,95,84,52,23,68,20,88,32,42,13,93,83,33,16,80,22,9,98,79,38,26,81,80,43,68,42,1,55,88,81,36,83
58,35,90,15,45,97,75,8,10,4,71,68,10,94,14,47,54,1,7,90,74,13,98,88,51,60,22,1,100,82,81,0,1,54,14,56,50,7,50,70,53,42,6,35,84,81,75,1,6,42,39,1,28,56,1,67,69,60,69,60,49,74,42,32,99,26,96,10,0,39,52,16,52,39,74,100,12,73,91,66,49,79,59,61,58,19,100,36,32,26,30,49,88,44,9,72,19,47,77,38
26,23,46,21,5,34,70,31,48,46,96,100,7,72,65,54,94,44,61,6,47,57,68,95,91,32,81,41,54,62,80,46,73,27,64,39,40,92,0,12,50,23,35,81,28,55,89,19,58,87,18,62,91,10,99,85,88,68,85,48,32,23,0,58,90,77,56,90,50,75,46,71,15,10,83,64,38,12,68,25,2,49,15,84,86,59,90,40,66,0,44,20,32,24,26,78,66,33,4,33
6,87,9,76,19,15,55,31,9,66,88,8,51,24,55,44,91,12,22,49,30,32,59,89,0,89,85,92,10,98,80,28,35,39,54,45,29,89,0,31,85,38,14,27,55,33,20,20,18,56,30,61,4,36,19,29,79,36,35,57,64,6,6,79,17,5,1,33,2,13,61,33,35,36,36,57,79,85,10,86,30,12,83,27,76,79,29,13,33,21,32,40,70,76,23,77,75,86,49,80
97,58,30,78,30,56,53,75,62,16,23,100,98,44,61,30,100,51,72,39,53,57,62,8,1,17,70,80,23,49,36,80,71,31,40,70,49,29,48,10,13,85,8,92,11,46,88,70,60,82,2,37,21,79,22,98,3,92,76,22,12,36,85,89,97,14,31,71,50,61,21,52,29,59,58,20,20,79,41,29,40,57,90,62,4,93,46,74,87,93,36,75,34,99,55,29,41,49,30,34
53,27,30,93,8,96,74,25,87,12,6,38,0,51,44,13,78,1,46,98,99,26,84,11,3,2,68,74,90,53,40,5,69,90,43,77,82,14,41,59,90,54,83,5,97,95,91,57,21,7,4,47,59,45,77,42,41,25,66,69,33,90,80,19,15,23,59,43,99,82,25,51,1,78,0,97,77,29,3,7,17,26,80,11,38,15,79,40,27,68,77,53,67,38,55,63,90,45,53,35
47,18,75,63,24,45,59,82,15,40,33,5,12,31,91,52,98,31,54,70,56,16,76,10,36,22,39,72,72,56,58,5,66,15,79,99,95,20,47,12,88,73,5,18,80,27,62,1,80,85,2,100,59,45,44,27,86,28,60,43,93,93,72,34,31,1,27,24,98,44,55,70,2,27,65,96,23,93,56,84,7,81,51,29,79,38,93,56,50,17,73,2,43,58,72,25,77,89,67,12
82,22,85,38,31,1,31,93,22,98,15,27,77,71,85,23,80,99,4,2,44,8,98,30,6,79,78,57,48,52,7,98,76,4,14,76,67,70,80,29,99,51,10,46,80,40,47,52,54,71,9,85,27,59,19,52,20,47,7,44,46,17,46,49,32,87,10,0,61,11,66,0,47,93,77,15,50,2,63,21,76,31,71,12,87,74,26,0,77,48,2,47,48,27,92,38,31,9,86,7
23,3,53,66,35,41,5,95,52,88,11,56,28,48,29,88,49,19,91,62,0,91,68,61,2,50,95,18,24,9,65,62,48,84,83,18,80,100,15,82,60,29,53,0,29,43,57,82,64,67,0,62,89,25,79,10,60,5,74,56,6,24,11,71,42,53,56,63,34,2,97,10,99,40,57,96,2,54,75,98,96,10,77,46,73,52,6,23,83,27,0,34,11,99,2,25,10,77,38,85
8,30,2,59,51,94,10,85,37,60,0,70,69,34,12,30,67,93,51,27,17,28,64,36,55,14,31,60,17,62,6,95,25,56,12,17,55,26,40,37,44,81,39,81,45,43,42,28,68,98,59,38,71,68,6,75,70,60,7,35,91,99,32,12,24,90,66,17,92,68,23,31,93,75,12,31,22,24,7,19,47,84,10,68,89,39,18,96,72,97,13,97,65,65,49,44,45,20,89,91
94,4,39,48,99,24,83,2,62,80,84,40,84,37,11,65,48,42,91,96,14,27,89,95,24,69,51,33,36,31,54,2,29,80,34,69,19,43,34,60,25,89,47,37,92,31,44,97,42,100,19,47,15,13,77,75,38,19,24,62,35,84,78,55,92,53,85,35,49,97,94,69,92,78,39,92,8,11,65,80,62,48,98,35,66,69,24,95,17,19,83,53,89,33,80,81,27,83,71,2
73,63,70,49,54,64,16,9,81,47,23,41,60,69,48,63,28,21,92,60,37,47,60,89,81,95,13,100,90,15,58,73,63,76,42,31,6,47,84,85,42,64,94,35,26,87,87,79,60,0,59,29,6,39,85,78,19,94,61,25,50,73,48,79,17,33,42,53,71,12,82,14,56,64,96,49,60,32,66,40,75,28,79,64,80,24,27,30,64,80,66,53,36,80,86,38,30,98,8,50
89,48,18,83,83,53,77,79,93,65,1,72,19,49,5,50,66,62,3,32,23,14,100,83,46,75,3,78,65,75,35,80,50,85,20,93,19,54,20,82,25,55,48,26,74,41,10,25,22,53,67,80,32,89,17,5,71,11,26,2,96,32,87,96,42,46,58,40,18,47,100,5,86,50,21,78,32,82,76,0,77,38,79,69,52,27,20,40,4,16,12,1,82,98,31,56,37,17,55,51
52,52,75,54,44,50,75,83,94,59,66,67,68,46,48,20,15,88,10,12,95,46,15,90,88,70,17,31,19,19,39,91,93,33,41,0,93,65,71,77,66,19,28,94,9,24,83,99,57,4,20,70,24,3,87,5,83,39,17,72,15,85,13,27,59,94,1,64,61,21,81,54,42,19,99,70,17,38,37,3,13,91,13,5,82,30,71,10,59,9,0,86,93,69,98,20,23,37,2,43
48,76,15,0,40,71,92,35,31,28,58,20,45,89,53,45,78,93,60,84,48,61,5,12,45,89,23,12,71,49,76,80,68,37,67,27,63,95,71,70,32,33,8,29,69,67,5,17,84,5,37,16,83,83,24,59,100,1,81,42,36,78,76,59,23,82,53,3,22,84,64,32,69,62,68,56,52,43,69,24,42,76,77,42,16,10,72,51,92,66,91,5,98,97,10,60,86,81,28,38
23,22,77,81,38,34,83,42,48,71,95,10,99,55,60,74,51,92,72,23,0,100,17,18,32,41,38,44,37,16,90,82,56,12,34,28,18,24,13,47,23,77,97,43,48,89,97,64,59,78,72,73,9,100,29,7,71,46,9,71,26,66,100,40,70,69,34,0,15,68,67,75,76,70,23,12,6,51,80,90,26,40,76,76,82,2,8,98,35,46,76,28,49,64,90,85,15,8,72,41
55,14,45,35,31,65,15,3,31,44,65,96,80,16,21,96,82,4,12,26,58,38,60,8,21,80,100,48,33,99,99,24,13,60,0,31,48,89,88,96,50,22,100,59,86,5,34,10,99,13,12,35,59,42,46,81,68,96,30,94,28,98,67,86,85,2,33,52,1,41,21,54,47,30,62,75,45,45,28,91,14,57,6,81,62,74,27,68,26,75,87,4,98,30,5,29,26,23,25,36
58,42,95,16,41,49,4,87,35,37,47,3,79,45,95,45,1,18,61,84,18,25,70,24,19,82,12,87,35,77,38,37,22,74,49,50,83,64,38,6,13,15,27,98,91,49,6,86,15,10,6,12,53,49,32,2,93,61,37,37,22,41,64,73,1,64,17,42,35,5,70,89,49,17,59,45,90,27,38,96,41,91,57,9,56,71,31,28,38,31,77,10,15,3,80,41,95,48,41,97
69,99,0,33,26,94,21,99,77,57,21,26,17,56,21,51,57,41,77,55,86,72,62,39,66,7,100,41,2,82,8,13,27,71,95,43,33,89,52,12,21,11,97,41,64,87,63,25,80,83,29,1,9,84,55,68,25,43,82,89,96,7,48,76,39,38,45,62,73,29,46,19,20,42,5,74,44,19,12,70,49,96,32,22,21,54,11,8,51,58,81,19,28,86,68,9,11,20,18,41
22,35,35,56,44,51,84,52,23,75,53,8,6,60,81,8,58,67,78,59,25,36,45,83,56,27,5,41,43,87,65,75,61,24,21,60,22,28,42,46,51,94,28,55,79,68,86,44,89,50,51,4,39,39,30,29,58,55,94,58,97,55,2,35,86,5,4,48,7,0,12,83,50,67,27,56,28,68,49,49,95,49,71,70,19,48,82,84,1,3,26,13,11,70,42,80,38,18,28,11
95,36,43,9,63,21,6,74,47,59,63,76,29,29,68,43,11,61,43,65,72,9,41,28,66,39,89,26,22,62,35,28,17,20,60,77,99,81,99,26,56,50,47,56,73,4,25,100,82,51,86,52,78,33,51,2,10,73,69,76,28,19,56,50,36,48,30,15,84,46,25,77,33,36,80,63,52,2,76,14,53,67,15,59,61,14,92,42,70,67,59,48,17,61,20,31,62,21,48,77
10,24,8,64,67,11,91,27,63,67,16,46,94,81,41,99,71,45,21,0,18,59,57,0,90,19,82,92,27,21,39,99,56,49,83,89,61,96,60,6,85,3,3,64,37,51,11,58,40,96,37,26,81,92,23,88,66,99,29,53,38,39,55,52,83,9,44,72,3,33,26,10,21,99,11,47,52,56,71,39,6,84,21,84,72,84,52,74,55,10,18,52,65,61,68,48,8,4,100,84
78,76,19,17,4,40,22,97,79,94,33,81,66,98,31,71,70,5,32,67,23,81,46,63,12,87,45,86,91,24,98,3,63,5,9,45,25,72,69,25,40,16,15,27,74,47,39,38,9,55,82,77,60,25,59,19,52,54,15,23,46,100,48,72,11,53,3,85,80,29,69,96,11,52,6,55,70,35,21,33,78,34,64,0,54,2,88,90,49,9,75,18,54,93,6,48,5,51,61,91
27,29,39,29,17,1,60,36,32,28,78,26,46,33,10,95,63,96,19,52,33,78,57,51,92,93,4,80,42,25,37,55,43,32,36,10,27,88,5,16,43,20,23,86,64,69,18,96,19,9,44,50,54,5,39,24,31,72,75,85,62,95,62,98,63,3,45,57,62,55,35,95,16,19,72,81,31,11,17,56,35,85,41,8,22,99,10,47,74,63,23,52,5,29,59,60,97,44,31,42
42,62,12,66,10,11,25,48,36,4,78,8,39,39,43,56,93,86,91,7,96,75,65,93,70,4,30,0,30,6,92,82,6,82,38,71,70,31,90,9,29,91,80,53,14,4,24,78,66,46,14,44,79,8,11,2,15,61,63,25,66,38,66,37,54,88,6,21,53,12,87,69,74,22,54,68,76,34,98,98,1,5,72,52,90,57,77,39,21,37,46,5,20,17,98,55,7,27,61,63
3,2,67,86,3,88,86,22,69,35,53,67,65,72,3,50,68,29,11,13,27,52,7,32,63,56,59,44,32,23,61,62,21,16,95,35,3,66,17,70,38,91,23,73,20,86,86,80,57,55,76,70,93,68,85,71,78,32,17,86,46,25,56,84,94,41,97,76,27,53,1,90,15,53,63,29,10,98,21,5,99,29,7,27,74,29,12,71,74,82,35,51,100,31,20,34,4,9,23,29
90,61,3,75,84,51,13,20,84,20,7,96,82,63,52,21,87,74,88,78,25,19,25,82,42,79,39,98,55,16,11,12,93,90,74,38,35,33,57,88,82,1,27,30,22,7,31,100,100,60,68,23,49,21,3,24,78,99,23,47,96,60,100,45,64,87,24,98,1,79,26,82,99,49,44,58,47,1,0,100,45,95,71,85,50,35,81,45,3,47,76,84,74,52,100,11,94,56,58,80
8,45,38,62,62,77,30,4,14,15,55,6,73,0,62,70,65,79,28,15,51,94,19,88,91,69,18,95,31,84,62,83,72,92,1,85,58,87,13,56,0,8,76,68,50,58,41,55,77,52,23,52,40,13,28,98,63,6,21,36,87,43,49,39,70,28,5,72,39,58,10,48,38,5,34,28,65,68,45,91,93,88,38,85,7,26,87,89,69,80,78,58,12,53,6,34,7,76,45,28
73,55,80,32,27,82,29,15,61,60,78,57,17,99,50,57,50,11,54,61,59,78,39,34,50,62,9,74,70,46,5,1,88,85,83,4,91,13,13,18,82,17,32,86,43,36,20,18,71,14,53,40,59,23,28,8,36,22,87,26,68,6,74,29,6,89,58,26,62,35,76,63,10,58,28,77,43,59,56,96,21,31,59,45,91,18,46,81,35,82,65,81,5,74,62,45,46,54,96,76
20,94,62,29,25,23,92,39,16,23,0,1,70,95,0,64,63,44,7,20,78,37,30,4,54,89,46,80,40,60,35,12,47,85,22,100,71,84,96,100,52,11,40,96,60,97,20,53,51,38,82,87,62,56,19,73,13,49,1,62,99,88,11,20,50,82,20,6,34,13,72,1,27,51,28,39,64,13,3,96,59,44,80,16,27,65,67,40,13,73,72,46,31,4,27,28,91,50,25,27
55,87,73,18,41,85,72,19,67,88,85,84,4,82,98,82,26,68,5,33,90,33,34,50,99,83,87,2,100,4,22,76,17,49,17,85,24,34,49,85,45,21,0,62,39,18,5,38,91,83,86,56,21,6,66,95,39,61,68,86,73,15,35,49,80,18,72,1,29,73,100,49,59,91,78,60,85,25,74,13,42,18,1,92,74,48,82,66,12,90,92,2,35,49,0,31,34,92,55,100
100,25,8,55,77,72,39,4,72,90,24,2,33,44,24,83,50,52,90,42,19,83,71,52,56,58,74,17,62,0,34,94,18,32,66,82,3,3,37,16,70,85,100,73,39,22,4,9,30,84,75,20,33,21,83,84,79,39,26,35,36,33,100,63,66,22,76,52,59,43,15,35,34,60,56,21,19,3,93,85,17,45,74,25,95,9,42,68,54,99,39,22,31,76,33,38,28,95,29,39
6,78,60,17,13,69,18,19,96,85,43,94,80,65,91,52,1,62,43,41,8,46,25,51,39,59,16,79,64,7,44,21,58,1,12,95,68,31,82,11,37,59,93,92,93,92,81,59,21,46,91,3,32,82,34,79,56,16,87,56,24,4,44,30,7,93,51,86,33,86,92,24,23,29,70,37,46,63,54,70,32,35,22,9,67,37,37,8,10,93,52,83,17,58,100,9,48,22,43,99
23,68,42,20,100,8,71,20,38,64,0,84,29,36,30,64,38,78,36,18,63,14,29,10,83,33,9,63,48,86,37,37,86,65,27,70,47,35,99,45,87,100,68,5,56,54,33,38,3,81,55,81,53,13,10,4,69,50,75,80,13,51,98,6,75,31,66,21,54,27,78,52,27,40,9,7,45,99,70,18,49,61,21,51,15,31,45,69,0,0,93,77,78,36,87,13,77,21,76,69
80,71,96,22,100,57,33,29,30,95,66,89,100,52,10,50,99,7,27,56,7,2,70,70,29,99,23,29,45,9,65,52,42,32,6,72,52,47,37,44,47,15,56,30,4,10,88,72,81,88,97,97,42,98,32,53,21,37,87,90,52,54,82,38,61,84,33,15,8,71,66,73,41,42,87,52,46,24,91,43,67,78,5,40,2,16,84,83,35,45,60,71,23,55,62,19,49,53,20,96
5,33,58,0,43,80,70,27,62,47,85,65,42,40,89,56,0,29,30,71,35,7,56,49,66,98,95,29,89,81,81,76,59,79,49,74,22,9,30,97,44,30,28,54,85,63,79,12,47,53,30,62,55,32,34,26,32,47,94,44,77,27,8,10,6,4,75,74,15,96,0,63,49,83,75,33,87,21,2,88,97,83,58,69,11,82,32,69,7,1,15,88,39,27,88,35,81,24,96,37
90,31,19,60,71,37,48,37,48,67,77,82,12,96,10,72,64,23,55,59,18,40,60,75,56,57,29,28,96,68,34,85,37,19,10,16,62,2,94,83,72,37,71,50,24,65,18,94,91,57,90,60,69,42,47,22,28,21,3,64,26,52,97,46,77,70,60,46,45,47,42,95,37,3,58,45,51,78,6,45,96,74,6,34,20,21,51,60,18,55,41,5,78,37,63,26,48,79,6,75
67,30,28,17,64,69,73,73,99,68,99,87,23,49,95,18,86,84,63,33,64,24,5,9,77,84,63,32,16,96,47,35,48,61,16,28,78,11,54,92,16,74,55,13,13,42,72,17,63,63,68,3,71,29,14,17,38,41,93,7,54,74,81,29,92,54,42,10,34,2,50,14,71,80,2,26,59,33,60,90,90,76,84,17,37,86,51,97,35,82,87,9,83,85,83,13,71,30,47,67
44,86,79,7,62,72,30,46,79,44,37,69,65,83,18,8,98,3,54,58,83,86,30,70,46,5,57,98,84,3,58,36,40,80,17,4,56,36,92,81,46,0,50,33,41,43,21,47,58,93,35,35,1,50,93,51,92,68,66,90,39,16,66,100,10,0,56,78,88,17,35,52,12,95,24,80,9,64,81,75,51,63,32,35,18,71,48,94,59,77,64,79,77,30,30,96,3,99,99,41
54,0,78,33,47,22,94,24,89,6,58,49,98,88,8,58,90,59,63,40,21,64,24,10,100,52,7,71,7,59,99,99,51,65,62,31,80,47,61,13,55,0,44,40,93,35,17,64,93,27,75,54,38,84,12,77,55,38,8,1,99,99,29,79,23,60,39,69,68,13,34,43,47,49,5,31,90,7,0,34,75,74,62,74,81,76,48,44,68,88,4,94,19,21,92,97,20,51,81,7
96,82,42,67,96,13,4,76,68,29,70,84,59,10,49,31,3,96,21,88,79,3,8,44,96,59,42,7,37,98,85,85,8,68,34,44,41,55,30,0,68,61,34,16,55,81,95,32,30,6,24,85,24,90,75,89,14,45,76,94,65,97,25,49,85,22,37,89,2,85,2,49,81,78,66,68,43,74,76,31,0,6,26,85,52,78,93,63,47,49,4,65,22,9,82,74,89,82,39,51
24,69,2,97,56,39,73,28,20,88,53,59,61,56,34,61,0,45,54,59,7,5,48,64,46,73,9,92,82,92,95,88,11,4,17,100,41,73,90,21,58,5,31,74,51,49,9,77,55,84,58,32,30,85,64,88,100,64,31,47,8,66,50,59,14,20,67,12,56,30,63,78,96,27,48,5,26,58,65,70,44,29,51,16,56,37,26,41,70,73,10,100,37,93,92,31,59,12,13,82
5,90,12,69,76,1,98,27,18,67,65,40,50,40,4,19,67,98,90,63,28,34,13,29,46,0,78,58,68,21,64,45,44,86,51,89,11,3,78,67,45,99,1,9,65,3,56,77,13,61,47,58,49,34,53,94,90,16,62,46,46,91,85,22,67,42,20,73,28,8,88,65,78,72,68,65,90,81,13,27,79,49,65,93,17,22,98,16,60,56,85,45,6,87,75,33,85,5,43,94
28,62,65,94,69,4,75,93,56,85,67,16,28,46,18,72,80,12,59,7,88,56,57,93,81,17,60,7,39,23,49,2,73,75,19,22,4,86,24,59,0,70,38,12,6,16,28,52,61,26,98,89,12,82,2,69,62,80,83,28,16,22,41,100,36,8,36,91,18,30,41,42,81,71,44,31,51,77,97,66,81,29,95,68,53,69,33,63,23,8,54,89,45,77,4,79,88,52,11,100
46,75,8,34,53,55,89,10,98,5,90,89,2,2,23,13,74,52,45,70,96,81,40,23,100,65,78,4,88,79,1,38,18,94,96,77,47,35,10,56,88,46,73,18,38,22,39,51,92,58,1,99,46,18,100,37,28,39,77,35,60,51,1,50,57,10,21,76,6,20,32,69,75,3,56,4,57,10,3,31,32,97,18,63,29,18,24,28,5,48,67,1,37,16,30,80,28,69,95,8
39,37,11,61,46,75,37,55,30,94,85,90,96,58,38,56,62,89,52,71,69,71,93,68,20,1,52,92,86,78,24,45,75,2,9,64,49,21,21,41,1,75,96,6,50,9,97,11,47,35,48,67,50,14,67,85,43,12,45,22,81,37,79,54,29,46,85,8,13,86,77,98,1,60,22,48,12,87,99,18,48,86,69,37,23,6,32,48,17,14,25,30,78,62,24,54,90,31,80,0
68,32,75,50,67,98,90,81,96,94,43,63,60,49,73,33,13,74,84,6,47,68,20,72,27,25,43,61,67,40,59,94,57,100,61,53,81,22,91,98,70,10,76,72,56,23,27,3,57,48,6,60,36,62,83,40,62,98,55,99,76,13,62,68,32,2,71,72,35,30,14,42,65,4,76,4,20,7,29,73,18,86,87,48,29,22,80,89,41,33,53,19,79,19,74,78,100,25,91,99
93,50,64,87,59,66,9,83,57,53,66,76,71,63,59,37,37,63,44,88,18,89,1,81,97,37,40,16,12,94,80,97,0,41,34,92,51,27,73,62,43,98,92,67,49,94,81,16,0,88,28,51,92,37,78,68,72,5,100,15,91,56,5,32,75,14,2,21,46,32,64,29,29,49,54,48,40,61,66,49,56,93,68,30,37,90,24,61,3,65,73,21,11,48,58,61,53,91,1,60
15,25,69,48,50,50,52,77,9,27,82,10,2,88,82,85,55,42,40,21,32,26,79,77,91,65,7,63,61,83,54,75,38,44,57,37,12,29,22,97,89,79,6,69,69,96,42,8,64,99,41,32,15,69,88,86,44,52,52,53,71,32,77,44,60,45,79,100,86,80,98,34,77,82,79,53,30,77,14,60,80,100,43,36,63,47,28,70,35,7,0,43,78,43,91,14,18,34,84,44
61,21,48,69,2,45,53,93,8,28,87,8,70,57,12,84,81,93,56,72,43,97,20,0,14,34,19,70,96,1,70,12,98,74,69,3,2,6,63,97,29,95,99,68,76,49,39,6,79,7,95,26,84,98,0,99,69,97,9,50,12,43,22,46,54,13,81,84,52,34,1,40,99,71,82,63,23,73,68,86,50,72,68,36,94,86,23,53,91,29,53,53,50,76,11,68,55,46,65,80
43,6,21,74,62,14,67,84,70,87,61,20,19,83,22,54,56,1,26,49,65,56,44,65,9,6,9,35,39,25,37,63,75,14,25,59,55,97,90,60,57,27,16,32,1,27,8,57,76,39,75,64,13,12,48,9,65,38,21,93,48,98,79,52,75,73,3,23,90,64,19,84,56,61,13,89,76,75,34,27,50,99,19,47,84,79,62,23,64,38,47,68,4,82,51,22,49,12,51,74
41,32,40,33,7,12,87,89,53,94,100,94,88,67,38,63,100,10,47,42,30,85,59,93,33,24,88,36,51,83,20,37,7,71,65,11,69,11,17,98,35,40,36,49,71,36,65,91,41,76,67,38,43,46,80,91,58,7,91,35,2,59,63,93,21,40,84,6,56,100,5,19,38,57,26,99,29,20,12,90,57,61,53,51,0,43,16,75,2,72,52,45,22,5,40,97,1,77,96,43
44,74,42,89,75,76,76,13,60,14,14,48,13,85,8,76,4,36,28,74,82,2,77,93,35,35,58,87,42,72,31,6,79,12,60,33,23,69,74,99,20,21,34,42,91,72,74,67,32,14,70,59,84,15,87,68,67,90,85,29,57,18,13,15,30,59,15,23,75,46,26,51,46,75,0,13,79,72,66,43,9,37,74,13,64,95,100,52,12,2,61,82,58,77,66,82,4,47,2,9
57,90,19,65,77,47,21,100,15,17,66,38,3,35,38,44,23,46,3,38,11,95,8,34,22,6,72,85,5,11,43,93,25,52,41,39,13,58,35,20,58,7,5,32,24,11,11,23,52,95,88,16,43,35,50,54,94,30,7,84,83,73,47,12,47,6,12,15,50,81,19,0,45,84,97,99,8,51,3,46,17,3,43,82,66,46,38,8,21,60,93,22,94,88,56,56,34,5,97,15
67,34,1,15,64,77,97,17,32,43,66,26,19,13,75,27,9,35,14,74,84,50,47,69,87,10,45,64,79,34,0,11,26,22,70,0,61,80,91,75,55,81,76,54,40,38,72,73,23,8,57,70,66,52,26,24,61,26,9,0,92,34,91,9,78,58,24,77,12,77,54,78,34,5,100,98,95,24,34,83,38,74,29,35,2,92,20,70,47,7,9,31,17,77,13,70,87,35,45,10
42,21,18,19,96,40,56,98,87,99,99,51,30,97,96,90,36,65,54,42,40,99,48,81,35,79,38,7,33,88,7,8,75,89,6,69,81,50,91,16,57,3,4,77,30,17,92,34,41,1,18,96,29,77,88,77,61,62,92,85,33,82,33,41,30,9,88,40,6,19,61,96,0,83,94,42,1,28,95,80,82,78,67,13,89,73,35,87,94,40,3,31,15,78,52,23,74,63,8,44
54,10,91,100,27,87,90,47,27,25,36,30,34,20,87,57,80,55,77,72,66,88,79,72,19,3,83,3,59,76,80,34,27,36,60,24,69,54,21,55,31,29,98,54,92,27,54,91,37,41,74,61,77,96,68,42,27,35,8,89,15,59,27,65,5,20,41,66,83,68,28,18,12,5,5,50,72,55,73,68,80,39,29,59,15,39,97,100,63,86,77,37,12,67,86,16,83,75,5,91
57,73,44,30,55,41,55,77,8,14,84,6,34,56,41,89,0,7,82,44,24,66,3,4,55,31,88,84,74,12,92,45,71,31,5,20,0,30,44,74,12,84,13,24,100,11,68,39,75,51,43,70,73,45,89,84,96,99,45,8,11,59,9,41,56,33,98,6,72,17,46,98,26,31,72,19,63,35,32,25,6,48,9,58,84,61,95,1,44,62,14,23,1,99,78,83,99,92,19,31
69,79,92,33,65,29,55,58,53,38,95,89,23,75,47,20,95,65,91,85,7,58,69,22,67,30,53,67,67,59,9,50,37,71,47,77,29,54,82,5,35,52,11,71,79,29,51,83,16,3,97,23,15,50,15,96,44,92,31,23,81,33,38,0,44,78,6,78,44,37,97,73,84,70,35,4,87,39,57,65,98,57,53,18,52,98,50,13,10,15,80,55,62,10,54,73,91,33,58,76
31,73,79,37,77,52,26,59,35,70,44,25,12,97,44,69,3,13,68,19,96,49,4,52,65,74,100,17,38,26,21,5,29,42,19,94,47,79,27,59,73,12,4,3,20,62,77,47,40,37,72,25,68,49,6,12,87,17,8,87,88,24,1,75,49,11,73,28,28,17,70,35,60,65,86,58,57,13,28,14,51,77,1,81,98,34,2,70,75,37,57,13,32,100,54,52,14,92,62,54
65,69,1,74,35,69,58,20,3,35,14,31,43,83,26,7,90,20,65,97,36,68,40,12,53,8,83,88,82,66,8,96,89,62,28,98,94,31,89,57,30,7,62,12,41,2,62,30,61,64,17,89,28,53,30,12,40,48,55,86,13,49,31,35,91,51,24,86,45,80,33,79,79,60,76,85,57,99,34,53,73,19,31,70,96,77,29,7,11,20,52,45,82,8,90,89,24,93,23,19
70,19,16,60,50,26,10,91,41,34,44,96,71,11,31,76,37,72,1,11,68,22,10,76,38,81,9,65,15,84,93,36,50,27,62,48,6,39,26,92,52,38,22,58,70,33,9,26,96,64,61,93,96,62,86,49,71,69,90,12,15,30,52,61,20,80,36,23,78,68,39,2,14,60,6,8,35,59,71,33,67,65,87,19,80,31,60,37,84,18,97,35,35,16,51,41,27,52,11,24
76,36,66,15,28,84,12,35,46,75,89,99,7,61,96,68,7,40,84,57,71,56,62,16,95,73,41,49,78,2,84,99,42,42,76,99,91,50,85,39,54,81,49,31,42,54,44,12,65,55,45,35,65,1,14,76,29,31,32,28,80,80,10,84,66,62,97,61,86,6,47,57,3,76,47,32,65,65,79,63,56,26,72,0,21,65,94,21,60,23,55,83,15,12,91,20,96,69,32,35
76,54,82,69,41,36,60,5,71,66,19,74,5,42,59,78,76,48,30,37,43,42,96,10,80,33,91,30,71,56,39,94,43,96,62,37,54,72,37,36,38,66,57,67,68,9,87,19,96,41,75,15,36,45,70,68,92,66,40,72,77,77,20,46,7,37,99,3,7,12,25,44,11,16,55,69,19,61,0,42,74,16,95,86,88,6,63,31,5,75,38,26,71,50,38,100,34,94,8,44