91,5,79,44,66,96,2,8,94,16,83,4,100,62,94,37,75,8,45,34,15,81,3,36,21,95,71,71,59,1,67,58,3,93,4,100,83,34,40,56,91,1,46,33,71,61,91,45,88,63,41,14,53,33,35,18,22,89,10,31,86,44,94,86,9,18,99,60,80,86,75,34,9,47,27,5,19,94,91,64,19,1,54,15,95,94,63,20,45,88,98,47,77,89,4,14,78,31,48,59
40,70,74,24,27,30,18,63,56,85,36,66,95,30,5,35,74,93,26,86,75,63,33,42,41,92,24,65,10,99,1,75,58,64,7,13,71,35,54,2,18,81,97,37,100,59,34,3,17,96,56,22,33,90,74,78,55,33,35,97,28,90,93,24,62,15,92,13,14,52,17,87,50,51,77,58,92,8,53,69,1,91,100,96,16,0,22,64,66,18,98,4,64,85,4,26,13,37,40,83
82,18,64,89,19,95,68,83,60,54,83,11,16,61,77,8,91,65,65,11,78,26,14,91,56,96,99,87,61,79,98,8,65,15,45,66,69,3,27,43,97,22,65,58,4,89,50,94,21,36,76,1,31,84,94,14,26,80,51,62,53,57,57,75,36,59,95,25,99,44,20,20,39,76,66,40,93,97,71,36,67,49,70,83,56,66,63,1,88,88,84,47,58,5,86,2,69,95,2,22
43,52,71,57,32,78,42,61,80,24,42,35,85,85,52,43,6,90,67,81,71,66,59,78,14,88,49,34,36,56,8,39,71,66,7,76,64,75,45,15,5,38,30,76,64,68,44,50,73,69,29,14,63,68,93,69,77,70,61,15,37,8,34,17,57,80,68,2,68,38,21,43,1,34,63,18,46,13,17,53,58,88,100,61,5,15,85,20,64,99,13,25,64,83,93,11,15,42,35,75
73,83,25,43,24,49,94,41,88,83,49,20,100,83,44,38,98,41,84,43,31,10,82,9,76,78,8,40,87,17,72,61,97,63,67,15,76,77,100,97,74,64,32,54,24,90,95,87,57,25,0,56,13,55,67,21,9,30,65,54,37,19,52,87,32,30,20,15,51,41,0,68,99,82,7,34,42,59,65,15,32,40,99,3,83,82,84,51,17,28,81,46,73,68,83,42,89,23,56,99
72,93,28,42,42,75,73,67,59,38,2,77,80,71,67,38,11,72,50,49,25,81,60,7,100,18,27,92,20,40,24,29,56,64,83,71,33,96,51,41,3,41,30,98,19,11,0,13,57,34,46,83,28,54,82,35,47,26,29,36,7,50,52,33,21,49,59,73,74,68,72,50,44,73,85,88,35,55,72,62,86,53,39,67,29,0,37,97,90,21,47,74,93,28,22,14,59,87,66,47
80,96,22,1,67,62,65,33,64,16,33,1,98,7,13,16,26,32,28,35,93,91,85,64,48,31,5,8,79,84,48,6,37,40,95,44,40,41,23,43,18,31,81,22,64,41,41,88,61,99,77,52,37,65,97,57,78,23,71,99,85,78,18,75,71,56,74,42,16,68,74,42,89,84,21,59,36,97,7,85,90,94,65,64,42,90,66,52,83,2,65,35,93,61,93,14,30,56,86,25
27,47,62,17,92,61,64,74,20,7,14,28,15,36,42,9,27,56,70,81,73,65,44,40,49,46,39,79,92,58,43,18,42,30,70,19,29,71,50,92,0,66,3,66,12,46,42,66,55,26,56,93,73,32,38,83,11,85,0,64,76,24,88,52,67,8,94,23,36,26,60,100,24,39,6,45,63,51,65,53,16,98,35,53,52,57,60,54,12,66,3,44,94,88,66,44,19,52,80,52
100,100,89,43,58,44,57,87,56,20,57,39,65,52,15,84,38,46,18,45,40,58,1,37,88,32,20,85,44,54,86,63,32,23,76,43,32,19,34,24,87,67,0,32,90,44,20,91,47,81,62,42,46,83,48,97,57,85,15,57,67,30,4,3,70,19,14,33,5,18,97,21,60,73,44,82,54,91,48,97,54,16,84,12,32,55,24,48,35,34,1,60,75,55,8,74,57,3,34,32
72,11,94,2,23,58,40,30,92,96,34,93,2,32,46,80,64,19,94,69,24,6,7,60,99,27,75,59,92,73,4,61,43,11,85,66,18,4,46,64,31,73,67,9,60,48,16,66,42,8,95,50,86,93,76,7,99,78,100,83,60,37,84,62,14,6,35,37,51,22,19,100,24,44,60,1,31,99,14,97,92,34,12,28,53,36,85,8,30,63,91,71,32,77,82,38,61,73,31,1
10,25,39,66,70,79,19,11,81,17,46,57,11,23,57,8,33,11,85,8,82,27,51,15,17,76,6,20,28,64,36,61,46,70,34,100,71,76,59,75,63,24,95,29,88,82,43,41,96,9,61,14,31,99,17,61,66,75,9,79,44,51,61,23,40,93,12,29,73,91,63,81,40,85,37,26,29,35,69,99,16,2,47,99,7,57,59,32,20,20,100,46,37,51,7,24,79,35,93,15
16,59,31,93,96,51,73,79,27,56,81,77,15,14,83,88,81,68,23,37,60,61,29,14,92,99,12,31,6,80,63,13,92,54,73,55,75,13,86,79,5,40,92,77,84,73,82,53,15,83,2,92,31,81,28,63,94,57,47,90,37,54,69,13,15,71,68,67,99,42,95,10,72,5,86,63,42,16,30,29,36,35,74,70,47,46,41,79,68,15,62,37,64,57,4,71,78,73,76,62
19,95,93,64,99,43,98,71,26,2,82,14,11,30,5,28,44,20,10,83,86,18,7,60,47,52,2,1,58,31,97,92,100,11,91,76,96,5,39,98,93,98,34,38,87,71,80,26,40,59,25,80,49,21,16,86,20,77,59,20,26,70,59,37,84,18,9,5,82,26,60,45,87,45,11,61,27,0,78,90,93,14,23,18,16,99,98,100,13,61,56,68,52,88,21,13,11,93,49,10
59,72,63,41,3,99,6,41,2,97,16,83,37,27,92,66,68,48,91,83,74,19,36,84,94,35,90,89,5,92,4,74,53,87,87,23,25,34,29,96,26,52,38,33,85,62,83,63,97,11,72,67,11,18,84,56,25,34,14,14,20,73,14,100,8,65,18,81,32,93,29,6,94,64,66,16,79,23,50,6,32,87,11,70,9,31,75,60,80,45,49,51,81,55,93,48,22,47,92,72
37,79,47,66,25,51,20,31,41,46,49,46,94,82,5,89,28,52,35,13,14,86,31,43,15,7,24,67,50,63,72,91,91,29,12,8,69,86,4,71,91,96,11,94,31,92,8,6,73,38,23,43,98,99,78,61,88,60,21,28,48,42,98,65,77,40,12,67,57,2,10,97,68,74,50,68,88,42,49,49,52,7,35,80,79,57,35,44,53,71,21,21,65,47,13,33,8,45,70,42
26,83,62,69,66,47,40,0,64,1,28,17,58,83,59,72,46,78,69,70,17,63,99,35,66,73,57,56,88,53,90,38,92,29,41,47,53,76,29,78,86,51,93,18,65,63,8,86,39,10,20,62,2,26,69,57,54,72,74,3,7,41,47,97,6,33,47,64,49,74,61,10,8,16,58,76,90,91,96,12,93,23,18,94,1,17,82,89,38,41,13,42,54,27,99,98,37,36,53,98
65,74,64,38,81,16,54,0,81,0,4,74,83,86,53,39,30,40,22,72,24,37,25,54,73,53,54,86,40,93,42,67,51,14,62,8,60,47,50,45,79,85,5,11,95,14,44,8,66,59,89,89,59,90,66,45,8,62,0,5,41,20,19,98,31,5,90,17,6,73,93,50,28,39,39,54,80,0,23,99,44,54,88,5,79,1,56,58,71,29,16,96,89,85,53,97,1,83,88,58
99,87,26,96,99,81,14,15,9,15,44,26,62,70,10,45,29,99,18,48,61,65,91,50,93,16,4,89,0,77,48,69,12,42,56,59,99,12,95,82,61,10,20,62,27,68,59,32,22,31,74,39,85,95,38,5,22,100,5,77,50,29,57,93,40,83,37,50,74,66,82,51,4,98,82,98,4,99,47,28,13,0,79,53,58,60,4,55,20,10,45,8,23,11,55,100,68,86,44,6
35,57,68,33,14,8,41,39,89,79,63,99,19,14,25,4,56,92,75,46,67,62,41,75,50,60,69,17,78,38,99,55,55,6,88,55,81,35,0,3,68,78,34,20,7,91,67,34,15,31,47,42,71,73,32,76,68,6,86,27,33,41,86,23,1,43,15,77,36,56,86,87,96,16,81,44,7,73,86,59,74,5,57,53,12,64,70,69,84,19,53,100,84,7,43,1,77,91,80,57
63,85,81,2,26,71,22,7,18,21,62,77,51,13,15,81,10,30,92,22,97,86,57,45,96,91,32,85,22,49,34,17,50,62,57,61,65,12,64,58,88,57,58,83,100,69,48,92,21,90,96,85,43,39,30,98,28,27,36,39,7,45,28,38,40,10,74,88,79,29,45,42,31,83,78,4,69,65,30,45,62,13,80,76,54,64,12,45,5,45,54,33,92,69,42,91,55,96,85,66
69,97,30,46,58,3,81,12,88,40,16,88,79,96,35,17,23,82,11,91,76,41,65,31,34,92,64,45,13,76,88,81,6,39,71,66,11,97,10,41,68,53,11,25,24,82,5,19,87,51,40,46,64,58,85,57,10,97,68,98,91,34,53,5,73,34,59,90,6,52,24,34,43,13,46,86,87,26,98,40,98,5,8,27,21,91,0,21,15,55,54,4,100,77,25,26,68,24,89,52
94,80,20,13,73,29,100,2,94,42,41,3,69,70,52,10,2,75,97,47,12,28,69,54,24,94,89,63,30,18,79,33,56,10,41,98,78,60,38,88,91,85,84,88,45,26,15,77,21,22,98,81,51,89,79,58,67,4,55,93,21,17,41,63,55,64,32,85,34,70,99,0,73,41,14,89,38,26,98,96,15,80,27,38,50,50,12,27,82,96,55,8,4,8,15,65,3,100,48,74
54,38,95,87,57,86,72,18,28,32,83,1,60,1,50,57,91,95,89,7,60,96,66,1,12,96,73,2,19,40,56,78,83,85,67,91,15,82,29,40,10,73,80,48,68,76,58,9,67,28,25,89,28,33,2,43,8,61,61,54,27,93,18,34,11,17,93,15,93,6,89,19,91,98,9,58,78,95,17,33,45,75,36,85,61,96,60,93,6,93,54,93,81,91,85,35,66,1,15,25
64,70,85,26,61,10,62,63,75,62,8,88,92,8,70,59,70,74,72,44,41,71,9,97,18,30,87,36,85,56,55,70,54,68,71,50,21,27,61,34,21,24,97,46,35,99,58,81,55,50,43,22,88,95,72,58,41,28,50,73,91,78,54,52,12,34,35,1,26,45,27,61,25,85,93,85,89,29,32,98,39,57,79,32,71,34,27,51,61,84,28,97,75,8,51,83,91,16,23,95
6,23,42,20,49,48,1,70,32,88,72,92,63,85,29,38,73,81,41,83,58,18,5,61,31,65,53,67,35,12,91,67,96,63,25,72,20,54,65,29,80,58,39,28,43,46,10,32,56,71,67,58,90,93,1,3,89,15,21,52,8,17,96,81,59,22,91,71,91,9,32,96,64,47,96,81,28,31,46,16,6,99,45,64,74,57,34,46,55,87,49,96,60,48,40,58,48,76,35,2
10,94,48,8,83,84,46,8,53,7,82,83,91,33,1,16,45,61,17,59,13,42,25,13,74,42,24,30,55,48,95,29,94,66,51,50,9,45,26,38,96,3,63,30,82,68,55,27,47,83,89,86,14,33,17,55,76,27,6,97,28,45,40,48,8,57,51,56,0,87,18,93,84,26,33,39,53,71,38,35,34,38,21,1,14,63,16,71,37,91,65,38,76,17,42,32,54,33,3,29
65,93,92,47,35,35,17,19,92,73,72,64,45,18,72,46,26,49,25,6,93,45,53,57,31,25,24,85,35,33,11,15,78,100,57,52,42,78,0,53,44,71,71,70,31,44,32,42,16,100,76,80,93,67,33,59,61,60,70,64,59,12,55,0,47,74,31,82,16,40,52,87,66,24,86,85,66,12,74,37,25,89,58,99,64,70,1,81,22,45,19,62,76,72,68,86,53,64,55,17
73,80,58,59,30,48,68,16,11,82,34,56,63,72,36,33,70,9,71,100,44,66,47,48,19,67,90,61,57,14,79,39,21,36,65,36,16,14,88,42,71,80,53,22,81,23,90,77,42,86,85,99,5,15,51,9,14,44,21,53,33,92,14,27,24,11,25,21,94,76,9,78,71,24,71,8,20,85,50,86,70,42,36,89,28,24,37,6,18,5,100,75,24,37,66,7,51,89,72,38
42,26,54,42,33,59,11,7,10,27,44,83,61,36,62,77,63,21,98,69,44,57,94,73,9,51,55,13,75,2,86,6,35,13,29,15,89,51,49,54,99,95,16,96,47,14,11,36,45,26,98,90,6,47,93,12,12,24,28,36,37,89,37,22,56,99,17,27,77,8,65,43,26,51,45,56,20,6,90,14,48,2,89,72,97,69,97,32,96,7,22,43,22,22,26,100,58,50,98,26
0,51,38,53,6,3,72,2,96,20,94,54,51,93,86,65,15,56,73,97,35,92,22,57,80,88,97,78,16,7,32,40,25,15,60,30,55,20,27,84,79,29,96,51,87,87,9,73,44,5,40,65,43,74,51,0,98,52,81,25,3,96,45,3,75,10,53,77,96,69,40,34,53,1,71,72,4,60,53,91,18,95,2,88,67,41,14,55,87,17,9,17,66,87,86,93,21,9,95,54
65,50,76,54,38,51,62,99,73,59,68,83,94,14,31,3,32,96,99,13,93,19,85,11,11,4,3,32,55,78,61,11,21,92,0,11,94,55,19,26,58,7,43,40,65,38,94,57,5,86,14,77,98,47,74,18,8,98,89,17,56,92,58,94,15,78,19,16,27,15,93,6,93,51,69,11,97,57,87,70,20,36,19,26,51,37,9,9,24,83,31,57,93,22,15,79,85,67,99,33
12,95,59,18,7,26,63,22,8,96,63,34,63,95,95,79,49,63,2,49,28,19,29,22,33,45,33,54,36,65,76,33,66,53,97,4,80,20,64,48,15,32,45,38,70,86,12,26,52,9,18,90,2,83,37,69,66,90,48,40,86,82,15,99,46,20,75,25,14,15,29,58,31,91,51,87,88,42,23,49,54,52,26,85,66,76,61,47,7,13,18,49,48,47,63,12,99,51,22,4
78,36,47,68,38,40,60,99,29,33,0,36,70,49,71,40,79,52,15,87,16,87,75,40,60,53,83,66,34,54,23,53,39,3,97,24,86,93,75,64,68,32,70,20,60,44,68,100,78,100,86,91,53,17,15,65,91,40,44,91,51,72,51,29,90,28,99,1,16,33,41,99,32,21,63,97,7,81,32,51,64,37,4,48,77,58,58,72,62,83,60,14,54,3,12,42,54,50,42,86
13,58,3,63,51,37,87,72,7,97,82,42,31,78,19,55,82,8,26,79,34,6,18,77,71,72,36,77,78,44,57,81,21,29,68,8,40,48,32,10,95,5,36,27,75,67,77,6,45,37,95,19,47,54,63,44,12,20,84,35,20,40,4,44,44,3,36,10,93,57,64,79,24,40,13,75,56,6,62,39,84,39,77,94,89,53,62,77,29,62,29,72,38,65,51,29,20,69,31,19
65,7,27,26,81,17,20,8,13,28,92,18,67,64,14,57,33,64,53,1,9,74,4,17,98,47,83,18,54,22,50,95,71,76,72,93,100,87,26,7,56,21,0,23,68,53,51,35,73,44,35,31,84,55,6,46,21,6,43,30,45,40,3,13,28,68,10,13,15,7,96,15,88,93,60,23,75,61,35,37,85,2,21,43,16,18,90,40,48,14,86,27,13,41,50,9,89,79,22,56
16,46,94,89,27,38,20,72,81,31,35,53,37,15,64,50,39,13,35,3,2,5,93,58,92,42,56,57,80,87,23,18,37,94,98,56,9,5,58,44,23,70,40,50,98,31,15,0,62,12,46,64,16,86,9,60,30,88,68,69,63,19,69,19,22,64,82,79,97,7,18,95,76,19,40,82,33,51,64,81,29,73,11,19,52,80,77,27,37,85,87,87,71,62,26,20,100,21,97,2
33,61,62,95,14,75,32,22,53,53,18,60,88,6,37,66,53,21,57,57,92,83,91,62,98,33,20,73,72,31,6,65,0,79,1,53,6,72,90,52,87,28,67,10,39,2,23,4,39,3,82,55,39,88,44,49,91,2,31,12,17,41,67,87,13,99,85,48,95,37,93,79,44,45,15,91,59,1,83,22,49,88,59,80,9,59,47,5,9,50,83,97,1,12,21,39,15,80,37,37
72,63,4,3,86,46,85,57,74,88,72,27,41,5,16,66,55,5,64,41,32,40,84,45,40,49,51,60,28,95,63,65,27,83,65,8,71,82,87,99,7,87,16,37,31,47,39,86,86,10,55,51,70,34,42,60,53,37,28,55,52,7,96,95,2,60,56,13,22,68,0,96,68,83,82,47,67,28,13,42,3,97,0,13,97,84,32,45,80,28,53,77,35,85,14,43,80,77,97,90
56,90,61,68,45,15,92,21,21,74,31,98,14,52,81,90,50,40,86,89,65,68,91,31,23,89,49,45,23,100,22,78,15,18,64,48,54,41,10,41,76,25,92,39,100,74,9,37,76,43,73,30,23,13,17,51,94,97,71,4,69,9,91,43,31,96,57,37,41,69,29,24,89,65,50,35,65,42,43,24,94,50,54,60,7,29,11,75,24,13,56,51,3,79,48,28,42,54,68,10
22,36,79,38,0,14,52,13,18,24,59,15,23,57,61,31,46,37,19,87,65,41,90,57,84,26,70,83,40,9,47,16,40,62,57,76,29,39,43,65,60,46,70,6,74,2,73,32,85,90,93,4,35,7,75,85,77,10,77,58,22,86,42,11,90,25,25,35,7,99,100,52,38,84,39,67,18,90,4,73,52,89,70,90,78,58,19,28,45,64,18,79,58,79,12,1,13,80,51,51
88,2,83,7,100,22,91,46,43,82,20,83,78,60,91,5,66,32,9,19,15,62,90,87,62,77,44,10,2,34,63,5,88,70,52,55,13,5,95,22,90,49,77,67,72,56,36,24,6,32,92,83,37,93,34,55,62,93,63,19,73,98,62,34,12,21,64,59,53,19,46,38,59,98,36,53,19,90,94,37,94,40,3,60,34,37,53,88,73,89,17,11,23,71,31,28,25,74,73,71
14,94,63,42,12,73,69,27,45,28,81,42,39,91,31,92,37,38,100,33,14,73,4,43,97,47,26,78,26,34,11,75,60,11,66,24,35,53,8,80,77,72,97,20,66,95,40,42,82,66,99,52,5,9,82,0,88,40,64,61,48,75,54,75,97,63,64,66,6,94,77,22,42,61,74,53,2,5,7,95,32,68,94,38,14,6,84,100,27,11,44,47,9,0,54,81,41,32,73,50
16,71,91,16,94,54,2,97,77,77,41,21,73,64,81,48,99,100,86,20,80,70,92,8,54,7,33,55,92,5,95,48,83,85,8,39,46,57,59,72,11,27,54,79,64,25,4,65,51,45,35,48,67,94,29,7,56,93,36,99,10,80,45,23,79,53,91,51,18,68,85,33,60,94,62,46,100,15,13,11,48,75,58,20,62,68,75,84,94,60,74,44,38,18,54,33,45,47,27,72
64,64,75,90,64,96,47,99,62,47,32,10,24,83,73,38,85,56,92,10,41,66,75,22,85,18,4,24,0,5,45,33,69,28,63,69,36,89,46,4,15,46,81,89,63,81,1,4,6,84,32,31,74,51,37,66,63,96,46,92,16,81,40,76,95,49,92,27,25,46,64,6,77,76,42,16,85,17,24,31,52,23,46,76,18,48,12,88,21,85,56,6,90,89,32,55,15,53,56,47
53,97,66,72,41,48,35,76,70,91,88,78,65,26,38,30,2,38,12,82,71,3,11,92,78,36,65,7,74,64,18,54,48,47,99,35,90,53,45,39,96,43,42,97,98,38,70,51,42,29,63,65,67,3,57,12,69,36,98,2,22,69,63,53,71,88,14,15,2,22,69,60,95,71,94,15,19,5,75,14,8,42,11,48,24,81,38,42,98,83,31,82,26,35,60,58,89,94,100,90
75,42,38,68,90,25,48,68,98,13,84,96,61,3,14,16,35,47,43,72,80,95,32,29,13,24,73,82,81,22,57,6,84,67,31,12,100,44,13,38,6,31,23,24,20,25,7,24,53,82,7,61,89,94,22,86,38,55,67,44,59,6,68,34,70,22,96,68,5,19,55,51,64,43,87,29,50,46,20,21,40,4,99,53,3,1,59,58,75,97,88,87,98,94,55,14,1,50,32,11
12,68,98,96,53,54,74,52,11,85,39,13,20,18,35,93,62,32,93,40,33,20,5,90,69,89,61,84,95,14,28,46,41,47,31,52,53,87,25,92,52,17,55,86,81,76,6,43,45,69,50,10,98,91,60,77,71,55,24,19,77,66,72,55,19,85,20,1,97,68,23,80,9,43,43,61,69,59,11,9,58,92,93,2,15,83,8,74,34,3,1,2,86,45,49,6,87,45,12,14
71,4,34,23,100,37,87,57,28,43,13,17,98,73,33,25,100,65,87,24,12,27,4,42,85,82,97,8,18,34,35,59,86,93,40,72,56,28,93,73,91,49,76,70,88,58,84,93,100,76,89,82,11,91,97,85,67,28,49,46,18,73,14,94,11,84,71,17,100,96,20,59,99,42,33,12,60,33,0,45,69,10,50,67,69,14,42,37,17,36,67,46,76,92,80,29,66,69,5,5
12,15,82,42,41,50,68,95,72,6,73,33,8,21,14,48,62,37,92,17,86,52,96,33,74,3,72,23,77,61,7,43,85,27,28,41,78,47,99,42,6,54,54,18,69,33,98,24,69,83,52,37,61,62,9,18,43,31,96,6,32,36,94,100,87,78,18,68,73,40,97,32,86,51,91,26,5,59,65,60,74,68,28,99,20,91,27,94,85,88,95,52,66,84,67,78,52,75,24,33
86,54,61,27,65,91,93,50,1,38,90,49,40,74,9,84,24,93,34,10,94,88,54,67,84,98,33,76,72,12,73,26,13,12,90,81,69,8,31,16,15,67,20,35,81,96,75,13,92,85,82,100,70,13,51,21,98,32,55,85,62,65,93,33,17,53,42,57,31,94,99,10,18,19,66,6,12,5,84,66,96,67,63,47,76,70,19,23,53,33,12,59,38,91,77,2,89,28,43,39
35,58,1,35,29,36,99,22,48,85,75,27,16,0,40,44,76,34,82,1,58,86,100,39,19,78,15,52,59,37,73,60,90,81,63,55,94,93,58,20,60,28,46,68,77,28,66,33,79,91,61,57,64,70,6,83,66,91,80,30,21,38,87,40,33,8,33,43,67,61,56,97,2,64,3,8,70,26,38,32,24,81,72,31,66,62,13,37,52,63,98,64,98,20,96,26,71,80,76,25
20,94,1,86,31,88,94,95,99,81,46,16,77,41,3,32,100,30,82,32,71,21,60,62,38,82,11,42,11,89,96,49,54,7,66,19,81,83,54,9,19,58,33,33,90,46,63,38,20,30,83,42,100,89,96,47,99,42,34,22,35,6,95,46,18,80,31,68,3,9,69,30,85,17,36,60,64,67,72,13,95,77,96,38,43,29,64,90,74,42,100,16,4,2,21,54,44,80,49,100
8,68,78,16,74,96,91,88,12,9,0,58,63,46,32,64,4,78,100,56,22,9,77,40,26,66,76,45,3,40,24,91,74,28,7,35,12,51,64,76,11,79,16,1,83,10,54,27,96,39,53,7,67,10,51,71,81,96,53,96,84,20,43,44,6,5,65,79,19,28,97,18,51,5,14,79,45,15,42,18,79,5,30,78,92,42,29,91,58,60,54,27,34,95,55,84,93,14,78,47
16,21,71,9,5,41,10,97,39,94,87,42,31,6,3,71,93,93,62,69,10,24,92,85,49,49,73,53,19,14,22,79,100,72,43,95,91,3,19,39,26,54,37,93,28,54,15,76,2,72,59,78,59,61,70,2,3,82,79,51,54,31,31,61,61,40,62,80,12,75,93,22,88,43,82,25,8,38,30,40,15,98,65,31,77,49,43,99,7,16,69,2,2,24,80,4,38,1,62,92
29,56,23,76,33,69,4,31,73,84,52,68,9,92,14,42,83,73,39,32,81,50,57,61,80,46,77,29,45,71,17,78,9,36,77,21,95,18,44,14,74,30,52,78,60,51,44,74,47,23,73,29,7,65,32,55,42,85,70,18,43,96,57,49,7,98,34,68,66,65,58,48,58,72,58,56,70,88,44,65,38,67,69,56,7,14,15,30,47,48,30,79,1,31,72,24,4,76,93,55
51,24,30,20,47,64,34,99,45,28,72,40,29,52,81,34,5,29,90,99,9,19,80,9,89,51,46,48,10,98,29,62,88,54,26,75,56,28,62,7,66,57,13,4,77,14,13,29,0,85,42,93,65,82,28,82,24,22,78,47,55,36,100,29,51,20,17,42,78,1,42,81,61,12,46,76,100,28,43,55,91,38,41,18,40,56,49,68,21,18,7,19,4,83,94,87,60,35,29,88
13,88,49,97,22,76,39,64,51,91,94,88,47,63,67,57,90,35,40,42,21,52,57,62,58,44,83,2,71,61,89,77,46,79,34,11,18,79,45,78,32,97,3,52,24,79,76,5,6,29,8,95,31,95,46,83,32,75,31,50,26,44,0,66,44,42,87,16,69,97,72,87,3,17,0,57,27,47,18,63,22,91,60,97,50,44,58,43,11,77,44,93,96,70,82,55,22,31,87,57
22,14,48,24,34,25,88,2,83,75,93,87,76,4,45,44,44,47,19,5,94,54,50,71,71,16,43,29,49,42,94,2,93,90,32,46,95,35,29,93,32,14,72,2,91,0,33,13,58,87,48,8,78,57,19,27,53,72,24,100,82,37,98,85,5,51,71,5,93,94,58,64,75,3,100,82,3,70,90,62,40,87,9,38,28,45,5,66,18,83,72,96,83,96,37,13,91,47,9,81
25,9,89,65,22,92,79,55,33,84,2,10,84,36,11,45,94,27,89,100,98,14,14,73,5,31,65,79,72,40,60,77,7,20,50,13,36,71,44,97,47,78,8,36,99,67,86,54,100,92,13,13,0,65,2,24,59,65,26,31,76,30,41,50,58,64,78,34,17,57,22,5,78,26,81,21,75,88,35,24,95,59,50,84,37,93,52,82,71,52,25,15,73,54,79,5,69,57,100,27
32,36,43,26,94,32,23,29,88,86,92,5,70,61,70,85,46,41,69,14,76,98,94,41,99,83,40,54,36,80,30,57,86,61,63,26,88,21,64,100,32,22,36,35,99,49,30,82,78,17,8,89,1,58,9,72,3,74,49,12,18,31,12,31,88,57,75,4,1,30,1,90,36,56,3,26,56,50,53,20,76,38,81,28,19,70,69,8,15,76,88,10,41,26,53,23,28,80,95,71
67,7,27,10,51,44,89,4,44,69,92,15,31,87,49,65,28,1,47,80,34,83,77,49,8,11,94,9,14,92,66,18,28,54,14,79,22,32,84,34,36,5,15,5,84,55,20,8,26,6,90,22,98,77,34,90,79,98,39,88,12,49,73,14,14,56,85,82,14,69,34,88,67,64,36,28,58,82,96,39,56,53,55,33,95,55,11,77,54,57,37,39,90,90,64,97,5,13,94,34
11,63,74,18,39,82,64,50,4,79,95,84,38,90,98,19,9,67,51,45,94,78,89,9,99,31,35,37,87,79,39,14,85,41,46,47,98,30,45,100,62,12,14,37,51,43,31,75,54,16,9,35,69,91,93,57,29,99,55,89,82,46,71,87,89,79,68,53,77,89,25,22,65,14,10,85,19,99,9,49,43,59,14,48,36,55,51,35,53,30,10,43,98,7,31,16,68,3,19,0
77,61,87,45,86,42,44,71,1,45,27,98,95,20,52,50,67,26,79,26,87,73,62,40,32,11,87,77,78,9,32,56,53,72,94,7,1,21,80,62,37,88,75,47,91,89,71,82,63,46,56,18,70,2,46,44,93,64,81,89,51,76,15,11,73,33,14,5,54,100,23,15,21,16,60,66,12,8,17,1,57,13,36,16,75,5,9,89,29,37,87,3,71,86,86,93,34,40,77,16
92,53,3,70,10,92,39,39,54,72,5,6,20,26,78,93,76,72,93,94,0,38,80,36,19,45,34,66,51,4,25,26,69,62,34,67,72,95,79,87,78,20,17,25,25,49,90,62,34,41,45,92,89,38,52,25,78,77,11,97,94,19,51,89,64,76,46,43,64,8,58,51,37,21,8,19,17,82,13,8,55,68,37,15,52,77,6,44,5,17,45,41,1,11,40,30,24,59,22,40
78,79,38,84,89,87,47,62,43,98,93,99,63,33,42,96,100,24,100,28,73,27,70,79,61,58,24,41,6,5,66,67,56,54,81,60,59,20,18,85,8,55,86,59,23,27,83,97,47,0,16,60,74,38,73,45,56,65,44,25,91,72,44,78,60,50,32,97,84,87,78,18,78,25,45,9,44,50,40,9,66,93,66,56,11,33,77,25,26,71,27,29,40,75,82,36,93,24,35,81
8,42,11,24,47,51,98,84,38,12,30,53,76,74,100,78,40,3,86,16,84,79,95,3,8,7,18,59,77,51,55,100,42,60,69,86,72,67,80,22,48,86,19,8,85,24,63,5,57,34,17,3,32,5,65,40,82,40,65,57,39,97,7,13,76,37,18,87,0,48,92,12,36,100,67,64,58,79,38,95,81,63,27,13,21,80,92,38,65,2,16,67,26,82,53,58,25,4,81,73
87,67,56,75,38,44,80,74,29,97,24,16,78,50,64,65,76,90,35,49,65,41,31,81,18,58,30,57,2,78,17,50,99,67,4,3,48,75,37,49,35,14,13,42,39,12,35,14,45,44,90,16,40,29,10,66,68,37,89,42,81,26,57,28,14,66,14,37,13,67,79,62,89,78,22,85,98,93,99,98,10,21,84,24,76,21,11,11,95,41,17,82,87,32,23,61,98,39,49,56
64,5,97,57,6,21,8,84,40,57,5,6,67,32,18,62,84,22,15,43,52,99,76,29,96,4,55,19,31,10,34,97,33,73,75,38,33,36,53,32,26,93,47,62,0,63,30,3,99,18,27,52,87,38,91,13,22,87,69,2,90,69,14,19,51,87,38,49,88,76,75,59,79,63,53,75,36,61,29,40,82,59,30,9,85,64,16,89,39,72,27,65,41,34,61,28,67,27,100,94
24,67,31,38,19,36,1,37,55,54,59,49,100,37,53,68,34,1,17,20,68,26,49,36,45,17,14,27,73,62,46,100,16,85,72,71,41,84,51,9,34,79,89,25,77,72,95,91,26,67,96,28,25,38,8,88,34,57,40,13,97,24,89,32,48,67,5,30,81,39,4,29,52,100,22,95,23,2,88,98,1,41,62,88,99,82,59,74,60,12,11,27,18,55,66,92,5,81,26,32
79,99,29,57,24,84,40,68,50,23,77,80,54,30,9,96,95,90,67,87,72,10,24,13,13,35,26,41,4,36,39,44,38,68,98,55,82,55,3,22,70,81,79,21,19,83,7,89,9,53,62,24,70,71,31,94,43,86,16,44,87,79,7,13,51,75,71,99,23,7,16,49,69,64,93,16,95,0,68,83,78,53,48,97,33,35,84,57,78,5,55,22,23,91,26,44,93,79,64,74
64,26,92,44,87,60,31,91,18,97,19,12,9,84,24,17,88,65,51,58,92,87,60,71,45,20,34,67,30,8,62,66,91,30,85,62,3,100,77,81,49,45,89,50,41,25,78,83,5,92,26,31,97,85,89,28,47,39,65,13,91,38,56,71,71,55,67,23,58,27,3,35,91,3,26,16,70,63,12,72,16,67,39,10,91,5,96,26,96,5,54,61,15,23,88,82,9,70,65,34
96,45,97,2,66,71,85,55,40,17,98,100,40,86,12,11,47,19,34,19,11,33,40,23,91,22,43,51,73,5,52,93,55,29,98,56,13,63,66,60,80,84,83,8,7,50,31,69,95,64,9,1,84,0,22,95,64,39,25,72,83,9,21,39,40,70,5,77,46,69,6,10,48,14,55,0,29,66,43,64,40,5,22,36,96,4,22,32,1,35,68,8,100,81,79,11,55,36,75,57
54,96,95,44,9,32,59,0,28,30,29,49,43,35,81,29,59,65,8,50,21,3,1,64,8,69,21,66,70,89,77,40,97,36,55,39,42,7,79,35,45,0,95,91,26,96,21,0,100,38,79,62,36,34,80,48,20,59,25,64,81,5,100,55,36,29,69,65,46,12,55,57,3,84,22,71,65,79,33,20,70,53,54,53,22,100,87,15,89,67,18,69,16,55,10,52,26,1,35,3
50,82,64,51,74,89,18,59,94,3,73,86,3,37,66,65,48,58,27,57,80,40,69,5,35,61,87,15,12,19,8,31,86,90,7,50,67,28,57,51,31,47,35,35,59,58,26,5,89,12,71,57,82,14,98,29,61,76,9,22,99,55,74,48,83,14,39,6,8,9,3,57,90,30,40,69,56,27,22,48,72,67,56,70,87,26,40,55,22,23,63,57,89,67,78,8,22,42,24,34
9,7,86,5,82,83,35,75,74,22,96,41,84,52,87,54,26,85,45,83,59,78,66,59,30,30,59,54,93,71,5,84,3,8,38,1,57,84,73,84,14,42,51,30,60,36,14,99,50,7,84,23,49,54,9,93,17,23,40,77,22,96,55,97,62,52,94,19,73,31,38,86,30,77,56,53,15,16,54,37,53,22,40,39,74,34,67,96,70,7,50,19,57,35,98,75,100,94,57,89
21,57,80,41,55,43,37,16,97,84,90,91,52,3,2,15,92,12,55,78,55,71,15,16,64,74,18,30,37,46,49,42,43,4,29,11,80,10,38,14,48,46,77,7,46,46,46,89,29,74,31,52,91,56,4,6,47,83,48,36,0,75,47,6,88,92,53,23,36,51,93,25,83,8,10,11,50,11,96,29,91,6,12,77,86,33,61,84,69,20,62,87,37,42,86,68,97,41,9,80
24,58,2,24,55,21,82,65,0,100,73,92,29,94,76,33,8,35,75,0,43,67,93,62,86,28,35,91,64,34,79,77,53,18,57,71,76,71,35,61,50,42,78,10,4,83,39,93,81,7,60,89,94,54,46,77,19,44,57,45,19,28,52,35,4,90,25,13,86,46,76,45,20,87,54,59,52,75,69,77,74,63,86,56,22,77,80,8,60,66,52,63,12,0,23,55,84,38,76,45
32,95,8,94,92,39,3,67,8,63,4,83,60,59,13,33,83,68,57,77,63,41,33,56,40,94,16,53,74,68,42,33,98,63,98,45,30,68,81,79,42,20,68,25,68,53,43,82,19,65,45,18,65,44,95,43,16,64,23,62,46,86,68,78,8,59,28,81,46,16,27,62,37,93,37,59,84,83,37,83,33,28,47,96,29,59,97,98,48,63,24,68,41,13,30,81,65,15,50,57
57,57,56,20,17,66,45,4,40,70,31,63,84,36,68,71,98,2,82,73,8,21,38,35,58,84,24,35,14,84,22,63,74,63,3,31,59,64,26,1,88,19,79,58,12,30,16,9,44,65,59,42,67,56,7,28,0,27,24,24,4,89,1,69,0,61,79,74,92,51,49,29,23,47,53,82,94,0,5,63,23,72,1,21,64,37,7,24,51,45,92,63,61,50,9,95,57,10,16,60
62,51,61,2,93,19,64,48,29,66,68,89,18,19,33,85,25,4,91,56,56,43,8,61,32,66,1,41,80,32,23,51,57,31,98,23,81,99,46,40,25,0,30,13,31,28,62,21,83,40,79,55,33,24,48,24,24,42,14,73,96,21,90,99,48,46,36,77,56,71,13,71,28,62,30,20,36,80,28,95,73,10,86,43,56,23,70,29,98,32,58,35,96,73,39,99,31,89,67,51
15,91,97,84,70,77,24,72,87,54,17,63,40,97,42,46,77,65,33,26,42,4,28,25,72,91,100,99,60,29,29,36,66,6,28,31,17,89,49,86,87,97,93,50,38,67,68,12,48,14,54,51,39,100,48,63,35,90,53,5,77,93,85,31,27,3,31,8,2,51,77,86,28,64,11,73,25,10,20,7,52,38,9,24,45,98,99,32,10,22,6,23,21,8,14,96,65,3,19,19
14,12,33,63,15,30,73,94,54,12,100,38,20,23,16,42,80,32,64,64,49,16,47,38,5,27,29,37,12,49,19,41,40,40,23,29,67,26,10,77,60,87,66,0,77,39,4,9,66,93,63,43,73,36,94,53,97,29,28,15,48,26,13,63,49,91,35,35,76,49,48,96,86,22,92,1,47,77,31,93,96,33,71,87,75,55,9,38,71,61,24,60,43,11,85,34,5,29,89,48
64,24,98,100,80,82,79,97,84,16,39,91,78,51,33,1,89,70,26,17,92,39,3,42,50,88,99,99,12,3,8,25,51,50,98,74,28,72,24,25,34,64,14,10,23,82,46,43,18,27,11,28,25,16,94,71,88,25,91,24,8,38,93,18,47,2,97,76,58,75,86,70,69,15,96,37,92,10,12,4,35,23,90,30,48,97,12,4,30,50,79,76,40,19,21,31,22,23,84,80
78,65,72,35,74,2,43,86,54,3,29,17,1,52,1,21,43,39,78,57,47,30,84,65,28,7,77,94,61,55,79,26,37,74,6,42,68,21,41,16,7,24,29,84,62,34,97,40,63,8,8,60,10,64,100,37,25,72,47,100,22,66,26,98,32,26,61,60,46,48,26,9,30,75,99,26,59,96,42,39,0,84,27,1,83,87,0,69,61,12,31,83,44,16,13,98,4,47,81,59
29,76,68,32,36,56,34,18,45,35,51,64,35,32,65,85,54,61,54,43,18,86,53,89,42,44,47,76,30,87,74,29,50,69,11,78,12,6,36,70,56,49,80,81,46,50,98,4,47,58,77,11,13,34,35,99,64,2,62,28,2,54,34,27,2,4,86,49,58,80,34,46,52,81,98,65,2,72,33,35,24,59,68,64,62,35,62,50,76,100,100,37,35,22,74,11,99,24,8,82
38,30,97,37,57,71,81,83,49,91,71,45,57,50,12,37,60,88,13,81,73,44,77,85,48,24,87,81,21,62,41,15,95,95,10,67,7,96,96,33,71,80,82,28,54,21,43,85,95,23,76,96,89,0,39,14,90,69,0,96,8,34,88,38,77,17,7,94,58,98,45,79,13,6,27,23,72,58,61,71,67,1,13,51,90,94,90,38,74,35,18,30,29,83,42,4,10,50,8,17
47,69,56,13,42,73,66,99,20,68,9,100,33,98,12,41,0,44,47,65,41,38,74,33,14,66,86,59,25,51,78,54,53,29,38,80,85,25,14,35,27,87,99,17,97,35,14,40,23,62,44,57,26,67,64,0,69,98,66,92,91,30,80,52,95,45,85,23,82,21,13,87,75,4,96,62,44,14,60,18,35,43,51,43,45,17,55,31,49,76,0,69,55,47,80,49,46,55,91,27
68,4,83,79,9,86,11,82,82,7,86,44,29,72,51,4,19,53,60,97,67,16,44,89,97,91,40,11,46,4,62,48,53,80,8,43,45,15,98,55,42,80,69,100,77,43,94,98,61,43,84,0,10,45,3,58,11,42,61,38,55,23,34,93,24,21,79,78,47,89,16,81,4,75,17,71,43,65,87,100,22,18,1,98,83,11,96,46,46,96,96,36,33,8,58,28,31,58,93,82
7,16,21,3,56,77,25,38,23,94,88,16,58,8,15,100,82,15,32,74,14,66,0,48,22,41,67,97,24,61,99,66,91,47,3,10,14,41,18,6,24,13,49,55,39,59,3,58,88,45,66,72,95,4,36,66,10,23,45,68,69,35,12,78,32,59,35,31,14,8,37,23,35,2,77,18,17,83,92,12,85,19,98,27,16,34,42,15,19,99,12,5,100,42,23,61,11,19,57,29
18,37,89,28,66,75,80,85,73,74,19,95,15,70,64,21,50,84,55,39,25,9,69,38,69,75,18,64,61,46,98,24,64,15,62,70,5,39,17,1,73,96,71,23,49,6,97,79,58,86,92,58,32,84,99,5,96,82,24,52,16,90,85,18,69,75,36,92,54,50,91,50,27,88,48,21,100,40,97,30,50,58,26,48,35,36,16,32,72,27,31,4,74,6,7,36,40,40,18,49
28,41,20,71,90,47,97,73,3,90,30,11,36,4,7,79,79,29,12,42,87,59,17,30,50,18,55,15,69,33,15,8,100,74,3,6,29,24,72,25,40,41,60,44,88,34,65,51,39,25,90,54,83,63,5,95,45,24,97,1,28,84,27,85,84,6,91,74,85,76,66,86,31,56,93,75,13,28,3,92,94,7,83,36,95,74,14,77,1,32,73,94,29,41,29,96,30,62,11,61
89,0,69,91,23,27,54,71,37,30,4,60,17,96,77,82,48,44,80,2,50,4,27,33,25,33,83,25,20,46,54,23,69,72,72,91,89,92,84,78,62,38,40,92,75,70,87,19,93,61,32,1,88,40,10,26,0,28,14,17,13,72,94,60,24,99,21,89,98,39,34,80,87,46,73,96,39,55,40,95,24,33,64,48,27,58,14,51,83,20,65,25,49,75,65,69,30,3,9,86
27,22,0,62,76,28,62,48,51,1,82,33,7,89,10,51,52,18,70,35,63,19,32,21,55,90,30,20,49,88,79,95,5,38,77,24,31,54,35,75,58,81,7,39,31,85,57,92,56,42,30,5,19,6,26,0,83,83,10,34,18,66,72,25,57,32,77,6,9,50,53,46,31,95,83,58,77,31,28,81,52,53,69,23,89,23,86,60,48,10,49,72,78,66,59,59,23,12,9,0
81,41,12,58,25,88,42,85,55,87,88,53,13,70,49,83,16,68,49,10,78,87,8,37,75,67,24,37,44,41,40,74,8,97,25,79,25,96,2,20,58,43,27,88,20,58,5,95,36,75,1,32,22,80,39,79,43,85,63,9,28,85,8,10,49,15,15,70,63,79,20,68,27,95,60,3,5,67,100,24,63,41,22,85,29,81,99,36,28,74,64,50,12,57,2,77,39,2,7,100
34,35,46,15,37,33,94,65,56,44,77,82,55,80,32,74,76,24,47,17,99,48,63,100,18,79,78,51,80,89,46,49,23,25,53,97,11,47,66,62,51,81,14,35,91,93,42,32,44,43,44,28,71,84,0,50,83,76,99,77,61,41,72,14,7,88,14,32,54,8,58,18,87,38,56,59,44,12,68,27,24,26,18,29,4,78,42,77,40,91,37,61,58,53,7,59,65,36,66,44
62,90,97,2,30,81,9,34,67,11,46,96,32,57,71,10,85,24,58,48,98,82,21,32,89,24,5,92,7,16,36,7,77,81,40,28,12,11,57,37,71,8,74,25,99,70,37,78,15,67,25,76,25,12,6,92,43,40,4,8,2,98,4,39,56,74,70,50,18,69,1,83,49,31,47,56,51,40,55,63,69,32,82,6,38,47,11,55,68,93,58,9,27,33,92,92,82,14,96,96
86,36,83,37,2,1,25,2,51,37,45,51,15,4,99,29,37,36,73,58,17,7,96,8,20,65,40,54,0,73,60,80,26,81,77,70,87,27,87,58,76,40,84,42,87,94,15,8,91,5,13,29,21,38,83,82,14,1,68,33,88,74,97,38,78,69,16,98,79,19,44,72,88,2,90,11,14,19,33,21,2,21,33,0,28,53,27,41,78,40,52,45,44,11,42,86,48,35,63,63
30,45,42,39,46,43,3,20,18,27,72,70,83,46,2,59,53,74,15,60,40,81,19,8,53,66,79,21,68,65,73,51,78,52,60,40,70,90,55,51,52,59,73,92,72,97,21,81,80,35,44,9,76,71,33,87,14,27,73,10,75,37,41,43,55,19,28,51,19,95,54,74,71,74,86,39,77,22,41,60,97,65,53,13,88,91,96,41,48,75,70,19,62,89,79,23,20,36,2,75
54,9,34,69,82,74,28,37,37,72,56,16,35,73,8,93,77,72,60,20,95,55,42,92,66,4,32,70,99,95,84,97,82,11,4,37,28,73,45,95,80,60,28,27,66,42,39,71,82,62,14,22,33,21,3,95,73,28,68,46,32,76,84,20,89,73,33,51,77,23,66,90,80,98,82,82,22,54,50,61,61,40,60,10,45,30,99,29,100,42,80,19,62,55,58,63,0,40,37,72
69,93,74,3,80,39,95,55,66,23,86,48,68,28,33,61,19,16,100,5,52,2,39,84,72,82,48,54,0,78,76,80,30,66,64,71,2,55,45,27,73,61,45,4,1,99,0,7,70,1,10,39,19,25,98,57,61,77,45,26,98,5,32,9,53,39,54,49,91,34,78,30,53,55,40,48,99,69,4,24,13,75,84,43,38,26,73,53,46,39,6,15,75,30,22,83,0,42,49,21