41,74,35,78,75,98,66,70,91,5,96,48,97,6,0,51,4,86,55,56,62,50,56,56,26,79,35,16,53,81,55,84,37,10,18,58,86,66,2,55,61,47,89,42,45,21,87,30,43,29,17,46,33,28,2,21,70,80,47,51,96,78,89,84,72,16,64,85,69,36,44,19,7,17,72,96,72,2,60,30,94,11,0,87,22,85,22,94,59,5,43,88,19,75,96,13,3,15,46,72
37,69,38,39,64,80,14,62,4,1,61,46,100,62,11,3,56,56,2,50,46,67,90,2,54,5,26,49,22,58,86,97,70,62,100,75,82,22,53,86,76,34,95,81,65,13,30,36,45,9,22,94,73,33,56,25,42,14,25,12,10,5,83,64,48,28,21,5,27,63,84,99,22,25,14,39,98,27,95,99,47,52,39,59,4,57,0,66,27,22,92,90,86,43,97,46,30,17,54,92
41,34,59,62,21,10,65,21,17,66,83,40,90,53,82,95,48,39,98,74,0,24,8,79,92,76,52,34,6,60,94,85,56,46,21,43,21,52,34,15,64,27,36,17,30,14,13,11,89,87,0,25,65,86,52,16,58,62,99,3,71,2,93,86,42,79,63,95,93,62,74,13,69,86,37,91,34,100,90,51,19,90,100,83,72,76,56,2,25,47,37,84,32,53,54,74,68,79,40,49
17,82,46,23,12,97,15,79,93,50,11,12,18,71,90,45,69,79,41,82,35,80,83,4,66,55,45,59,65,53,98,36,74,3,64,89,46,35,80,99,98,54,75,60,64,43,0,72,63,46,94,21,67,63,16,90,98,10,9,73,91,37,29,80,68,97,76,20,98,68,15,47,81,9,0,1,40,33,2,99,26,0,48,46,22,49,46,99,23,1,72,91,19,89,9,13,54,67,74,100
32,95,90,62,58,43,59,44,81,58,20,95,22,2,13,14,18,33,6,3,45,23,94,24,19,24,44,9,52,55,76,7,58,98,31,32,87,36,74,90,11,83,77,23,43,72,16,84,30,51,92,8,80,40,54,49,55,36,26,30,10,55,59,70,14,58,80,25,16,13,15,77,43,91,98,6,72,3,14,18,72,7,48,36,29,89,26,53,20,88,66,30,21,31,80,0,46,15,86,16
63,16,19,9,12,51,31,46,67,45,90,45,51,90,90,56,5,87,9,26,32,33,97,87,93,7,75,16,9,5,83,36,20,55,83,73,88,14,85,38,68,5,8,12,26,38,94,61,89,26,50,67,91,87,52,31,61,78,68,100,88,77,11,87,15,76,24,30,98,79,68,34,81,52,33,88,96,53,82,44,87,25,50,86,48,54,79,94,88,47,82,79,99,34,51,0,31,99,30,18
67,47,97,29,55,1,81,11,71,19,54,64,1,56,54,81,30,4,54,81,57,42,69,69,50,36,50,1,28,96,65,46,96,50,50,37,60,74,85,73,50,8,6,95,17,0,26,68,100,23,47,71,15,40,75,77,59,3,61,77,21,6,90,41,85,63,87,32,34,77,40,47,2,39,71,87,86,22,41,56,47,59,74,70,53,24,54,52,53,33,72,87,88,17,50,56,61,29,57,36
70,34,19,85,20,10,99,26,47,66,0,70,58,25,82,89,56,11,61,65,14,9,85,43,6,50,48,47,97,92,45,27,57,49,96,57,7,76,25,96,76,22,48,33,10,40,21,36,85,32,67,81,85,8,14,5,89,25,97,59,87,96,59,14,10,50,3,50,14,40,55,94,25,46,76,0,68,36,88,59,47,65,55,55,96,92,7,41,56,71,1,31,6,97,3,63,11,8,38,95
58,84,58,31,41,35,35,44,26,57,11,52,37,97,4,74,37,91,5,36,6,91,78,47,40,10,53,44,57,4,59,24,85,77,50,74,43,99,83,33,56,75,69,93,20,6,5,26,16,85,50,57,10,45,90,17,96,61,76,88,89,77,83,10,58,33,50,42,14,73,5,41,15,71,54,100,35,9,39,9,91,9,32,13,58,15,35,50,69,89,15,93,22,21,100,62,42,34,79,100
56,0,87,29,47,12,52,6,3,15,5,98,0,69,95,12,57,21,68,59,93,22,10,9,22,53,16,44,43,36,29,56,76,19,15,40,53,0,11,49,1,66,29,91,39,43,22,12,36,32,53,71,84,3,55,29,5,68,2,75,47,85,28,91,86,76,4,67,96,52,57,84,88,29,31,99,2,96,87,8,68,25,10,94,46,51,26,45,37,63,32,0,62,19,87,52,10,43,78,56
89,68,1,65,38,98,63,45,47,53,48,15,81,90,1,83,45,78,19,33,0,12,75,97,55,69,17,100,18,37,80,23,45,93,13,58,84,30,55,17,64,88,46,12,55,94,9,3,47,71,82,56,97,72,15,58,28,24,63,5,6,88,62,87,76,2,61,57,24,35,20,87,41,63,19,67,84,21,52,26,72,25,68,78,35,33,79,29,42,87,83,28,45,69,42,13,23,70,63,24
34,27,14,40,6,23,58,44,22,6,46,8,78,37,15,59,93,75,33,36,100,23,72,89,9,75,70,40,14,14,27,52,97,47,55,54,20,76,78,18,53,64,94,46,3,11,69,65,19,88,26,81,46,1,65,19,85,91,80,37,90,69,26,54,41,4,34,71,52,62,57,100,44,85,26,96,41,26,71,47,51,73,41,26,16,25,80,30,98,35,41,56,65,41,53,58,43,85,64,21
11,54,8,58,32,23,65,99,73,18,75,52,13,58,86,23,95,68,47,37,70,6,39,17,66,81,41,54,0,45,25,98,38,10,72,61,51,53,44,96,27,42,58,14,72,47,66,52,11,22,52,19,61,65,72,100,18,12,97,64,39,54,100,99,35,80,29,61,92,51,10,95,7,82,74,24,16,94,69,85,94,29,24,69,30,99,9,18,41,8,75,92,65,27,45,26,71,11,45,60
82,2,4,20,99,12,20,70,53,10,100,53,91,99,4,92,51,95,9,29,8,43,58,88,54,93,87,71,78,71,39,2,63,53,54,20,61,79,77,11,50,2,80,8,20,98,41,27,86,24,17,47,28,83,0,19,63,78,63,44,64,59,14,82,13,95,79,77,34,19,68,76,33,84,82,58,95,7,76,25,28,49,78,26,79,76,10,22,70,96,76,93,39,69,96,36,56,38,14,91
45,51,67,71,29,58,60,27,82,49,17,38,6,39,56,11,93,82,64,66,74,1,30,57,28,25,11,38,91,76,64,99,66,13,57,83,91,70,73,12,30,99,99,24,3,58,56,35,67,26,63,3,10,44,11,81,18,24,58,82,26,23,28,25,13,57,72,9,71,90,68,38,80,96,70,5,91,15,73,92,6,30,16,24,29,38,10,57,98,82,48,74,50,75,5,75,31,35,10,24
43,92,29,9,46,45,68,40,93,54,82,80,67,99,80,69,23,3,62,37,20,18,81,88,48,47,89,55,64,54,80,95,56,95,33,87,50,84,13,41,71,80,10,29,21,24,44,79,30,26,45,92,100,7,79,62,22,41,87,13,30,59,100,3,65,37,44,3,40,39,39,78,57,71,17,32,84,36,83,0,48,6,27,13,92,35,86,25,1,2,8,14,3,20,91,20,53,60,93,72
21,32,16,20,81,25,52,12,71,6,52,19,50,44,29,47,3,62,71,7,22,82,39,66,77,34,61,81,49,13,60,92,24,97,65,38,84,44,14,43,89,58,40,65,43,91,4,70,96,48,50,5,7,41,18,37,12,70,97,93,74,29,37,23,83,59,35,10,89,65,38,68,81,59,29,71,84,72,0,47,76,55,84,60,30,98,32,70,30,80,87,92,36,2,1,33,12,8,40,3
87,43,64,91,23,17,92,94,32,69,50,13,28,71,71,29,29,79,39,71,51,13,27,15,26,56,46,3,46,36,28,39,9,93,88,66,51,9,36,73,8,82,17,27,40,66,82,69,33,64,89,3,30,41,59,30,22,12,54,63,79,86,2,8,19,2,41,50,55,63,32,53,91,41,35,56,100,66,44,57,89,86,2,43,77,10,38,61,39,38,70,70,58,39,78,11,40,95,72,3
18,55,43,53,12,96,86,19,10,4,9,15,61,58,39,48,21,31,63,7,77,28,55,86,4,60,41,84,42,23,34,55,24,47,75,12,28,8,0,60,98,97,35,6,91,49,51,18,56,32,24,57,43,6,77,6,23,60,99,6,67,13,59,64,47,20,90,93,22,5,31,14,99,53,4,61,55,93,4,85,12,63,69,31,66,73,57,61,17,92,22,33,99,0,87,47,90,27,62,92
78,89,62,53,10,60,16,90,58,57,47,13,23,36,11,54,78,3,62,99,74,93,35,100,58,99,6,93,29,91,26,77,26,44,35,64,17,18,2,45,22,82,6,8,68,72,2,93,44,6,95,20,86,34,24,55,73,56,90,79,5,32,43,49,7,64,79,7,31,22,18,14,19,74,48,63,40,0,34,68,19,8,48,13,91,53,18,85,4,100,61,2,72,35,29,75,58,28,3,32
63,40,30,55,99,72,64,69,45,11,31,4,79,86,97,27,68,53,55,49,24,46,92,67,8,93,89,15,26,81,14,35,91,55,35,60,88,49,99,57,85,32,41,89,19,80,46,60,39,79,9,20,95,32,51,49,36,18,56,74,62,17,86,55,11,2,3,80,35,41,56,30,24,49,83,68,78,6,63,70,39,83,100,50,60,15,91,88,85,36,27,82,98,10,21,63,36,54,84,27
11,73,34,41,41,100,12,69,10,37,10,53,20,0,60,53,56,75,78,94,64,49,95,84,77,59,94,22,22,89,12,60,82,74,76,38,33,16,58,3,38,37,25,90,100,34,98,73,42,93,15,7,81,33,59,99,75,67,62,64,11,87,37,26,42,80,69,52,49,81,94,69,57,49,86,12,32,27,63,62,43,45,39,19,51,29,98,2,44,59,50,32,97,49,1,81,48,57,78,22
90,100,100,1,39,33,49,21,57,5,96,21,97,56,97,95,41,62,67,98,49,61,51,54,28,95,56,57,34,51,55,63,94,88,41,56,14,97,4,87,32,81,93,94,54,5,99,91,32,84,50,58,69,17,31,42,49,8,80,94,77,34,65,73,61,8,45,48,80,40,68,90,92,7,1,7,69,55,85,76,86,49,7,86,73,83,3,66,7,37,39,29,83,17,23,65,2,61,29,10
65,47,83,52,20,39,71,70,4,83,3,56,46,82,29,96,77,62,12,28,39,75,95,17,96,14,70,95,62,48,89,28,58,56,52,5,30,100,12,56,71,74,39,82,64,26,83,59,50,75,74,57,74,5,62,64,81,0,13,82,49,100,72,37,80,56,94,25,31,9,26,13,24,9,79,0,88,27,71,72,38,16,13,24,43,13,73,16,75,39,25,72,62,8,75,60,52,1,38,44
38,62,28,81,52,41,50,43,18,2,30,97,17,33,30,21,100,43,68,31,16,13,21,36,66,74,3,95,62,84,57,77,58,18,25,90,22,37,89,83,44,89,24,55,15,72,85,95,92,4,67,29,73,49,55,77,68,7,39,52,65,80,6,24,30,47,77,73,72,79,9,10,97,9,62,97,20,85,30,12,17,41,47,33,15,71,15,42,81,79,89,60,83,84,99,43,83,3,47,70
19,15,86,77,5,14,1,50,41,42,27,96,27,66,94,36,19,77,96,53,10,97,70,100,39,13,33,34,88,8,68,76,99,14,56,69,57,32,24,62,14,21,86,8,92,20,65,13,80,55,26,93,97,65,92,27,55,41,43,87,49,50,61,44,69,100,23,98,87,81,69,97,45,10,47,7,98,4,32,56,41,52,44,66,58,76,6,90,75,48,55,69,78,93,46,55,38,15,12,10
56,11,32,73,76,49,94,37,73,88,22,42,60,12,95,5,58,92,46,49,2,69,51,54,58,66,69,23,13,95,13,12,51,15,91,12,69,47,93,82,68,100,16,45,15,82,22,46,28,52,31,39,52,73,76,69,3,49,29,42,85,50,36,25,32,42,50,99,43,14,28,61,56,64,61,58,41,36,66,76,48,82,1,18,68,74,55,0,91,92,8,23,0,100,15,13,98,2,1,93
22,68,74,8,20,94,45,46,71,95,36,84,63,93,48,31,14,23,89,34,0,9,26,1,51,47,73,60,19,14,63,25,87,56,4,63,83,47,56,3,5,58,40,38,99,65,1,33,57,58,76,78,69,61,43,58,69,58,55,15,93,76,77,19,91,99,26,67,55,39,43,68,98,61,95,100,50,64,30,93,53,92,87,65,99,19,39,80,59,75,65,40,96,78,52,40,79,83,36,40
5,71,84,40,95,63,46,99,93,88,31,53,55,49,43,9,46,67,3,14,65,6,52,0,1,42,12,4,53,51,84,58,81,10,73,47,38,13,47,82,17,54,96,23,88,96,87,13,26,75,58,0,99,23,39,21,33,94,90,61,38,45,2,19,51,67,47,18,50,91,83,12,59,95,95,41,94,57,64,65,56,30,0,17,78,56,57,73,56,17,40,43,100,54,71,22,54,18,43,64
13,33,14,19,18,27,98,18,68,81,64,74,68,8,22,55,33,45,71,1,63,77,48,78,50,92,74,67,20,65,56,80,49,52,69,50,38,76,25,38,6,59,32,47,13,91,92,85,42,88,84,23,98,38,36,43,97,35,92,21,41,49,61,64,1,71,86,34,32,65,49,53,19,65,99,36,100,69,7,40,81,82,19,59,47,5,89,10,97,69,44,26,37,26,95,78,94,38,89,58
9,91,29,43,29,97,10,46,79,18,86,33,29,30,52,27,11,48,77,80,13,64,71,76,64,58,73,13,22,1,90,74,96,28,51,86,43,89,39,67,81,38,84,44,35,33,98,19,63,20,40,100,6,88,51,74,80,40,4,51,91,1,20,54,31,41,63,63,2,20,23,18,52,24,74,33,23,20,89,93,68,50,31,8,81,69,34,41,44,46,64,83,35,85,78,69,50,20,54,31
20,56,76,63,75,35,75,10,66,63,25,1,47,64,60,33,47,29,35,21,25,4,81,81,22,24,62,0,27,36,26,86,64,3,43,11,77,43,96,12,22,6,59,18,33,76,46,20,90,50,19,93,41,28,54,60,82,63,15,77,59,81,89,0,97,61,76,97,95,22,17,3,19,28,73,41,100,61,74,74,28,40,98,52,35,3,53,9,7,99,23,94,85,21,15,62,3,10,35,66
19,98,27,34,10,81,95,69,20,34,39,72,82,53,38,5,57,76,28,1,82,64,34,69,4,98,18,50,70,89,18,35,22,42,65,86,18,24,95,100,76,81,51,56,72,44,67,33,99,35,86,44,71,6,68,87,47,74,16,82,90,50,21,95,16,76,61,79,71,69,37,36,12,42,75,6,79,10,65,78,75,71,51,12,83,8,9,62,3,18,37,13,29,90,5,9,68,9,21,41
2,31,6,77,74,55,55,60,66,57,71,24,4,21,13,43,23,40,75,11,25,11,54,15,48,60,47,17,53,11,36,34,70,53,25,90,28,79,6,4,54,27,30,42,18,30,48,70,21,48,98,73,100,85,55,67,40,10,22,79,14,2,68,2,23,89,21,30,43,69,81,15,56,10,27,65,62,92,67,82,99,8,76,80,39,73,90,95,34,60,57,17,39,19,61,32,52,97,46,64
86,77,88,78,57,67,71,79,49,59,45,6,26,40,81,94,82,46,34,35,67,45,5,63,10,19,68,76,39,66,5,86,41,31,100,80,98,73,70,45,72,79,93,85,49,83,28,22,50,78,20,95,95,4,1,76,22,40,68,94,47,70,55,61,59,75,14,32,7,13,48,30,96,47,32,6,48,97,70,14,71,82,13,27,71,22,9,62,49,18,73,61,55,80,34,4,38,21,10,37
68,27,35,43,40,46,64,41,51,61,44,7,89,84,46,18,59,55,15,70,97,47,94,10,67,52,40,34,72,57,29,88,14,100,71,70,28,82,83,46,59,93,54,26,92,3,15,62,41,64,93,69,85,37,75,90,26,32,44,90,5,93,41,63,97,15,99,87,27,70,17,21,63,59,13,48,2,79,7,23,15,59,53,87,96,98,68,13,11,13,67,54,6,49,51,2,77,3,64,39
4,74,11,13,65,72,22,7,15,11,100,40,67,73,76,10,0,32,31,89,14,33,10,17,1,74,71,92,58,92,31,19,57,75,51,0,24,82,3,61,1,44,57,11,27,31,2,67,7,66,62,44,65,94,96,39,50,43,80,3,66,3,88,89,83,78,39,65,41,63,50,85,71,23,2,12,63,62,20,10,24,42,54,2,90,44,25,4,16,51,79,21,23,29,53,23,19,15,51,93
56,38,50,70,10,68,46,14,27,45,1,81,29,73,24,63,68,47,31,89,28,53,25,49,4,92,66,92,20,92,52,98,46,63,94,27,23,18,32,41,82,12,16,8,0,12,14,23,40,68,42,39,76,88,24,72,36,94,41,28,12,91,25,2,46,20,19,50,40,43,39,18,58,27,46,76,68,94,93,94,86,12,39,97,80,78,21,21,46,23,94,10,38,67,88,23,77,29,15,67
68,28,91,60,86,61,33,68,42,54,10,69,32,17,71,46,64,54,52,55,4,41,96,86,76,30,70,37,45,28,50,44,79,1,78,91,32,19,9,4,15,8,91,66,45,55,39,17,59,94,23,98,56,47,80,8,96,44,11,93,68,55,22,95,10,34,35,98,86,50,56,49,96,75,86,4,5,15,94,53,21,34,35,46,66,53,62,46,62,19,91,19,41,59,7,87,79,55,13,69
52,37,90,85,20,97,30,99,100,84,97,90,45,78,24,73,65,39,36,10,85,23,9,66,52,25,41,0,34,3,92,9,90,10,58,71,79,56,34,96,92,78,24,41,7,18,68,8,87,75,66,59,94,5,24,34,19,66,45,64,76,40,90,94,34,43,13,96,41,5,63,63,88,52,16,20,57,97,11,38,31,29,87,49,39,89,86,35,29,79,16,63,97,42,10,61,29,55,6,90
88,2,73,25,10,12,81,81,89,34,56,31,52,38,17,67,35,82,8,17,16,58,26,34,68,24,27,70,15,65,88,19,45,63,75,23,41,99,93,46,61,59,14,15,37,92,100,29,92,7,74,33,45,100,39,12,100,64,33,15,42,74,10,36,89,64,94,24,72,60,99,21,2,66,78,45,84,11,27,16,88,62,6,4,56,16,81,30,11,19,64,89,97,25,82,65,91,52,25,95
51,5,24,6,16,73,97,67,91,57,1,21,85,81,62,9,2,6,59,67,71,5,18,31,10,56,59,48,75,35,43,36,8,69,58,73,16,64,78,67,84,87,78,87,35,55,96,1,5,45,82,84,63,2,16,47,49,13,0,69,70,64,0,12,70,47,15,63,60,87,19,83,27,16,12,21,47,0,6,41,53,15,23,71,50,84,57,75,31,87,81,0,97,34,94,34,92,83,70,66
65,18,58,13,23,38,17,96,80,80,11,82,100,64,82,50,100,89,73,22,91,29,48,14,19,43,95,34,96,79,48,28,68,46,35,73,58,9,93,20,51,22,63,18,1,75,8,23,85,47,73,56,82,97,46,2,53,39,92,42,20,74,99,53,98,41,87,54,57,80,12,1,28,1,90,16,19,8,26,82,37,77,37,93,91,82,99,6,9,100,46,8,75,77,55,40,66,71,67,53
76,63,67,28,23,91,94,3,78,39,37,63,2,38,42,10,39,45,33,72,44,72,56,44,52,36,56,70,41,61,89,7,16,33,44,34,51,73,66,0,49,15,56,89,36,15,54,48,13,11,86,30,17,39,26,39,59,80,31,1,64,17,68,69,8,1,35,12,11,2,43,19,96,98,10,52,22,34,0,14,86,74,34,82,75,6,86,65,41,38,18,29,67,47,79,28,95,86,17,28
17,1,27,95,48,42,30,95,28,63,67,55,96,86,34,25,80,57,65,32,86,10,96,20,55,56,69,81,1,52,38,20,56,82,73,80,70,47,6,90,33,55,5,0,77,54,98,43,3,24,99,50,61,84,95,82,96,67,3,17,36,91,22,54,4,22,10,94,42,25,86,12,21,45,49,46,44,36,98,81,18,68,64,56,24,14,91,62,1,16,23,26,37,28,93,69,20,34,75,34
77,23,85,33,89,34,0,81,51,59,96,31,15,30,85,65,3,16,63,71,58,48,87,84,44,83,32,64,25,25,29,81,58,98,83,52,83,18,53,64,74,26,62,10,99,33,63,58,52,59,46,67,59,0,29,82,17,31,20,92,68,89,71,93,38,30,94,92,91,90,95,68,33,53,8,1,30,66,40,53,85,2,43,1,68,30,64,49,24,12,67,22,17,54,36,84,80,49,75,82
57,24,50,1,22,2,95,17,55,4,65,100,71,97,54,17,76,71,32,82,60,75,27,24,21,33,59,19,100,88,24,84,37,87,39,60,39,34,13,48,38,22,82,35,33,45,32,19,0,0,75,37,30,48,68,73,82,23,30,68,40,70,29,16,18,85,39,57,8,96,69,48,55,45,39,1,66,0,35,12,100,65,31,19,76,69,53,92,9,99,16,71,62,22,19,15,93,22,48,8
96,30,59,89,97,8,9,83,57,54,10,60,65,9,25,78,83,64,45,44,98,74,87,75,92,69,50,4,13,6,2,7,17,80,72,48,98,44,99,90,100,56,57,82,49,34,74,42,89,33,94,89,1,50,23,13,92,82,70,47,38,77,1,77,64,17,5,50,52,43,64,78,73,15,14,46,43,5,25,21,86,20,29,27,91,12,97,13,95,55,23,10,39,90,15,67,22,80,12,8
13,2,51,2,59,56,55,20,4,27,42,89,51,60,32,91,15,2,48,66,37,69,29,92,21,5,97,85,22,85,38,41,53,95,55,4,24,5,48,70,75,31,74,14,40,94,40,93,7,26,47,37,26,81,15,40,22,79,42,11,17,21,56,74,97,18,20,23,34,35,30,53,10,95,49,30,67,71,38,68,7,34,99,39,3,49,75,67,81,50,74,73,39,39,6,43,43,73,59,39
48,18,18,81,35,31,8,10,23,9,40,84,59,27,31,46,22,76,34,83,14,76,52,38,85,87,62,70,41,6,79,17,66,77,22,64,46,61,71,12,3,67,31,18,46,97,42,50,47,48,0,64,35,81,30,51,75,20,48,32,74,89,51,90,64,7,57,47,11,11,85,44,56,51,72,42,18,23,72,63,61,63,99,26,14,52,46,89,42,86,73,82,63,63,71,9,99,67,21,43
57,6,76,60,73,33,40,0,25,43,59,85,23,12,54,30,44,53,6,11,84,86,53,78,33,55,25,46,94,49,82,13,64,31,68,74,21,60,0,77,65,52,69,95,80,98,92,92,54,62,10,16,90,16,56,22,51,19,85,22,68,4,12,100,56,91,8,10,34,99,30,95,6,47,42,86,89,56,3,37,94,54,85,70,18,26,43,25,66,74,74,9,10,6,46,32,3,2,13,56
54,86,54,76,57,13,77,61,6,9,29,14,27,67,4,17,48,0,12,99,58,76,5,55,25,71,17,54,96,35,41,9,18,25,29,66,65,26,78,13,53,12,40,28,23,70,92,57,86,41,71,55,88,44,87,0,19,38,45,57,77,52,92,16,39,65,31,36,22,16,47,32,32,23,22,50,0,82,7,57,57,90,55,69,90,81,9,4,58,64,74,9,89,10,98,82,6,36,4,17
41,8,56,1,10,40,77,76,98,89,43,85,49,2,40,10,85,40,89,28,80,41,64,33,64,53,61,64,100,66,88,51,58,52,23,94,4,26,98,38,82,40,12,48,66,42,38,97,13,95,94,78,9,4,53,29,31,88,17,51,67,99,46,23,61,71,83,69,21,85,24,77,8,45,15,92,12,45,46,61,70,31,97,12,15,46,35,32,69,68,76,93,91,65,35,49,86,62,43,73
34,88,100,45,31,95,88,35,53,7,50,98,78,40,42,34,100,90,51,97,11,24,33,85,59,93,96,90,40,87,71,43,73,37,37,7,57,50,50,18,26,43,9,43,68,100,96,18,58,60,99,81,13,23,5,53,25,44,55,38,94,70,77,52,24,95,40,9,97,43,10,87,26,75,48,82,32,95,90,21,69,43,47,0,33,15,26,28,4,85,68,10,68,19,81,98,54,2,91,19
6,75,47,62,8,16,31,1,11,76,98,5,63,53,86,77,87,66,31,19,97,0,85,6,18,68,53,95,54,86,1,82,40,48,22,2,67,16,19,16,68,0,31,66,14,3,80,49,19,21,17,31,62,60,58,9,3,92,24,33,41,67,28,22,5,79,51,34,92,24,45,35,83,85,68,46,87,6,58,28,7,91,19,84,1,76,20,19,0,98,99,44,22,52,24,90,7,17,33,43
15,77,22,57,61,6,94,7,43,46,7,11,94,87,70,43,24,44,4,6,49,4,35,85,8,3,68,82,73,75,51,99,100,94,90,34,28,99,36,79,59,35,56,78,38,36,69,43,70,46,20,14,35,31,33,65,57,88,62,99,85,53,74,1,42,2,7,34,57,11,28,90,52,77,39,59,16,70,48,42,87,50,44,76,48,65,79,86,6,89,55,36,91,89,49,90,91,55,47,11
12,9,28,18,75,97,13,85,37,94,90,59,33,54,15,49,55,99,74,98,47,91,80,17,74,55,25,48,66,58,99,37,84,68,41,86,17,80,82,48,52,59,16,44,65,67,84,96,65,8,30,70,42,54,6,25,25,26,68,34,67,54,47,98,28,33,37,66,68,12,58,27,44,81,4,7,2,10,93,34,80,8,78,37,8,14,81,82,84,77,79,38,96,87,82,95,19,85,59,45
55,30,62,18,33,18,74,47,27,82,74,45,11,31,58,22,5,77,28,62,12,12,36,85,41,60,48,21,2,63,33,48,82,47,14,28,31,43,79,15,12,86,28,15,47,90,63,33,6,47,0,0,2,78,18,41,9,18,46,12,64,55,76,21,40,0,99,43,83,21,15,46,2,45,2,15,49,23,6,0,13,95,37,67,28,93,66,5,52,83,8,27,16,34,75,63,97,41,33,52
33,3,78,87,15,42,9,22,8,78,34,23,66,58,46,2,22,29,84,28,24,6,13,61,4,73,71,30,97,58,66,87,83,68,89,57,35,71,35,62,72,62,95,99,29,90,19,97,30,77,39,69,72,43,91,10,16,96,25,76,84,79,100,77,27,48,69,19,15,36,5,80,37,53,29,34,29,78,92,79,5,29,6,23,72,4,68,4,54,6,8,22,24,47,97,11,91,99,26,51
9,9,20,97,55,46,22,85,97,62,66,22,71,65,45,4,90,23,26,39,4,75,30,43,42,9,64,15,19,56,66,51,64,67,98,30,63,88,66,49,42,48,21,33,22,74,0,5,56,88,53,58,66,73,12,77,15,50,69,48,54,76,14,10,40,65,83,60,93,41,83,63,95,18,46,20,20,38,3,97,5,1,54,11,84,17,48,52,6,82,5,58,83,75,66,89,8,19,76,74
80,59,0,32,24,90,47,87,30,71,33,77,60,33,97,80,7,36,49,92,90,52,23,63,55,58,7,74,96,97,9,95,47,90,95,38,73,59,19,66,2,10,29,35,91,53,72,21,15,82,97,29,27,16,78,65,93,63,12,25,72,16,24,50,34,63,42,100,4,62,51,0,46,32,58,42,82,75,76,60,4,19,52,15,37,50,42,69,26,7,90,5,27,13,71,1,68,41,37,66
88,42,80,76,79,40,62,5,58,42,70,40,62,34,22,57,57,15,97,75,30,62,53,0,69,26,100,55,4,36,89,42,92,14,18,90,95,100,43,87,95,93,3,1,45,18,19,97,75,85,18,18,32,82,7,76,72,62,24,29,49,45,40,13,53,60,28,82,97,50,85,64,32,35,98,1,78,66,11,73,8,94,22,51,93,98,47,59,65,100,65,27,18,48,68,100,27,68,8,99
60,15,63,38,54,75,32,30,82,10,16,63,70,94,98,80,11,22,9,11,65,12,17,7,10,35,24,37,34,64,6,63,80,74,79,72,21,78,58,48,39,22,67,77,27,12,20,39,96,25,8,23,14,49,30,81,7,76,54,66,96,80,22,78,93,100,74,1,28,3,23,46,3,14,20,99,74,10,82,6,96,3,50,13,16,0,25,7,8,17,34,70,22,2,90,8,88,46,19,20
77,39,34,5,99,80,75,93,61,32,46,10,83,18,12,84,45,16,75,16,6,93,25,97,13,86,63,31,16,79,60,38,36,53,33,11,81,11,97,73,53,38,81,100,31,24,10,98,97,2,59,72,18,72,65,95,79,27,7,61,42,63,8,71,91,61,78,89,55,25,10,96,29,91,94,55,66,64,3,74,11,76,45,24,34,85,27,51,51,57,14,77,31,16,15,36,87,35,18,6
75,69,32,88,42,86,58,24,60,65,67,60,78,51,23,1,16,30,37,92,33,11,99,20,92,82,51,52,49,93,66,18,14,64,11,63,70,4,29,54,43,97,72,9,71,9,61,59,37,9,28,79,92,90,85,90,44,95,48,96,47,13,65,41,79,83,1,67,46,40,16,31,93,16,15,42,50,82,76,26,10,91,24,32,96,17,70,76,16,60,17,19,32,29,87,89,64,36,39,41
9,97,76,23,92,14,27,78,48,78,10,21,25,50,95,1,48,63,4,79,25,0,25,100,32,71,7,53,11,60,25,14,40,90,76,56,98,49,32,77,58,53,46,61,49,41,78,7,86,11,44,83,66,61,55,72,21,59,7,70,49,63,76,3,24,48,95,68,8,37,28,8,45,78,58,83,22,89,18,20,68,4,73,61,12,55,74,90,87,41,68,9,25,60,81,75,70,14,96,96
82,89,19,94,75,63,8,34,38,26,97,75,37,53,96,49,44,34,44,91,54,6,46,8,77,8,55,28,28,46,30,33,80,28,76,64,85,3,16,93,94,28,52,73,94,85,43,76,53,5,53,90,75,77,67,43,60,75,15,2,32,31,79,86,43,65,24,8,50,94,80,75,62,25,2,76,67,73,85,75,72,26,51,1,71,65,65,18,32,92,16,90,32,25,60,57,25,89,95,5
98,4,8,96,48,53,37,28,28,36,43,58,85,36,91,79,97,25,0,29,99,37,64,18,48,89,97,54,4,45,63,71,53,78,29,43,47,90,4,23,81,10,33,10,65,57,9,97,84,17,99,51,3,66,88,96,38,28,52,91,85,29,44,25,67,23,1,77,54,63,97,66,25,20,95,82,41,45,51,20,68,27,76,40,41,20,66,51,72,49,54,42,94,72,19,10,90,27,61,43
22,9,91,18,47,0,82,70,17,62,35,89,13,88,33,16,58,99,93,56,67,53,32,13,6,62,43,80,89,57,26,41,23,30,56,65,98,38,30,42,15,53,50,60,79,62,89,11,73,93,58,9,40,53,73,89,70,2,1,41,53,36,95,90,11,99,1,48,9,1,15,43,67,27,46,73,13,53,55,50,32,57,2,76,10,48,11,71,50,32,88,14,14,11,46,3,35,87,40,51
21,29,86,43,1,80,75,90,34,96,83,59,61,14,72,89,61,88,93,77,1,48,9,31,87,7,81,38,29,70,84,30,69,10,48,98,6,29,89,1,9,2,45,83,13,17,69,52,55,72,28,97,57,24,76,95,9,39,40,39,36,1,12,93,43,11,10,17,91,2,40,26,11,55,98,60,9,50,51,79,92,97,97,15,70,21,81,61,27,51,31,61,90,59,46,90,93,41,78,46
25,21,42,57,15,35,62,99,97,72,50,2,95,26,45,93,57,80,69,79,9,67,7,87,84,25,24,86,23,29,58,48,50,60,84,24,55,36,49,11,26,73,23,11,18,81,33,62,75,10,67,60,20,46,42,87,55,92,87,4,47,62,100,82,89,94,20,34,42,82,13,34,68,61,2,55,77,68,31,46,97,67,9,73,14,88,78,95,80,87,94,73,55,6,62,87,60,47,100,97
44,8,63,75,85,63,40,31,25,86,56,11,23,6,21,70,87,5,92,76,20,74,95,45,39,43,98,4,29,20,5,14,70,1,9,83,89,69,77,60,1,38,88,88,26,7,99,61,93,15,94,29,36,24,29,57,8,51,39,65,70,84,21,85,42,57,57,50,86,65,20,51,56,8,29,39,55,91,64,3,51,88,20,93,25,36,9,37,92,66,34,100,86,85,86,28,62,5,97,72
37,77,65,64,6,91,88,14,14,95,94,44,21,0,57,17,26,16,83,34,85,23,95,73,100,92,9,2,100,80,43,64,24,52,32,74,19,60,27,52,100,2,95,56,50,93,66,61,73,16,31,33,89,51,57,26,23,57,36,12,32,14,10,11,40,43,0,46,62,79,56,50,44,18,33,58,93,61,42,71,7,82,51,9,78,11,61,38,30,81,97,20,75,95,71,61,76,78,0,48
27,20,57,92,74,35,31,55,61,2,22,83,96,86,95,48,92,95,60,6,91,85,5,46,44,24,29,100,14,39,66,55,31,10,81,11,59,14,68,34,66,58,43,79,61,80,77,76,67,97,19,21,64,78,4,23,92,14,59,54,59,19,4,73,8,23,27,35,84,0,88,88,43,91,26,20,49,85,50,82,38,72,36,46,54,17,41,70,62,58,74,18,97,73,66,24,26,69,93,96
52,41,52,50,22,66,27,10,51,23,89,41,5,56,95,76,25,42,69,79,23,84,12,8,99,19,17,39,78,33,27,82,3,56,79,21,22,84,71,76,97,4,62,5,58,77,47,17,71,78,23,60,72,19,36,78,68,39,44,30,56,70,45,95,80,0,12,29,78,31,41,17,53,81,64,53,40,44,8,84,22,89,86,91,56,90,98,35,74,86,0,86,68,32,55,69,10,9,46,61
86,98,65,89,27,80,98,29,2,34,99,78,39,4,23,77,35,75,69,97,74,14,50,6,62,66,60,4,94,41,65,53,53,36,42,3,0,92,61,76,46,9,61,8,20,3,93,54,27,9,12,22,7,29,71,46,40,27,24,24,52,46,54,53,50,32,15,38,24,19,15,68,89,71,51,63,26,33,48,76,32,10,90,10,19,66,36,83,90,43,43,2,54,88,91,6,69,12,62,11
49,5,92,98,79,46,32,48,95,83,90,53,15,55,38,98,39,89,73,43,10,18,91,24,15,5,88,57,80,72,7,58,89,7,68,94,28,39,67,15,15,10,69,26,47,15,32,99,7,47,95,53,70,34,39,26,47,34,77,45,22,16,27,9,67,87,13,85,9,40,2,61,76,21,74,95,27,65,78,19,15,17,28,14,96,95,80,27,76,22,40,0,12,36,34,28,58,4,65,50
32,70,59,40,30,84,45,47,18,39,7,49,33,73,72,41,93,21,6,72,12,98,46,43,89,37,79,15,46,24,50,16,3,19,77,21,8,66,60,81,13,84,30,18,19,43,78,23,41,69,38,74,49,81,86,76,57,16,17,39,40,1,48,19,50,24,13,28,77,70,49,38,45,46,52,94,18,69,77,12,82,81,11,29,11,12,67,27,36,50,90,52,50,19,44,79,68,100,85,30
30,98,58,64,3,53,92,22,90,74,29,44,87,82,30,24,16,30,96,26,23,34,36,10,36,98,25,34,20,85,8,71,68,10,13,36,61,14,84,2,39,58,53,4,98,81,88,87,48,12,71,12,91,1,98,83,7,49,4,21,12,49,25,25,96,37,61,39,34,43,74,36,96,42,74,43,25,94,37,92,75,93,52,20,9,100,73,83,96,4,36,23,4,16,48,37,40,20,22,4
22,9,36,43,25,63,77,81,97,40,75,14,45,5,45,77,14,95,2,1,15,91,90,51,15,35,68,26,91,57,28,50,48,61,4,75,34,17,69,63,18,24,61,12,64,13,11,80,77,75,80,48,36,85,39,12,9,44,82,79,46,73,98,88,70,21,77,93,10,56,33,84,65,75,41,29,86,80,54,79,63,95,96,91,31,84,19,89,18,30,33,89,55,94,75,44,16,37,92,74
76,36,75,37,12,26,33,3,20,16,62,88,56,32,95,53,89,55,58,71,54,61,44,69,25,100,24,50,38,69,67,55,4,12,5,51,79,86,80,38,58,11,47,33,80,95,33,28,68,31,2,63,44,24,61,7,86,96,4,8,67,60,78,90,5,12,17,41,31,24,51,6,64,2,92,91,87,72,86,82,32,26,12,23,31,50,5,19,53,25,23,73,32,20,15,5,61,58,46,61
50,68,17,74,35,44,47,49,41,7,88,43,75,15,66,82,2,57,28,55,29,78,49,67,67,96,12,79,49,2,0,20,58,22,20,19,7,82,1,18,81,89,48,13,32,19,60,35,15,23,87,7,6,67,32,12,8,61,34,15,94,44,61,16,20,17,23,53,26,89,94,78,15,35,94,88,2,25,55,32,37,71,40,46,26,42,34,40,21,77,55,95,33,3,77,96,100,21,66,17
16,3,86,45,31,85,28,67,70,57,40,23,54,65,64,12,34,88,93,6,37,39,66,17,92,58,1,22,71,56,95,16,73,28,67,78,23,30,15,30,86,36,39,49,93,24,90,80,86,90,1,69,24,74,24,14,8,25,98,16,50,11,57,90,32,33,3,11,25,64,34,27,67,93,75,83,52,47,58,17,62,40,71,74,31,95,6,72,66,90,92,32,82,39,40,30,34,24,85,23
99,94,44,95,76,19,18,4,39,39,41,74,79,64,2,28,6,96,70,19,93,24,55,3,100,13,20,61,48,4,48,75,29,50,7,99,74,44,73,63,79,67,73,29,61,23,88,84,70,15,58,94,41,65,31,33,27,12,16,74,8,12,30,54,20,87,64,39,25,39,46,57,92,51,1,72,87,30,89,27,95,87,34,9,63,78,44,27,50,27,30,72,84,78,15,61,62,48,4,1
82,83,95,58,32,22,11,61,89,80,64,9,63,93,93,90,63,22,15,84,46,12,61,96,15,48,91,100,84,63,100,96,28,99,97,91,69,77,31,38,55,48,38,22,75,77,82,8,17,78,1,27,60,52,19,18,10,11,86,44,28,22,81,12,72,16,54,21,53,100,48,84,7,4,64,82,7,92,9,15,66,2,76,93,5,90,97,28,49,2,3,7,21,97,46,11,33,51,29,64
27,67,16,55,43,96,29,94,94,86,9,33,84,56,70,16,27,91,56,29,15,63,81,86,31,10,1,76,73,98,43,3,68,32,87,70,30,98,22,87,55,77,45,55,58,2,92,36,94,39,96,17,57,34,9,66,99,39,96,56,80,28,14,56,52,39,3,24,81,52,64,0,4,44,35,27,26,65,97,49,50,95,41,31,88,72,91,88,9,15,56,88,11,11,46,23,63,52,85,26
51,73,26,43,88,99,98,42,10,70,2,87,54,72,82,53,88,49,16,41,4,53,38,28,0,57,87,13,23,60,96,38,4,49,69,18,17,98,69,31,60,31,87,25,32,63,38,29,3,8,33,71,90,32,10,40,65,80,23,36,77,35,18,36,7,49,77,5,46,76,1,42,0,47,86,86,73,73,98,37,14,33,20,39,24,85,97,55,28,43,31,89,62,79,2,35,38,77,36,84
59,96,61,83,88,19,11,70,79,85,42,87,34,78,100,80,80,54,16,8,17,66,33,66,22,1,36,14,80,0,20,5,44,75,58,11,55,62,38,27,96,100,82,89,17,1,30,50,62,69,95,24,10,87,69,75,40,43,36,60,3,18,0,19,38,45,36,21,4,15,44,67,21,32,17,50,5,23,77,30,16,56,34,87,95,79,41,52,38,9,2,14,64,69,79,66,41,7,45,13
48,49,82,31,5,21,20,92,41,88,69,9,89,59,47,34,92,33,37,13,33,53,87,86,83,43,71,15,74,90,8,46,83,65,8,47,73,22,82,5,87,27,17,4,27,36,12,55,3,43,8,84,64,52,25,70,69,93,11,7,45,78,33,43,58,80,18,72,93,50,33,97,50,20,45,90,73,2,90,93,98,24,8,81,30,67,68,65,24,9,61,90,34,14,94,27,70,18,51,96
28,94,26,54,42,34,69,81,74,17,78,80,79,94,2,79,3,83,26,78,58,39,7,52,89,41,68,55,86,99,20,80,68,33,77,39,28,22,30,79,62,86,90,40,12,5,3,57,78,91,38,79,37,87,24,82,22,68,63,68,63,89,67,14,7,35,100,71,29,32,28,81,50,4,51,62,0,28,40,25,67,33,85,81,83,21,55,91,16,24,41,17,46,75,95,88,95,74,26,5
50,25,62,39,4,6,15,15,18,49,6,58,31,39,5,99,63,83,47,100,59,78,89,50,14,85,27,84,19,64,61,31,16,60,29,34,56,9,52,39,40,45,66,47,12,92,80,14,53,66,5,29,31,92,34,6,33,60,10,27,93,26,68,100,32,34,38,56,76,72,67,56,5,49,51,100,89,46,55,41,99,7,63,70,96,99,27,0,29,48,11,75,12,57,1,77,50,47,3,1
84,27,71,38,56,72,51,75,81,78,30,98,84,18,66,44,90,67,98,60,16,8,0,23,15,100,42,22,38,31,77,95,79,89,80,76,71,73,92,98,42,11,78,63,62,53,60,69,94,81,57,23,60,66,96,18,20,33,63,30,44,68,88,29,2,73,23,36,14,76,69,18,61,31,24,90,61,0,63,79,77,98,17,14,77,60,12,43,37,15,62,95,10,39,99,54,47,96,92,37
98,62,71,50,70,57,45,83,79,90,39,53,5,5,59,77,91,56,47,68,31,72,46,19,4,79,8,51,84,81,38,93,89,62,10,3,64,67,75,57,74,90,100,70,88,13,18,93,52,42,45,80,28,38,31,72,1,100,51,87,75,10,0,17,89,59,29,75,33,74,91,77,24,70,28,25,52,50,22,7,22,89,98,28,93,43,10,27,100,35,68,80,42,45,57,94,2,62,15,83
15,36,44,29,69,62,93,24,100,81,48,61,9,84,64,66,28,80,2,69,30,95,19,44,28,87,90,47,67,51,80,91,31,39,42,69,62,20,22,28,9,12,32,5,32,71,52,57,43,75,75,76,34,85,2,74,48,72,35,65,96,12,53,9,72,64,7,17,6,54,98,33,23,17,22,85,34,20,53,86,85,88,84,30,97,5,32,2,89,97,55,34,78,83,59,13,49,66,71,59
86,31,42,25,95,69,69,83,92,22,7,33,73,16,12,87,31,44,40,81,33,65,79,77,57,87,39,74,89,29,41,12,45,48,64,23,42,72,81,5,79,69,95,79,94,83,2,26,31,45,69,49,47,36,76,90,93,12,26,4,33,85,99,97,33,4,38,93,31,50,59,47,66,100,40,33,79,58,78,60,49,26,12,87,95,60,11,46,21,24,3,38,48,22,23,56,27,19,58,42
29,97,93,82,16,70,81,61,90,44,13,38,78,1,53,26,48,50,95,61,100,25,97,21,63,52,21,92,46,86,97,5,77,87,52,52,30,1,7,40,8,16,44,77,100,94,15,76,25,97,48,5,19,80,70,45,16,97,94,29,84,82,0,82,88,1,0,39,25,83,92,63,29,76,87,17,89,70,3,29,49,15,44,43,3,31,80,34,58,13,75,81,72,18,83,94,15,48,69,66
19,50,35,3,17,51,95,48,68,11,58,89,46,66,75,74,23,12,21,80,52,100,30,27,94,29,91,49,5,31,0,33,25,8,92,41,42,97,60,25,37,67,15,47,46,37,16,12,46,11,29,8,56,28,58,35,52,67,21,63,65,63,92,15,22,83,2,89,22,52,53,89,52,0,15,99,43,55,41,10,42,33,68,39,82,36,52,58,63,51,39,7,9,13,7,66,74,62,91,84
78,62,46,25,90,88,98,66,70,86,89,80,60,65,70,72,74,16,44,31,34,74,34,35,7,3,82,27,87,15,11,23,3,45,13,45,52,9,6,43,49,0,78,54,53,37,55,33,62,58,76,33,83,66,43,19,28,7,32,89,65,15,30,20,33,41,36,99,23,25,72,14,54,48,12,62,7,48,88,74,91,75,6,87,82,37,72,97,67,8,97,69,73,9,96,4,67,5,13,29
76,34,30,33,47,72,74,81,100,36,59,28,30,16,87,24,56,60,39,11,95,90,93,33,40,77,92,3,76,46,21,11,8,22,90,41,14,65,91,76,25,12,68,90,44,98,47,38,72,51,21,89,15,83,94,15,91,75,67,100,81,77,51,99,41,90,28,15,34,11,90,68,83,55,70,72,45,92,31,16,69,25,83,72,61,37,60,29,14,13,37,83,32,88,11,51,48,67,20,6
78,96,34,50,39,98,11,92,69,44,53,11,47,81,19,63,47,6,13,56,88,97,27,68,74,2,40,10,67,33,53,100,45,33,38,35,42,93,20,86,44,63,79,5,12,66,39,73,92,58,47,92,15,91,8,2,71,47,30,71,29,98,57,94,10,73,0,38,98,87,99,56,82,72,63,60,52,67,15,14,29,53,69,8,89,65,14,2,51,99,54,56,84,0,79,43,99,53,65,31