70,74,11,12,78,29,62,28,75,2,40,36,26,100,41,73,73,24,42,94,63,48,24,26,23,29,39,61,96,29,45,62,23,76,91,62,49,99,57,56,23,41,11,7,74,41,46,10,28,4,97,94,25,85,51,51,96,29,9,4,64,51,87,24,28,82,96,39,96,77,11,25,90,0,43,72,61,65,66,8,7,15,2,58,61,45,53,69,27,75,62,68,30,63,6,88,44,22,89,67
47,79,66,71,42,41,45,22,51,42,30,97,8,36,50,77,96,93,13,40,22,100,79,8,9,53,73,33,1,91,45,2,27,51,61,17,49,16,31,35,90,78,85,44,100,48,95,5,36,1,8,8,90,16,27,4,85,47,72,64,73,68,15,4,20,80,19,38,37,54,72,92,43,3,44,34,72,68,89,26,96,82,68,19,45,37,99,56,25,24,40,96,71,20,88,97,62,80,14,15
32,68,23,19,95,47,53,3,38,47,56,37,28,21,69,69,53,25,36,48,42,87,31,78,73,18,17,49,86,7,95,67,16,35,59,22,2,57,18,2,36,97,3,14,13,36,17,9,46,10,56,59,97,30,75,39,33,62,20,13,77,59,40,52,89,36,39,49,74,78,77,71,34,29,65,27,72,88,51,17,78,70,95,45,65,34,3,36,24,44,9,88,89,75,0,65,2,35,39,22
48,80,6,23,26,41,31,61,34,61,72,76,57,91,15,62,78,100,37,34,35,50,19,77,31,2,70,22,91,63,73,16,37,72,91,46,24,15,54,51,61,76,67,88,29,43,27,19,12,28,71,30,6,49,45,49,38,34,65,5,69,15,82,86,62,21,28,14,93,96,89,2,39,43,98,1,14,38,40,89,73,2,30,82,66,78,77,39,9,77,41,8,1,15,92,76,71,43,44,22
83,66,54,48,30,69,90,84,33,84,75,21,74,13,3,69,71,81,24,78,22,50,59,93,41,0,25,86,88,94,69,52,63,31,56,26,68,95,88,68,9,37,69,34,89,4,79,92,88,6,77,68,86,74,59,41,28,53,5,59,50,20,97,42,36,54,62,19,45,67,77,59,15,14,73,78,12,67,52,48,11,61,44,95,5,78,80,81,76,57,83,94,98,54,54,27,37,66,85,93
10,60,54,79,43,13,40,28,56,28,44,49,47,47,14,0,3,9,40,34,12,60,4,34,20,94,31,70,26,67,0,45,48,85,36,82,73,4,8,25,73,38,20,67,13,49,63,10,10,75,28,83,12,33,65,41,65,60,25,36,25,85,75,89,64,29,34,79,99,58,11,94,4,15,92,90,79,1,19,1,88,100,71,74,65,50,41,95,3,68,92,52,48,63,64,10,52,26,11,49
48,3,99,84,57,83,8,97,34,78,54,57,93,89,53,90,12,4,44,33,74,46,97,83,19,62,45,8,43,88,75,47,1,55,85,20,47,33,6,14,94,12,18,1,96,30,50,32,43,63,42,95,43,57,5,84,42,24,97,45,3,56,94,77,26,67,36,26,24,82,63,45,99,38,24,39,32,48,96,1,54,16,55,24,44,63,81,16,58,100,25,76,27,71,43,67,60,70,4,23
25,83,15,2,31,98,17,47,28,34,62,24,41,41,93,36,52,16,45,42,51,75,73,92,80,48,53,43,96,43,54,68,33,61,42,54,63,30,80,13,41,23,82,21,47,24,42,63,12,26,9,21,93,28,34,1,15,69,35,10,1,15,76,98,24,58,23,47,56,68,19,16,89,55,72,4,25,35,16,92,35,9,73,66,46,19,83,52,84,100,35,83,27,26,32,27,24,57,66,89
16,78,83,27,96,51,9,69,40,78,76,52,17,72,34,8,73,47,13,97,61,76,62,9,48,13,78,93,6,95,7,12,19,47,91,42,29,60,32,39,91,28,41,48,71,66,74,13,15,88,59,68,49,76,93,34,21,53,68,89,79,36,13,79,39,80,74,30,6,84,62,17,5,16,93,1,64,22,19,56,34,12,37,83,59,6,74,91,86,59,81,99,13,93,36,39,96,68,64,51
21,96,34,76,33,64,32,55,8,51,2,71,74,6,69,24,37,96,77,17,1,66,40,66,55,38,77,94,32,4,12,66,82,79,59,17,83,60,54,71,40,46,41,91,2,92,78,63,13,33,52,100,45,67,73,85,91,100,11,17,27,58,20,59,15,89,63,85,25,33,14,48,74,5,75,43,35,40,43,69,87,32,63,56,100,71,64,18,80,65,59,2,35,33,92,34,4,82,96,36
35,59,86,85,64,50,73,91,95,96,47,60,81,45,22,32,3,22,14,70,36,31,73,85,40,14,38,17,82,9,58,5,23,30,34,18,85,40,87,100,76,76,32,92,45,96,86,60,91,79,75,14,0,91,29,12,30,25,80,13,75,100,1,66,72,18,3,96,29,49,60,49,54,51,94,94,60,97,6,28,66,45,32,12,20,72,90,54,32,43,94,56,62,35,62,21,90,29,97,72
9,70,99,73,16,91,21,62,99,76,83,85,72,33,70,30,35,36,81,61,54,74,87,30,86,61,13,64,7,2,45,47,24,80,81,19,82,36,74,64,22,65,46,52,68,87,19,61,2,5,84,66,99,48,24,56,10,25,42,95,17,39,15,20,24,11,42,86,1,73,94,35,14,87,100,40,5,100,31,76,41,7,57,58,41,45,35,46,76,30,84,21,86,22,52,68,9,73,68,100
69,14,6,20,32,92,4,4,99,1,27,66,75,55,39,38,65,98,18,13,66,52,0,45,90,77,83,49,68,99,12,14,37,27,29,95,18,72,42,77,21,31,79,11,29,8,52,18,73,67,44,7,37,60,56,29,40,13,68,44,78,92,10,12,45,12,40,79,25,49,53,71,89,40,18,6,99,44,7,5,95,27,59,67,20,97,46,53,95,46,3,49,62,40,70,54,92,27,38,6
69,5,47,85,96,21,72,38,6,27,59,77,98,55,66,40,58,54,89,10,17,45,8,64,45,1,10,1,69,53,68,73,18,93,59,80,76,18,27,51,78,98,36,15,50,6,91,6,18,77,57,23,4,2,60,49,54,32,97,60,79,66,62,14,24,31,73,27,10,92,28,25,24,30,5,12,25,40,36,96,64,94,88,89,30,99,61,21,61,83,79,53,80,39,13,70,42,62,83,3
1,37,93,69,75,88,7,78,76,24,33,45,24,16,2,73,48,59,40,98,39,48,73,30,8,18,58,14,56,7,92,16,22,32,71,85,75,71,76,44,74,62,41,66,8,52,15,95,93,90,29,100,12,7,99,56,89,89,38,32,17,99,82,35,47,79,3,53,31,36,22,42,52,24,41,76,6,11,81,83,94,15,5,14,28,71,55,21,99,97,66,89,81,42,37,83,34,14,77,84
75,25,9,13,72,5,74,31,40,81,25,12,56,92,95,0,95,68,5,94,24,69,60,68,98,4,74,13,80,63,2,31,45,30,44,73,0,9,30,25,8,82,74,17,66,53,7,49,95,98,45,76,20,18,37,94,5,1,76,80,28,72,92,15,10,26,11,94,82,42,36,96,39,12,34,94,2,65,44,22,68,73,75,64,26,71,50,41,67,100,62,82,28,90,75,13,35,6,53,86
0,7,24,20,55,43,58,16,54,72,27,95,9,55,54,80,81,61,75,9,5,43,8,77,82,77,15,2,45,37,94,73,92,90,29,30,29,76,25,34,47,70,87,28,83,87,25,8,37,24,39,78,95,49,75,46,50,87,83,56,55,81,99,60,64,53,93,7,14,24,47,17,43,49,83,51,26,32,62,91,99,41,90,27,46,64,73,63,65,42,50,61,82,54,18,43,88,51,88,86
62,65,7,18,67,75,60,32,64,4,38,60,56,54,17,60,13,88,52,3,54,21,59,72,84,24,6,80,6,13,62,67,1,68,75,5,65,59,17,40,70,24,44,45,97,75,85,9,66,42,54,54,66,28,72,33,87,10,76,62,3,14,16,88,9,57,91,96,67,26,97,5,6,19,72,13,77,17,17,21,63,53,75,48,63,73,19,14,37,91,5,23,79,64,85,30,13,40,13,70
44,5,51,61,78,58,22,4,75,97,9,71,87,63,30,31,93,80,81,91,30,52,74,89,30,29,52,7,64,84,26,9,66,13,79,6,4,16,49,16,26,51,50,6,32,56,65,2,34,72,1,64,15,92,91,1,30,57,28,47,47,2,68,81,98,14,56,76,72,27,43,70,53,39,55,59,5,10,70,22,61,43,11,88,67,43,35,6,73,97,60,57,30,45,17,52,44,85,28,74
85,72,90,61,37,41,0,0,58,14,49,10,60,17,20,7,47,8,69,25,65,51,10,86,84,23,42,27,99,91,84,34,66,39,93,85,70,36,67,42,85,1,38,97,29,5,88,47,91,73,22,42,1,21,34,36,17,75,14,94,92,30,38,14,0,97,82,81,56,31,79,67,7,37,96,65,51,94,71,56,41,14,97,42,59,89,65,84,3,62,10,43,60,17,27,87,90,51,22,23
45,52,36,88,86,33,42,27,51,99,13,53,58,25,18,67,6,97,32,68,82,91,63,31,9,20,21,38,25,42,66,0,83,27,27,99,67,51,85,80,23,20,11,6,40,39,22,68,8,47,1,75,80,47,31,23,42,98,44,24,38,14,46,35,13,59,94,91,24,82,28,19,47,33,72,38,55,39,27,97,66,69,36,0,69,71,89,36,6,95,6,9,57,3,59,97,20,72,39,28
76,59,78,80,99,39,66,55,14,16,91,78,84,97,19,0,88,67,53,59,100,66,44,81,16,31,69,12,60,35,92,66,29,66,58,87,23,89,79,83,62,4,12,7,89,17,51,30,3,85,16,78,47,40,99,72,94,96,67,98,35,77,33,21,13,21,61,70,54,5,79,2,24,75,50,3,54,59,72,42,100,68,18,57,87,8,43,94,66,13,22,7,52,18,77,71,11,53,88,87
52,44,2,14,72,79,56,100,90,93,32,90,36,68,87,64,35,39,71,67,71,77,10,0,50,34,31,96,15,100,11,48,60,31,80,70,37,64,67,82,94,21,71,81,9,23,97,63,17,71,49,45,93,96,21,61,36,95,71,82,30,30,81,11,45,62,12,26,0,89,0,34,57,84,96,38,59,32,13,47,28,13,86,6,58,82,4,11,7,60,21,40,85,61,87,93,7,80,56,58
44,73,51,3,13,10,2,52,20,4,60,35,82,83,14,34,64,19,97,95,56,80,25,13,80,24,1,78,77,61,27,24,62,58,17,37,89,27,65,55,4,31,20,85,76,78,53,30,84,78,91,54,94,26,62,25,50,8,90,57,91,15,39,96,15,97,75,40,48,27,40,87,23,53,67,86,22,79,9,99,5,69,17,0,24,34,74,51,63,4,2,59,87,84,26,19,43,93,46,32
41,25,63,67,84,76,4,26,87,56,54,32,22,23,49,58,42,10,52,31,20,50,75,13,19,84,92,75,37,46,1,90,87,15,15,52,76,84,36,95,49,54,14,80,30,53,61,7,94,54,48,15,6,22,0,91,3,11,71,6,29,72,90,7,0,0,97,47,52,97,5,39,15,33,17,76,0,74,98,74,99,71,8,83,55,78,33,44,53,67,40,51,86,33,21,31,45,69,68,75
83,49,20,36,95,6,80,3,0,82,24,13,96,81,80,25,87,26,18,81,18,53,10,94,79,40,11,1,20,55,19,44,52,15,63,95,30,28,44,27,2,66,35,8,50,54,71,84,72,93,92,20,36,62,61,58,40,18,66,55,92,26,51,25,18,79,4,34,87,93,0,70,95,27,59,62,65,56,38,95,6,94,21,38,82,1,74,66,58,22,89,53,24,31,11,40,48,82,38,44
29,78,50,31,76,74,47,3,49,44,85,31,69,72,71,72,3,89,12,93,72,83,89,23,98,66,74,36,49,68,25,9,58,39,63,31,18,88,62,41,66,31,15,98,7,84,39,9,18,36,53,10,7,11,33,60,25,0,94,74,43,64,59,98,63,4,2,100,45,100,58,5,72,97,29,26,0,78,39,62,82,46,9,61,40,25,94,80,98,31,19,82,49,54,3,93,92,86,89,57
26,56,65,36,58,78,100,17,19,78,35,18,85,80,60,40,48,45,9,41,61,44,41,92,92,1,90,49,97,90,46,16,66,4,43,24,43,60,3,57,94,5,62,12,35,92,57,28,70,98,37,20,33,95,12,4,36,28,0,33,69,79,43,0,58,96,40,17,14,72,98,76,85,70,81,72,22,69,72,67,98,99,97,54,80,97,65,67,31,21,80,26,100,6,61,68,51,82,84,30
26,16,78,49,38,22,21,81,60,24,12,23,68,98,22,12,90,25,62,42,0,95,68,73,23,1,70,61,11,86,74,77,1,86,96,18,43,53,32,15,93,15,83,83,95,5,8,100,43,21,53,7,36,55,19,95,16,75,50,63,97,24,11,80,67,11,22,13,72,92,71,29,2,4,93,77,43,24,85,53,31,64,84,89,4,33,93,20,89,15,38,84,24,87,99,8,92,88,14,78
59,52,42,2,45,55,90,81,55,5,21,68,76,58,58,89,84,74,82,84,75,17,87,55,37,76,97,77,94,91,94,11,71,41,94,67,46,8,1,86,44,88,82,71,11,56,42,83,98,23,63,15,5,32,16,88,70,31,16,51,62,51,2,68,70,32,68,75,49,33,29,48,57,89,75,61,30,90,45,75,5,64,65,76,0,39,4,99,86,95,97,13,47,53,59,56,15,59,90,19
46,68,40,31,79,91,60,73,69,91,48,22,32,56,87,48,2,26,2,25,34,92,34,68,3,90,18,5,54,37,95,7,68,92,42,85,32,94,91,2,71,49,27,47,16,22,25,96,63,7,33,1,49,44,22,63,94,28,35,45,22,35,1,33,84,52,72,68,92,61,20,76,4,62,15,80,40,92,93,61,100,51,74,8,95,88,91,35,5,92,29,25,63,82,62,56,60,17,66,97
15,21,51,64,29,66,77,86,5,60,35,22,4,19,58,90,13,34,87,0,15,9,92,27,27,33,43,69,30,59,54,65,95,80,17,82,47,42,79,89,34,20,68,32,33,14,42,20,9,12,43,41,6,55,46,72,78,0,79,50,89,48,0,23,87,18,38,82,54,92,32,88,64,87,97,1,12,72,13,21,10,20,69,22,41,58,75,52,34,70,3,12,77,1,72,90,64,53,12,88
66,76,12,41,36,58,16,76,52,4,83,1,78,71,82,46,52,46,58,50,89,60,59,31,25,88,60,47,80,27,28,29,4,38,27,93,11,36,25,33,97,19,94,76,8,100,1,58,78,35,83,13,20,45,10,94,71,1,18,43,53,23,77,11,67,99,40,55,65,50,81,51,41,97,15,24,32,53,12,35,93,89,23,80,58,25,31,17,38,74,43,73,78,84,95,58,10,15,69,23
90,59,42,19,67,22,32,19,78,9,50,15,18,81,44,79,34,54,100,53,37,7,96,99,7,3,59,28,88,22,15,59,97,84,26,39,91,98,64,2,0,29,35,7,44,51,13,73,63,76,44,28,62,52,45,76,56,21,94,58,30,84,12,77,88,98,76,20,66,26,5,3,0,98,7,42,32,13,66,32,44,1,29,18,96,50,14,52,91,30,49,84,57,86,21,55,47,12,22,18
1,12,67,17,53,99,38,97,77,42,68,50,76,71,28,34,71,15,6,8,22,69,56,70,99,6,34,33,71,15,62,68,14,58,77,77,11,71,26,21,84,33,25,23,31,56,9,13,65,99,65,21,10,21,37,20,45,57,22,67,66,100,42,23,39,64,72,80,91,75,46,72,87,17,14,58,90,32,30,1,71,61,63,66,54,13,8,54,76,13,59,30,63,87,38,80,51,76,66,52
7,43,100,13,42,99,54,4,30,7,32,3,9,68,18,77,28,20,59,49,30,76,45,11,54,35,67,70,17,55,15,90,91,9,17,19,40,73,73,65,100,21,33,71,60,51,22,45,77,48,54,70,12,0,62,37,44,38,69,50,56,71,100,32,14,41,91,54,71,19,61,56,53,87,28,22,77,67,71,95,39,45,69,3,70,61,93,64,54,97,13,99,21,96,9,14,44,36,8,66
61,35,57,21,95,59,47,84,12,96,19,100,3,68,56,89,43,96,36,26,96,70,92,11,19,60,71,52,36,93,49,88,87,4,28,4,23,47,24,43,9,43,46,78,66,15,42,90,77,17,4,27,76,86,57,86,51,11,71,90,59,76,62,54,97,51,27,91,81,87,57,63,69,95,32,18,59,4,39,4,71,55,77,36,55,56,58,60,10,49,46,65,72,15,55,26,32,4,3,81
86,27,13,75,78,28,92,10,0,94,71,18,86,28,82,41,67,56,1,42,61,17,58,69,25,47,24,68,28,5,39,28,66,45,70,41,30,44,5,27,88,55,18,54,50,21,22,81,12,78,96,9,60,73,72,31,91,36,71,33,46,38,45,16,97,1,79,100,33,84,22,56,80,15,24,8,53,60,4,57,82,89,35,41,20,68,75,44,86,61,45,58,24,21,60,68,83,88,44,31
47,80,51,97,40,47,71,38,2,27,69,49,42,4,8,56,43,94,95,96,19,15,43,29,89,1,54,83,54,65,7,99,45,62,40,62,84,6,27,25,44,90,31,67,89,50,66,95,92,55,77,66,23,63,0,82,7,82,39,97,63,79,3,72,8,82,72,12,100,74,92,1,82,13,9,49,65,94,65,61,40,89,77,40,46,47,46,69,57,37,0,86,81,31,95,79,69,100,24,14
59,100,94,97,5,64,74,94,75,80,28,27,25,98,55,43,18,100,50,66,67,86,35,50,76,29,48,99,80,28,97,40,100,81,94,73,40,86,96,75,75,100,78,53,72,88,68,9,45,12,56,73,26,26,39,76,65,51,71,39,44,77,61,33,20,49,51,62,5,98,77,21,45,76,86,84,23,6,89,58,34,50,44,2,17,40,57,56,76,58,44,19,96,90,37,45,24,99,69,93
40,67,70,26,81,42,68,51,91,47,10,23,0,47,88,38,87,18,50,47,11,90,30,9,84,99,61,9,93,59,14,84,56,32,46,88,16,8,33,53,25,79,99,93,77,28,40,5,99,88,96,16,45,84,4,11,60,66,4,28,83,48,50,57,47,48,0,66,92,70,18,95,5,22,41,34,23,94,25,28,6,66,32,92,0,92,16,67,91,39,52,11,86,30,97,40,78,29,94,61
76,20,2,94,38,73,0,36,57,20,41,51,82,76,58,58,24,39,25,77,11,34,100,79,60,5,8,8,17,37,79,31,46,43,57,37,49,80,9,56,60,45,72,44,99,33,50,83,33,25,23,92,87,60,6,57,51,87,67,88,56,51,43,41,82,2,24,74,9,94,47,68,97,55,0,24,21,51,63,37,1,6,6,84,20,65,45,95,67,0,44,64,37,78,9,45,85,9,28,66
9,8,67,1,47,58,36,66,79,31,9,79,76,42,5,83,28,38,48,47,26,28,81,3,8,80,93,31,31,11,93,10,41,93,51,100,48,61,64,14,86,49,6,13,76,23,79,0,97,63,87,73,31,99,40,75,82,73,22,93,46,49,25,40,87,49,94,24,71,73,34,3,80,18,46,67,48,43,89,94,2,18,89,9,36,63,88,18,21,97,39,34,18,1,77,19,7,11,14,27
9,42,11,95,55,84,53,89,43,9,57,27,85,98,76,83,91,75,20,11,7,96,86,46,27,63,70,83,77,98,47,31,97,44,46,80,28,54,52,11,12,27,47,33,53,53,51,1,23,83,82,63,78,55,72,78,20,94,58,1,90,41,4,84,74,64,31,93,37,18,16,14,0,9,66,12,90,100,84,24,67,36,81,79,22,12,3,14,7,27,32,22,46,99,78,31,14,32,74,94
26,45,7,6,18,58,56,90,61,26,38,69,76,100,29,25,53,73,95,1,94,9,57,88,9,42,80,27,12,13,67,56,59,71,11,38,98,10,40,35,90,11,71,68,14,41,85,75,25,75,68,41,63,23,28,86,47,84,49,12,37,34,21,83,82,84,83,75,13,88,84,30,19,64,33,89,66,32,69,11,12,64,52,65,22,75,98,79,15,64,4,53,99,87,94,64,44,29,42,13
17,62,27,8,68,64,29,40,12,22,5,60,81,14,73,61,28,80,89,94,10,86,90,84,75,75,1,10,84,82,78,11,81,1,96,49,74,68,81,68,62,27,59,33,100,95,2,87,55,38,87,88,3,73,34,78,90,100,88,32,11,71,1,95,77,59,9,62,38,85,84,79,50,12,45,20,63,31,26,74,51,15,77,97,66,23,41,33,10,29,10,28,89,72,95,42,57,85,60,25
18,39,25,8,41,94,15,55,48,34,14,18,92,84,92,7,72,1,98,49,56,36,13,50,24,58,54,33,96,90,99,53,86,12,21,49,57,63,67,2,27,20,31,69,32,3,10,88,100,17,85,14,38,60,92,0,38,79,33,87,95,84,10,91,47,98,93,30,83,46,22,22,63,8,57,81,73,8,53,51,92,42,22,54,81,10,71,48,24,60,18,56,40,26,77,32,81,89,81,33
23,80,86,48,60,27,99,94,45,72,84,75,84,28,75,40,100,63,69,12,38,11,64,64,17,7,9,90,19,68,10,52,45,18,3,73,86,94,27,24,98,64,76,20,94,59,61,26,59,16,93,47,63,94,3,38,13,19,65,87,30,10,97,22,51,40,67,14,44,99,76,47,63,17,90,77,69,44,21,89,72,53,45,29,4,71,52,20,61,89,43,79,85,8,37,34,15,55,34,50
95,81,57,49,15,93,41,19,49,75,42,70,78,39,79,100,0,95,61,59,80,41,98,85,3,50,82,27,61,21,31,9,26,16,3,78,37,87,100,91,84,65,20,63,76,55,58,94,88,95,51,51,19,51,43,60,64,38,70,38,29,8,80,17,11,94,7,7,82,75,7,19,3,72,12,0,94,50,88,42,51,6,45,26,50,33,89,19,88,97,42,54,5,61,46,18,63,82,78,17
80,38,66,92,34,0,8,53,41,84,1,82,71,59,31,20,29,69,25,1,81,15,54,51,64,79,69,55,9,85,43,12,40,97,89,28,75,49,12,51,57,7,75,11,68,51,88,99,33,16,0,100,46,60,49,50,96,47,66,21,25,38,42,78,88,51,38,85,45,16,34,29,94,9,33,23,85,49,94,81,45,91,46,87,49,44,48,93,82,3,67,98,7,94,4,81,62,9,65,50
27,100,31,28,17,16,82,36,0,68,93,57,47,54,60,48,32,26,66,8,0,5,61,92,68,19,13,65,26,51,72,4,10,70,57,13,11,76,92,99,23,32,61,85,56,28,66,86,65,7,33,68,3,18,49,20,11,64,31,61,52,0,29,25,75,14,51,74,93,50,1,3,100,76,43,4,42,44,56,66,78,13,40,42,99,4,83,85,32,69,20,65,63,46,97,12,12,24,37,3
14,69,25,10,68,0,9,76,71,65,92,62,1,34,55,88,42,41,41,99,57,36,14,1,98,4,62,59,44,41,29,6,100,62,10,82,31,23,70,54,24,97,60,38,9,64,92,97,51,39,94,13,0,41,12,48,66,35,58,79,3,21,5,17,76,11,0,69,10,6,75,76,46,60,89,61,22,0,24,55,53,20,41,7,11,58,74,60,51,52,20,77,45,30,100,97,29,84,32,42
11,45,5,95,56,6,38,43,66,31,21,38,88,88,40,12,94,13,6,22,2,17,29,32,19,12,72,22,86,86,29,14,62,34,63,20,11,46,47,25,42,94,89,60,59,5,15,98,46,94,77,0,49,54,24,99,90,98,17,44,41,29,25,73,39,62,85,66,44,87,40,94,60,17,6,55,100,50,47,25,100,77,0,83,41,44,91,100,24,36,42,61,40,26,72,22,31,77,45,73
100,3,80,5,58,62,53,45,29,66,26,8,16,3,73,43,95,72,75,25,18,1,10,68,26,94,80,34,38,33,23,61,84,60,5,29,97,21,97,16,0,99,89,59,93,6,93,93,66,47,79,82,84,88,82,12,69,29,91,57,10,81,3,25,75,98,23,77,64,60,56,84,75,49,27,13,12,100,79,26,17,45,91,91,29,83,45,8,74,53,7,92,13,8,95,98,92,45,51,61
11,25,10,9,85,45,46,93,76,0,52,92,71,76,20,0,94,48,91,86,81,51,18,87,48,60,100,71,18,2,96,72,83,72,76,51,59,100,36,23,25,73,56,47,25,14,69,11,81,60,37,8,89,91,28,62,58,9,6,69,45,14,15,68,47,92,91,99,72,23,87,55,65,28,80,60,48,35,11,15,0,84,84,63,28,86,26,67,74,40,59,84,87,87,73,82,72,78,54,75
23,82,44,16,68,19,83,12,23,33,90,24,98,88,46,93,63,79,5,73,97,26,66,75,32,75,80,78,61,67,18,10,92,3,37,64,16,65,8,35,77,91,100,87,13,85,13,37,54,60,95,68,8,71,64,48,94,31,74,72,90,86,87,55,34,70,96,44,73,64,26,93,49,88,97,60,10,97,58,16,73,59,36,96,96,17,19,95,41,52,4,77,87,43,52,10,69,80,23,28
98,0,36,21,11,43,54,25,95,71,48,57,6,87,19,5,68,90,84,22,40,11,73,99,9,89,59,89,94,59,29,12,29,45,37,10,42,87,93,26,32,63,51,55,94,51,18,13,6,81,99,70,39,60,27,7,52,22,61,11,18,26,2,85,37,44,21,94,39,79,2,26,98,34,1,43,63,56,19,11,24,10,7,53,67,43,7,4,89,57,51,85,74,90,48,73,12,38,46,55
89,67,67,81,94,60,55,2,81,75,8,76,90,55,66,93,80,7,4,91,62,6,30,76,28,73,69,4,16,66,9,71,32,87,76,91,53,84,16,92,50,5,44,48,76,98,34,21,43,9,49,57,32,97,20,75,84,93,85,34,78,20,98,16,35,49,49,8,79,100,93,55,73,81,97,25,61,78,10,58,48,85,13,54,66,89,0,73,41,37,81,4,44,37,2,39,40,20,59,84
39,14,39,70,30,51,20,74,95,49,59,22,59,70,96,40,24,86,28,45,60,55,70,69,33,66,4,82,70,25,2,47,95,81,28,74,68,92,29,56,73,77,64,93,84,3,10,37,63,47,68,93,99,5,3,5,59,62,68,19,77,98,29,63,61,46,82,2,96,89,38,9,57,96,5,76,48,15,98,73,14,100,13,23,69,74,0,24,33,50,3,34,78,41,86,85,91,71,81,65
100,10,7,84,23,51,13,69,95,80,97,93,16,29,47,42,88,24,15,16,81,13,48,87,80,15,59,6,81,69,77,64,76,28,43,23,71,76,77,93,85,63,90,36,65,32,67,72,34,76,67,49,22,62,59,6,53,42,82,39,65,40,41,62,84,81,48,94,3,17,55,54,97,56,23,13,33,24,55,35,83,37,87,80,50,30,47,26,98,11,10,92,93,94,15,51,59,4,36,79
52,10,87,41,58,47,9,36,0,89,3,12,35,7,23,59,10,47,91,12,38,0,2,80,14,42,81,99,69,31,23,100,70,74,92,6,56,37,36,79,47,85,98,85,52,66,49,0,65,45,64,85,64,80,70,45,13,99,0,1,43,27,23,41,42,26,28,21,37,88,82,67,75,87,66,46,99,64,31,87,54,4,27,54,24,61,67,93,33,80,38,68,56,64,86,69,42,84,63,96
13,28,44,57,47,75,43,39,71,31,40,23,47,39,94,98,62,67,33,83,53,9,12,79,17,50,3,24,37,57,3,14,54,63,94,65,32,82,16,100,88,33,96,11,75,74,18,65,89,37,2,82,31,46,41,11,43,69,30,69,99,42,60,0,94,76,69,64,23,17,98,71,37,23,38,67,42,76,49,26,87,79,67,91,89,94,79,89,27,86,42,53,79,31,78,35,53,8,18,93
59,39,93,13,55,7,41,39,35,41,8,22,86,93,63,34,100,51,21,59,85,17,9,22,15,92,24,66,72,82,73,82,68,38,38,28,45,20,15,91,87,94,44,17,12,41,43,71,42,32,67,95,81,71,95,43,74,93,87,70,12,96,10,28,97,4,20,92,13,80,59,77,62,75,87,96,49,41,17,30,22,82,22,30,31,50,29,5,46,73,98,8,66,4,89,90,65,4,2,34
16,38,3,26,21,67,38,36,57,30,79,63,1,90,82,36,36,12,65,81,20,60,38,47,40,45,62,15,49,87,29,83,32,59,20,46,63,37,46,44,64,100,96,9,92,58,69,77,100,25,11,69,77,96,100,45,47,78,87,43,59,8,99,45,33,63,15,57,4,87,59,96,22,88,5,38,87,12,7,85,61,50,27,82,93,67,57,74,85,81,81,64,25,80,69,14,21,38,69,50
42,45,29,44,92,6,65,23,45,19,69,11,6,18,6,35,2,63,56,34,62,83,72,86,59,45,23,83,44,12,99,61,15,53,60,27,31,7,51,21,0,46,72,58,31,77,2,32,60,18,40,93,49,56,55,16,84,42,76,57,35,83,84,91,87,88,49,65,9,100,41,96,19,84,79,41,9,2,62,42,89,65,97,50,38,57,89,79,3,62,59,50,80,33,65,40,95,69,29,9
87,76,16,58,25,92,96,81,89,62,73,67,34,78,47,36,100,27,45,97,2,51,0,14,32,50,5,39,0,65,21,32,87,84,35,63,46,40,26,39,29,2,1,82,33,31,4,20,52,68,8,54,45,36,65,99,35,50,29,90,63,3,49,51,11,18,71,28,26,20,1,37,13,9,96,95,46,41,34,52,23,11,91,97,88,31,33,14,69,6,64,49,44,67,28,92,62,49,22,51
89,0,29,17,42,7,66,45,81,74,75,47,14,93,13,96,23,68,51,75,28,2,74,75,50,12,51,8,46,48,49,66,32,56,3,96,74,55,14,78,46,84,90,30,48,34,86,24,37,33,51,91,100,97,32,100,98,27,72,69,41,52,34,41,20,91,39,62,81,72,24,59,46,42,32,55,57,59,44,28,81,94,86,0,24,80,57,43,16,80,50,43,13,20,27,41,31,29,44,18
0,68,61,83,17,81,12,14,18,75,12,77,73,80,17,63,65,74,72,15,93,45,71,29,4,83,50,60,6,42,6,33,51,92,32,6,98,9,17,24,87,67,87,97,28,56,100,73,93,93,23,44,70,92,45,42,40,31,34,20,98,22,9,80,24,11,30,6,43,44,39,9,88,23,20,50,10,51,100,92,20,0,58,53,46,15,14,95,82,9,71,22,41,95,37,41,55,89,69,14
82,4,9,36,58,82,10,13,24,96,90,30,0,75,8,21,74,49,59,35,45,58,69,53,55,23,8,38,22,36,41,83,51,17,4,6,32,10,28,47,1,54,73,19,4,9,65,97,2,77,14,17,36,66,56,15,40,46,48,8,26,2,45,74,92,70,18,52,87,71,45,67,4,58,22,74,59,32,88,91,33,47,57,33,38,93,43,99,79,44,81,2,67,19,50,68,77,53,79,34
70,50,37,72,22,40,5,34,25,17,75,16,89,14,59,26,53,19,73,56,37,21,97,14,1,6,26,83,24,60,31,51,46,94,69,84,14,86,41,11,87,72,21,44,44,85,82,6,83,27,13,47,6,6,75,17,14,33,92,33,46,26,36,40,19,59,60,10,27,15,27,68,65,85,12,40,20,24,72,88,72,38,76,83,55,0,85,41,4,41,12,52,61,49,46,77,77,60,23,31
86,14,13,11,27,15,28,5,74,38,53,58,9,16,61,46,25,65,20,100,87,4,68,75,77,56,30,83,69,2,93,43,62,59,100,15,1,41,61,97,88,70,43,37,95,49,32,3,10,75,89,83,25,65,82,33,19,6,26,41,15,72,34,21,75,5,11,64,85,24,65,47,85,50,26,50,1,85,71,31,30,98,56,19,73,49,2,36,71,49,64,29,55,86,54,7,72,100,71,49
50,21,50,64,26,0,50,29,37,87,40,42,98,25,45,54,26,86,95,25,34,69,24,60,58,49,99,70,28,77,8,31,3,85,62,56,34,91,45,47,18,38,66,78,51,71,93,9,46,63,47,84,68,53,12,12,18,12,74,27,48,5,0,49,90,17,78,38,80,97,14,43,27,5,14,1,93,62,10,90,66,44,29,35,26,71,85,66,19,94,69,46,13,9,4,89,92,92,94,89
1,47,85,0,10,96,17,3,40,0,7,0,71,6,88,64,10,28,51,32,44,44,12,79,60,25,66,42,45,52,40,25,54,85,72,60,95,25,99,29,88,57,7,9,63,69,93,45,99,4,2,3,32,2,41,57,80,87,29,79,27,65,30,24,68,2,56,56,17,0,61,37,43,28,48,94,19,96,86,15,51,74,79,68,15,32,64,25,7,100,1,33,40,38,2,48,8,87,16,59
50,89,99,57,27,49,54,56,97,7,26,24,90,31,94,8,85,70,24,36,65,64,91,92,38,14,69,67,89,99,72,5,77,10,20,50,16,54,34,22,60,64,15,81,82,75,33,61,67,12,62,11,50,60,84,15,87,2,62,78,65,94,59,45,50,47,93,72,12,34,54,40,86,97,17,77,6,98,59,14,67,92,43,21,43,12,8,58,85,54,50,28,37,70,6,88,9,64,61,79
22,60,54,70,10,15,0,20,43,48,55,24,22,13,88,34,4,67,100,80,61,64,62,94,41,39,33,22,53,54,59,44,49,88,88,27,98,80,93,62,98,87,82,14,66,88,81,42,23,66,82,17,0,79,29,77,18,85,47,43,19,39,97,23,22,81,63,65,57,67,56,62,27,39,80,10,10,20,63,22,43,80,78,11,84,79,28,80,44,58,51,67,89,81,95,61,43,38,20,23
39,61,73,78,8,38,44,76,13,47,25,50,45,76,86,84,32,19,70,56,97,97,60,8,1,27,10,50,38,73,11,29,47,12,39,86,14,64,50,33,97,62,78,44,16,72,91,54,28,61,79,79,64,43,69,44,92,39,28,31,0,39,36,60,33,88,23,93,99,78,16,92,92,60,12,3,76,40,32,26,93,87,95,16,6,87,86,12,5,69,90,53,34,33,84,1,59,62,99,42
75,11,54,55,43,17,81,39,1,31,98,67,40,35,49,86,16,84,27,63,60,19,81,35,100,28,44,93,2,9,82,60,66,19,87,39,61,87,57,55,10,80,78,67,13,33,34,67,74,88,5,52,54,75,83,49,85,19,74,49,3,19,59,19,63,89,77,73,48,95,42,9,19,77,43,87,48,81,25,7,2,54,21,68,5,61,72,3,82,41,26,21,83,45,69,2,93,66,78,11
51,25,62,48,85,12,12,62,51,97,93,68,52,84,62,8,77,13,8,1,46,84,77,17,32,100,45,36,60,42,47,9,83,27,59,46,27,4,99,31,63,56,33,48,20,49,7,35,12,13,37,27,43,12,58,86,45,68,41,17,30,58,27,94,4,52,85,36,72,52,29,47,82,90,23,62,99,6,82,57,49,55,50,84,64,27,79,45,90,62,89,30,60,35,94,57,68,87,7,88
61,8,25,98,53,65,36,54,49,94,46,59,76,53,20,12,94,27,17,40,89,15,91,45,65,81,97,94,70,12,18,81,32,19,72,8,38,45,94,72,70,36,89,0,7,53,62,23,51,21,52,92,34,81,79,57,86,66,46,68,34,96,0,12,94,7,14,14,77,40,80,83,36,18,88,29,97,15,29,97,93,61,59,43,0,38,9,36,100,16,98,51,47,35,96,68,30,99,80,74
4,89,64,22,81,10,11,44,80,74,72,66,49,55,100,14,37,70,6,5,67,72,22,14,16,100,61,76,13,39,35,77,97,77,52,47,66,63,22,31,57,30,84,34,75,43,88,81,16,25,8,33,13,64,31,59,52,57,56,93,59,67,47,52,82,28,35,4,33,39,75,83,63,61,35,19,29,17,27,69,94,2,54,39,63,32,84,41,75,48,29,61,37,72,84,94,73,21,54,54
6,13,71,29,72,64,63,0,87,95,76,72,72,36,53,36,8,22,51,15,70,28,41,31,14,32,35,13,54,68,31,47,57,31,72,15,43,20,0,2,97,76,73,79,91,71,78,28,49,35,3,78,24,8,88,39,31,32,59,73,39,93,74,55,68,35,6,26,46,28,39,64,58,46,98,76,24,80,83,8,66,9,88,82,87,15,87,71,35,45,66,87,18,35,42,97,95,41,86,9
52,8,84,38,96,60,45,50,56,20,29,30,17,92,44,91,95,60,98,1,88,24,21,57,15,34,11,50,53,55,29,70,37,44,98,25,42,82,78,65,31,70,100,84,2,31,86,55,35,36,3,28,13,42,49,84,95,34,92,5,97,85,71,71,37,80,10,90,56,71,79,46,72,8,34,56,52,21,20,78,72,72,56,65,35,93,100,20,53,52,72,21,39,93,23,90,16,99,96,27
43,5,100,1,38,46,86,25,16,33,88,20,4,10,48,59,89,95,50,17,80,95,46,44,69,33,52,97,65,15,86,72,6,32,6,18,83,31,4,38,63,47,28,30,71,53,49,66,14,64,11,86,12,22,75,88,88,66,43,43,78,79,10,4,61,7,82,48,43,49,98,87,93,43,21,50,25,59,22,49,17,63,7,59,9,79,100,31,1,83,87,95,23,79,98,19,93,60,25,47
16,15,64,67,98,0,9,27,85,19,65,34,64,89,25,40,81,40,46,19,94,21,26,75,8,5,14,11,97,26,24,26,17,55,95,58,5,44,94,13,62,64,14,100,70,58,53,31,14,87,48,32,13,84,36,85,6,14,36,0,72,14,51,26,27,10,77,0,74,86,9,69,52,34,57,27,1,78,34,47,59,43,26,87,56,43,94,74,86,89,44,48,74,24,57,35,75,31,31,79
81,18,47,27,77,60,52,79,98,70,57,71,32,61,69,65,39,93,12,52,13,77,33,93,53,4,14,11,3,13,97,42,72,19,100,93,30,49,4,45,74,86,99,13,60,63,60,79,87,60,89,49,13,45,88,36,13,72,62,100,64,69,47,84,10,58,91,64,13,83,48,44,31,51,12,0,34,82,85,54,70,93,0,50,97,13,20,11,32,15,66,32,45,43,39,43,79,19,80,16
23,0,39,2,81,63,15,2,54,34,8,75,73,23,87,14,37,52,61,32,47,92,85,31,54,62,10,35,88,74,65,1,76,21,99,43,69,47,9,22,50,86,13,34,57,23,87,45,77,94,72,9,8,45,56,87,81,37,7,99,45,98,6,15,25,37,69,83,54,97,65,45,14,26,84,67,3,26,38,79,48,18,81,40,87,78,51,54,54,86,6,25,87,64,60,87,43,35,31,34
92,36,62,26,70,17,24,26,4,69,76,33,59,38,15,70,38,69,11,10,53,13,76,81,54,14,92,62,7,63,4,25,30,73,7,56,18,51,69,31,2,84,91,2,40,90,94,0,82,4,64,6,45,68,96,78,32,54,55,25,40,76,34,62,4,56,9,27,81,50,72,19,15,58,44,86,75,60,77,0,37,1,34,66,26,16,66,67,93,92,57,59,61,24,31,58,100,5,56,64
52,77,0,65,48,64,80,35,11,4,34,89,93,32,66,69,82,62,33,26,47,99,80,82,81,55,4,89,31,32,47,25,90,62,55,60,87,39,20,32,27,33,84,82,41,16,99,33,21,55,72,95,66,89,67,95,42,76,20,91,1,30,0,64,76,98,96,81,32,16,38,60,55,65,81,95,2,88,64,43,19,31,93,2,57,68,66,31,53,6,25,54,0,22,53,53,71,8,97,72
98,35,57,18,4,3,15,78,92,37,75,26,89,53,9,27,4,51,77,84,11,72,81,96,96,62,2,92,66,71,100,45,81,53,91,61,58,2,31,80,52,26,70,81,66,21,96,89,15,10,5,75,61,52,85,55,54,69,77,28,80,99,16,88,18,92,14,42,92,59,11,43,53,8,27,73,5,52,31,7,63,20,34,73,62,74,36,34,29,29,86,95,16,63,61,5,41,14,77,7
5,26,13,55,48,63,39,77,14,17,8,63,7,25,58,7,22,20,4,12,52,53,35,34,49,51,37,4,69,97,45,56,85,49,41,34,5,100,74,2,57,70,42,60,33,1,25,12,2,2,67,16,5,63,66,15,41,17,26,74,28,33,66,7,36,20,57,71,89,31,27,50,25,85,30,77,70,47,97,28,39,4,62,70,92,28,44,80,8,79,6,81,38,43,76,32,96,8,49,84
30,49,8,19,89,55,27,65,20,68,55,21,76,70,94,70,65,61,60,50,93,90,37,50,3,27,78,94,59,22,61,25,8,79,53,16,80,42,63,92,48,77,58,83,72,11,85,0,98,60,33,83,75,31,14,88,46,75,28,49,4,62,25,67,48,1,39,70,33,6,94,91,63,100,2,38,8,5,95,82,91,44,26,3,10,50,50,74,60,58,33,76,95,46,66,1,12,8,27,17
76,97,70,77,49,93,0,63,65,45,58,2,29,79,61,97,85,83,82,23,65,82,82,10,9,50,67,43,89,46,13,37,41,30,82,99,48,93,56,63,98,54,87,45,18,54,20,87,34,90,20,2,0,67,18,39,57,76,68,26,3,19,37,11,61,30,70,71,96,67,0,77,74,100,12,16,100,13,96,47,32,92,73,11,28,37,64,56,74,55,51,80,49,20,28,18,25,54,23,62
73,12,60,66,46,69,73,100,91,29,22,66,88,11,6,95,90,9,62,95,21,11,9,47,3,81,10,28,84,71,23,39,98,52,17,62,99,14,24,66,36,10,77,93,77,10,46,18,0,35,98,13,60,12,89,41,40,68,6,88,38,51,87,16,59,62,78,34,14,6,81,71,89,13,11,82,97,56,99,10,57,94,27,11,86,90,12,99,23,7,86,49,51,6,95,24,43,40,40,78
81,9,32,5,75,82,79,48,0,75,97,66,28,40,94,7,67,86,20,89,81,49,50,40,35,22,31,0,47,50,98,80,10,94,59,61,52,51,52,91,61,85,54,10,95,67,76,77,36,38,51,25,78,13,76,22,9,67,16,17,98,0,88,28,0,95,37,92,2,92,47,19,9,61,82,2,86,49,97,92,70,72,52,66,97,33,15,92,16,15,35,27,81,80,45,22,96,42,34,24
98,22,23,77,7,18,75,56,6,69,67,21,37,36,67,59,8,60,85,68,4,75,62,38,79,10,69,36,83,65,4,44,83,47,79,25,10,61,86,21,51,2,11,88,47,100,29,0,26,90,49,25,19,43,56,10,65,3,2,85,52,0,88,78,53,40,89,98,71,63,97,35,64,62,49,42,23,81,98,62,47,12,69,57,4,63,72,84,10,14,99,65,22,81,39,36,54,84,8,5
63,9,29,17,40,92,59,70,63,100,13,53,71,52,98,22,98,93,43,45,62,22,15,49,40,53,95,65,39,48,84,57,14,81,57,26,0,23,84,43,57,34,91,79,48,2,88,52,37,80,4,95,42,33,22,18,93,69,40,48,52,95,59,88,45,18,1,8,35,30,52,13,45,63,0,47,34,10,5,87,26,27,7,50,31,17,57,99,62,65,56,69,88,19,29,69,28,49,72,23
57,23,92,63,47,86,31,3,92,37,88,54,45,0,19,99,76,63,50,35,45,85,82,11,61,6,63,29,92,82,70,42,24,43,0,26,13,86,81,30,4,14,3,77,29,11,67,90,73,10,54,13,7,86,40,46,20,15,8,28,77,77,99,35,79,54,26,56,63,79,74,67,3,17,75,76,7,50,38,51,73,30,36,1,63,42,31,29,45,74,63,20,40,26,90,100,20,87,77,95
28,80,86,51,15,41,26,87,75,14,96,6,74,66,69,8,91,62,87,18,67,82,4,60,71,49,32,44,10,84,66,31,65,1,69,72,71,16,0,80,52,91,60,31,82,74,27,22,29,27,5,100,91,35,79,46,29,43,74,3,96,58,36,73,64,23,57,45,80,34,55,95,92,60,98,20,78,89,34,63,59,65,6,92,22,51,60,56,98,26,30,84,71,22,75,94,62,79,7,35
61,38,93,79,14,17,47,88,36,36,0,53,89,41,13,82,3,98,56,70,10,16,4,70,56,85,56,74,46,11,63,96,31,36,34,52,84,50,14,47,10,73,97,11,71,83,22,94,49,91,98,82,86,87,8,93,58,44,92,65,67,76,63,11,100,15,26,94,50,72,48,75,93,59,88,74,58,97,12,80,76,81,65,60,59,76,51,17,34,2,69,86,27,92,15,10,8,47,31,72
60,54,89,64,99,93,73,34,28,65,74,10,49,47,18,31,50,17,66,79,14,50,45,91,23,43,84,12,35,76,51,62,0,21,83,98,51,63,51,59,61,46,4,86,35,44,38,46,97,62,3,75,69,33,93,17,54,67,98,13,29,48,20,73,86,54,72,40,64,94,69,99,98,19,46,43,36,13,4,37,95,6,33,46,12,34,61,70,88,20,81,89,46,86,18,1,9,37,66,15