12,100,14,98,62,29,8,88,40,90,26,41,31,23,95,4,5,33,4,0,27,33,8,32,71,36,54,97,70,13,68,26,30,13,19,54,11,55,47,34,75,54,13,68,99,6,38,70,22,42,62,7,96,100,99,97,65,60,29,46,28,32,5,87,30,26,84,31,88,41,0,96,24,19,88,42,34,53,32,3,63,59,20,24,70,6,60,67,6,11,0,55,18,11,64,79,4,19,93,14
60,53,2,50,19,93,93,64,99,1,42,47,6,20,2,57,43,91,52,63,84,76,37,38,78,44,40,94,9,58,29,77,30,95,58,89,97,20,4,71,37,98,69,81,71,49,50,100,59,43,94,24,40,45,52,37,18,62,97,18,69,40,97,22,27,94,5,60,58,18,58,81,100,47,67,4,35,84,24,57,79,93,77,83,28,83,26,73,72,6,3,46,81,87,13,92,46,37,60,79
84,61,40,21,67,18,99,4,93,83,89,73,45,3,77,72,13,39,46,76,92,1,70,29,76,31,65,5,62,40,20,75,71,58,46,16,26,64,70,99,75,34,43,57,73,34,44,41,30,95,48,69,81,37,19,88,36,90,71,49,68,1,16,72,3,94,67,14,3,70,36,74,14,63,41,76,35,23,50,48,72,82,88,62,12,48,14,48,29,78,99,25,7,82,59,49,91,59,89,14
90,42,91,97,34,18,71,71,8,75,19,93,27,31,13,85,86,36,84,41,92,91,5,57,49,4,39,49,60,21,41,93,42,32,22,39,68,56,88,63,42,48,59,89,15,43,62,89,4,22,58,38,33,57,57,98,26,4,33,38,71,95,94,26,75,25,53,72,95,37,82,64,89,84,61,78,4,47,72,73,78,56,2,73,11,12,50,50,38,50,55,91,4,72,98,44,25,1,70,50
62,98,20,65,99,31,65,100,90,55,88,21,20,47,67,88,8,67,1,19,54,30,80,12,24,52,56,74,17,68,54,69,96,19,24,72,82,28,93,34,69,22,50,22,21,63,75,42,56,70,39,37,9,99,6,80,44,94,24,29,95,93,49,29,55,97,18,8,33,45,94,85,15,79,65,64,82,56,2,25,54,14,91,54,20,65,73,63,20,45,98,78,50,74,17,48,85,82,93,99
49,43,6,56,88,84,46,46,70,70,61,12,28,32,17,56,51,54,91,66,17,62,73,51,92,10,63,26,57,47,41,30,62,4,73,71,86,32,89,60,2,26,83,63,87,42,9,66,71,89,33,66,29,91,77,59,27,96,14,79,59,7,41,87,23,40,9,40,66,74,23,76,84,29,62,53,82,42,77,77,86,92,46,6,1,56,52,23,27,9,16,30,29,0,26,30,99,84,59,14
97,65,87,67,97,32,9,87,70,100,96,16,78,70,10,44,29,9,61,91,19,87,34,83,13,36,42,67,40,43,62,71,58,9,24,19,26,92,13,62,98,5,8,25,35,93,46,21,95,93,81,87,63,91,99,63,3,82,66,21,37,83,82,8,68,65,18,34,65,67,90,40,79,11,62,20,74,2,47,71,84,39,33,80,89,24,36,60,95,7,67,53,35,49,97,50,45,88,52,36
98,88,33,67,48,58,51,16,1,15,67,100,36,71,67,99,17,17,43,49,81,56,33,99,51,42,37,53,90,91,2,5,7,9,100,81,15,40,27,24,3,36,54,43,34,51,99,8,26,82,42,79,41,93,77,22,81,100,11,52,67,39,2,20,15,60,25,12,10,84,86,14,22,33,54,100,70,8,31,83,18,10,52,25,91,34,26,95,88,23,87,50,41,34,21,46,56,56,9,69
94,13,9,51,95,2,28,28,22,100,84,77,81,21,67,71,63,40,27,0,20,6,80,96,8,88,33,67,44,71,92,25,100,54,23,45,84,34,43,49,76,31,91,100,68,10,85,92,30,93,5,92,52,95,69,26,16,44,99,50,63,78,23,21,23,92,99,65,50,100,17,23,55,74,0,15,42,48,9,81,9,5,9,55,5,12,95,51,30,11,69,64,56,69,6,86,28,91,63,52
21,90,40,76,65,11,61,42,92,9,63,98,37,96,68,56,35,99,20,92,72,25,28,38,19,18,55,4,3,15,29,74,4,45,18,22,66,79,57,5,1,8,55,59,41,85,88,24,88,97,21,22,36,55,68,6,58,94,67,32,100,47,60,5,90,43,46,95,80,74,64,41,45,13,11,69,81,91,87,73,39,89,37,64,84,85,58,84,27,87,41,5,18,46,24,34,13,78,49,43
78,68,45,45,60,75,0,12,80,40,66,41,82,48,24,52,23,62,36,59,31,94,45,83,61,29,56,18,41,77,30,26,74,79,81,73,98,81,90,50,37,10,100,30,78,45,8,3,2,32,82,15,13,12,67,11,70,68,0,25,83,68,39,96,62,1,83,39,6,4,97,28,30,83,99,84,56,45,90,13,89,89,60,72,26,2,55,88,55,30,72,49,54,19,27,28,3,99,91,64
21,84,39,81,52,69,95,4,87,74,19,64,87,34,17,88,25,93,98,65,95,40,69,87,92,95,70,23,87,41,97,33,87,11,35,38,47,81,74,68,40,54,28,26,83,77,100,19,95,78,40,62,61,69,16,40,17,35,27,32,78,90,19,35,65,43,49,66,80,26,18,99,9,83,69,29,76,3,2,30,59,27,61,79,14,85,52,23,25,8,14,67,92,50,94,90,65,100,71,64
10,25,77,3,5,96,11,69,71,30,23,92,75,77,26,22,58,80,87,19,43,20,67,19,86,55,21,23,79,3,35,72,1,31,65,85,74,6,11,20,61,97,48,77,3,56,18,54,100,98,25,17,7,70,13,54,97,37,56,21,93,65,44,69,38,81,4,33,91,50,38,6,31,59,43,81,4,56,99,59,69,27,69,6,85,89,82,91,94,21,13,60,70,85,24,94,88,78,15,65
21,19,88,95,60,85,18,14,88,12,100,72,52,51,40,54,73,9,65,83,36,62,63,27,77,87,79,96,23,33,80,14,32,93,70,6,88,48,21,65,35,70,18,26,43,26,4,72,71,43,87,42,13,2,73,89,68,14,57,31,83,35,49,44,40,34,83,89,65,30,32,39,16,58,11,88,45,12,59,96,86,45,62,94,53,5,21,2,99,33,61,11,10,69,97,66,64,42,88,55
60,47,17,12,26,90,70,11,85,39,35,73,1,72,3,96,32,28,27,94,21,93,7,96,22,54,66,71,13,19,35,73,39,66,96,87,58,89,54,46,94,5,91,13,36,64,60,85,10,17,12,29,45,36,27,42,81,97,2,58,96,27,72,52,92,20,89,75,99,97,95,71,14,21,13,66,99,88,100,53,28,14,8,12,39,93,86,68,70,15,63,52,74,30,88,64,72,80,25,2
38,74,98,33,59,59,62,89,63,65,2,44,91,38,45,96,72,62,100,16,13,73,20,3,34,11,93,18,14,58,10,50,99,77,57,24,30,99,96,33,14,72,76,56,30,77,27,10,13,66,26,86,77,39,43,54,7,3,71,30,69,62,9,81,14,54,32,40,64,36,92,68,56,62,32,21,27,15,36,46,31,6,100,37,91,72,25,89,31,69,24,96,58,21,4,55,40,20,40,58
76,72,23,91,94,53,30,95,11,62,87,35,1,90,58,50,66,19,35,30,85,77,98,80,46,71,47,47,29,33,48,24,84,4,69,44,20,65,71,68,29,33,82,46,16,40,84,4,40,99,9,32,64,63,81,25,71,77,98,21,48,61,13,4,72,97,98,12,16,42,7,97,40,84,30,27,90,55,93,38,81,34,68,71,29,39,65,16,51,7,57,27,62,61,53,62,80,26,98,59
19,51,42,24,73,78,86,20,1,23,74,33,54,30,74,75,78,41,84,78,52,41,79,19,48,2,12,86,43,69,75,48,90,22,3,20,26,68,77,5,48,57,88,62,93,22,94,82,14,40,43,35,8,1,19,17,96,81,23,71,51,16,77,12,66,99,26,90,99,76,17,22,32,76,43,51,57,28,60,13,23,8,17,7,22,49,26,19,84,63,33,78,38,51,54,1,84,62,63,80
70,89,0,50,35,27,36,5,65,81,27,87,96,9,70,4,58,71,73,57,98,46,74,52,97,79,79,15,36,73,96,99,52,6,67,53,52,54,11,59,16,77,53,59,0,48,16,11,90,45,70,78,36,43,100,57,28,65,50,37,22,8,16,45,36,19,60,9,85,20,84,51,66,57,59,15,71,100,62,62,54,16,65,18,66,3,82,28,53,21,66,90,53,76,25,71,38,67,49,60
61,5,52,82,0,11,16,45,52,46,68,47,44,74,81,86,65,62,59,50,38,6,56,88,66,41,98,41,84,73,67,26,28,55,76,76,66,90,17,8,61,75,99,85,71,50,42,60,100,65,30,38,49,51,4,30,80,58,76,52,52,68,3,60,85,38,85,37,71,37,10,18,70,3,16,17,30,81,33,9,64,64,96,53,13,50,48,16,55,18,96,98,34,66,4,44,93,100,30,44
28,81,2,93,17,70,59,4,23,43,78,31,95,38,73,3,50,15,56,18,96,32,67,96,49,88,34,97,36,90,75,33,32,56,29,84,23,50,75,40,69,12,45,5,7,99,70,39,99,32,64,11,98,62,77,27,6,10,95,43,17,33,83,63,22,69,82,67,37,84,63,35,31,9,93,91,45,46,28,23,48,86,55,86,38,33,88,48,81,49,25,79,60,45,13,28,55,12,53,53
1,74,75,70,16,47,99,78,15,36,63,4,28,4,1,56,15,40,70,8,48,65,85,20,30,45,13,0,49,24,72,41,78,76,21,64,84,58,98,82,25,89,8,41,12,40,94,58,73,53,33,56,40,2,74,16,24,21,50,3,65,46,31,43,59,41,31,100,66,24,80,72,64,13,57,13,71,30,90,22,27,95,2,20,23,71,36,10,70,59,22,36,73,89,62,9,48,61,49,96
15,97,92,88,68,17,24,58,94,59,38,3,50,63,20,62,91,3,38,37,31,80,93,41,25,27,34,66,14,20,58,82,21,73,58,49,63,64,25,64,10,42,38,51,9,39,72,12,73,68,19,20,30,86,91,1,68,0,97,73,24,59,16,63,100,74,74,89,42,67,25,22,18,8,60,39,39,53,22,78,94,5,66,39,37,21,3,37,23,39,29,42,23,87,53,15,68,47,57,69
34,19,54,97,60,76,36,86,79,22,100,53,8,9,62,98,68,79,6,96,28,69,76,30,65,52,1,8,3,32,6,35,90,57,54,83,1,9,86,99,75,27,66,42,49,96,12,94,50,25,90,58,63,86,81,65,42,6,54,31,33,44,95,52,76,62,86,41,86,98,59,45,37,34,39,80,36,59,33,60,27,95,78,76,37,82,90,46,2,30,85,98,16,0,12,34,72,52,78,64
57,90,42,69,63,42,23,85,67,50,44,20,63,15,21,94,17,77,93,17,68,40,59,68,21,65,51,24,99,89,25,74,2,29,40,19,34,66,71,34,38,19,22,84,27,39,56,54,86,40,23,87,91,26,74,19,73,43,3,18,51,6,1,76,20,44,55,82,74,57,31,27,81,72,31,49,52,38,36,70,75,62,42,48,5,61,74,82,59,85,2,4,65,23,27,91,59,34,95,61
74,91,11,32,58,63,43,80,27,45,1,0,97,23,5,13,28,45,60,37,88,83,20,66,39,7,32,11,65,34,54,1,10,73,20,94,24,81,43,64,45,37,32,82,72,49,42,41,30,22,65,5,82,20,51,41,70,42,72,9,49,43,30,34,3,95,71,65,60,89,84,43,22,79,85,3,43,98,22,96,74,55,39,78,46,98,76,82,43,71,39,45,18,99,17,40,93,80,69,65
20,37,1,43,65,57,24,26,11,43,40,32,84,9,90,56,33,9,59,25,80,3,90,86,63,54,21,66,16,20,50,53,37,38,96,24,39,68,22,44,3,7,19,11,90,82,56,97,41,71,20,65,26,88,71,13,92,90,59,75,21,42,77,65,59,11,26,33,72,60,70,22,86,89,88,71,43,78,37,91,16,32,73,12,0,60,95,59,60,58,47,7,49,82,15,25,44,28,21,1
71,87,99,19,66,39,0,37,17,85,93,84,100,0,5,57,83,52,84,14,65,16,99,49,27,50,90,32,85,47,97,4,52,63,12,87,3,39,48,96,74,30,42,34,79,42,48,9,60,96,41,37,1,23,67,28,70,9,78,49,37,45,60,13,36,28,93,56,40,97,57,50,63,49,3,82,32,1,15,84,65,13,17,43,67,94,26,42,52,5,20,41,50,36,10,25,51,57,75,57
44,8,50,100,27,18,70,6,82,11,11,99,28,61,22,9,91,1,89,18,59,85,45,0,75,74,76,80,11,21,46,30,6,4,8,22,43,25,48,78,49,23,83,27,53,29,23,65,68,5,13,88,26,6,16,27,37,42,31,18,33,73,85,60,24,45,85,27,78,49,10,86,72,44,42,30,55,64,53,93,53,43,2,75,13,23,57,56,79,42,21,82,81,89,61,43,47,74,99,34
39,81,66,54,52,82,98,38,62,50,33,63,21,8,75,25,29,46,24,22,6,71,73,24,96,41,73,69,25,69,11,93,96,89,1,80,87,12,1,7,56,98,67,74,70,62,79,27,0,1,40,10,95,7,2,13,28,91,83,20,100,31,71,42,33,68,14,48,48,44,45,88,24,79,19,9,67,59,95,56,70,6,21,1,98,28,37,30,29,91,9,10,29,84,39,14,18,86,95,10
50,93,25,34,41,62,79,82,88,46,90,84,93,74,68,53,92,88,11,95,99,47,15,76,37,87,60,85,10,25,34,35,94,69,69,84,85,84,74,30,88,65,97,44,24,48,85,61,4,86,11,10,7,86,13,71,25,24,98,73,74,0,68,98,99,5,94,0,69,21,96,71,81,56,74,29,97,19,66,16,57,76,47,39,62,7,69,63,78,72,8,23,39,3,72,39,25,87,19,1
65,26,62,31,27,45,55,67,35,45,100,78,37,56,63,59,57,80,47,26,42,47,9,26,32,26,49,15,52,78,40,16,27,96,9,34,28,50,94,11,78,12,9,64,84,10,75,80,16,22,43,84,83,0,60,48,95,85,18,93,74,11,99,8,62,20,59,69,69,57,88,15,82,17,84,95,16,20,66,87,18,43,2,75,50,35,14,72,47,30,71,54,6,71,0,83,65,7,17,42
64,43,13,24,96,88,87,26,27,75,68,89,46,25,34,70,95,5,14,39,32,63,65,33,2,34,97,56,37,31,49,90,95,65,75,37,8,69,72,91,40,1,4,11,19,50,2,59,48,46,61,10,23,34,22,93,36,12,20,1,17,69,81,39,30,77,93,37,34,46,57,23,74,31,70,34,17,12,41,11,5,80,84,43,81,34,6,39,83,59,86,37,71,33,52,3,15,51,75,4
97,5,29,51,19,97,62,29,28,98,64,49,65,21,20,3,37,3,80,47,52,12,25,78,39,15,88,95,8,16,23,42,98,77,19,99,31,66,30,47,82,46,86,69,50,2,42,19,50,69,81,43,59,27,45,50,14,43,68,69,67,52,46,7,82,35,55,27,0,87,0,35,21,9,47,15,54,11,96,97,24,15,47,90,57,34,40,74,44,59,54,84,17,93,26,4,10,12,70,30
88,27,44,69,47,34,16,17,93,25,58,91,35,36,77,100,51,27,91,76,74,7,53,19,41,52,53,21,68,29,29,74,86,84,67,81,0,59,98,7,67,77,81,15,20,80,70,88,48,17,68,48,37,76,31,8,45,2,31,12,62,22,15,46,62,10,73,69,44,93,20,1,76,73,33,19,57,63,44,56,87,59,99,80,75,33,14,76,89,16,59,18,49,79,72,63,0,27,5,19
16,63,13,52,39,25,16,71,95,11,96,39,62,85,94,34,34,89,77,9,29,48,75,20,54,16,31,21,53,66,55,86,78,10,35,18,4,74,39,26,42,62,92,48,87,51,15,29,48,77,81,61,57,84,51,44,82,48,53,93,23,87,56,52,12,69,26,51,23,34,63,90,10,5,98,76,86,80,49,81,15,63,79,57,90,58,72,97,33,89,36,58,43,10,63,82,47,87,99,28
56,78,57,80,70,97,20,91,45,44,69,36,1,76,99,76,2,85,20,39,37,61,27,33,58,40,11,65,64,19,86,8,15,16,33,39,18,22,81,83,51,52,33,81,44,53,19,57,69,38,26,19,84,29,90,47,51,61,49,14,14,77,8,92,60,82,7,20,51,61,62,82,84,71,59,33,83,13,95,32,36,39,67,70,21,73,73,62,78,58,44,74,96,6,63,40,70,54,21,11
69,25,33,18,72,60,22,9,94,81,40,17,70,8,56,19,23,44,58,57,14,55,16,31,54,91,65,83,52,34,25,74,22,73,89,0,35,78,75,60,35,15,100,72,69,82,81,81,92,61,48,6,12,53,60,100,62,86,70,52,94,50,82,17,88,93,15,11,40,42,40,27,36,64,58,23,13,92,6,83,43,98,21,95,60,40,22,69,24,60,87,17,91,83,30,48,72,67,56,32
71,23,41,52,92,41,65,12,44,99,94,28,12,60,75,27,87,20,7,97,73,90,1,66,51,85,59,75,35,13,89,76,92,97,75,57,82,77,46,86,24,56,72,29,61,93,55,72,12,89,29,34,52,32,53,30,63,61,81,22,74,51,86,16,10,69,78,30,65,12,10,25,31,43,77,88,8,83,10,40,30,31,56,49,84,24,43,89,76,74,16,43,20,64,10,50,37,77,62,79
40,89,23,66,17,8,85,92,78,21,21,27,95,89,93,2,81,89,81,0,80,14,24,68,29,61,99,72,19,70,37,59,56,88,40,29,81,39,82,24,14,14,43,4,99,8,21,71,69,85,89,68,64,82,65,26,31,71,98,84,74,88,80,96,20,33,9,55,49,99,85,54,37,82,22,27,1,21,97,44,6,38,7,25,66,13,34,95,57,65,76,95,76,84,32,34,40,94,54,47
87,67,70,98,4,77,22,75,5,11,93,25,65,44,91,8,34,41,80,32,43,65,73,13,75,30,29,20,96,2,50,26,71,68,49,47,46,99,99,19,35,42,79,94,21,86,68,65,58,94,59,2,66,94,16,11,33,87,38,12,95,11,24,73,83,23,11,49,74,31,84,43,68,3,39,77,60,47,20,10,38,62,82,5,100,73,49,79,67,91,82,82,98,53,0,18,77,32,59,38
72,9,37,61,81,92,74,57,14,12,26,18,99,11,46,88,31,45,83,58,35,55,53,43,2,57,73,28,51,50,83,96,45,80,53,99,50,5,59,2,33,50,30,88,10,58,99,24,57,62,60,9,62,73,66,8,9,9,2,38,54,71,91,6,36,56,72,95,29,30,69,3,42,54,3,45,10,71,95,51,90,52,41,29,77,48,15,29,90,8,13,65,65,29,27,95,96,79,56,96
36,30,33,89,17,62,94,67,24,28,27,12,54,12,56,80,39,98,25,88,5,78,20,2,21,17,11,50,28,46,15,4,60,39,11,74,38,69,25,4,58,23,98,3,72,67,34,89,58,65,19,47,18,81,78,11,85,50,43,4,63,46,30,4,61,85,26,79,29,78,81,92,57,83,97,100,49,76,100,36,3,30,54,41,60,44,49,50,0,3,86,28,73,11,91,26,0,26,68,99
24,27,28,33,83,96,61,30,100,64,77,90,59,86,16,77,85,47,59,87,73,55,31,27,70,44,44,12,97,50,65,26,32,75,46,3,45,68,50,67,55,65,49,40,49,61,19,43,91,50,26,56,18,98,83,60,94,22,9,58,42,3,24,40,31,32,28,5,8,93,95,32,69,17,61,36,91,30,47,77,83,39,76,3,38,60,25,25,63,62,89,86,33,64,60,23,19,99,66,86
60,66,81,98,62,41,80,70,93,6,27,4,13,8,31,87,41,61,49,16,38,57,70,12,57,16,73,65,69,38,59,2,73,88,28,0,56,27,33,77,94,38,35,38,10,75,66,24,81,62,34,94,94,87,40,32,22,57,47,47,16,74,81,88,23,92,72,14,15,82,38,34,3,9,99,44,5,97,49,77,19,55,28,9,53,69,2,25,42,18,44,69,84,56,58,25,39,1,70,68
78,43,38,49,4,95,18,13,57,10,72,43,28,94,76,65,68,93,56,93,90,32,16,49,52,6,59,60,8,44,54,92,45,46,38,51,88,52,15,58,49,84,68,31,13,60,77,85,11,38,46,54,59,52,47,75,37,11,48,31,42,100,16,61,78,29,32,89,74,74,84,28,49,2,85,86,11,42,75,27,48,45,70,47,29,55,55,36,40,22,94,3,4,13,14,68,18,28,45,25
10,26,19,75,50,36,0,14,35,11,58,87,56,26,21,9,36,75,36,20,73,26,3,22,89,11,82,42,69,63,57,71,54,30,1,55,87,28,93,54,7,1,68,0,42,68,83,61,69,88,2,29,8,68,67,8,93,62,8,32,59,3,69,41,94,99,25,87,8,29,69,13,5,74,34,71,4,7,89,13,88,86,68,41,38,74,90,82,23,82,42,19,24,8,96,28,100,94,51,97
49,73,99,4,17,54,57,67,36,7,2,1,15,78,54,31,43,30,59,21,86,70,41,67,93,30,66,63,30,96,3,54,90,45,24,47,6,83,59,7,42,81,30,64,84,1,64,48,91,60,9,97,18,6,80,96,37,20,2,73,47,74,48,25,73,29,15,3,5,84,53,81,82,70,78,90,47,92,91,66,50,73,92,73,35,43,40,58,4,48,44,89,62,81,4,96,98,48,42,0
33,26,25,55,20,58,27,46,99,37,2,28,83,11,88,57,49,16,20,63,60,55,56,34,25,31,83,55,89,6,96,8,44,61,86,47,11,95,49,91,58,8,97,55,70,57,31,70,63,95,29,56,35,42,94,29,80,76,26,17,33,66,51,1,86,3,33,63,24,55,70,44,43,94,74,84,97,24,53,42,74,29,83,49,32,49,97,75,99,84,53,88,68,35,37,38,44,100,25,75
17,62,43,25,80,5,50,70,16,45,88,86,86,16,81,28,64,94,39,15,99,96,100,12,13,43,33,52,99,31,69,78,0,82,27,62,89,29,43,2,8,55,67,79,13,54,4,86,82,83,9,44,8,91,80,77,46,58,74,82,59,94,24,13,7,16,87,66,41,63,40,3,79,61,39,0,10,21,47,71,36,88,98,9,28,58,52,28,36,80,57,26,36,40,92,21,36,8,69,84
56,20,56,100,0,55,99,54,8,55,75,70,88,78,20,17,66,68,12,22,72,81,55,57,46,97,97,59,46,58,29,70,43,93,47,18,99,54,43,86,60,49,7,41,13,90,55,38,56,92,80,58,77,45,42,98,98,6,72,26,8,73,55,37,96,7,5,10,84,51,4,50,68,1,68,18,79,96,3,83,16,95,87,25,23,69,33,70,34,100,72,72,96,14,93,19,57,94,55,28
30,48,68,88,50,16,92,38,59,19,11,0,62,74,27,47,46,31,83,50,81,83,98,30,51,65,87,23,46,18,17,14,97,39,83,0,83,20,69,27,99,66,53,77,62,90,35,98,59,97,94,24,11,99,14,75,26,24,8,70,93,65,73,39,90,41,20,89,34,85,50,47,70,12,5,2,79,16,11,92,52,95,99,84,92,84,27,92,88,61,15,57,21,62,34,60,52,15,31,35
95,19,34,28,96,51,71,52,90,30,95,4,58,9,78,0,29,64,38,41,14,89,50,38,91,4,17,90,3,59,4,64,71,98,10,88,84,15,12,36,67,71,22,78,61,76,31,14,40,48,85,58,61,95,39,94,61,21,10,77,9,49,26,78,44,51,68,27,90,44,39,97,1,12,29,10,61,89,16,89,50,23,37,44,8,81,92,76,32,99,48,23,6,76,42,79,69,30,41,87
38,20,55,32,82,10,33,70,17,7,86,68,53,19,98,4,51,67,32,78,35,23,94,42,56,93,0,34,33,98,95,0,25,66,43,63,4,52,76,70,7,64,24,62,18,36,48,13,65,26,32,5,50,45,83,85,36,9,48,6,31,21,78,10,80,27,40,72,97,35,52,75,26,29,38,4,74,61,49,87,53,4,22,95,46,54,88,43,36,74,13,94,20,46,59,11,8,47,73,40
10,46,48,5,33,52,78,15,16,22,74,58,75,79,39,87,46,51,0,13,44,47,52,65,100,72,7,34,42,92,13,70,11,6,66,91,85,71,65,20,93,93,99,40,65,8,21,96,15,76,91,94,14,39,46,63,24,9,40,22,87,68,44,34,1,64,91,62,45,15,85,59,90,30,63,23,7,74,15,90,83,68,76,38,14,97,44,52,36,60,45,92,54,84,36,49,61,10,42,42
13,96,74,65,35,76,36,73,25,84,41,75,72,29,81,64,19,99,32,77,4,28,99,43,40,34,11,99,42,7,35,87,97,28,62,11,9,46,2,38,68,25,100,91,72,37,3,37,71,5,1,60,52,68,48,41,23,39,9,42,29,24,13,75,5,15,62,99,85,30,4,66,71,83,31,78,79,4,30,42,44,54,79,13,79,56,12,66,74,78,42,35,7,82,65,97,61,57,83,40
71,68,96,43,8,82,88,71,44,35,49,12,24,65,29,9,12,36,79,77,39,74,68,32,61,7,25,74,25,55,84,21,79,23,22,70,59,92,69,39,31,38,46,68,5,36,52,53,53,81,63,92,5,19,80,66,4,79,12,63,3,31,86,37,5,10,77,0,99,70,94,19,42,61,21,86,33,13,93,2,73,58,82,35,46,39,7,79,63,77,33,29,21,38,26,26,7,57,5,46
34,26,86,47,18,18,44,13,74,75,49,65,20,18,90,94,89,70,23,100,80,78,17,58,77,86,68,36,16,0,81,91,31,26,33,38,14,51,55,69,31,2,60,25,13,51,43,36,70,16,23,83,35,75,31,67,41,91,79,100,87,68,72,58,10,50,91,81,28,19,29,52,30,99,59,67,4,78,28,24,98,87,9,53,65,29,31,86,65,26,36,8,56,45,19,67,20,88,15,31
69,76,1,37,27,98,81,25,52,55,65,27,3,17,22,93,86,20,69,78,40,38,61,54,86,10,53,69,70,85,46,2,47,61,15,13,51,74,2,9,33,24,68,73,10,61,88,32,25,30,52,0,46,95,92,53,50,95,55,78,30,13,63,52,84,79,50,81,36,50,85,60,14,47,52,39,53,97,35,89,6,44,89,93,74,36,45,10,75,38,95,63,45,27,69,66,83,36,26,11
89,59,78,47,91,14,83,53,29,85,37,20,35,4,1,21,66,11,78,93,84,11,50,89,12,19,99,66,52,78,75,52,29,87,90,13,54,3,66,69,3,10,91,42,38,93,19,58,12,86,41,42,6,48,70,56,24,75,69,22,92,57,38,32,53,27,100,60,37,15,9,52,84,48,40,56,44,35,60,34,3,40,78,62,80,49,52,72,74,15,67,77,45,34,51,84,66,82,45,83
82,97,68,7,68,46,1,42,35,33,59,83,62,96,50,18,37,78,58,63,74,35,47,10,81,20,83,92,45,87,47,55,38,86,34,36,2,84,51,27,68,61,69,76,63,12,1,89,70,9,16,72,50,23,95,27,89,65,40,74,72,49,63,0,94,95,81,43,43,21,17,81,82,75,94,50,31,78,70,59,31,67,51,95,30,16,3,53,75,8,78,39,45,3,59,41,29,10,99,91
36,9,63,39,27,50,51,90,100,37,65,71,15,47,10,79,79,63,26,47,76,48,18,33,0,13,68,33,25,48,20,76,55,42,55,42,80,100,3,41,85,38,68,26,47,63,62,49,15,40,22,16,76,96,92,94,54,2,27,67,92,15,5,50,90,76,91,23,29,81,97,58,44,25,77,24,81,8,70,61,80,21,87,79,79,13,0,15,77,50,17,51,14,53,31,54,66,45,9,17
48,33,31,93,27,12,32,48,53,12,42,96,99,50,39,32,62,85,82,63,85,80,88,76,76,0,80,49,41,94,37,35,51,96,60,76,67,11,64,4,85,46,38,76,67,82,71,27,15,79,68,78,89,0,12,82,90,53,49,5,57,18,77,17,60,9,33,28,37,44,7,7,3,46,21,50,8,12,66,71,87,31,24,93,72,53,80,55,30,32,97,22,26,85,57,84,99,18,34,17
76,78,54,71,94,61,42,35,9,58,4,46,58,62,19,54,58,3,16,67,80,48,26,66,39,48,98,65,46,98,1,50,58,28,51,95,44,95,17,5,1,62,12,10,2,83,100,79,34,74,94,48,62,24,2,34,65,84,47,93,38,88,46,11,93,49,19,32,10,1,49,45,57,60,99,100,13,27,62,48,76,91,68,34,92,49,35,47,10,6,3,76,65,78,68,79,55,90,69,42
44,10,18,68,51,35,14,24,76,22,26,76,65,81,3,27,44,23,13,49,95,58,44,0,44,75,19,22,92,31,89,92,66,94,49,59,20,87,44,56,59,75,77,19,9,73,47,90,36,30,58,43,38,85,12,9,73,24,24,3,1,38,45,44,37,26,8,3,75,90,18,52,53,68,72,46,93,82,34,53,47,36,50,12,84,12,65,16,86,6,48,92,15,4,55,88,57,76,2,83
9,99,36,49,17,88,32,50,67,60,15,7,34,50,28,31,84,86,12,45,13,39,81,22,52,86,82,33,3,58,51,25,96,12,11,45,28,22,37,64,73,74,46,93,65,0,72,91,99,56,17,3,1,70,15,22,27,46,82,58,91,16,98,72,85,87,90,70,47,39,20,50,22,88,84,100,19,32,65,92,80,100,41,56,43,35,63,44,75,47,39,18,79,88,23,10,64,87,68,39
59,76,24,68,30,93,50,34,68,29,8,57,5,67,35,50,86,55,81,48,50,0,0,46,44,43,26,66,18,9,31,72,18,100,22,68,81,81,25,67,11,10,97,18,98,25,63,44,88,12,28,45,59,96,48,16,62,99,35,6,38,98,27,38,66,48,96,83,22,26,10,35,29,64,78,57,33,11,87,71,73,99,13,20,74,73,82,8,29,31,4,6,42,59,58,10,19,79,11,64
17,58,31,33,58,66,22,15,60,25,97,35,10,29,90,82,87,56,56,29,64,15,32,17,33,46,100,1,76,41,84,60,2,100,61,22,63,29,51,85,25,63,83,38,71,70,5,87,35,47,65,92,51,45,8,68,82,17,57,46,66,49,27,26,70,6,5,93,6,89,44,63,69,89,25,76,99,86,95,66,88,7,24,75,68,69,45,29,16,70,32,34,98,55,72,70,85,9,57,37
18,14,38,62,80,2,8,99,37,86,23,20,53,17,93,43,27,36,43,49,66,47,75,14,7,45,20,59,49,53,14,70,55,95,82,58,67,6,58,63,18,4,73,32,42,54,9,79,36,85,40,38,68,85,97,94,48,84,2,11,6,100,49,50,72,36,24,44,87,93,53,77,3,34,78,0,55,9,100,38,78,30,46,61,0,43,14,83,58,100,25,0,29,66,14,18,66,22,49,58
92,90,59,44,84,3,16,99,1,52,22,74,95,69,75,9,60,76,64,66,10,29,20,36,78,61,14,55,72,16,90,78,67,96,60,12,83,51,87,11,98,69,89,85,96,83,38,62,94,36,12,68,1,51,91,60,11,46,82,92,98,8,47,95,85,35,90,99,63,58,5,53,74,70,56,90,80,94,18,24,11,51,26,29,86,44,42,95,72,68,33,72,9,11,12,69,70,52,40,22
34,11,83,96,74,9,22,11,38,56,87,40,72,30,26,17,61,56,38,5,21,21,62,47,26,55,72,17,48,8,13,6,54,25,54,22,34,98,81,55,28,67,6,81,51,95,4,66,1,28,37,35,12,77,33,29,83,55,64,5,54,7,7,62,52,97,89,41,13,46,100,94,12,41,41,59,15,53,35,94,20,72,40,43,41,14,50,82,66,28,46,22,42,2,35,1,0,45,53,74
18,32,48,68,50,19,32,57,22,22,32,77,7,20,34,4,97,0,96,19,74,91,18,70,64,37,6,54,80,52,35,29,68,45,26,92,60,39,92,38,65,25,95,65,71,36,84,22,26,82,56,49,4,74,40,47,73,86,50,14,35,67,52,48,1,83,85,35,50,42,46,70,91,95,79,21,49,48,25,48,62,54,15,76,22,36,73,21,76,95,66,65,78,94,19,25,1,53,80,40
84,25,63,40,86,59,100,57,53,8,76,82,27,13,93,43,39,26,37,2,95,89,9,50,70,1,64,21,98,12,6,46,13,60,5,24,39,29,87,93,44,76,71,61,11,96,11,80,12,64,51,16,42,67,41,9,4,18,71,41,72,6,62,28,30,68,69,88,98,77,8,1,42,82,62,1,22,87,42,44,65,13,68,99,46,69,7,76,84,5,99,82,26,30,14,31,40,99,53,80
24,85,64,34,9,34,8,6,89,15,53,52,22,35,84,70,32,42,67,95,63,21,7,60,31,97,40,41,93,65,34,21,90,82,21,37,11,40,49,79,67,24,47,21,31,36,96,74,64,15,35,89,69,64,72,47,99,37,40,52,23,99,41,49,75,11,78,44,98,48,43,65,4,94,77,72,98,16,32,24,20,52,37,67,48,64,27,48,39,70,31,76,14,81,79,94,86,38,6,19
82,65,91,65,1,51,83,100,46,13,63,14,86,34,53,86,31,12,91,96,46,1,57,92,99,78,89,40,82,80,15,2,79,5,78,39,60,33,10,78,6,86,2,38,0,63,33,98,8,89,50,54,82,43,66,41,41,95,30,46,29,49,68,30,81,41,3,12,73,82,65,0,83,42,6,31,82,20,29,10,9,37,67,52,79,67,0,64,53,77,28,87,91,24,55,90,36,71,13,78
31,61,78,26,43,43,15,20,48,77,88,20,70,59,72,76,16,14,24,83,11,61,54,53,24,58,39,22,19,38,84,60,1,56,55,83,63,22,2,74,42,56,31,98,73,88,28,53,25,55,75,54,90,30,24,20,51,97,67,100,22,80,46,4,64,34,94,27,81,99,70,10,35,9,65,27,18,45,93,53,8,66,6,35,63,100,93,44,25,19,3,26,60,37,91,0,24,75,89,86
29,65,70,53,20,17,99,35,91,99,97,100,93,85,26,35,69,57,32,14,79,99,8,31,44,76,16,10,96,80,18,1,23,63,81,37,100,52,80,86,62,95,69,21,19,15,15,68,43,68,2,13,9,94,72,28,5,63,98,66,47,17,17,93,25,52,80,92,32,10,29,39,57,71,87,15,90,58,81,28,78,77,60,4,40,43,14,28,76,65,26,98,85,55,41,87,70,12,80,26
16,99,47,54,17,100,22,5,50,70,89,73,52,3,29,11,19,96,55,94,10,3,10,79,1,64,57,10,25,32,20,11,89,63,76,42,96,62,15,44,33,92,33,41,17,20,78,40,90,31,1,8,80,76,50,43,34,21,75,63,38,77,66,32,3,69,22,24,97,81,33,92,4,13,16,1,87,79,20,49,18,38,38,82,89,46,36,82,19,86,93,10,73,10,37,23,0,23,68,99
86,100,11,86,50,44,58,71,0,36,36,96,35,70,67,24,81,17,60,23,81,17,83,77,41,16,8,72,53,99,99,12,100,74,12,70,8,94,93,81,18,97,20,27,13,25,39,98,92,53,32,51,100,24,64,46,76,89,31,55,16,47,34,99,75,15,31,99,40,83,45,82,47,66,94,90,76,59,88,49,29,62,25,36,41,24,28,62,68,1,40,23,90,95,0,17,63,20,21,93
47,17,57,29,62,83,50,13,30,82,94,45,58,9,2,38,69,1,31,25,57,2,65,52,16,63,76,78,60,53,66,13,5,75,87,64,59,51,75,71,36,9,39,30,50,46,9,27,10,37,36,47,4,22,58,37,45,83,22,37,52,76,100,4,73,6,58,68,95,39,20,90,49,73,27,85,37,48,73,49,72,46,0,66,78,55,63,51,45,71,92,47,6,44,17,85,1,94,52,87
25,100,60,5,63,83,14,29,96,28,100,19,5,18,24,56,85,4,39,56,4,88,61,70,84,63,79,25,16,100,23,79,49,83,93,97,29,93,8,22,65,90,98,83,94,58,77,22,64,72,28,32,73,93,49,75,1,1,87,6,83,87,42,30,39,39,26,10,31,51,72,63,1,10,40,30,75,33,85,55,89,45,66,14,52,57,50,38,91,8,80,40,86,43,50,17,17,13,86,19
79,25,27,20,94,13,53,27,92,52,69,57,49,35,81,61,30,57,70,72,45,39,35,100,37,1,74,49,80,16,29,17,73,77,41,30,11,29,90,59,82,41,20,13,24,62,36,81,15,28,37,35,20,42,85,45,55,61,62,20,9,22,96,92,19,90,93,27,34,91,56,97,98,8,48,14,63,38,52,74,69,3,1,64,2,75,88,59,21,52,67,77,1,21,73,89,34,39,26,24
53,45,25,82,80,24,69,43,1,69,77,54,92,82,95,76,75,74,57,68,53,41,51,32,6,44,90,93,92,77,70,14,26,37,76,65,57,76,12,72,71,86,88,95,92,53,20,27,69,100,92,95,75,54,56,94,60,47,13,99,6,70,47,31,43,17,19,93,76,61,99,96,61,67,16,55,56,44,26,83,21,46,82,91,81,20,92,51,30,89,56,32,70,12,43,24,76,72,96,14
56,7,2,59,38,51,85,99,93,92,62,81,8,17,56,50,32,15,55,53,85,67,84,64,72,6,69,1,75,38,75,20,34,87,91,71,61,13,66,24,39,25,68,70,85,39,80,35,58,91,36,41,40,84,59,30,77,48,0,70,9,33,2,3,56,17,97,39,64,75,16,76,66,38,39,28,23,97,9,13,79,8,71,14,15,2,29,24,2,88,74,42,18,45,21,39,16,93,82,30
34,100,33,16,83,56,58,18,91,32,49,46,25,2,6,4,18,39,68,69,71,26,56,60,11,16,81,27,17,59,19,19,16,24,76,47,79,64,10,8,82,11,31,91,93,55,35,82,8,15,38,22,31,92,18,49,88,45,13,8,67,9,29,70,10,99,59,76,62,99,69,11,37,85,100,48,82,42,22,37,57,89,55,100,93,95,10,43,66,90,80,42,94,34,4,4,46,98,97,34
86,57,55,34,77,93,95,7,43,67,69,28,62,5,76,36,46,35,11,57,1,23,25,83,55,71,5,95,17,12,57,34,44,75,63,43,15,76,50,69,90,90,48,45,43,4,87,30,83,35,35,36,35,87,29,9,93,6,80,98,24,41,36,11,5,92,46,83,99,97,48,98,4,98,86,61,61,88,100,29,25,3,42,15,91,91,97,69,78,62,18,21,44,37,53,5,17,39,83,2
32,99,55,52,21,87,19,81,32,25,36,73,30,5,81,7,79,59,50,26,46,58,21,36,24,75,34,50,48,33,21,40,66,11,49,29,24,33,3,36,11,55,2,100,61,78,48,74,28,14,36,51,94,77,78,36,86,93,2,94,31,10,70,67,0,85,10,8,96,64,65,63,80,24,38,33,93,22,90,2,41,59,36,42,50,65,9,14,4,80,56,67,70,27,20,17,18,93,60,98
21,84,67,5,26,45,0,95,84,83,19,61,12,39,81,10,75,87,5,47,0,5,98,56,18,84,24,88,28,6,82,60,47,16,51,51,61,15,70,38,22,79,52,66,30,85,14,25,98,10,61,28,95,43,30,57,62,60,2,3,30,26,58,57,91,25,39,99,25,13,11,80,85,79,50,66,43,96,16,99,80,11,22,45,5,69,80,65,25,63,24,9,46,75,69,23,14,93,80,27
59,48,67,5,0,92,20,53,49,1,59,52,59,82,25,60,33,80,63,12,26,83,19,16,60,56,96,78,53,89,15,32,44,10,7,83,21,72,19,99,65,47,76,25,57,90,32,37,50,10,27,67,28,16,82,84,75,14,70,28,11,19,84,89,14,1,77,4,45,41,0,93,60,76,47,31,11,88,37,38,16,45,91,17,76,76,26,4,1,81,34,95,74,95,20,61,31,30,53,9
24,90,49,8,92,78,43,48,73,28,71,22,59,97,62,28,5,48,42,34,90,19,38,72,26,14,59,19,70,29,90,15,86,66,61,66,16,45,34,22,82,54,25,37,78,26,12,39,22,13,74,0,85,36,52,51,77,22,70,96,41,97,19,46,51,65,61,26,46,64,100,87,26,89,70,0,14,30,58,13,43,95,33,57,5,53,38,21,88,60,87,35,86,85,71,46,100,49,0,64
44,84,57,93,20,61,37,16,64,81,35,70,82,51,100,16,26,98,84,39,73,38,43,15,6,2,63,74,86,56,46,14,31,26,100,81,73,90,45,48,30,64,99,11,68,70,80,16,11,52,80,20,70,50,31,34,94,74,20,22,13,6,40,86,25,95,32,85,61,96,54,10,92,60,96,77,34,92,89,5,8,34,32,25,48,94,46,94,37,70,39,33,24,55,36,91,46,27,80,64
7,50,42,98,46,56,96,3,85,50,9,89,32,86,55,36,90,76,48,57,49,28,7,37,77,40,66,89,61,24,50,11,55,79,17,20,0,42,22,51,36,86,78,41,21,88,10,88,4,80,61,43,45,33,17,36,17,12,54,71,33,22,100,84,99,12,79,94,79,28,5,47,52,52,64,26,76,48,69,32,87,86,4,42,44,92,81,19,13,70,90,30,91,80,99,34,6,79,15,80
36,16,17,55,49,31,85,97,33,86,32,4,86,89,26,90,25,31,8,26,28,62,51,81,99,98,46,66,16,36,30,43,68,14,51,32,49,69,54,93,44,91,24,12,19,15,5,72,36,58,43,63,57,11,0,12,45,39,73,66,50,76,12,57,98,0,47,33,36,36,47,27,44,93,7,58,61,39,35,20,64,55,84,47,65,60,84,64,14,61,96,49,93,86,19,6,78,74,19,24
76,19,95,11,23,37,97,13,75,0,59,59,4,0,74,84,37,55,21,79,8,14,72,2,18,11,97,96,97,84,19,21,1,18,12,59,15,50,15,35,46,31,48,22,70,81,68,93,7,84,23,45,39,48,9,74,42,93,42,32,14,9,95,30,28,8,16,86,85,10,12,78,40,4,20,15,27,17,89,96,88,43,42,44,8,27,72,28,41,54,36,78,87,9,70,73,10,77,86,88
94,65,69,53,53,18,9,90,76,38,93,39,70,31,30,8,29,23,24,52,5,87,30,39,61,92,22,78,23,69,10,96,30,67,91,53,61,75,82,18,38,62,0,89,94,14,71,11,99,41,34,73,92,39,45,61,35,44,60,12,88,98,46,90,33,89,5,25,91,94,23,12,32,40,31,44,29,54,19,82,93,33,29,99,3,83,49,49,70,37,71,69,50,60,37,66,15,63,73,44
78,95,61,92,8,30,94,16,15,9,72,30,29,57,98,84,6,36,18,47,13,83,49,56,39,92,1,80,81,86,32,53,32,2,77,59,8,23,84,85,72,44,51,15,6,1,74,7,89,63,33,74,65,7,67,23,98,41,90,38,19,58,54,19,76,71,0,4,56,60,8,94,36,79,91,76,12,89,74,67,85,5,86,74,15,64,39,69,54,96,14,69,26,67,34,57,50,69,53,0
17,8,78,89,62,94,61,45,20,62,38,34,65,8,46,73,63,9,5,5,3,24,62,38,48,76,84,2,31,12,12,30,64,32,41,56,52,53,4,45,43,27,84,91,17,22,84,93,11,46,78,76,71,94,37,0,47,58,58,21,57,84,42,1,18,80,53,16,45,40,30,43,84,34,37,82,88,98,56,58,88,89,66,52,24,98,97,46,40,4,27,51,0,55,62,61,42,40,47,93
78,71,95,37,87,77,85,6,85,55,48,34,21,54,98,17,24,67,96,77,47,11,86,62,97,52,2,23,62,98,61,4,93,65,57,74,12,0,30,74,96,65,70,3,86,29,39,100,14,42,84,27,64,56,10,36,57,39,19,10,57,19,33,7,42,59,80,15,2,29,38,86,37,11,50,90,69,84,78,59,44,63,53,54,99,49,9,83,39,78,83,27,8,33,23,65,89,74,26,19
13,56,91,57,8,86,20,39,68,40,58,45,94,79,46,25,62,96,12,34,46,72,25,18,73,86,93,61,62,73,77,71,7,44,91,64,55,6,85,38,24,46,20,4,85,27,20,64,83,80,53,33,19,2,99,77,83,79,65,7,98,1,11,1,22,81,47,90,35,98,2,100,69,46,15,43,46,12,99,9,53,86,33,89,16,27,55,34,81,70,31,13,16,13,2,94,34,95,68,5
45,49,65,96,63,51,32,26,56,11,57,67,89,86,84,49,97,31,40,81,88,12,28,11,36,15,79,82,7,7,53,81,92,58,50,46,42,40,29,99,92,87,4,63,64,14,4,34,11,100,93,18,24,24,13,37,9,3,97,100,75,74,21,80,21,94,100,82,91,6,23,73,21,11,98,97,83,25,32,23,21,37,15,19,56,11,72,32,1,63,63,68,93,10,50,66,7,100,55,32