83,30,38,1,1,31,1,45,36,0,18,73,48,76,6,71,53,41,46,72,38,42,70,40,77,12,0,77,84,33,37,100,78,45,40,30,31,40,5,87,63,53,18,37,43,61,83,35,83,55,46,16,57,29,2,1,77,22,9,43,85,30,45,74,79,58,87,47,12,74,74,79,6,77,43,7,17,22,32,33,15,7,43,30,85,78,5,16,3,76,44,15,100,83,58,30,48,11,6,57
7,85,36,53,51,94,91,25,32,97,71,59,36,81,58,62,81,49,6,61,75,88,87,16,66,18,97,12,8,43,36,44,12,76,30,2,79,1,50,17,81,63,72,13,56,91,57,74,6,97,83,1,22,60,61,99,95,45,73,40,28,76,15,19,33,67,99,29,31,29,92,23,34,99,5,28,25,34,92,95,95,10,100,2,25,9,98,98,8,31,94,81,66,14,58,47,19,60,77,83
88,76,32,7,38,97,20,76,12,41,75,83,40,42,35,91,84,53,58,72,63,55,43,63,25,38,64,10,3,53,90,28,16,31,56,52,74,31,66,26,97,39,34,4,10,54,96,45,79,8,55,59,45,65,13,89,11,89,41,76,25,7,74,70,29,70,89,7,8,98,8,88,94,94,0,68,15,25,32,17,47,79,35,99,56,45,81,22,82,74,8,78,51,34,50,46,68,51,25,15
21,91,84,20,31,85,79,46,28,93,83,16,67,12,71,82,15,66,70,13,68,91,40,73,4,96,49,35,84,43,65,26,56,19,39,3,11,5,44,39,42,11,61,87,75,2,30,71,18,71,50,88,24,78,5,64,41,87,89,93,46,57,46,94,4,51,26,40,50,58,6,91,62,7,65,53,37,98,63,19,3,19,35,45,57,32,35,94,10,85,79,65,60,20,47,54,65,72,33,36
76,49,14,63,56,88,31,86,77,10,95,17,46,100,32,67,52,95,90,36,34,7,91,66,15,58,44,27,8,89,8,46,66,46,31,5,20,91,56,82,32,77,5,35,83,4,14,21,25,40,88,3,68,46,74,0,44,31,40,0,45,43,82,97,9,4,0,50,70,58,84,86,65,17,17,8,57,19,13,31,79,56,12,67,14,95,43,46,20,49,11,61,22,86,47,16,85,57,98,99
3,52,67,80,95,24,30,65,27,49,2,44,70,84,55,52,87,6,77,24,68,89,63,96,16,80,26,33,100,88,82,22,71,13,14,65,46,90,64,7,72,30,26,67,95,91,66,98,45,77,27,9,61,64,93,69,76,96,68,23,20,4,96,73,46,47,37,90,49,85,100,58,92,1,28,94,83,4,45,59,17,23,48,99,79,55,8,45,18,73,70,53,20,71,77,22,100,28,80,21
20,24,29,59,31,61,67,38,58,71,24,61,41,86,98,0,29,31,98,21,36,31,79,11,13,88,91,58,20,1,83,69,31,95,65,83,14,69,63,46,90,67,21,6,51,47,19,97,96,26,72,14,69,34,52,82,18,87,58,67,15,13,76,66,99,24,31,75,22,34,66,51,35,6,76,16,77,22,1,55,91,0,22,67,19,13,46,97,33,57,49,49,79,94,5,89,99,69,80,80
78,55,74,23,21,9,32,22,53,41,42,6,69,21,76,64,9,10,62,66,65,21,68,1,78,54,49,18,89,18,3,27,94,36,65,48,68,75,30,47,86,79,87,8,3,22,27,93,80,1,36,29,38,67,47,19,89,2,13,8,87,63,95,85,92,82,33,84,75,75,60,47,14,28,79,35,58,23,22,10,54,88,90,39,64,31,47,65,7,13,6,11,3,76,13,32,90,49,58,2
50,32,4,2,70,31,6,74,95,70,19,12,80,72,26,11,36,63,12,81,8,80,70,33,8,86,2,67,75,56,43,49,25,88,26,65,35,99,66,13,88,14,59,98,16,89,58,11,8,73,60,26,14,85,4,65,48,24,37,8,64,44,81,59,12,78,8,7,51,75,86,29,50,20,73,69,2,11,77,18,74,60,81,55,56,24,43,82,77,21,96,25,6,96,70,68,48,95,89,37
60,69,50,53,82,68,97,68,51,41,88,18,48,81,62,62,4,47,89,20,28,4,87,10,58,68,62,70,49,91,46,13,5,64,81,59,1,58,5,13,83,42,66,4,77,74,83,1,49,24,87,70,68,27,11,23,47,82,24,74,27,94,6,61,15,92,5,1,80,73,54,22,3,73,45,7,87,43,24,84,18,61,19,79,31,88,56,5,54,51,63,14,56,29,88,65,6,38,66,71
84,43,70,48,61,78,40,27,0,11,50,94,70,92,78,68,72,46,74,87,61,7,76,42,85,77,78,19,0,14,81,33,10,84,41,22,36,54,41,12,63,37,72,17,78,54,90,32,58,73,94,25,1,73,90,78,93,84,45,76,19,78,52,36,23,88,81,64,21,84,37,51,26,34,56,70,89,89,97,88,1,77,95,37,25,61,32,23,23,43,31,12,63,69,11,30,75,20,63,2
46,28,83,84,43,28,95,32,97,8,40,95,91,79,31,42,72,22,66,7,46,76,72,58,95,83,63,9,83,91,24,38,72,48,74,64,49,47,14,77,5,100,62,98,35,49,35,75,28,4,24,2,14,60,44,47,61,68,67,40,89,14,63,62,83,44,61,75,30,26,22,40,54,56,68,19,31,88,44,42,67,37,81,13,78,16,48,11,63,48,0,67,45,52,91,2,21,78,51,79
45,32,74,81,42,25,11,30,78,83,83,59,21,30,41,72,41,10,42,58,19,78,43,82,93,49,70,65,41,62,18,10,16,44,60,31,83,97,77,29,17,53,64,77,18,70,11,87,32,81,84,13,69,63,67,24,66,0,17,16,6,42,92,42,8,56,80,43,90,53,91,26,20,40,24,92,98,64,58,6,51,92,92,7,6,26,54,20,45,59,16,4,28,37,96,27,99,50,41,62
3,83,93,87,72,81,47,29,17,62,64,94,8,75,28,61,96,24,24,34,99,98,13,13,82,75,24,5,11,40,77,55,83,98,79,31,66,82,55,65,44,15,17,25,7,49,64,98,84,94,61,16,32,57,48,36,3,73,23,49,78,69,67,13,73,51,23,48,87,26,49,98,0,54,34,1,44,3,88,6,23,71,54,81,88,5,100,13,37,17,68,18,28,99,89,79,64,72,55,89
93,89,9,25,63,46,71,93,37,17,64,62,88,92,76,56,19,51,67,20,36,35,5,75,31,92,69,69,9,74,61,30,25,53,62,79,31,0,82,23,31,27,9,18,45,45,52,99,32,10,79,28,52,55,92,54,55,16,72,71,94,4,38,60,76,0,73,71,7,28,13,92,86,80,66,65,38,79,35,48,47,99,53,47,100,95,39,74,77,23,90,51,74,60,87,69,91,62,15,63
9,98,92,44,99,26,24,2,36,94,12,100,20,42,5,100,10,24,98,33,45,29,46,53,81,20,77,57,59,15,85,23,38,22,69,29,43,98,71,40,73,35,40,97,77,1,86,10,24,69,52,18,52,63,4,82,83,73,1,68,63,79,73,34,6,4,15,25,92,34,10,36,2,6,71,43,59,75,24,5,41,98,60,72,19,16,29,2,42,2,68,8,81,10,62,51,50,74,17,26
43,50,60,34,22,32,84,17,30,2,79,66,77,39,69,68,32,95,50,56,83,36,68,24,47,58,6,75,73,48,14,37,84,43,31,48,65,27,84,96,15,39,80,62,32,43,73,45,26,43,25,91,84,85,82,12,64,18,86,8,42,69,35,29,68,99,12,76,37,21,57,17,32,60,49,13,100,12,54,40,69,92,71,61,59,25,65,75,76,92,28,76,11,50,51,41,31,7,75,58
100,65,11,27,4,99,79,38,85,5,48,40,24,5,73,31,36,88,51,75,36,9,43,70,24,66,0,68,36,74,89,59,27,1,52,37,38,81,66,54,83,16,19,86,3,99,71,15,41,76,93,87,83,9,41,47,93,55,67,72,69,48,60,33,79,53,7,44,93,14,24,70,49,93,51,6,98,32,42,94,73,65,99,82,55,11,87,96,30,1,39,85,70,13,49,60,91,10,76,87
55,20,2,3,78,17,65,45,39,25,41,94,61,68,15,100,22,41,48,22,17,47,37,47,80,93,97,95,11,31,10,65,42,80,44,80,85,71,53,8,6,16,40,94,5,20,92,38,38,65,1,30,98,85,69,83,28,82,100,92,54,94,51,93,70,12,6,84,34,34,54,86,52,100,63,61,75,57,77,15,37,86,5,1,25,43,65,36,11,94,18,19,33,50,49,16,39,77,69,88
12,23,29,21,42,28,77,92,52,55,39,3,72,60,44,89,16,92,42,55,44,68,68,74,11,19,23,92,93,95,20,72,38,84,65,40,56,94,72,93,48,13,83,47,87,77,20,97,80,87,94,11,88,8,100,50,19,14,10,46,11,13,51,56,70,45,24,50,98,42,34,79,32,96,41,60,48,93,37,20,65,68,4,66,100,39,19,74,41,50,48,60,69,95,63,15,37,58,35,9
98,66,5,66,54,88,32,71,33,43,54,50,47,95,19,7,83,27,77,50,30,93,96,11,87,95,60,70,26,23,94,0,43,69,13,59,33,28,81,55,38,9,41,82,87,4,4,76,57,21,3,3,94,62,53,26,69,88,39,61,3,48,63,15,42,27,30,97,17,85,90,58,68,6,15,95,24,10,63,84,96,96,60,80,98,57,18,86,55,74,77,8,28,49,24,91,43,88,27,97
78,95,62,24,27,37,79,68,3,50,14,84,77,49,56,80,34,12,63,92,59,20,81,60,30,28,41,89,36,50,52,1,82,44,11,85,11,8,88,22,25,41,54,83,92,58,1,89,81,6,63,15,58,81,22,48,86,7,58,14,12,50,55,56,50,9,62,86,70,29,40,53,42,71,47,47,34,92,77,92,46,50,33,72,80,65,60,82,48,14,26,37,56,33,32,9,56,14,87,1
38,49,7,53,86,30,86,76,52,80,58,56,68,73,26,27,57,60,17,7,90,15,27,58,35,30,17,87,6,3,0,0,46,69,92,98,7,83,57,48,51,93,86,57,14,58,74,17,6,85,80,88,72,0,19,51,73,34,48,72,54,68,38,23,15,48,73,12,78,93,33,37,9,96,29,26,48,57,90,1,92,94,69,40,64,13,55,72,81,36,82,14,61,19,90,44,57,45,21,76
29,12,50,5,44,13,21,27,13,37,14,72,79,40,0,83,32,48,99,43,36,8,94,49,40,63,27,82,72,39,36,67,47,22,44,5,29,60,75,59,17,72,33,74,21,48,46,59,22,63,29,30,22,49,38,7,18,62,5,47,89,13,26,87,55,73,18,2,13,42,60,33,75,43,90,46,6,13,45,0,35,58,90,12,70,29,33,37,23,97,60,56,43,9,2,26,87,95,57,9
63,51,11,43,90,4,67,75,40,25,34,55,23,70,27,6,26,11,41,22,83,18,11,84,35,94,58,5,80,8,47,70,6,86,53,45,33,55,39,55,48,84,38,41,23,87,30,37,72,54,93,97,94,88,35,83,81,41,41,78,58,66,55,81,52,39,52,75,81,16,8,73,71,48,41,82,27,50,18,49,52,62,24,69,31,66,71,13,50,32,31,54,17,50,24,55,57,2,65,49
82,1,47,35,88,7,41,34,26,91,83,23,52,46,54,26,29,27,79,21,85,67,82,97,13,43,6,21,52,0,95,40,9,61,19,49,15,90,1,24,48,91,80,47,11,95,94,69,49,2,6,31,14,91,93,6,13,7,89,91,73,16,92,81,72,29,18,49,36,63,81,6,89,80,26,33,13,21,65,31,10,86,52,47,13,44,60,57,79,47,31,49,85,43,15,100,56,30,34,29
56,8,4,96,2,2,11,69,87,90,84,63,55,5,29,0,93,84,16,13,23,62,26,50,68,94,34,28,84,17,6,91,41,63,9,6,89,99,27,75,40,38,46,8,49,34,99,54,14,45,88,65,67,32,4,2,15,18,47,99,14,31,87,35,19,94,13,96,44,30,3,70,53,68,86,23,20,19,49,29,40,26,40,65,26,41,68,4,58,97,55,91,5,83,41,38,84,71,45,26
71,25,57,3,82,17,82,91,0,83,68,66,17,57,85,37,22,2,50,11,0,85,15,6,99,27,60,47,60,9,21,47,15,31,90,53,12,13,65,38,3,47,74,44,61,21,15,81,79,76,96,37,8,87,85,43,99,61,54,66,49,28,7,18,89,88,85,63,29,30,10,68,84,79,30,31,95,3,3,66,98,93,33,39,7,74,99,65,31,82,13,81,53,84,86,91,81,11,94,41
72,69,59,99,72,47,12,53,35,64,68,29,24,55,84,48,86,54,53,45,82,13,96,27,4,87,21,31,37,40,22,92,56,22,59,29,18,34,50,59,42,20,12,0,50,51,65,69,54,53,20,45,34,25,53,29,53,47,43,4,93,83,4,71,21,88,34,100,50,71,24,49,53,35,79,66,34,9,5,36,77,25,37,78,28,52,58,77,98,61,59,43,38,39,51,47,16,25,81,69
78,23,74,0,70,65,100,65,58,70,99,51,17,13,20,72,73,34,16,35,11,79,96,45,13,81,58,68,36,66,46,53,25,48,58,65,15,86,53,68,29,11,39,21,75,29,100,89,2,40,43,28,69,27,32,78,48,89,18,74,27,85,29,41,48,70,12,98,59,99,34,2,65,15,57,84,35,89,44,84,68,37,46,11,53,51,92,73,19,38,88,32,23,74,18,36,16,15,94,67
81,20,94,45,38,7,78,76,38,16,70,74,72,79,14,49,96,65,34,99,90,40,7,75,85,38,76,47,67,59,59,41,33,37,75,28,84,16,34,41,22,29,77,45,64,12,58,48,70,36,4,30,54,28,63,45,17,32,81,26,67,61,65,44,41,8,18,27,81,43,74,37,49,93,25,94,11,1,63,4,34,30,44,28,69,9,27,55,12,29,61,87,49,69,70,45,94,4,42,16
23,24,55,94,31,64,81,7,17,65,18,84,45,61,90,48,48,84,23,29,33,41,5,42,44,80,24,64,96,88,3,65,74,17,70,97,29,19,31,31,25,28,65,48,49,97,37,26,64,5,85,52,67,15,39,54,94,92,11,67,98,25,3,26,99,73,72,56,32,84,72,47,20,32,17,84,30,62,36,50,43,7,71,66,50,60,7,8,92,6,53,100,64,71,51,43,13,23,12,5
15,14,6,7,12,40,41,76,51,7,38,52,42,18,20,64,43,62,39,1,13,95,95,16,34,17,10,56,12,94,79,7,35,0,12,38,65,32,22,34,42,53,28,98,56,72,9,70,20,40,18,82,59,83,66,96,58,10,68,20,13,85,8,46,42,0,63,14,34,7,60,29,93,64,50,84,68,26,39,35,47,9,33,42,37,36,27,59,56,86,88,3,9,25,26,99,85,86,95,47
71,24,63,32,3,17,86,24,91,98,75,86,96,66,81,100,85,50,56,61,45,15,20,80,35,3,15,81,90,9,43,20,36,37,59,39,85,48,81,57,49,77,65,88,61,34,8,94,84,3,19,78,55,45,29,83,13,36,29,63,74,35,26,34,11,40,71,35,71,56,98,40,87,52,40,85,98,0,76,98,5,35,46,59,90,97,70,38,19,79,60,39,91,6,68,4,59,67,68,74
35,99,43,41,61,33,33,87,28,49,5,15,39,18,10,42,7,12,74,9,6,69,98,100,63,11,3,69,13,29,10,32,17,38,56,4,49,89,7,35,43,9,87,90,85,31,95,41,92,76,30,34,39,98,43,72,25,89,94,38,91,38,75,34,9,13,78,89,15,72,30,37,91,51,25,99,13,2,97,59,53,7,84,13,89,70,4,6,2,26,39,2,91,16,32,41,91,18,74,2
20,96,30,100,5,59,46,95,80,81,20,34,29,69,90,83,1,53,29,68,30,17,2,46,74,75,32,96,80,91,59,86,49,1,64,39,2,51,47,26,87,36,76,22,83,63,15,36,5,100,65,21,84,52,22,5,74,88,36,4,19,78,48,13,15,25,41,10,92,97,16,77,78,9,53,19,63,2,87,77,33,9,18,32,73,39,94,91,32,69,75,58,36,73,44,17,50,47,95,23
25,25,64,23,1,100,21,52,1,36,97,16,12,60,22,21,11,49,33,98,99,72,83,51,99,65,55,89,48,13,0,29,96,41,85,21,98,50,31,54,63,7,12,2,86,44,28,79,14,2,72,72,69,15,23,20,11,28,92,99,44,45,91,9,26,84,22,75,51,68,48,39,62,54,98,87,46,53,25,13,91,87,74,91,75,72,78,98,92,94,95,59,99,34,17,51,47,50,62,43
58,78,42,20,50,91,78,35,90,52,46,52,83,58,48,59,66,27,29,32,87,29,66,81,60,98,38,84,36,28,84,5,62,24,30,6,73,58,4,38,24,31,44,58,31,87,22,76,36,86,43,63,80,9,40,60,2,11,52,86,23,100,63,31,73,47,40,25,2,54,58,52,5,55,62,58,64,22,65,34,70,2,65,16,18,76,75,30,41,94,14,32,21,9,89,85,79,3,59,80
21,23,64,30,69,79,72,24,5,80,49,42,21,95,19,50,14,97,13,6,72,62,93,4,90,3,54,90,19,86,82,5,41,86,65,5,28,31,20,7,82,94,95,80,92,89,70,38,6,81,71,49,68,30,58,13,9,20,30,77,57,100,91,9,8,73,89,97,80,15,82,31,79,61,38,0,93,34,51,52,2,82,0,59,69,62,6,88,84,60,84,59,77,74,93,79,32,95,16,94
44,67,3,19,52,23,94,78,100,11,22,84,73,84,79,98,1,8,75,86,96,94,39,25,75,48,87,59,55,35,10,25,78,24,100,90,48,39,70,88,60,83,89,7,72,13,22,76,53,94,97,42,70,39,80,28,47,75,35,44,55,72,60,100,21,85,42,35,30,46,8,49,37,5,97,23,57,44,12,33,61,34,96,59,24,80,53,66,49,98,81,17,6,64,56,57,66,19,41,93
51,29,54,0,51,52,9,90,69,74,11,14,9,78,33,16,71,90,24,46,19,44,64,52,68,61,53,82,72,68,84,94,71,79,9,15,62,40,22,40,49,5,65,10,85,8,89,29,99,91,90,98,3,73,4,31,12,30,79,25,35,86,9,84,100,87,14,68,5,94,80,7,57,68,46,54,27,16,92,66,73,77,61,19,63,95,38,86,45,74,5,85,14,87,99,86,50,44,80,18
44,78,73,49,26,11,61,42,11,23,38,98,40,77,15,65,0,99,61,95,32,86,68,87,91,49,74,80,25,27,50,50,51,55,94,80,74,0,43,72,24,96,71,32,54,20,1,19,70,29,79,34,72,6,5,36,75,54,59,33,19,48,38,66,96,88,92,92,65,99,28,71,22,87,65,4,11,34,10,28,64,5,56,3,87,95,75,85,7,66,55,22,58,83,96,63,22,9,58,73
22,42,33,33,69,15,93,0,39,55,38,69,89,57,35,37,19,58,100,66,40,3,21,74,88,61,95,99,59,37,14,45,83,31,18,43,53,4,91,70,1,86,11,64,78,76,26,55,70,71,58,90,82,17,16,60,88,28,33,78,76,86,10,38,91,61,88,45,5,14,38,94,0,53,94,82,62,35,86,82,64,65,37,7,30,81,12,5,8,2,16,88,65,66,61,34,7,93,65,39
70,59,29,59,53,7,27,28,41,12,41,0,24,43,21,88,35,53,47,28,6,61,32,34,86,2,7,99,75,54,3,86,21,50,51,54,2,71,25,97,35,88,72,39,36,39,8,95,1,65,62,9,39,69,70,28,39,81,69,27,62,54,46,87,6,5,61,10,100,50,56,38,52,39,76,99,24,66,19,99,1,76,34,51,42,12,64,77,95,36,99,93,11,18,46,26,5,70,33,66
43,42,8,72,61,12,99,64,77,74,71,5,51,53,10,41,81,37,19,7,63,73,92,31,64,7,41,41,84,93,10,80,84,14,19,94,3,55,37,52,18,71,10,19,94,21,100,2,41,61,13,90,44,95,53,72,7,18,30,36,24,47,67,77,98,73,42,21,54,36,55,15,48,1,19,100,45,41,19,86,38,84,4,8,8,7,65,8,27,7,46,20,70,79,77,36,71,68,76,21
46,38,20,73,37,87,53,0,74,68,57,23,78,32,92,59,1,76,3,89,75,96,11,74,33,71,62,79,92,55,74,3,52,2,82,35,54,95,84,32,15,2,40,2,83,31,17,79,84,42,3,79,11,12,50,61,24,64,47,44,65,31,83,76,30,66,46,26,52,19,48,93,95,89,75,27,44,19,65,29,82,18,25,50,38,42,92,15,62,34,66,92,82,84,2,88,98,71,90,54
54,27,99,77,72,37,76,48,3,36,81,46,99,38,15,24,74,11,60,53,81,45,96,85,83,80,61,89,66,99,63,21,28,59,85,81,49,50,18,0,50,57,54,29,15,21,13,12,73,42,11,90,69,93,41,82,96,56,30,34,20,97,84,64,24,42,19,72,29,46,41,42,47,74,66,43,79,25,12,58,11,25,25,95,7,32,56,57,87,20,79,67,5,5,100,86,26,82,61,40
64,66,1,3,62,47,69,35,76,40,39,25,63,83,96,44,60,16,88,44,33,30,67,15,72,13,97,74,34,75,31,4,3,33,43,65,27,18,80,62,31,48,36,69,60,73,29,81,3,77,61,89,11,4,12,36,62,95,50,95,3,46,65,9,82,51,38,100,63,70,11,5,33,56,3,8,42,36,61,51,92,79,32,75,60,13,59,46,73,80,78,14,24,56,34,72,37,14,62,34
23,73,90,70,21,18,86,33,41,52,66,46,89,17,87,60,5,32,96,63,10,11,100,25,89,70,36,43,55,4,24,11,22,60,42,29,97,87,6,45,7,4,12,90,22,62,42,12,19,28,7,99,87,61,16,21,17,71,85,49,81,93,100,14,9,12,40,81,78,26,82,39,92,6,28,28,41,63,39,21,51,40,58,19,20,90,89,77,100,66,6,88,16,2,7,38,80,68,25,37
83,61,69,72,73,26,25,89,80,67,76,94,79,54,83,26,64,4,78,84,97,7,50,28,7,20,80,92,60,92,75,56,76,76,72,4,15,59,58,88,85,98,73,39,52,87,17,45,78,96,75,64,4,53,22,15,50,95,66,49,21,91,16,11,98,12,75,13,98,17,33,9,73,81,13,38,57,2,98,93,13,24,53,81,41,12,55,44,54,1,4,19,43,24,30,23,27,89,8,49
76,93,50,58,44,67,49,77,18,67,10,27,75,2,52,15,58,1,2,1,49,79,88,37,71,12,10,15,76,71,27,73,32,57,32,85,95,81,12,25,13,82,48,18,30,85,24,70,64,57,77,90,12,33,74,22,43,81,84,53,92,81,2,78,81,21,30,42,94,70,45,73,1,49,86,81,6,95,27,56,63,15,49,25,83,1,10,34,66,44,95,51,3,68,97,73,94,92,65,91
24,18,73,22,58,68,21,30,7,37,100,51,64,95,49,85,30,44,37,32,11,37,56,39,64,18,98,46,41,11,42,11,22,97,74,2,36,32,16,96,55,84,50,32,84,70,57,55,26,56,51,36,15,49,78,59,43,99,15,44,44,82,6,13,36,94,63,34,32,80,41,36,16,11,36,9,69,18,19,92,51,96,75,65,20,19,70,83,94,5,37,49,27,77,48,47,67,53,26,3
0,27,93,66,46,8,12,11,56,78,43,87,41,54,11,75,41,78,28,93,46,78,93,27,15,15,86,99,3,65,60,13,73,65,67,29,67,8,99,44,39,77,8,70,34,49,1,73,45,35,2,90,51,94,0,91,22,46,53,29,61,98,30,53,15,75,69,48,22,56,44,91,13,8,5,81,80,77,35,68,69,56,16,15,94,13,38,32,52,82,10,21,70,0,88,47,66,96,100,16
68,49,45,77,52,88,36,49,35,45,57,85,85,92,51,34,84,26,52,98,40,26,34,40,14,47,52,43,18,86,83,80,60,50,70,6,72,8,3,57,22,27,88,19,48,56,62,57,73,46,96,77,58,100,6,83,22,54,84,55,68,81,28,26,13,11,43,58,88,2,4,64,93,78,15,85,39,3,40,33,38,13,6,3,82,7,46,44,31,3,61,82,84,71,21,17,23,5,41,94
36,38,47,94,79,17,23,36,27,4,30,73,14,55,20,35,80,27,9,38,74,16,21,68,84,63,2,70,67,73,70,4,73,30,48,91,90,48,67,49,2,35,80,66,33,54,0,57,82,24,15,33,72,80,80,70,74,46,55,87,70,30,65,7,59,4,10,18,40,25,45,41,77,56,34,61,94,22,54,76,89,26,67,51,75,36,67,56,26,28,50,51,57,57,11,81,87,93,90,19
39,60,38,3,29,74,6,48,6,61,100,86,95,4,61,9,12,84,95,70,45,58,40,99,65,50,24,14,26,33,67,94,59,78,57,3,33,73,18,39,50,68,87,72,68,16,24,93,84,23,68,14,25,43,20,98,61,41,37,21,36,50,81,15,68,88,49,82,100,15,40,60,72,31,85,24,32,21,69,68,41,89,78,65,28,92,16,58,97,0,51,6,4,57,68,28,1,92,80,82
88,20,51,68,52,82,5,27,62,59,6,90,63,44,71,76,12,100,43,73,50,34,34,77,33,58,96,60,11,56,99,61,95,63,14,81,75,3,5,46,80,79,21,61,66,32,3,34,60,17,10,71,68,56,78,92,80,37,47,47,50,24,46,32,30,6,93,19,66,14,85,77,57,29,47,88,44,32,60,20,33,36,17,38,71,5,31,35,52,79,31,63,1,40,74,6,43,47,36,77
62,60,45,97,55,52,36,60,91,67,94,63,6,85,95,62,39,86,22,96,3,38,19,19,56,3,76,66,42,18,53,37,37,73,98,24,58,48,39,95,14,9,48,30,80,100,70,82,29,69,95,86,94,52,1,45,16,31,35,51,43,44,89,55,62,17,17,49,44,3,33,54,17,81,84,96,4,56,100,9,28,89,26,49,100,66,32,86,5,43,78,14,72,6,9,2,47,77,5,32
30,32,100,12,70,10,17,89,80,21,55,56,35,47,32,10,91,69,49,82,24,37,71,71,93,38,70,55,17,68,24,36,30,51,96,20,7,36,66,49,47,34,4,20,39,50,64,74,51,75,100,98,54,88,33,37,53,57,85,37,0,15,96,75,57,64,73,81,80,52,4,71,12,98,17,20,51,51,8,81,48,10,35,33,62,16,55,42,37,48,17,37,69,22,41,97,58,42,48,35
43,98,49,46,78,24,53,16,62,50,6,56,86,65,17,44,1,96,59,68,3,51,55,82,17,20,40,68,79,65,27,39,92,35,40,25,71,84,22,44,92,8,2,7,66,16,100,64,76,82,62,95,37,81,40,59,26,42,32,91,20,92,87,95,96,26,53,72,10,82,18,98,61,9,61,4,73,33,57,7,42,40,68,74,25,45,26,42,57,1,97,92,85,79,64,92,14,27,72,68
82,48,18,34,5,68,3,47,3,28,5,48,52,34,45,86,34,66,43,63,9,39,11,25,0,18,74,31,41,32,5,9,6,52,82,79,100,32,62,72,90,32,98,87,59,91,42,45,97,78,83,20,5,79,64,46,36,24,78,98,42,34,34,18,58,40,37,14,62,39,16,51,63,36,40,19,66,4,77,45,23,42,32,98,42,32,1,72,7,72,75,23,28,1,38,29,94,53,58,25
50,18,95,60,54,70,91,57,62,37,34,80,42,12,25,90,40,43,88,89,87,56,58,49,97,14,58,20,49,10,37,62,71,56,24,24,57,14,62,23,72,69,61,34,74,66,38,78,59,91,85,38,29,55,12,87,43,21,52,76,74,36,8,66,26,37,30,38,11,1,6,25,42,55,33,36,99,76,30,42,80,50,2,81,75,84,86,56,82,100,55,92,12,10,38,70,82,27,44,12
33,98,86,66,24,38,38,4,63,3,95,42,4,45,0,85,45,4,35,37,50,7,91,87,91,94,66,32,23,5,59,18,32,59,64,19,97,41,18,22,32,9,10,85,7,51,99,9,58,67,33,81,82,81,70,98,72,95,18,68,89,0,67,2,36,59,71,46,16,3,23,80,61,41,29,45,38,43,35,51,74,27,70,1,53,8,25,84,32,38,96,85,88,100,64,52,36,20,70,19
52,81,41,86,2,19,45,99,48,8,57,65,2,84,90,63,75,78,41,92,17,84,43,8,3,19,85,65,59,23,97,25,88,68,68,50,64,31,29,52,41,4,74,48,53,55,78,31,20,24,22,87,92,62,25,0,17,64,10,36,86,14,87,30,7,78,31,21,10,15,31,85,69,90,67,27,82,46,12,11,22,43,29,38,44,19,1,25,78,24,43,16,74,40,82,0,29,47,47,43
80,39,25,37,33,15,42,58,67,56,10,83,58,66,17,7,61,15,76,66,72,92,50,68,79,69,70,55,20,54,97,13,3,81,10,84,38,28,84,62,96,19,77,37,99,92,48,79,93,14,23,24,79,24,41,91,10,77,96,83,33,81,91,89,18,91,51,13,68,48,70,45,62,3,77,13,88,31,49,13,88,87,4,28,28,56,98,13,29,51,85,55,49,88,19,19,100,31,61,52
55,72,72,82,68,58,63,12,26,19,33,82,89,84,63,59,31,4,24,99,90,82,7,20,3,18,89,77,26,14,100,94,99,14,0,64,46,90,45,90,3,68,21,66,99,85,44,6,51,38,5,1,66,26,72,19,7,24,75,54,0,31,64,5,13,2,32,43,83,91,35,31,36,55,77,62,85,7,91,4,49,89,48,19,19,17,69,67,99,36,16,17,23,44,22,15,88,93,52,22
39,57,54,28,98,93,77,15,95,0,5,100,1,7,58,89,76,43,2,96,27,91,24,6,41,13,87,44,82,100,10,70,95,83,95,0,79,5,20,76,32,26,87,58,68,91,86,78,45,71,83,30,7,68,26,32,24,86,76,53,69,95,27,13,76,24,93,0,71,14,85,4,59,5,43,38,0,58,6,12,61,96,17,58,94,58,80,55,9,56,97,50,91,25,84,22,4,61,30,37
74,2,9,15,83,57,51,19,33,0,80,0,12,96,7,63,31,66,85,97,52,8,83,12,29,58,3,78,36,5,33,34,54,82,7,16,25,66,56,19,1,11,85,2,81,74,75,22,65,52,2,13,18,2,80,31,11,38,64,29,65,62,77,48,42,53,87,46,50,67,72,14,68,18,10,82,45,59,38,0,74,51,5,91,90,77,44,86,21,64,82,72,13,66,54,78,64,55,12,17
33,9,79,0,91,33,82,41,68,22,69,56,72,62,41,87,36,85,100,72,4,55,42,81,60,40,15,85,99,56,56,86,84,72,41,75,88,82,76,45,44,31,10,99,45,11,46,59,42,83,97,17,95,84,56,65,96,21,22,45,71,29,50,98,37,56,33,34,67,9,29,50,72,90,13,87,31,40,26,68,50,23,51,42,18,19,23,11,85,87,68,99,8,20,32,18,74,1,14,87
88,56,62,29,39,77,31,30,29,58,24,13,57,52,33,93,91,31,60,53,78,73,77,71,68,33,20,77,22,71,26,68,90,87,98,51,53,83,62,94,76,9,10,51,69,92,12,48,95,59,37,79,66,47,58,58,11,26,96,37,22,92,1,19,33,19,26,11,97,77,72,69,58,26,48,40,20,91,50,86,32,44,4,98,25,54,73,15,2,91,57,82,23,62,81,46,24,70,88,60
64,27,42,72,8,33,79,73,75,54,1,65,90,76,34,41,68,93,79,37,28,47,25,74,61,98,90,81,49,84,42,60,68,99,46,6,18,1,38,50,35,18,5,34,18,57,66,37,74,37,11,70,15,62,60,26,5,72,50,68,77,97,90,28,83,76,68,48,29,57,41,45,94,62,42,80,6,98,4,72,94,72,71,65,26,20,46,27,99,38,15,32,98,93,23,67,28,26,20,73
96,23,64,72,99,80,57,77,5,77,87,20,8,97,54,31,65,53,41,63,38,24,89,77,5,68,90,46,23,59,7,68,70,42,13,41,8,57,26,80,26,51,32,6,70,30,59,24,64,78,28,99,97,89,8,39,19,13,38,95,0,45,79,14,25,9,100,6,44,65,9,83,89,4,81,65,57,55,20,38,85,40,24,79,72,4,87,40,74,70,99,31,56,39,50,75,86,22,97,1
92,86,93,83,47,39,17,77,30,71,34,3,73,91,74,85,50,58,85,0,32,22,89,54,83,80,35,31,13,70,9,99,76,41,100,80,63,23,31,46,81,26,19,79,13,31,48,46,1,3,58,86,27,51,68,74,3,82,4,4,3,0,62,85,82,1,90,68,60,49,98,72,96,21,36,58,50,50,28,66,50,89,41,13,44,27,69,41,76,24,13,55,72,52,24,16,1,13,54,0
45,7,80,13,44,97,18,34,20,90,15,69,92,7,67,10,20,41,12,78,12,34,46,15,46,28,27,100,1,68,44,70,62,92,4,80,3,65,58,54,48,9,0,61,52,58,50,81,3,19,77,56,30,10,77,29,18,77,33,31,58,73,33,48,94,22,30,78,90,93,19,82,94,41,90,95,22,66,96,2,12,35,63,40,50,77,56,96,83,87,90,20,52,72,15,88,16,61,43,53
55,78,27,28,18,79,81,59,17,54,44,69,58,86,92,32,44,42,65,32,21,14,35,29,81,88,58,24,22,62,80,25,97,8,13,92,3,52,13,23,25,71,60,36,89,3,71,76,93,22,80,54,58,14,80,10,100,43,36,3,98,74,1,31,91,78,49,20,69,60,34,29,37,97,63,15,41,74,96,43,89,89,60,75,31,25,35,40,22,89,56,39,14,99,22,72,58,75,67,12
53,83,61,10,76,62,59,88,36,66,10,39,69,51,50,75,57,73,41,22,77,30,61,41,34,44,31,36,38,19,33,76,53,51,84,20,56,30,22,95,79,70,29,35,59,77,20,28,7,30,75,41,76,62,85,23,76,10,3,12,12,80,13,4,34,30,26,78,48,29,67,75,85,62,27,72,45,18,97,12,49,16,61,64,37,5,44,34,83,89,80,89,95,16,68,58,76,54,46,85
96,84,8,66,84,51,61,16,51,81,27,89,91,52,27,4,66,8,43,43,84,65,46,69,11,34,51,55,34,60,59,1,53,50,4,27,91,88,41,17,54,39,43,98,51,2,49,58,81,18,1,87,55,58,2,68,84,60,55,34,71,70,99,100,34,39,80,5,63,8,34,22,66,36,91,18,41,53,63,48,45,68,34,96,15,8,65,16,85,97,75,66,67,73,51,42,37,36,68,51
26,21,61,32,40,94,42,81,28,47,43,6,9,92,88,51,34,30,21,33,24,55,54,37,42,57,80,22,93,18,68,64,20,30,18,35,61,11,13,20,78,87,53,40,32,18,34,27,39,23,88,3,16,80,57,91,46,81,86,0,55,30,70,33,11,99,10,39,88,54,5,23,74,55,90,42,56,53,8,93,44,80,7,66,22,81,26,23,16,71,5,23,75,72,54,25,82,99,13,65
6,61,54,53,15,96,60,29,28,48,23,52,14,85,89,37,29,42,15,63,20,40,84,60,12,85,82,18,53,31,58,19,24,81,0,17,78,75,99,76,91,88,3,80,9,57,42,91,12,83,92,41,69,61,51,95,83,46,84,57,24,79,66,50,51,3,72,79,22,42,56,9,22,29,40,54,9,88,25,22,1,54,89,64,42,44,21,34,54,36,30,52,45,63,17,18,40,81,43,17
72,63,14,82,58,26,44,26,23,80,91,48,46,88,63,5,53,42,37,36,35,57,0,79,56,33,77,90,5,11,98,34,70,42,71,92,51,81,66,34,48,38,94,67,17,35,20,1,6,15,69,16,47,81,55,7,73,12,8,36,95,13,14,56,49,69,2,48,87,65,43,63,91,23,57,36,9,86,50,25,8,75,61,95,8,47,59,62,56,27,57,21,11,66,99,69,39,81,46,58
84,23,32,84,14,78,54,61,62,64,80,8,91,25,65,73,51,82,24,79,36,70,85,34,80,19,49,86,49,64,14,65,0,0,19,95,69,56,7,44,79,16,20,71,19,74,86,61,17,59,71,87,7,76,15,41,15,35,25,70,82,54,83,13,10,2,8,14,53,17,92,41,89,29,54,47,59,48,75,43,51,86,97,20,10,10,68,72,64,19,72,34,43,98,7,34,74,40,14,84
61,71,26,59,75,70,8,21,49,96,0,59,41,33,80,52,4,0,78,34,57,59,28,49,24,14,41,25,83,2,43,66,75,60,71,89,58,93,63,86,39,9,60,25,88,50,4,98,83,65,83,42,48,85,98,15,16,31,4,0,46,69,80,42,75,97,13,96,37,49,14,40,60,100,45,64,95,17,53,57,52,54,24,46,32,14,56,26,84,38,42,28,53,85,31,9,52,73,3,68
52,21,100,56,6,68,12,39,86,87,85,51,87,71,80,33,69,72,56,87,44,6,75,50,25,71,76,92,26,81,60,30,46,6,60,0,69,67,32,45,15,82,41,96,60,12,62,43,34,75,57,84,20,15,77,78,65,94,79,57,36,25,2,15,70,94,70,84,53,18,22,29,16,31,18,36,44,16,52,94,76,71,68,44,63,16,59,96,92,5,39,55,39,99,9,92,78,31,18,22
90,97,51,66,79,47,96,41,16,8,50,63,72,78,81,92,61,28,15,24,60,15,10,17,30,76,60,96,53,4,5,15,46,55,96,73,10,67,11,69,36,6,41,64,56,24,53,76,85,100,84,44,38,67,77,71,42,5,68,66,18,69,61,19,11,23,21,80,60,5,51,42,56,38,34,34,4,35,87,16,76,99,75,100,75,93,82,49,77,36,95,98,37,33,36,100,29,35,74,12
74,48,65,26,74,86,97,1,1,52,24,100,34,41,49,38,61,79,48,74,32,32,72,38,2,13,84,63,50,8,48,69,44,46,12,32,34,32,26,71,42,1,68,34,31,40,14,39,84,82,96,95,12,9,86,43,75,45,42,50,12,89,41,39,81,24,51,10,5,61,79,87,52,55,83,74,59,66,64,26,34,19,69,80,57,86,70,43,59,89,17,26,13,23,12,45,49,80,71,26
45,90,36,8,24,76,61,40,92,5,61,81,60,47,3,72,81,66,67,72,90,41,83,78,6,51,50,19,46,9,61,86,28,90,58,86,89,18,22,99,95,0,36,4,81,79,21,45,42,61,78,95,99,47,81,94,90,42,20,11,0,77,15,11,34,34,20,32,47,48,8,54,56,16,61,99,14,11,22,75,96,16,38,99,20,39,50,72,89,29,70,95,10,93,49,37,42,60,44,99
13,81,50,6,80,65,55,7,31,17,86,33,52,85,94,84,94,57,28,71,73,47,56,91,91,100,74,87,17,22,19,82,62,61,60,77,91,87,46,90,75,76,14,12,72,75,77,48,72,81,65,21,85,70,96,58,37,6,56,12,29,47,43,86,74,86,92,0,35,89,69,32,70,29,10,47,98,41,37,69,55,56,50,72,97,40,12,17,47,42,42,3,79,48,20,59,45,61,81,10
73,56,84,88,27,74,6,11,65,78,10,41,3,3,84,76,80,45,26,30,26,88,58,91,30,75,76,78,59,69,26,54,62,38,46,8,87,47,65,47,80,81,10,7,46,79,78,44,44,24,60,71,11,45,71,0,68,94,88,14,67,60,74,76,58,95,15,97,43,29,25,81,87,12,1,87,41,16,96,58,21,39,25,55,52,69,7,62,69,45,11,43,78,39,52,65,50,30,32,61
74,85,39,92,34,77,80,71,98,79,39,27,0,65,17,83,89,23,50,53,37,11,75,88,88,56,41,42,43,0,31,29,7,5,74,28,70,5,50,17,49,9,51,79,33,82,81,84,53,81,2,49,38,46,100,17,70,72,9,27,36,81,46,2,58,91,12,61,54,16,32,20,49,36,91,54,46,94,7,2,89,52,14,65,82,78,8,50,41,61,96,27,66,47,97,56,23,28,44,53
70,14,11,94,22,57,20,16,99,76,20,32,9,63,74,11,44,77,50,69,57,12,3,23,80,30,44,37,41,88,21,16,0,40,41,7,84,14,19,14,79,30,41,21,5,28,92,66,44,35,29,23,95,66,47,44,51,23,76,61,81,7,37,6,59,12,22,79,14,90,10,29,4,75,94,50,79,39,71,50,93,87,48,48,46,20,37,72,57,5,76,48,54,22,86,60,86,44,43,11
61,99,32,14,87,21,5,30,90,85,77,77,2,67,74,83,51,58,72,59,61,75,71,32,61,26,3,80,71,19,84,8,63,43,91,40,75,76,10,100,34,39,39,14,81,43,17,47,91,60,91,54,50,53,29,4,85,87,49,35,94,57,43,62,54,24,10,17,68,2,73,51,27,50,59,37,27,72,53,72,66,96,83,93,92,11,1,30,98,45,36,38,60,73,15,53,48,3,68,82
79,76,78,13,50,70,24,53,56,69,46,93,96,60,7,50,47,27,94,52,65,86,79,26,100,31,70,34,13,52,71,95,66,35,68,70,17,81,66,31,84,8,83,4,94,6,21,79,57,58,28,37,22,26,16,20,75,26,79,78,0,52,47,85,82,78,19,20,97,85,17,31,64,38,33,75,63,89,69,72,13,29,97,0,11,47,37,7,30,3,32,55,91,53,96,17,91,39,15,25
69,29,98,67,46,20,71,23,57,75,15,91,29,46,89,50,32,8,98,46,20,21,97,46,36,86,33,84,82,69,86,2,83,56,44,56,62,35,16,36,65,29,19,23,49,15,87,63,78,69,67,42,7,79,58,59,62,37,79,76,25,78,56,8,14,58,57,66,87,89,79,71,41,63,67,98,86,20,26,25,52,25,58,72,60,64,81,47,95,50,95,80,29,79,94,85,92,39,64,73
34,51,85,5,53,24,77,39,100,2,61,52,37,88,31,28,32,45,40,49,79,85,92,39,7,92,75,37,54,80,42,88,21,28,89,87,78,41,64,20,4,87,68,40,49,6,18,33,96,57,13,86,4,83,17,48,24,84,35,58,33,91,69,15,1,97,68,75,94,77,25,99,13,4,58,91,75,88,72,93,56,28,15,95,78,84,38,30,50,32,63,13,92,56,33,95,61,79,98,43
18,26,98,69,62,34,50,37,80,83,96,58,36,66,64,60,25,69,68,40,50,62,57,96,21,23,59,4,84,6,79,86,80,64,45,42,21,54,81,37,2,85,29,79,80,90,36,31,78,40,93,42,89,14,61,31,94,77,47,31,84,92,69,18,18,2,58,61,50,86,77,47,92,90,60,19,77,77,2,91,36,6,31,86,1,92,71,78,65,52,45,75,66,81,21,63,56,46,80,97
74,17,62,35,78,39,95,56,4,18,59,48,14,45,37,63,84,5,85,72,100,18,42,100,7,17,50,84,7,8,71,43,98,73,86,14,88,29,87,34,31,69,13,97,77,87,56,14,4,87,63,2,9,63,20,97,25,75,99,15,30,15,3,94,17,52,89,91,48,99,55,77,90,60,83,97,77,19,78,4,40,43,87,0,75,28,70,95,36,16,92,85,94,99,90,79,92,45,52,58
90,98,38,89,39,25,36,21,77,56,90,63,93,0,24,57,34,49,77,26,6,86,64,69,95,31,58,17,89,28,80,15,47,34,35,1,33,97,58,92,75,42,36,90,61,51,100,71,88,31,14,40,54,24,98,1,60,100,37,81,7,58,25,83,30,87,68,53,93,43,4,74,29,28,33,29,29,22,51,39,59,16,76,56,52,31,81,78,89,15,3,50,16,99,42,96,56,4,50,69
46,81,59,56,82,96,94,93,95,94,48,88,60,10,100,90,98,8,74,61,6,9,90,79,85,46,3,63,6,70,94,100,71,64,39,21,49,34,44,30,20,8,45,28,67,46,22,87,10,58,41,41,49,31,37,46,1,54,43,57,95,60,67,55,44,51,33,0,70,48,3,21,63,59,92,61,7,59,45,26,72,89,39,74,92,32,75,16,59,43,36,53,81,89,61,28,26,93,9,47
11,4,12,98,10,1,9,28,52,31,6,41,36,20,91,53,81,93,87,62,35,41,32,46,41,98,12,36,33,59,76,72,45,35,37,36,82,56,84,38,77,82,40,79,75,7,17,92,93,67,35,73,85,13,69,85,62,30,98,39,87,57,69,14,24,84,68,75,1,52,32,6,35,62,4,85,27,92,13,65,62,5,85,15,81,11,63,82,75,32,28,6,69,0,69,79,20,47,26,100
99,38,13,17,82,35,0,63,60,18,2,17,13,44,30,16,3,71,54,39,91,42,81,9,86,34,88,63,26,63,32,23,21,12,3,70,68,44,41,84,77,87,99,79,31,82,35,73,20,1,14,79,3,100,57,98,37,15,18,52,42,13,39,9,78,85,91,82,48,95,9,72,94,94,89,98,52,80,38,65,33,14,14,91,44,98,62,46,89,36,44,62,24,87,10,2,49,15,85,83