95,86,76,0,23,85,5,28,83,88,99,58,99,32,2,96,89,90,66,14,4,37,35,28,76,51,8,51,54,17,29,27,13,46,49,5,9,74,94,68,21,85,84,5,8,19,31,13,11,27,43,4,51,44,10,19,27,27,95,49,88,85,65,18,80,14,40,24,98,96,32,48,74,33,56,33,61,64,65,62,47,83,37,73,20,28,71,81,71,2,100,62,66,13,51,19,75,92,67,76
90,11,22,95,87,95,50,11,94,81,100,90,99,30,65,53,9,59,84,5,26,68,23,93,6,16,82,4,30,50,99,47,64,95,7,79,41,68,78,10,77,9,23,1,29,74,80,52,50,73,58,37,67,36,43,23,52,34,5,31,97,4,49,76,53,29,43,38,0,100,23,30,62,73,84,94,58,17,88,54,83,13,61,25,32,100,88,26,2,9,56,8,93,76,70,67,8,77,15,59
5,46,48,44,35,27,34,5,77,69,12,92,48,52,100,2,67,92,95,45,38,16,84,75,59,95,36,22,13,25,76,66,13,50,48,43,5,23,53,71,80,80,45,3,75,69,88,2,72,100,68,82,71,23,94,41,25,49,59,18,27,72,30,42,23,87,34,5,5,4,27,79,64,83,79,42,71,64,88,25,83,87,14,32,62,38,51,92,93,7,85,90,1,61,18,26,0,21,83,85
11,32,0,75,16,29,6,21,13,68,77,99,4,67,2,50,86,42,31,26,11,81,98,60,1,57,60,19,63,64,38,21,48,88,68,32,6,38,69,13,3,79,14,80,78,78,10,36,48,12,19,52,23,35,8,90,23,5,10,11,40,92,58,34,75,78,77,28,5,27,72,9,33,62,59,93,52,27,55,92,62,2,83,75,93,4,61,42,62,14,17,9,46,17,1,42,38,89,0,34
48,90,36,87,61,63,21,96,81,87,24,36,43,9,59,3,18,13,94,83,10,30,23,13,44,47,13,50,67,89,10,43,59,77,96,52,20,99,46,66,50,70,4,27,34,74,30,74,35,93,91,77,51,26,86,50,26,62,69,67,52,50,14,61,1,20,42,27,38,23,5,0,69,11,19,37,88,79,7,6,31,99,59,84,25,43,48,26,69,73,24,2,73,85,72,34,91,53,42,4
53,52,100,69,55,95,39,70,83,31,93,85,13,31,80,73,38,66,67,69,90,87,55,39,91,91,54,62,57,31,6,51,95,83,57,19,23,37,90,1,61,99,11,83,0,65,1,39,87,65,1,51,77,38,29,56,11,40,78,55,48,57,20,28,31,100,14,82,13,81,48,9,20,96,96,87,29,95,49,27,23,17,27,86,26,17,64,23,79,26,18,67,99,52,84,53,85,32,86,41
38,67,10,82,83,52,70,4,83,62,13,27,14,85,78,73,31,47,52,58,43,82,39,46,100,90,67,26,24,99,47,71,2,29,40,17,33,59,62,57,84,58,44,100,18,10,2,11,53,77,4,83,36,78,12,45,100,23,31,86,51,100,19,36,14,42,71,47,28,79,24,51,46,77,21,34,2,62,9,39,49,74,23,84,16,95,6,13,47,58,64,65,55,50,26,29,31,100,84,72
51,6,82,88,98,48,2,72,63,89,92,0,13,92,49,70,48,97,58,71,12,74,72,66,37,13,2,29,97,62,99,69,66,43,63,83,21,70,69,84,37,48,66,19,38,44,90,2,86,10,66,46,34,97,36,51,10,45,16,41,38,54,43,30,75,59,70,90,37,58,69,68,3,85,3,68,10,24,92,58,24,93,57,0,14,91,0,8,66,49,33,14,9,23,75,91,88,74,33,27
31,32,39,52,22,52,74,38,79,67,84,33,51,44,66,32,25,69,2,42,45,73,13,5,54,63,27,43,39,36,11,99,18,1,52,45,44,27,30,30,43,48,100,63,66,6,2,10,10,70,88,33,0,46,63,21,87,95,79,2,19,78,98,56,32,29,82,89,64,2,64,86,85,49,52,53,24,72,25,64,100,98,87,41,39,42,10,10,32,48,8,61,27,56,16,28,28,17,57,1
100,43,20,50,98,5,18,85,37,47,56,64,21,53,69,73,73,65,74,39,5,44,81,66,47,19,95,13,84,39,33,94,95,81,40,98,22,57,56,74,66,82,26,54,24,5,36,85,99,71,13,92,42,63,11,46,57,23,44,23,89,82,71,94,78,100,37,88,45,96,47,99,100,43,1,7,43,21,48,17,10,13,27,55,82,18,85,93,62,2,70,68,85,65,70,24,89,94,74,58
55,68,54,5,98,59,2,83,39,70,95,85,93,30,98,90,48,67,54,56,46,75,86,18,78,78,28,66,39,10,56,36,9,62,78,66,49,20,15,63,85,26,80,32,12,40,38,66,88,91,73,23,78,64,13,14,28,84,62,62,62,0,58,96,18,28,52,26,12,21,81,20,81,24,11,2,67,32,26,99,8,80,45,18,37,68,72,67,25,20,77,55,58,81,21,61,84,14,79,79
54,63,17,2,47,65,9,47,73,77,58,14,57,18,94,62,32,6,67,5,51,91,21,56,33,7,46,63,81,77,6,23,20,30,52,12,8,68,16,25,49,75,37,59,70,84,47,21,53,7,23,63,31,63,34,50,80,39,74,70,88,52,85,13,88,85,8,45,33,14,59,85,32,82,93,91,78,14,19,52,58,3,86,4,84,1,61,62,98,18,48,71,68,70,15,55,54,51,43,40
73,79,46,63,5,59,54,87,24,22,40,87,57,19,44,73,84,70,84,57,100,44,62,23,77,91,85,76,66,40,91,76,25,80,21,45,19,28,95,26,88,51,57,51,75,86,18,29,1,55,72,33,38,59,2,33,96,12,99,60,76,90,49,84,88,7,53,86,49,90,56,80,7,61,48,11,69,39,1,99,10,57,81,21,29,55,51,0,48,46,20,42,77,85,85,56,22,89,72,63
37,99,76,12,39,26,16,85,54,36,15,99,80,45,63,83,47,52,43,53,16,7,57,38,30,67,60,38,92,62,54,76,84,5,61,72,71,10,70,22,62,33,44,93,61,33,85,45,63,81,70,75,72,81,87,58,18,68,90,49,33,50,61,49,50,44,80,5,22,41,51,76,61,49,47,61,64,13,46,52,86,35,69,46,2,50,64,62,33,33,71,73,95,7,32,48,27,25,73,94
78,90,13,2,15,91,95,18,38,36,57,95,94,54,100,18,94,85,6,14,9,13,83,53,60,62,9,2,7,72,85,16,68,92,67,92,38,80,50,59,8,44,69,15,21,56,45,3,51,44,67,34,33,48,46,23,23,2,84,80,84,59,70,47,8,20,14,97,71,59,76,95,20,75,44,47,56,67,99,59,100,27,91,63,84,87,52,31,27,12,79,33,94,21,93,41,36,22,97,47
45,54,49,6,100,77,38,52,4,14,3,47,36,2,58,45,92,64,4,94,66,41,48,72,26,80,82,69,97,21,7,43,88,93,48,99,39,83,55,32,100,50,27,7,39,21,89,86,87,20,17,96,44,29,67,20,51,84,6,30,55,10,62,80,80,40,7,5,37,36,6,44,77,42,1,99,41,34,55,63,6,9,13,86,85,17,45,8,44,83,7,18,10,86,92,56,82,45,61,3
6,86,37,31,97,64,94,70,9,90,23,34,62,73,50,4,77,94,34,69,60,61,34,40,98,4,75,54,2,9,77,72,86,63,5,6,42,74,11,62,3,67,30,29,16,84,45,13,28,14,22,23,83,62,35,98,11,36,59,78,36,62,55,6,61,40,32,78,51,60,91,46,74,71,61,83,100,86,38,70,95,38,68,93,81,90,55,13,27,62,8,25,31,97,56,49,14,93,37,69
65,19,16,75,33,35,34,9,78,60,96,37,88,26,41,70,77,20,95,61,14,91,9,6,16,60,92,64,4,5,58,42,0,31,31,25,40,97,30,5,46,69,8,23,29,93,60,31,84,4,17,69,85,27,60,25,11,100,24,46,79,64,41,6,23,54,3,31,97,4,87,95,0,14,10,32,93,57,50,83,10,71,50,67,90,93,98,78,88,70,23,32,60,96,38,55,31,53,21,17
35,0,88,8,52,75,2,32,80,18,77,82,24,28,1,86,54,35,37,100,51,54,36,14,48,45,35,68,23,85,47,0,29,33,3,72,37,34,69,31,69,74,56,4,10,98,36,33,62,34,61,69,70,13,14,14,76,22,40,97,66,10,90,11,97,31,5,14,49,14,83,95,56,21,34,32,26,25,41,77,21,6,27,8,83,23,98,25,65,84,2,17,84,43,7,96,3,9,7,88
63,14,25,24,54,38,70,44,71,48,15,79,83,89,85,50,16,12,74,70,77,28,74,71,57,33,69,27,17,4,53,53,6,82,58,52,74,73,25,36,72,82,99,94,2,19,92,30,85,62,76,84,74,25,58,31,18,1,79,60,47,63,93,15,53,15,54,34,29,21,64,92,28,79,86,20,64,31,10,99,82,80,92,28,99,61,8,100,95,47,98,67,65,87,82,50,49,51,87,74
12,25,12,68,46,17,19,20,47,64,5,8,8,85,86,39,49,49,38,74,51,62,44,89,67,38,17,87,36,35,31,96,26,49,40,6,17,81,1,58,12,42,57,78,71,39,40,2,69,12,18,49,80,61,89,8,14,33,96,32,37,85,61,25,70,99,10,15,30,22,13,61,10,52,41,33,84,100,33,91,57,79,33,63,54,28,51,16,28,96,94,93,49,95,12,20,46,81,13,63
22,46,0,39,33,78,61,3,96,5,29,9,88,46,69,44,23,50,12,34,16,44,84,10,72,43,62,11,88,36,56,22,24,100,79,58,72,79,50,36,14,99,44,72,43,1,21,83,21,12,11,81,71,91,75,64,89,75,8,56,96,32,91,44,73,8,65,8,84,85,18,71,35,29,25,19,25,41,79,10,1,3,82,98,74,2,64,60,31,12,9,89,8,93,46,76,69,30,24,7
38,61,61,79,61,66,13,53,59,90,31,61,46,12,59,31,23,22,6,11,18,53,37,84,93,25,30,99,17,28,21,87,48,85,40,83,88,18,1,12,12,75,52,65,14,49,65,73,11,80,65,34,8,67,20,13,61,22,91,73,3,17,92,64,19,86,65,50,95,15,24,63,42,22,4,1,37,70,44,73,100,40,7,85,9,85,52,71,69,61,100,75,22,80,28,18,4,66,84,70
46,68,26,96,11,0,29,10,87,41,98,0,27,82,13,48,24,54,8,18,74,7,59,81,93,42,18,36,10,70,50,45,69,51,55,93,25,58,48,64,1,81,76,37,54,9,83,25,0,65,63,75,60,49,63,20,67,4,26,58,11,45,67,31,24,4,54,27,11,44,29,65,84,78,24,13,60,31,28,70,79,83,16,69,49,81,33,2,16,59,13,86,29,57,43,37,35,41,36,29
69,85,30,31,86,63,75,34,45,51,82,91,68,59,87,69,24,53,32,95,99,9,3,90,97,25,48,0,53,30,90,7,85,58,13,2,47,50,52,27,15,99,93,44,85,62,27,56,7,99,7,60,66,52,46,29,10,40,5,1,15,84,28,23,1,52,3,93,68,98,54,65,2,66,24,88,74,61,88,43,96,20,46,91,99,21,86,16,77,33,2,43,13,42,16,75,3,62,43,27
14,55,23,59,72,17,94,44,71,38,13,22,31,44,13,3,16,81,64,18,97,28,80,15,69,10,85,27,56,79,78,49,78,38,85,33,70,59,58,91,41,45,14,50,55,46,65,55,91,9,38,15,69,69,5,97,37,72,9,12,2,28,86,40,12,67,26,47,95,25,85,9,38,97,99,1,4,20,58,59,67,18,2,55,45,10,51,3,98,2,5,99,92,42,35,98,37,65,93,43
78,31,48,72,85,86,29,0,41,94,18,0,8,16,0,41,31,88,63,11,62,63,42,26,47,94,97,35,28,35,10,41,36,64,1,24,73,32,67,33,46,28,26,2,73,58,43,41,67,84,39,71,61,91,93,43,7,71,7,96,51,75,93,6,25,2,61,89,80,83,44,78,29,86,84,48,100,2,12,98,62,4,19,25,75,2,73,81,46,4,72,8,30,61,56,9,40,86,50,64
4,21,20,60,83,45,99,95,82,80,45,43,20,97,90,14,34,78,1,100,31,5,100,6,49,67,43,3,41,5,50,1,58,68,92,20,16,89,46,90,58,98,56,74,95,44,76,27,93,70,55,65,58,20,0,33,36,84,74,27,65,51,29,50,1,73,49,64,52,39,8,24,43,45,39,89,65,53,46,92,77,12,6,28,14,63,26,40,93,71,38,62,39,49,46,51,89,0,56,48
44,66,17,61,10,92,95,71,96,89,62,64,6,41,55,28,20,64,31,58,79,81,5,27,97,23,27,78,3,82,7,89,38,69,20,70,32,94,26,17,87,96,76,86,82,34,69,75,22,38,42,79,80,30,34,63,100,15,94,88,21,7,78,78,30,54,59,84,80,94,29,89,76,11,89,23,41,72,53,98,56,69,33,72,35,25,53,58,24,57,27,46,54,83,40,1,65,21,47,14
4,67,61,17,63,53,6,7,38,19,23,11,3,30,62,88,88,4,84,10,87,94,83,85,56,10,67,76,61,25,59,33,52,84,91,43,85,36,87,66,96,16,56,95,8,33,73,10,25,32,44,89,59,25,29,11,58,48,92,40,15,6,58,41,21,83,77,13,91,76,50,98,27,76,12,72,24,15,88,5,63,97,47,98,95,4,21,15,86,9,75,5,88,52,77,18,74,32,73,34
88,10,3,2,45,22,24,49,60,10,82,76,16,19,20,39,91,66,85,71,97,12,76,47,94,23,50,65,73,48,85,6,34,7,36,51,63,99,9,46,36,54,68,77,45,20,48,3,67,69,55,2,61,82,70,2,39,23,45,96,59,73,63,91,88,35,84,14,29,97,51,81,80,57,7,85,28,10,89,9,60,64,99,66,16,7,4,60,41,30,43,22,35,100,8,3,7,36,42,48
96,93,64,99,72,99,19,95,2,32,30,1,24,41,73,90,0,64,50,10,64,44,87,42,10,22,20,0,6,31,42,51,19,10,42,36,93,26,13,4,26,18,27,20,24,12,25,67,37,65,4,45,85,88,0,28,81,72,90,24,61,9,57,42,41,100,54,63,17,46,86,97,35,61,41,70,51,65,67,15,94,44,46,90,96,50,53,91,79,72,28,84,43,22,92,62,64,95,17,100
30,2,21,11,14,20,97,24,2,79,87,64,11,38,52,23,42,5,70,29,4,95,34,13,82,18,88,49,7,34,32,45,13,41,75,2,66,55,80,86,18,12,51,24,90,50,41,88,36,16,20,59,84,69,23,93,90,95,82,97,83,18,63,49,18,59,61,75,34,87,69,33,78,48,36,29,14,74,68,51,68,50,77,40,2,1,82,94,54,21,34,21,87,43,92,70,46,97,78,34
70,0,66,64,33,29,87,97,20,4,65,68,33,12,24,61,35,15,97,6,32,95,73,79,53,10,94,35,34,38,22,27,2,36,24,91,42,84,38,53,70,9,0,41,22,59,99,60,25,42,45,7,63,43,74,29,3,66,9,32,34,80,21,73,87,1,40,58,9,64,28,56,100,70,19,91,66,42,41,40,14,47,55,79,27,26,95,14,87,31,71,79,82,22,76,61,73,9,22,93
60,20,19,93,82,62,42,19,21,56,49,68,84,26,28,12,18,28,50,9,81,48,73,46,19,40,99,17,72,35,38,31,33,19,100,3,11,61,12,87,50,64,48,91,84,7,38,75,94,4,41,78,26,0,38,16,19,78,72,65,62,37,27,66,26,50,69,73,78,25,47,88,61,71,59,81,78,32,59,21,58,10,32,52,42,29,70,82,12,97,39,38,7,72,73,21,86,67,0,2
80,3,30,73,92,9,45,97,22,20,61,60,77,54,49,85,76,37,34,81,71,14,50,67,86,10,12,46,89,14,46,99,10,97,6,94,35,38,4,25,36,82,8,46,75,80,36,49,22,3,98,15,97,54,33,59,19,25,81,99,49,50,73,85,93,80,41,6,30,72,11,20,93,82,2,3,31,21,59,37,58,98,43,36,83,36,28,36,15,2,48,71,55,79,85,69,11,20,20,3
6,8,84,49,48,61,46,77,93,51,20,82,54,96,50,36,93,97,43,32,85,60,94,40,87,98,95,71,100,50,23,80,3,3,84,74,88,81,19,36,18,75,43,67,76,85,93,73,32,34,56,14,7,38,69,83,62,12,58,82,16,62,5,0,40,26,88,36,65,4,74,87,91,71,44,5,96,62,69,92,20,40,22,16,36,57,85,77,28,44,71,72,32,7,84,17,77,76,70,79
73,87,88,68,85,33,90,6,79,84,53,31,33,75,100,20,63,26,11,70,3,25,61,84,22,78,5,11,24,56,75,92,61,70,55,87,11,48,36,88,48,21,4,2,25,86,27,20,82,25,32,9,80,13,64,12,7,36,19,28,18,86,91,93,93,82,44,33,82,55,20,87,68,79,38,75,12,59,45,26,71,60,91,11,20,73,40,9,11,35,49,93,90,37,33,90,43,5,22,30
91,65,96,11,60,49,48,52,49,23,89,28,68,54,0,22,44,84,29,46,17,52,6,100,40,76,30,87,48,98,18,77,11,53,81,66,4,6,62,33,37,57,22,85,82,48,85,55,27,25,93,93,36,37,72,39,80,14,25,88,33,64,15,24,48,69,98,93,68,60,76,65,6,15,29,51,3,60,8,45,0,85,78,37,62,69,14,38,95,48,81,47,15,0,32,18,75,54,10,24
82,26,86,81,3,17,95,77,77,30,16,82,42,27,73,54,40,51,91,69,59,65,34,85,47,66,94,76,44,13,38,54,45,29,91,57,80,92,14,77,11,75,46,2,87,11,67,56,67,56,77,75,85,87,82,84,26,70,40,83,86,21,46,53,19,56,80,39,52,50,16,39,10,59,55,89,48,15,91,67,78,53,75,55,29,98,51,89,6,27,19,85,86,55,21,99,95,49,81,98
15,38,91,53,77,14,50,56,38,19,0,66,39,19,5,90,93,80,97,37,14,22,41,62,77,3,75,43,0,18,73,66,16,48,24,16,90,79,71,55,0,85,100,0,2,87,18,93,81,15,89,41,78,88,20,47,100,83,93,32,94,28,3,60,36,89,67,86,68,60,36,69,39,64,94,41,18,72,45,72,100,80,7,47,65,7,92,22,33,100,73,97,66,25,65,99,2,63,61,71
21,60,46,71,73,95,14,98,16,50,70,59,68,54,44,61,23,37,49,91,81,0,71,70,98,46,50,35,9,82,24,29,93,36,41,59,43,12,66,92,3,67,3,81,95,98,4,75,92,72,10,49,3,5,11,97,0,61,68,2,45,54,9,20,79,97,69,8,23,84,93,39,37,10,75,48,90,67,13,86,54,30,24,31,1,94,12,50,36,89,45,7,6,35,37,75,35,25,4,3
84,64,23,55,4,16,21,12,4,94,27,41,25,6,63,22,97,95,36,26,19,40,94,10,37,63,87,98,35,85,92,20,51,60,100,11,41,19,77,55,22,81,54,2,3,5,73,45,100,32,39,2,35,70,11,81,54,91,75,13,19,31,86,98,47,49,49,27,37,94,0,12,61,3,29,96,40,9,64,85,44,53,66,49,24,41,86,16,91,82,34,21,95,61,17,2,95,23,13,27
81,52,47,7,90,58,27,70,51,77,13,11,23,43,25,19,18,70,27,47,98,89,2,44,12,94,72,49,96,89,28,10,99,98,6,52,83,93,32,11,0,61,69,29,32,59,85,86,88,54,74,43,37,45,81,56,76,35,82,63,51,49,40,53,70,62,65,12,32,96,25,59,99,87,14,67,32,84,42,45,45,17,44,60,34,7,84,16,26,68,27,36,33,12,62,2,73,5,11,34
73,43,79,30,80,69,19,16,16,99,61,44,30,60,22,46,66,6,43,76,28,88,89,79,20,43,96,29,86,17,61,15,74,11,4,84,48,78,87,21,5,38,15,20,31,33,13,71,14,55,0,69,74,81,46,12,20,97,47,33,38,17,66,2,76,27,93,99,49,84,49,26,11,38,16,99,56,22,93,66,71,68,39,94,30,82,34,9,82,9,45,17,9,43,64,37,42,7,78,26
35,34,36,25,13,27,44,96,51,59,5,79,85,27,63,99,1,35,45,54,99,83,11,15,2,63,5,8,28,17,69,19,5,74,50,44,77,31,11,11,33,68,21,11,42,65,22,79,17,31,12,39,19,75,93,78,10,80,93,70,52,84,25,53,43,31,19,22,24,34,16,55,52,43,10,62,42,7,87,42,22,95,40,100,40,13,99,23,1,60,4,2,7,63,28,93,39,93,72,12
4,92,74,34,80,45,72,43,71,43,93,83,47,92,4,38,4,91,23,22,72,70,37,98,52,62,67,32,24,61,11,29,48,47,49,23,44,21,11,54,99,51,35,68,69,69,42,63,52,9,48,71,79,78,52,57,27,4,75,61,8,32,61,86,17,17,98,80,21,54,6,87,46,79,61,76,6,2,78,2,58,98,13,20,1,75,94,72,76,88,28,81,23,31,4,74,12,60,46,31
30,67,11,85,92,52,23,90,12,64,23,33,69,10,5,25,44,68,19,1,13,25,83,88,52,90,24,38,1,28,55,25,18,0,79,43,7,25,27,61,5,57,94,23,22,49,95,56,47,71,36,47,30,45,85,41,50,26,73,86,79,69,44,97,38,59,14,30,17,84,84,62,83,42,21,42,87,47,50,85,17,10,1,78,61,90,9,69,45,17,42,32,90,90,42,96,57,1,35,93
100,55,33,80,18,28,72,16,51,75,100,37,47,75,3,19,47,66,38,55,78,44,84,32,84,11,41,12,15,87,89,16,1,98,20,9,46,65,64,27,45,23,39,91,27,81,96,93,88,33,35,75,17,70,100,57,42,1,42,79,66,58,25,43,60,53,52,93,74,39,47,83,66,97,24,71,75,39,34,62,25,96,2,49,26,11,55,12,95,93,69,17,63,2,25,42,50,3,82,54
51,7,25,72,57,90,1,27,87,79,42,2,3,90,58,74,74,30,62,94,17,5,67,52,85,73,81,78,77,76,47,29,24,53,61,51,51,64,72,16,11,9,91,25,2,26,20,14,44,43,18,20,73,62,6,36,62,28,16,6,10,66,11,87,69,64,6,73,69,46,22,82,25,27,91,8,98,35,21,20,13,36,0,55,24,11,26,95,9,55,52,6,74,83,19,57,37,14,55,52
59,35,71,34,75,59,68,43,97,45,63,33,96,70,17,32,45,46,67,86,61,56,14,56,11,2,88,28,39,11,62,79,68,79,83,0,75,21,59,65,95,85,65,24,10,60,78,41,83,10,10,33,52,56,1,88,24,67,74,79,55,63,40,14,10,26,18,0,20,21,8,62,94,36,78,9,96,4,12,70,93,82,20,65,94,96,93,76,18,99,51,81,33,93,66,43,77,20,31,75
71,27,51,42,37,2,26,20,13,48,91,18,9,74,75,38,97,43,79,18,89,63,7,9,53,22,2,96,45,82,27,68,88,2,62,5,56,89,71,98,48,18,60,72,23,37,34,5,18,64,25,52,77,8,66,98,36,41,90,6,71,25,10,7,73,70,24,26,97,24,43,99,50,40,2,83,32,41,62,89,44,98,35,82,30,74,61,78,8,50,88,12,22,90,34,16,65,19,3,83
94,9,87,59,10,6,5,17,17,85,66,30,71,25,23,98,45,2,3,75,39,58,76,5,85,45,55,67,11,30,43,42,79,94,17,86,91,16,38,23,25,7,10,72,50,71,43,55,77,28,96,49,54,54,35,58,41,33,74,70,58,79,62,61,34,13,33,63,87,60,40,69,3,87,4,27,64,1,2,29,36,70,78,47,73,85,49,42,32,54,36,33,15,68,60,94,7,48,72,85
73,41,4,79,86,7,39,4,63,22,29,39,55,52,98,63,62,11,83,45,17,18,23,84,50,3,69,53,56,100,43,1,96,48,59,21,82,32,61,16,17,83,85,52,67,80,61,50,71,75,57,27,52,4,22,75,14,90,29,60,30,51,21,51,6,93,29,64,54,73,92,50,10,39,92,36,25,46,9,8,66,71,71,55,6,21,27,50,85,76,20,60,59,8,100,4,87,45,57,83
55,68,26,100,74,44,31,67,48,11,42,43,68,42,95,69,24,19,47,65,53,86,87,54,89,95,51,54,10,32,33,23,83,0,56,53,47,68,8,10,37,40,72,97,98,22,95,89,72,18,67,25,62,67,81,91,20,23,27,100,88,41,22,87,35,29,59,99,1,90,97,99,2,11,62,95,57,78,30,36,25,75,55,5,47,2,53,32,37,62,68,83,50,68,38,98,17,65,49,6
56,20,18,90,67,58,42,56,34,72,73,4,26,70,65,31,61,75,92,43,91,24,64,91,1,21,25,5,77,91,90,19,25,9,83,4,47,32,64,8,100,42,18,66,53,99,56,86,97,45,85,79,62,78,16,86,71,27,35,97,21,42,30,52,89,14,7,65,34,23,61,27,3,92,57,24,28,60,95,73,72,85,23,48,26,93,31,19,66,81,11,34,67,9,78,91,68,78,79,49
83,89,7,15,39,20,77,19,4,91,67,6,14,93,5,19,11,18,44,60,76,13,94,44,91,83,60,30,69,22,56,13,0,7,93,44,52,42,48,67,91,81,3,72,59,70,56,38,99,69,7,33,30,43,86,0,17,17,97,87,83,44,6,94,66,100,36,47,73,68,43,11,72,72,50,84,49,8,44,63,34,80,87,50,71,48,67,4,52,37,42,90,8,35,58,80,61,15,17,69
28,34,14,65,49,52,47,50,31,47,73,16,79,59,0,5,30,30,15,67,48,33,12,89,12,86,33,60,94,25,49,61,42,92,8,19,80,63,12,69,53,15,81,4,93,39,70,82,39,32,100,38,11,100,11,15,49,13,17,49,2,76,69,82,34,30,89,98,84,83,0,68,33,19,9,89,92,73,79,16,48,37,56,16,13,51,93,52,22,16,71,78,90,82,2,0,71,77,23,61
21,30,55,43,52,99,13,17,85,23,40,45,53,60,9,2,49,73,57,80,22,36,43,9,75,1,53,28,22,93,46,79,25,53,47,53,58,56,76,92,68,72,27,54,41,12,4,12,55,19,26,77,45,54,49,26,3,93,2,70,4,91,58,59,73,37,52,77,59,99,57,97,70,33,36,49,97,36,71,19,69,45,60,85,28,62,64,33,95,94,6,13,87,29,63,96,4,57,62,32
23,81,7,93,86,87,78,8,85,49,64,83,93,51,84,49,1,14,1,93,53,37,26,26,50,81,64,16,52,1,27,48,7,88,5,81,6,70,6,89,72,59,48,99,46,32,43,30,59,73,32,97,90,61,16,85,28,100,65,87,97,11,16,51,50,90,12,99,67,25,93,34,70,90,23,80,61,11,54,71,92,45,36,34,25,40,82,5,59,79,46,62,51,9,100,62,51,68,5,73
69,1,2,62,19,80,39,0,80,23,34,83,1,91,4,41,1,78,75,54,45,88,0,44,56,72,52,71,99,71,71,27,44,15,22,63,84,47,61,36,19,47,35,49,84,66,91,59,0,28,0,44,62,100,27,24,69,97,62,94,4,40,89,99,21,68,92,39,46,61,99,54,49,85,82,44,3,76,68,42,10,81,93,45,65,8,96,7,29,0,21,44,40,100,66,90,13,26,2,78
91,33,1,100,2,23,38,93,51,92,73,75,14,35,43,7,18,70,72,21,15,29,18,92,51,59,0,50,17,48,42,66,76,40,42,28,90,58,88,36,62,59,70,59,9,70,26,0,89,36,1,82,37,16,16,90,81,45,33,28,63,100,18,85,90,87,74,36,81,11,30,99,94,53,37,86,70,62,25,83,73,28,84,40,18,24,21,44,66,67,39,7,9,33,80,30,85,5,3,92
31,12,22,97,0,74,26,49,0,20,65,31,41,83,24,5,39,38,38,5,51,27,77,80,49,57,84,92,86,78,25,76,48,53,31,42,0,39,68,95,42,55,88,11,9,82,90,37,34,18,61,91,99,44,16,70,68,24,85,63,7,97,53,39,22,97,100,50,25,34,25,76,11,69,91,60,48,99,6,9,27,6,8,63,32,93,65,49,3,41,66,18,55,12,45,66,78,7,87,9
35,71,73,8,78,8,53,32,44,78,40,92,90,87,57,78,91,10,72,76,8,66,97,1,100,83,44,69,39,37,8,81,92,52,67,79,96,74,28,44,80,32,60,7,62,33,85,79,69,23,23,43,48,90,16,51,53,84,67,38,48,13,22,56,3,5,97,52,85,33,81,65,85,84,72,25,96,58,24,65,93,3,65,28,97,51,35,45,46,29,50,88,45,42,2,5,47,56,72,47
80,37,58,89,36,26,8,30,2,66,8,37,10,6,14,25,60,69,41,85,52,41,61,26,32,15,17,56,93,26,45,12,86,20,39,93,81,19,46,82,33,37,32,58,33,32,85,85,43,79,70,16,71,4,87,78,11,76,76,64,68,35,63,84,85,10,20,63,42,96,35,20,60,17,2,2,98,88,1,97,17,73,93,53,1,83,14,88,87,21,17,33,95,99,98,69,96,51,45,68
59,74,91,9,70,68,100,7,81,30,32,2,48,32,75,56,90,4,26,70,3,86,32,61,46,67,37,84,41,44,72,94,69,69,20,64,90,93,5,13,93,30,37,98,11,48,11,91,99,67,57,18,38,30,14,10,99,15,76,92,41,10,84,52,98,19,5,48,31,53,71,78,83,98,69,49,44,27,44,97,97,90,45,21,63,77,23,94,77,12,15,8,28,66,98,78,90,6,9,74
54,64,5,62,96,8,41,23,26,41,76,86,98,80,68,80,75,70,83,76,84,3,54,37,14,5,6,96,61,5,75,56,71,82,99,100,26,70,42,49,0,54,36,32,73,18,16,76,8,78,49,19,55,25,98,88,32,89,35,79,100,30,95,98,76,31,88,88,40,58,51,62,3,32,95,12,54,95,7,27,42,94,57,58,87,0,48,83,39,7,98,94,0,32,99,8,85,48,5,38
86,47,35,50,4,71,91,66,55,31,61,12,49,40,93,27,84,5,67,48,54,59,70,44,35,40,75,59,2,39,22,75,11,90,99,71,55,0,13,66,70,35,26,33,10,0,22,17,87,44,77,51,85,92,45,57,14,5,40,43,54,41,36,32,65,30,15,79,83,91,7,87,50,38,92,6,7,21,49,71,90,21,58,37,31,47,89,91,43,9,6,73,74,8,70,68,72,40,71,41
55,16,17,59,15,100,74,46,68,71,30,77,89,26,23,99,71,85,100,83,25,25,32,48,97,14,34,14,86,79,3,16,13,90,43,100,20,22,89,87,81,100,25,59,47,92,71,88,36,81,37,36,65,24,18,29,61,38,88,4,52,84,66,24,74,32,91,49,91,14,21,49,29,42,10,61,60,77,62,3,27,24,7,19,6,79,24,46,91,19,24,32,67,57,6,36,41,39,54,90
37,51,5,78,1,27,37,9,43,0,82,34,47,30,0,94,66,73,22,50,87,73,93,26,29,36,1,67,82,14,62,78,14,30,6,41,6,61,92,31,60,36,21,38,29,77,45,4,86,88,18,25,62,44,42,46,24,53,10,43,82,46,65,67,68,50,69,67,7,40,50,2,78,22,85,6,22,64,55,70,84,89,77,18,91,17,38,29,36,37,38,62,16,96,97,78,14,63,33,94
84,59,40,17,7,35,76,25,34,10,11,86,34,81,100,82,31,40,0,47,70,33,23,9,76,92,53,10,54,81,5,7,59,90,88,7,67,11,84,21,62,49,53,63,56,54,28,4,12,58,53,86,90,23,44,70,25,70,100,40,97,45,67,11,26,9,72,36,70,22,92,72,3,83,26,86,2,54,64,40,60,97,93,43,45,27,66,86,20,60,94,64,16,81,52,7,29,85,22,39
92,40,95,3,76,96,10,75,0,86,64,66,85,89,47,15,62,75,54,92,54,74,86,93,92,21,29,13,94,5,55,45,4,92,31,98,26,37,81,53,71,11,84,59,70,41,97,98,12,47,35,16,60,55,21,55,77,87,24,27,76,45,76,82,18,6,15,39,17,60,24,4,50,14,72,28,74,60,51,39,47,28,65,6,72,32,37,59,96,70,70,26,32,54,79,78,11,68,52,30
77,36,92,91,59,71,72,32,93,88,70,22,76,30,31,81,84,3,69,18,86,13,70,68,36,73,12,81,0,78,76,9,37,35,4,25,17,12,99,14,50,99,22,64,56,54,64,25,5,26,37,40,70,62,11,65,7,36,51,63,19,51,22,76,71,3,28,77,26,76,15,19,90,99,16,71,2,40,22,2,66,89,25,53,63,53,84,11,100,71,62,52,55,66,44,14,44,42,93,59
11,45,81,2,17,31,75,99,0,56,18,32,26,23,56,34,48,41,40,8,52,86,12,31,9,23,95,69,88,12,62,25,63,24,13,64,79,35,35,97,70,20,66,27,51,23,37,18,64,47,10,15,97,88,68,55,37,98,77,26,99,50,26,44,72,37,94,31,62,30,36,1,37,62,93,20,76,56,83,96,39,92,80,57,80,33,53,62,68,32,68,43,29,20,75,30,78,23,68,91
44,0,33,86,31,15,22,22,70,98,94,7,13,66,62,66,38,35,2,12,88,66,10,79,46,70,27,88,6,10,8,25,41,66,61,38,17,12,84,61,17,27,4,26,12,24,21,57,24,100,61,42,58,3,52,74,87,99,62,8,88,34,62,8,52,96,21,32,56,70,34,42,9,5,72,84,3,49,81,52,13,65,16,20,62,84,36,17,20,4,80,56,66,68,4,68,5,81,4,0
56,92,37,42,1,98,99,61,21,0,40,87,78,45,79,48,21,58,8,92,76,3,58,94,96,53,94,90,80,37,47,56,70,26,94,38,24,70,39,97,41,45,34,63,25,40,61,49,56,61,2,5,36,58,13,52,86,56,56,41,4,69,60,4,88,13,65,17,68,97,77,21,91,91,74,81,7,62,22,70,35,58,68,65,90,63,81,61,81,42,37,69,98,56,38,89,2,67,37,57
40,53,66,3,62,76,41,4,92,14,54,49,55,14,82,14,97,89,62,69,68,34,0,50,92,21,28,57,9,88,81,51,87,9,21,40,27,84,93,89,30,91,85,44,61,81,59,49,46,56,73,13,81,40,80,25,98,50,81,90,10,61,79,8,59,44,89,53,39,18,38,6,86,15,47,15,54,5,15,69,8,96,16,52,71,69,63,50,95,57,15,0,49,52,67,61,61,29,5,65
4,42,23,38,4,66,51,85,76,72,30,39,87,62,72,37,53,7,11,56,49,2,31,2,14,77,82,21,76,44,75,100,37,18,11,38,33,95,17,32,12,65,74,78,60,87,15,71,80,63,82,30,51,8,3,24,22,22,95,22,64,91,71,11,5,74,65,41,48,15,88,24,30,37,16,35,6,64,7,37,64,100,34,93,58,37,68,15,56,82,72,1,86,83,20,76,21,82,36,75
25,1,66,7,36,91,80,35,73,15,56,58,0,32,28,85,14,38,18,31,54,55,98,98,99,86,57,37,21,86,23,6,4,76,92,22,26,13,33,28,3,70,95,93,38,66,79,38,45,84,8,16,10,90,69,47,49,15,63,14,58,1,78,47,83,19,72,21,69,18,35,49,23,62,44,51,75,0,60,35,48,74,69,27,33,3,33,16,85,87,61,2,0,32,36,65,19,32,34,64
48,2,32,75,76,38,62,58,53,87,20,77,12,21,88,21,51,76,29,61,63,0,10,85,12,59,32,49,43,95,100,83,60,8,53,97,44,56,75,20,46,87,24,20,21,72,68,38,37,78,36,8,46,85,27,37,0,68,67,46,71,82,72,33,83,24,75,29,45,13,7,43,90,61,92,81,2,23,52,61,72,2,19,17,77,15,3,82,64,1,55,45,80,85,67,14,82,21,100,99
53,99,74,76,87,74,66,80,89,48,40,34,14,57,98,34,22,37,0,46,2,88,84,26,78,0,38,31,39,14,32,53,8,50,56,6,24,22,46,54,50,32,90,9,98,54,81,43,28,27,36,95,15,10,99,57,12,10,39,13,4,76,13,66,66,96,9,24,46,7,13,17,8,70,83,33,23,67,100,94,72,34,74,43,87,25,8,61,8,82,61,22,24,36,34,14,81,7,99,94
77,74,68,43,13,20,67,12,40,85,54,16,33,47,22,29,100,97,26,3,73,70,60,49,55,31,29,49,23,7,16,28,43,77,77,38,86,31,91,18,4,12,92,75,97,22,42,35,23,66,5,79,32,38,93,81,83,87,89,72,67,18,56,45,26,71,51,8,11,100,95,55,48,51,91,77,82,68,92,22,33,26,25,45,75,33,46,60,19,2,70,59,43,87,89,91,70,16,81,66
61,10,73,19,92,22,84,95,2,36,76,81,46,99,2,32,23,31,27,34,50,79,97,44,36,8,100,85,4,25,71,33,59,2,82,38,9,32,45,96,83,79,79,53,65,7,42,98,67,21,26,98,8,47,31,71,84,13,16,96,66,52,25,80,18,69,52,55,45,3,42,48,91,9,59,97,95,45,83,37,5,28,44,21,49,93,75,49,55,54,75,2,50,40,21,96,78,16,43,42
73,40,41,45,24,69,93,2,45,5,68,15,13,64,27,47,84,63,19,64,42,19,73,63,7,95,55,85,40,63,47,80,87,21,99,7,47,87,31,85,20,45,75,43,69,87,57,56,98,51,71,33,35,18,85,80,25,96,50,23,9,78,41,3,13,98,36,6,9,43,44,92,36,10,75,5,28,83,16,59,88,36,71,21,73,22,69,99,41,5,13,34,68,9,37,13,23,45,54,53
41,68,13,17,8,17,11,88,93,0,49,56,2,65,50,41,99,97,4,24,13,49,70,15,50,85,76,100,28,3,73,8,26,93,31,82,24,91,50,37,39,47,66,45,100,0,36,53,41,37,58,65,61,98,52,44,83,42,70,84,10,45,28,12,15,97,40,49,90,80,31,90,37,99,59,2,90,66,33,46,43,83,44,61,9,38,2,61,65,13,10,2,83,57,8,64,43,4,64,35
92,43,77,51,20,0,13,52,98,23,99,41,33,79,46,78,66,0,24,2,84,26,63,38,3,86,94,55,73,25,92,21,66,11,44,13,95,49,17,5,9,52,86,44,69,75,64,88,67,95,99,44,69,49,95,48,44,7,33,97,84,33,16,41,79,54,70,92,14,16,36,49,83,25,76,43,39,58,85,88,20,75,2,5,74,48,60,94,68,76,23,32,56,44,10,97,80,85,88,1
6,45,28,65,93,45,25,85,46,38,30,30,92,18,65,51,61,86,77,54,35,37,90,66,6,73,53,78,92,78,50,51,73,83,22,81,44,60,39,35,60,17,65,67,21,92,73,69,77,86,16,17,61,58,41,13,53,81,56,95,1,33,45,7,28,95,10,86,77,46,70,36,51,3,14,20,94,90,21,64,89,81,61,56,73,7,3,31,48,4,39,9,60,15,73,93,17,33,33,61
50,76,53,61,89,69,30,60,97,98,7,47,82,37,68,8,5,76,13,92,4,75,42,36,43,82,73,5,31,47,73,2,1,45,62,32,90,19,22,60,6,36,67,37,83,45,98,91,80,80,20,59,88,35,98,33,96,33,46,58,24,70,79,41,81,84,4,91,74,96,36,93,59,79,84,39,99,14,85,40,76,100,55,34,90,1,60,35,86,13,11,98,98,43,67,55,20,53,74,24
75,85,89,71,19,26,68,96,59,77,65,92,48,42,51,66,90,71,80,23,38,10,39,85,85,17,21,14,61,10,70,0,32,48,77,5,17,27,21,52,56,25,49,74,7,27,7,43,2,49,26,50,78,19,4,47,80,64,76,22,92,55,50,29,53,35,39,72,33,49,46,95,34,53,70,31,28,38,69,20,15,7,40,94,88,83,63,53,1,78,81,14,53,23,50,84,68,11,8,61
83,54,52,31,74,65,64,75,28,21,63,40,10,9,47,90,65,92,12,80,28,3,39,16,94,72,44,22,11,91,5,69,29,12,43,80,17,65,51,74,65,32,57,4,51,68,27,70,77,55,41,19,69,78,67,38,58,66,21,94,84,59,22,59,51,56,37,49,61,27,34,63,74,15,53,69,78,57,16,25,8,20,63,49,82,52,14,21,85,47,51,44,54,13,94,2,45,59,82,35
3,26,74,97,73,4,24,44,28,19,5,0,94,27,13,57,15,78,65,81,91,27,97,38,80,16,11,24,74,35,29,90,27,13,12,65,63,8,94,28,92,45,23,62,49,0,34,17,1,24,55,2,25,9,87,96,7,25,44,48,57,66,70,42,40,59,73,3,36,19,75,98,39,46,66,69,29,83,75,91,70,97,62,74,9,57,11,68,20,44,98,48,51,46,96,67,48,27,51,68
63,1,29,97,48,86,11,26,60,93,87,30,29,72,2,94,74,6,38,72,24,88,61,77,26,27,85,93,77,53,96,75,7,25,21,87,93,17,74,58,61,18,83,13,32,25,54,91,70,99,19,72,9,81,75,17,41,43,7,96,63,6,82,74,24,90,77,54,75,26,1,91,55,31,23,14,0,76,87,71,43,55,45,23,98,46,74,26,30,57,38,12,93,49,4,72,40,82,43,39
43,17,57,89,48,82,2,38,18,87,72,19,36,37,40,83,73,18,6,98,34,35,31,33,36,30,40,62,6,18,45,68,17,40,52,30,85,83,0,15,92,81,98,45,53,73,73,30,46,35,27,85,22,28,38,34,42,100,29,18,64,46,92,80,52,16,36,100,42,8,33,84,1,30,99,46,0,29,58,2,17,73,25,86,65,28,33,81,64,72,77,12,76,84,89,28,47,33,61,2
7,98,48,97,99,55,16,20,84,62,54,48,34,41,15,94,99,15,50,49,83,2,3,59,86,91,38,35,72,61,68,38,94,37,1,0,42,58,14,78,90,18,35,41,97,64,34,19,29,74,44,31,33,2,16,40,2,95,68,74,46,19,27,99,71,49,88,98,74,8,89,10,97,84,75,0,60,29,72,54,8,71,0,84,18,61,92,60,88,1,92,20,12,89,12,78,46,86,92,94
86,34,53,34,7,15,99,64,51,88,71,33,63,1,60,97,50,55,79,65,95,12,75,26,85,75,36,9,20,21,37,77,89,70,76,10,80,68,94,59,56,47,35,75,91,85,43,55,79,13,81,58,16,90,49,71,0,100,18,62,88,5,9,55,41,16,15,57,42,87,91,14,56,37,17,83,50,99,17,99,20,34,13,9,81,100,48,29,31,25,7,85,25,54,47,18,50,33,92,90
50,9,10,29,66,51,75,59,9,72,95,47,89,71,1,0,10,21,25,90,12,80,19,29,91,14,4,99,20,0,66,74,46,79,54,36,63,58,80,11,59,63,18,41,26,66,63,36,76,40,88,43,9,46,45,43,58,34,89,61,17,9,12,33,64,1,53,77,30,96,65,31,55,99,47,72,94,3,71,93,68,50,71,69,9,12,35,1,0,77,76,98,6,95,31,72,83,19,22,4
6,15,67,48,92,52,52,94,41,76,20,48,87,49,68,7,17,40,62,46,98,66,4,96,77,42,59,9,33,36,77,63,60,78,1,6,49,26,72,96,91,41,91,34,99,11,30,28,88,42,47,35,56,52,76,5,68,39,24,29,97,33,60,69,17,45,9,76,35,10,68,43,44,28,9,31,26,28,11,12,10,76,26,65,60,52,42,21,76,84,24,2,60,88,89,57,50,70,9,68
8,71,56,6,33,74,42,30,21,39,58,90,15,39,73,66,47,43,92,38,74,87,52,99,74,43,59,0,29,62,53,94,73,58,49,54,86,47,3,8,28,43,73,99,34,55,60,31,99,21,90,72,76,66,74,40,20,1,68,91,77,98,63,41,23,44,69,94,24,20,46,78,36,84,68,64,98,99,46,70,76,43,16,65,53,11,7,2,91,78,22,98,53,93,42,80,49,11,61,28
90,21,64,87,4,16,48,100,93,77,90,37,64,93,78,6,92,24,22,38,1,37,19,38,12,39,54,89,31,31,39,59,79,53,13,38,51,62,71,20,57,1,3,4,16,69,80,63,19,72,56,97,77,10,1,59,37,55,24,43,100,9,28,90,35,47,48,62,64,67,39,47,26,33,7,47,66,64,50,11,24,78,16,74,51,49,61,44,0,84,1,44,40,90,93,46,100,63,91,99
7,79,31,97,24,48,47,35,36,76,20,2,75,75,55,44,10,0,27,26,6,18,57,2,20,1,7,8,84,26,100,97,15,73,97,93,55,94,70,40,22,91,80,51,76,57,6,16,54,75,44,61,50,62,43,23,7,5,29,56,53,61,48,80,15,52,54,31,38,20,89,31,66,62,66,2,86,34,3,27,75,49,57,86,75,88,52,53,51,64,38,51,54,3,95,12,54,40,90,30