16,100,56,78,73,86,60,11,53,81,29,1,63,34,70,52,82,38,68,17,63,73,26,74,76,97,36,74,26,14,40,66,79,78,50,38,30,51,50,94,17,55,97,62,71,32,99,62,28,79,90,28,76,45,54,74,43,5,88,69,61,80,2,37,64,65,89,14,11,57,74,91,82,8,58,79,50,16,53,78,3,36,57,43,10,87,34,93,62,15,81,39,42,29,39,22,27,0,35,64
9,3,18,84,54,25,18,56,100,98,22,38,34,39,6,91,3,40,50,51,16,79,28,12,97,49,60,73,9,26,51,57,50,25,83,37,86,78,51,18,10,79,61,24,31,5,30,38,96,85,36,45,45,29,96,47,2,11,57,6,84,38,84,3,24,56,91,49,93,29,65,93,38,65,90,82,65,38,18,20,51,0,0,18,80,2,65,74,41,73,81,50,87,18,59,36,53,79,10,60
13,48,83,34,92,5,31,11,43,50,77,52,81,77,63,80,21,45,55,56,11,7,96,76,50,43,10,22,64,89,5,61,95,72,58,79,31,22,85,56,25,41,43,10,45,67,80,48,8,52,68,92,76,53,50,79,18,26,22,64,72,72,69,43,28,87,23,65,45,66,60,100,85,75,32,10,10,48,69,19,28,37,67,64,33,47,88,23,78,85,0,11,71,41,4,92,34,91,84,89
41,94,49,54,66,80,93,96,86,83,68,61,41,40,20,41,15,24,94,49,41,33,58,100,33,56,79,49,43,98,36,56,38,70,69,36,66,54,30,2,68,54,82,100,31,64,81,46,88,24,89,16,32,40,43,46,17,94,76,23,4,75,86,76,62,39,9,17,63,43,99,90,57,19,83,94,70,11,80,8,91,89,54,3,27,23,90,32,43,79,45,33,29,73,91,68,49,36,12,44
9,15,15,91,62,75,70,7,89,39,3,7,58,60,28,74,75,100,43,49,72,42,43,0,43,59,72,75,98,48,29,63,52,68,34,46,64,95,76,43,93,83,96,88,29,61,39,80,71,38,1,54,89,67,27,68,70,91,57,6,30,26,93,81,98,89,54,90,13,7,37,11,91,37,16,69,90,86,47,32,27,48,92,68,24,68,14,75,88,45,90,53,64,22,1,2,46,33,61,88
71,45,97,97,16,80,13,86,87,17,73,62,45,0,41,95,90,83,31,73,81,19,89,66,19,7,77,68,17,25,85,44,37,29,77,80,43,47,8,94,59,96,29,67,82,83,26,68,8,39,22,14,98,37,66,11,86,97,17,7,64,69,87,20,37,53,31,52,96,50,52,25,17,48,50,4,17,42,23,77,85,26,88,49,38,67,64,22,38,49,11,5,73,89,73,68,63,82,91,85
57,25,84,83,37,28,82,29,79,20,17,53,55,73,96,21,42,46,34,61,48,81,4,60,29,67,81,75,89,77,22,32,92,9,22,50,83,100,90,18,33,54,91,86,61,56,16,57,43,17,56,5,4,36,55,50,71,79,64,42,44,21,58,13,30,21,78,70,55,87,38,6,22,35,84,6,96,100,46,89,95,84,80,43,70,86,87,94,99,50,65,45,56,97,19,72,54,2,73,31
71,55,77,13,82,62,17,47,44,73,35,25,32,54,55,52,9,53,51,73,75,12,73,8,52,74,32,97,42,29,38,39,41,99,54,28,55,63,48,66,16,72,57,99,7,99,70,43,69,71,91,88,94,79,77,13,74,48,84,71,19,22,10,61,95,91,74,65,3,96,20,9,88,4,77,91,2,16,6,86,65,64,96,23,76,44,57,75,59,76,39,51,62,85,32,67,41,30,30,89
13,39,49,67,6,61,68,0,11,70,96,99,3,76,72,89,80,75,69,91,48,4,36,5,36,61,62,91,58,6,19,32,51,59,8,22,88,27,49,52,51,99,100,65,38,23,60,57,42,59,100,24,89,20,15,49,44,39,77,59,85,62,7,9,74,3,24,18,32,74,16,99,10,81,14,96,48,77,44,22,36,50,7,87,72,70,51,34,57,92,12,2,8,79,76,65,64,0,39,5
71,96,35,3,56,27,54,7,71,96,14,3,51,22,92,13,9,34,30,64,78,37,79,11,1,57,93,78,11,68,68,93,17,58,6,25,9,77,77,71,64,3,99,36,35,88,89,90,86,92,25,63,44,12,32,15,82,13,36,37,29,16,63,71,40,63,21,24,25,53,92,36,76,91,51,36,16,52,74,59,24,59,71,49,25,61,53,72,100,93,57,19,49,37,67,46,96,99,18,28
98,51,48,40,28,20,39,44,64,28,7,42,25,99,90,29,0,70,5,55,79,9,61,90,82,37,57,64,59,51,56,89,25,51,83,33,62,17,10,5,42,36,29,67,85,39,24,68,36,88,59,18,13,52,18,30,68,98,27,63,85,34,33,43,4,24,87,96,3,68,59,24,37,81,84,93,74,44,78,74,73,36,67,70,68,17,84,26,70,10,46,78,91,26,76,42,20,71,0,97
11,20,87,40,72,54,35,11,57,73,23,66,39,73,42,70,45,67,18,56,80,47,3,26,66,92,76,51,22,91,19,65,10,48,38,96,0,6,7,30,30,34,81,58,33,0,42,68,2,28,11,18,88,39,75,6,80,16,82,21,74,49,14,34,27,74,78,56,26,57,60,45,88,26,76,76,88,12,55,39,22,16,99,3,69,22,99,86,60,49,83,67,69,7,62,88,24,40,85,74
72,98,20,95,83,22,54,0,66,73,66,22,27,63,76,85,15,35,12,49,31,13,63,27,20,74,89,64,58,51,38,24,57,64,41,18,77,19,0,92,29,78,26,77,37,90,69,17,2,56,66,72,73,1,96,33,67,18,63,82,67,85,54,39,23,2,75,83,65,98,27,57,77,64,12,1,4,40,81,89,70,98,75,21,40,45,80,67,26,93,90,36,39,46,99,44,2,9,86,69
83,82,79,46,9,47,77,25,8,28,22,70,33,75,9,81,0,57,27,3,0,66,3,61,63,74,6,100,29,97,44,62,39,19,99,57,43,67,37,98,10,78,71,80,41,45,92,71,28,60,34,45,48,8,57,9,85,58,93,7,20,42,41,28,72,66,100,75,100,89,6,76,95,62,11,47,89,11,69,36,44,19,41,28,47,46,76,67,0,52,76,60,68,4,14,7,22,93,6,50
91,96,61,9,9,84,15,15,84,59,68,43,93,69,37,77,7,88,51,4,77,19,81,85,37,85,57,12,50,64,58,57,29,29,26,11,91,65,57,51,71,27,81,51,64,26,23,16,71,43,45,10,88,12,71,77,28,23,11,53,72,44,14,10,56,75,41,65,59,71,53,77,57,4,81,50,98,15,8,88,95,80,58,21,89,83,56,32,35,41,39,66,5,58,36,5,71,75,94,61
6,20,26,40,62,95,68,51,49,49,82,6,54,100,88,99,93,45,11,55,80,75,50,90,18,37,63,14,90,76,59,23,28,43,22,45,96,96,40,39,2,47,57,32,34,13,9,52,82,6,42,20,91,70,89,27,75,7,93,7,84,65,74,68,7,94,79,29,52,49,13,100,8,91,27,55,38,30,62,80,22,73,67,24,17,52,43,42,89,95,53,7,9,17,93,1,24,61,87,7
40,76,13,5,39,56,31,77,86,52,44,67,4,55,53,36,14,90,43,19,62,59,6,31,24,23,25,62,59,49,2,30,11,17,29,73,28,25,22,10,52,32,91,76,52,58,58,20,36,18,95,15,100,51,99,29,64,56,84,40,100,12,67,82,51,10,95,71,35,30,67,9,82,64,39,51,71,97,34,57,49,9,23,93,99,95,17,89,53,52,20,100,100,17,90,82,94,56,37,46
75,17,97,20,40,48,10,46,39,36,61,42,34,100,42,0,18,0,67,42,46,43,54,31,62,67,85,80,79,6,75,11,46,27,87,62,35,75,58,36,24,52,69,45,58,99,100,76,83,9,86,97,24,48,90,97,20,67,53,1,46,65,34,47,15,22,15,42,24,94,24,82,15,70,19,32,36,64,17,15,62,49,16,50,42,9,83,16,6,3,51,97,87,6,94,21,75,19,16,34
82,11,38,71,48,75,8,22,93,4,15,46,81,10,70,90,64,49,42,20,71,21,11,48,26,50,4,65,90,60,76,83,89,27,61,93,76,14,12,18,54,8,15,35,51,1,84,71,51,12,62,65,45,10,88,99,27,41,62,52,54,70,21,37,97,89,87,74,0,83,7,7,24,51,55,86,10,85,30,12,66,90,6,22,55,97,34,1,37,13,23,48,77,22,57,40,21,27,10,17
43,21,49,37,77,71,89,25,57,40,56,4,41,46,84,38,55,6,53,20,46,8,22,84,15,37,63,99,35,25,3,35,24,36,90,66,75,76,85,74,23,2,46,72,64,8,67,10,100,9,28,87,100,98,24,55,100,86,58,88,49,39,69,45,43,81,44,41,18,38,35,61,14,19,70,38,33,67,2,92,9,76,91,42,98,84,4,56,12,69,97,78,49,5,46,94,86,58,41,27
60,47,21,64,68,29,71,31,40,80,29,67,6,36,65,35,24,55,65,63,36,51,43,85,100,53,73,12,87,59,7,14,97,32,75,89,50,95,60,44,24,26,46,15,36,50,87,85,7,27,68,35,61,10,79,73,87,55,41,6,97,67,24,83,45,1,39,76,98,26,74,36,68,55,39,6,50,54,66,97,38,8,7,6,68,63,86,24,49,90,96,31,31,98,43,43,33,59,46,77
54,5,18,87,24,56,44,55,22,17,36,61,49,79,20,89,48,55,47,16,54,14,23,87,83,85,2,35,79,12,94,18,73,92,33,87,22,55,24,69,30,3,1,91,19,42,77,90,18,89,19,74,5,0,71,46,66,48,34,74,55,59,64,61,12,14,35,18,69,8,78,46,9,7,24,99,38,16,47,68,59,10,24,6,100,16,51,88,74,34,10,48,61,10,69,56,69,61,83,70
58,80,9,99,8,53,34,75,91,39,54,92,10,32,48,9,89,21,86,90,85,40,21,81,12,94,15,1,13,52,78,62,54,92,93,32,0,88,99,1,0,84,61,89,55,62,67,81,76,15,19,66,32,44,3,90,2,61,68,49,33,23,95,36,83,36,65,58,10,80,7,12,34,40,92,34,17,32,64,23,91,46,61,34,68,13,95,34,86,90,60,6,96,98,13,2,54,73,87,94
68,75,56,3,41,75,66,4,97,29,29,32,65,23,82,8,93,0,18,99,41,87,2,65,37,76,64,89,90,11,56,13,27,46,23,6,80,98,85,77,97,86,20,29,64,10,35,3,46,92,31,59,100,53,42,67,81,62,58,34,35,49,29,36,85,47,89,99,55,5,71,60,73,78,56,61,46,87,45,48,53,62,54,21,25,23,71,17,6,27,55,39,88,4,67,0,98,23,67,45
55,40,96,73,69,4,57,60,4,96,28,5,24,13,41,37,90,67,85,79,41,24,85,68,94,72,61,0,73,28,36,0,56,28,28,24,100,90,100,48,100,63,97,45,58,29,13,49,93,42,58,29,9,16,18,49,62,11,6,82,14,67,52,35,35,32,89,2,10,72,10,48,55,30,84,22,91,63,30,66,56,28,94,40,37,47,0,32,96,90,80,15,2,81,39,88,97,35,90,20
98,0,85,40,84,100,13,56,6,69,95,81,72,46,14,66,73,77,76,7,62,21,0,69,30,39,76,36,29,42,28,95,88,85,1,94,11,43,72,100,31,59,17,88,71,86,87,55,2,27,35,45,67,54,74,82,74,30,38,78,12,11,7,69,67,66,97,77,3,8,34,91,63,10,12,25,21,71,10,19,79,81,72,38,68,0,94,28,23,84,94,56,27,11,57,72,32,84,50,22
39,62,47,58,49,75,4,8,66,75,99,19,96,74,12,29,54,1,22,53,86,52,98,15,73,18,21,40,16,61,60,29,44,59,26,43,81,29,88,78,60,33,19,25,26,8,63,49,29,23,89,47,57,80,24,96,71,31,48,54,64,47,98,79,56,58,98,17,86,84,11,78,79,11,52,14,90,83,57,16,28,28,100,56,75,71,91,84,50,28,34,75,63,59,64,65,98,38,4,25
2,76,87,17,58,88,26,77,37,91,76,54,90,17,29,20,87,23,25,3,84,56,4,70,6,20,53,98,83,7,20,45,95,77,82,9,90,71,4,36,79,23,76,76,56,30,38,25,35,81,88,14,86,29,99,16,71,82,6,17,45,97,98,45,0,66,33,44,19,31,25,29,63,34,10,31,73,26,47,89,81,90,89,59,22,27,90,44,89,66,65,16,51,97,76,34,77,32,85,8
34,40,13,97,76,58,13,54,66,62,31,57,36,75,14,5,78,7,25,2,32,19,78,58,41,31,27,64,58,51,69,19,69,83,69,85,23,44,84,66,6,63,22,64,24,32,6,55,97,90,10,90,56,40,88,3,86,97,32,88,92,84,40,45,73,81,4,36,55,79,14,71,87,9,11,79,86,34,34,30,79,36,35,44,65,46,66,54,95,2,100,19,57,79,21,87,47,92,87,58
65,23,48,43,3,37,35,76,96,58,30,21,81,53,38,79,88,75,73,4,13,5,71,81,100,71,88,49,38,100,44,32,75,37,80,20,48,88,1,24,39,5,5,75,94,85,56,80,22,19,78,34,26,59,72,74,56,60,37,38,70,20,49,50,100,21,22,79,4,68,60,88,66,18,51,8,33,78,0,20,75,50,25,53,45,57,44,60,51,23,62,15,75,11,64,83,58,66,75,7
31,73,85,8,90,30,41,74,44,24,15,52,13,78,29,74,41,17,82,27,42,65,81,93,67,38,25,82,14,1,88,68,91,17,54,91,55,85,29,56,54,16,37,74,78,53,6,26,26,33,54,73,2,42,50,47,97,56,84,38,2,5,58,37,68,35,51,35,92,64,84,3,0,5,70,54,35,41,25,3,46,13,90,63,25,18,75,98,85,33,5,91,83,64,53,36,58,4,12,68
33,84,22,10,60,75,24,93,46,94,63,91,42,46,100,97,43,98,61,54,92,81,23,3,29,36,12,65,73,73,19,41,75,19,72,62,28,89,26,38,64,89,50,43,97,36,64,30,9,62,39,52,62,32,68,32,79,42,95,60,50,66,86,56,77,54,44,87,74,88,14,33,2,83,50,98,15,65,16,44,56,10,79,83,2,5,25,66,84,93,63,49,14,12,59,31,75,44,28,3
68,13,59,99,43,50,99,89,11,14,12,17,15,32,5,25,91,62,17,37,32,38,61,3,78,18,48,36,81,1,34,98,44,24,95,43,20,39,39,27,25,92,46,35,74,54,27,15,27,51,22,20,42,79,80,90,45,11,63,10,74,92,25,43,65,38,53,87,23,58,50,38,39,67,83,51,9,42,18,23,31,6,99,40,69,3,2,11,3,61,65,28,4,78,90,71,40,56,89,35
5,44,21,85,60,68,75,50,87,49,84,84,34,52,100,46,48,41,24,53,61,28,1,85,3,83,84,63,65,94,56,9,43,5,17,96,88,76,9,27,19,11,49,0,40,86,41,28,11,32,75,21,20,42,63,17,34,39,16,71,28,0,27,55,77,23,18,40,72,64,66,81,56,47,88,3,2,48,90,18,4,37,9,56,92,58,3,39,75,100,79,0,87,12,21,9,24,100,34,49
19,17,93,46,39,71,8,99,33,50,25,86,91,60,99,25,86,13,64,10,36,31,42,72,70,2,78,39,96,56,66,39,73,64,58,38,46,35,78,51,85,26,88,92,25,51,55,90,63,57,86,65,25,1,32,94,73,96,46,4,69,67,66,30,61,35,94,24,93,67,82,3,47,71,68,25,7,5,92,35,57,50,48,35,86,45,39,40,14,82,58,52,94,16,97,24,12,42,85,63
68,82,56,17,75,64,57,35,73,19,40,12,63,33,30,44,50,56,83,69,61,6,40,1,88,39,37,19,1,5,78,47,26,98,95,3,43,59,90,80,43,28,58,9,10,36,74,100,29,24,82,44,46,81,43,36,20,18,72,66,17,54,57,59,100,79,74,58,9,19,48,47,78,88,34,59,33,15,64,35,0,72,64,70,21,5,14,92,98,61,50,93,40,82,27,97,42,90,16,22
73,20,78,13,90,37,86,42,93,8,3,83,21,79,56,73,31,25,9,90,30,30,38,22,72,72,100,70,90,70,29,6,16,19,33,48,6,18,27,1,43,94,25,64,82,6,44,50,95,23,20,32,51,92,43,42,8,14,62,2,15,5,79,18,66,72,54,14,16,42,98,58,85,98,58,36,48,71,3,5,6,10,26,90,83,53,88,32,98,37,25,16,5,68,54,50,67,38,55,51
85,89,10,55,28,15,1,53,45,85,83,79,5,96,55,65,55,35,98,14,8,29,64,96,82,54,82,79,48,8,64,51,3,85,20,98,75,93,63,98,24,20,67,9,3,32,12,8,63,32,62,14,67,42,78,22,100,16,2,37,60,34,1,37,83,4,87,79,40,31,81,57,47,75,58,94,39,67,1,98,83,8,52,75,73,90,8,78,39,76,45,68,13,63,20,3,12,65,34,69
45,40,57,80,97,59,61,94,30,23,75,40,29,29,60,22,10,71,47,46,70,48,35,37,34,79,64,99,16,63,62,36,80,59,93,17,13,53,78,75,48,65,71,26,36,99,9,0,12,47,44,78,84,73,24,34,73,16,34,10,4,49,30,8,30,1,0,16,28,54,7,30,15,51,13,20,86,31,100,20,46,56,9,6,11,43,81,43,78,15,97,1,87,29,38,69,46,27,83,20
100,51,62,33,55,72,40,6,66,84,44,2,83,21,83,94,26,85,3,36,45,97,90,7,75,94,56,51,43,63,79,58,74,20,4,0,91,60,44,16,68,59,14,2,97,97,60,16,95,59,73,71,67,61,31,95,6,60,56,74,79,14,40,99,84,46,83,67,33,83,97,49,45,90,99,90,7,54,21,94,79,20,79,75,97,31,49,39,35,58,86,47,74,76,51,30,4,61,69,63
43,8,64,21,87,27,18,88,80,0,94,40,46,10,71,43,80,67,54,29,52,42,5,14,34,87,90,80,53,2,43,4,64,12,26,37,64,41,41,74,27,25,79,6,64,99,33,34,36,22,62,46,43,22,16,99,42,25,69,67,22,44,60,38,18,60,89,69,88,12,93,38,99,32,84,31,8,99,18,56,26,60,65,21,75,96,75,49,100,64,94,2,83,6,78,11,42,91,7,74
50,93,64,57,49,13,40,84,10,54,1,17,91,88,5,57,48,79,14,77,99,16,78,30,83,99,35,87,35,67,74,20,57,7,48,34,98,36,21,45,38,72,34,50,81,59,35,66,38,74,2,11,61,28,75,68,47,31,80,71,19,84,50,54,45,90,92,57,93,28,1,69,19,63,95,94,23,27,31,90,18,50,25,73,63,47,31,85,50,98,89,49,8,5,33,25,17,92,64,94
40,33,83,59,44,29,17,59,68,35,78,33,76,76,55,81,68,64,30,88,53,68,8,98,36,87,89,55,26,27,4,23,25,23,48,13,81,47,16,22,34,1,81,17,55,80,11,85,30,26,95,76,42,86,48,68,85,100,53,66,46,12,25,86,34,13,52,42,43,39,89,16,99,66,74,92,91,18,68,91,44,36,34,85,67,88,29,14,77,86,58,20,69,72,75,23,10,93,96,24
88,54,38,21,29,4,86,5,11,25,72,56,24,84,74,51,3,80,46,48,79,38,29,90,74,88,62,74,17,4,1,15,18,92,64,83,53,41,6,70,90,63,98,12,23,68,27,53,72,90,24,54,89,81,87,31,51,36,92,87,9,15,90,32,14,88,3,15,9,17,15,37,29,68,77,94,81,90,37,59,89,75,84,67,63,2,63,53,89,18,59,49,69,72,63,9,61,44,16,25
96,91,81,12,11,61,60,85,44,3,69,88,4,48,47,78,6,84,31,67,43,85,39,72,67,80,32,62,86,82,83,57,52,89,14,90,96,11,81,12,66,21,33,12,47,53,73,62,97,31,97,80,15,23,52,57,8,29,53,58,7,96,13,42,16,26,91,26,18,50,45,5,88,34,41,70,16,27,91,5,85,51,73,94,4,90,91,30,4,36,89,50,18,41,93,21,19,70,72,35
46,17,61,75,95,66,89,63,79,48,22,38,91,82,54,85,57,21,62,70,20,90,89,22,6,38,63,77,70,77,90,37,55,39,89,18,12,68,9,73,60,78,81,87,54,70,1,81,80,12,24,53,32,44,17,36,4,23,80,14,65,85,23,55,16,74,17,26,12,47,37,22,48,4,94,47,96,73,0,91,11,85,62,98,53,54,96,79,92,82,2,99,23,49,82,77,14,60,21,41
52,67,28,88,58,63,15,82,42,36,29,67,18,3,78,66,8,14,99,0,59,93,5,33,73,79,68,94,34,67,90,25,69,99,10,65,89,58,52,100,99,45,93,21,90,69,41,42,44,70,49,13,17,38,98,33,13,33,8,62,94,44,31,22,81,20,9,23,99,69,37,1,82,40,74,50,8,7,9,59,5,28,100,90,5,54,28,56,19,19,25,59,53,5,36,74,34,50,27,2
49,94,32,88,39,65,76,12,89,72,77,5,97,76,7,63,43,1,34,21,41,94,36,55,70,46,63,41,22,99,41,9,52,63,89,99,18,28,12,51,70,25,94,1,30,34,80,38,45,35,66,48,34,61,21,66,57,87,19,71,11,43,83,30,20,85,6,6,88,78,53,1,73,10,56,60,12,18,15,92,55,39,17,86,95,90,5,71,45,94,5,12,46,32,41,87,20,27,11,4
28,82,82,10,98,33,65,33,52,57,100,42,80,41,81,82,30,78,77,12,91,13,34,12,2,73,35,85,26,47,4,26,87,84,19,14,85,79,9,24,29,40,61,74,88,40,17,88,5,88,11,52,18,89,22,91,50,47,28,38,97,50,84,0,53,43,70,38,92,92,38,38,49,71,15,96,64,100,63,89,33,40,30,18,71,86,88,41,12,55,8,65,46,35,37,79,87,79,89,83
21,24,6,24,57,24,80,58,22,60,45,71,86,70,6,38,88,45,89,8,91,29,81,90,54,10,11,0,80,16,47,14,1,75,14,67,59,76,34,20,43,8,31,59,64,51,11,34,36,10,62,43,53,40,10,55,97,81,59,86,97,94,77,51,89,49,23,37,77,79,64,69,5,7,66,90,96,49,25,16,100,26,41,37,39,83,23,98,3,6,82,99,89,62,52,27,22,12,8,92
19,91,97,54,13,20,12,26,20,46,83,6,83,65,7,2,41,46,19,73,49,31,63,83,50,18,12,77,0,5,55,50,21,31,25,99,95,25,73,12,82,60,72,86,99,62,13,22,75,37,70,95,67,10,4,25,41,76,66,49,92,89,96,86,2,4,66,19,98,68,72,29,1,78,82,44,40,31,41,68,45,56,34,76,27,100,25,18,39,35,100,34,96,54,43,84,83,42,53,70
98,75,79,78,87,59,14,62,47,79,53,22,28,49,81,93,65,16,46,46,44,37,44,89,14,77,45,24,94,0,65,31,81,80,46,98,97,84,7,83,28,35,23,62,64,30,50,15,42,36,31,74,77,50,5,11,55,18,73,71,36,15,75,64,0,18,43,82,56,89,55,90,57,32,96,39,61,39,47,20,22,92,88,48,96,35,97,59,12,29,72,7,77,2,86,65,67,73,62,93
78,18,48,99,80,85,31,44,14,85,100,76,10,58,51,68,35,13,3,26,28,27,38,26,4,20,45,12,83,6,77,31,46,87,79,0,95,97,14,20,93,81,40,52,38,60,62,83,37,25,79,7,34,41,76,100,70,85,50,68,74,37,65,8,56,59,21,86,23,37,51,66,96,29,88,66,21,23,38,67,8,95,79,38,24,17,31,88,77,16,21,34,20,42,5,31,79,3,54,17
78,59,62,85,24,57,22,74,47,3,65,23,41,69,45,1,97,25,47,81,50,10,88,16,23,54,79,42,39,55,91,94,15,84,31,23,43,52,13,99,87,87,20,42,73,2,58,56,89,18,7,59,45,22,44,12,11,8,47,41,12,61,74,74,21,20,29,40,51,98,99,53,6,92,71,87,40,52,22,68,93,57,21,35,45,73,30,64,54,24,42,26,7,53,47,33,25,28,64,40
50,18,44,57,92,51,28,93,61,19,30,24,90,58,43,39,52,0,19,85,17,73,89,32,5,6,81,90,90,83,83,92,61,79,10,25,48,32,50,5,89,55,9,90,12,7,63,93,84,84,85,82,64,17,51,26,39,1,56,10,86,75,91,5,94,66,41,83,92,0,76,84,100,79,91,51,3,71,85,21,64,66,96,65,25,56,45,96,48,93,94,75,75,42,12,68,52,23,18,60
96,46,2,95,53,7,7,73,62,25,72,66,94,69,21,1,50,24,42,31,95,83,99,66,48,35,84,99,38,100,23,39,31,92,58,14,60,52,86,93,75,23,16,49,13,59,69,64,78,1,77,82,84,86,77,45,98,59,83,52,92,50,37,53,80,68,100,58,36,93,28,63,10,35,26,72,99,81,30,34,79,12,77,17,100,75,11,68,75,86,15,60,78,44,75,36,16,4,97,48
8,42,93,95,35,81,45,41,18,40,52,75,68,48,76,72,51,95,33,9,67,5,67,42,29,56,60,93,73,27,59,21,19,86,93,42,19,76,88,76,66,86,52,90,81,72,62,67,97,79,0,44,36,28,65,30,88,75,79,25,42,22,12,70,43,9,31,39,34,0,82,31,50,72,60,64,97,70,50,1,56,17,93,5,90,25,39,38,37,73,47,22,84,3,40,51,49,61,79,100
22,66,69,2,98,60,28,35,99,89,20,97,83,31,23,15,89,10,36,66,60,77,91,75,57,52,24,50,18,24,87,80,68,36,46,62,43,2,44,69,63,30,68,65,60,17,89,3,47,50,57,64,3,17,45,12,47,96,10,29,38,82,1,40,98,45,57,28,31,29,6,4,39,35,59,64,27,12,8,86,35,95,3,88,86,52,62,50,35,31,50,48,64,50,92,6,11,38,93,85
70,95,98,68,92,2,36,69,22,7,7,19,84,14,6,83,99,95,41,62,63,84,89,79,69,20,4,57,37,52,13,5,41,92,41,5,22,17,82,89,9,10,87,42,7,97,47,45,75,89,42,46,81,80,32,55,29,13,61,66,97,24,90,99,83,12,64,24,89,22,52,68,32,34,100,34,72,64,47,33,41,10,2,90,5,47,47,19,24,2,24,32,26,71,99,5,76,31,66,10
68,28,68,82,44,44,29,33,63,0,54,14,63,66,78,16,10,60,93,88,94,85,26,64,84,25,85,89,33,62,38,96,13,41,32,6,98,70,18,43,100,58,67,93,96,73,46,50,43,92,18,29,100,23,54,82,1,24,88,73,6,59,26,59,62,66,18,50,7,39,24,1,85,69,9,75,95,94,27,66,38,76,41,76,38,7,42,8,42,61,72,20,0,36,6,73,86,4,78,74
5,89,75,69,100,69,76,95,96,58,29,82,51,65,49,19,90,65,67,25,59,58,86,60,75,14,52,100,6,39,37,77,74,31,84,21,74,62,2,1,90,20,59,74,19,71,30,78,86,34,9,2,97,100,79,61,5,93,94,40,97,99,82,55,20,42,50,44,72,21,56,91,18,57,82,16,45,74,64,18,8,56,4,24,21,84,39,85,95,38,87,58,2,94,8,19,32,43,7,68
95,71,50,7,38,72,44,72,32,23,86,22,76,24,11,27,0,73,24,34,20,38,9,4,56,57,38,62,33,23,69,10,73,2,84,30,16,30,32,3,23,1,51,22,72,65,48,92,29,65,61,63,21,53,13,33,49,63,43,71,58,12,82,60,73,21,81,83,39,40,83,42,51,70,50,65,83,100,83,50,52,32,74,80,8,82,85,0,92,35,12,7,78,41,88,6,84,44,97,40
3,11,98,70,52,18,46,40,32,53,41,91,20,54,0,53,24,59,67,91,72,64,84,39,46,8,50,10,87,30,18,69,18,78,26,95,10,36,36,82,69,82,85,65,35,10,55,5,60,50,33,39,62,5,83,18,5,60,48,2,96,73,26,60,8,53,60,8,66,33,39,79,61,4,21,28,47,26,9,88,37,53,51,9,78,66,32,30,90,14,96,98,40,12,19,92,59,48,17,42
10,38,83,3,52,47,26,60,29,88,1,2,55,59,71,78,10,5,48,58,34,81,16,64,54,14,46,0,17,1,30,48,24,79,89,72,85,63,18,44,88,26,40,74,84,4,65,94,80,55,36,77,80,3,68,93,3,73,24,34,59,97,45,99,67,64,19,47,40,12,74,91,60,90,76,87,46,3,93,74,84,28,89,100,92,47,11,43,99,81,68,90,53,72,44,3,57,6,11,33
30,100,46,97,33,20,79,88,16,62,30,62,80,62,28,60,7,42,13,98,73,39,12,60,23,90,84,85,19,84,88,22,68,42,81,53,42,36,31,23,73,94,22,49,6,37,11,97,93,0,73,87,63,17,12,50,7,60,52,52,43,22,35,79,67,56,57,59,70,44,38,37,26,54,70,8,39,24,12,44,12,56,60,62,86,47,16,62,54,74,51,55,70,82,95,11,56,86,28,60
0,82,43,57,96,20,81,86,62,75,7,41,36,19,100,25,27,18,48,86,98,24,81,69,10,39,90,25,30,44,79,28,58,65,6,83,20,66,20,28,60,52,52,49,22,13,51,24,92,62,43,47,61,94,28,53,14,0,97,14,6,75,73,20,49,48,16,69,9,14,25,21,29,88,92,5,12,73,23,25,16,7,84,2,34,83,74,83,14,63,37,34,96,6,73,77,60,78,77,38
31,14,10,84,19,39,65,20,69,96,20,37,53,38,42,37,92,72,3,13,63,55,26,4,44,25,53,86,52,48,60,30,36,75,37,5,40,74,88,52,91,83,4,16,84,24,27,100,10,97,74,30,78,22,14,79,18,85,40,87,94,24,41,76,2,85,18,41,21,69,93,93,34,7,65,27,66,81,21,70,68,43,52,96,65,83,86,79,16,10,41,41,56,52,11,24,66,6,10,96
89,63,47,19,30,19,84,10,70,60,89,64,23,73,46,6,9,78,53,15,7,7,66,4,35,8,38,27,72,50,0,4,95,52,77,50,65,12,97,98,46,1,71,24,27,100,12,26,38,5,76,75,71,68,6,73,73,70,18,87,22,45,9,39,21,47,38,74,80,49,35,26,65,65,92,78,58,41,53,52,21,32,35,18,46,90,25,91,67,28,69,85,3,36,79,28,74,78,23,61
58,64,23,18,59,5,54,72,70,97,33,79,59,75,97,57,46,86,0,29,15,88,64,96,58,15,84,55,29,3,57,32,27,10,22,42,48,61,96,1,13,78,2,43,35,59,64,8,0,32,87,43,44,60,2,14,59,97,8,40,40,74,85,30,41,33,74,33,90,5,22,85,72,97,58,7,97,5,81,13,22,61,39,27,50,97,14,66,40,29,82,52,36,21,22,53,12,59,87,29
49,47,43,16,41,66,91,49,40,3,94,5,43,44,55,93,29,12,87,78,42,30,69,25,84,42,87,14,53,15,17,18,13,7,40,13,63,41,44,20,99,80,21,60,55,71,32,85,100,51,20,41,33,26,87,51,86,17,93,77,5,38,55,55,98,52,70,93,80,80,89,25,38,66,48,4,89,76,17,39,61,52,38,25,22,90,76,81,89,71,68,91,66,25,7,10,35,28,34,78
92,10,79,59,48,71,44,49,70,77,53,51,40,33,53,22,42,79,53,14,81,76,15,95,9,18,85,9,13,2,16,54,59,15,16,100,15,49,15,21,44,40,37,64,72,94,77,44,56,22,91,93,22,87,55,84,56,0,4,85,35,5,12,56,65,87,96,43,76,81,97,55,24,90,71,15,95,88,11,49,85,53,89,10,50,8,60,100,79,69,45,53,90,48,78,78,18,71,75,85
29,40,47,4,30,91,0,5,38,84,97,16,23,24,93,26,48,43,36,32,50,22,96,48,75,13,93,90,6,65,82,89,30,41,89,32,26,50,95,70,47,54,50,95,39,37,79,19,74,95,78,69,61,51,45,79,48,85,2,25,3,56,94,58,49,57,15,67,90,11,88,47,64,1,5,34,15,8,2,38,93,80,43,48,44,73,92,2,49,85,96,87,20,47,49,89,28,12,37,17
23,7,26,43,96,39,68,47,24,20,16,16,86,14,41,72,36,63,28,75,57,90,67,25,12,51,52,24,12,0,58,49,82,68,98,82,65,33,22,31,59,79,64,18,29,65,17,39,96,96,84,31,25,86,27,91,20,55,7,31,50,24,1,27,82,50,14,56,13,5,54,58,34,53,20,87,89,43,12,79,76,71,87,33,34,99,93,54,48,15,45,79,100,69,50,65,73,98,51,94
69,9,23,46,1,94,92,91,42,34,73,11,61,21,32,21,60,46,44,19,57,84,61,13,17,63,41,87,98,62,4,13,50,62,79,92,19,93,10,16,14,54,27,29,91,72,58,93,96,64,54,95,58,8,8,90,32,41,22,71,9,7,61,18,21,92,14,39,83,34,21,35,43,49,16,30,55,14,35,40,46,48,25,25,98,16,93,80,92,85,81,3,82,60,72,78,37,87,16,51
43,89,92,42,53,25,58,83,66,20,9,41,77,39,96,17,51,74,4,35,79,38,62,41,87,73,63,24,41,84,73,75,44,77,64,64,28,26,92,12,67,97,25,12,57,98,90,47,29,7,50,32,65,99,43,88,73,71,75,26,95,48,65,47,44,96,11,32,2,23,15,30,19,70,90,87,59,27,47,85,77,31,2,100,67,66,28,70,71,87,14,50,63,39,13,98,30,100,46,96
22,69,65,21,87,9,55,25,46,3,91,34,12,41,23,52,2,90,92,1,12,5,96,60,91,8,41,59,79,12,84,80,94,100,4,18,93,80,42,10,53,100,26,77,90,2,57,23,51,11,99,9,89,50,76,44,89,55,66,36,67,44,47,10,95,10,7,50,54,25,39,84,94,94,18,83,32,54,3,1,70,31,62,99,45,11,2,84,86,24,85,7,97,45,23,99,34,27,78,30
85,25,31,52,17,62,64,81,12,40,75,47,66,16,70,78,26,98,23,28,91,95,59,80,69,81,83,10,79,50,55,42,49,58,38,40,71,32,100,19,33,49,17,41,78,11,3,51,51,39,86,20,21,63,29,97,95,41,66,19,30,28,53,90,24,87,38,54,76,31,80,63,80,14,96,20,4,18,43,52,94,29,95,50,5,79,39,32,2,61,27,72,49,31,64,60,25,11,9,84
26,71,11,55,56,33,74,12,24,63,29,19,57,73,64,76,68,38,30,4,23,15,1,28,53,74,99,36,54,48,52,3,49,86,94,96,66,89,72,4,15,54,47,33,15,61,12,87,78,60,50,94,9,28,56,55,68,37,27,77,81,18,69,44,62,21,63,37,61,70,24,36,73,32,44,51,63,92,56,78,81,68,34,9,43,1,0,55,62,7,25,43,2,79,65,52,25,48,98,37
72,69,91,92,21,39,99,48,31,88,17,40,35,41,30,99,67,85,50,74,16,67,9,0,96,63,16,44,100,37,16,26,26,90,55,7,10,28,48,37,61,17,99,9,20,40,64,30,60,13,67,78,90,80,90,90,55,9,79,52,61,92,72,71,95,63,46,76,93,22,87,19,62,58,42,67,55,60,35,19,52,91,55,85,83,72,24,77,46,8,52,97,40,25,96,15,54,85,71,3
91,88,44,29,44,70,64,0,31,41,51,45,23,25,51,15,39,25,65,67,24,89,58,18,77,42,55,82,83,62,96,67,76,51,63,81,51,61,25,86,88,37,90,44,76,30,97,83,85,1,63,5,84,70,86,16,65,68,49,77,33,86,95,51,0,86,57,26,70,58,57,31,48,24,72,27,56,64,63,70,93,56,47,64,38,98,99,24,97,31,96,71,11,83,75,66,43,45,56,83
5,72,50,49,20,73,13,28,91,48,15,27,61,57,86,14,93,8,0,12,41,54,32,76,72,73,0,83,83,15,25,82,37,100,17,40,80,17,12,24,71,87,43,67,74,12,72,53,98,43,65,99,64,43,87,91,79,72,22,43,38,16,92,93,29,32,44,64,16,27,6,28,23,49,76,56,53,52,60,13,95,77,83,7,47,86,74,51,1,76,67,69,8,7,55,72,66,57,60,96
19,36,28,100,34,93,91,21,87,57,62,61,24,82,81,10,71,33,100,50,75,91,67,44,47,42,15,98,41,72,24,81,12,21,35,45,91,32,26,19,17,34,22,28,90,89,44,84,34,45,95,74,10,11,27,87,100,65,6,91,46,41,66,59,61,26,49,3,6,63,91,39,79,62,50,61,88,31,15,8,41,15,59,45,34,20,5,2,24,89,8,40,23,11,38,12,1,4,73,8
91,9,3,27,88,9,81,65,16,51,94,58,95,57,41,72,6,40,82,93,27,73,30,74,71,12,18,79,75,56,37,93,29,30,5,0,75,29,78,58,50,100,30,67,89,69,80,30,1,31,5,6,7,41,32,34,94,100,94,30,85,4,36,17,86,63,52,95,30,15,74,39,31,41,74,10,69,27,24,1,88,61,16,75,69,49,80,94,93,17,73,74,58,15,17,58,15,6,52,63
64,0,68,80,61,21,76,41,16,26,71,85,40,34,74,42,91,96,17,86,4,21,10,39,95,58,100,17,30,66,32,69,70,94,33,23,67,28,7,42,5,84,67,75,55,76,33,95,67,72,79,41,8,73,31,100,42,78,94,39,38,12,60,84,37,5,49,22,49,38,96,61,60,81,64,48,14,56,0,86,78,57,37,73,79,41,13,38,61,59,63,51,32,58,20,25,35,94,57,42
5,83,85,86,89,12,19,72,80,63,81,45,27,45,87,42,61,5,11,10,59,40,35,19,46,6,44,93,88,44,82,28,29,68,50,54,77,89,28,23,19,81,31,16,58,2,90,66,78,1,89,99,8,89,77,85,93,42,33,16,67,5,0,99,15,61,11,28,96,10,23,18,1,53,49,95,49,70,98,3,4,97,9,66,48,35,34,30,85,3,97,84,50,99,79,14,71,67,67,8
67,32,41,80,20,60,31,68,32,63,30,69,51,23,71,92,76,58,11,16,73,99,88,13,60,11,2,12,4,39,41,40,0,99,81,70,35,20,58,4,9,86,59,84,33,40,76,92,90,48,14,43,19,85,78,8,0,45,61,33,23,60,77,74,60,40,13,63,52,14,87,57,82,71,72,73,61,71,88,12,48,17,61,2,40,8,59,9,86,81,56,43,89,24,73,39,82,53,3,92
1,74,51,62,73,30,51,75,87,25,85,69,25,69,3,5,52,18,97,31,68,66,61,10,53,48,59,6,65,5,93,65,8,41,7,65,47,43,60,20,15,54,50,83,84,61,38,15,39,58,39,81,21,40,91,58,46,72,60,49,44,53,1,10,42,47,1,36,5,33,97,75,69,26,13,37,79,77,62,88,69,79,24,27,1,88,44,54,91,26,23,12,93,27,78,62,83,4,77,12
70,27,98,61,35,37,41,33,17,33,44,68,88,86,48,23,72,49,92,6,97,0,10,52,19,31,97,22,92,10,96,77,81,8,59,15,4,29,25,11,78,44,91,19,31,12,69,59,18,38,9,34,82,24,0,30,76,32,24,66,29,34,96,14,73,83,31,9,43,94,7,0,55,62,67,81,26,48,78,89,81,79,29,5,45,91,83,47,1,64,12,0,19,19,18,59,18,97,93,49
77,35,33,8,41,68,12,83,24,54,16,97,53,4,15,85,94,94,4,13,84,77,9,14,33,63,44,55,83,19,11,94,28,36,68,35,42,6,33,29,56,63,76,57,64,89,57,11,16,96,70,79,59,48,51,5,16,53,5,22,30,33,19,90,41,61,90,82,60,27,22,93,88,70,75,49,20,43,86,44,45,44,73,92,40,55,1,91,52,63,79,44,49,78,36,84,20,30,94,38
59,0,5,81,95,97,61,43,54,65,31,51,50,64,83,38,75,62,44,54,75,8,41,30,34,82,0,11,1,50,60,26,66,70,99,43,26,42,92,55,50,63,57,25,56,97,95,89,100,73,58,73,14,16,87,56,72,94,58,76,74,41,91,94,43,62,47,30,18,31,10,46,47,83,28,52,81,51,47,42,34,18,13,16,62,52,77,10,29,61,49,67,90,54,37,21,81,56,26,58
26,48,33,75,100,35,64,27,25,8,15,73,21,26,47,32,11,57,15,14,86,98,59,85,81,7,94,11,41,32,80,65,17,34,42,68,16,99,73,80,92,67,57,69,19,97,21,93,83,58,47,87,48,46,92,29,16,25,19,57,40,90,58,27,73,61,73,30,45,63,48,69,92,18,36,80,25,27,93,8,96,93,95,15,97,85,66,40,25,49,64,30,9,28,0,14,39,5,9,43
34,84,76,97,29,47,21,62,34,95,59,51,1,10,48,61,99,82,48,48,97,71,75,4,43,26,44,39,46,69,70,50,30,12,46,31,9,49,14,28,72,58,53,35,32,40,43,48,31,63,11,84,43,35,17,43,23,94,86,65,27,47,88,7,49,24,23,35,29,10,26,19,32,39,99,86,97,56,17,79,9,61,89,82,50,30,76,59,53,67,84,81,88,40,44,26,21,21,56,45
35,58,83,99,61,92,53,61,4,79,22,66,47,61,39,16,94,68,73,29,13,67,36,19,91,84,12,19,90,100,95,99,10,17,58,38,55,66,52,40,39,94,84,36,78,23,94,98,23,69,5,37,40,93,54,39,96,69,16,61,22,22,77,64,79,6,4,20,44,28,83,0,13,29,50,54,77,23,32,11,33,37,7,45,56,12,88,41,55,91,23,78,74,65,5,79,26,100,41,73
41,44,43,45,91,38,93,26,55,1,86,82,35,5,53,6,26,11,41,75,62,70,92,3,68,58,18,37,53,36,88,73,54,97,96,97,18,76,8,92,74,97,54,18,18,76,54,98,6,59,76,47,15,31,53,92,37,93,96,32,73,84,6,35,13,92,93,73,100,96,61,47,9,66,98,87,90,68,34,13,0,12,69,71,12,2,38,51,50,22,49,27,33,7,62,99,55,76,73,80
45,44,84,13,67,19,14,2,54,95,97,69,26,47,50,89,5,63,1,7,3,9,9,56,22,84,35,86,84,3,59,30,73,28,21,57,84,42,63,13,59,16,96,24,47,80,1,21,74,24,14,78,41,77,61,46,34,13,58,66,56,79,49,49,82,61,62,24,86,57,61,74,27,26,5,80,30,90,62,64,52,71,58,16,59,5,10,29,20,66,21,25,72,54,33,14,58,80,87,5
96,93,42,75,100,94,79,94,56,73,41,29,100,11,1,27,33,24,28,21,68,98,8,21,6,37,32,31,58,66,98,98,95,61,11,58,73,89,66,32,31,11,88,100,62,36,22,38,62,7,0,14,74,20,47,9,57,29,26,16,47,50,20,78,49,50,44,30,72,46,1,5,3,12,9,81,9,37,12,0,91,12,54,49,80,74,49,98,28,49,35,98,73,34,100,76,1,4,92,3
90,24,72,55,49,100,41,44,71,92,62,86,63,11,98,72,17,59,37,45,47,36,80,59,5,32,80,71,59,25,26,17,62,10,9,6,35,72,17,75,18,83,62,22,20,4,60,43,1,53,74,66,90,57,0,55,48,27,33,72,79,58,97,5,62,84,38,15,67,86,42,40,85,83,52,80,18,6,25,92,97,92,73,29,2,86,96,97,77,62,56,76,88,99,36,45,74,62,38,95
36,65,97,3,85,79,22,74,27,19,65,19,62,29,12,20,32,52,4,26,73,59,17,50,94,49,84,96,23,80,55,62,76,8,57,30,49,74,70,40,95,56,57,67,84,28,54,79,73,48,62,79,8,1,78,29,14,34,97,44,64,81,92,10,98,46,6,66,18,49,90,26,24,55,66,43,87,75,45,66,16,57,52,23,85,1,84,92,30,16,12,13,93,46,14,69,26,56,26,67
65,25,92,54,91,35,65,37,73,68,48,72,17,31,93,84,21,19,88,67,54,5,30,22,6,83,92,56,60,31,88,22,21,79,30,50,72,35,19,98,79,51,77,3,52,78,41,50,55,96,89,95,89,23,15,61,25,34,14,95,81,14,54,42,29,20,56,44,95,100,50,28,87,84,98,64,21,6,68,100,35,97,59,12,97,23,2,31,68,1,45,64,10,97,38,2,96,39,70,87
51,49,78,83,9,26,74,64,70,31,22,26,91,63,16,48,6,39,46,80,38,55,7,46,66,5,25,49,5,48,69,61,86,41,3,7,54,74,7,29,51,13,52,83,73,47,21,100,16,35,74,2,87,97,54,3,1,67,57,52,86,11,32,84,29,79,40,18,65,62,77,64,18,16,10,64,56,68,82,26,89,95,94,91,81,36,22,80,67,79,52,5,30,64,57,57,97,62,24,8