36,28,15,26,3,83,45,91,84,92,56,62,51,11,81,50,82,72,60,74,61,93,24,26,53,75,70,6,89,18,41,100,10,50,58,65,13,95,3,32,71,23,84,65,7,50,63,3,22,32,74,20,92,75,22,4,78,75,31,65,34,91,25,46,100,44,49,50,74,53,15,0,5,20,86,25,79,8,16,56,49,4,81,16,80,83,90,69,32,39,56,100,51,98,36,33,24,21,57,10
7,22,10,89,86,44,5,50,100,52,88,78,71,73,29,15,61,73,6,35,95,8,30,29,23,69,62,16,23,72,99,70,34,24,56,43,21,28,34,98,20,77,84,17,29,18,14,28,66,96,20,49,85,80,45,58,19,16,100,26,90,50,43,0,40,51,33,98,59,20,49,32,62,61,1,8,21,98,70,80,84,50,85,46,81,55,4,51,54,6,36,46,26,59,18,91,50,39,29,21
56,93,50,7,91,57,53,26,85,47,63,3,61,7,48,55,17,61,56,76,71,50,46,98,41,10,25,39,64,43,76,70,41,21,95,47,25,93,11,65,89,97,81,48,48,31,8,84,71,21,78,33,30,4,39,68,1,64,76,73,4,99,62,2,35,23,16,3,60,97,90,94,98,35,1,50,52,24,62,62,44,31,21,19,8,86,59,80,43,29,22,8,44,42,89,55,96,47,94,33
76,48,42,9,55,27,73,88,93,16,97,2,84,52,79,37,8,44,52,96,97,0,8,28,66,15,25,57,100,76,57,19,19,31,96,39,36,19,39,53,64,19,8,22,77,75,66,73,56,96,9,39,37,47,44,47,28,50,98,96,32,40,61,58,65,48,32,92,18,20,35,45,43,87,88,93,6,24,79,94,36,22,62,12,29,9,52,37,98,10,22,69,16,28,4,64,40,74,10,70
1,6,94,98,21,68,61,4,74,28,82,21,93,64,28,35,92,63,56,52,76,5,42,73,76,44,47,19,78,38,32,76,25,26,53,53,51,98,1,78,46,33,44,98,29,36,54,21,22,4,14,3,82,33,67,24,82,80,94,97,14,99,56,44,99,89,71,27,78,85,34,8,26,12,74,77,30,91,13,47,42,87,94,77,29,96,85,53,59,79,6,51,43,82,23,9,15,1,22,40
63,28,38,7,18,50,69,8,3,31,7,58,13,34,78,4,49,74,54,76,90,93,78,68,57,57,11,10,88,68,3,59,100,33,21,10,3,71,40,8,52,36,54,44,33,89,4,92,0,36,21,64,30,81,9,55,81,6,95,61,78,1,19,9,20,50,8,32,4,24,95,77,58,36,92,7,75,95,40,4,74,81,23,49,41,67,37,10,84,27,93,52,73,53,75,15,88,6,38,5
0,76,5,57,8,95,89,26,26,50,97,1,94,81,56,88,8,91,25,11,47,77,31,88,45,22,20,99,86,42,67,52,94,94,93,73,52,18,2,47,99,25,25,3,63,56,42,23,80,89,74,11,97,70,84,66,42,35,87,18,57,43,1,12,10,24,77,85,58,44,68,90,86,16,24,6,63,68,75,16,90,25,88,4,98,4,63,89,25,93,25,4,13,30,2,46,94,86,38,46
99,63,3,68,83,78,71,94,40,37,30,8,22,66,0,81,77,51,6,61,89,9,90,33,81,7,20,61,89,52,35,64,37,30,46,19,54,25,49,1,27,71,91,24,49,94,87,21,4,1,59,36,1,78,17,48,96,22,66,51,76,55,11,84,28,100,26,84,60,44,94,34,78,9,69,30,29,32,14,71,42,2,90,36,94,73,57,64,32,99,38,24,59,80,5,17,37,8,67,71
20,33,74,51,30,45,86,61,56,73,10,42,36,96,88,34,96,93,77,22,31,82,49,13,50,30,52,81,51,61,70,56,70,61,5,86,62,27,95,72,85,50,24,51,8,50,9,80,94,85,84,57,41,25,88,86,59,5,1,44,88,20,84,63,20,42,60,22,25,74,48,31,49,12,15,73,68,65,0,62,82,51,80,16,7,64,11,73,1,45,26,7,94,19,93,28,56,28,46,45
56,3,85,1,93,73,65,65,62,91,6,50,42,17,64,54,89,55,54,93,34,60,6,43,96,31,19,0,29,8,33,1,21,11,20,81,44,31,69,76,7,22,33,72,26,49,67,84,2,32,86,82,48,3,41,29,68,12,100,52,74,88,39,59,42,74,70,31,0,40,41,20,77,50,32,82,72,54,46,0,43,4,71,13,46,61,84,36,11,15,95,3,2,43,45,38,16,14,0,57
29,47,90,81,23,45,87,39,33,12,77,56,68,20,38,6,63,77,54,16,57,24,74,46,99,51,27,67,90,75,54,8,12,88,58,66,51,6,49,9,66,86,3,71,0,45,33,20,5,17,93,100,6,65,9,83,38,44,39,48,24,44,15,23,1,31,41,22,70,44,28,47,75,46,94,93,84,34,8,85,90,93,15,90,74,57,99,24,89,93,67,75,48,24,77,55,75,1,74,39
74,54,99,93,84,42,27,57,24,94,60,10,29,93,55,73,37,100,47,83,7,46,99,85,63,91,31,10,83,60,17,47,74,12,40,67,77,62,14,18,57,9,26,88,73,82,36,35,7,5,68,72,94,33,50,5,20,24,51,5,65,65,47,70,12,52,10,51,13,42,24,56,73,71,18,25,93,37,34,84,96,57,63,82,18,80,99,84,92,52,74,61,60,25,49,39,95,77,52,77
21,62,38,14,72,54,93,83,70,29,74,0,46,42,16,80,98,39,73,23,29,92,79,22,85,92,42,58,27,50,19,14,0,3,50,66,100,51,91,11,47,81,46,98,14,69,80,1,38,21,15,57,29,61,0,86,49,19,24,21,54,85,80,60,100,10,66,64,43,59,85,73,67,85,69,86,79,91,17,97,29,12,95,15,81,21,55,77,34,30,0,1,26,56,42,82,65,76,4,36
96,77,48,100,77,35,32,51,18,0,9,58,16,13,62,90,65,81,68,84,90,77,82,47,47,88,76,97,30,76,22,97,96,43,55,46,22,19,80,60,50,62,50,38,61,82,40,3,44,45,44,72,81,67,51,29,3,46,57,79,45,11,56,77,80,83,12,47,44,41,8,34,12,77,5,37,44,92,53,44,10,5,34,21,6,96,79,16,21,50,68,44,63,71,22,77,9,85,14,22
81,12,37,99,31,79,16,62,39,92,72,70,63,28,27,63,3,55,98,54,52,50,67,15,45,32,13,34,18,46,18,14,75,50,49,33,64,12,2,26,92,28,43,4,76,62,14,11,99,77,73,86,51,81,98,7,19,31,5,80,70,76,19,32,89,61,29,91,2,72,20,83,20,20,38,56,63,82,2,51,23,72,12,96,67,84,87,91,77,95,4,6,81,89,97,91,99,79,36,33
33,48,59,91,16,84,82,93,46,58,27,61,0,51,29,63,86,79,12,55,95,10,45,68,72,24,92,38,2,74,82,13,13,42,46,68,57,29,38,75,45,60,40,0,26,61,79,12,10,60,80,46,80,44,42,71,43,0,9,46,32,81,61,26,39,50,20,99,90,69,23,6,5,0,18,8,83,61,45,43,6,63,82,4,85,54,51,68,34,6,25,61,49,94,94,3,2,51,58,57
38,78,82,39,14,7,62,56,67,48,32,69,70,0,81,98,45,80,54,41,27,55,100,16,31,99,88,0,49,1,62,24,52,40,90,29,66,61,23,84,58,13,20,28,99,37,76,84,82,53,15,9,40,91,84,35,78,36,14,28,94,94,5,12,45,89,18,39,12,30,35,28,47,63,25,85,76,59,37,60,77,63,19,15,84,32,84,55,65,50,41,36,49,89,87,30,90,99,21,77
34,84,68,88,81,24,61,63,5,76,28,68,70,33,77,77,55,42,96,81,15,9,7,22,4,24,58,61,51,95,73,55,37,88,18,82,19,99,97,0,46,15,3,89,19,81,94,80,5,11,84,1,50,44,16,10,9,6,11,18,94,39,25,30,38,56,72,52,83,14,80,65,5,68,25,23,55,69,79,40,74,54,4,13,32,45,1,71,52,84,77,89,67,100,49,36,18,98,97,53
49,29,45,50,89,14,31,53,16,52,89,74,64,8,35,28,34,60,53,89,73,76,29,63,66,89,56,62,27,91,37,19,84,55,14,10,15,76,80,35,9,32,38,87,29,13,74,48,47,87,18,20,78,55,15,15,85,70,61,68,97,1,65,71,96,65,66,80,35,19,1,62,28,5,28,53,66,15,17,42,25,61,10,1,41,93,77,76,17,31,95,9,47,7,54,65,24,84,26,70
61,29,92,94,92,62,37,49,67,77,31,87,12,32,63,69,6,86,55,74,28,30,3,85,14,65,20,70,94,67,13,57,76,80,99,50,53,48,55,58,78,19,33,92,100,81,40,5,46,27,50,9,93,71,2,13,78,32,84,70,8,4,18,95,20,41,39,35,52,15,0,45,86,48,59,3,78,16,86,18,85,93,90,0,61,2,81,17,0,20,9,35,17,31,14,16,78,93,44,24
18,63,46,96,87,70,33,41,22,28,72,61,32,84,13,36,41,23,72,42,90,27,90,17,86,63,40,6,38,16,84,12,16,95,37,84,25,87,34,87,93,17,58,100,35,71,100,43,9,40,50,2,77,68,20,49,94,62,9,82,85,92,74,63,1,28,2,61,31,59,68,13,11,3,13,20,14,3,39,39,33,4,41,78,63,58,67,12,14,40,13,22,13,12,68,74,16,75,65,49
27,90,55,63,91,5,16,79,57,72,21,83,29,65,21,62,58,57,22,95,19,12,34,4,94,76,83,39,52,77,90,73,36,5,49,36,65,86,47,8,79,63,11,5,50,44,58,84,43,98,44,81,23,28,71,71,9,19,55,95,78,48,71,61,76,22,61,1,86,31,56,45,47,33,43,45,29,49,29,2,36,75,7,48,15,40,19,49,3,98,14,88,62,50,96,33,9,37,34,56
77,61,91,60,12,1,53,5,51,71,57,4,4,74,67,91,78,75,82,42,85,49,66,46,93,97,94,75,40,79,27,39,11,73,32,5,96,65,69,95,82,29,37,25,86,80,87,66,16,28,30,52,81,16,35,39,8,76,91,96,79,72,43,64,24,28,62,29,19,19,76,85,37,56,97,20,84,88,30,39,2,97,52,74,1,23,17,12,54,73,60,25,7,91,30,23,10,90,71,93
86,12,64,13,94,30,59,71,43,14,19,59,12,53,28,87,74,6,43,44,21,96,70,4,88,7,11,43,49,34,63,100,1,21,70,72,37,82,44,67,58,50,78,47,48,11,35,97,0,85,68,20,77,10,17,93,85,63,12,95,14,89,10,23,71,59,15,24,95,19,50,32,83,56,70,3,79,45,11,83,37,77,95,23,10,96,28,74,60,68,6,90,47,16,28,38,31,50,42,66
8,0,87,63,95,9,21,84,50,39,37,85,91,33,51,39,73,81,92,47,93,32,71,9,45,56,41,83,14,56,22,75,51,92,59,62,17,79,92,84,62,62,48,80,57,87,32,30,1,78,72,66,11,47,77,39,43,100,73,8,75,24,48,80,53,69,57,64,76,98,50,78,29,49,34,16,50,98,45,10,84,34,15,51,98,53,78,26,24,85,72,44,42,75,75,86,94,60,5,46
75,81,100,77,21,90,41,77,82,60,76,51,86,82,97,82,93,59,18,4,30,65,66,61,44,91,14,56,1,37,1,100,20,10,87,3,38,95,51,51,68,42,76,93,15,29,34,52,52,14,62,24,72,21,59,34,34,6,80,85,33,62,75,82,35,37,99,10,26,100,32,83,34,77,20,54,9,41,35,64,3,99,94,49,43,18,39,0,79,22,62,47,14,9,54,46,51,96,69,98
3,63,73,71,0,89,4,30,37,18,15,49,62,72,23,45,35,67,49,70,79,88,27,92,55,82,52,50,53,22,95,82,67,84,78,35,68,59,30,85,5,42,1,57,22,73,77,91,57,56,16,36,33,87,94,72,82,98,40,13,70,21,23,85,12,57,72,6,20,47,69,39,78,16,28,90,51,18,41,7,17,70,74,82,12,80,38,57,26,21,86,26,58,42,8,93,82,85,67,55
66,85,29,24,2,50,38,97,68,65,37,72,31,84,75,9,93,69,47,87,7,33,84,60,39,59,53,9,10,54,35,41,48,4,15,40,85,51,79,94,90,10,69,54,32,11,41,19,94,30,85,38,46,15,65,62,43,78,53,54,52,2,67,76,43,20,11,45,59,16,91,31,9,77,11,34,71,73,55,4,23,11,44,87,64,31,3,14,95,50,22,7,5,67,64,42,27,16,25,98
43,89,58,16,46,17,67,63,69,9,61,47,38,53,2,81,13,7,83,23,22,51,59,11,46,74,97,58,20,98,56,82,85,100,38,41,32,5,96,52,54,41,24,46,31,85,42,11,90,94,49,90,3,63,78,82,27,45,1,19,71,39,22,3,57,40,39,75,42,95,36,53,68,80,58,44,81,85,9,35,20,61,86,10,23,86,12,71,24,35,17,40,15,79,82,31,34,96,63,7
42,45,84,62,90,39,92,22,8,77,11,89,24,66,26,31,80,98,14,8,94,71,75,25,10,44,37,23,3,26,27,1,98,18,100,92,59,71,40,84,26,58,90,38,53,26,1,90,77,78,96,61,96,15,81,66,79,52,10,38,89,50,55,87,74,13,68,0,55,82,93,72,2,45,2,20,93,45,2,60,96,5,90,58,52,4,40,8,9,21,4,6,80,98,45,40,70,11,35,15
76,14,4,44,49,29,69,85,84,35,10,11,88,48,19,4,100,83,75,8,24,16,51,68,31,20,71,12,53,93,86,50,71,35,40,57,99,93,27,30,74,14,58,67,10,28,82,39,85,11,40,40,4,47,21,96,41,84,55,13,91,58,16,14,69,80,74,62,54,3,80,59,46,24,3,25,76,10,98,34,12,13,71,21,83,6,94,10,14,99,57,63,52,28,82,62,52,69,8,9
19,65,1,71,64,49,87,67,71,8,42,30,51,4,12,27,60,14,55,36,32,10,32,73,76,63,100,81,91,18,17,68,40,28,78,23,69,17,77,0,2,44,39,38,22,80,59,6,47,31,39,63,35,23,63,68,65,51,58,79,83,98,40,43,16,2,40,71,43,33,99,60,24,9,80,92,47,69,74,70,89,88,9,22,91,19,32,23,92,4,75,70,64,9,68,83,81,9,33,51
93,59,83,25,42,98,86,86,93,75,3,46,90,18,41,55,72,62,24,16,7,56,0,37,7,28,93,76,43,41,71,52,14,62,65,59,79,89,42,40,82,29,27,41,65,3,71,47,69,53,87,13,7,2,31,87,63,84,69,29,64,58,74,2,95,4,97,39,54,61,56,70,65,65,68,81,2,41,48,86,21,0,8,75,37,3,56,57,44,11,22,91,48,25,68,3,15,36,84,61
34,10,57,31,64,52,65,7,45,52,72,69,1,61,27,91,97,64,29,15,3,29,41,33,50,30,87,53,19,49,67,43,61,22,0,5,36,13,9,77,86,68,24,46,62,84,60,38,34,44,15,74,74,26,48,87,33,98,82,16,85,29,68,71,60,4,63,8,49,64,9,60,57,99,57,53,34,0,5,17,60,39,46,0,45,12,3,26,68,96,79,78,97,66,26,92,33,68,50,12
100,94,80,95,1,34,77,52,5,6,83,86,76,92,33,64,49,76,52,93,19,68,3,24,22,76,1,58,54,55,97,90,6,10,89,56,11,53,80,63,88,50,22,100,91,91,67,94,79,28,91,19,57,87,65,3,9,71,59,57,34,95,100,94,89,15,71,51,16,51,9,24,37,12,21,98,100,22,44,45,12,84,13,17,28,62,86,13,79,75,21,64,24,59,59,45,62,82,22,81
38,67,66,94,14,18,15,22,65,93,20,7,81,58,38,3,32,52,37,45,69,46,36,95,0,80,50,59,52,9,86,89,34,90,63,5,88,30,57,15,27,98,21,60,1,62,31,56,91,57,77,88,100,64,86,79,95,67,37,22,84,13,99,17,38,47,15,26,3,98,91,86,53,84,37,71,84,53,88,63,9,20,9,66,93,78,6,4,89,14,41,98,12,36,47,64,30,92,31,6
51,100,45,98,81,23,81,57,13,84,60,43,93,46,63,58,64,60,11,4,92,35,99,32,58,41,54,59,78,37,43,5,25,93,26,36,12,56,100,73,31,55,15,61,98,5,95,44,12,3,32,81,66,61,25,42,74,32,13,36,14,38,89,21,89,2,63,25,24,82,99,18,37,25,39,36,3,23,7,76,47,49,28,46,28,19,50,65,96,61,79,35,67,92,65,17,61,69,23,43
59,61,57,47,65,78,35,97,90,58,86,65,54,34,22,6,4,23,94,16,70,62,47,59,77,92,32,47,38,54,59,25,81,76,96,91,20,56,47,19,30,99,14,97,68,10,76,50,92,93,37,87,59,75,35,37,64,94,71,44,66,14,79,23,77,26,11,12,43,91,87,11,29,79,7,84,55,95,5,76,9,73,49,86,51,45,95,1,93,77,73,70,26,73,64,85,0,33,69,17
4,59,84,69,96,21,99,86,23,2,85,80,4,3,31,92,33,2,69,45,40,39,16,36,70,81,97,85,58,90,53,93,23,40,91,30,26,64,34,35,14,49,82,71,40,9,87,51,91,51,3,41,77,79,18,97,95,52,11,81,14,7,53,96,76,69,35,74,56,52,76,46,54,36,36,34,3,34,41,58,52,89,63,13,52,52,70,72,79,39,8,57,20,11,12,37,75,69,97,22
17,70,86,11,30,7,52,2,49,84,64,13,64,84,85,86,64,53,73,41,15,43,98,53,41,57,78,3,43,18,32,92,51,90,69,7,97,93,58,90,93,81,72,11,8,19,29,4,62,78,98,40,20,94,57,71,92,47,1,81,6,50,67,96,27,5,48,47,88,61,63,100,42,28,15,25,61,25,61,70,24,43,84,96,47,47,56,88,63,35,63,92,58,4,80,71,15,88,7,31
90,98,98,45,25,85,57,91,5,41,0,78,68,25,45,68,33,64,71,50,58,24,47,14,62,51,7,57,54,66,90,58,94,82,74,90,27,59,39,36,3,56,52,58,96,21,36,41,47,61,35,75,56,1,56,93,43,57,57,44,3,74,71,78,14,7,82,3,15,64,28,7,4,72,84,3,48,38,78,10,61,43,31,97,100,76,38,25,35,8,23,12,72,44,27,74,7,39,55,66
72,19,98,29,3,25,47,17,98,88,26,95,60,46,0,37,96,23,77,7,28,60,19,48,10,46,81,52,44,76,64,86,8,75,7,5,41,59,60,94,84,30,63,76,43,32,58,12,13,20,36,59,44,13,89,35,29,58,86,4,20,12,100,51,0,13,90,24,64,41,35,65,35,36,48,37,72,40,97,15,61,0,56,72,86,93,28,85,83,35,66,88,36,0,6,35,78,21,76,0
50,41,100,26,93,86,62,33,62,99,85,42,81,23,59,59,88,20,1,71,70,43,54,17,10,88,75,68,85,60,85,79,91,62,77,80,54,28,81,30,76,62,16,84,33,74,59,98,12,39,40,80,18,78,44,5,44,3,99,2,26,56,67,41,91,0,43,58,50,99,84,88,52,14,48,2,45,3,30,94,61,8,5,19,59,22,32,24,45,54,18,84,40,74,63,39,32,37,59,33
50,96,2,71,6,18,60,92,68,48,79,90,45,17,27,60,31,76,41,75,69,37,22,57,10,77,45,97,51,71,43,40,26,16,6,71,1,37,3,52,0,96,14,92,36,76,35,84,81,96,36,53,69,77,4,89,74,18,53,74,33,81,20,64,94,65,21,19,88,24,85,55,26,100,8,60,44,90,67,4,21,96,52,81,29,41,73,66,96,37,80,34,38,23,55,16,79,22,16,76
22,94,21,12,31,24,94,17,99,71,96,34,80,86,84,69,51,2,20,84,2,57,18,96,19,71,1,28,76,82,10,48,30,2,78,87,57,47,89,36,38,72,48,70,36,3,0,65,16,76,62,88,77,13,87,43,93,41,39,28,2,100,77,23,68,97,3,43,48,76,24,17,14,37,12,95,65,70,51,0,49,18,15,55,27,13,98,53,25,0,18,27,79,73,25,88,32,32,27,30
69,100,62,6,18,39,81,82,73,75,82,81,3,75,83,5,35,33,9,41,21,28,48,18,96,15,70,26,79,46,13,29,29,93,39,87,42,17,86,61,97,82,80,11,79,29,59,91,85,85,80,8,89,94,57,27,5,31,91,50,6,70,38,36,2,78,68,86,67,83,29,44,56,18,81,77,11,78,51,44,28,52,11,24,83,26,76,30,91,50,32,86,90,17,34,47,65,37,32,26
33,62,59,88,7,89,29,42,55,55,5,30,33,4,9,65,18,24,21,93,13,33,82,86,7,6,84,39,58,59,14,43,43,97,83,48,90,80,2,76,96,92,99,96,41,85,74,75,11,0,21,93,77,37,12,32,42,26,68,22,57,34,59,28,70,54,97,8,61,21,71,64,71,57,83,86,73,99,53,61,95,20,48,82,94,6,46,56,83,76,13,88,3,82,3,56,10,65,44,7
3,63,69,87,0,96,72,88,48,80,13,18,23,95,8,56,16,29,48,52,23,63,21,21,86,73,92,67,39,70,24,19,3,75,63,12,87,13,48,74,85,29,68,53,26,20,82,37,85,69,6,99,54,20,46,45,52,48,36,100,12,28,10,24,56,50,57,90,48,2,41,84,32,39,54,86,99,32,24,8,13,54,45,40,64,59,20,30,66,74,28,84,71,29,50,60,97,95,51,49
67,12,55,57,100,39,97,69,17,96,68,62,90,18,55,14,1,85,76,64,80,37,66,89,57,70,54,41,80,28,8,14,98,59,62,24,10,45,80,73,29,24,44,74,81,81,70,10,15,55,96,15,33,100,1,84,16,48,2,55,17,25,10,97,96,21,89,87,90,30,63,96,46,98,100,34,65,96,81,54,11,71,68,19,42,38,81,20,20,30,18,90,25,36,9,82,58,58,93,30
33,84,81,4,4,90,15,7,31,58,51,78,60,16,64,2,22,40,8,85,58,95,73,30,53,89,55,36,80,95,58,48,25,42,68,22,41,13,63,44,92,14,51,87,16,53,84,72,91,56,11,1,79,14,75,1,44,6,56,69,81,68,60,31,99,15,99,40,54,9,7,55,49,69,31,72,71,57,69,4,51,0,58,20,37,29,7,87,49,44,60,11,88,19,47,12,42,85,23,13
0,87,10,16,30,6,68,11,89,82,89,25,92,30,3,48,44,21,26,33,66,89,58,26,37,16,85,86,86,64,52,38,59,99,77,56,88,88,59,30,99,60,38,29,8,84,34,42,26,1,16,10,56,82,31,50,41,27,14,33,33,7,62,64,50,5,23,11,83,42,41,32,48,19,57,53,42,97,13,2,37,48,91,25,0,58,67,19,73,23,52,88,64,37,8,64,38,8,39,90
69,21,36,71,21,50,34,32,15,79,6,6,46,46,98,85,15,16,98,72,97,24,93,89,49,43,75,69,83,15,55,88,42,14,16,84,10,15,3,94,24,5,76,17,59,21,36,93,53,16,51,38,91,90,13,1,80,99,35,36,51,83,54,13,69,88,77,37,19,45,8,51,3,57,40,69,43,68,61,94,69,82,12,16,46,71,18,10,97,92,84,22,78,67,97,20,52,73,80,74
84,33,31,44,99,0,48,100,1,5,71,25,22,14,64,40,67,18,11,56,13,43,38,21,70,95,52,15,93,81,96,79,68,29,100,39,1,54,71,10,63,76,38,40,73,78,93,3,41,49,23,79,64,32,20,17,21,21,4,96,75,40,39,41,32,33,31,67,57,91,11,93,1,72,35,5,66,8,14,61,95,39,70,70,34,89,90,59,66,76,77,44,18,74,12,91,52,66,66,82
51,8,82,20,58,16,26,21,5,31,3,15,3,10,97,41,97,52,90,54,93,46,57,64,74,78,29,44,90,46,96,73,52,85,44,54,24,31,87,65,95,2,95,99,26,80,69,11,74,56,88,7,3,54,78,27,60,34,44,26,41,12,28,0,59,56,7,81,61,40,74,53,8,26,76,56,27,72,82,89,24,31,47,81,20,29,46,31,4,48,48,61,32,46,47,74,65,27,58,4
42,51,54,69,55,54,66,6,86,63,92,38,12,86,38,38,100,1,13,50,78,1,54,63,78,36,3,50,31,78,86,80,12,2,41,18,26,60,29,53,0,64,62,20,96,28,18,36,9,10,58,65,50,33,13,65,67,35,30,52,63,38,68,88,8,27,49,81,37,54,84,82,55,93,16,40,45,76,49,99,33,42,62,92,34,13,78,57,14,100,45,86,49,70,14,47,83,32,12,12
64,61,82,43,0,2,9,38,53,60,5,61,30,73,38,69,26,34,86,100,49,85,87,94,70,69,86,12,2,57,77,66,69,2,74,46,27,52,42,92,17,34,81,7,43,97,11,80,41,7,77,31,62,14,77,88,85,58,46,60,48,7,23,82,10,39,19,82,54,1,63,71,28,10,54,76,28,36,97,79,72,56,74,16,85,80,10,33,8,5,77,9,90,66,98,26,62,67,8,92
32,65,96,38,33,55,6,91,95,59,23,19,32,72,91,36,17,7,76,34,2,78,47,41,36,73,64,1,13,98,54,88,44,95,73,48,40,44,9,44,98,22,82,25,25,76,71,82,38,75,91,78,74,46,58,80,1,1,61,60,33,93,97,50,92,93,0,82,74,41,80,96,51,50,3,25,14,94,99,16,82,67,67,30,40,7,73,48,94,35,91,47,100,36,83,53,76,6,45,79
55,62,14,34,43,27,50,65,34,50,62,57,19,91,78,75,45,96,45,36,16,93,8,53,0,98,100,30,3,6,100,1,1,19,31,44,93,74,3,56,44,47,10,60,62,75,89,18,56,1,23,16,74,19,48,83,46,32,97,71,79,50,25,48,22,38,79,51,35,88,79,70,1,7,90,84,52,69,36,38,85,34,33,76,76,43,69,77,57,47,62,69,39,46,70,41,61,83,6,95
22,30,98,59,50,48,84,78,67,53,13,89,57,56,72,23,84,22,58,72,77,17,17,70,92,42,92,4,1,10,71,53,69,85,40,92,75,53,54,16,29,85,45,88,47,0,7,23,55,89,87,43,41,74,68,28,37,22,92,84,9,12,93,79,39,76,65,30,65,66,39,20,42,13,55,24,58,22,41,20,16,31,49,34,31,5,17,67,60,57,19,94,49,13,69,3,89,51,85,11
95,100,23,95,5,57,20,36,81,13,66,61,20,2,1,16,31,85,32,88,62,94,36,54,95,94,95,35,89,16,12,43,13,72,61,1,90,41,65,75,2,46,54,93,45,89,68,4,75,81,66,82,5,63,80,21,61,83,39,90,96,33,27,27,61,75,72,48,86,71,36,19,52,86,34,28,48,43,99,77,91,64,42,63,15,63,92,0,100,66,11,86,43,16,1,2,77,57,87,26
57,86,98,89,98,69,63,32,24,58,48,97,79,6,70,24,6,98,10,85,31,39,14,46,46,58,21,14,66,68,9,75,71,1,4,50,44,33,79,62,51,40,36,96,0,34,18,98,5,9,3,65,81,31,47,40,88,28,12,95,57,92,53,2,34,31,14,95,71,82,67,23,2,76,47,2,57,42,34,14,86,5,73,52,66,85,31,51,55,0,36,93,39,76,22,53,24,19,59,71
41,9,31,63,88,3,70,44,32,92,42,98,5,26,18,2,50,41,52,80,14,73,90,43,93,93,70,87,56,29,31,80,17,92,42,65,2,74,57,2,17,15,78,95,28,27,90,41,25,64,97,2,69,32,38,18,28,3,38,65,97,59,42,96,15,24,28,37,71,81,26,90,73,64,71,85,38,97,92,20,89,60,0,90,48,19,69,4,57,55,33,18,8,96,11,68,69,82,98,23
63,73,76,88,5,73,47,38,95,24,12,4,66,3,58,18,87,99,12,73,50,83,69,65,10,35,82,85,93,12,31,84,61,64,11,27,60,42,22,17,69,2,60,72,84,63,18,6,75,11,68,53,32,72,47,37,25,67,85,26,57,58,74,80,52,84,67,3,59,32,25,3,57,73,31,62,19,66,96,55,41,19,67,0,88,2,37,41,98,12,96,7,57,8,44,41,16,27,90,24
35,50,53,5,87,64,100,48,82,27,3,11,31,30,24,56,30,62,56,49,32,43,60,4,99,100,96,35,56,35,68,38,83,76,91,75,32,51,39,3,8,24,97,50,61,98,32,91,44,51,52,33,28,40,69,60,74,3,28,8,87,98,35,54,27,57,41,97,81,99,18,20,28,85,42,96,83,47,51,36,77,67,1,81,60,81,16,70,42,17,100,92,19,65,0,31,62,25,43,67
88,71,96,20,70,88,31,59,2,8,2,76,24,52,51,67,5,22,84,80,18,19,59,70,63,30,21,75,65,95,11,87,11,89,59,37,87,37,11,56,10,66,61,51,1,61,29,67,42,38,54,6,72,75,30,75,5,53,22,9,20,90,54,18,71,5,61,62,76,81,99,59,24,26,63,5,45,76,54,68,0,97,24,38,55,69,66,47,5,24,49,77,14,80,93,48,77,82,70,66
95,22,59,31,30,50,90,27,96,5,63,4,74,17,72,37,59,10,22,86,55,9,35,48,34,10,1,93,28,30,10,7,51,94,17,5,67,65,53,57,6,73,54,17,3,53,55,46,66,91,16,55,30,81,49,52,55,82,98,77,97,47,58,19,50,41,7,18,36,15,67,17,4,53,85,77,52,35,39,18,51,21,58,92,27,69,46,6,69,40,12,24,97,32,31,21,66,48,21,31
32,27,59,25,22,57,61,55,33,86,56,68,29,54,16,88,21,35,49,21,14,83,48,76,50,39,72,84,4,65,9,43,43,12,63,34,43,29,16,43,32,30,78,80,71,34,2,43,26,45,90,24,48,67,33,93,35,76,26,14,46,76,42,59,55,5,3,6,25,56,90,44,11,85,57,25,0,12,71,22,32,43,4,66,88,44,21,100,29,89,48,52,22,35,78,85,73,79,20,15
73,89,88,45,68,62,97,97,56,19,42,7,57,39,73,29,60,95,23,85,93,83,64,14,9,3,51,95,20,81,69,84,74,95,45,77,78,56,80,10,97,50,82,41,83,41,91,92,44,80,5,74,43,3,28,93,72,63,6,52,42,65,35,40,48,59,11,42,83,57,95,25,89,69,63,12,52,68,72,29,25,74,31,71,91,2,77,36,91,86,75,60,8,48,1,28,66,11,81,3
14,64,9,58,68,64,80,65,86,79,15,99,37,33,50,25,33,85,100,91,3,56,39,5,84,68,12,34,55,97,91,62,95,23,84,81,62,26,61,34,52,33,28,92,33,28,11,25,11,78,9,30,60,61,16,87,24,99,47,45,99,12,8,38,66,57,83,40,86,50,25,99,29,85,91,84,27,0,63,81,61,47,71,6,99,37,55,94,98,28,67,4,32,58,26,16,10,3,42,4
29,58,7,84,16,60,25,4,48,58,85,9,0,78,42,69,13,13,96,39,3,79,17,64,97,6,27,51,77,84,90,85,46,90,61,98,18,72,88,48,54,52,60,44,40,73,13,70,28,38,42,55,42,48,50,43,36,38,44,59,24,7,11,71,73,57,23,71,37,70,47,12,22,15,42,38,72,82,84,7,68,94,59,61,99,22,93,30,60,3,86,59,13,4,65,26,31,30,47,35
9,61,4,42,59,75,40,30,44,51,58,9,44,0,58,9,100,84,3,66,53,13,83,45,86,12,30,5,40,18,38,10,73,98,65,4,45,70,33,78,62,57,77,66,21,88,4,58,98,28,85,16,70,96,74,77,2,48,13,74,51,23,74,41,33,91,87,83,81,53,54,96,77,39,72,30,9,54,15,54,61,39,33,20,14,92,89,67,97,91,67,10,60,49,71,90,42,81,58,87
10,21,16,91,30,2,84,81,94,3,1,91,77,69,66,2,37,41,81,45,100,44,62,50,72,47,29,37,57,32,39,76,16,6,56,90,18,87,81,63,62,92,68,92,38,37,23,13,60,37,6,6,15,19,48,9,9,34,29,52,100,50,50,87,90,98,78,78,5,47,93,43,99,100,66,1,94,78,65,24,42,74,43,96,58,79,32,32,13,63,54,31,88,85,63,4,37,74,24,49
82,72,62,55,52,80,32,51,98,21,23,64,85,48,19,52,86,80,88,66,79,46,52,93,85,89,74,20,68,16,21,66,14,16,63,93,90,63,77,38,87,37,88,6,82,24,6,29,91,17,44,89,72,33,63,96,39,23,87,48,19,3,7,43,3,35,2,74,7,98,74,50,62,99,91,72,72,60,24,85,36,86,69,38,38,92,18,66,33,42,8,28,91,2,90,53,87,4,74,95
59,57,51,24,66,58,16,34,75,58,90,40,6,62,26,58,38,26,89,53,18,47,30,59,72,69,32,16,52,79,97,31,70,8,66,52,20,37,12,95,90,76,96,68,1,62,14,27,14,39,30,48,39,96,53,12,41,65,99,18,36,62,56,21,26,37,76,36,98,71,49,54,17,8,41,53,99,86,32,96,40,55,92,82,64,20,61,62,84,80,94,24,16,54,45,30,55,42,70,29
51,14,82,4,35,63,29,46,56,12,67,69,14,39,4,27,76,31,95,46,20,59,1,73,73,79,87,19,26,2,63,59,46,91,95,17,22,53,14,47,4,61,34,2,75,5,8,45,54,16,100,34,65,54,28,43,70,18,24,70,29,13,9,22,29,2,75,23,83,12,21,3,29,33,43,17,50,41,19,8,89,57,6,44,40,73,19,87,52,80,86,70,74,1,24,0,41,35,75,7
30,2,77,39,57,89,15,51,24,9,80,86,93,53,62,44,37,67,4,35,80,6,14,47,96,42,53,61,65,61,35,28,71,79,87,30,73,35,99,6,2,42,85,11,27,29,62,32,34,19,39,29,18,34,56,52,61,36,28,47,70,27,49,70,32,91,27,4,34,27,24,60,80,53,72,100,68,76,93,31,2,31,79,54,83,84,93,3,1,84,52,93,31,37,21,100,34,96,63,10
71,31,79,44,60,2,1,71,76,22,72,17,68,81,88,84,70,69,71,65,45,13,50,95,31,7,63,61,0,25,82,81,87,65,47,48,35,52,91,18,2,2,37,49,14,32,92,70,7,34,15,77,53,99,71,100,1,37,81,0,17,60,85,91,47,5,46,96,67,86,45,81,9,71,31,84,4,29,39,26,88,67,33,71,41,0,68,76,93,89,91,17,32,100,31,9,97,14,15,20
30,64,40,86,51,37,79,92,37,73,31,13,64,88,53,98,45,91,93,18,53,16,5,50,70,73,69,29,40,12,69,66,82,80,42,41,75,1,8,6,3,97,87,98,94,59,100,30,24,40,4,56,38,53,42,43,71,3,31,66,30,16,83,39,95,16,62,28,61,34,28,26,20,23,33,71,58,35,16,41,29,5,56,52,16,60,74,30,85,64,25,12,27,11,43,40,16,3,36,66
45,38,57,42,14,2,28,79,66,66,69,83,67,81,39,14,10,29,38,36,33,1,76,19,44,79,43,55,89,39,18,44,37,89,98,66,88,61,67,94,99,32,24,88,61,73,47,30,43,61,62,17,97,30,67,4,60,16,73,40,34,71,35,81,50,50,55,85,69,51,78,9,12,11,6,13,74,68,77,85,83,7,60,71,37,44,97,21,52,51,79,45,5,79,91,39,95,71,75,90
64,25,65,43,93,0,52,91,95,26,92,89,57,49,60,62,92,66,33,35,5,78,51,100,80,55,59,90,10,69,10,50,75,72,98,10,37,16,82,71,16,33,96,39,62,36,47,53,19,99,29,89,0,64,60,6,96,43,53,13,32,92,49,44,45,10,96,75,77,52,59,82,7,39,29,19,57,17,36,26,19,77,10,100,18,40,39,63,28,9,64,82,24,52,64,54,32,100,84,97
34,21,77,39,3,72,42,28,57,93,4,93,69,22,20,34,7,94,67,98,14,10,96,74,37,69,88,68,84,81,92,56,33,58,80,27,79,60,42,71,87,30,0,84,10,54,12,73,12,52,81,65,35,49,54,24,56,86,30,32,80,70,31,42,48,46,90,30,90,63,70,92,53,67,1,22,82,71,64,36,78,56,67,38,9,54,12,99,20,3,81,4,59,70,53,27,60,10,8,36
22,65,25,4,43,81,13,62,7,85,53,17,68,30,86,31,92,71,18,37,87,97,13,24,82,2,5,86,72,60,81,75,62,95,84,75,83,51,3,89,58,29,16,97,84,54,17,0,1,65,97,71,92,45,34,38,83,79,85,67,27,68,49,66,12,36,69,13,18,10,84,1,45,71,28,24,14,74,7,71,54,72,73,5,84,19,9,20,2,24,90,96,41,47,34,96,7,68,44,93
47,67,24,2,23,56,60,84,3,96,77,30,70,95,1,60,98,83,71,53,90,18,49,3,2,49,93,81,92,48,91,7,57,93,63,60,55,67,37,47,9,83,24,60,43,49,69,74,28,97,11,81,10,76,1,72,65,93,16,66,30,38,69,42,64,43,41,59,36,51,5,32,74,64,41,34,92,32,23,100,74,29,47,76,5,86,10,15,2,14,93,59,71,74,76,35,79,44,33,57
1,18,43,68,27,70,51,9,71,42,92,54,7,90,87,11,61,58,19,48,3,88,39,5,28,71,75,50,74,50,29,61,30,32,32,30,76,80,3,66,63,2,96,35,72,84,77,64,8,45,0,34,52,86,87,34,69,97,4,40,58,56,28,45,73,81,93,12,57,88,62,24,37,35,17,48,77,76,71,29,89,58,41,20,0,5,85,46,60,95,13,82,56,99,82,4,66,52,4,9
35,26,6,95,27,90,73,85,19,95,45,69,2,42,39,70,51,8,1,50,49,9,36,42,93,37,48,68,12,25,46,0,83,19,22,32,15,45,82,97,43,53,88,69,33,95,30,63,8,28,10,7,23,85,73,98,23,68,60,50,89,100,59,0,89,28,24,83,97,20,66,74,88,91,75,63,24,66,83,40,73,96,49,73,77,96,53,90,10,16,32,98,97,9,13,48,35,43,17,79
2,90,67,92,53,13,30,6,67,29,43,26,22,37,49,5,8,33,6,58,82,15,76,80,96,7,33,49,6,94,22,33,100,97,83,82,88,86,78,18,66,39,15,15,23,77,44,93,24,4,10,5,18,18,48,79,20,69,86,41,89,74,7,68,31,75,67,58,5,57,34,19,77,100,45,75,19,16,90,99,71,39,39,3,51,26,15,36,71,94,14,89,68,19,58,66,0,79,76,20
15,80,39,0,95,48,71,91,7,48,77,85,99,11,21,63,75,95,13,59,23,46,77,65,31,52,26,37,64,62,64,3,99,72,6,83,85,80,3,23,18,90,6,3,100,24,75,17,97,64,22,59,93,1,61,34,100,18,55,89,7,43,37,85,68,2,74,83,29,70,18,45,85,18,14,11,46,64,16,44,10,64,69,15,9,87,52,43,74,22,27,49,93,95,98,6,93,39,5,81
33,72,92,17,39,11,96,59,25,44,63,92,56,85,91,68,35,37,84,32,43,79,93,46,68,9,11,69,50,20,85,38,53,92,61,3,88,58,90,23,66,16,54,58,82,85,19,18,73,23,70,60,57,71,59,100,79,69,75,93,24,53,22,30,50,96,83,11,36,57,99,19,17,95,35,19,93,83,28,43,51,56,46,39,37,13,4,92,75,50,65,16,81,62,51,100,21,83,43,89
45,32,13,74,60,87,9,15,91,17,38,54,89,99,85,39,53,65,81,96,71,31,58,14,16,12,7,35,47,56,46,95,3,22,52,35,19,64,29,82,6,69,90,4,95,65,69,95,77,96,69,27,60,71,81,65,37,49,77,76,10,94,95,30,95,24,94,70,13,89,46,81,52,31,93,13,75,66,55,9,79,93,82,91,94,2,73,6,37,38,69,83,28,25,89,77,35,46,64,38
31,35,13,11,63,23,64,35,69,90,32,70,89,48,70,56,12,66,26,13,74,15,43,22,32,47,12,77,53,46,75,63,82,98,55,83,97,18,76,71,74,10,62,36,51,99,60,68,34,20,27,28,36,64,7,86,12,11,81,16,83,21,17,14,98,94,68,49,41,88,76,28,100,80,12,75,38,60,76,22,79,71,72,14,84,11,92,38,4,94,39,69,80,28,48,25,0,41,40,97
56,53,90,63,28,80,13,29,33,69,29,17,54,99,59,67,74,89,37,73,55,22,51,95,85,40,61,31,13,71,54,32,34,50,77,66,41,14,11,34,75,64,48,36,56,16,28,92,29,87,69,93,53,28,65,61,39,33,74,64,62,87,5,88,23,21,14,41,19,64,20,24,32,10,55,10,35,12,72,18,75,55,42,60,83,72,18,92,8,21,50,78,4,97,8,99,96,31,70,8
85,63,44,60,80,86,13,37,14,13,18,5,30,1,10,58,86,85,11,20,61,78,42,90,41,52,0,96,15,59,44,4,2,47,7,40,4,92,6,10,12,7,28,51,79,73,50,90,22,98,51,41,1,14,3,19,28,100,10,93,96,76,45,53,10,74,52,57,56,21,8,65,20,52,42,35,33,87,25,25,19,68,19,34,50,51,72,4,79,31,92,89,49,23,59,49,49,8,56,38
11,44,25,45,21,42,24,91,47,47,84,64,14,89,19,20,67,35,76,3,93,32,49,3,28,47,63,16,16,47,43,36,44,90,3,20,90,8,37,31,23,3,46,51,2,90,65,38,39,90,5,62,55,51,7,53,94,55,97,0,25,77,34,15,39,60,5,69,27,100,48,81,70,25,56,32,39,53,86,18,35,57,96,72,7,26,13,8,37,58,49,58,89,79,28,37,90,3,68,15
86,36,4,24,36,48,67,34,74,78,34,67,4,56,80,38,24,70,11,92,91,37,89,99,2,5,94,11,77,48,11,29,98,46,92,90,74,98,68,10,61,72,88,36,92,2,46,79,17,15,2,95,86,29,58,64,2,64,0,98,20,25,33,1,95,65,67,79,58,32,58,44,94,82,8,69,87,5,14,20,59,97,59,44,98,28,68,53,81,83,41,45,63,100,18,54,56,7,76,73
59,56,17,49,82,43,13,35,18,26,17,66,62,99,47,51,73,32,53,48,29,78,75,34,63,34,6,72,5,20,69,47,72,8,48,30,81,37,62,5,35,75,67,61,24,27,15,1,73,72,32,8,80,89,35,76,24,61,95,33,24,83,45,51,55,89,25,41,45,55,40,97,1,0,44,56,99,21,86,77,32,32,80,89,21,80,95,9,25,22,7,46,63,17,97,40,29,10,25,51
23,25,28,40,15,47,100,30,73,25,82,80,88,87,7,12,9,37,72,42,63,37,49,30,91,79,2,32,4,39,34,61,72,56,0,12,6,86,72,43,43,7,27,8,76,63,3,21,10,48,100,31,90,16,66,9,40,82,89,44,95,19,92,28,0,99,29,31,87,20,14,54,50,44,38,13,97,28,70,95,99,100,57,83,81,13,11,82,93,19,84,52,100,61,67,45,66,86,68,62
27,60,78,1,13,80,79,40,37,87,21,98,19,33,31,57,10,58,38,22,96,87,36,6,75,47,13,65,86,99,15,7,26,73,42,29,92,72,69,70,57,16,0,27,20,62,57,47,56,35,57,29,6,75,67,81,75,87,3,90,51,1,37,81,36,35,7,45,25,91,99,12,52,31,46,36,93,6,26,44,9,43,74,47,40,9,7,92,66,79,84,57,64,44,85,25,17,79,48,71
24,2,67,78,42,95,94,77,91,52,89,8,79,99,38,87,76,55,9,36,4,62,21,32,43,72,21,19,1,68,13,81,48,100,43,31,67,89,20,0,59,84,76,89,1,29,18,9,92,70,41,99,0,10,18,92,62,90,38,31,40,77,41,35,15,81,35,10,48,37,52,52,52,8,10,35,13,87,37,72,92,6,4,15,55,37,34,66,29,39,57,17,26,8,89,51,16,2,86,83
78,19,54,37,29,14,27,13,76,4,97,54,70,26,10,54,36,90,10,99,44,86,85,13,24,91,35,92,85,60,42,23,26,49,95,43,9,43,63,75,18,80,27,34,83,86,66,95,96,39,53,43,30,26,42,25,62,48,41,24,99,84,66,7,56,30,55,10,25,92,33,0,57,58,81,8,80,6,66,45,85,43,11,8,51,87,43,48,25,94,22,92,33,38,34,29,40,42,43,63
38,18,52,62,1,65,28,65,21,80,56,62,7,56,51,27,97,87,79,13,32,14,92,19,57,45,54,8,92,55,22,36,83,31,46,12,63,45,34,7,37,12,52,9,13,54,52,100,2,1,44,29,49,62,48,58,89,58,34,52,29,11,39,87,79,10,17,65,12,49,4,100,35,84,56,42,79,26,46,10,16,7,86,97,43,25,55,47,52,72,28,52,98,50,30,3,41,39,71,88