57,83,41,16,27,24,8,53,88,93,56,2,94,11,74,31,51,76,65,4,26,57,6,33,99,10,7,42,19,29,76,65,21,92,85,15,42,25,75,22,45,98,52,78,74,77,56,21,33,62,98,61,29,34,62,97,26,34,78,38,82,33,59,53,21,62,44,65,41,46,25,99,78,40,62,23,10,81,82,7,90,73,67,96,47,39,99,93,36,83,81,20,19,24,46,47,78,94,11,47
17,65,78,38,94,86,78,32,21,52,54,57,31,78,82,22,40,66,9,2,57,9,21,45,70,17,7,42,0,21,94,29,45,72,89,66,23,35,71,96,67,82,4,66,42,73,43,55,83,89,36,82,59,66,59,80,44,52,23,42,2,33,93,10,64,61,56,2,15,22,44,29,90,5,38,15,36,2,67,43,87,67,71,78,84,68,94,25,52,75,69,67,27,45,33,85,1,67,45,59
46,92,58,53,21,47,59,1,42,43,59,100,20,55,62,68,40,38,19,16,18,47,55,18,86,61,12,18,66,66,74,86,55,78,4,66,60,89,36,60,63,55,5,91,71,0,10,17,40,66,44,65,72,66,73,20,27,42,79,23,97,12,79,3,62,5,61,65,78,64,47,75,85,68,78,40,58,5,15,80,91,6,49,10,73,27,28,68,39,61,51,13,77,12,31,88,37,56,10,11
50,24,13,12,28,61,52,7,86,85,31,20,8,12,71,23,6,68,39,83,55,3,58,84,88,77,15,61,39,0,46,62,15,56,80,20,96,47,84,70,69,6,75,9,96,95,13,3,74,15,50,59,73,96,90,87,19,40,60,100,62,13,47,72,35,71,12,80,7,70,79,89,29,12,85,43,21,87,100,12,41,52,69,5,52,71,12,79,33,34,93,33,98,93,15,52,66,96,82,37
4,40,20,30,11,46,5,40,48,65,16,72,90,54,26,72,51,53,38,46,99,63,50,46,35,87,36,53,7,73,87,34,12,56,86,93,57,62,60,82,44,87,73,99,25,16,37,79,12,85,65,30,71,64,64,24,66,82,34,56,54,13,39,97,74,90,93,78,54,9,35,44,24,53,69,5,90,7,89,80,48,59,79,33,73,69,69,99,78,46,73,9,92,26,86,73,89,5,83,96
10,85,29,21,95,3,68,38,49,4,82,25,14,91,22,36,98,13,28,3,47,84,83,78,84,45,89,33,60,54,53,43,7,74,93,29,15,6,57,72,41,34,24,51,84,89,26,2,18,59,23,95,59,41,47,46,85,93,0,69,20,78,88,100,100,81,0,65,94,78,40,29,46,80,60,52,74,63,73,28,69,98,45,45,94,2,80,78,89,82,51,82,22,77,87,78,3,88,17,51
27,10,17,40,42,16,64,17,39,70,89,56,81,90,80,17,0,76,93,53,3,68,13,2,26,48,96,80,23,55,50,24,91,74,22,78,80,4,61,45,7,25,22,85,69,4,96,37,43,6,57,60,15,65,80,27,31,59,19,73,34,90,72,25,62,3,61,34,12,92,69,41,76,35,63,17,62,46,80,59,39,4,29,53,33,48,71,18,88,94,6,7,4,8,29,21,52,70,85,36
9,64,86,40,72,100,66,100,17,46,4,48,64,55,4,95,5,53,75,90,28,92,56,33,47,75,61,32,98,70,65,71,0,6,71,4,20,50,68,25,3,87,48,87,16,62,87,49,72,38,53,12,70,49,62,2,55,74,73,99,2,57,28,34,39,68,64,62,26,66,83,79,43,28,7,77,89,72,24,10,87,14,68,84,9,82,55,100,43,38,99,62,93,94,54,56,49,7,24,35
41,40,10,21,84,77,44,60,22,62,40,58,47,52,14,97,16,44,1,99,100,71,63,41,3,91,28,45,61,90,57,44,17,28,13,72,92,20,35,15,6,2,75,11,57,14,14,10,44,5,90,7,8,21,64,74,49,12,13,41,75,1,84,74,70,1,3,42,5,71,37,22,63,17,16,65,80,36,50,79,4,52,52,72,80,16,65,70,17,2,1,66,78,17,87,12,63,28,94,7
70,28,4,84,12,88,11,73,56,89,3,57,31,21,90,75,37,5,21,12,6,1,28,99,88,38,16,94,42,63,89,25,16,32,73,93,2,44,65,39,18,78,5,56,12,17,8,61,18,56,93,76,61,59,29,59,95,64,39,90,9,60,49,43,77,63,27,64,89,49,56,77,11,77,24,95,0,51,38,65,5,37,16,66,72,46,71,69,70,4,0,73,19,50,23,27,27,68,75,47
42,93,32,97,91,97,81,73,8,78,73,47,98,49,36,41,21,70,61,75,11,94,28,1,97,97,2,43,64,39,48,57,96,72,59,85,75,80,42,12,30,96,62,94,61,25,1,95,79,9,3,10,96,36,48,57,12,35,18,23,85,89,25,64,93,73,38,58,15,3,93,54,76,89,63,46,32,17,61,27,10,13,94,44,40,63,5,78,76,52,55,96,53,71,94,47,93,50,63,59
88,15,57,20,82,16,2,57,79,62,38,10,59,93,48,61,29,94,49,5,10,42,71,68,27,43,78,14,73,34,65,22,78,78,61,95,61,52,86,37,74,42,48,3,30,81,24,65,29,60,73,92,6,69,7,57,50,53,34,80,73,49,89,3,34,12,82,74,49,60,49,15,93,31,18,13,95,18,21,3,44,93,9,97,93,83,68,54,84,91,94,84,19,58,40,23,60,49,59,87
20,66,97,71,77,32,54,32,55,80,40,12,58,49,1,4,10,12,12,65,56,27,24,49,76,50,23,34,50,17,73,49,62,14,8,63,14,28,60,11,60,28,45,41,72,84,53,39,67,88,100,92,21,42,44,84,20,63,94,99,26,71,9,79,47,49,90,73,30,73,14,91,8,15,43,89,20,24,18,72,99,55,12,59,54,48,20,46,66,96,69,19,80,49,4,43,17,86,31,38
37,47,3,41,7,81,73,74,26,86,90,65,91,47,100,25,35,58,57,75,24,76,61,48,39,3,46,84,31,49,12,18,79,5,42,86,56,68,45,34,9,87,81,73,51,21,62,64,16,95,59,65,25,35,13,15,10,74,48,25,29,33,85,53,77,64,82,97,93,59,34,34,62,36,80,97,69,91,66,5,99,96,31,58,86,62,1,65,8,4,93,11,57,55,43,61,42,66,93,66
58,48,30,88,52,92,55,47,16,42,50,34,56,59,60,37,35,40,95,60,92,87,73,40,14,70,17,79,74,8,28,71,57,45,60,32,37,15,99,44,100,51,42,14,11,89,6,62,2,43,7,44,77,73,36,23,34,10,80,24,37,65,49,77,24,4,63,54,29,2,58,12,55,50,82,9,39,8,58,59,25,15,86,83,36,25,40,81,3,63,75,44,53,81,43,63,37,69,95,54
59,52,93,1,20,64,12,1,59,81,44,66,93,71,86,70,59,65,72,89,84,40,71,56,34,33,53,36,80,10,0,36,69,25,66,13,91,94,53,71,23,58,36,22,1,79,3,87,4,48,5,1,29,59,85,51,97,25,7,90,88,88,50,19,71,2,76,53,45,31,12,30,25,17,49,67,87,43,20,62,53,41,6,83,94,13,44,57,78,9,9,87,48,29,21,48,90,63,25,11
93,52,98,84,94,65,47,71,22,96,49,1,27,13,10,4,100,35,90,80,31,41,89,19,48,95,92,75,47,45,24,59,38,23,48,64,70,52,61,27,86,80,13,17,45,60,83,32,20,36,83,13,0,39,98,27,4,75,57,45,91,92,12,93,23,92,36,58,81,44,45,89,59,40,92,52,74,56,56,56,69,67,13,4,88,62,69,48,39,1,72,76,44,49,48,0,55,46,33,30
27,49,20,98,81,31,87,9,56,25,5,85,97,52,90,3,72,81,54,76,96,77,90,80,7,96,53,17,59,96,89,2,67,18,45,65,23,0,15,61,93,74,8,46,54,78,23,27,16,52,7,5,92,82,58,18,87,36,14,63,63,9,60,13,62,77,63,67,17,28,73,10,62,59,61,1,9,56,93,95,41,99,30,83,88,13,17,30,96,11,65,3,46,14,40,79,74,34,92,4
78,81,96,89,85,45,94,22,44,55,90,65,39,16,53,41,55,62,50,33,13,27,50,9,72,30,55,41,76,9,34,85,58,28,93,31,58,99,61,54,64,80,65,68,61,54,72,98,9,87,2,15,26,58,41,58,33,44,15,89,17,85,92,85,13,66,7,87,31,63,42,56,1,75,49,53,94,16,68,0,67,94,60,100,78,98,90,38,55,41,91,50,32,97,22,57,0,63,80,64
65,2,13,17,69,89,94,15,64,42,1,0,28,35,75,70,61,67,65,80,42,80,98,97,63,27,21,100,85,13,81,59,75,13,24,83,7,9,1,22,25,47,25,1,59,14,56,65,75,52,72,28,39,11,69,99,59,89,98,65,38,33,33,77,12,63,38,38,14,52,91,67,94,9,32,51,45,11,65,60,56,1,8,84,8,44,68,89,66,44,31,70,92,80,41,18,49,42,34,81
62,24,75,90,1,5,73,33,49,53,84,20,41,55,81,33,39,23,5,91,49,55,41,31,65,25,47,38,55,28,20,52,91,31,23,14,2,99,52,17,0,23,30,36,83,70,96,98,34,77,57,84,95,96,65,79,84,89,95,64,95,33,46,44,62,97,36,81,16,15,0,31,34,27,40,96,69,94,43,20,82,38,68,92,21,47,1,53,20,35,86,21,33,17,50,4,51,58,88,75
38,25,43,34,12,34,15,38,65,79,50,89,82,49,38,41,63,56,80,75,36,8,91,50,79,26,74,61,87,17,33,48,9,32,70,38,45,72,61,23,38,35,99,41,74,56,38,22,71,2,28,11,65,85,43,76,63,75,42,55,27,86,59,11,5,85,26,73,59,65,72,34,34,1,1,70,16,58,85,49,52,76,80,94,38,6,89,21,14,93,77,52,73,35,55,47,99,38,38,22
27,74,1,27,78,72,0,20,3,42,11,62,12,51,58,39,99,80,96,28,21,37,27,22,52,97,33,22,22,54,95,63,37,51,51,72,37,37,12,65,17,97,100,53,92,10,67,50,28,56,39,97,51,63,0,69,59,39,95,29,45,58,60,80,18,62,46,0,39,19,94,0,23,85,100,96,5,21,76,61,100,94,1,33,74,1,61,18,30,60,42,21,38,15,88,91,5,100,36,27
64,76,33,20,44,76,49,91,0,45,4,54,23,51,23,100,23,50,7,35,3,9,73,83,11,53,88,28,11,77,24,84,51,13,27,79,59,11,69,89,49,50,17,78,20,49,18,54,90,59,76,34,93,99,82,43,7,11,62,62,75,19,25,55,52,100,61,45,35,4,61,75,22,75,22,89,91,40,93,53,5,14,5,23,89,36,42,32,26,86,80,27,52,17,91,86,5,2,78,74
66,38,11,7,3,87,30,83,99,52,72,71,22,73,25,56,10,47,42,80,91,5,20,52,91,40,44,39,26,58,92,13,94,55,24,40,74,10,0,95,58,17,58,91,70,95,71,99,10,53,0,13,76,66,29,69,30,99,0,27,52,38,92,51,84,84,52,48,40,42,88,37,98,42,2,1,94,80,35,61,50,51,27,11,41,43,7,31,21,12,14,0,55,5,15,77,93,35,78,82
38,1,26,55,40,55,2,46,11,91,2,62,62,21,79,92,1,80,66,37,71,95,26,95,13,78,81,18,5,75,87,48,31,38,71,83,100,0,17,92,17,49,1,83,5,80,46,86,52,65,50,2,68,91,92,61,57,92,24,37,78,32,53,37,18,36,76,34,97,4,55,88,79,89,16,86,1,20,7,63,72,75,33,26,15,47,24,3,3,97,16,16,32,63,94,97,90,72,23,85
32,22,43,54,21,97,78,47,100,75,81,5,43,37,15,94,64,19,8,37,69,24,25,31,38,86,71,26,32,29,35,60,59,68,79,22,11,99,21,65,88,46,44,69,82,20,65,86,32,89,57,64,100,92,63,55,81,18,73,30,99,30,31,53,38,92,23,82,24,87,84,52,0,95,7,62,46,66,85,20,83,90,79,5,78,62,12,44,96,57,78,91,23,0,40,24,50,72,42,78
42,45,78,45,17,5,86,56,76,10,25,24,93,52,17,16,69,94,100,98,33,78,92,26,31,67,73,68,23,60,1,27,30,95,97,8,47,95,33,78,18,73,76,63,36,23,33,42,55,48,93,88,18,91,63,11,46,84,65,2,62,76,35,72,91,80,15,49,95,90,77,58,67,97,1,38,90,14,24,23,62,70,97,91,48,22,32,75,68,98,67,64,1,78,11,21,56,53,37,27
6,100,81,77,33,60,26,81,84,60,49,98,36,59,30,97,23,25,39,88,15,97,83,82,16,94,73,55,72,56,55,80,91,90,37,75,74,100,81,14,44,40,49,35,26,73,92,67,64,86,83,46,8,36,10,8,16,48,2,41,38,43,79,54,87,68,11,15,10,73,36,3,10,43,17,6,92,45,73,71,52,39,15,88,92,40,91,36,40,29,15,7,23,54,87,84,24,17,65,78
26,8,30,20,37,40,36,48,100,9,0,97,5,61,35,66,26,95,43,92,2,83,16,67,31,67,31,54,28,26,64,50,29,1,28,21,82,38,34,37,81,85,91,21,45,30,2,41,58,86,22,86,37,71,31,14,28,8,12,26,33,9,100,22,38,39,83,92,18,88,19,71,24,8,51,39,67,95,67,81,40,76,46,80,57,67,51,36,97,90,2,2,98,11,21,81,45,38,21,78
29,11,74,82,38,82,84,7,28,0,79,79,22,3,100,63,90,58,47,61,5,34,20,65,87,73,89,15,37,74,13,31,11,83,47,98,0,44,42,72,94,58,23,7,87,15,51,100,96,52,9,24,0,43,42,52,97,0,41,46,20,13,58,61,57,36,15,47,1,61,38,43,84,30,73,74,75,20,15,0,63,44,29,40,0,19,61,43,33,73,18,78,34,5,9,93,26,93,16,69
80,46,62,68,83,50,77,38,79,39,87,91,26,74,54,92,2,96,67,62,88,9,3,49,97,13,93,1,84,59,81,4,17,65,86,84,13,84,82,45,20,62,61,18,25,1,5,9,52,16,56,60,62,76,4,21,78,26,13,50,74,46,33,85,5,64,1,98,41,85,23,78,96,64,56,60,89,38,17,80,60,97,42,50,61,61,46,6,72,69,39,5,87,80,38,64,60,16,23,29
27,66,2,29,58,39,44,62,28,96,61,16,64,64,77,28,7,62,43,33,59,54,28,41,24,36,44,14,89,54,25,91,16,21,36,28,94,84,76,5,14,69,39,54,88,35,90,61,64,85,94,23,91,39,2,76,24,0,85,63,85,87,91,47,2,38,82,52,89,8,7,61,49,29,53,88,37,11,53,8,94,27,54,2,54,3,19,12,66,45,88,22,62,16,0,14,85,95,61,77
39,87,76,90,95,96,44,17,51,78,33,53,76,20,55,54,13,57,2,42,32,72,77,77,15,55,71,12,48,48,55,95,41,69,72,84,61,48,79,94,29,26,39,46,21,8,36,0,12,51,93,26,67,89,41,93,91,91,47,24,92,39,97,9,54,92,79,15,98,31,57,57,46,36,83,35,82,20,66,13,49,2,9,48,62,3,86,38,5,81,92,81,41,69,11,21,60,40,56,63
21,39,9,55,74,94,68,2,39,50,65,55,76,26,33,58,69,34,43,85,94,47,42,93,56,93,20,28,44,3,20,7,27,11,90,66,44,19,35,99,4,0,92,49,27,38,9,33,62,70,67,18,80,91,70,90,3,61,3,25,17,0,74,22,46,8,20,30,2,78,5,2,11,13,89,68,83,70,64,88,95,1,48,26,28,28,33,27,9,15,74,94,9,11,72,29,75,100,69,87
31,17,61,39,79,41,52,81,3,87,25,26,90,89,92,58,95,21,92,61,68,7,48,60,1,88,76,22,97,51,14,86,13,98,15,17,88,13,10,87,82,19,85,60,14,69,27,20,11,35,84,85,34,68,92,15,89,21,88,74,34,46,20,93,11,58,42,53,9,70,22,51,40,21,20,71,11,18,78,75,43,89,3,71,24,88,6,79,92,80,58,88,28,45,77,73,35,33,43,75
10,98,31,43,31,72,90,93,84,99,18,92,7,66,19,37,38,11,75,35,79,72,12,16,51,45,42,65,92,100,13,95,63,78,47,65,7,2,62,58,95,55,93,19,42,82,47,10,45,83,77,2,39,16,30,55,23,13,4,99,60,5,57,78,15,95,34,56,82,2,23,5,96,24,85,33,52,61,62,69,30,94,45,18,62,86,49,21,35,29,38,10,45,91,38,70,94,65,64,87
64,36,90,99,75,62,57,10,32,11,24,84,18,71,99,70,73,95,95,90,94,43,64,7,52,78,8,69,31,42,71,56,35,72,64,82,79,87,94,65,43,11,44,65,44,54,67,76,66,50,63,34,19,72,71,91,23,7,6,95,95,10,27,42,3,68,17,17,10,1,17,47,37,69,22,43,15,44,34,42,79,3,76,26,21,21,98,37,11,35,32,6,87,1,15,41,82,4,50,56
22,39,34,0,43,74,74,77,51,14,4,45,70,95,86,2,42,39,56,11,87,13,65,59,73,26,51,43,70,37,75,49,77,97,10,25,3,40,17,83,46,67,58,38,92,42,95,18,84,10,85,53,84,98,91,5,78,52,10,58,73,37,63,46,76,30,10,15,95,1,66,66,52,22,7,71,81,88,64,49,86,34,42,49,92,46,30,31,75,54,84,78,76,0,48,52,60,35,15,97
35,40,76,25,65,93,47,80,68,56,0,89,45,59,22,0,99,27,25,38,20,57,25,48,26,84,13,72,1,26,15,41,71,74,41,33,25,82,74,30,59,84,97,14,100,65,25,97,17,87,3,47,66,91,40,15,40,38,72,81,7,40,23,89,65,23,79,83,34,37,63,88,10,13,50,61,0,22,82,45,18,4,7,54,57,82,4,31,97,52,89,21,37,8,4,22,18,53,17,46
10,3,39,0,37,85,54,42,33,44,38,62,34,57,24,16,30,95,85,21,38,41,7,69,40,92,40,79,59,54,9,51,52,72,23,16,17,25,62,89,34,98,14,70,42,3,26,12,72,99,64,11,56,25,56,98,8,92,66,50,56,33,32,71,8,87,98,99,3,12,22,7,8,15,64,41,75,83,12,76,76,26,28,64,66,23,52,31,94,29,76,51,64,29,61,3,74,93,51,47
15,29,13,29,56,16,32,1,26,83,77,72,3,49,8,32,83,2,52,10,75,33,14,0,77,93,47,31,12,16,66,93,48,70,7,64,39,45,37,96,77,36,14,98,43,51,67,7,23,69,89,72,12,35,7,84,84,42,99,66,98,72,33,39,40,7,36,100,59,97,72,56,67,29,50,62,91,24,64,25,86,59,85,46,52,90,72,35,33,93,19,43,69,18,45,54,81,31,70,90
17,83,73,3,77,31,82,3,5,33,66,1,63,18,15,35,45,11,67,25,10,61,61,56,52,43,60,20,96,79,90,66,73,60,59,16,11,6,91,4,42,27,84,44,82,78,49,8,14,10,26,23,13,18,22,89,8,69,84,72,7,10,91,29,26,21,48,41,54,63,91,32,93,20,68,66,49,21,89,12,56,30,31,35,34,17,55,36,69,8,99,88,95,6,49,18,46,79,63,74
66,65,78,96,46,97,98,47,65,71,26,96,2,54,90,76,94,0,92,63,48,13,74,44,93,29,71,14,53,71,63,21,4,7,6,64,83,7,86,96,53,52,2,26,16,88,44,59,79,92,78,29,84,81,91,47,2,69,11,66,55,65,76,26,92,74,88,29,80,99,31,49,72,75,63,51,11,87,17,88,12,30,48,71,8,3,22,47,69,87,44,66,69,89,53,78,92,25,63,29
49,71,3,16,13,50,75,12,20,29,95,43,82,20,72,43,83,9,51,51,21,44,45,91,41,38,54,78,54,91,22,34,46,76,5,23,82,74,44,87,47,41,31,68,93,60,55,58,1,3,82,27,12,51,24,36,40,36,62,22,65,22,37,11,8,68,81,24,31,43,47,60,0,86,90,4,54,70,48,86,33,48,83,40,3,15,15,24,85,80,82,73,69,90,67,94,20,85,53,49
84,19,41,40,53,32,64,70,54,88,34,83,94,93,44,32,84,41,40,90,96,70,27,11,75,1,51,84,21,64,82,16,54,60,67,72,64,21,22,32,69,88,31,69,5,30,52,10,25,50,91,37,81,14,71,52,31,2,44,32,7,79,92,20,41,44,32,49,39,81,84,12,41,28,57,73,15,52,11,73,56,37,95,6,73,85,79,98,68,79,91,56,99,78,93,64,73,33,25,53
44,59,28,40,16,1,100,67,74,13,37,75,17,72,46,8,48,51,56,100,57,4,15,94,30,6,40,12,87,0,25,12,99,97,12,4,47,55,5,25,90,33,6,97,60,36,6,53,6,87,48,66,21,67,80,27,4,8,88,39,64,20,28,100,95,27,90,20,53,66,51,51,49,97,82,23,8,14,7,41,20,78,4,37,8,69,66,98,94,51,23,6,18,99,9,37,63,16,69,5
70,46,45,68,37,5,17,59,22,27,42,71,80,76,92,98,100,51,93,67,25,53,18,27,30,72,72,92,98,43,21,26,77,38,41,71,86,17,27,27,26,68,76,36,95,45,90,20,56,64,35,88,68,29,62,93,43,19,19,13,92,8,5,26,3,37,32,93,83,83,31,81,30,64,19,60,52,29,27,25,29,21,27,31,86,48,10,87,48,14,32,62,44,27,73,46,22,66,29,84
15,31,79,94,47,96,86,12,92,68,28,58,41,36,67,66,82,90,99,84,53,4,25,82,2,19,55,0,88,43,97,41,93,57,98,43,8,91,19,56,6,34,56,16,16,74,88,17,1,3,32,28,89,17,76,56,73,9,94,7,60,32,32,88,67,41,20,62,53,54,59,61,85,79,99,83,71,33,97,76,43,73,78,26,16,94,5,38,87,1,8,58,62,59,83,7,44,76,77,15
22,7,95,49,5,90,63,66,19,79,90,47,10,28,81,16,22,11,57,33,69,41,78,92,34,60,11,61,42,0,2,75,89,38,61,28,39,84,10,67,72,74,30,31,80,27,16,52,93,9,54,1,56,83,91,6,96,72,69,12,99,25,8,96,68,91,71,79,35,57,8,34,0,58,2,49,9,67,9,12,49,58,95,18,71,63,30,100,68,47,8,46,55,76,99,2,30,78,93,2
1,36,25,99,42,89,45,38,95,11,20,69,12,37,25,75,22,75,73,46,19,57,65,19,71,84,15,91,43,65,19,21,13,12,44,92,24,25,33,35,82,67,53,87,25,78,0,61,45,3,61,14,92,69,32,98,4,83,18,67,41,20,47,47,63,96,71,46,75,38,51,67,7,76,23,32,54,12,28,1,59,27,17,42,2,19,50,19,30,13,20,36,49,87,43,99,20,42,80,55
60,93,44,13,52,39,74,75,98,17,67,6,0,25,53,58,67,91,95,67,38,58,18,20,9,34,71,74,81,51,93,74,7,87,89,52,65,57,89,22,23,7,32,33,5,90,23,71,10,6,57,14,57,31,39,86,7,12,88,92,96,18,56,80,13,83,96,21,95,73,77,6,21,90,47,67,40,97,5,64,12,36,47,35,10,13,10,45,21,17,55,80,29,56,96,76,46,98,0,17
21,13,57,26,11,4,39,29,59,27,67,81,25,75,17,61,89,22,44,12,80,71,81,62,60,24,41,26,40,12,22,7,12,60,7,62,69,97,60,20,4,93,62,13,44,26,88,43,72,51,95,49,72,30,48,35,74,98,60,13,99,83,15,72,16,35,85,80,7,15,77,7,43,71,89,54,86,65,32,100,70,19,82,30,87,12,74,2,36,37,70,15,60,82,38,75,15,66,37,3
65,53,16,50,40,96,4,8,39,66,34,59,90,99,10,7,72,40,96,55,63,91,47,85,63,88,8,33,0,85,91,71,91,56,73,82,91,45,70,79,22,96,33,55,52,9,0,93,41,93,64,56,62,95,86,38,68,38,89,2,61,52,73,30,75,21,61,26,44,86,21,79,65,40,86,81,11,5,4,40,68,67,33,42,6,78,37,49,35,37,76,73,80,63,91,85,88,92,92,80
42,61,48,45,28,37,88,52,99,86,18,93,1,50,57,100,93,5,50,14,34,31,77,70,12,90,86,75,4,14,23,18,39,60,27,39,70,42,50,86,83,56,96,31,25,58,45,38,65,9,36,89,7,51,80,26,8,65,33,53,51,5,5,55,21,30,52,41,35,42,6,5,38,30,38,27,10,40,27,89,100,93,91,62,78,47,81,23,36,47,33,80,11,51,49,83,41,33,1,20
88,81,9,24,77,96,42,16,7,10,89,59,3,89,5,93,1,38,63,74,32,44,37,83,39,7,93,99,32,1,43,54,4,9,1,51,23,82,6,59,38,27,92,69,56,23,79,4,92,2,16,65,57,52,49,61,95,61,66,82,36,50,8,71,40,89,94,46,78,49,38,66,86,64,35,88,91,77,60,28,99,14,15,25,70,5,78,16,73,5,87,54,89,96,79,13,88,94,98,90
1,87,20,15,85,92,40,3,65,61,12,0,90,50,56,94,93,0,13,71,20,38,55,7,52,77,7,86,46,44,54,31,40,100,67,25,0,91,100,92,50,44,45,90,7,73,32,84,9,70,76,31,24,85,93,13,21,37,20,36,56,56,22,88,72,24,3,9,6,26,83,97,41,22,8,47,60,72,23,23,15,97,72,46,34,88,46,19,26,2,15,54,45,14,48,90,83,79,97,3
12,75,97,23,36,96,97,32,76,67,77,27,84,48,40,11,9,62,97,46,13,71,71,75,49,66,93,11,86,94,76,15,95,53,73,91,87,62,71,78,23,77,50,32,0,5,28,53,87,6,5,97,74,39,70,58,3,76,52,34,39,23,2,27,83,79,98,78,18,33,12,20,95,98,92,75,92,92,88,59,53,54,47,74,95,12,82,15,4,72,1,12,32,73,16,30,16,12,61,73
53,29,35,2,89,65,23,7,85,26,86,48,98,29,68,65,8,53,43,93,28,23,84,7,17,46,62,95,88,71,15,60,19,0,12,21,56,63,98,33,6,53,10,46,9,21,71,29,16,100,55,46,26,77,5,24,78,51,52,15,95,38,85,25,93,18,32,32,27,39,22,30,8,4,56,78,66,51,57,81,85,32,53,58,50,15,7,6,9,49,32,0,43,90,39,98,14,73,92,49
65,43,17,98,22,43,19,58,93,81,9,63,16,44,8,33,13,79,49,41,3,45,64,35,82,98,77,74,17,75,99,4,70,16,46,76,80,61,63,43,36,16,90,74,39,54,39,78,98,74,8,70,50,16,88,77,46,28,22,55,83,49,58,43,80,12,26,82,55,0,63,8,36,71,55,90,55,30,23,91,30,31,32,7,46,53,84,98,7,4,43,2,89,76,55,81,44,6,51,11
49,52,68,13,34,2,44,2,65,21,78,20,47,97,5,21,67,98,95,63,86,75,90,8,17,9,88,83,47,53,13,4,0,95,75,77,62,30,23,66,97,4,1,68,20,71,62,80,60,20,43,14,49,47,39,92,18,8,70,76,43,34,42,75,50,41,22,72,66,51,19,41,75,34,7,98,67,57,8,59,25,33,99,41,36,48,0,42,25,85,27,78,20,0,54,86,10,93,82,78
57,10,34,22,14,55,8,19,11,15,17,33,53,95,43,70,47,32,69,87,13,55,41,76,40,41,60,51,35,96,35,79,66,83,64,84,51,56,21,48,44,79,22,54,73,97,21,56,13,57,74,86,93,8,22,11,50,14,4,35,6,19,92,63,78,4,89,84,17,26,88,73,65,43,95,82,92,37,72,3,92,73,87,0,21,16,46,27,5,75,67,52,18,69,27,14,67,21,69,38
76,76,92,13,57,11,30,37,32,5,98,45,4,13,0,3,90,81,14,62,77,22,43,1,16,73,80,33,32,59,45,8,27,55,70,28,25,86,6,9,35,48,53,30,36,86,68,12,98,16,81,14,34,17,81,52,55,23,63,38,96,75,97,51,9,19,10,13,86,68,37,65,21,63,46,24,62,60,87,38,100,12,50,80,78,68,45,25,6,26,6,88,68,25,99,93,6,26,59,57
93,36,29,38,55,64,32,38,26,43,10,84,74,90,9,21,19,76,51,10,80,68,46,30,12,90,95,74,69,5,1,87,31,9,45,49,90,1,74,65,53,96,44,94,41,22,53,94,90,58,35,51,85,12,26,12,72,78,81,19,93,50,52,67,25,39,59,24,45,34,90,22,89,95,70,77,28,24,0,36,24,7,43,66,85,52,69,63,79,63,98,62,33,9,81,73,40,47,80,19
59,88,70,52,74,58,96,63,0,61,36,84,3,96,34,14,13,14,89,13,50,37,36,9,87,89,29,67,77,87,34,39,3,23,90,100,29,75,45,1,43,65,68,69,38,57,74,5,21,11,46,94,14,71,95,14,37,84,17,88,5,45,10,0,51,22,56,59,96,53,84,2,38,98,52,29,22,55,63,50,81,78,1,37,61,8,49,32,73,17,94,12,72,91,32,23,18,78,40,75
6,76,87,64,43,11,99,46,38,28,23,74,91,89,51,60,18,29,48,84,44,98,70,61,75,12,75,11,43,29,30,18,67,92,19,35,55,10,98,66,63,53,14,68,24,54,52,32,4,97,90,38,12,58,23,93,95,40,45,79,1,43,20,61,28,12,60,73,66,86,56,53,98,35,44,24,66,77,4,95,15,7,62,22,88,8,27,44,3,48,12,27,97,6,90,70,9,87,14,73
57,70,31,31,57,55,34,45,74,86,52,32,86,66,95,2,47,89,74,38,87,73,47,81,13,48,32,33,64,88,62,87,19,56,99,70,75,10,37,2,46,22,76,93,94,48,75,96,91,39,81,1,25,61,1,60,38,16,91,43,34,67,36,74,58,96,16,14,89,91,94,79,54,55,54,64,14,3,71,4,11,61,26,51,87,79,43,44,61,4,85,61,99,53,44,70,82,19,41,69
64,95,64,31,95,20,13,16,9,45,54,36,96,59,68,60,98,88,39,97,75,78,22,78,65,42,9,100,92,95,61,99,41,39,86,4,87,87,82,14,59,51,5,65,87,75,30,3,78,56,20,86,59,27,53,74,27,85,1,20,37,27,2,81,64,1,72,65,63,72,46,8,80,2,16,83,25,68,76,37,17,42,81,2,9,81,25,29,33,10,91,3,64,25,11,18,37,51,44,58
97,95,17,9,54,46,31,15,92,19,14,20,89,46,3,94,23,39,90,8,70,18,18,77,79,42,8,90,85,55,50,68,72,21,40,92,10,48,50,0,21,12,47,93,71,4,70,5,91,52,100,86,85,43,18,44,93,4,76,32,29,60,84,3,34,79,55,97,40,69,49,83,80,46,2,43,76,13,32,44,57,45,84,6,64,14,38,86,48,55,71,40,15,56,47,95,51,22,48,36
48,56,56,31,83,60,81,72,36,7,68,56,73,76,9,30,4,6,80,83,54,85,32,72,80,83,80,43,53,82,95,9,48,98,28,58,57,17,91,26,12,38,42,81,77,99,23,72,69,69,6,43,21,66,17,25,5,30,7,39,49,91,35,72,71,4,71,91,99,11,87,86,82,92,21,51,22,9,39,41,23,3,78,27,48,37,67,77,100,97,5,93,11,66,63,83,31,45,81,65
74,4,25,23,80,42,53,33,49,69,63,48,52,30,84,76,33,16,24,6,20,32,21,7,58,98,46,35,27,48,88,95,71,10,95,55,54,82,15,85,25,20,34,100,46,43,92,85,95,28,59,47,52,36,32,81,47,52,10,100,5,84,97,100,78,64,24,77,72,63,54,30,52,97,10,65,93,64,9,2,27,87,55,61,7,86,9,97,76,61,78,45,85,98,93,27,86,66,68,9
50,55,47,82,8,55,28,94,60,36,55,83,69,77,49,20,71,42,31,19,74,31,38,77,79,63,58,11,27,31,92,24,42,99,90,0,50,72,75,72,62,7,1,23,66,46,53,1,92,99,32,92,55,57,22,82,53,21,71,90,35,94,76,96,86,80,77,30,17,22,50,24,75,53,59,16,76,20,79,70,87,59,48,33,70,37,56,4,4,67,39,85,48,63,10,84,94,16,36,38
41,2,69,100,73,80,71,6,51,76,6,58,42,72,90,48,15,39,44,22,51,65,77,74,83,48,64,79,47,26,77,55,56,77,27,45,27,70,52,52,84,20,60,8,8,52,51,100,40,60,88,96,80,90,60,55,62,32,49,91,85,0,1,45,8,45,51,88,88,48,8,87,45,89,86,88,28,93,19,17,88,72,39,80,25,28,27,84,59,64,60,24,62,63,28,12,68,81,58,97
100,79,80,97,3,35,30,25,96,99,82,40,60,41,44,99,97,74,23,64,8,65,5,13,9,95,68,41,61,0,92,35,28,70,21,12,82,77,76,77,8,12,13,93,74,61,37,7,9,38,70,53,18,71,62,61,58,68,82,63,76,82,69,25,4,90,80,96,4,37,97,100,93,42,89,96,97,92,75,39,70,26,80,4,2,14,29,44,78,79,78,49,10,49,20,12,24,22,73,80
16,78,51,89,20,83,89,76,52,82,40,39,8,70,54,22,56,41,96,98,14,76,35,2,47,8,62,4,55,4,17,20,59,21,8,82,82,83,41,26,25,81,55,1,25,57,52,21,14,68,21,48,94,100,18,23,84,90,37,8,75,89,67,43,48,25,2,20,53,15,80,73,73,83,68,84,94,45,41,1,64,79,59,68,18,12,39,91,18,90,65,95,43,11,32,57,87,23,66,99
46,55,60,74,72,75,74,72,12,48,42,69,83,25,61,53,66,60,40,16,93,67,57,0,11,66,15,84,9,87,45,18,38,89,87,34,39,23,70,47,36,56,11,27,75,26,63,62,13,65,94,74,55,58,61,57,33,91,62,84,89,96,63,87,13,13,35,32,51,71,73,47,64,47,73,43,20,57,100,99,23,97,50,74,1,38,29,22,15,21,50,65,60,47,55,92,64,23,11,26
92,1,80,12,23,93,24,45,50,81,96,50,41,36,53,38,75,80,94,93,71,77,36,83,69,25,6,71,28,14,90,66,10,18,27,29,39,46,17,94,88,98,98,18,13,53,2,9,92,95,87,89,43,99,77,13,84,88,86,17,28,80,22,34,18,54,36,27,82,7,16,72,22,38,61,12,87,24,13,59,48,73,37,77,3,10,50,38,97,60,36,63,67,23,55,7,48,46,82,3
47,18,26,57,67,0,63,35,96,68,22,75,89,12,65,96,36,96,55,76,88,34,76,83,16,25,3,87,97,2,65,85,51,36,38,29,91,6,7,35,82,31,36,21,88,4,87,27,96,80,63,46,92,61,50,20,22,88,85,90,38,93,2,55,22,26,32,87,49,90,24,9,92,89,72,92,19,54,45,33,9,70,94,94,38,7,84,50,69,68,39,96,93,27,37,75,47,75,86,26
52,38,83,98,66,66,36,64,12,50,28,34,67,25,62,32,47,42,76,53,45,76,4,19,72,17,26,18,30,36,56,38,69,13,34,56,37,58,44,95,84,21,71,77,48,48,73,50,0,19,58,80,15,2,62,79,0,26,6,37,13,58,83,41,23,77,68,67,46,54,1,85,67,50,4,82,74,2,93,6,19,76,61,6,89,16,11,93,96,74,68,99,58,66,1,10,41,77,75,47
3,57,18,51,82,8,86,4,52,59,95,37,57,5,89,49,54,36,34,5,41,6,97,79,47,42,66,6,39,50,81,52,14,37,41,7,1,89,61,24,77,41,28,52,2,2,91,48,0,95,64,17,41,72,79,95,16,2,27,55,71,62,32,82,32,77,43,32,7,83,34,57,52,52,98,70,11,17,40,80,97,93,81,40,73,70,53,90,89,90,48,78,88,99,27,15,63,5,68,70
67,42,52,62,53,7,45,24,30,9,83,68,36,7,16,60,50,59,95,4,18,79,41,82,82,13,84,0,10,15,78,89,95,18,62,65,47,54,96,87,38,25,59,36,61,73,36,43,15,21,30,83,41,8,48,20,49,77,81,79,26,68,14,1,94,32,10,92,50,33,36,91,67,97,79,31,40,91,8,90,68,23,76,52,83,94,5,8,43,97,63,71,3,44,63,9,43,55,78,12
55,46,78,69,42,85,39,17,43,82,43,75,61,63,24,54,35,50,38,19,38,85,57,18,0,6,5,97,27,63,29,83,77,55,65,9,11,10,77,59,13,17,11,45,51,90,88,59,35,28,52,7,8,5,56,68,29,51,5,42,97,77,99,67,42,1,45,96,85,17,69,48,71,27,85,20,69,11,82,13,85,70,63,43,72,66,65,2,89,36,84,63,95,37,67,57,26,91,27,23
78,94,91,98,63,100,99,37,70,30,54,95,55,23,94,71,68,32,14,68,64,77,59,25,83,5,76,87,10,94,52,48,81,89,94,38,11,97,38,96,22,84,15,73,52,31,79,64,32,45,5,82,50,55,80,37,85,68,33,37,4,100,47,90,23,80,3,57,100,88,62,14,11,67,39,52,98,41,38,54,33,50,11,23,17,48,1,81,90,71,17,77,28,88,65,22,62,11,1,65
59,57,54,61,39,29,42,41,9,33,96,8,81,79,49,46,81,95,45,22,66,92,55,11,69,46,15,17,92,46,38,2,93,40,32,93,60,62,72,42,44,93,26,100,90,21,71,95,47,12,85,0,32,3,64,8,98,16,97,39,90,87,74,12,9,62,54,86,18,15,10,73,88,22,91,74,90,56,10,98,95,59,15,91,55,14,20,11,76,40,1,79,70,19,61,59,42,6,21,31
30,60,72,22,84,20,90,100,49,83,43,15,56,21,61,57,31,9,47,18,19,7,40,62,62,3,40,7,18,71,22,71,82,44,2,92,53,39,87,93,81,83,61,49,30,8,41,34,78,73,74,0,5,66,72,100,66,99,53,54,56,90,63,24,100,76,37,46,97,93,58,12,18,36,99,67,27,60,55,54,1,99,0,69,34,85,50,29,96,99,18,13,3,14,64,4,79,19,48,33
55,50,68,42,23,100,35,53,35,75,88,90,7,2,55,40,52,11,10,57,27,72,44,79,65,59,84,73,38,42,64,54,53,88,59,35,93,95,41,88,5,92,95,1,77,11,94,69,49,82,86,46,38,28,92,7,3,71,3,77,65,13,23,82,28,16,17,96,71,96,17,96,90,29,80,52,36,14,76,1,45,53,24,34,54,23,73,83,33,6,17,42,60,94,77,63,87,24,35,37
18,43,57,55,80,82,63,94,7,26,44,28,65,20,62,99,39,16,100,17,59,96,86,62,87,80,84,13,11,40,49,51,33,33,42,89,49,32,87,57,26,10,23,40,82,13,99,36,68,36,12,16,71,24,43,77,27,28,48,0,30,7,22,15,1,21,87,62,94,100,19,95,13,81,36,29,8,7,41,33,42,41,10,5,26,60,56,64,66,67,47,89,85,76,72,67,42,48,70,6
46,95,1,14,84,72,29,37,71,42,42,92,58,17,69,78,54,61,64,56,83,34,71,78,83,46,49,16,55,53,99,33,56,13,83,42,11,4,90,9,60,83,42,56,1,82,68,100,29,35,40,32,65,32,65,56,69,58,58,75,76,33,32,57,54,25,36,13,60,91,15,54,69,62,24,50,12,27,82,26,12,94,0,88,73,53,8,59,26,14,0,60,57,65,92,41,86,70,44,83
80,78,77,30,21,38,33,0,81,44,61,38,81,72,56,60,87,57,25,75,31,84,90,38,85,18,80,98,99,8,72,48,41,48,12,45,78,12,71,80,47,34,39,95,15,65,71,97,24,60,76,67,98,41,22,83,23,8,58,92,57,65,7,39,43,76,11,71,90,83,82,40,5,13,80,46,47,12,46,18,61,28,30,24,31,83,13,38,18,68,11,29,42,19,35,97,59,24,73,68
29,98,1,12,0,1,41,100,65,67,79,15,11,67,89,96,71,32,79,6,32,50,96,98,58,49,95,32,21,51,6,95,33,20,94,58,65,20,70,86,68,62,8,95,55,34,70,50,80,100,27,63,65,60,78,25,66,42,25,68,56,17,50,47,26,76,59,86,40,29,82,87,30,41,54,32,70,10,65,20,30,47,71,66,54,23,3,27,21,36,29,79,14,47,28,56,17,72,97,61
35,62,46,76,75,34,36,23,76,61,1,38,61,74,87,83,21,10,63,99,41,83,97,49,59,6,61,75,51,74,16,76,6,40,59,86,62,89,100,2,94,57,42,34,1,7,72,80,12,16,6,0,65,76,3,28,43,11,84,66,98,98,12,95,33,31,77,98,78,31,19,63,12,18,88,58,79,93,76,58,66,59,69,73,66,5,31,18,64,81,45,96,72,62,76,12,66,49,31,64
98,15,43,86,37,3,69,53,94,68,7,17,99,93,18,1,17,54,55,87,59,25,16,9,78,88,55,21,50,63,54,100,73,89,32,89,31,98,77,89,22,76,6,100,46,2,73,99,20,46,97,91,4,69,76,12,39,72,17,59,23,31,94,53,39,50,80,25,56,26,31,14,100,21,43,48,50,82,65,64,15,96,71,25,11,71,51,41,9,68,56,84,22,36,18,67,75,98,10,73
37,24,48,66,96,18,33,25,85,9,89,14,54,41,43,3,21,99,60,25,32,42,66,67,7,90,24,46,64,78,85,6,78,66,6,13,91,92,67,99,11,89,57,47,65,98,16,0,33,29,95,33,44,98,98,63,69,43,31,86,20,49,38,48,21,82,31,85,36,4,5,89,84,31,51,49,35,26,92,36,70,12,4,20,73,69,0,24,3,73,70,2,62,96,90,34,44,98,1,21
92,35,77,71,35,93,38,74,56,70,78,94,1,30,4,50,67,71,22,25,55,7,2,90,76,72,88,30,24,84,84,7,23,61,82,4,16,1,2,78,33,33,11,100,62,96,11,64,20,39,26,75,90,27,21,4,29,92,16,34,52,3,54,35,44,91,45,38,23,32,27,16,82,95,75,20,93,96,86,84,62,7,31,28,61,91,26,41,19,56,30,66,89,55,3,72,48,30,1,13
48,60,23,33,79,99,7,3,17,31,33,1,32,50,45,88,96,67,17,41,46,85,27,88,33,83,76,22,69,33,4,86,97,96,63,42,2,54,89,64,20,98,60,79,6,70,76,90,50,44,15,97,79,2,73,100,94,26,96,86,40,100,78,68,91,0,8,81,9,66,70,99,56,91,63,14,27,98,2,18,9,86,10,91,37,80,49,29,96,54,56,28,35,27,28,26,1,66,45,50
58,15,5,100,94,55,23,81,49,24,3,5,34,86,15,53,54,61,10,32,87,3,84,71,78,99,1,76,56,75,18,93,8,63,7,73,71,81,47,82,97,56,7,88,47,0,54,99,86,92,35,71,18,29,87,84,73,11,37,2,26,23,52,35,62,95,14,85,50,3,69,8,91,43,65,57,52,87,1,49,28,46,74,12,55,15,69,87,10,45,15,57,6,65,14,46,62,96,32,35
6,86,96,57,90,79,30,3,44,80,24,45,74,83,61,40,93,55,18,75,84,15,93,91,66,50,55,34,3,68,78,40,60,26,54,99,61,70,91,38,5,92,57,81,27,13,50,39,66,8,10,22,52,67,20,53,52,45,18,93,11,60,95,32,63,40,63,26,64,98,99,94,73,31,91,18,66,70,75,30,50,11,15,70,81,83,99,8,64,96,76,19,31,8,58,64,80,97,67,19
10,42,12,39,48,74,87,9,55,78,86,92,50,35,43,27,79,93,5,30,18,89,68,52,36,55,97,24,12,33,91,4,39,22,97,53,50,33,99,65,97,41,50,64,7,79,69,83,32,72,78,35,5,9,88,29,1,20,2,4,52,55,20,77,66,46,92,2,99,82,31,66,67,71,95,60,6,56,77,45,59,15,58,70,96,85,26,100,67,7,88,68,99,56,17,65,67,82,57,33
48,88,3,18,53,4,6,97,65,5,38,76,41,25,86,32,53,1,97,71,53,42,24,51,13,52,44,15,38,93,76,4,32,42,98,35,55,52,24,88,38,68,42,38,70,93,98,77,83,30,40,16,27,75,79,90,52,93,9,72,20,14,72,39,67,6,84,62,41,80,33,11,84,48,55,23,54,36,46,57,73,63,18,10,59,10,22,99,27,78,62,82,58,65,71,96,84,52,40,52
66,76,50,79,63,14,10,65,76,89,83,58,84,74,36,93,31,3,20,20,98,89,68,38,23,65,58,22,20,22,42,69,94,100,50,67,10,13,37,50,25,4,5,90,52,34,50,93,96,48,80,97,87,28,80,47,57,38,80,84,72,97,63,74,42,5,31,49,93,21,21,63,12,4,36,46,94,75,84,33,57,89,96,90,97,49,0,57,92,36,86,5,7,80,28,82,26,6,27,66