5,51,42,74,55,24,44,13,3,78,10,53,11,86,87,7,75,58,36,91,63,36,33,80,35,61,47,41,2,9,90,88,66,48,52,100,43,52,85,31,76,7,4,71,0,67,37,88,50,33,100,91,35,71,78,97,99,7,11,4,73,93,26,4,39,83,89,89,14,84,72,60,44,38,64,64,73,3,43,1,82,27,99,18,14,84,28,76,31,47,82,67,16,86,68,23,5,74,9,4
83,70,80,41,22,57,30,4,45,8,51,1,75,53,96,73,57,6,20,22,63,49,75,96,29,11,41,66,37,13,42,100,3,46,47,70,6,18,42,85,38,89,75,69,17,81,39,44,13,30,56,62,34,42,61,30,90,37,44,63,21,53,14,23,74,88,70,64,89,84,64,15,78,51,25,12,6,33,3,19,79,20,6,47,17,85,96,45,93,90,37,40,11,14,100,30,71,57,25,72
65,25,95,59,91,77,43,8,43,68,53,25,91,63,22,22,77,51,28,61,26,70,29,67,25,47,12,28,98,1,94,75,17,19,72,9,52,13,95,56,71,48,64,85,34,61,59,98,4,15,92,6,47,79,94,2,81,95,11,96,18,43,27,61,75,68,33,98,86,13,34,44,13,90,91,79,3,35,11,93,0,48,69,97,59,24,80,60,1,84,24,32,51,46,10,38,94,53,5,94
86,54,84,49,57,5,15,30,36,77,22,25,79,35,39,39,27,16,40,60,92,63,18,33,81,24,12,28,17,69,19,65,76,81,31,1,19,42,96,20,40,72,52,53,90,42,9,38,70,37,45,97,97,26,50,34,5,68,9,49,57,16,85,94,39,8,95,52,51,1,7,32,80,5,95,91,54,94,43,66,69,28,13,26,15,8,96,2,65,0,83,43,18,83,92,20,45,45,85,46
25,13,43,23,98,37,80,63,94,49,34,40,93,5,30,51,49,72,44,58,75,84,29,99,33,29,32,47,28,52,79,33,50,3,89,8,70,92,37,59,77,48,90,14,44,81,6,93,31,6,60,22,91,75,16,32,95,22,18,85,16,22,74,49,0,65,35,60,90,91,34,54,0,86,62,1,62,22,96,22,70,96,46,79,9,86,14,90,25,36,97,82,73,31,52,60,51,89,39,45
63,39,55,82,87,57,15,12,63,7,54,47,87,56,98,90,31,97,78,7,70,36,60,17,4,73,62,57,82,14,78,16,64,51,23,85,62,23,74,38,22,70,65,61,13,95,62,88,36,51,43,82,50,21,96,72,32,31,20,74,99,21,59,31,42,74,38,50,49,36,63,23,98,54,87,64,45,24,39,66,29,89,66,80,56,100,65,4,70,52,43,92,40,75,44,50,66,56,68,6
96,25,20,18,69,59,8,3,3,68,93,27,24,64,88,91,92,6,89,84,9,99,78,64,65,96,21,42,31,24,80,7,55,0,64,71,91,14,42,96,48,53,47,15,92,43,47,0,93,77,25,45,56,98,12,97,52,10,43,34,36,53,61,53,71,32,38,32,47,28,90,19,60,36,48,4,2,24,43,42,71,51,0,4,19,93,38,22,26,29,96,94,34,23,80,70,11,68,8,72
64,77,14,93,50,64,47,90,9,29,86,97,46,85,92,34,49,84,98,23,69,93,94,16,46,61,9,30,66,84,66,79,18,75,49,0,85,94,99,20,82,23,61,100,75,62,11,93,38,38,27,34,45,25,31,47,44,16,44,8,67,2,60,11,97,19,79,74,14,70,17,52,93,32,32,14,88,17,32,74,65,79,10,65,5,75,94,44,0,93,51,57,5,32,96,67,65,62,50,100
8,37,55,32,66,56,42,68,75,95,67,46,47,96,19,69,56,12,23,72,26,85,83,64,42,66,61,7,67,56,42,62,44,82,9,45,41,87,69,36,29,45,5,31,85,68,55,73,88,94,14,52,10,74,100,85,68,36,81,0,18,82,53,46,35,14,42,23,46,79,30,21,23,64,4,11,97,69,27,64,22,16,100,50,94,50,56,64,28,68,73,99,38,17,83,42,96,15,84,47
52,28,98,91,22,19,2,37,4,79,11,66,78,91,93,96,86,22,83,24,8,62,65,32,56,89,68,86,12,3,39,52,41,4,74,32,34,37,68,40,15,53,33,88,33,25,5,21,65,83,9,34,66,46,7,69,96,55,22,93,80,47,67,89,58,84,35,46,52,67,9,2,91,24,8,76,41,30,47,67,26,12,97,71,55,13,5,75,50,19,54,63,18,61,61,21,24,77,33,7
73,74,69,46,72,66,5,90,53,49,70,22,89,80,52,92,12,62,1,89,24,79,41,22,92,84,77,64,1,91,20,60,67,63,29,7,99,77,52,24,13,58,82,31,13,54,39,84,62,82,97,79,80,12,97,93,40,23,71,19,26,5,28,3,100,36,63,46,70,50,59,86,32,94,15,62,2,87,70,41,92,49,54,24,66,21,28,38,88,14,65,72,72,36,94,14,64,29,44,95
28,1,39,25,24,76,60,54,70,19,27,11,6,43,82,87,64,17,12,0,17,38,75,3,63,51,15,33,75,5,15,75,100,20,49,94,0,50,97,98,67,64,36,56,73,21,41,59,73,67,52,87,6,50,59,16,74,47,87,81,73,48,6,56,43,89,73,87,0,31,23,100,54,23,3,9,87,20,41,86,73,34,63,22,46,83,53,38,87,36,21,60,93,94,91,19,62,8,77,91
35,74,39,65,48,68,42,83,50,64,55,58,86,0,60,36,43,0,75,73,41,99,2,29,15,14,6,76,69,41,5,9,77,57,37,79,98,55,66,96,58,29,44,22,71,94,20,20,21,89,74,40,87,2,51,39,4,38,62,99,16,49,17,43,78,69,67,8,39,54,46,61,61,63,62,25,27,94,67,25,99,96,52,38,74,45,16,14,15,67,90,18,78,25,55,38,47,65,32,54
83,35,3,3,17,74,53,45,34,31,8,50,84,8,4,42,84,60,96,26,95,89,56,5,38,39,74,62,11,22,38,29,58,35,99,34,24,65,89,0,14,86,33,54,40,26,37,69,59,17,33,75,50,34,64,68,31,90,8,40,64,58,5,42,73,4,81,25,53,90,54,92,75,92,83,97,64,66,90,64,77,89,4,17,26,83,33,59,80,74,41,60,10,69,96,83,77,22,70,7
51,61,34,24,77,12,41,44,71,20,46,43,92,59,44,30,47,16,19,68,55,52,57,73,60,70,91,52,19,70,53,96,30,34,38,14,16,26,37,35,57,73,61,71,18,29,60,69,46,69,88,34,96,58,63,68,69,48,95,68,56,89,75,34,95,49,67,35,5,4,72,66,60,60,66,76,92,26,10,73,56,54,29,58,33,36,37,97,9,91,50,31,72,75,46,2,61,30,98,53
97,58,82,10,55,96,41,21,6,86,90,53,46,95,69,45,7,29,81,9,88,66,86,29,84,52,9,17,79,44,1,20,33,55,43,52,72,36,76,74,73,31,81,90,38,65,44,22,23,39,23,8,58,98,51,9,46,40,67,17,72,98,34,30,10,65,85,39,89,54,14,79,1,74,94,65,55,44,19,12,25,57,87,94,95,100,47,88,96,8,30,95,13,87,37,62,72,48,49,92
61,29,78,23,4,14,12,42,14,54,65,83,91,58,17,64,32,34,33,88,77,14,37,51,96,92,41,90,32,96,37,91,56,83,18,74,59,15,85,47,0,98,86,67,96,31,75,44,99,67,50,66,3,13,66,53,24,40,21,31,23,10,86,42,63,40,12,61,42,9,83,48,33,83,76,72,73,67,80,33,37,88,63,66,74,35,32,41,39,54,85,8,99,53,72,53,28,88,74,15
12,82,88,58,58,54,16,22,58,53,67,95,0,57,55,77,31,38,71,26,33,2,64,14,81,52,72,87,15,35,59,22,15,23,47,44,7,4,97,50,17,42,36,94,0,67,15,78,5,27,77,12,53,24,84,59,4,76,21,80,26,12,42,20,40,8,40,80,5,21,70,79,64,0,35,19,77,92,58,11,10,74,10,61,25,8,5,5,1,100,99,96,27,71,94,82,94,9,5,27
54,62,29,67,83,88,44,38,39,50,20,52,31,5,94,88,51,40,91,84,89,100,12,3,21,90,39,0,60,38,67,18,23,4,26,4,43,22,23,34,79,91,19,7,14,47,91,25,72,7,50,92,77,9,45,60,64,43,29,49,82,4,81,46,52,80,84,15,70,82,37,25,48,38,100,82,61,83,3,67,37,59,40,90,71,20,4,42,88,14,11,6,43,49,20,22,75,53,20,36
89,4,58,73,58,85,92,57,87,30,17,7,85,92,27,1,21,87,38,96,0,87,53,33,54,99,47,86,19,66,15,22,71,31,13,37,95,21,38,22,13,77,95,95,38,17,41,12,89,15,1,21,57,28,21,12,13,9,67,89,19,82,67,82,0,64,44,94,63,38,53,41,14,50,19,71,28,58,49,42,54,69,0,49,61,61,25,33,4,65,56,28,41,64,83,51,6,87,20,34
16,5,20,56,23,77,92,52,57,5,95,58,82,40,36,30,27,36,18,71,12,96,65,34,97,51,68,3,83,52,34,49,23,23,27,42,95,26,55,5,38,82,68,66,81,36,71,32,80,36,28,17,93,99,26,9,39,81,59,55,14,39,27,72,90,31,0,95,56,71,24,88,82,75,83,48,0,4,26,33,10,72,80,86,23,48,78,3,47,45,97,11,81,83,52,62,80,57,64,65
84,81,45,21,61,39,30,76,86,88,27,88,51,54,50,69,43,81,58,49,28,44,64,50,86,19,47,49,97,6,20,61,31,64,82,0,97,2,11,77,49,4,99,41,69,38,6,50,82,43,4,61,21,18,9,79,15,50,16,26,42,18,35,68,20,90,33,84,22,26,64,18,21,62,47,20,90,62,69,23,89,69,75,50,24,58,33,79,67,65,73,39,21,90,100,64,35,14,19,57
49,64,78,88,83,91,78,59,79,10,6,6,3,36,64,12,59,63,10,61,38,36,19,36,40,24,18,20,47,23,79,62,22,34,71,81,0,74,41,78,2,75,32,23,12,7,94,57,80,99,76,61,72,54,39,64,99,24,55,46,42,24,34,25,62,100,99,73,86,33,9,1,88,57,36,61,77,34,83,3,42,31,4,4,91,46,88,46,28,79,16,25,96,55,99,3,54,84,5,36
71,83,89,7,92,70,48,17,11,21,33,26,82,32,98,50,16,78,0,53,78,43,89,6,67,21,98,96,93,48,12,83,13,40,14,23,80,45,45,84,100,8,96,2,86,78,87,38,46,83,74,28,98,65,93,69,41,56,30,13,11,47,99,22,57,61,85,23,54,56,81,38,47,2,50,62,31,47,91,23,4,98,21,73,42,26,61,32,14,19,90,48,62,7,98,10,32,82,84,38
79,42,17,81,66,0,37,12,48,28,51,7,45,20,46,66,5,64,88,35,62,74,83,9,58,93,30,24,26,31,39,27,33,86,1,17,100,79,16,21,92,12,94,63,83,13,38,62,57,82,83,27,72,4,96,10,81,54,40,98,82,15,1,67,31,67,80,71,96,7,76,64,18,87,9,39,60,39,99,39,16,25,36,83,45,75,4,81,24,86,14,89,87,66,59,19,80,86,30,39
9,17,10,99,28,51,37,5,91,3,17,81,56,57,43,29,63,90,61,23,72,82,12,37,29,6,63,55,39,79,54,69,45,39,59,82,60,69,55,30,67,95,66,6,96,84,30,52,99,55,38,22,30,17,13,74,79,31,100,22,49,25,17,91,79,11,50,55,27,57,31,92,54,91,57,80,86,32,25,45,48,48,55,96,22,93,95,32,4,52,66,83,42,28,72,52,80,54,83,83
51,62,29,2,67,22,2,65,4,35,56,32,91,86,52,84,91,93,15,31,43,86,80,18,51,34,24,71,38,24,34,48,54,36,44,25,91,68,41,24,61,34,47,1,32,46,6,79,68,9,26,96,74,71,65,30,62,84,53,78,62,39,58,60,91,97,97,82,50,59,72,79,8,69,72,3,71,9,53,19,4,40,55,10,79,85,69,77,22,23,94,87,72,83,53,71,13,73,29,36
91,19,45,57,54,92,63,57,94,46,84,67,64,57,55,93,87,66,79,74,25,41,10,71,86,77,54,74,87,6,7,5,36,9,4,15,43,45,44,44,38,4,95,86,22,20,34,97,28,8,45,44,51,66,4,42,89,66,82,7,84,5,41,72,45,29,81,74,100,83,40,60,10,88,48,68,22,97,65,89,60,46,57,14,11,28,95,57,27,95,98,26,28,57,66,97,41,37,18,77
13,68,4,4,37,45,44,87,76,79,1,46,90,72,59,91,10,84,12,71,61,0,100,3,11,10,82,51,69,18,24,29,69,21,21,22,54,32,95,47,84,9,53,60,97,66,30,38,84,6,60,60,75,37,57,85,38,85,45,28,63,78,4,76,82,79,13,66,8,62,63,92,18,66,97,0,97,4,52,98,25,76,32,36,91,88,28,91,21,58,43,67,92,81,19,24,82,97,63,18
53,58,92,31,74,25,29,55,4,59,51,21,50,23,58,64,52,48,64,82,92,70,27,30,67,59,33,7,43,62,81,52,16,49,47,50,58,41,11,43,41,83,79,74,89,8,27,36,78,76,69,21,1,60,59,18,64,70,5,67,93,26,96,84,79,91,42,2,53,10,13,37,98,81,9,78,34,14,38,62,55,84,95,38,81,70,43,18,21,81,88,83,88,87,19,40,66,87,58,1
58,40,85,81,72,77,62,6,48,48,77,24,28,93,16,43,30,23,10,64,18,53,74,29,52,31,67,38,68,36,11,82,9,58,82,5,54,95,44,47,38,49,8,4,93,52,32,74,11,100,80,84,59,62,65,51,9,31,40,23,56,12,59,53,29,70,24,65,90,76,85,27,67,24,73,84,95,11,43,1,71,48,71,41,12,15,58,92,21,4,64,22,49,95,75,47,13,44,81,96
31,52,16,73,84,18,33,71,84,95,1,89,65,2,89,90,61,97,38,20,69,29,69,66,24,45,43,84,72,32,68,42,76,94,64,75,53,26,2,65,82,52,94,46,50,20,92,15,22,87,1,56,63,49,64,77,18,72,47,14,3,60,11,83,4,33,99,74,40,82,33,9,72,63,35,83,94,9,94,95,15,11,7,21,95,59,13,76,69,43,4,38,29,23,85,23,51,47,95,18
59,7,91,48,32,94,0,97,25,36,85,1,97,98,60,68,82,77,23,98,32,6,70,57,90,14,90,53,32,89,44,87,13,3,63,52,100,70,48,4,43,70,1,38,34,14,53,51,0,49,67,99,23,91,78,80,8,78,61,50,39,13,76,89,16,77,34,41,67,82,93,43,2,97,58,43,70,59,53,14,18,8,9,99,38,84,23,31,4,7,56,43,71,68,78,88,67,66,44,67
86,27,2,96,16,3,31,35,73,68,77,84,56,34,59,17,12,62,92,74,10,94,54,37,23,20,48,99,11,26,75,76,0,32,60,15,35,67,93,24,27,80,39,59,42,35,10,0,47,60,59,80,1,59,13,15,66,84,41,74,65,33,42,73,71,21,32,82,43,10,71,36,45,80,94,32,68,2,38,32,60,67,99,29,67,68,92,37,8,6,78,93,6,22,35,22,54,99,90,45
50,5,43,94,47,80,84,76,64,61,91,80,51,100,25,67,40,79,19,48,12,34,13,13,11,0,86,4,95,55,93,93,24,2,98,56,76,43,7,47,100,13,42,39,3,59,43,65,91,66,36,66,71,24,20,81,33,26,61,57,0,80,20,46,51,85,13,88,72,75,36,68,38,4,93,13,0,27,72,91,51,53,78,82,19,28,89,7,77,64,88,16,69,36,5,51,34,21,79,0
100,91,32,49,31,61,80,22,60,31,86,25,82,61,46,51,66,93,14,38,75,57,35,96,57,79,96,94,43,13,14,26,29,93,86,10,46,82,20,24,84,63,46,37,84,14,48,40,3,77,67,49,93,26,54,18,24,21,47,54,99,41,14,98,32,94,34,93,18,60,27,25,98,88,80,60,37,29,61,100,96,59,11,66,74,43,80,53,81,64,21,7,42,55,67,90,68,100,80,3
47,33,20,81,49,39,42,60,25,40,43,76,6,62,68,94,17,94,84,57,7,77,27,21,90,82,58,94,79,66,47,6,41,90,48,27,95,34,88,98,22,80,90,51,35,43,7,56,73,74,70,61,7,80,75,45,83,46,83,56,5,96,99,55,16,62,52,59,22,40,32,73,92,74,8,9,41,16,74,82,81,8,72,12,89,19,31,30,7,77,74,63,77,20,33,4,93,85,37,50
1,84,95,20,73,4,85,95,99,62,34,59,77,62,45,68,47,33,63,80,45,9,30,37,57,65,75,73,89,89,79,48,12,64,82,41,98,43,63,15,50,51,46,12,81,90,50,55,18,47,9,12,2,49,66,19,7,25,26,41,78,97,69,86,85,88,82,85,23,80,58,30,16,64,19,62,65,96,65,55,37,11,86,58,74,39,56,33,58,76,83,5,95,12,20,43,74,22,51,38
52,23,88,70,27,67,90,82,21,60,71,12,36,45,41,31,71,78,70,36,42,21,90,18,5,46,3,87,38,66,42,49,6,5,44,89,5,56,71,49,31,2,85,52,72,99,9,37,12,77,89,33,94,61,17,88,9,73,90,38,46,45,80,57,22,34,22,45,17,58,66,30,84,61,36,28,46,27,10,74,36,22,90,14,54,80,72,6,85,68,8,75,5,76,25,90,100,91,59,0
95,89,84,38,25,89,76,57,25,100,88,95,75,47,12,82,100,63,72,2,78,5,65,23,80,82,99,56,97,95,83,72,13,59,20,91,29,0,14,79,32,21,30,22,31,48,49,40,24,29,86,0,95,83,44,97,90,21,79,6,16,3,46,82,92,18,72,100,26,82,58,2,19,6,66,18,5,86,5,53,66,76,67,45,60,62,41,94,75,24,70,45,95,97,60,63,61,13,52,65
66,30,41,96,28,17,68,19,17,37,73,68,43,10,88,41,0,43,79,39,63,48,67,5,43,35,79,85,52,91,73,36,16,71,25,61,11,0,23,84,56,42,9,100,1,93,73,72,12,66,25,30,30,68,22,92,60,60,19,15,70,73,75,15,77,5,96,74,10,92,87,48,44,65,41,95,53,16,2,12,81,73,64,58,51,18,25,62,32,82,47,12,30,71,24,64,68,14,39,7
45,79,48,30,57,47,60,2,36,36,9,89,36,91,72,20,84,87,72,68,44,73,84,53,90,21,24,40,11,40,30,81,93,45,53,56,87,22,20,5,88,12,27,27,24,67,34,19,53,22,53,25,83,36,0,85,61,61,6,85,54,36,87,71,41,73,10,67,17,8,63,64,18,56,69,96,12,96,17,42,76,78,57,13,91,43,1,10,71,81,88,37,49,73,66,39,40,64,13,83
16,55,44,5,98,96,85,59,6,27,59,96,100,22,19,20,43,8,61,32,78,79,24,22,16,91,1,76,98,45,69,31,9,19,93,31,2,97,56,1,8,86,57,40,61,85,49,77,83,21,58,76,62,23,23,51,84,63,6,52,90,49,62,97,77,16,29,91,27,84,22,55,14,40,24,87,14,27,56,48,61,9,100,74,88,41,88,91,1,86,60,60,100,61,80,5,35,87,51,29
71,66,72,73,88,66,100,3,51,29,26,29,44,35,22,42,61,91,48,59,25,100,93,77,61,1,44,87,41,0,26,82,100,70,58,32,30,31,78,7,92,42,11,23,18,89,67,35,96,66,36,14,47,57,27,8,96,91,36,35,61,59,11,99,86,99,26,43,75,64,13,22,47,56,59,45,70,10,31,57,44,82,63,72,54,84,78,13,60,44,99,1,75,31,66,25,55,15,19,94
38,34,63,45,12,99,61,85,49,46,80,13,99,90,71,22,93,73,76,14,42,78,33,84,86,84,23,6,83,37,59,7,98,49,10,66,25,9,1,21,76,84,44,74,8,2,71,44,24,94,45,2,9,15,14,83,28,31,40,31,26,29,12,91,42,69,91,84,95,68,12,61,28,31,0,64,33,42,48,29,8,65,63,14,56,63,10,10,76,89,28,84,17,73,43,45,16,70,97,43
80,60,53,43,4,29,65,93,53,33,87,19,63,7,85,9,50,60,44,70,87,21,52,21,17,3,96,6,5,77,46,70,30,26,100,41,0,43,63,45,73,26,82,39,40,46,94,58,26,32,1,59,61,18,45,29,46,47,24,80,39,57,32,75,57,100,86,90,36,99,35,65,64,58,97,7,38,3,18,32,51,67,63,57,19,18,84,23,27,8,24,23,2,40,44,61,42,68,36,75
94,87,5,57,88,47,31,43,25,58,28,100,82,23,56,20,75,79,65,66,10,95,40,17,100,47,58,77,78,40,26,40,96,28,19,28,90,33,52,96,33,23,79,91,16,38,82,84,31,79,12,78,81,3,55,92,36,64,54,32,54,71,9,3,70,32,3,78,92,17,78,6,56,1,0,9,37,80,30,86,65,26,56,61,80,58,55,100,12,72,65,65,43,42,50,64,8,62,80,32
66,76,70,87,76,8,64,8,21,69,87,21,15,7,2,2,13,51,39,62,11,68,28,63,35,12,39,98,54,69,20,12,74,53,18,82,86,68,67,100,54,84,36,99,6,20,86,96,27,73,73,40,4,74,49,51,96,44,50,60,63,31,79,58,55,64,43,36,79,64,4,81,50,7,53,80,3,43,68,78,97,44,67,35,48,55,52,27,48,21,71,32,37,98,92,32,62,53,93,3
46,42,39,26,25,23,63,25,74,37,77,23,6,84,13,59,20,10,19,9,68,31,65,47,75,77,61,53,73,90,23,67,52,3,51,65,97,94,9,40,46,71,27,57,55,13,5,30,14,61,3,30,37,54,58,41,18,83,92,21,43,87,32,14,44,34,67,82,82,56,79,57,34,28,87,51,96,82,67,32,45,56,66,46,43,1,48,58,48,59,3,98,32,72,40,77,92,69,34,33
83,13,69,79,82,71,1,19,83,95,7,85,20,62,94,34,56,56,54,1,42,28,12,88,70,72,41,15,28,8,78,17,20,71,92,49,70,32,34,85,73,51,49,49,89,20,27,23,45,53,50,28,81,38,12,40,13,66,23,94,91,64,39,3,4,6,27,11,54,93,53,2,15,78,67,96,9,49,41,46,93,43,28,79,100,23,23,51,3,99,50,94,79,41,56,96,91,83,99,99
56,14,66,68,32,24,90,19,15,81,62,29,95,62,11,89,90,65,2,31,13,82,29,98,90,73,68,46,13,15,88,99,4,9,95,66,57,69,91,60,70,89,31,84,4,5,60,2,32,9,9,80,29,77,42,100,21,29,2,38,88,7,30,59,92,90,91,62,60,43,84,52,69,14,84,37,96,26,8,30,50,60,86,28,94,20,68,49,15,83,50,15,52,5,91,14,57,32,42,10
15,23,27,78,4,50,97,36,39,71,40,2,11,57,98,16,95,89,82,83,27,37,90,6,95,90,45,92,35,11,90,94,21,86,16,92,71,19,81,54,5,37,15,39,44,50,60,98,68,22,27,90,95,44,41,13,62,37,36,96,73,5,61,28,70,27,46,97,3,91,8,47,13,68,37,10,58,72,0,100,43,28,19,57,80,35,4,95,0,79,33,32,17,58,40,33,5,20,72,67
65,84,7,50,58,15,62,33,38,70,58,0,35,76,94,61,45,39,75,27,8,9,13,50,69,66,60,35,90,0,39,50,20,39,79,11,60,80,25,84,93,99,16,7,90,66,53,38,71,31,32,88,88,52,89,5,100,59,8,17,20,83,45,61,87,24,59,94,54,4,36,96,61,31,66,79,16,31,99,91,4,51,21,12,64,4,43,87,27,98,2,47,76,50,11,70,48,22,35,86
22,61,93,14,43,27,64,15,59,14,13,21,62,77,8,69,58,73,13,13,97,64,59,72,98,83,14,31,81,45,31,28,36,63,73,70,27,89,80,53,28,31,66,60,48,17,79,62,95,75,52,64,8,84,64,24,77,14,14,59,97,23,61,32,33,55,83,37,57,68,75,94,6,32,0,15,50,12,69,74,2,13,38,70,11,79,93,44,88,40,76,18,43,12,10,52,54,75,97,36
75,79,79,75,5,9,48,78,65,22,95,72,46,16,83,89,12,10,24,92,43,17,24,71,74,29,28,76,66,81,54,78,40,93,95,45,54,86,67,38,69,36,59,78,88,57,52,87,23,65,27,32,3,62,91,78,49,37,83,10,22,0,5,84,53,8,0,90,97,37,34,95,89,35,19,20,51,45,11,50,7,91,92,0,9,64,27,26,49,27,77,58,1,38,91,33,0,53,86,97
39,65,31,64,69,74,26,54,87,57,44,88,30,6,100,2,54,31,6,97,16,46,4,13,72,70,67,51,55,83,82,87,25,88,26,44,72,12,1,53,41,49,89,30,37,39,30,27,70,1,28,99,67,53,22,47,63,51,100,69,50,91,7,42,100,17,69,24,45,48,90,75,7,48,78,74,57,1,41,9,23,92,67,85,89,88,81,22,46,7,78,36,40,19,37,98,49,66,70,91
24,22,58,83,52,79,94,0,3,84,41,84,96,35,67,80,58,79,66,71,11,49,26,14,51,23,5,62,7,85,67,41,94,75,36,35,1,58,81,60,77,93,75,60,21,83,32,43,86,68,66,59,73,86,88,90,55,85,45,14,69,54,18,24,29,61,48,69,66,76,31,29,20,30,25,72,40,45,35,10,51,27,14,81,98,48,41,14,8,95,74,13,52,20,83,7,85,98,41,6
78,48,10,68,65,33,55,29,3,27,94,40,100,66,93,3,26,98,25,67,47,0,79,17,69,20,92,50,54,4,59,22,72,44,18,88,76,84,33,72,86,5,19,49,3,6,87,26,98,20,48,87,34,57,56,36,36,30,78,82,92,34,74,65,28,91,53,47,53,81,64,33,96,50,36,32,24,50,65,99,45,15,74,4,57,56,62,52,23,32,90,15,60,62,72,5,27,11,96,34
96,80,32,60,27,46,88,55,81,5,45,93,54,44,76,28,49,54,96,61,18,11,64,41,42,24,95,96,89,64,78,85,30,82,31,73,91,52,76,86,49,81,33,75,84,70,93,21,28,47,57,40,85,2,98,22,46,70,70,84,21,91,25,1,13,70,62,25,49,21,65,56,97,59,14,21,72,55,31,75,35,9,73,89,55,13,1,61,86,99,45,67,22,64,70,97,100,67,87,58
78,52,17,87,73,45,85,84,66,42,37,29,53,49,12,34,66,76,57,30,59,7,78,80,58,38,61,63,9,6,54,43,19,23,21,86,37,54,11,5,4,12,6,89,28,65,86,32,85,83,40,52,43,35,24,100,86,23,25,90,31,47,1,60,80,15,49,10,73,16,65,65,24,14,50,95,48,60,9,72,79,94,66,56,86,11,98,85,66,21,48,21,5,7,17,56,7,9,68,21
96,96,72,78,69,37,32,12,37,13,21,48,47,77,39,69,87,14,6,14,67,9,48,74,29,21,45,42,17,82,36,54,52,50,15,52,40,84,17,22,34,18,62,10,78,34,99,37,64,14,54,63,64,10,78,73,28,56,45,40,52,79,82,20,54,56,48,25,5,48,58,25,46,0,22,13,38,14,3,78,99,64,9,74,56,84,0,16,72,96,89,85,55,75,21,32,66,93,9,88
19,94,72,86,61,7,59,27,68,85,12,34,70,5,57,58,2,41,38,83,43,51,94,67,75,54,42,83,13,88,1,73,62,100,25,93,9,25,97,76,83,92,66,40,14,28,73,27,22,19,45,41,43,74,11,84,26,6,91,81,69,97,44,14,96,10,67,80,48,91,79,63,97,38,86,79,59,75,13,78,42,24,21,29,16,38,40,65,61,60,63,95,85,74,87,99,37,30,86,16
31,57,52,56,76,68,53,64,18,17,62,97,62,80,53,29,71,73,23,73,79,13,36,100,51,63,46,22,14,35,46,43,24,9,32,54,85,8,9,32,37,87,95,94,25,13,25,31,78,93,67,24,77,34,13,38,91,52,62,8,70,81,93,87,5,94,19,35,41,43,84,39,90,57,84,1,16,19,4,81,3,38,61,63,29,70,12,18,0,88,27,27,50,19,94,44,29,90,77,36
54,23,38,81,15,22,73,100,57,10,55,53,79,32,63,1,64,73,67,80,66,92,99,47,41,97,91,79,78,13,92,8,94,10,46,92,10,29,94,92,97,6,52,16,52,9,53,54,52,24,85,35,82,10,26,16,30,86,85,80,94,97,41,22,18,13,54,61,10,21,21,97,97,87,31,15,84,35,60,21,92,86,46,69,99,34,92,5,48,83,89,100,84,84,61,15,58,64,35,89
2,85,6,56,70,98,34,25,4,59,49,40,8,55,7,62,57,39,65,8,94,36,76,30,44,94,55,72,59,30,94,30,73,35,21,41,13,92,2,78,27,51,70,7,16,53,83,5,99,76,62,68,51,51,5,32,14,48,32,52,27,74,40,86,30,52,100,56,39,13,58,26,30,79,72,10,48,71,0,3,59,30,72,28,8,89,84,20,22,4,62,88,84,11,41,45,3,48,8,45
40,86,96,71,68,86,41,53,11,76,38,95,88,65,60,88,69,11,58,71,88,2,51,16,65,0,95,95,64,13,30,42,83,14,43,26,90,44,34,9,92,24,96,69,35,41,27,7,18,19,5,74,50,37,44,26,81,52,69,32,21,72,17,58,29,93,81,87,73,19,31,24,86,40,75,81,67,55,45,54,87,14,78,3,27,98,57,65,81,80,27,20,28,52,25,16,70,38,6,83
22,9,67,63,49,63,12,86,64,22,86,86,73,39,26,61,85,57,75,92,25,73,41,35,34,10,56,86,59,50,54,10,44,65,93,85,82,24,21,67,65,34,59,75,22,47,84,26,93,44,65,73,18,0,70,87,31,46,7,90,34,89,44,43,94,31,2,65,56,30,12,33,27,10,75,75,100,1,47,24,80,72,48,45,84,48,73,65,81,40,20,65,63,94,94,35,94,20,12,98
22,78,22,65,37,77,52,53,88,6,36,82,63,3,65,67,65,34,89,0,51,41,88,38,88,64,65,31,59,78,38,24,5,88,36,33,99,99,20,59,22,67,44,13,70,93,64,72,14,8,36,100,40,39,38,1,23,1,1,41,72,5,76,81,31,53,37,75,43,8,58,89,40,14,78,30,41,29,19,23,6,59,70,92,46,18,29,96,71,17,95,51,16,9,89,60,74,28,49,49
81,41,46,70,32,35,55,77,81,24,34,66,90,50,34,81,16,45,25,11,60,86,99,3,84,87,6,85,62,97,25,77,53,91,24,50,48,41,70,17,51,17,45,69,11,61,55,5,57,17,90,25,8,49,93,25,44,24,16,86,24,72,90,60,71,63,16,66,0,26,67,61,19,76,61,93,35,31,28,22,45,99,59,45,91,28,91,17,22,34,86,55,1,27,49,93,94,31,83,98
39,26,79,12,99,16,89,58,59,56,34,6,88,89,37,13,80,86,34,62,98,14,39,81,56,97,5,7,27,32,95,73,0,84,19,80,31,46,33,42,68,9,10,60,93,60,72,81,7,47,54,77,14,65,35,53,39,80,45,68,18,73,32,44,33,42,59,41,21,53,54,49,76,22,49,56,81,83,25,78,6,84,14,98,92,92,16,28,28,22,1,6,92,88,76,79,69,26,56,51
94,33,95,47,20,96,94,32,65,61,53,100,47,8,39,60,59,10,67,2,42,35,82,88,78,30,65,61,67,62,18,84,34,26,68,36,82,7,13,33,46,56,4,52,37,21,80,71,65,23,86,55,77,85,53,67,8,33,22,85,79,9,16,76,42,51,65,39,28,75,62,36,95,53,100,18,62,12,32,94,80,32,94,24,94,45,15,77,25,60,85,57,37,38,63,47,10,86,19,10
15,66,67,80,25,38,72,32,41,24,2,43,75,26,81,82,43,85,6,96,13,44,52,61,70,0,72,0,47,67,10,49,20,87,13,3,93,23,38,97,43,21,84,19,47,14,6,72,74,39,100,62,16,16,98,21,14,7,49,44,50,1,11,78,56,94,20,52,3,100,44,29,77,14,74,43,72,17,48,6,98,56,24,49,19,73,82,85,10,77,75,62,81,6,44,69,45,40,4,80
40,99,38,20,3,86,21,39,25,51,77,85,79,74,27,39,59,100,32,22,17,79,2,13,100,87,45,75,44,55,56,18,42,16,32,54,21,71,38,69,88,69,0,78,51,4,23,3,22,15,37,100,35,100,66,90,99,21,33,99,66,11,6,73,71,75,18,31,15,30,2,0,80,27,99,72,70,85,64,49,19,13,45,59,85,52,41,13,93,30,100,13,66,15,1,35,0,53,73,31
60,94,58,45,69,72,4,42,84,77,80,11,95,43,32,18,30,2,63,53,89,28,22,85,90,68,69,39,48,11,31,12,50,79,27,16,20,23,94,45,15,26,93,27,80,27,30,19,72,14,28,82,93,22,75,39,50,80,78,95,56,65,18,20,78,39,14,82,16,26,93,9,22,49,100,80,71,54,12,85,33,80,100,13,47,92,84,11,93,52,74,79,63,57,29,17,48,9,24,80
93,39,84,85,61,17,32,75,85,76,56,64,68,31,62,35,73,30,4,95,21,60,4,54,78,81,10,52,66,90,95,98,70,60,22,80,93,66,35,60,61,33,2,35,2,2,66,51,78,91,31,3,90,93,36,23,66,79,36,10,34,28,46,73,9,84,1,87,72,46,48,86,11,29,43,36,74,7,34,58,3,96,82,59,59,50,48,62,89,65,22,55,67,34,5,38,35,26,9,72
35,89,99,50,22,21,33,39,32,33,87,83,23,57,42,2,55,53,29,15,61,64,53,69,25,5,49,92,2,49,72,57,45,70,4,84,45,44,69,38,88,6,58,12,84,19,95,1,34,69,66,5,4,86,14,68,15,50,45,58,3,75,13,21,94,14,87,74,80,23,44,20,98,92,23,96,17,28,29,58,71,79,67,91,23,60,6,35,71,60,28,13,15,87,9,26,99,68,41,1
62,27,6,30,0,67,50,16,87,56,8,6,90,18,81,31,41,23,91,19,14,76,61,45,89,22,1,27,47,86,25,32,78,59,19,73,38,67,86,57,33,54,60,93,52,15,36,43,56,95,93,72,3,58,43,48,24,72,37,80,24,94,18,32,57,59,84,27,66,3,76,31,50,94,32,61,89,25,48,93,67,77,74,56,100,77,64,79,20,36,95,47,92,88,58,14,30,74,100,58
84,0,93,57,71,4,84,84,35,66,87,3,14,83,74,98,19,27,60,87,78,74,64,78,58,6,23,62,44,66,31,25,59,3,17,77,84,32,22,27,15,79,11,91,65,52,72,5,90,47,56,61,52,9,20,55,92,75,38,93,2,38,58,85,59,70,51,83,85,41,54,41,92,4,1,7,15,49,66,44,45,7,8,67,3,1,93,49,49,61,55,47,3,94,96,32,36,30,57,100
53,83,97,82,8,26,96,67,19,84,48,26,13,39,77,50,71,43,93,64,54,23,63,47,18,21,69,94,99,40,11,38,55,26,19,86,36,61,17,47,64,88,21,73,21,57,74,42,24,98,19,98,75,58,3,42,17,60,96,36,15,27,45,67,99,44,34,11,11,44,30,85,25,45,32,99,31,42,81,63,63,65,21,25,30,20,43,97,81,88,41,100,58,85,64,38,84,47,31,32
34,79,45,47,44,23,24,21,38,38,15,69,31,87,36,98,72,25,100,100,10,36,94,57,11,31,2,10,54,83,3,27,53,18,89,32,20,43,5,70,17,5,26,59,99,34,74,22,44,89,44,64,42,66,25,20,26,88,14,91,71,95,55,59,37,19,59,27,77,1,49,17,9,55,12,14,34,25,5,98,6,58,72,43,54,37,54,72,6,100,57,89,36,4,40,29,100,24,69,25
93,32,14,5,80,67,89,54,41,53,26,91,73,64,57,12,50,28,69,43,36,26,71,81,5,73,68,84,31,80,93,91,82,9,66,92,34,68,93,53,24,78,79,1,14,7,50,22,57,79,33,93,89,14,1,52,54,53,95,23,18,40,38,66,62,7,78,26,45,23,19,25,87,35,61,81,59,63,37,49,65,57,79,43,91,6,58,83,27,25,33,60,45,21,27,59,26,85,8,3
66,55,88,47,24,20,84,60,17,86,59,19,77,52,3,3,2,5,90,45,85,55,58,92,2,70,42,93,20,29,25,3,70,71,74,31,45,42,52,26,85,100,2,1,26,5,85,82,48,53,47,97,54,28,57,11,33,62,43,40,99,8,9,76,11,54,73,90,9,89,77,3,5,0,59,40,13,61,9,42,53,24,50,5,32,21,50,59,0,26,57,24,47,13,54,84,98,26,75,80
66,45,65,14,69,65,66,46,42,65,6,56,53,79,17,5,65,43,90,56,52,9,68,59,100,97,5,58,2,21,17,72,1,88,42,17,58,81,100,3,3,51,93,31,85,64,95,80,17,18,52,53,23,72,14,71,64,49,83,1,42,8,68,0,7,70,61,10,67,88,50,79,95,53,93,0,5,79,49,56,5,58,75,76,54,40,58,94,85,53,4,86,24,54,70,72,14,37,26,88
70,86,46,43,100,75,72,75,93,77,26,85,73,81,26,38,93,33,76,45,22,9,34,91,42,34,0,100,2,36,80,73,64,47,46,42,17,12,11,20,1,27,47,55,83,26,3,69,53,24,70,23,48,66,27,39,47,2,44,52,37,7,56,100,61,70,1,48,90,6,14,10,56,51,59,28,36,29,22,25,65,28,79,56,28,49,51,87,40,58,59,95,26,4,29,89,27,16,1,53
57,93,27,6,1,1,57,91,28,75,76,67,62,83,49,31,62,22,56,63,93,42,11,20,84,52,100,91,32,100,10,26,48,51,0,59,9,71,71,71,5,45,10,54,10,69,50,52,24,3,55,23,3,60,76,10,56,79,21,34,44,60,13,77,96,49,100,73,30,37,30,79,99,84,99,80,0,82,42,4,63,80,2,10,42,68,55,75,76,65,78,67,68,41,55,42,43,34,46,88
69,48,0,30,70,39,11,63,85,63,89,58,9,96,63,12,81,79,25,55,5,11,49,61,71,90,58,66,22,95,22,18,34,2,45,84,86,75,70,18,75,40,17,91,7,62,67,37,30,35,96,46,42,76,28,64,39,9,23,67,81,89,20,77,34,13,21,97,65,17,76,40,38,24,11,6,77,74,2,22,89,92,61,30,18,52,71,100,23,54,85,97,93,60,64,38,39,37,16,46
5,61,37,14,92,19,99,47,58,59,60,45,73,12,10,45,58,75,83,73,49,56,54,81,54,50,77,52,13,11,88,71,96,29,18,25,68,80,54,52,36,69,29,55,51,46,85,45,19,87,76,99,15,78,11,24,90,33,27,30,31,61,39,7,35,38,72,76,22,66,52,78,91,56,28,77,41,17,99,74,1,34,81,56,71,30,54,64,61,66,29,26,27,35,48,16,38,5,20,36
89,49,97,63,25,23,8,64,98,26,40,36,30,13,18,89,42,42,94,34,5,26,78,52,83,1,48,25,74,54,86,69,2,37,78,15,79,41,57,11,94,13,41,61,15,33,85,65,87,51,64,91,7,47,88,70,51,83,32,83,99,76,77,28,20,20,61,73,96,44,19,85,26,64,28,19,45,54,42,15,96,35,3,82,24,21,64,93,64,7,83,70,9,48,80,63,99,54,18,93
3,83,44,71,92,74,52,70,25,23,18,93,29,18,100,29,43,62,43,58,70,26,97,86,57,3,3,41,62,82,8,22,28,81,86,66,53,97,90,62,49,56,19,50,10,45,64,35,58,50,21,34,93,78,38,61,99,72,56,71,93,88,60,55,7,76,80,4,81,30,69,82,91,95,39,43,48,31,77,95,25,48,16,10,64,5,13,1,35,21,27,50,99,14,2,70,46,3,84,6
68,20,40,69,90,15,47,5,100,12,3,56,46,31,81,35,30,70,62,23,85,17,39,61,30,51,73,18,78,82,99,36,1,41,86,5,93,61,19,26,83,4,20,74,91,1,59,24,63,56,63,9,17,57,87,56,45,45,79,12,86,47,76,5,96,76,82,23,21,13,95,9,16,68,71,18,77,42,55,29,71,99,34,61,99,27,64,24,87,38,58,45,0,100,33,97,69,28,5,29
14,20,83,60,20,86,65,88,65,65,49,38,72,88,59,9,12,47,8,39,5,16,22,89,29,66,82,22,94,0,94,92,50,31,45,33,81,15,71,42,66,31,24,49,76,5,57,54,75,83,7,97,83,94,93,49,94,32,40,63,73,20,69,52,44,75,55,85,73,50,51,87,51,69,59,88,82,90,75,69,41,36,37,37,78,42,34,27,18,12,14,51,48,99,3,14,22,33,30,34
73,21,50,29,37,94,49,32,22,47,33,18,17,62,66,50,74,62,47,18,68,20,94,55,33,69,15,19,66,90,44,7,90,100,86,83,59,67,31,80,85,55,33,99,74,12,5,37,97,72,25,88,13,75,12,15,8,85,43,23,54,54,52,87,79,18,27,35,54,88,62,44,11,5,6,20,58,54,28,94,4,85,44,23,57,90,35,85,88,63,23,59,24,48,45,76,34,43,50,56
96,80,96,10,15,58,44,5,100,21,5,72,67,30,76,19,49,14,61,3,9,49,1,49,14,84,20,23,15,39,44,90,30,35,31,53,71,50,69,50,56,27,82,94,27,74,12,24,36,41,4,79,44,64,47,46,37,88,55,85,22,34,29,84,52,89,0,80,72,87,33,68,40,19,46,0,11,82,68,4,94,34,16,20,0,99,64,52,36,90,77,93,24,22,74,0,6,71,58,32
25,11,61,75,61,31,92,90,61,50,22,76,47,67,79,42,56,84,27,47,90,73,32,52,80,45,71,15,6,18,35,63,70,79,31,10,60,82,38,64,7,33,38,77,42,27,86,75,68,1,73,19,44,32,79,6,28,92,50,83,47,14,75,75,61,98,29,20,98,10,42,7,95,99,80,69,48,98,24,69,50,81,56,53,80,29,11,78,46,76,44,7,78,82,45,75,8,34,27,57
96,44,99,76,21,5,99,2,80,54,86,93,79,57,40,57,34,48,19,94,27,72,77,74,69,91,61,78,73,29,6,10,50,32,4,13,1,85,27,31,74,11,22,40,36,48,45,56,20,71,95,24,15,68,64,45,89,29,21,76,60,64,49,41,29,89,16,88,38,79,67,13,38,58,9,70,33,85,36,43,24,79,59,43,9,79,23,73,70,88,45,64,10,83,88,15,28,98,21,71
51,1,22,35,9,100,47,10,21,96,9,33,2,96,12,26,44,8,2,44,63,8,63,60,75,0,32,90,32,98,87,43,33,69,52,2,54,17,68,0,3,54,96,80,32,75,26,84,58,50,17,87,59,21,30,79,79,81,66,17,34,17,7,47,100,17,79,53,59,8,70,66,32,73,83,80,9,10,32,93,49,95,98,77,54,39,4,88,58,63,56,5,75,50,17,53,47,19,44,67
1,5,64,60,8,56,16,65,40,83,16,0,62,57,92,6,67,41,59,73,44,92,40,78,14,15,83,83,89,54,72,58,42,90,98,57,24,6,68,9,76,89,91,92,94,86,28,36,78,12,8,56,33,20,9,44,10,52,20,76,67,82,20,76,89,45,31,31,65,20,90,32,56,59,19,95,25,0,19,50,58,42,70,27,47,21,35,2,98,79,99,67,49,23,20,16,9,80,19,58
41,5,88,30,34,7,7,42,16,91,25,25,52,36,12,42,94,90,26,76,19,81,24,48,87,99,81,100,85,51,12,57,91,41,87,71,18,17,55,88,71,22,4,54,68,1,56,0,13,89,55,73,61,87,93,38,62,45,97,14,6,14,2,65,83,79,70,47,43,22,96,41,12,38,50,65,96,25,55,75,7,27,88,71,27,41,73,37,68,11,59,11,63,46,77,24,50,28,84,74
84,47,5,62,63,32,93,88,30,76,34,45,28,72,70,58,15,57,11,92,82,68,45,53,48,73,28,26,56,89,78,72,76,36,92,16,71,62,72,14,55,58,6,69,34,43,49,52,75,81,31,10,29,72,95,59,29,56,79,83,99,50,84,79,52,78,76,19,17,35,22,89,65,51,39,78,0,1,88,7,61,92,86,26,36,74,14,68,28,13,74,79,48,42,11,88,56,48,34,8
77,11,33,95,56,32,100,75,11,84,24,35,10,68,32,36,57,65,45,86,7,14,56,52,31,95,39,33,31,49,88,81,30,67,48,16,29,15,86,66,2,33,36,13,28,87,15,0,19,8,67,37,2,81,28,95,25,72,69,91,44,70,22,97,11,98,6,94,7,79,52,0,86,69,62,91,58,33,82,27,26,95,73,31,27,64,10,55,35,97,16,9,39,22,16,56,10,75,66,4