22,18,12,14,35,11,14,63,80,9,17,73,40,7,50,100,60,12,39,52,22,0,97,56,38,95,23,97,87,96,75,71,26,26,22,70,44,44,62,96,97,20,14,27,68,29,36,50,53,34,79,50,76,92,68,11,68,96,59,96,17,45,27,62,89,6,44,58,7,57,57,75,59,73,42,89,63,37,43,93,14,72,23,79,96,30,70,58,53,25,81,24,12,64,77,6,9,77,21,91
8,74,22,35,96,66,41,26,88,55,17,12,0,69,53,57,26,78,37,47,54,100,84,44,9,13,80,68,65,63,61,57,35,96,14,12,78,11,79,92,66,50,73,97,50,49,49,41,60,77,2,61,54,22,56,41,5,91,28,28,82,24,69,58,33,18,64,14,37,19,14,31,60,92,52,17,35,3,73,30,86,83,51,87,55,65,32,31,42,59,41,70,18,72,65,0,11,49,67,32
68,93,71,77,58,77,38,55,2,50,51,97,43,93,100,39,36,81,94,79,21,56,1,25,13,14,54,51,6,23,42,31,93,83,48,29,6,10,58,26,32,9,36,59,100,21,50,92,28,7,59,1,67,95,55,17,81,39,91,18,70,69,19,85,64,63,14,80,49,90,99,2,43,61,81,48,29,44,71,41,59,23,70,92,49,95,14,4,68,53,59,6,71,66,7,31,59,20,13,40
23,68,11,62,68,94,95,17,76,77,13,57,51,80,33,8,63,72,26,67,36,37,94,48,83,73,86,8,16,35,52,42,21,10,37,48,65,6,85,15,54,55,90,87,73,32,62,57,80,97,19,85,73,32,97,72,81,96,99,5,77,97,15,59,70,92,92,36,2,100,7,70,90,19,66,57,59,37,18,75,67,39,27,92,25,34,20,21,22,50,50,57,59,77,96,85,37,74,20,51
76,37,54,58,41,10,95,9,2,91,80,6,41,84,9,25,35,24,91,65,42,77,38,55,57,59,17,93,100,93,27,21,92,53,82,37,60,25,81,41,30,73,91,28,0,42,18,62,82,97,91,1,2,6,31,18,2,5,0,20,0,33,95,33,39,96,64,61,61,36,68,26,74,75,11,84,28,27,55,4,80,2,83,5,22,35,29,62,72,40,9,22,1,49,64,83,56,22,31,8
19,71,31,95,78,71,46,31,6,73,71,44,100,76,79,53,74,36,68,71,43,51,47,51,6,57,58,30,21,50,36,19,55,92,49,79,8,21,100,34,47,71,9,36,69,21,45,8,53,58,56,60,56,51,60,92,18,38,95,49,79,39,43,52,80,15,90,9,58,82,26,75,19,45,43,1,4,8,24,82,23,67,58,22,28,4,38,25,39,28,99,82,88,68,89,74,24,34,29,41
29,23,94,9,66,16,52,100,59,58,16,63,95,28,48,19,81,69,3,59,15,47,88,35,80,9,5,10,36,8,27,76,63,18,5,51,78,69,26,0,51,72,19,40,69,5,100,68,98,81,82,64,89,15,91,56,53,79,70,19,70,11,67,9,31,50,64,48,99,22,18,26,71,85,65,23,11,51,85,4,0,46,58,20,52,13,90,76,2,10,20,89,10,59,57,16,72,86,21,29
19,84,84,84,41,26,59,81,74,61,21,96,62,20,28,51,98,40,85,85,93,46,81,13,30,84,12,47,11,88,11,16,99,18,38,62,28,92,93,75,92,41,90,6,81,99,73,64,88,23,95,23,0,57,30,61,24,62,96,100,28,24,24,40,70,69,1,19,55,58,43,76,80,87,72,28,80,61,64,49,34,15,52,15,83,30,83,31,46,99,83,22,61,35,3,9,79,97,41,28
29,33,23,63,99,87,6,56,43,95,44,23,96,29,25,68,3,18,29,34,41,52,87,86,38,31,53,20,93,61,1,34,45,41,51,94,25,4,82,38,50,25,57,41,26,49,34,79,20,60,11,0,22,73,11,99,70,31,29,45,72,7,39,19,23,63,5,26,31,79,97,91,26,38,15,39,91,73,41,64,92,31,30,42,61,19,61,95,79,2,10,59,70,61,32,19,78,46,40,41
14,25,26,51,43,85,100,21,27,63,74,68,41,36,63,87,69,74,67,81,89,5,17,38,96,55,51,38,33,74,51,49,55,70,98,23,44,88,6,85,96,34,25,45,29,47,30,37,50,81,72,14,66,33,25,80,87,44,38,68,23,39,91,60,89,85,84,20,99,45,21,87,67,48,79,100,56,76,37,76,88,1,42,18,71,51,53,58,71,19,30,66,41,74,57,45,95,51,45,81
15,5,45,8,29,21,49,45,53,78,63,37,92,75,99,0,35,47,98,46,99,42,72,13,62,67,74,97,31,20,52,77,68,79,85,33,1,27,65,14,65,84,30,89,28,72,24,95,96,65,21,12,64,3,39,7,16,47,47,58,91,8,57,90,58,66,99,88,49,23,10,44,63,78,43,30,10,92,66,78,18,24,87,15,43,78,81,64,8,13,3,23,96,33,41,42,36,58,1,64
64,73,41,56,61,69,62,93,71,55,59,80,6,100,7,88,69,16,34,11,7,96,22,34,87,48,82,5,85,81,80,89,78,96,68,9,6,31,44,97,76,67,19,46,43,61,14,100,9,75,2,49,72,14,37,99,56,31,53,28,3,7,41,48,30,22,65,18,77,73,38,40,34,86,24,63,36,12,91,30,14,96,23,76,79,28,2,54,78,66,62,16,23,79,54,86,56,45,49,61
95,28,52,50,42,78,90,62,47,72,25,32,56,73,48,86,49,98,5,39,93,1,47,54,41,33,37,20,1,37,7,2,23,22,18,61,28,62,31,73,15,24,39,9,81,48,98,32,74,95,20,60,22,88,52,22,40,75,92,72,35,23,2,100,100,32,61,38,37,44,21,71,54,69,8,5,30,84,94,73,7,32,64,78,80,31,28,12,81,53,6,70,73,79,21,82,28,12,74,11
22,72,69,38,24,24,3,59,53,16,20,74,15,10,11,50,85,12,46,20,74,10,31,65,26,39,37,21,50,41,47,17,60,93,63,70,30,76,53,66,71,5,58,41,23,11,12,59,5,82,50,53,32,16,20,49,83,66,3,40,82,96,78,9,1,88,19,97,77,10,64,69,53,67,82,30,59,78,26,74,92,9,23,14,54,9,28,40,31,95,71,21,49,39,13,21,23,82,91,44
94,56,82,51,15,20,55,97,52,54,7,45,60,30,41,75,90,27,30,50,83,93,78,90,59,100,30,36,36,89,12,5,96,3,41,86,50,54,35,83,15,50,91,79,27,98,2,2,55,55,31,70,98,83,83,12,58,90,26,31,82,75,81,16,62,69,70,51,55,1,64,46,49,54,44,83,84,87,88,53,75,37,79,23,51,82,100,13,30,29,49,20,69,65,50,9,55,37,7,24
94,79,42,17,46,94,70,44,24,64,68,59,94,85,97,34,74,36,37,15,52,77,19,40,67,0,9,91,12,42,92,17,6,51,24,53,49,52,86,60,38,76,37,4,31,72,52,40,88,20,0,99,15,64,18,9,97,52,22,73,96,6,26,11,97,21,27,61,1,99,30,63,72,46,0,0,91,95,62,46,67,44,79,7,78,3,92,14,52,84,47,89,76,45,2,95,40,43,17,84
100,74,55,39,20,47,53,30,31,19,21,86,18,40,74,3,28,53,18,74,50,26,2,66,17,88,87,84,31,63,64,15,100,49,13,46,4,22,27,13,31,40,35,49,0,26,30,95,26,32,100,15,98,78,74,63,15,33,73,55,17,87,2,69,74,37,76,3,55,97,52,97,45,39,44,60,69,84,8,89,55,75,34,89,12,58,18,9,33,98,59,16,76,25,45,71,63,87,85,3
41,10,57,83,25,93,16,0,25,65,18,21,44,26,34,18,14,28,9,84,96,18,61,66,53,60,88,55,61,7,70,40,23,33,21,22,43,71,17,73,1,58,23,27,57,55,37,90,66,73,63,78,12,11,42,15,1,63,40,34,23,23,8,57,41,44,19,72,77,77,14,79,64,50,83,89,98,60,86,44,53,55,85,79,93,70,99,27,1,80,82,62,13,70,69,20,25,63,81,0
76,14,31,18,18,76,85,31,85,42,21,32,84,23,32,3,82,63,35,2,4,38,71,49,60,64,48,27,20,8,82,24,14,36,73,62,39,49,89,48,61,0,59,81,96,68,58,72,84,24,93,8,11,45,57,14,42,91,51,96,74,32,16,12,35,74,77,54,18,32,77,17,35,90,64,8,80,75,68,65,6,2,84,28,20,85,76,39,78,31,91,27,84,53,45,19,96,41,86,64
18,45,23,52,56,89,82,18,2,31,15,5,62,59,13,63,21,46,100,75,44,7,87,94,0,57,16,5,56,51,88,15,38,100,20,100,48,50,40,38,50,88,91,94,1,47,7,81,71,47,56,74,90,41,10,58,19,40,84,45,59,100,98,98,75,91,91,75,60,0,51,9,79,78,42,74,31,12,26,100,38,10,4,20,69,100,9,69,82,59,96,44,54,7,66,39,10,84,20,84
38,6,8,62,83,25,24,69,51,76,22,48,18,75,13,89,43,33,25,51,28,38,25,23,1,85,75,48,15,62,45,27,31,93,22,49,33,14,59,21,68,86,95,33,56,92,83,87,46,74,19,35,51,60,30,28,71,37,11,41,55,68,24,42,41,24,83,1,5,55,56,60,0,42,80,69,52,27,2,22,22,34,65,79,43,99,43,43,85,16,68,67,73,36,68,34,20,51,91,73
45,35,61,13,93,3,100,48,68,16,83,24,67,48,2,90,22,88,28,98,45,70,3,89,5,90,15,11,57,94,26,88,89,32,72,93,39,40,10,43,70,44,47,42,73,92,80,16,93,4,7,32,36,92,34,27,85,43,99,76,55,26,79,73,82,22,30,13,73,82,33,97,94,12,81,44,13,22,52,59,62,94,25,92,63,15,90,85,86,21,32,75,10,9,13,73,25,26,85,79
65,27,77,51,82,92,38,32,12,23,67,8,94,81,23,70,22,4,38,90,15,72,71,28,81,27,72,100,47,95,62,66,96,49,26,31,15,33,57,14,56,60,78,33,85,28,16,49,79,7,20,38,78,73,96,6,1,11,63,53,64,83,14,47,55,4,2,14,9,75,9,38,27,23,80,32,0,98,95,6,4,58,6,46,92,55,73,55,60,64,38,65,86,95,73,53,6,80,16,38
11,1,59,30,7,15,84,58,12,7,97,4,80,31,88,30,72,58,87,0,0,88,11,41,35,19,26,94,94,16,19,57,92,17,8,57,13,69,2,98,72,31,68,74,49,28,4,17,89,24,69,33,6,34,48,19,23,21,7,15,57,43,82,58,95,65,53,40,10,49,84,78,26,60,51,89,37,59,38,57,48,21,14,8,92,40,91,89,94,38,8,18,7,38,9,31,36,22,78,11
59,77,86,17,14,14,39,35,68,6,72,10,27,25,90,88,68,92,9,4,88,78,95,50,1,75,83,61,63,82,66,59,61,93,25,100,99,37,28,95,38,2,69,76,100,13,89,100,4,17,81,19,36,32,43,79,27,19,100,11,7,72,7,73,37,18,2,40,1,51,88,28,81,70,41,70,66,33,47,69,93,54,55,44,74,36,8,54,23,47,86,46,67,90,23,15,29,56,78,79
23,100,59,94,81,74,28,14,10,80,47,85,94,26,5,56,4,37,33,78,53,5,93,20,71,18,69,1,83,92,74,87,23,4,32,94,6,47,59,61,39,87,79,45,48,73,37,92,86,74,73,70,93,89,39,92,30,48,29,84,70,51,71,23,7,97,46,8,33,26,64,30,27,80,72,35,60,92,71,39,38,94,24,4,49,33,67,76,42,7,100,68,30,17,70,29,39,25,44,12
29,52,85,83,90,2,23,100,28,54,49,44,15,10,87,85,30,63,74,2,43,56,3,16,2,36,70,73,30,32,44,91,73,30,56,19,69,66,16,78,86,60,88,97,96,56,78,11,19,22,82,53,88,32,62,85,99,72,31,61,48,31,98,55,95,41,97,18,12,64,41,33,39,98,26,88,43,74,79,49,87,92,86,21,98,42,75,10,31,43,11,26,92,92,69,2,43,95,61,50
60,45,60,37,82,52,100,86,94,75,42,69,12,54,57,52,82,20,35,54,59,1,30,17,43,2,50,68,29,34,28,25,8,23,1,49,28,97,15,13,87,4,36,50,59,92,11,55,8,54,50,97,100,96,0,15,0,5,2,20,85,32,46,69,87,37,38,60,74,83,49,40,56,82,72,99,86,23,69,91,45,92,70,9,54,64,44,90,99,16,34,51,92,33,12,88,60,7,42,8
13,89,79,73,78,73,28,19,54,91,95,17,86,16,52,26,71,87,1,37,40,81,89,32,27,98,19,32,86,51,13,86,41,83,71,97,42,19,1,10,98,86,30,4,38,13,97,63,93,91,27,66,85,40,62,45,9,97,93,37,88,0,30,48,83,54,58,84,36,39,63,39,37,44,43,26,26,7,15,30,57,73,80,62,2,28,48,80,14,7,84,1,12,39,3,43,9,10,53,30
86,11,81,28,91,98,80,16,5,98,36,42,3,16,10,87,95,74,14,33,28,28,8,93,19,9,45,2,45,29,58,60,93,44,22,13,42,23,39,10,17,62,51,19,0,79,3,7,81,87,99,11,29,2,9,95,16,35,33,91,11,8,66,41,87,65,5,71,90,76,39,54,9,87,53,31,21,32,17,26,24,62,100,59,45,53,11,49,99,43,18,77,20,51,15,58,30,16,0,76
94,97,75,81,4,26,4,90,55,11,82,46,84,89,50,39,87,77,76,90,72,59,52,88,33,34,90,72,6,65,10,68,54,34,53,64,64,13,35,71,78,57,31,23,48,88,62,41,38,61,93,25,78,13,67,9,28,95,36,92,48,48,19,35,92,23,50,63,57,21,95,20,70,7,78,50,81,92,77,58,0,75,21,97,6,82,61,78,69,91,63,27,0,46,72,91,15,9,82,17
79,14,2,95,73,30,28,36,31,47,18,32,84,54,80,34,96,76,42,34,75,37,11,68,77,37,54,11,12,91,37,10,80,77,25,86,0,64,55,34,1,70,71,42,69,14,60,5,94,67,61,25,0,98,3,34,100,64,0,28,70,37,56,84,11,84,67,50,88,60,15,70,24,59,46,42,48,6,11,70,25,95,56,96,65,2,8,24,9,45,21,3,76,11,1,70,34,38,27,26
7,22,70,89,52,44,64,74,8,53,77,93,73,14,51,16,0,73,83,26,18,43,5,53,32,34,77,92,65,45,48,4,93,23,90,57,29,16,78,8,22,68,48,49,29,49,65,43,58,58,62,72,58,30,79,54,75,67,100,20,60,87,16,55,99,32,97,11,61,99,49,31,71,84,28,78,28,41,35,37,83,3,22,65,28,79,6,9,65,82,1,98,65,20,2,79,28,43,52,7
38,3,66,43,26,89,3,51,30,72,0,97,30,72,81,20,17,15,11,99,32,60,93,23,10,13,63,4,77,31,11,92,42,32,14,91,49,72,31,16,23,35,7,91,21,64,7,81,97,53,52,31,83,82,68,53,25,96,2,33,18,89,29,65,84,27,18,4,86,86,96,29,36,89,31,31,19,43,57,83,63,95,4,69,45,9,75,25,6,18,9,11,69,29,59,2,31,53,85,69
78,51,32,77,20,66,70,37,25,16,75,46,69,60,81,1,91,2,80,93,70,47,56,43,7,51,24,1,4,90,7,93,76,78,58,74,8,54,28,17,77,22,73,100,17,20,73,84,0,12,58,46,47,98,40,64,16,0,60,28,36,26,10,95,90,94,98,100,69,80,8,60,13,7,85,67,68,57,94,83,8,74,4,44,11,99,76,19,72,53,92,35,100,84,78,76,28,63,19,53
77,61,89,23,64,10,1,93,48,51,63,17,30,46,43,34,57,35,45,19,65,36,10,29,48,33,44,64,32,88,98,77,29,17,31,98,31,27,94,19,43,44,34,60,39,80,50,43,12,43,89,85,64,54,70,38,66,0,40,49,56,6,49,80,38,34,72,72,55,93,57,0,36,30,76,54,73,19,29,15,65,11,72,21,60,75,63,1,94,65,54,45,14,29,72,32,94,100,16,37
6,11,96,67,63,19,8,77,32,68,42,33,33,56,70,80,29,20,63,1,84,57,6,12,80,84,10,3,8,75,45,42,56,78,93,72,67,33,44,2,14,23,99,54,9,11,30,75,48,11,4,46,73,52,39,96,16,37,20,13,45,86,36,95,62,10,64,61,55,87,22,7,48,34,70,81,17,57,7,94,6,66,20,60,11,69,68,63,21,25,1,85,85,36,71,1,8,57,2,44
15,51,72,62,21,4,9,3,65,26,21,94,2,3,31,5,82,94,84,71,72,43,62,53,99,11,13,16,20,17,77,87,9,3,79,52,91,63,1,41,60,21,60,7,18,24,85,97,94,5,54,81,56,5,56,9,3,37,11,28,51,70,28,41,89,29,31,59,52,23,72,97,66,68,44,89,44,83,66,67,83,41,70,60,14,24,64,97,33,7,68,56,3,72,72,51,71,88,0,100
5,44,31,80,29,72,42,21,78,15,84,43,74,16,81,85,96,13,31,15,19,14,73,98,47,90,57,54,85,95,47,64,73,96,23,74,79,1,44,78,74,50,50,31,43,18,12,71,96,54,33,79,73,97,92,70,41,13,40,43,68,74,55,49,90,30,18,0,68,73,6,72,97,84,33,85,81,22,21,57,69,79,93,27,30,60,63,32,19,53,20,86,93,70,33,10,60,89,45,56
29,93,68,26,51,81,7,61,87,30,33,49,71,84,33,24,100,42,89,56,9,37,100,72,24,77,92,55,88,100,93,90,36,72,61,32,19,41,76,7,49,10,28,97,29,33,60,84,1,88,59,15,5,53,39,13,44,58,23,72,25,81,53,74,52,39,21,71,16,25,89,75,73,17,31,2,35,51,41,78,30,57,45,11,92,95,81,37,96,83,77,9,58,2,100,66,55,18,67,55
35,9,50,42,9,28,10,24,82,69,7,95,63,19,93,80,7,31,10,65,61,90,77,29,65,55,74,23,99,60,74,77,86,98,93,39,58,71,90,76,29,81,8,94,57,2,50,20,75,17,64,27,43,44,55,16,45,37,75,74,51,89,71,29,73,76,8,34,61,71,71,36,83,39,82,55,8,21,17,81,49,49,81,79,64,65,25,48,52,90,72,57,97,50,64,22,48,71,19,26
29,94,97,74,44,53,14,65,64,83,22,59,36,36,60,41,48,11,92,23,10,62,28,30,7,13,34,57,65,93,29,30,60,25,99,66,78,12,38,52,83,60,65,85,38,13,65,28,61,99,6,9,3,98,10,6,1,93,68,58,5,12,89,61,74,97,78,33,16,49,24,82,46,86,64,32,27,47,42,98,3,43,23,4,90,35,46,82,24,44,74,53,19,50,56,19,3,91,90,45
88,57,94,100,70,39,56,66,31,3,90,5,69,64,42,48,93,89,6,7,94,96,46,2,72,18,26,11,38,19,22,7,50,10,3,66,61,79,66,48,90,59,98,13,97,81,55,85,51,83,34,5,98,46,54,22,73,8,65,88,8,84,54,63,88,34,24,36,70,26,40,26,57,72,36,100,22,0,67,71,32,17,36,70,57,55,3,53,42,79,5,14,85,43,29,20,41,48,31,80
24,30,0,48,78,61,63,76,43,95,60,6,84,69,97,0,84,78,27,79,85,54,43,15,76,8,55,42,53,29,58,65,75,64,45,9,22,23,83,22,54,64,76,56,47,71,12,24,1,42,24,28,83,99,78,5,78,89,80,44,77,95,90,96,85,34,39,55,55,13,48,14,99,76,0,7,73,65,37,71,58,64,5,50,38,0,70,64,51,38,79,96,92,25,87,77,41,81,81,13
93,46,8,7,54,11,81,35,74,32,45,53,55,42,19,37,90,67,62,94,0,93,29,33,61,88,55,3,48,84,76,29,81,74,88,69,45,8,13,45,49,84,93,91,94,70,21,0,49,93,72,70,89,75,23,98,31,22,15,65,68,24,25,59,8,41,38,61,70,86,26,31,100,13,85,88,28,63,11,66,32,17,95,83,81,20,50,41,55,30,40,4,24,27,64,8,70,66,12,58
3,15,61,89,70,89,89,8,29,98,12,36,70,26,90,45,1,99,50,3,58,14,83,73,8,5,21,0,78,37,71,14,35,52,29,3,21,100,5,91,86,55,27,27,95,23,14,3,40,84,74,23,32,81,72,34,51,100,78,33,93,82,52,63,66,32,54,85,21,16,3,4,85,66,36,15,18,7,24,77,54,100,40,45,71,86,31,88,39,3,43,27,53,1,62,58,25,24,9,10
77,50,52,32,76,64,87,61,69,55,73,85,54,79,73,95,7,13,65,56,65,39,19,10,11,3,69,45,22,43,74,15,0,18,83,37,72,47,38,54,88,19,57,60,13,13,2,27,32,46,96,35,89,50,26,26,63,3,8,58,69,5,52,82,24,93,50,18,82,55,94,87,33,94,81,77,47,9,12,5,10,31,94,78,89,56,67,70,27,44,31,40,7,12,27,51,68,68,66,40
50,10,96,28,38,14,10,60,42,51,0,81,1,91,93,65,65,91,77,71,83,79,91,5,47,70,5,46,92,41,33,83,19,47,66,65,81,74,89,75,62,100,32,6,53,60,100,95,30,87,52,28,46,86,95,20,79,30,30,89,69,47,44,45,47,59,41,64,67,40,51,80,59,53,68,4,55,78,23,80,1,61,84,40,14,18,34,64,74,24,72,2,6,32,39,21,91,88,14,30
77,30,86,87,11,55,46,70,58,96,19,73,81,21,82,97,16,10,13,16,2,98,11,18,65,6,44,34,38,47,19,27,63,14,18,22,11,99,71,39,100,73,27,100,76,81,49,68,80,70,54,33,92,49,85,86,45,29,94,65,9,1,70,74,56,30,36,94,2,100,41,39,47,62,18,74,97,74,11,37,97,51,88,0,67,20,0,68,55,60,87,66,59,32,42,4,5,97,11,94
22,28,9,15,59,25,55,72,54,54,56,39,81,42,44,99,70,29,14,6,38,26,7,99,50,61,90,42,6,28,40,59,78,8,84,61,4,78,25,66,40,45,92,33,92,49,96,11,8,55,14,51,98,6,92,83,4,17,76,61,81,32,30,74,1,33,34,85,2,13,44,13,56,44,27,87,44,87,61,36,40,20,50,84,48,58,63,36,74,53,2,20,20,85,61,48,37,95,2,20
55,1,92,62,24,7,58,48,5,100,54,67,94,68,60,52,93,66,98,93,43,60,97,78,17,68,64,48,79,82,20,80,65,42,68,96,9,15,16,94,78,33,89,64,21,15,63,41,51,23,71,8,2,84,85,99,69,37,85,85,71,18,87,100,48,15,69,15,98,57,73,63,22,2,32,58,13,16,29,16,44,42,75,97,58,74,55,93,46,46,5,97,16,48,3,30,80,92,26,21
53,89,35,9,44,23,19,54,31,13,71,98,80,80,14,91,5,98,73,0,90,5,94,64,57,62,91,51,56,37,35,83,66,82,77,33,55,82,71,50,41,58,11,54,52,34,24,35,8,78,42,60,57,15,84,46,17,76,71,47,34,62,54,69,49,25,35,69,39,76,72,71,57,71,97,92,12,42,23,98,99,84,18,81,32,85,64,85,56,73,100,79,90,24,85,52,31,47,18,42
29,60,70,57,87,38,54,94,34,95,60,9,97,46,72,56,29,55,38,73,100,23,95,71,60,14,49,27,71,78,2,63,100,93,79,72,19,65,88,99,83,76,0,55,19,59,63,32,1,65,84,75,57,96,41,5,3,69,46,21,53,65,21,14,96,56,51,54,42,53,65,94,40,23,14,17,15,21,38,11,36,11,40,17,0,12,37,100,53,16,39,36,26,2,59,50,17,92,2,65
84,86,95,48,73,60,74,16,38,27,76,14,89,25,75,78,37,70,34,99,76,55,69,14,53,16,30,71,31,7,51,5,39,63,14,63,60,16,8,86,40,41,48,10,20,19,27,45,56,77,63,55,69,27,86,45,75,3,16,68,16,42,54,98,71,62,37,82,58,87,93,26,94,92,66,35,77,86,28,29,14,32,81,73,96,35,45,58,86,57,65,52,33,52,70,88,88,91,15,87
70,22,32,66,8,39,78,12,10,11,78,21,38,43,63,34,66,78,16,20,58,88,70,83,10,96,95,3,39,21,95,25,7,29,57,81,15,20,75,62,56,89,70,18,13,82,12,66,43,88,54,94,67,46,52,18,24,92,18,83,77,14,45,37,94,42,64,38,49,81,22,16,77,59,38,58,60,16,74,3,2,34,100,75,56,26,48,83,36,15,78,62,53,12,8,85,36,15,60,31
66,67,4,75,100,67,82,11,16,30,3,24,74,75,82,38,98,98,81,85,25,48,59,8,3,39,56,24,43,85,49,33,7,38,62,86,19,50,75,93,68,44,16,83,97,82,96,69,28,13,95,96,65,38,45,1,13,11,88,26,64,15,32,66,69,7,80,14,38,62,71,25,70,37,49,49,72,90,78,37,1,30,34,99,92,89,78,2,18,10,40,22,71,20,94,8,29,12,1,37
4,7,72,77,83,93,100,76,46,40,5,20,30,15,33,91,83,55,36,74,51,81,68,52,68,37,91,33,52,21,60,72,86,64,9,35,78,41,61,42,56,89,21,62,83,1,12,100,11,83,6,85,87,52,35,50,23,73,53,7,53,17,61,91,6,40,97,62,11,78,14,6,54,29,45,6,33,90,28,94,39,36,21,76,78,79,57,33,33,95,60,30,89,53,37,100,74,77,74,33
1,33,41,11,26,45,100,42,54,64,57,79,81,9,57,46,80,4,27,32,76,0,6,55,67,50,34,0,52,97,69,12,16,7,0,71,52,82,85,95,32,10,46,6,52,95,97,94,30,71,57,96,57,90,46,6,25,51,36,1,75,25,93,38,2,6,91,55,20,56,7,61,40,31,30,73,52,26,64,89,67,10,34,14,41,39,83,55,88,73,56,13,11,9,6,51,46,32,6,12
27,94,1,5,16,3,97,48,95,57,59,0,10,15,57,79,68,52,27,17,66,70,59,88,89,4,31,63,90,79,35,60,50,13,11,20,86,94,89,4,84,5,66,99,53,41,63,52,62,0,84,72,92,91,31,84,79,48,39,32,3,33,71,74,18,22,76,74,26,61,49,97,2,28,95,88,85,39,95,18,94,93,93,91,23,43,59,36,38,6,80,94,67,0,43,74,2,8,7,73
86,81,83,46,18,21,8,94,55,23,95,60,98,50,11,62,76,46,8,17,15,72,60,33,40,47,90,96,20,55,19,62,48,45,18,2,97,36,48,7,67,96,31,12,53,63,14,95,50,31,41,54,77,90,61,59,35,50,70,49,52,3,59,88,13,90,51,81,20,87,15,2,28,90,27,33,50,38,30,45,64,78,53,62,11,35,9,51,45,84,64,48,97,56,15,31,98,3,55,35
73,12,44,6,56,76,40,36,94,18,24,67,55,99,50,66,36,39,37,95,46,66,97,55,81,89,29,77,56,40,49,52,72,3,84,99,95,1,81,73,8,81,34,13,11,1,96,66,22,1,78,16,55,24,94,60,49,60,61,44,75,75,36,65,65,51,98,57,66,15,20,2,49,84,87,6,64,100,63,1,87,39,31,53,56,37,57,80,89,62,61,9,98,83,5,11,95,60,68,5
49,44,63,34,30,7,56,13,15,99,0,33,83,14,0,35,45,67,25,57,54,37,13,76,72,22,60,71,42,61,8,49,30,57,3,12,84,22,81,27,43,30,7,20,34,73,63,15,87,91,67,55,80,36,0,62,90,7,22,85,18,44,54,79,23,94,67,45,92,22,27,66,40,44,51,43,61,95,24,3,80,3,88,33,34,82,78,13,55,17,8,61,0,99,39,18,97,23,29,79
16,2,81,43,12,78,91,14,41,42,21,6,26,15,81,54,41,46,55,87,64,45,4,83,58,17,54,1,31,67,97,50,36,41,78,65,89,80,7,33,67,33,33,71,97,86,19,48,97,79,71,80,37,56,15,42,62,39,20,32,99,21,56,95,61,7,70,5,62,93,52,18,76,42,98,19,69,49,45,35,54,44,55,74,65,12,70,31,35,75,2,21,90,42,62,0,66,42,7,99
92,44,72,91,78,72,98,53,62,52,68,23,24,4,38,20,77,18,20,24,25,62,94,0,99,83,2,82,38,64,92,44,86,24,13,0,81,9,25,38,63,95,39,50,90,75,28,25,64,72,99,85,91,3,48,74,54,44,96,32,77,71,53,17,15,25,75,18,32,75,68,27,37,33,98,81,88,79,16,55,48,75,87,45,96,32,61,61,42,6,98,21,93,26,40,0,87,48,84,4
0,38,84,26,50,32,48,55,60,11,30,68,65,83,64,71,46,22,90,46,23,64,8,35,2,88,93,89,100,37,24,31,82,27,54,18,97,69,72,11,1,49,96,48,70,38,33,2,84,33,77,87,86,41,60,35,31,81,74,91,98,80,72,22,28,89,40,33,41,79,52,59,54,60,64,94,85,84,68,61,31,26,62,81,0,9,25,30,14,84,20,51,33,25,14,95,11,50,9,98
67,19,64,55,13,41,7,52,77,40,3,21,59,60,84,74,79,66,88,47,2,86,23,97,4,76,2,32,74,95,64,51,59,61,6,32,86,36,41,47,26,12,96,50,67,46,76,84,20,20,42,29,16,58,62,13,54,5,91,73,55,66,37,45,10,47,13,18,42,52,52,41,59,24,27,89,90,90,91,59,85,98,55,44,27,48,62,38,15,34,56,93,76,75,98,69,100,31,61,41
17,4,17,56,88,13,44,40,46,8,73,3,0,38,86,45,50,6,15,57,23,15,66,54,54,69,32,79,80,100,49,47,9,56,84,4,35,35,14,14,52,33,45,58,94,44,24,19,37,95,6,58,52,17,85,81,93,18,2,54,30,43,46,90,61,40,75,46,73,42,97,34,58,64,66,88,82,99,70,60,61,61,71,37,97,42,17,59,59,50,14,59,62,18,16,66,79,67,34,55
39,98,62,40,20,90,24,65,80,14,30,79,4,34,50,53,29,93,27,96,50,78,94,54,35,55,5,8,83,78,8,16,92,11,76,60,11,11,42,50,99,43,68,43,76,29,37,68,56,88,65,53,50,82,79,36,32,33,88,42,86,40,58,3,2,3,25,21,95,32,7,88,84,94,95,45,92,38,89,48,60,74,4,93,50,25,6,55,64,78,1,68,5,39,88,22,15,36,84,71
50,25,12,36,58,56,21,7,88,34,51,58,33,75,16,77,38,53,22,70,87,3,98,23,73,97,97,84,61,72,44,92,39,87,91,1,84,1,30,64,31,60,16,6,65,71,46,76,5,68,50,36,80,44,46,52,90,61,0,3,1,11,44,1,75,31,26,71,20,79,55,15,96,33,96,53,74,54,97,12,16,96,89,7,79,43,45,45,41,35,87,83,90,9,27,87,92,96,23,43
64,84,72,7,40,83,9,18,79,29,82,78,65,15,19,5,53,46,62,56,2,59,0,21,28,52,17,39,27,94,52,17,70,67,74,47,79,71,26,33,67,85,15,2,28,61,83,9,72,67,0,13,65,67,1,22,37,95,30,69,82,26,39,80,94,82,90,66,49,82,56,53,5,28,66,78,27,95,100,33,60,24,2,47,95,57,19,1,23,5,94,49,43,81,29,22,35,12,72,38
41,93,51,48,64,90,80,84,1,85,11,41,43,96,12,74,56,28,43,32,83,5,44,38,56,50,24,13,28,15,76,58,61,73,7,79,11,46,17,88,78,80,54,40,36,96,37,85,4,97,34,83,37,37,99,22,21,38,10,1,6,33,68,17,76,52,43,22,58,36,25,92,97,26,9,24,31,65,75,78,21,4,76,29,27,90,87,6,17,52,97,51,69,100,54,94,96,53,47,9
68,33,53,51,39,43,28,36,94,28,75,21,79,94,85,81,51,66,5,0,55,8,84,36,64,48,80,96,5,28,67,85,8,88,23,56,84,63,3,36,31,30,96,5,44,0,58,13,68,6,34,99,20,43,86,18,23,79,95,24,22,76,85,20,0,82,66,45,98,55,54,55,64,21,72,1,72,4,3,0,82,87,97,77,36,58,14,36,19,61,63,91,79,76,19,77,80,88,59,7
67,84,11,67,71,85,47,60,52,52,88,72,18,64,12,49,18,55,33,53,17,69,62,51,3,97,60,98,60,4,96,38,77,93,29,44,60,8,29,25,52,100,13,18,98,45,27,73,15,4,76,65,12,56,72,8,89,48,57,73,43,44,25,71,32,38,58,51,58,25,3,50,90,32,68,40,98,5,1,26,45,92,2,42,94,87,23,76,82,28,7,96,9,64,97,95,63,15,25,17
94,43,91,64,78,40,29,52,64,41,51,12,80,21,26,67,8,12,37,39,50,44,58,88,92,41,42,70,22,54,6,5,21,96,79,53,87,83,7,55,12,16,93,25,16,71,85,91,39,66,22,76,75,35,90,27,14,50,35,2,46,64,68,49,31,12,69,18,55,40,45,67,98,52,30,57,24,14,42,68,84,36,64,79,87,43,4,69,67,48,34,93,45,57,56,95,14,100,6,13
6,66,50,94,38,42,71,21,1,73,12,25,46,25,72,57,66,98,99,87,84,62,5,45,75,80,67,96,15,0,54,60,61,47,44,64,71,82,19,19,34,68,45,71,4,82,6,76,75,27,70,59,76,91,19,6,82,98,23,98,69,0,87,31,60,85,53,67,26,82,95,65,12,71,19,94,45,93,7,29,4,71,66,88,21,78,83,1,17,54,32,92,79,10,43,71,11,55,13,1
34,86,20,2,13,78,18,47,15,85,85,1,65,39,41,32,53,79,23,95,82,0,76,0,29,39,26,41,92,66,76,5,92,73,85,11,92,87,74,30,33,95,29,18,49,50,53,88,74,18,20,85,79,73,2,53,52,27,47,48,19,90,57,22,7,22,53,64,37,56,42,9,61,80,73,58,32,54,7,53,80,13,39,52,73,15,21,75,19,32,91,81,95,55,70,12,67,95,39,1
51,35,94,3,35,60,7,52,0,68,50,96,49,67,51,46,51,66,30,75,30,11,93,77,90,1,11,50,61,58,50,41,82,72,68,45,79,0,26,29,26,64,49,66,99,49,46,47,83,26,47,55,65,63,45,13,28,50,80,17,4,99,24,82,87,7,61,93,6,79,85,58,28,59,88,8,27,88,71,35,0,71,70,28,64,20,52,9,42,76,57,42,10,82,100,10,73,87,26,39
93,53,64,87,44,99,73,7,71,38,68,55,31,19,77,52,13,7,4,79,89,44,79,42,20,83,94,82,36,37,54,12,70,54,51,96,82,39,85,80,51,25,64,49,2,27,76,11,96,71,100,71,12,72,86,33,25,42,35,81,87,54,1,69,60,20,99,41,64,73,13,25,8,34,14,0,2,10,62,14,66,90,25,32,51,27,47,60,60,10,31,18,24,59,37,51,46,18,41,68
75,8,83,74,56,66,40,13,17,60,7,35,39,63,34,41,74,49,79,67,24,89,3,81,39,89,16,29,58,51,19,87,80,14,35,96,67,86,53,78,71,3,62,85,59,61,57,79,96,59,58,76,42,35,15,27,94,37,98,71,72,50,52,14,2,59,88,96,40,51,34,79,52,13,75,3,52,74,17,90,56,35,43,83,73,41,86,77,79,72,22,71,96,24,69,54,79,27,44,86
34,83,52,32,82,65,2,50,68,49,14,80,16,96,18,64,22,60,42,55,21,71,77,22,15,4,71,69,11,54,16,45,80,91,52,47,68,0,80,26,54,16,6,97,86,14,75,9,40,9,66,24,66,21,70,12,5,45,76,73,60,37,54,37,87,53,25,54,27,44,49,24,96,69,83,1,34,71,18,9,44,52,58,4,44,81,19,18,14,71,57,53,87,76,50,55,86,24,100,77
11,9,0,85,93,36,7,70,44,81,83,6,29,9,39,35,29,94,84,60,45,99,37,86,68,56,28,2,0,9,19,35,36,97,48,63,66,58,77,91,76,69,60,90,68,51,26,28,61,35,97,45,53,81,89,92,17,64,97,34,97,71,33,48,37,43,71,75,67,5,46,90,30,71,67,11,12,41,48,74,91,82,27,30,59,41,3,38,32,34,72,68,52,65,49,56,1,56,14,2
79,21,42,10,67,19,18,1,34,44,96,38,20,47,22,78,84,27,52,88,34,82,83,62,79,74,25,29,2,17,75,10,39,72,49,86,30,68,76,43,89,86,45,10,0,71,99,41,7,83,17,13,71,92,35,24,93,47,87,27,66,15,4,99,45,27,31,63,83,66,81,10,23,90,71,50,27,76,20,82,47,11,76,100,23,9,0,95,96,43,8,74,13,38,99,32,85,94,55,51
31,76,64,12,21,21,14,3,90,43,3,14,74,47,49,12,20,83,34,95,67,81,57,60,10,86,85,22,27,52,46,24,46,28,74,37,18,68,37,57,47,66,20,75,76,34,68,24,75,57,100,62,47,47,97,50,13,97,15,15,93,63,29,9,96,4,50,74,27,35,96,81,4,74,27,35,78,76,31,13,49,84,22,57,35,92,27,95,48,70,14,84,76,69,22,43,77,60,41,100
28,43,91,61,74,53,85,18,78,32,75,86,11,15,99,97,92,53,49,57,83,22,30,17,79,20,86,15,60,15,46,15,39,88,72,97,4,17,28,74,83,15,3,21,84,36,97,95,72,26,84,77,36,94,26,65,76,34,44,96,79,79,99,57,57,18,14,42,65,98,71,50,8,65,73,15,6,57,7,1,99,13,7,69,13,71,83,44,5,61,1,6,59,62,36,80,20,7,30,37
7,83,38,71,38,7,19,80,69,33,27,68,87,21,48,79,49,87,64,26,24,10,31,58,93,4,97,63,62,10,50,60,86,3,46,62,53,81,71,66,68,50,79,20,96,67,31,62,27,36,30,46,88,9,93,19,81,80,78,36,56,33,6,91,17,82,60,75,26,72,33,27,92,12,38,27,13,37,21,96,2,39,45,70,96,19,42,37,2,29,29,37,1,45,93,39,28,13,84,73
79,12,47,63,31,92,71,45,60,91,57,55,40,88,47,26,62,85,28,36,50,78,41,99,78,26,9,15,23,54,31,19,35,81,95,73,14,43,99,70,74,19,33,23,6,16,28,4,67,24,46,56,95,14,46,61,42,4,31,90,71,61,98,40,83,90,18,0,96,86,82,33,81,85,21,74,52,23,7,36,21,83,17,88,61,82,46,14,88,7,63,62,26,35,98,0,38,79,1,34
2,48,63,35,59,90,38,74,57,14,80,36,89,65,68,13,33,4,45,41,65,74,68,12,44,27,41,30,99,16,99,42,74,92,51,40,17,67,94,6,82,79,66,75,52,35,64,51,1,2,97,45,1,25,89,28,1,70,18,18,63,91,18,89,51,47,0,51,10,61,69,92,59,16,85,37,34,98,99,91,99,45,80,90,16,73,3,97,86,35,67,53,37,99,58,5,79,24,43,67
27,69,41,19,14,4,45,17,96,98,47,9,26,97,19,65,26,99,4,57,42,75,93,68,68,57,8,88,24,44,74,20,54,11,7,62,51,97,13,89,10,91,47,16,28,10,76,72,3,15,0,36,90,29,44,6,15,78,14,58,89,14,81,71,70,20,48,49,40,7,67,48,71,12,16,83,63,63,68,61,39,90,56,73,66,5,12,67,41,91,98,14,56,22,27,3,37,49,77,28
33,23,11,79,52,8,78,63,3,62,77,57,20,49,13,44,58,44,89,81,26,85,26,98,98,51,12,20,0,40,56,47,37,75,95,50,14,27,99,52,72,72,16,95,49,16,19,1,33,1,18,7,50,37,68,90,62,50,69,23,88,96,78,6,44,35,4,5,85,50,99,75,73,26,69,7,6,30,89,41,18,71,13,64,24,20,97,99,16,81,4,37,77,47,71,93,44,28,10,85
35,50,41,6,68,61,54,26,42,82,98,36,98,64,91,73,5,65,46,8,64,2,22,39,16,60,63,98,68,52,35,92,68,24,100,83,12,5,23,20,79,99,16,63,58,85,78,96,50,66,30,66,77,26,40,99,9,5,64,10,4,63,65,47,51,83,49,48,79,73,63,22,85,67,70,20,40,35,22,99,5,90,34,8,5,3,6,87,93,96,95,0,90,8,9,30,54,47,78,8
39,38,48,22,33,62,100,72,92,3,48,92,32,0,11,10,41,65,89,86,78,78,42,94,55,51,52,62,4,12,91,77,40,48,70,2,65,6,14,21,52,60,55,80,56,3,15,99,66,2,20,40,30,45,99,71,16,6,89,98,58,23,10,88,100,13,69,72,56,72,83,38,3,2,9,38,100,36,80,7,97,46,16,56,54,95,61,26,95,11,24,79,89,67,74,76,55,78,78,96
22,7,66,26,89,93,15,91,92,99,17,18,31,7,9,2,6,12,42,99,75,16,37,21,23,79,6,84,26,33,72,64,8,68,71,89,18,37,85,35,70,83,37,81,69,5,7,61,38,4,74,31,99,44,40,48,89,4,85,91,78,74,93,100,8,87,62,15,74,34,86,76,94,71,65,79,51,78,42,19,34,13,91,47,11,55,5,1,76,75,34,47,44,59,91,34,2,56,20,14
70,37,78,72,69,30,56,90,24,23,61,95,98,24,6,83,37,11,5,30,64,36,57,39,18,25,87,77,48,67,24,77,47,89,75,92,53,70,32,85,98,87,43,67,8,39,96,90,73,8,3,83,96,18,44,2,48,39,9,28,31,3,48,84,12,34,20,41,67,67,72,72,75,7,97,68,26,21,55,88,52,4,42,31,15,66,39,84,75,22,12,87,38,85,96,53,23,52,91,17
2,26,46,97,87,6,69,64,68,35,86,48,33,59,65,3,69,34,61,28,29,80,3,67,99,11,18,18,93,21,62,43,44,22,83,41,36,39,5,24,98,18,79,48,30,77,6,7,55,35,16,57,72,78,54,53,65,10,90,28,67,97,26,71,89,27,64,10,6,40,5,74,93,40,10,22,0,54,71,97,34,7,35,17,54,42,49,21,94,37,71,78,22,13,12,61,92,71,89,51
27,97,86,68,3,26,99,4,38,68,41,68,98,40,14,47,87,64,51,23,98,47,88,13,27,43,1,75,98,88,50,97,35,2,10,80,35,30,99,1,87,35,39,8,30,56,36,81,100,59,44,67,42,11,31,90,60,39,76,62,20,33,35,59,71,38,18,89,82,26,65,56,43,99,4,55,30,0,44,53,63,73,49,2,44,12,29,92,40,72,20,92,83,38,92,70,35,27,36,37
91,40,92,87,54,24,16,16,20,98,14,46,0,11,88,65,71,46,20,100,35,62,0,36,49,75,48,91,30,37,24,23,21,53,55,32,8,17,20,26,50,60,50,36,95,90,91,68,17,22,48,64,53,96,95,67,64,58,52,58,35,29,1,72,45,19,0,37,80,70,98,81,26,89,38,64,54,19,55,94,21,64,99,24,66,77,63,91,67,72,44,86,99,46,49,12,88,79,84,31
42,82,92,16,14,18,7,88,11,21,47,10,66,85,33,67,30,2,1,37,5,1,9,26,71,66,8,95,94,93,85,2,81,51,48,36,34,59,3,67,54,5,78,1,0,11,79,63,37,77,5,69,23,87,91,61,2,10,70,84,21,69,71,6,18,72,86,100,63,26,89,28,66,69,49,38,13,78,16,25,54,24,71,65,72,1,4,19,72,93,8,21,91,17,94,82,51,50,65,15
25,88,98,88,64,46,57,33,69,90,68,97,66,43,43,73,60,3,50,17,40,98,83,28,56,55,50,40,8,62,7,38,81,21,28,29,65,33,17,96,94,77,79,36,32,42,35,40,53,57,28,9,56,98,50,21,19,67,17,21,70,42,64,65,48,83,18,45,36,88,71,55,26,82,22,37,56,86,26,21,32,3,76,44,70,72,16,7,28,37,34,64,30,91,89,86,16,54,19,14
25,89,32,51,26,3,8,47,91,26,98,57,52,11,94,10,50,74,64,5,37,56,95,29,77,63,40,51,33,33,58,7,18,95,29,83,80,46,66,0,68,71,30,52,25,51,42,75,60,42,82,97,68,7,22,32,72,48,74,8,23,92,5,49,89,49,33,71,24,15,91,30,12,91,36,93,82,16,22,14,41,57,71,17,95,0,61,42,17,37,10,65,90,22,22,1,67,33,83,67
89,40,74,29,40,14,34,78,70,82,11,26,81,25,76,63,99,12,24,91,5,82,95,2,94,74,70,66,24,76,2,77,70,28,35,63,9,21,14,75,85,82,52,10,95,97,96,96,56,1,20,33,39,35,90,91,10,52,18,84,82,94,72,40,81,1,51,50,64,57,93,29,99,40,30,84,42,1,66,50,24,94,67,47,98,100,25,85,40,17,49,18,1,71,23,7,10,51,29,29