81,89,56,81,26,16,14,28,5,36,79,58,50,17,21,50,43,71,28,52,100,72,37,51,37,10,10,49,91,14,58,42,52,13,12,48,17,96,55,54,13,35,10,44,100,100,23,97,71,42,5,82,90,47,78,91,51,1,78,80,74,37,78,4,64,74,53,76,86,49,28,27,60,80,60,94,27,81,15,75,1,58,1,23,36,35,60,52,38,21,63,36,48,90,49,87,10,54,24,83
52,60,65,90,7,32,70,6,33,59,17,41,100,49,49,0,84,54,17,20,44,23,61,62,88,78,30,19,90,81,41,54,85,5,49,82,98,82,35,58,1,67,39,36,67,45,58,17,100,89,68,9,16,13,68,1,31,5,58,31,30,22,15,69,30,26,12,61,19,25,51,63,43,52,64,65,100,55,15,88,4,82,35,70,11,69,52,31,69,76,64,95,2,22,74,29,47,19,91,68
36,96,19,15,22,77,96,28,39,10,45,12,90,14,56,12,60,23,2,45,99,53,15,29,45,10,14,6,28,49,82,53,73,100,42,5,4,7,83,90,34,62,72,30,78,22,30,16,9,82,11,10,69,65,39,40,73,38,59,65,12,41,46,46,2,35,25,61,93,88,30,43,8,60,79,67,65,84,25,96,13,16,7,61,89,55,99,87,99,89,85,46,70,38,31,3,91,43,34,21
11,45,28,88,15,4,57,53,13,68,69,15,87,81,30,45,100,9,42,59,80,61,91,54,81,70,37,7,42,70,99,70,22,54,99,70,31,57,9,69,64,4,25,49,24,14,33,29,83,61,88,76,3,100,40,86,68,15,2,45,40,31,53,23,66,11,9,20,47,92,16,38,67,50,25,59,54,58,74,20,32,37,6,35,27,56,35,91,81,40,69,6,68,39,3,90,51,33,2,1
33,97,50,10,94,63,60,81,29,30,66,16,82,38,69,53,55,71,69,20,15,24,18,80,85,5,82,94,53,5,27,25,2,64,3,45,0,61,34,63,89,8,25,78,59,77,71,0,63,24,16,74,78,12,25,23,66,39,63,28,18,23,1,50,93,22,49,87,29,15,53,83,79,49,24,18,8,23,48,96,27,61,53,15,3,89,19,10,92,88,73,70,5,52,37,56,6,71,85,88
100,68,79,79,50,40,65,38,41,34,47,87,91,54,86,29,60,24,69,19,75,0,54,72,17,34,84,77,17,68,100,42,98,38,0,82,2,80,11,16,57,11,95,55,23,90,4,83,92,3,49,77,59,77,75,73,100,50,34,65,84,26,30,38,62,28,97,76,52,95,90,75,96,27,95,41,55,38,77,2,80,4,3,11,88,80,64,53,1,47,93,37,55,87,71,15,26,51,96,46
46,12,51,24,29,38,75,58,50,67,14,53,5,14,7,13,62,8,7,96,80,33,12,69,88,42,46,96,45,70,16,5,97,22,1,76,100,12,92,16,2,2,89,99,24,64,76,19,63,90,41,54,46,24,62,36,58,2,29,94,59,42,24,10,4,0,86,35,62,10,36,37,36,48,81,3,37,60,86,73,41,59,54,1,1,17,18,41,33,64,13,25,92,72,52,78,29,13,3,18
55,39,46,50,17,6,60,31,41,12,0,81,37,81,34,45,30,79,24,8,0,6,83,33,90,34,35,2,1,22,68,61,29,13,20,47,96,58,51,37,3,25,75,2,35,80,0,1,98,65,82,1,66,74,97,23,80,99,53,29,26,14,31,30,89,100,16,99,89,5,23,74,39,19,30,73,51,86,63,81,68,80,67,5,21,21,46,80,29,29,78,38,94,66,13,67,78,32,94,12
19,51,95,48,18,23,61,94,26,81,90,94,40,79,36,54,81,16,31,84,72,81,73,58,39,59,68,36,98,98,92,42,29,57,2,32,71,55,24,50,96,48,30,78,70,62,59,79,83,67,25,0,14,19,30,21,89,64,77,54,39,93,79,84,37,11,56,42,89,70,6,51,84,58,51,62,95,19,75,82,14,93,100,98,85,16,56,1,85,58,6,0,24,4,37,73,89,99,68,72
12,59,78,87,26,34,81,90,21,35,32,28,76,94,48,24,48,38,72,88,82,9,62,25,91,71,11,40,44,86,79,24,87,73,69,77,33,52,24,24,25,23,14,22,75,35,77,87,51,74,52,55,24,9,76,76,19,28,48,33,34,3,57,48,90,37,23,40,12,5,62,79,13,0,4,84,72,74,16,10,42,9,15,62,50,97,42,82,6,35,79,10,85,68,52,80,21,21,49,50
78,45,93,91,3,21,66,41,87,66,50,77,52,21,64,65,51,43,67,90,37,25,84,76,87,30,44,26,80,40,51,94,79,51,81,88,57,92,63,27,34,70,40,68,76,58,71,87,10,99,61,53,77,13,79,48,52,63,74,74,4,98,32,2,87,64,16,77,48,47,22,16,21,23,18,4,22,25,79,40,66,12,0,11,98,28,42,45,41,88,29,41,76,53,74,83,53,97,68,49
10,23,60,37,0,9,46,67,50,30,74,30,34,28,87,93,78,5,61,66,50,12,16,49,28,2,7,88,62,50,95,79,90,1,79,33,100,60,30,61,80,75,5,98,35,93,60,86,69,87,38,11,9,15,23,50,96,76,62,2,98,21,83,86,87,9,26,73,92,32,32,23,90,27,85,81,31,13,90,56,31,19,23,11,66,81,44,96,81,4,83,8,98,30,62,4,16,65,63,80
69,72,22,64,98,92,47,83,37,96,88,43,49,98,93,54,90,24,73,30,76,6,26,100,67,15,2,66,81,97,94,18,81,36,61,59,13,67,3,75,58,8,78,1,18,58,60,54,18,88,76,2,1,76,21,84,6,0,100,41,97,22,26,41,71,15,8,54,89,66,22,68,71,30,6,42,72,64,1,52,75,99,60,18,82,61,42,66,17,47,90,40,11,58,93,64,77,26,79,35
49,13,36,38,19,77,87,1,5,86,82,81,87,40,3,27,36,76,26,94,10,24,64,35,36,66,100,29,32,15,91,68,53,85,65,65,51,53,60,80,24,51,84,64,76,44,63,58,70,94,21,25,69,64,16,36,99,12,91,8,4,76,25,50,30,96,44,2,72,97,77,60,19,25,71,92,95,100,54,92,87,73,21,32,33,2,93,85,86,40,52,76,60,48,94,1,52,24,58,97
50,91,8,75,80,90,88,65,34,60,85,24,72,13,1,56,74,98,41,34,91,29,91,65,65,15,56,55,25,3,48,55,47,6,42,16,43,16,21,87,56,94,24,1,21,1,75,17,98,98,94,49,79,16,92,20,94,54,37,79,0,3,92,94,28,21,83,29,99,95,85,63,9,70,23,87,20,17,30,4,97,100,69,59,77,4,80,90,73,12,52,56,11,23,89,80,46,78,75,46
58,15,51,32,82,85,77,12,41,35,59,39,32,14,91,6,82,2,75,97,0,60,21,53,40,42,27,5,71,40,10,17,99,49,86,90,33,58,78,34,22,37,100,100,57,36,81,20,60,4,71,10,61,58,85,53,7,72,52,90,84,34,5,96,83,71,73,7,80,30,76,9,64,55,38,63,71,79,37,9,71,91,37,38,41,58,46,38,4,86,75,58,38,77,58,73,12,73,63,21
23,94,25,41,26,17,70,80,45,57,80,60,30,82,81,7,8,8,88,37,39,58,91,15,11,22,76,19,6,94,31,51,60,89,76,5,76,96,11,80,51,12,42,76,54,83,98,71,44,99,60,36,21,43,36,46,37,17,25,33,96,16,78,40,2,17,18,67,24,25,43,65,75,15,65,3,19,40,62,50,99,36,36,95,43,79,45,93,75,57,94,75,37,60,21,52,63,43,97,74
39,8,90,48,20,23,54,24,68,27,57,97,62,35,38,41,91,62,33,14,62,31,48,48,87,97,38,93,65,76,84,95,83,67,95,71,29,8,35,93,68,81,56,30,63,30,100,48,43,62,6,74,11,63,96,79,88,32,99,62,85,54,83,46,52,11,83,41,13,55,92,53,16,98,2,32,4,94,36,2,99,57,75,54,19,15,40,27,35,76,89,17,9,14,31,78,12,25,16,53
14,43,50,72,36,7,40,95,9,80,10,70,26,9,8,30,84,91,89,69,37,77,32,66,46,93,49,83,41,18,39,33,87,78,57,84,64,44,46,37,32,13,95,12,83,63,54,34,6,65,44,75,46,96,80,5,6,51,32,89,51,94,17,62,32,49,21,83,24,10,6,30,5,87,11,65,7,33,16,44,96,75,21,75,96,59,95,65,94,97,54,23,3,8,29,1,29,87,62,17
77,37,22,60,100,51,62,45,13,30,52,76,2,38,50,6,36,72,26,31,45,98,6,93,82,13,9,39,11,86,23,4,88,79,31,24,69,63,91,27,75,89,15,85,98,13,60,63,0,18,41,19,38,42,100,14,20,78,16,41,47,77,30,31,97,18,33,23,1,62,28,45,94,87,63,89,43,75,50,29,85,31,45,18,65,91,60,72,23,23,54,0,99,52,36,74,76,88,78,85
99,16,52,20,2,83,74,6,99,1,7,34,81,100,67,100,86,17,75,33,74,56,53,5,10,20,40,3,4,78,1,80,0,22,27,16,39,13,42,82,25,30,77,35,24,83,72,42,19,11,98,97,21,46,93,92,12,12,3,83,22,11,60,37,100,50,19,43,5,5,47,78,92,44,18,0,96,54,60,62,30,98,74,72,65,28,55,58,92,18,29,0,41,67,18,74,28,96,49,69
99,62,81,98,42,69,98,65,13,14,9,53,25,11,82,43,85,13,81,51,98,90,30,45,42,53,49,35,60,15,6,7,3,86,16,56,38,83,28,99,100,88,52,33,11,18,44,31,76,59,82,4,89,53,95,53,25,14,100,76,47,86,41,37,77,70,64,68,46,82,29,57,28,66,45,69,83,45,84,88,83,76,21,92,65,60,93,78,55,40,37,12,73,23,27,40,97,97,95,75
75,0,22,91,39,68,94,1,57,11,14,93,59,22,20,7,0,20,24,83,65,47,48,10,18,100,82,30,97,73,99,7,58,47,82,34,45,77,3,25,30,40,93,31,2,57,22,47,71,68,87,45,3,4,78,73,98,0,76,25,7,77,33,8,68,96,74,84,77,91,93,44,42,97,14,20,71,75,92,4,100,28,51,74,76,3,51,29,5,5,19,15,87,61,82,93,74,15,59,82
46,1,36,20,20,31,24,6,7,22,36,4,45,70,33,68,14,33,8,69,17,55,22,85,20,34,94,15,48,88,86,15,56,16,23,22,1,93,13,71,65,44,64,38,14,42,85,82,26,59,51,88,52,85,17,52,18,48,76,32,43,20,48,96,83,51,87,92,68,10,94,9,69,39,3,45,84,22,89,60,58,32,79,84,8,96,17,76,75,68,81,14,83,95,44,94,18,31,19,8
88,59,69,32,1,54,27,57,44,42,47,25,90,29,30,17,21,82,44,15,45,92,91,86,42,9,34,34,34,24,1,5,24,89,88,12,75,76,100,53,6,83,65,3,99,26,6,42,37,100,10,2,83,25,63,62,84,38,99,91,4,1,5,24,73,79,50,14,30,79,0,36,13,47,64,70,83,9,44,52,11,91,64,39,73,97,67,8,64,21,91,31,65,59,32,66,81,59,96,24
70,87,80,63,4,72,19,30,2,3,39,35,70,85,64,1,69,4,99,16,48,18,67,52,63,6,26,1,100,22,23,67,96,13,32,61,81,3,95,79,14,50,1,15,85,69,58,81,1,53,82,69,98,27,83,11,63,33,93,11,47,44,28,16,44,24,60,13,20,22,68,80,95,0,23,95,51,71,48,95,69,77,49,50,33,95,21,51,31,94,36,68,50,47,57,45,39,5,48,13
4,8,35,74,39,74,41,32,65,16,30,37,71,33,8,11,69,16,29,11,84,10,77,45,34,4,36,23,95,47,96,81,63,58,6,62,33,42,91,7,65,100,65,96,80,3,73,17,17,68,97,27,66,45,1,60,34,16,53,72,28,74,40,68,85,84,32,50,69,54,43,40,18,53,53,46,86,93,71,12,24,59,32,91,7,24,82,5,21,91,87,32,93,56,79,83,35,72,61,10
8,16,39,23,90,65,51,80,63,49,95,97,5,61,51,45,96,68,39,88,47,62,92,78,51,100,29,16,12,84,22,14,40,98,40,39,21,0,16,19,6,33,8,15,5,45,84,38,58,23,93,1,57,21,14,62,32,87,58,28,22,75,52,71,64,73,19,57,61,1,74,58,72,84,61,93,52,34,64,82,3,71,82,15,65,94,13,71,23,82,73,62,6,67,62,17,17,35,51,29
80,40,56,41,2,2,91,35,81,12,60,24,95,60,45,25,13,77,41,98,60,63,37,15,72,2,94,83,54,83,91,93,9,12,82,32,76,69,56,63,89,54,26,39,31,58,2,69,68,73,23,66,50,74,47,24,39,41,42,69,84,2,32,83,19,36,45,71,21,8,32,32,54,81,60,70,93,18,93,7,73,62,28,32,44,79,38,99,22,8,35,16,53,61,46,40,24,79,35,37
22,64,9,24,60,42,73,59,69,53,68,44,38,89,1,60,66,18,50,73,42,92,65,82,7,95,45,62,93,48,24,96,76,89,61,43,40,78,44,32,74,56,50,72,2,90,33,97,25,51,33,54,5,38,53,46,41,56,37,21,77,8,41,18,6,47,67,50,18,0,70,36,64,46,28,33,52,46,77,78,77,82,72,84,3,87,66,52,91,10,100,81,13,32,60,17,86,98,46,12
65,45,36,16,24,23,20,81,83,27,64,99,70,80,90,96,65,3,75,30,1,4,84,9,14,73,98,74,39,58,7,63,8,90,18,59,77,14,100,51,86,84,57,88,35,31,34,82,5,40,100,85,22,49,60,4,16,80,55,62,74,93,78,67,23,20,65,77,88,80,14,20,52,33,84,76,60,99,19,93,5,63,65,87,53,60,40,75,88,63,99,44,1,80,60,71,11,35,21,58
68,79,90,73,11,76,50,20,84,27,31,15,5,60,84,65,64,69,16,50,35,40,53,93,71,4,74,1,68,66,9,84,74,52,23,46,3,25,20,45,73,25,27,91,90,57,71,84,40,94,72,29,90,25,78,100,99,92,44,100,77,84,92,53,8,12,57,56,47,35,86,54,58,58,28,68,87,60,14,79,29,7,66,40,91,62,61,30,67,97,33,35,80,25,34,41,92,25,52,25
67,18,34,18,4,82,2,89,93,41,28,67,85,71,9,17,27,48,37,82,30,94,76,22,46,5,22,88,41,3,73,71,69,95,64,89,92,24,61,57,15,93,5,3,17,19,68,28,7,97,70,86,69,21,68,51,86,6,45,3,40,61,68,85,15,58,15,85,45,49,68,18,68,13,87,53,27,21,42,7,17,89,2,53,92,12,78,47,17,26,97,10,54,32,94,26,86,30,88,32
25,32,95,53,35,39,32,83,97,72,41,6,72,0,9,96,99,27,90,30,72,12,15,3,95,13,76,52,2,79,82,10,5,83,4,60,59,52,46,82,93,33,26,65,97,56,84,69,48,86,33,24,13,0,35,61,66,48,43,45,8,12,37,96,45,1,57,8,90,63,34,8,79,89,100,23,45,99,48,82,72,82,12,19,91,86,67,91,59,94,18,32,96,23,64,79,23,11,6,100
74,34,64,68,52,4,35,59,75,89,5,24,5,7,28,28,62,47,22,0,79,44,8,83,71,20,58,53,52,66,97,97,1,31,0,56,39,93,78,1,93,15,36,78,49,96,69,32,43,79,65,43,33,79,29,79,15,68,29,15,21,10,55,78,55,100,39,41,81,97,18,73,12,81,90,50,56,20,54,40,52,4,27,55,16,79,76,6,76,19,74,40,92,52,11,20,14,74,55,7
40,3,26,28,1,28,96,93,82,3,59,33,75,54,37,43,14,24,5,6,25,4,74,90,47,81,33,24,49,97,74,22,95,2,80,36,17,81,60,27,7,79,42,59,58,31,22,95,41,6,14,29,87,9,78,35,44,3,82,22,43,65,9,32,62,58,18,80,55,5,45,95,52,58,24,66,44,75,60,68,15,67,40,43,41,66,48,84,36,9,94,99,54,81,95,68,74,47,79,10
36,19,5,35,95,30,26,74,100,77,77,50,55,37,17,82,20,18,60,67,12,84,68,83,93,48,0,75,57,54,78,73,24,80,47,47,88,79,81,28,95,66,10,98,10,32,58,87,23,97,43,7,52,37,17,95,36,35,61,87,96,4,87,29,2,91,79,45,45,0,88,63,25,79,7,24,12,99,74,75,71,84,71,71,12,23,49,62,83,51,33,12,52,6,64,77,84,39,14,18
18,49,78,58,46,1,38,45,21,63,32,21,0,35,46,78,10,29,41,50,29,92,81,53,23,52,69,21,98,87,55,45,17,70,80,47,100,76,50,31,95,25,72,19,52,81,97,39,25,50,93,69,21,70,50,15,38,32,24,20,75,98,20,5,47,50,7,12,38,54,7,96,85,78,84,61,52,29,46,35,23,69,12,84,42,6,7,34,48,21,33,12,96,36,74,34,49,25,56,54
100,71,1,9,29,93,53,86,79,61,16,80,33,43,65,87,100,24,10,54,78,77,48,3,21,19,100,86,48,99,50,35,60,85,63,37,41,37,34,90,37,21,72,55,53,52,15,63,61,61,22,79,81,8,39,52,22,32,42,71,66,16,97,91,11,15,15,42,15,4,4,79,99,77,64,75,61,69,90,51,14,23,39,0,91,60,65,9,47,82,56,39,99,0,21,15,51,73,76,4
84,42,92,24,81,74,6,85,29,32,12,36,13,81,61,32,50,64,76,58,80,30,24,24,45,1,2,19,32,50,61,12,99,28,33,85,72,27,95,20,57,7,64,14,14,5,23,20,86,54,13,78,40,23,11,89,50,35,88,10,66,32,75,85,76,64,4,83,35,51,88,93,33,13,90,73,39,39,58,36,58,74,13,96,35,98,64,37,4,25,35,56,7,99,33,80,16,54,1,10
11,70,39,23,92,84,41,84,28,37,82,4,58,63,11,43,84,78,7,27,91,60,95,42,48,40,29,5,28,2,33,49,48,40,57,60,46,7,34,86,64,11,35,53,86,85,71,31,72,8,85,4,59,83,16,30,93,29,45,84,46,31,26,39,25,72,27,58,29,46,24,21,35,46,61,72,96,18,75,56,95,16,8,22,51,23,1,30,0,9,56,22,10,35,42,1,64,96,55,70
73,13,1,22,76,72,16,22,0,65,10,60,81,13,6,86,41,28,90,62,23,58,7,66,26,82,94,2,18,21,92,32,3,8,71,72,71,21,58,76,24,54,8,83,51,31,24,41,58,65,62,97,0,61,79,49,28,23,99,45,93,89,25,94,58,36,1,97,37,96,41,21,99,65,70,55,91,64,9,74,74,65,13,2,6,10,88,64,1,20,75,71,21,4,63,55,75,95,36,13
97,54,16,47,50,82,44,57,98,20,42,45,37,41,71,19,19,22,42,90,59,30,65,2,40,79,80,29,58,88,36,24,49,20,66,18,65,90,49,18,43,88,17,31,95,15,16,96,24,12,73,86,0,33,46,12,23,13,94,86,92,34,24,95,49,10,21,18,61,25,54,80,22,82,42,26,97,50,62,4,17,18,80,14,77,17,29,64,2,52,60,62,98,15,67,37,9,24,16,36
66,51,43,82,17,6,54,25,1,95,3,16,32,47,79,23,90,95,94,80,44,11,73,9,62,14,73,71,39,45,33,80,60,16,41,21,1,62,62,79,69,82,54,41,53,50,70,45,34,68,43,43,77,72,50,53,14,75,45,72,45,23,52,3,15,1,33,26,35,41,95,60,74,45,59,60,94,82,74,88,29,29,50,72,48,75,68,18,28,41,78,38,70,43,0,23,100,22,40,28
34,61,33,33,86,48,73,24,64,19,45,50,14,47,84,55,9,88,48,88,31,5,38,89,69,3,67,48,21,54,50,89,49,63,15,51,23,43,62,49,42,67,42,5,41,79,3,66,35,7,97,30,52,10,90,6,40,13,97,74,0,55,82,23,82,81,50,72,42,19,9,74,37,73,82,65,55,81,75,38,76,1,85,22,8,86,72,82,77,32,27,6,54,53,9,39,18,14,86,33
12,15,23,44,89,28,38,28,22,45,70,76,60,99,53,95,80,85,85,87,8,4,50,56,9,100,44,96,49,91,100,51,80,1,6,65,82,53,20,72,57,57,71,1,85,40,75,45,50,88,9,27,35,48,86,7,35,36,87,91,11,8,57,12,47,11,55,16,50,98,16,3,85,20,17,12,52,53,59,72,12,6,42,22,53,76,11,6,35,99,43,5,28,27,27,14,30,93,95,47
78,66,45,44,41,28,94,50,0,38,37,60,92,96,95,81,50,87,27,74,90,31,59,55,93,31,74,67,65,28,31,68,38,98,87,95,53,67,41,7,81,90,56,1,97,79,98,51,2,77,62,40,49,22,28,83,22,60,88,15,100,56,22,2,90,52,75,81,18,67,99,77,26,97,67,97,43,3,59,16,35,48,36,35,37,41,12,75,69,18,65,13,19,6,99,58,49,33,100,82
36,15,8,20,89,37,63,14,91,78,99,27,30,94,26,70,32,74,5,72,1,38,66,45,21,0,8,46,72,27,51,25,69,35,61,90,11,60,15,0,33,71,26,23,50,49,88,19,99,27,68,74,34,35,72,9,30,54,9,58,70,91,68,96,83,74,92,31,14,89,48,56,27,33,74,27,43,13,97,73,3,64,22,6,23,94,18,36,88,66,44,80,54,14,42,74,1,87,37,88
76,41,95,41,13,89,65,78,28,98,61,93,42,60,67,64,67,9,48,23,17,15,89,29,24,2,45,62,0,59,77,22,52,71,73,98,79,57,8,63,2,56,90,20,47,81,98,66,17,23,47,62,40,39,63,43,76,74,60,86,24,14,64,91,69,37,8,87,82,19,81,28,8,81,96,40,61,37,66,16,65,61,50,70,94,64,67,99,20,4,93,18,6,12,14,12,93,31,38,10
25,88,12,60,85,38,34,90,79,2,67,23,64,97,100,96,21,81,55,100,60,35,11,54,71,37,73,38,93,1,0,87,63,40,51,28,32,83,31,6,69,96,3,95,23,88,62,77,24,46,74,4,19,33,77,14,9,62,97,82,19,66,89,99,20,15,82,12,63,74,93,53,66,28,6,54,21,24,19,31,30,81,51,55,71,58,6,93,22,77,14,81,94,6,7,84,70,10,92,43
17,39,52,5,67,13,45,1,51,91,92,100,98,4,27,90,40,35,14,75,65,87,23,37,11,52,46,16,97,18,71,96,27,43,30,34,34,18,28,84,42,59,14,64,35,78,97,86,63,3,73,63,47,83,94,75,75,72,60,52,13,34,6,27,27,52,85,92,30,63,33,25,89,20,73,59,16,0,78,45,45,98,35,79,54,85,58,89,26,73,40,56,89,44,70,35,57,68,50,19
58,92,11,22,10,61,32,22,89,33,92,62,86,85,17,76,78,75,19,44,81,72,18,46,45,62,80,53,98,33,83,62,93,32,50,50,1,46,5,12,74,10,30,62,25,65,11,11,89,63,100,29,2,68,82,89,12,27,68,0,3,100,74,82,70,27,27,25,95,53,18,71,7,93,0,98,26,36,48,50,40,75,40,94,39,38,36,10,35,38,6,75,58,1,62,66,39,6,4,9
52,29,3,49,64,99,78,24,26,33,18,68,97,54,47,29,54,83,65,43,8,60,53,65,85,10,58,45,27,49,16,85,22,18,87,91,60,63,72,71,56,22,31,44,36,7,23,12,17,20,44,66,62,59,67,34,82,16,19,3,20,27,13,19,3,20,94,35,7,29,95,84,68,5,90,71,9,65,91,59,35,93,40,7,48,57,99,29,61,84,100,77,56,72,91,60,8,32,71,86
54,24,21,13,84,41,94,56,90,40,41,49,85,76,84,66,38,23,30,29,80,27,11,83,30,93,38,40,43,34,11,23,45,43,17,47,14,63,66,4,24,64,98,42,87,96,80,91,10,5,55,42,89,49,35,82,42,42,48,79,48,54,75,14,65,29,99,3,43,40,46,33,2,51,96,59,85,68,65,49,65,97,94,5,9,81,34,57,57,41,49,83,63,52,97,71,75,49,72,83
84,83,95,95,48,90,86,63,52,23,57,66,34,31,20,15,72,13,0,94,50,59,53,38,86,95,15,20,57,48,37,47,25,51,24,19,88,65,49,92,94,53,36,25,51,47,91,23,20,18,84,82,75,38,17,95,13,2,96,25,22,1,47,93,75,13,26,97,19,45,41,96,68,90,1,61,48,69,83,74,94,13,8,0,68,9,72,64,85,16,82,82,24,25,37,86,15,23,3,75
21,69,36,66,20,95,10,15,8,11,53,10,68,99,48,4,66,0,85,12,86,45,55,76,95,42,47,64,46,78,28,28,91,13,67,32,50,25,3,14,97,66,37,76,17,25,12,0,67,53,70,87,60,7,7,50,8,73,24,75,28,3,36,98,59,80,76,12,18,53,35,36,11,33,20,96,19,31,97,16,46,51,91,22,100,42,71,62,23,66,98,21,20,29,69,56,71,39,13,83
58,75,99,82,88,69,100,77,99,34,0,35,74,31,63,47,75,18,85,62,97,13,11,5,21,48,74,32,96,13,91,55,22,2,43,4,21,31,86,66,40,73,90,41,37,91,88,70,61,85,51,26,46,55,66,41,91,37,73,32,33,93,53,77,85,9,7,7,91,19,19,20,3,10,30,88,37,78,16,54,53,14,8,12,68,73,23,57,94,63,97,2,32,5,1,17,77,65,57,26
91,51,39,69,89,98,39,40,95,3,23,43,78,14,83,14,50,18,13,6,30,59,27,45,30,10,66,61,83,47,70,22,39,32,84,98,36,7,75,70,81,11,17,72,74,82,68,55,98,24,34,64,79,91,21,27,31,94,57,18,79,67,62,53,80,22,22,16,92,38,71,35,74,93,45,76,54,92,1,49,19,83,57,30,73,36,0,96,39,91,25,19,40,32,88,37,89,70,88,98
49,68,86,5,43,75,63,2,34,84,49,79,30,15,76,55,87,59,65,56,12,85,54,17,16,45,35,16,24,79,65,45,59,18,96,51,35,37,38,20,4,12,93,62,9,71,12,26,62,21,18,71,19,71,22,50,82,0,97,83,13,99,14,78,87,86,55,42,71,9,13,94,53,63,1,8,89,32,37,4,68,36,80,93,91,48,57,86,93,96,88,28,70,38,94,86,47,45,65,91
15,33,34,55,79,67,98,6,18,100,90,14,72,33,99,66,41,42,78,9,37,32,58,66,2,18,0,9,90,93,64,92,56,86,39,48,7,92,40,30,19,73,73,10,36,3,43,28,17,87,9,61,77,49,13,56,43,88,91,50,100,44,55,96,27,15,2,27,6,95,16,3,10,68,30,58,58,65,64,33,9,76,59,2,73,16,96,19,32,14,56,4,70,22,21,86,78,85,32,31
20,47,5,69,45,12,24,51,93,78,67,23,89,69,17,4,15,94,82,22,92,30,99,71,50,97,69,78,60,22,100,31,99,1,86,68,85,64,84,26,47,81,85,71,35,24,74,33,15,0,9,99,80,46,96,74,56,73,30,67,17,55,70,44,73,40,59,7,66,90,93,35,87,61,50,67,7,50,90,69,11,74,37,71,72,89,37,62,54,48,1,90,93,62,42,8,44,20,25,60
53,33,73,11,5,5,74,81,18,76,62,98,84,66,91,24,51,97,66,15,39,92,20,72,28,42,46,26,64,50,80,85,9,84,39,56,93,93,58,22,67,22,94,5,68,18,28,55,21,81,20,6,1,9,39,30,59,52,79,67,47,0,27,28,4,90,53,9,16,65,0,95,46,74,82,90,51,88,78,55,78,94,0,86,0,99,59,46,2,81,16,14,33,7,11,42,9,42,93,36
64,65,2,51,44,99,14,37,98,21,80,61,36,74,57,42,36,16,17,24,82,43,55,26,57,49,10,13,99,2,4,6,75,19,26,17,62,73,83,48,52,3,78,93,42,39,2,5,84,5,33,76,6,94,52,33,24,51,84,55,79,3,40,82,39,36,47,16,75,28,23,84,24,65,46,10,38,71,20,12,87,18,6,55,0,100,96,89,96,0,64,74,62,59,91,38,18,25,65,6
25,91,3,85,69,76,57,53,5,79,6,6,80,73,9,75,16,15,20,70,58,87,37,77,72,55,39,99,48,77,74,78,99,94,23,75,63,21,93,53,25,78,70,69,74,97,24,4,27,51,100,63,37,16,47,88,20,35,49,34,62,25,94,1,10,18,63,86,26,28,56,53,59,25,26,72,70,36,86,46,34,17,87,100,69,92,11,87,46,90,74,73,42,44,62,84,96,17,26,99
33,39,20,72,71,0,22,2,99,35,82,33,4,89,25,12,68,97,99,97,67,40,14,75,85,83,67,70,99,2,79,14,11,72,53,7,40,21,64,97,52,13,3,57,60,58,18,53,12,19,77,25,59,32,96,39,37,42,35,49,0,83,51,3,51,46,1,64,12,9,86,30,95,90,21,89,17,85,85,58,74,85,6,42,88,82,73,86,70,67,61,7,6,80,19,85,15,53,20,44
67,54,34,90,74,41,52,45,46,64,3,82,16,37,30,26,85,80,97,79,64,97,22,49,26,30,5,17,44,29,55,66,21,83,70,36,2,41,64,44,9,2,21,18,8,20,0,36,62,44,83,19,92,63,83,53,47,13,86,76,27,17,58,89,46,84,86,36,70,44,6,39,54,9,86,42,49,76,21,46,57,53,1,30,92,92,63,61,74,31,61,21,0,80,82,74,77,64,15,38
7,34,92,79,75,81,31,58,17,11,95,100,84,82,31,8,19,30,84,39,46,54,20,9,46,65,53,65,53,51,89,53,88,8,23,13,92,41,52,52,68,49,33,59,63,21,4,85,89,11,78,82,5,95,30,13,93,78,95,16,0,69,8,60,83,18,70,21,28,33,85,100,56,47,9,78,8,33,47,19,20,81,23,71,36,42,65,45,60,73,35,26,47,51,78,39,46,30,52,0
96,20,40,42,86,91,11,5,46,97,81,19,19,0,20,65,8,75,70,70,59,8,34,79,41,11,72,33,47,92,68,100,59,88,88,26,67,54,2,69,69,59,73,35,49,78,42,44,85,50,50,2,91,54,3,0,70,2,22,8,6,2,78,50,29,92,34,60,82,11,48,34,70,77,47,95,84,24,62,19,5,24,58,40,26,71,89,10,42,41,7,35,79,0,10,83,0,31,11,87
86,17,73,3,41,95,95,89,54,82,98,69,73,82,21,30,37,42,88,37,1,41,54,59,38,50,12,19,22,73,59,90,95,34,76,69,12,77,82,8,81,90,9,39,46,9,53,57,83,0,1,76,42,38,3,43,24,13,58,27,16,27,60,55,85,78,92,32,39,55,84,74,11,40,20,1,57,23,39,14,92,41,67,21,24,96,0,78,56,68,75,92,63,6,17,5,3,28,85,52
84,95,77,74,72,25,18,24,69,33,40,77,32,55,6,24,24,30,84,50,63,54,47,28,64,15,100,66,36,32,16,95,49,82,84,74,51,42,21,69,71,52,15,56,63,84,79,97,17,21,10,84,14,87,80,68,85,20,57,86,51,91,86,8,59,65,50,41,67,47,18,6,52,45,81,10,57,58,48,91,97,66,81,44,61,100,98,29,7,90,70,95,31,80,57,96,84,83,79,60
49,30,29,89,47,14,68,74,56,35,4,25,13,46,52,18,53,64,97,62,85,94,10,15,75,92,91,87,8,1,40,79,0,54,87,7,96,67,15,36,88,63,64,54,67,63,29,34,11,0,9,3,78,59,44,7,60,73,79,57,91,83,17,69,3,76,57,78,30,86,33,52,95,85,52,96,54,5,6,66,10,86,60,82,81,40,16,81,63,57,28,69,35,29,40,49,53,72,80,8
64,25,85,16,16,11,9,95,41,95,91,68,0,52,30,26,26,72,23,16,97,55,46,50,31,69,1,69,14,89,31,47,6,84,25,36,6,18,34,97,56,71,62,6,20,22,48,54,75,77,74,91,6,17,75,66,90,49,37,67,39,39,60,93,78,14,84,26,38,66,16,1,60,4,57,90,7,65,4,67,28,96,40,15,81,46,84,47,81,37,9,2,74,55,22,47,66,78,1,26
50,89,2,83,27,64,59,96,50,20,67,69,86,93,85,59,64,35,50,76,97,57,79,100,47,8,90,42,12,62,40,6,45,79,51,81,18,70,58,33,2,41,9,100,32,81,67,32,39,13,42,1,64,2,68,77,60,43,40,87,2,23,80,17,50,95,93,56,30,94,59,54,73,24,30,2,32,90,47,94,33,33,16,69,35,39,62,43,69,36,19,19,79,68,36,15,70,71,97,9
100,66,12,95,83,75,26,55,79,32,63,56,23,85,48,51,79,3,71,80,95,69,13,46,15,38,22,56,88,62,48,24,32,15,95,30,64,47,22,88,29,66,11,99,73,7,52,62,73,50,19,46,60,38,55,17,44,78,24,41,24,36,93,12,71,63,7,72,96,0,6,87,72,61,80,99,90,14,88,46,68,24,100,50,32,89,87,19,58,84,78,46,3,53,81,48,56,80,54,38
69,69,4,50,27,17,33,67,39,58,54,59,91,2,35,6,74,92,31,23,100,4,3,21,21,44,81,83,78,34,70,50,69,27,16,17,8,97,34,36,67,10,78,90,31,7,30,35,8,37,45,17,60,9,69,22,51,45,74,67,28,74,53,53,92,44,18,33,4,38,35,37,58,27,64,17,45,46,4,63,89,62,18,12,46,43,57,70,52,52,28,61,85,40,65,67,51,22,65,91
74,47,96,15,43,95,36,83,28,49,69,87,75,71,20,38,28,12,67,79,62,6,62,79,80,62,56,21,68,89,46,9,66,39,13,16,67,90,11,49,59,39,81,50,61,69,82,7,52,9,76,82,39,84,79,19,37,6,33,21,99,17,11,57,72,7,87,77,86,50,4,77,100,96,40,2,78,89,63,61,49,9,75,86,10,98,59,43,7,12,94,75,43,82,15,50,50,24,80,79
85,72,30,60,78,41,9,69,98,18,63,32,80,50,88,44,14,100,18,13,96,5,45,28,68,13,11,23,6,75,89,78,66,99,48,40,74,48,42,19,58,18,88,24,54,38,97,59,41,28,3,25,11,17,46,98,98,65,48,100,28,39,98,48,89,49,9,94,51,64,100,64,7,12,36,43,39,55,99,35,72,99,29,71,30,56,26,83,19,32,75,17,94,27,44,35,2,18,34,22
88,1,60,75,24,98,77,74,27,66,54,44,18,67,65,33,23,70,50,31,46,15,26,39,14,42,75,29,85,3,67,39,34,9,67,21,18,39,57,42,76,64,20,84,21,65,14,48,69,52,24,70,58,17,36,8,92,46,59,54,27,36,82,29,43,7,65,44,96,38,60,0,19,95,57,32,66,69,76,33,23,62,9,77,78,33,89,19,67,57,49,76,31,91,0,1,10,63,89,73
0,44,59,27,42,22,33,60,28,11,92,97,86,63,13,25,19,94,48,26,44,8,11,61,8,46,12,44,26,98,46,70,24,92,89,61,27,61,45,21,28,7,5,31,68,81,40,2,11,6,56,46,42,87,79,64,68,78,25,23,16,56,78,74,64,75,64,50,93,29,60,0,12,90,0,98,76,69,69,75,80,34,44,52,66,55,100,48,37,6,29,31,10,44,92,73,66,9,56,73
8,83,54,13,11,27,96,93,90,86,5,23,99,32,55,30,56,3,56,75,15,31,96,83,9,37,22,72,33,9,73,100,43,0,36,41,73,20,70,15,9,60,3,97,9,43,100,96,80,42,74,80,21,54,82,10,23,10,47,74,32,30,33,86,9,0,88,70,90,19,45,25,78,90,68,68,72,81,67,94,88,24,98,53,46,98,20,74,69,83,89,68,37,40,80,86,16,38,97,3
91,45,66,36,39,36,3,57,75,46,72,87,26,64,58,40,39,67,7,0,30,9,68,23,72,100,17,33,86,28,8,89,3,75,42,22,37,16,25,20,14,27,26,63,7,70,42,47,9,76,100,81,63,37,87,77,56,50,13,37,50,40,20,3,99,72,28,53,85,89,76,71,98,73,79,14,5,61,59,32,12,90,46,62,57,51,59,62,81,54,61,41,66,24,80,60,63,11,72,45
45,61,16,33,96,16,62,17,27,50,4,18,63,64,73,18,86,48,17,18,31,36,68,40,17,86,19,28,93,30,46,53,60,100,33,24,61,92,85,58,28,5,18,96,5,78,95,94,6,37,18,51,79,58,5,62,99,27,47,4,100,84,98,19,99,2,9,39,36,21,83,93,46,73,88,72,27,64,85,21,34,42,68,81,2,86,70,8,20,75,78,70,38,91,71,94,74,91,50,59
98,32,81,57,64,71,32,60,84,6,32,67,31,50,73,22,81,4,88,94,67,57,24,54,24,36,61,13,21,54,72,45,28,23,46,19,97,44,13,99,83,20,33,75,98,80,38,60,49,89,3,99,85,94,53,71,74,100,61,11,34,92,15,64,39,77,96,27,19,37,80,26,2,59,76,68,11,83,88,75,33,27,59,32,5,5,59,76,38,26,92,20,76,4,86,65,48,42,7,15
62,1,17,58,0,43,59,81,61,59,81,54,48,41,10,48,37,15,47,96,35,76,17,85,94,51,92,97,55,16,89,37,73,80,42,69,62,61,69,70,25,89,92,11,94,98,39,84,84,86,72,38,60,59,12,12,24,88,67,72,0,76,38,80,31,43,86,43,84,95,81,36,1,24,83,46,69,69,87,36,52,10,74,24,4,59,61,43,58,96,79,70,15,57,78,43,15,61,49,72
89,5,1,4,11,65,89,51,1,80,56,70,98,83,45,61,86,72,11,35,14,62,92,77,43,53,4,92,87,37,11,56,0,43,15,79,62,1,53,22,87,51,42,33,16,54,28,19,31,6,65,88,75,92,13,10,44,81,77,49,10,57,69,28,0,32,67,77,77,34,99,19,16,67,14,15,0,52,20,11,54,13,37,72,22,46,59,53,45,33,9,8,35,28,42,66,51,50,47,100
14,8,55,48,22,57,53,58,69,52,13,97,49,27,84,63,13,39,63,74,47,36,17,28,36,17,13,87,61,56,90,5,22,0,45,64,10,10,8,10,4,28,17,42,73,40,43,54,58,23,46,52,58,53,24,52,27,27,26,45,30,49,1,11,75,11,27,40,58,93,83,33,99,96,15,8,11,31,49,97,1,80,69,54,88,33,96,58,26,35,9,81,30,28,83,52,49,11,50,81
34,95,60,41,4,29,47,11,91,21,27,40,28,12,37,22,59,98,1,20,97,20,70,35,19,59,88,47,5,64,50,40,84,7,13,19,76,39,14,59,94,19,68,62,99,52,64,88,93,100,17,92,92,17,38,20,71,82,52,13,2,79,60,38,81,84,26,59,8,81,17,15,79,62,7,18,82,36,86,15,91,60,87,69,97,73,71,33,57,59,4,71,50,24,55,2,3,43,75,14
63,27,8,8,31,11,50,57,34,14,31,59,60,27,63,67,3,17,19,57,2,77,5,29,84,85,61,57,27,4,85,20,62,38,19,18,15,58,77,92,46,97,40,81,20,90,57,42,29,66,32,57,69,61,95,50,93,1,74,5,91,24,72,62,34,64,51,37,23,73,49,38,19,98,50,69,61,92,32,83,50,0,91,60,7,10,31,79,7,47,66,18,92,97,18,94,48,77,78,63
100,76,86,69,63,5,24,46,67,72,24,82,26,20,13,23,22,5,69,18,25,40,7,100,80,77,82,80,51,94,97,100,65,65,89,13,7,58,72,71,29,32,64,65,71,52,10,84,23,29,11,45,31,32,84,13,88,75,97,48,53,48,27,54,61,87,20,1,67,37,11,46,80,64,17,41,14,95,28,95,85,60,6,35,42,46,50,11,48,37,88,70,4,62,86,17,43,17,37,31
83,17,98,70,18,6,67,100,43,82,5,9,17,9,9,7,11,77,15,7,32,33,8,87,55,66,84,8,97,58,45,21,66,30,0,57,99,33,28,8,68,13,23,54,68,97,64,27,40,73,0,25,16,85,85,13,32,23,100,58,83,94,23,5,16,73,70,8,4,40,53,13,54,32,89,75,70,96,14,13,75,40,73,22,6,42,86,52,78,87,59,74,70,24,96,36,54,55,98,58
81,34,56,8,22,8,38,45,100,26,7,81,41,67,6,84,70,85,19,51,71,5,79,67,98,97,65,80,66,54,3,100,20,93,8,0,46,82,47,61,52,15,96,10,36,69,45,34,5,43,14,25,100,85,54,18,81,43,29,3,49,38,36,41,26,49,77,65,44,45,60,17,100,59,68,20,50,26,4,28,47,45,26,77,88,30,83,23,54,82,77,16,82,51,88,94,73,36,63,18
98,83,35,98,96,49,66,94,13,57,32,21,26,96,16,36,40,83,29,89,93,74,71,48,73,33,28,41,92,99,59,67,15,87,86,30,0,6,87,0,82,35,32,29,82,12,81,28,7,96,30,6,86,88,43,49,45,87,93,22,66,11,23,86,5,93,18,26,85,79,86,70,75,88,68,56,10,24,84,42,27,68,51,26,55,63,49,59,53,44,70,36,54,27,17,97,33,69,51,28
25,69,94,3,48,100,5,72,86,73,15,83,5,5,38,31,28,3,34,69,86,92,29,31,37,16,26,87,74,72,22,13,18,56,53,57,13,19,59,57,33,92,47,27,99,86,29,97,57,93,12,52,27,1,84,51,17,4,58,33,33,99,18,29,98,17,4,56,52,86,34,33,70,36,30,9,54,0,17,55,67,88,93,12,86,8,60,2,57,79,66,77,26,57,13,53,7,55,86,15
66,86,52,49,50,47,44,3,14,6,96,92,94,70,41,77,64,54,14,81,16,36,95,1,22,10,46,0,71,44,66,43,89,16,37,72,80,0,90,36,98,4,91,9,10,84,78,22,14,31,62,65,58,77,19,30,43,43,31,81,20,94,35,97,47,52,70,18,36,25,20,77,88,58,50,66,13,7,2,85,44,78,7,74,69,94,51,98,16,79,20,88,21,81,36,62,72,66,27,92
87,84,80,30,64,44,79,68,43,26,11,34,34,85,8,63,41,56,84,67,34,76,66,37,96,89,7,83,61,87,0,64,23,72,1,86,97,6,82,26,31,58,57,96,26,49,77,54,100,9,51,19,17,36,65,72,79,38,10,49,69,72,32,39,86,13,74,63,74,59,28,53,86,0,4,50,6,60,60,90,57,100,30,63,35,59,49,36,67,67,40,88,22,30,24,81,33,60,55,65
58,33,82,20,60,35,99,84,34,19,1,90,24,56,41,84,95,81,76,35,46,73,43,22,28,49,19,50,17,38,27,73,2,39,19,52,0,50,46,22,88,82,16,4,34,26,83,10,44,83,99,23,84,9,97,67,62,4,32,40,30,99,39,71,81,94,13,57,63,54,66,73,17,46,26,34,66,17,50,85,73,28,0,3,64,88,87,0,24,32,52,18,11,28,1,83,19,91,82,85
95,79,39,97,71,19,32,80,1,44,59,9,18,76,68,29,75,39,47,37,90,25,16,71,60,65,17,23,28,57,66,70,98,35,12,78,35,95,83,18,37,14,58,94,73,58,95,5,94,32,23,40,68,25,49,84,57,46,1,85,47,54,93,23,57,24,77,72,73,17,40,14,91,62,78,93,11,7,45,51,77,57,70,72,97,77,63,87,19,63,83,77,80,24,99,7,100,5,91,79
58,18,22,12,37,12,39,83,3,51,96,1,99,86,56,93,47,9,26,76,45,11,98,27,9,81,85,22,52,96,100,28,68,45,7,60,100,42,87,81,83,8,79,51,44,80,73,1,65,50,61,92,69,84,7,77,29,53,0,38,55,77,68,63,56,26,53,35,1,46,67,26,3,33,20,87,73,0,24,31,71,74,84,94,31,83,4,27,77,51,30,74,14,60,68,31,67,19,88,40
27,70,34,47,18,57,21,26,100,65,58,28,15,62,44,41,39,58,25,94,25,41,25,85,84,57,88,62,50,14,32,7,39,25,25,18,14,70,24,28,51,56,62,14,66,69,16,15,54,62,78,52,6,8,93,97,2,94,54,94,15,37,87,72,20,64,80,92,50,28,45,100,26,100,96,30,48,9,99,20,74,64,16,61,12,25,77,97,75,65,80,28,79,76,96,66,33,30,97,16
0,3,92,34,58,87,32,74,62,22,20,83,36,11,29,82,2,53,61,58,20,81,67,79,43,52,96,78,78,18,12,69,77,57,56,65,78,29,79,53,100,43,75,93,38,34,19,51,96,3,97,61,78,70,2,56,1,0,52,22,80,38,7,67,90,37,94,16,16,4,4,37,52,60,3,84,11,29,92,27,10,56,37,59,52,20,25,79,18,6,62,38,84,42,25,56,37,4,80,82