11,74,28,0,0,64,22,1,14,93,45,42,29,28,10,77,47,18,89,31,37,39,87,27,61,6,79,8,47,10,3,81,22,47,97,73,33,60,90,60,79,16,80,3,45,38,45,86,91,17,22,85,98,9,45,89,70,34,57,36,91,21,32,72,24,92,33,27,65,87,79,1,43,85,97,90,84,71,21,4,83,32,69,18,51,35,84,14,60,56,34,97,80,66,76,33,49,30,16,97
64,54,7,19,44,90,80,65,99,52,1,15,15,37,31,72,92,26,66,83,77,93,0,6,69,76,24,4,94,33,78,95,42,76,26,70,10,46,65,35,52,52,98,71,63,88,56,55,100,99,84,23,1,79,59,20,85,81,73,86,10,6,44,64,8,53,41,60,87,12,28,98,79,12,16,27,97,38,53,37,44,61,99,87,5,0,29,87,61,7,39,82,66,87,24,2,32,35,11,37
67,18,22,61,53,89,92,61,24,86,52,30,95,83,51,36,46,37,14,75,70,61,24,92,78,39,89,69,34,67,43,32,78,8,11,60,33,35,93,14,72,76,6,1,80,24,52,69,46,11,81,76,71,58,86,29,7,18,45,28,67,36,7,99,28,71,52,64,38,53,64,84,84,59,96,78,65,89,23,18,79,16,65,60,21,28,69,96,89,72,20,31,15,87,84,27,15,77,95,94
91,7,27,99,84,45,63,55,98,62,20,74,33,71,59,39,28,34,89,77,51,53,23,45,92,72,71,67,68,4,94,43,61,55,20,75,92,84,67,71,49,28,86,98,42,65,35,71,16,39,76,66,87,0,79,84,94,92,66,95,20,83,32,92,75,3,71,1,62,12,23,26,16,10,48,92,40,52,52,73,69,44,23,14,11,93,20,26,10,29,18,99,64,83,29,91,15,56,49,46
16,95,0,91,62,73,33,83,68,77,60,7,37,79,4,73,63,65,84,92,77,49,66,61,25,71,15,7,91,32,79,42,31,4,87,33,6,29,36,8,47,79,10,58,72,39,53,81,81,27,81,14,50,39,0,72,8,94,27,22,76,35,32,100,5,92,84,67,62,51,69,80,60,36,41,85,87,44,85,90,77,95,96,69,68,8,34,7,99,66,46,54,66,81,37,45,97,38,5,92
86,70,90,61,78,74,34,71,5,33,54,59,64,88,50,17,25,78,23,47,22,4,62,58,45,41,62,95,6,71,59,14,90,96,25,7,78,32,61,57,64,89,45,26,29,11,57,11,96,43,94,77,67,60,24,23,6,80,9,73,49,47,98,25,32,52,12,37,74,66,94,34,64,15,13,38,79,14,1,70,21,1,83,58,38,64,35,94,46,6,58,48,86,95,86,82,66,83,54,38
2,17,16,50,5,59,21,61,13,81,79,99,16,35,15,95,98,31,67,89,28,34,19,85,89,82,6,15,25,33,22,47,32,68,72,56,86,25,87,12,1,94,87,76,12,4,6,58,73,64,57,29,46,86,44,37,53,23,39,68,54,44,91,61,52,21,13,80,15,49,43,82,77,78,99,33,32,40,38,28,10,39,55,53,69,67,61,94,68,50,83,86,34,50,67,100,50,34,35,24
44,100,16,42,66,29,39,7,67,100,83,22,41,25,1,7,20,96,26,30,89,72,77,28,61,18,72,11,21,0,79,66,30,45,48,68,75,55,98,1,68,28,13,28,3,62,79,4,61,94,16,47,62,29,48,32,91,63,80,23,67,27,82,39,95,68,11,10,83,14,62,93,74,32,28,19,77,9,100,10,56,94,21,30,3,19,17,59,44,14,28,80,88,78,69,68,72,31,19,83
56,50,83,23,52,28,80,54,10,68,23,41,91,42,56,42,26,6,86,99,49,49,99,92,72,0,79,63,63,14,29,75,25,53,17,78,98,73,95,48,63,99,78,1,4,57,23,98,83,17,71,63,63,64,32,47,82,100,57,43,37,20,15,49,45,72,72,81,26,7,19,68,99,59,91,54,35,13,91,36,6,77,81,87,22,92,27,7,55,60,66,29,36,73,54,62,40,20,48,57
23,51,84,66,9,30,96,12,2,35,23,21,29,46,23,23,40,14,16,33,95,27,17,32,86,98,95,82,59,25,31,45,37,12,44,21,57,90,41,15,58,75,9,84,94,19,94,36,41,62,2,44,11,100,56,80,20,96,96,25,93,14,96,44,51,12,71,74,63,63,64,57,17,42,24,25,35,35,65,30,4,97,1,40,1,32,10,89,40,87,80,2,2,34,91,25,4,66,34,5
58,19,87,76,25,100,19,96,29,63,46,24,11,64,33,16,32,54,77,87,35,52,29,19,28,43,79,59,98,98,37,94,78,41,66,89,89,79,83,3,97,69,93,56,33,71,18,89,41,18,25,14,6,87,1,88,89,37,94,75,59,76,58,13,82,46,97,88,30,47,89,29,8,84,73,19,93,41,95,92,3,1,62,78,10,82,59,36,3,44,18,23,97,61,26,18,0,64,47,56
51,60,37,52,93,84,9,46,61,42,59,64,49,92,8,13,71,91,44,89,1,41,2,62,8,21,75,18,9,52,38,88,12,14,51,23,62,34,46,53,72,50,50,61,70,31,83,97,25,25,10,48,32,43,74,63,85,89,89,100,37,73,92,19,79,99,21,9,56,86,3,2,62,96,45,85,0,22,44,26,27,96,37,13,41,67,77,18,0,40,37,61,40,88,76,92,26,54,99,26
86,100,1,79,87,64,43,41,100,19,78,92,58,50,70,14,27,14,48,43,62,47,44,15,68,21,37,42,14,84,78,19,83,98,70,78,7,88,64,0,30,10,82,2,75,14,24,84,88,14,90,70,35,37,56,92,73,40,8,63,36,56,68,34,49,2,54,14,5,46,46,59,10,50,61,74,4,13,92,16,92,62,93,7,27,20,48,75,62,94,69,55,85,45,60,72,31,28,84,86
93,96,77,19,73,6,40,29,84,82,81,16,17,90,32,35,3,51,27,18,25,89,34,71,87,50,62,92,37,74,59,15,12,49,76,92,54,59,96,19,85,99,61,58,13,91,71,69,7,79,100,67,79,80,84,23,73,80,62,87,12,42,19,77,20,58,68,85,84,99,38,0,28,90,18,97,71,10,40,29,72,53,1,64,6,19,31,79,69,4,7,54,48,87,42,36,7,71,30,14
94,41,96,58,51,35,3,49,7,49,42,35,83,36,43,91,37,66,41,12,9,84,65,5,6,71,43,98,50,99,2,40,65,88,64,56,38,34,89,79,77,85,85,65,33,25,69,83,30,45,61,12,22,18,35,29,24,56,85,30,80,87,29,77,89,61,34,16,50,31,25,73,64,31,8,51,6,6,81,70,68,81,94,14,14,66,47,82,65,72,68,99,79,51,24,13,19,9,20,12
96,2,45,78,20,71,21,84,66,16,99,55,17,84,87,59,77,80,8,72,27,44,83,71,87,40,43,60,13,5,87,18,80,14,36,42,65,95,59,46,77,56,60,80,35,73,50,89,73,50,80,91,43,19,85,15,93,29,72,5,38,88,90,8,30,43,32,20,67,78,18,10,12,12,81,52,23,26,41,76,73,44,93,23,73,41,29,17,40,88,78,64,48,48,93,30,78,39,89,42
55,36,57,91,59,11,73,20,19,95,12,2,39,11,21,100,97,89,79,2,77,67,98,41,56,33,11,60,58,60,63,28,76,78,16,26,30,3,44,87,97,31,76,14,50,67,53,59,88,52,3,18,89,86,84,3,28,99,82,24,29,77,94,28,65,91,32,56,9,17,37,83,26,37,35,57,89,64,86,18,52,67,63,94,67,29,28,14,76,23,34,11,69,80,76,18,50,85,45,59
85,24,8,92,82,47,49,33,33,16,44,13,28,96,99,54,9,67,22,24,52,22,58,97,48,91,59,41,98,13,11,73,24,48,89,7,26,66,100,100,93,90,96,53,99,60,94,95,14,0,2,42,86,40,29,65,10,33,69,82,86,28,35,90,13,55,38,48,94,70,21,18,16,63,89,3,94,42,14,2,30,75,5,10,19,9,21,9,94,72,89,73,37,74,79,14,49,76,18,53
24,65,76,75,99,27,20,54,77,10,7,60,34,98,72,58,78,61,94,41,40,99,17,78,61,62,2,43,93,0,45,44,27,79,27,86,63,89,13,36,41,25,5,53,68,14,68,24,66,100,25,22,93,60,1,17,97,88,59,86,20,11,60,17,45,75,75,79,25,20,22,37,87,68,61,57,35,96,22,32,5,42,98,49,33,8,93,35,42,34,88,24,98,75,33,14,8,12,83,54
30,40,13,36,44,19,62,21,62,36,89,18,7,21,69,36,16,60,40,4,90,62,60,63,78,19,82,29,40,91,30,86,56,82,31,93,26,29,22,11,17,52,11,71,22,44,60,1,44,100,95,4,0,47,81,30,99,96,100,28,25,98,54,76,86,36,5,19,94,14,28,32,61,44,85,86,75,34,98,18,94,48,84,83,67,8,25,92,70,76,95,90,23,88,41,74,79,40,95,81
5,63,3,73,33,65,20,7,94,78,66,30,53,26,61,44,27,12,48,80,96,30,0,63,11,96,96,54,49,37,66,71,91,82,17,52,75,22,81,27,100,97,69,94,47,63,81,22,72,89,42,10,39,58,42,96,80,52,51,1,38,17,80,1,12,57,15,99,69,75,63,57,82,13,8,91,49,25,54,26,98,22,8,39,53,31,4,66,30,73,31,3,21,79,85,75,33,63,7,13
97,96,25,3,74,100,83,17,9,97,25,1,100,21,91,29,80,58,66,75,12,84,41,68,5,92,68,4,13,76,27,9,17,6,60,69,100,51,27,85,9,61,47,45,40,62,9,31,79,62,7,54,67,6,21,54,78,98,81,24,51,6,100,83,37,44,56,83,30,24,84,83,53,42,33,14,96,58,84,1,58,96,11,56,57,79,49,48,48,49,22,19,2,65,30,82,56,22,19,42
35,99,56,81,93,87,76,18,54,35,87,42,94,46,85,29,54,21,69,66,83,84,91,19,55,13,25,26,0,4,34,70,89,50,94,32,17,85,92,89,25,5,31,98,50,96,51,21,93,79,14,73,94,60,59,20,9,10,21,55,82,25,73,15,54,45,41,46,81,37,51,50,51,33,7,78,25,81,74,13,3,59,38,31,5,44,43,24,100,15,79,43,97,61,67,68,63,92,40,14
1,7,24,26,10,90,46,89,99,0,84,57,83,32,67,86,30,20,67,41,5,97,44,30,34,94,61,55,35,10,43,67,88,95,0,49,5,56,67,69,34,46,95,93,48,87,27,12,10,67,49,91,3,62,40,36,89,75,92,54,51,72,100,12,91,13,19,32,58,17,1,73,83,36,22,68,99,60,39,59,17,44,79,76,58,1,45,15,35,48,85,96,7,51,65,61,9,63,59,48
10,17,33,24,4,2,40,8,69,33,88,62,15,9,66,24,64,32,40,24,38,66,44,97,74,20,41,29,8,84,14,16,82,78,36,100,92,84,71,25,11,17,2,26,41,16,24,72,37,92,18,50,14,75,57,30,30,45,25,14,93,46,54,68,20,8,87,33,74,89,43,42,56,51,87,99,84,0,4,93,30,67,86,92,81,16,40,30,76,47,13,35,88,1,89,35,9,92,8,99
78,93,55,82,18,43,53,69,34,75,44,25,36,46,22,22,64,35,61,80,47,31,85,36,30,62,45,98,60,51,85,12,59,73,21,55,69,16,95,83,93,0,46,79,34,44,64,46,74,46,92,85,13,4,23,69,77,78,88,51,69,66,78,59,84,72,25,50,80,14,46,14,39,26,29,23,94,38,12,5,28,70,74,77,35,82,11,72,68,36,35,21,4,28,16,54,13,64,18,44
94,79,6,2,49,54,67,79,20,83,4,2,29,45,59,92,64,29,5,19,13,73,64,73,40,65,57,50,80,81,86,8,17,27,8,11,24,20,74,99,60,34,39,25,98,46,35,51,57,84,34,59,83,71,7,3,95,93,98,5,77,61,24,49,52,76,67,9,70,55,25,90,98,97,55,63,94,5,96,95,95,66,90,13,48,0,37,73,27,86,5,32,38,91,72,56,38,54,51,69
78,16,46,89,5,93,16,65,19,81,10,74,44,2,93,56,6,96,46,92,46,7,82,78,90,36,98,93,44,37,73,60,35,20,20,100,83,76,45,23,85,100,86,66,9,52,44,51,37,0,0,35,91,64,80,64,14,96,30,14,53,31,2,100,7,92,93,64,11,30,4,1,47,44,29,34,82,17,1,82,2,23,65,20,43,64,76,36,89,43,33,55,85,43,99,91,29,83,63,18
52,10,76,84,73,49,62,48,11,9,31,36,2,52,27,58,88,80,18,36,44,98,94,92,18,73,41,77,87,71,53,56,56,64,10,41,34,47,8,63,15,62,1,22,26,40,18,43,50,52,5,29,62,52,96,77,59,48,68,64,94,64,60,81,6,60,20,21,53,8,27,76,70,62,34,22,6,22,28,11,68,4,85,53,54,11,86,7,23,60,75,30,60,99,63,4,78,15,20,19
54,87,85,9,36,91,7,2,9,21,52,70,2,88,92,64,44,52,78,30,80,19,16,41,57,24,83,26,22,55,73,100,62,62,48,7,32,4,63,20,28,54,57,99,87,16,66,15,82,14,16,77,41,7,35,44,20,99,83,66,72,86,55,30,50,45,85,88,42,95,43,80,19,25,6,74,93,92,51,77,38,51,5,64,0,49,53,62,45,5,35,95,72,64,66,34,73,72,85,19
63,16,53,62,58,50,24,14,63,45,99,32,35,66,97,89,66,6,55,30,48,95,65,41,63,90,50,5,36,73,44,9,20,16,31,78,54,44,11,57,72,58,100,98,86,88,16,4,91,5,80,3,80,99,99,83,43,25,30,64,89,59,7,15,58,30,87,54,22,14,38,42,76,30,77,20,26,65,72,47,47,57,66,58,12,45,23,68,61,0,61,61,59,73,51,59,10,57,4,67
93,85,15,92,97,83,16,82,9,28,54,37,84,46,61,63,13,62,48,97,16,71,92,28,78,81,2,67,49,20,33,2,2,44,42,0,64,87,62,72,15,5,90,8,35,90,13,0,22,11,70,69,59,73,39,46,6,50,16,95,66,45,38,68,46,74,89,32,32,42,23,10,88,34,37,86,24,12,35,100,59,0,83,87,96,37,66,29,99,47,31,37,69,95,86,28,99,64,22,19
96,93,80,4,27,77,30,30,53,78,88,48,37,48,38,7,76,15,95,67,2,65,10,59,71,61,38,26,7,61,71,67,84,29,49,7,36,31,19,22,51,9,89,35,28,92,23,65,25,90,12,92,31,8,33,38,71,68,43,93,0,55,2,25,78,26,89,48,73,94,22,35,2,36,33,45,70,26,64,83,100,0,17,15,46,81,78,50,65,42,60,86,14,23,3,99,7,90,57,46
98,59,26,22,75,26,95,91,47,23,84,45,83,81,44,75,31,14,41,61,96,46,32,95,26,65,81,66,42,40,5,16,4,24,56,75,38,96,26,80,10,90,86,90,21,42,94,91,35,95,4,40,62,50,20,44,53,6,57,33,84,89,26,74,37,5,12,45,20,36,1,54,56,6,54,32,46,80,7,91,64,7,20,33,15,58,12,7,98,33,100,85,34,13,8,42,21,47,91,63
70,64,71,19,65,62,12,23,31,63,5,42,81,78,9,91,74,91,9,19,90,96,19,56,61,42,52,57,19,96,70,98,20,93,52,95,2,24,79,37,43,82,39,44,59,14,2,30,14,44,15,73,48,57,48,69,67,75,79,73,51,61,2,71,95,3,45,72,41,63,57,97,37,34,43,60,43,100,77,90,3,6,68,10,74,82,17,35,12,61,79,50,7,76,98,53,22,38,15,64
15,61,8,5,68,52,60,1,90,92,46,51,20,0,51,37,93,45,7,90,65,80,49,27,3,11,18,76,24,35,7,33,13,71,97,47,51,57,15,40,97,35,34,36,52,45,6,79,62,36,85,97,19,27,14,5,21,29,59,86,23,70,25,12,54,17,73,13,95,72,81,6,22,18,66,6,10,10,1,99,43,100,40,3,99,50,71,74,15,25,54,9,21,69,13,96,34,71,71,4
6,61,23,35,40,98,37,1,37,88,72,96,80,95,45,28,18,4,70,13,61,35,7,91,100,76,48,82,63,24,93,99,51,14,26,31,82,43,91,100,0,29,88,71,27,21,26,18,68,86,66,98,74,15,26,35,41,88,36,98,38,28,58,25,47,62,15,22,97,71,75,88,41,24,76,41,34,94,96,28,40,4,49,96,4,49,74,30,10,62,80,87,57,89,89,38,24,62,69,12
96,17,9,33,92,25,13,12,73,73,29,91,26,63,84,11,27,43,58,73,34,83,33,22,86,60,55,45,28,51,65,37,50,62,75,21,90,8,36,37,56,36,59,76,28,52,65,4,61,88,45,41,9,83,34,62,42,52,27,58,55,80,26,9,9,79,56,16,91,95,42,24,46,38,54,69,74,12,7,64,76,56,2,44,30,12,0,37,43,47,68,80,37,38,14,40,99,93,33,31
11,55,94,83,0,46,97,66,88,32,77,70,85,48,10,33,8,86,7,27,79,46,28,57,78,31,91,24,12,80,55,15,74,95,62,51,9,75,11,4,14,28,91,6,55,77,60,9,62,20,93,68,59,46,10,82,84,82,31,87,15,67,72,24,93,23,29,12,5,71,69,82,22,88,86,98,92,9,92,2,6,73,65,45,74,52,63,42,96,12,18,24,97,93,9,74,3,41,1,72
71,49,32,35,93,34,100,73,80,83,39,16,17,23,63,13,32,97,72,16,53,36,91,24,4,93,97,4,71,95,45,6,22,76,15,80,77,41,89,30,76,17,60,25,30,23,5,12,54,93,22,36,23,21,84,26,97,3,85,28,12,40,34,59,84,8,39,98,39,38,91,61,52,19,50,96,49,87,2,15,43,52,32,43,64,49,94,71,36,77,2,34,18,59,39,48,81,85,1,63
63,19,43,69,91,30,17,63,21,19,46,29,18,34,90,40,85,14,85,66,45,32,79,35,86,43,25,23,36,98,29,33,47,88,22,5,5,52,47,76,1,79,63,1,23,14,93,74,66,14,89,26,10,19,70,14,13,85,15,100,30,48,98,76,90,32,74,81,12,56,22,89,26,57,75,43,88,23,40,28,51,23,14,63,54,73,78,51,34,83,12,29,82,55,11,94,88,88,71,74
57,83,83,2,28,21,42,7,21,41,32,66,80,38,7,60,25,41,62,33,33,95,93,66,46,22,30,75,82,2,90,17,69,57,81,79,66,80,36,81,57,84,96,1,39,45,45,75,47,1,61,60,96,96,98,88,82,21,80,39,7,80,84,73,50,46,8,13,12,24,15,97,17,40,78,99,86,47,74,37,94,67,94,74,28,96,26,22,70,4,43,61,25,79,10,19,95,99,8,53
44,19,76,16,29,46,36,19,35,53,32,46,45,57,82,22,42,78,63,71,90,44,52,0,91,29,33,82,66,44,43,47,89,55,85,34,12,16,94,99,57,16,63,74,50,49,75,92,53,25,48,41,60,42,26,24,10,13,50,23,89,88,10,68,70,56,69,96,1,6,13,16,86,96,67,53,43,87,1,68,42,54,4,29,30,57,61,15,80,50,13,56,86,50,95,79,88,30,54,82
51,15,20,77,49,40,55,24,6,16,74,34,15,86,7,64,15,48,73,32,32,92,58,55,63,30,16,99,93,88,59,42,33,59,96,99,75,4,18,73,43,23,96,46,31,10,2,42,98,43,87,34,9,92,98,92,74,43,66,58,74,46,66,43,62,87,76,82,46,5,41,22,65,25,92,15,61,63,34,3,3,47,41,12,5,35,33,72,61,83,9,87,46,48,67,98,13,35,94,60
65,54,53,90,6,100,22,12,85,8,60,83,67,49,23,67,23,4,41,26,63,63,53,73,24,100,47,91,72,35,22,27,60,79,24,92,7,18,80,57,4,23,43,30,43,96,69,77,74,68,85,40,32,84,59,4,60,20,64,10,89,8,94,61,77,48,21,43,98,50,3,65,32,18,100,71,2,98,68,1,17,45,77,62,2,44,45,83,97,43,69,3,43,83,51,56,94,60,19,70
96,68,23,22,40,12,6,4,35,54,73,22,75,4,19,50,8,90,76,85,6,49,39,21,28,96,91,77,57,1,14,13,99,65,59,25,63,52,10,72,40,58,59,73,43,44,87,33,40,19,25,77,90,15,52,90,5,66,76,24,93,77,89,53,66,33,89,15,55,32,0,8,5,63,11,8,8,51,45,58,79,74,83,43,93,2,97,30,78,1,49,31,42,34,14,52,44,39,78,19
40,58,5,20,34,31,35,78,86,31,16,14,3,33,90,83,19,59,88,19,4,27,74,82,38,90,53,27,65,81,95,59,56,76,17,26,35,6,9,53,66,15,71,43,19,70,28,82,1,18,78,96,71,69,76,10,96,5,23,89,96,61,64,89,44,73,56,97,56,84,44,84,8,91,54,41,7,82,16,27,50,60,11,47,46,82,55,72,11,39,9,88,67,3,39,85,83,41,79,33
74,0,95,44,19,61,86,20,67,98,11,60,68,35,22,18,81,8,18,63,14,57,82,34,0,15,69,55,75,96,20,83,10,1,7,25,6,86,14,77,14,24,61,87,47,92,68,60,52,66,78,94,78,35,66,51,90,3,70,10,72,48,43,36,100,43,97,46,74,41,55,42,15,34,5,67,15,100,89,62,31,55,98,12,65,92,77,51,58,29,64,55,46,70,56,49,39,87,4,73
33,17,58,37,85,35,80,36,84,37,16,16,74,68,24,98,100,78,82,92,28,95,43,55,53,67,15,8,40,41,87,42,34,90,5,57,20,59,27,67,89,62,58,92,30,10,16,29,73,23,36,8,37,44,39,25,25,71,23,74,65,1,5,57,35,32,13,62,90,68,40,18,86,97,66,57,48,16,5,28,12,25,24,85,68,7,53,2,56,26,6,16,81,34,56,69,42,36,92,74
26,21,49,69,90,37,89,36,40,35,13,75,26,67,83,7,44,35,79,25,85,5,10,72,63,48,12,84,51,47,21,47,76,96,77,90,23,31,83,76,98,76,38,12,22,10,95,31,19,40,90,24,74,10,49,4,2,21,83,76,27,84,46,79,48,54,48,39,2,71,40,54,100,73,7,85,89,18,77,46,42,86,68,79,20,80,37,88,0,79,42,35,17,7,6,69,45,49,54,32
85,58,91,36,91,60,36,0,100,98,9,68,94,8,52,38,44,66,46,65,1,51,13,71,60,8,41,84,48,83,98,86,40,21,7,22,93,47,41,42,56,86,80,16,59,92,58,42,87,81,76,24,28,38,4,4,10,6,6,64,59,7,61,13,84,95,36,47,28,77,69,100,78,50,17,58,100,55,30,56,15,81,16,50,6,8,67,36,69,89,40,86,50,91,93,48,24,56,89,21
98,98,10,43,26,44,8,96,68,41,89,78,5,16,65,22,95,58,71,81,60,95,75,31,74,17,34,30,59,76,6,16,88,48,4,53,60,95,76,4,74,82,21,42,45,94,33,8,85,35,83,1,90,3,61,95,7,20,64,2,23,3,87,30,41,42,27,1,74,75,18,16,96,33,48,49,3,80,99,53,42,20,5,27,42,23,52,69,59,50,26,53,43,48,65,36,91,86,41,12
96,58,14,41,2,41,87,49,91,53,79,47,21,44,0,64,6,77,12,39,35,67,55,44,36,72,58,90,61,65,4,57,33,52,53,35,55,4,6,0,43,96,63,31,65,43,100,28,12,12,45,100,20,66,100,11,13,85,12,6,14,21,55,1,38,86,55,26,87,41,86,66,78,45,15,75,8,29,44,73,88,4,39,36,83,91,39,98,60,0,60,54,0,47,36,90,24,49,95,35
57,74,59,17,88,32,60,40,69,68,40,90,12,34,81,40,96,26,66,13,87,66,10,17,18,44,3,20,32,9,93,99,15,58,47,21,54,7,7,11,29,74,53,81,11,11,8,83,76,22,34,36,63,10,42,20,63,98,9,53,97,89,73,65,23,34,35,23,43,58,9,76,13,29,14,77,76,58,100,29,31,92,52,83,73,4,66,65,47,65,80,6,20,49,53,29,59,91,99,50
93,60,8,57,0,23,56,57,50,16,64,88,57,11,87,60,70,43,68,26,28,24,76,55,67,37,46,1,14,82,25,52,23,81,75,66,52,42,73,74,9,23,72,87,49,89,22,32,17,65,6,8,69,90,77,15,98,32,90,85,30,4,22,38,81,42,14,62,84,74,10,19,21,55,60,0,46,21,92,99,57,17,55,9,66,30,49,36,100,73,39,81,34,73,70,68,23,47,1,18
31,62,33,91,94,70,52,1,58,10,73,84,62,32,61,36,67,51,43,73,72,83,82,64,96,22,1,31,21,48,76,12,21,90,90,28,67,37,100,51,27,21,2,77,86,34,88,97,72,80,11,46,24,23,60,6,20,30,76,87,36,98,12,3,49,27,49,61,74,73,72,14,92,1,2,93,23,80,45,32,41,76,7,70,17,78,10,77,1,61,71,52,84,19,5,84,2,94,92,92
5,67,95,47,88,80,89,2,67,27,86,53,100,23,88,66,66,84,14,13,70,13,1,67,63,69,3,82,64,54,28,11,71,2,10,68,34,77,28,27,75,83,4,10,55,95,29,68,26,24,4,0,87,27,46,21,96,28,9,80,63,92,27,14,100,72,34,71,4,53,43,27,56,42,64,75,93,32,80,54,41,21,100,37,41,33,52,47,93,32,62,79,48,89,0,83,17,19,24,36
95,38,89,92,94,75,6,77,1,78,8,63,20,72,21,63,66,28,69,4,26,20,78,4,32,57,69,36,21,60,82,59,89,6,73,18,30,14,57,91,55,51,62,49,82,64,79,18,54,57,51,91,73,71,34,97,45,6,2,29,10,31,72,7,92,24,47,34,15,85,54,98,98,42,32,57,3,49,20,53,67,49,59,54,48,63,94,61,96,9,45,96,16,10,42,16,4,79,93,46
23,9,16,99,98,99,45,73,96,13,64,68,61,21,39,73,45,12,51,68,6,79,28,38,28,22,66,20,42,56,40,54,55,87,44,14,63,14,35,19,53,34,51,41,17,87,16,99,33,6,24,39,39,81,14,88,27,20,22,15,6,66,11,81,70,19,67,90,30,91,59,17,87,61,50,48,28,92,84,22,30,88,62,59,57,29,20,74,81,19,16,31,78,75,56,5,58,69,56,72
12,3,21,91,93,90,51,66,60,98,93,55,12,37,74,34,97,5,12,39,86,54,95,38,41,56,58,49,50,68,87,62,70,12,24,0,25,0,31,23,97,5,6,18,2,27,13,2,24,95,36,15,17,55,25,35,22,44,17,54,89,95,48,84,71,67,28,98,51,43,74,31,94,88,78,98,56,4,89,50,55,84,22,52,44,81,64,96,74,24,37,97,73,56,35,22,93,90,14,32
33,24,41,59,59,98,82,31,18,64,30,87,3,80,68,70,79,50,21,78,13,30,29,53,2,58,7,23,8,82,17,91,34,75,99,57,21,18,31,5,89,45,43,10,75,6,46,36,75,72,12,67,89,42,28,48,4,70,100,5,78,81,73,90,34,4,8,86,44,54,80,46,38,19,57,21,2,26,74,77,17,48,47,31,1,28,23,30,78,27,79,6,12,49,42,89,59,69,41,32
63,70,87,33,60,60,4,39,31,62,97,27,37,92,0,37,98,80,12,80,14,93,27,50,27,79,11,36,7,65,36,37,14,17,79,68,41,23,92,40,59,25,43,3,98,1,1,29,84,22,5,6,73,36,85,39,55,8,49,4,61,67,71,67,92,54,0,13,98,75,62,52,0,85,8,18,30,99,36,82,12,43,39,90,87,8,16,30,55,63,98,9,60,85,15,98,97,70,9,54
66,26,25,85,80,91,17,96,21,85,7,0,21,88,6,96,76,84,36,78,43,12,86,32,66,26,87,0,62,67,39,33,19,69,95,67,26,35,0,85,87,77,34,43,50,87,62,48,44,6,39,53,59,9,10,100,37,73,16,83,25,55,98,64,56,29,94,54,94,79,17,9,66,13,65,39,54,61,55,51,37,29,70,77,15,33,42,9,86,94,87,18,21,96,23,56,94,0,32,62
15,68,36,44,70,21,55,19,9,95,13,26,63,69,65,27,50,23,45,51,87,98,61,87,48,44,25,2,98,87,75,32,19,98,1,19,54,32,46,20,92,88,5,68,49,80,1,24,36,12,14,43,57,60,79,19,67,44,84,31,18,55,22,33,35,60,20,99,68,36,5,2,58,73,95,65,28,12,6,91,6,68,37,66,15,59,96,28,5,66,86,18,96,47,14,67,34,47,65,37
90,84,46,71,7,43,80,60,42,35,58,61,47,63,51,77,85,79,61,57,58,55,89,29,85,93,43,23,36,38,95,5,60,67,46,78,54,59,41,100,96,46,93,69,92,83,36,1,0,69,83,61,72,84,1,23,58,57,42,82,5,88,11,97,72,85,58,67,57,88,100,49,82,13,78,15,67,95,6,53,83,85,15,98,44,95,25,47,52,78,12,37,43,2,10,98,13,56,54,46
34,20,14,61,91,13,7,66,67,21,35,26,89,69,79,94,13,96,29,95,37,33,95,65,61,36,52,14,88,4,49,99,93,52,4,67,16,54,86,39,76,62,14,63,7,10,70,59,8,30,84,32,75,92,23,45,65,93,81,93,5,82,71,100,36,56,42,2,71,89,91,6,29,0,0,86,36,79,63,93,20,74,46,57,79,37,51,66,44,90,65,39,72,10,23,94,22,27,32,49
58,63,13,99,83,79,3,21,37,11,37,21,87,72,39,36,28,27,59,40,83,23,34,59,45,98,28,1,66,0,27,36,83,96,74,50,29,24,57,79,73,30,79,47,25,54,52,10,11,76,18,3,76,41,40,19,31,83,68,60,34,24,22,5,73,72,75,25,79,51,72,50,74,82,2,78,42,13,12,35,1,9,6,99,54,78,37,81,99,68,7,78,64,55,13,86,55,83,69,95
26,12,28,78,23,47,1,9,66,37,91,6,47,14,51,51,88,42,31,1,27,7,66,73,80,43,3,71,18,34,65,28,12,31,96,94,62,60,84,58,8,7,13,15,10,48,62,82,63,78,87,35,3,16,57,88,91,85,67,92,74,13,4,59,61,36,55,77,14,87,83,54,6,36,15,9,11,86,35,16,9,21,82,46,60,31,5,12,95,81,73,70,68,51,97,2,2,44,51,51
68,69,74,33,69,7,6,80,74,61,65,75,27,77,2,7,9,8,99,22,43,50,30,96,85,58,34,77,100,60,100,20,89,92,40,24,75,31,36,3,44,96,87,21,67,32,29,26,85,19,24,16,43,76,37,94,67,93,58,54,53,32,99,7,46,71,36,42,31,91,96,97,13,85,96,48,65,47,1,57,88,84,83,85,80,55,98,93,74,42,56,82,65,8,86,34,59,65,89,96
67,29,28,62,80,71,79,60,64,17,0,85,34,45,60,31,55,13,9,49,89,70,53,82,54,40,61,37,86,52,35,55,76,36,44,87,51,82,82,49,70,98,30,40,54,79,92,95,94,10,84,64,92,73,61,37,61,79,22,52,76,97,42,27,58,82,30,67,81,42,79,85,71,31,20,85,64,20,60,86,41,21,71,96,33,6,38,38,35,37,64,7,21,28,47,94,78,32,53,32
11,95,44,12,37,56,44,44,83,1,1,45,11,40,36,5,83,72,7,84,79,92,12,2,75,36,72,47,39,24,58,15,63,50,36,85,52,2,76,19,85,90,6,15,37,89,79,93,25,72,9,11,16,67,79,22,79,60,78,36,71,2,75,6,89,39,5,45,40,31,25,46,43,29,73,86,11,27,51,84,35,0,23,73,6,92,15,61,28,19,93,33,86,41,62,67,96,21,19,27
39,73,6,25,23,39,44,59,55,41,8,41,46,56,62,74,58,62,63,87,74,86,50,10,23,21,11,75,25,67,44,89,49,89,82,55,67,32,39,50,10,67,43,55,98,30,88,6,54,25,50,19,59,3,90,55,21,1,30,25,77,46,12,83,50,74,52,10,87,24,71,67,43,16,45,18,99,58,63,92,64,18,40,68,88,16,7,53,34,76,91,71,10,38,19,8,41,15,99,25
84,13,11,39,56,79,82,6,50,26,78,81,15,13,94,28,98,23,13,78,72,82,56,39,60,25,99,55,64,3,78,90,78,80,63,62,25,82,78,56,63,45,57,41,55,1,53,3,65,0,57,61,44,57,72,7,2,81,26,38,12,16,91,100,23,76,49,70,61,54,32,51,59,70,7,9,36,65,93,89,77,89,15,17,63,59,34,91,87,8,9,24,85,99,86,40,75,21,73,67
90,85,36,33,94,80,40,78,86,92,55,55,31,16,58,10,12,99,4,91,79,35,6,17,92,91,89,29,48,7,18,43,67,54,17,43,68,42,50,53,72,61,44,9,5,100,45,61,92,7,61,87,11,36,85,28,7,58,71,100,19,95,32,14,75,56,20,59,20,26,91,14,16,66,64,74,77,49,57,7,97,62,84,7,8,35,76,91,58,0,69,80,82,27,39,60,40,26,93,10
1,72,13,25,7,56,18,26,93,76,26,36,39,21,64,97,19,79,61,7,15,83,94,58,15,71,95,83,38,52,56,90,53,57,57,7,25,73,84,52,26,94,17,55,5,55,92,8,26,49,88,37,8,51,96,75,84,46,97,14,12,70,43,67,56,66,3,54,14,32,72,53,3,52,50,51,92,47,10,63,44,92,41,0,84,11,37,43,57,30,92,64,33,93,69,54,89,27,5,8
14,24,37,76,64,84,95,63,3,46,46,21,54,82,79,18,57,92,96,1,53,100,76,11,13,6,69,20,70,53,64,65,48,36,62,49,72,99,63,9,55,86,17,69,84,70,63,54,0,10,79,96,58,12,40,97,32,87,16,14,89,88,91,42,38,53,41,47,81,50,18,31,44,61,77,48,39,65,17,60,53,32,94,52,52,40,2,33,91,29,24,56,61,12,57,76,100,77,37,68
43,86,78,39,60,25,5,38,26,29,62,74,60,64,10,9,81,13,2,71,81,13,66,42,22,7,5,52,50,79,34,94,22,25,64,9,52,61,17,33,35,5,24,36,5,85,52,83,43,0,84,94,94,57,67,71,100,69,84,15,93,97,37,57,5,92,82,96,3,65,43,83,42,7,64,93,14,54,79,16,61,33,12,89,66,60,1,53,33,27,51,18,73,32,5,78,39,39,11,86
44,75,87,39,96,36,46,18,21,96,94,94,63,77,74,93,46,35,8,42,43,0,52,74,16,97,0,66,8,32,67,80,33,92,28,48,69,67,85,68,10,50,50,78,41,88,77,13,34,63,75,97,63,34,69,6,63,54,76,47,58,18,57,56,69,37,55,30,13,57,29,4,73,58,30,83,97,9,96,78,55,87,19,82,92,62,24,91,53,21,8,30,93,63,90,78,33,13,42,22
0,59,22,79,58,96,93,28,54,3,34,20,98,66,6,92,8,1,80,39,69,8,88,21,89,72,80,97,34,60,95,0,56,67,2,91,87,56,92,80,80,47,36,39,86,33,87,63,78,17,1,77,86,15,44,85,38,0,1,87,36,34,71,78,22,40,23,28,38,27,46,28,13,34,9,72,87,35,16,10,12,96,96,21,68,13,48,70,7,23,67,72,73,11,12,27,61,4,89,48
5,24,29,80,18,85,11,48,75,8,41,10,38,91,55,74,72,57,26,27,39,41,59,72,79,31,90,20,4,22,57,18,34,96,11,97,8,1,15,4,98,88,11,97,61,36,47,75,8,4,25,66,63,87,83,66,7,24,45,11,43,30,86,68,71,1,31,99,31,11,17,73,74,28,84,22,52,5,94,16,99,88,81,0,86,36,72,59,51,41,89,10,65,83,89,92,13,57,95,16
86,89,51,66,86,83,10,82,65,24,88,30,98,23,67,12,57,39,50,100,67,93,40,36,38,2,46,75,28,9,65,68,68,5,60,89,48,15,84,24,63,74,34,87,64,20,19,45,93,68,3,19,42,91,85,65,54,34,25,14,51,89,55,70,47,78,96,59,43,48,82,76,9,62,90,14,93,89,97,11,36,52,35,48,91,87,46,33,82,38,86,11,8,1,32,87,35,0,12,72
49,70,48,75,16,100,19,40,65,53,50,79,66,75,76,51,100,11,29,30,33,19,66,26,39,76,3,58,7,29,76,86,89,33,91,42,10,80,10,70,68,3,36,61,22,93,54,7,8,54,85,37,39,16,90,65,50,43,73,52,92,90,47,76,84,19,3,21,62,43,11,9,3,44,4,33,27,3,79,72,77,8,15,23,96,46,59,69,80,91,22,30,7,93,19,58,12,49,75,89
70,3,0,31,39,5,73,54,98,99,1,18,45,79,84,94,62,24,19,41,5,22,42,38,89,84,47,31,58,86,43,73,8,52,48,71,57,37,49,21,21,46,73,100,12,5,36,93,1,59,36,20,73,42,20,45,38,81,85,8,46,43,69,36,2,76,74,49,27,7,27,62,76,14,100,63,50,13,41,37,85,43,79,95,0,58,36,77,100,34,23,24,56,91,69,65,98,44,18,25
91,30,86,85,16,53,46,57,14,61,49,30,73,35,72,68,53,56,56,32,72,83,35,41,88,15,10,95,4,60,22,37,32,62,80,20,29,26,45,47,100,79,56,25,24,20,39,55,94,51,24,7,95,3,96,74,31,24,20,71,92,69,56,25,33,67,27,43,26,34,34,71,10,74,28,9,99,5,100,62,35,20,30,13,90,59,77,40,22,4,13,56,40,4,79,16,37,52,52,7
80,84,65,94,2,59,100,24,83,15,0,14,86,53,74,54,88,9,45,22,0,33,100,59,92,25,20,35,46,35,77,76,43,81,61,94,100,43,67,7,16,23,50,13,52,90,34,86,45,35,100,39,96,66,14,8,16,53,45,37,17,55,70,43,86,27,88,24,39,14,16,75,14,61,39,19,71,37,36,5,87,51,79,1,50,72,85,24,19,96,97,88,92,82,37,81,52,30,2,88
20,42,85,20,32,66,50,50,68,58,84,43,72,64,53,72,30,58,44,96,7,0,50,8,95,59,3,4,21,96,51,23,35,1,77,81,70,31,14,21,56,35,81,92,50,79,89,46,37,13,20,96,93,8,21,77,69,37,93,28,14,26,64,15,57,69,96,93,8,100,15,85,13,33,83,96,61,34,75,61,85,77,36,4,80,39,77,83,73,89,81,82,68,7,56,76,51,2,5,5
43,75,35,87,21,45,35,22,32,12,45,28,9,19,36,45,65,86,68,66,56,91,85,49,39,73,68,35,99,64,37,16,32,81,68,48,93,68,57,15,82,89,50,85,4,64,58,54,39,92,57,75,9,57,34,20,55,73,94,40,11,63,48,44,82,38,61,29,98,89,91,37,4,16,5,32,33,38,61,75,53,35,39,40,14,38,70,37,56,88,59,87,9,34,51,89,35,18,42,8
46,58,18,36,96,81,91,81,30,72,35,81,58,71,21,17,46,95,87,15,26,89,0,71,22,21,99,19,51,71,39,78,77,81,8,45,73,29,27,64,97,83,41,16,77,54,48,29,93,80,64,73,21,41,78,58,64,56,90,33,60,16,36,26,93,35,61,32,73,33,66,93,40,89,97,24,70,72,41,93,50,30,72,73,88,25,59,100,59,42,50,33,9,90,42,29,93,85,95,100
18,0,94,45,58,29,3,6,37,50,2,46,16,13,8,91,59,81,5,72,9,62,13,73,24,46,88,67,87,1,52,41,15,37,23,94,71,68,93,58,7,64,53,84,65,92,80,42,24,11,18,21,43,73,74,41,67,69,40,4,50,70,59,82,100,94,0,62,100,54,68,46,95,25,86,57,70,46,14,51,43,54,98,75,27,57,40,90,74,13,2,74,96,45,21,35,66,29,97,6
14,93,0,57,1,1,2,29,62,73,36,42,72,41,13,4,72,91,71,74,48,28,48,49,98,94,54,78,86,19,10,31,100,22,76,38,23,97,95,15,70,91,32,65,48,19,12,97,98,26,82,94,91,81,46,14,36,9,2,65,18,27,25,35,81,72,0,47,52,2,30,71,2,69,88,90,31,80,6,78,59,75,3,73,35,19,46,18,31,17,65,98,40,52,94,79,75,83,54,83
37,20,70,77,59,15,38,32,24,44,49,27,22,34,61,85,56,46,83,80,18,21,61,51,45,55,49,73,9,84,64,61,72,72,60,70,81,45,46,45,66,74,24,70,7,41,98,84,12,26,73,73,55,77,43,94,89,58,75,7,40,79,3,17,67,70,23,94,36,62,65,16,100,66,27,26,2,97,51,47,18,44,77,24,19,68,85,93,10,77,19,11,16,46,6,86,27,72,66,25
86,55,25,17,81,63,95,34,92,84,55,85,6,63,69,66,62,42,74,0,48,14,53,27,43,39,8,10,4,19,33,78,13,75,13,23,82,58,49,7,78,28,19,12,29,23,85,93,51,91,22,5,45,72,13,13,39,99,70,69,52,67,68,17,46,46,93,76,93,46,69,86,80,56,50,94,95,2,48,5,73,26,17,62,26,97,82,94,39,72,12,33,51,50,30,99,56,97,67,14
0,82,9,70,61,16,36,28,67,29,21,31,42,75,72,82,18,25,63,55,90,88,89,12,85,69,44,6,58,75,88,81,25,36,74,30,27,79,8,97,20,50,76,85,85,7,94,31,6,78,96,64,84,58,45,19,89,55,89,58,26,40,38,46,42,91,52,66,30,5,14,77,1,19,34,40,8,51,57,18,89,5,67,32,88,86,13,33,24,79,85,2,39,90,22,57,7,5,3,97
100,47,42,84,6,42,9,88,16,83,60,87,8,26,22,82,30,9,47,22,30,0,54,28,91,26,34,37,25,79,85,51,83,62,70,85,96,36,18,36,34,54,55,80,82,28,7,0,98,62,49,39,93,69,67,26,27,75,55,75,79,86,53,7,92,73,42,70,44,90,92,81,0,73,82,76,13,90,22,86,45,45,60,21,72,11,83,84,73,96,75,20,41,83,42,11,12,22,81,87
45,53,78,63,87,38,32,91,63,10,84,25,84,69,13,3,20,89,56,49,73,31,31,68,71,98,96,41,65,48,100,81,12,47,51,67,23,94,7,80,40,70,11,18,39,21,46,98,95,14,11,41,20,12,75,40,55,86,92,72,59,98,50,100,87,72,93,99,23,71,63,34,65,48,99,20,57,22,48,97,98,52,81,20,74,82,62,56,76,81,48,85,85,67,37,27,92,94,18,92
53,59,64,65,71,8,27,60,58,10,59,41,25,17,14,83,49,92,47,91,48,0,80,46,98,85,92,57,95,93,30,90,53,53,33,45,33,23,40,36,66,26,21,60,62,48,54,26,81,91,82,9,65,60,14,6,97,28,55,40,81,45,4,21,5,63,70,60,68,59,4,32,81,1,89,41,84,87,99,19,20,27,94,47,27,65,56,35,1,40,49,20,78,55,20,33,72,45,69,12
20,2,11,61,84,5,59,55,94,31,11,99,58,77,88,56,79,53,87,43,77,64,96,33,47,5,82,13,45,15,41,12,92,78,92,100,33,90,9,2,54,18,50,46,99,16,64,16,26,0,79,64,23,84,23,54,26,41,2,44,28,92,31,42,18,23,52,87,77,17,82,68,23,70,50,31,65,56,49,92,82,69,79,41,63,89,60,32,97,58,82,76,97,69,40,92,46,26,85,20
53,46,9,66,86,15,54,15,34,9,3,17,31,11,0,52,65,27,79,89,61,26,2,57,54,77,82,87,66,20,18,48,58,17,7,91,82,40,11,66,76,91,23,67,34,89,57,52,36,68,91,19,68,45,9,82,45,30,8,49,18,95,31,7,21,83,94,38,48,90,20,24,36,77,32,38,100,33,40,53,68,25,8,74,22,20,44,50,7,100,5,22,26,13,82,44,8,27,26,29
25,2,12,23,80,33,49,12,94,19,66,69,58,30,0,49,82,9,29,84,43,19,69,97,44,49,65,87,52,30,56,7,83,4,60,41,99,33,59,19,63,0,9,4,59,29,4,20,68,69,66,21,79,24,68,78,34,20,87,61,59,24,41,85,54,36,14,20,17,34,43,71,65,22,38,9,7,88,30,51,1,66,39,80,2,31,7,62,33,62,49,40,79,82,96,1,39,20,17,33
68,97,50,16,97,61,48,79,51,73,59,29,54,69,6,42,63,93,79,32,63,85,63,82,1,3,28,49,59,95,26,48,50,32,51,90,6,9,25,47,85,85,82,18,32,81,45,24,19,40,58,83,14,72,67,72,93,94,52,90,58,94,60,21,77,96,35,72,86,2,41,0,15,36,32,37,47,72,64,70,29,41,84,69,3,96,40,97,95,23,83,79,86,74,50,8,15,49,83,17