73,23,83,59,71,55,29,44,31,90,59,28,28,8,95,74,12,53,16,49,40,11,26,19,84,36,2,71,42,85,45,0,66,72,30,40,64,52,31,3,40,5,80,26,75,40,6,16,77,46,40,23,35,18,87,44,34,79,17,79,17,42,94,41,97,90,21,24,44,44,83,95,54,85,6,60,78,32,44,26,79,58,26,45,8,85,58,88,7,23,49,71,36,72,34,85,50,85,52,9
3,97,15,4,63,6,7,45,49,90,21,21,54,35,66,32,50,51,13,49,54,38,52,65,38,29,10,79,28,16,64,89,91,74,93,86,0,10,54,22,36,12,92,24,18,88,69,82,20,39,41,44,40,10,69,72,71,2,14,87,58,14,97,27,49,21,50,19,64,80,56,86,1,4,59,93,95,41,75,93,75,49,49,52,51,22,18,57,92,30,49,26,56,35,76,35,49,4,65,60
16,56,76,70,32,11,79,92,100,84,31,27,63,96,54,34,92,3,39,30,19,83,3,99,86,14,81,74,21,71,64,38,2,75,51,86,50,7,81,20,93,66,44,97,71,37,41,85,60,14,99,90,1,89,5,37,21,25,90,0,33,7,48,5,59,95,58,52,43,73,25,98,24,84,76,11,62,57,28,43,35,44,1,0,70,72,44,85,98,70,99,92,9,42,40,46,74,87,4,78
71,99,17,44,29,85,78,94,51,49,58,47,76,50,19,33,69,64,18,45,16,71,95,100,59,0,77,20,42,23,4,77,13,87,55,22,91,87,15,25,9,49,47,27,71,90,23,56,47,37,51,87,36,17,31,17,24,84,9,18,45,80,34,28,64,70,100,96,45,54,87,74,62,60,96,10,41,63,77,37,93,30,15,68,97,44,10,29,88,24,83,10,42,70,58,86,31,75,36,26
13,98,69,94,21,4,64,59,26,71,9,39,45,69,9,92,45,71,36,54,3,31,81,4,95,22,20,93,55,17,46,55,96,54,86,64,72,82,19,56,3,93,7,38,32,15,57,43,60,20,23,81,77,32,75,32,94,61,18,28,76,32,93,52,92,44,75,14,72,95,36,57,3,8,55,40,53,36,33,32,77,45,35,53,23,74,77,98,80,9,39,72,73,76,38,32,0,97,65,20
5,15,18,13,26,60,28,24,32,70,3,99,75,13,42,70,26,29,15,87,82,91,73,38,69,67,96,83,69,52,4,5,85,40,11,31,73,3,52,18,35,56,78,73,48,75,20,87,12,47,48,97,27,45,77,54,68,16,11,38,75,56,66,95,9,8,96,15,43,95,68,42,12,54,62,60,0,21,23,29,56,47,39,17,69,72,57,54,5,84,30,88,46,51,82,79,42,58,79,63
56,24,1,37,48,46,89,45,10,54,1,28,16,56,6,14,79,100,24,31,14,80,37,52,22,48,97,31,93,47,25,58,57,33,52,81,42,77,49,96,57,19,47,46,65,96,59,0,60,14,39,12,65,19,15,60,28,49,31,37,28,50,71,74,81,87,83,49,20,61,94,3,57,19,14,72,97,65,1,59,75,90,1,21,73,82,22,84,67,67,33,9,41,16,100,32,2,81,61,7
48,19,17,85,22,15,61,22,62,33,74,26,11,50,71,26,42,52,41,19,2,91,68,95,82,5,94,67,43,15,96,85,31,31,10,63,30,22,25,94,30,31,52,29,44,16,40,78,56,47,5,0,43,1,59,62,25,62,45,41,50,85,25,52,7,35,17,43,2,78,69,30,38,37,55,64,7,36,40,1,14,46,67,56,86,14,95,10,28,46,72,96,6,18,1,36,35,19,63,21
50,98,92,89,20,51,96,55,6,91,65,16,86,12,56,61,5,8,31,43,40,2,15,6,7,15,84,76,69,99,45,40,84,6,33,77,89,37,32,9,29,90,75,35,15,95,37,6,100,31,34,9,69,27,83,19,1,43,29,88,86,75,54,35,76,63,97,43,11,2,5,72,59,33,85,24,40,82,35,65,23,52,85,14,61,91,58,41,99,61,18,58,19,8,22,22,39,30,69,16
31,97,23,13,8,39,77,93,13,40,33,39,94,30,50,4,72,38,1,86,2,91,39,17,100,96,66,44,85,49,57,58,23,44,86,67,4,43,25,26,55,73,66,46,46,73,82,23,20,82,9,19,66,2,68,77,99,86,65,89,34,18,22,38,41,1,72,84,13,64,69,36,30,10,17,51,97,95,46,85,28,61,7,64,88,30,12,47,7,7,18,65,77,92,50,1,1,43,81,93
46,67,69,17,58,55,53,77,36,6,65,39,88,81,5,2,92,3,53,73,29,69,12,41,81,98,19,67,7,2,93,3,52,80,44,69,9,6,71,4,0,89,14,74,7,48,0,8,50,22,52,61,15,11,36,54,41,17,31,95,96,34,46,86,54,19,62,43,95,14,75,17,92,3,93,71,20,55,37,4,59,0,90,87,34,80,97,82,64,11,68,2,11,87,81,69,35,26,91,93
70,56,6,36,24,50,1,43,44,52,58,35,90,61,68,71,35,4,73,67,27,19,51,45,74,48,91,13,87,27,24,4,6,63,31,10,5,25,0,0,48,98,49,97,76,84,46,1,37,34,63,59,85,49,96,12,30,99,93,18,35,12,91,32,58,95,90,25,85,54,18,8,25,80,89,13,7,20,41,27,14,31,17,5,31,55,35,62,56,19,90,55,52,72,41,51,85,80,14,48
22,8,69,32,25,96,85,55,90,73,93,94,38,25,68,97,91,78,78,65,60,42,84,70,42,39,21,98,44,13,40,36,41,12,27,38,11,26,48,86,27,21,1,5,49,27,59,14,21,48,45,88,84,97,59,100,97,43,52,100,34,81,45,76,35,40,97,17,86,77,26,58,68,93,2,19,4,41,34,82,3,17,87,76,80,94,96,80,18,84,69,18,36,66,33,61,73,40,63,98
52,79,100,47,18,93,42,61,21,5,67,68,25,12,88,45,21,89,90,29,42,40,36,44,56,31,84,42,7,2,75,51,80,31,97,78,97,44,21,15,38,41,21,5,60,30,67,65,64,29,39,83,7,23,59,81,73,98,51,39,38,54,5,53,2,86,51,32,9,86,97,34,9,57,11,91,48,49,44,68,69,80,99,0,89,9,65,92,67,85,93,64,69,4,80,68,55,45,98,85
94,98,25,74,62,32,30,54,57,47,35,40,4,40,74,64,30,96,48,38,14,6,4,33,48,16,9,29,90,99,82,35,84,45,22,64,37,40,19,92,57,1,85,73,91,66,37,76,20,98,91,69,97,36,66,3,21,87,74,8,61,79,66,67,89,66,95,21,11,32,54,62,12,64,82,68,90,82,12,31,34,32,19,93,18,23,9,100,18,6,7,96,32,75,21,38,0,20,40,67
90,46,0,58,79,65,16,69,96,22,62,12,38,14,89,7,12,23,92,81,70,26,94,11,65,11,11,76,81,5,49,83,6,59,6,73,26,61,90,99,81,91,49,8,67,60,31,97,13,69,1,41,9,65,32,57,29,62,85,6,34,23,93,30,72,23,94,18,78,49,75,79,96,40,88,64,35,67,47,3,94,21,91,14,5,55,4,46,13,83,67,68,19,5,21,46,2,65,94,60
66,42,83,62,4,15,92,56,49,36,88,26,72,23,100,18,85,47,15,59,9,71,49,27,33,72,34,41,9,41,13,42,47,98,28,64,43,61,14,89,32,19,53,39,48,64,26,98,97,22,6,74,71,1,7,5,38,90,72,1,1,29,85,89,33,92,50,90,53,67,91,29,40,66,86,86,85,64,12,33,30,11,43,89,44,31,15,67,18,26,22,75,69,35,97,37,85,97,92,27
50,99,18,64,1,34,73,13,73,79,73,6,68,64,97,87,36,48,4,94,36,57,83,3,55,98,81,66,55,14,77,43,87,8,39,25,24,61,31,75,67,5,14,95,3,1,63,91,96,3,34,82,45,55,9,84,92,46,41,52,1,69,17,59,37,7,92,63,2,23,69,24,21,97,69,4,28,90,39,75,74,72,31,54,22,73,98,65,97,97,51,88,59,8,7,14,0,72,45,65
27,76,68,61,44,7,79,28,56,17,70,17,0,54,12,43,6,80,58,83,76,63,42,74,20,93,2,94,85,28,30,9,28,66,71,21,84,53,50,97,61,94,12,4,12,2,9,12,0,12,41,69,89,67,57,77,31,48,84,10,40,14,44,5,23,66,49,80,33,26,21,23,63,67,66,92,61,70,40,74,39,78,91,4,40,100,25,73,51,41,5,32,100,4,85,80,79,27,7,71
31,72,60,62,81,38,19,79,80,7,89,51,52,43,98,63,5,44,53,34,79,25,61,5,30,27,43,13,11,4,15,36,70,67,29,9,84,55,21,46,3,14,0,73,42,25,24,99,39,62,4,67,98,3,49,19,76,21,29,0,84,77,59,28,3,42,34,12,73,42,60,19,67,59,69,42,44,79,52,67,68,38,59,51,66,87,48,92,34,41,38,54,65,49,80,4,42,82,96,61
65,54,17,49,41,73,7,67,22,68,83,20,97,17,43,24,84,39,91,0,45,64,98,20,80,8,56,25,45,21,62,36,92,26,9,22,41,69,12,88,16,38,96,24,81,12,39,8,99,11,24,93,43,18,98,100,88,13,48,39,14,8,78,69,87,47,25,1,78,56,56,77,68,64,36,8,7,33,69,83,5,73,61,86,17,12,100,22,81,33,62,45,40,47,53,74,81,96,75,31
30,67,50,72,61,4,69,85,65,50,33,49,89,91,36,28,51,36,29,59,32,74,89,37,46,46,43,88,72,99,28,82,7,31,93,11,42,95,50,46,13,97,78,5,79,46,86,28,81,48,59,86,93,71,46,33,24,73,4,0,81,2,28,40,82,32,44,9,26,64,5,84,5,74,77,0,28,23,40,75,90,29,51,95,8,53,34,59,45,45,60,82,86,78,94,83,31,27,15,35
24,98,4,64,20,87,23,62,8,40,33,98,35,9,5,82,79,14,58,3,47,50,44,95,85,5,34,2,10,41,38,91,51,65,78,75,79,87,39,5,17,12,79,76,29,54,85,67,33,72,82,72,17,15,9,72,46,89,48,84,97,27,51,65,6,25,41,69,3,1,75,96,87,9,47,49,82,88,59,41,45,5,33,57,5,6,5,73,43,47,42,38,56,87,6,72,84,71,88,17
18,97,67,31,87,42,77,38,5,25,68,15,50,78,4,89,1,96,24,30,71,47,48,1,99,52,12,17,89,94,43,53,89,74,73,75,66,100,51,91,98,86,81,75,37,65,67,88,71,99,49,11,60,22,85,95,25,70,22,96,48,59,61,54,13,25,90,64,28,41,79,98,30,58,5,67,30,94,36,11,70,20,47,8,91,34,50,70,41,29,54,59,36,59,7,17,36,49,47,74
78,86,61,99,91,88,91,19,9,69,50,81,66,66,79,86,43,70,29,38,60,15,46,28,72,82,51,43,6,84,41,46,15,99,20,19,74,63,41,3,39,24,40,35,14,31,60,43,76,65,87,11,67,6,66,94,27,18,83,20,1,38,98,4,52,35,27,43,99,52,32,69,64,92,24,14,54,95,56,51,6,78,64,96,45,15,46,57,94,74,52,65,8,17,95,95,12,41,89,28
7,4,86,22,82,6,16,20,32,76,73,32,4,85,34,64,78,21,70,27,56,41,85,89,4,26,8,31,51,9,50,83,25,95,9,44,2,99,23,41,44,89,41,74,14,47,96,36,54,83,30,38,58,15,79,88,25,29,14,95,62,20,13,13,7,35,89,98,88,65,0,42,45,91,18,27,3,34,73,33,11,82,56,23,51,50,81,95,80,92,56,69,44,96,86,33,2,72,13,50
68,90,68,37,50,37,97,23,54,81,20,3,75,41,22,75,77,21,78,34,71,86,47,39,3,34,99,83,76,99,75,74,72,92,43,27,5,46,29,80,91,51,35,87,36,35,6,8,64,43,79,19,1,45,14,1,54,79,20,81,71,78,94,82,61,61,51,37,45,0,22,3,11,6,31,9,74,50,40,66,26,30,54,42,2,70,57,91,54,48,74,91,11,48,98,43,14,89,92,44
31,17,43,59,11,13,51,43,14,95,25,96,17,54,27,57,8,5,76,96,100,48,77,95,81,49,12,21,48,68,31,11,53,74,53,29,90,82,95,34,18,76,47,42,100,17,10,93,3,76,29,72,70,58,20,91,16,89,49,14,14,80,100,87,50,47,85,48,67,37,13,93,91,99,25,65,44,81,21,48,51,79,64,76,49,92,50,44,13,60,54,55,34,58,44,88,71,61,44,66
16,10,17,36,12,16,68,89,20,48,15,16,35,79,21,41,76,19,32,14,65,10,19,59,99,65,91,61,86,53,78,19,9,96,6,72,17,67,35,4,44,36,97,30,16,33,69,81,74,56,17,90,33,26,7,80,95,93,2,20,44,63,82,11,47,92,60,76,34,1,44,2,73,53,96,34,50,49,34,49,10,22,58,78,64,2,25,59,79,94,91,58,98,81,2,12,80,48,49,87
21,28,96,69,35,45,28,81,83,72,47,4,60,10,29,70,58,25,50,56,13,31,32,92,94,39,27,77,3,37,64,44,27,67,33,18,39,66,1,49,73,53,55,2,12,44,60,1,2,40,97,31,57,91,1,53,24,95,90,96,58,72,26,17,27,11,34,79,32,27,86,61,28,38,76,8,60,43,57,16,89,9,72,60,22,75,44,36,68,88,98,62,99,35,29,37,28,25,31,92
57,49,72,46,1,36,96,93,62,72,100,3,70,10,49,97,11,30,48,20,3,33,71,30,96,30,96,33,40,60,42,68,39,57,97,89,73,65,100,65,63,18,100,52,56,43,69,18,6,60,92,86,82,87,60,28,95,75,0,90,54,12,39,46,29,45,96,63,34,2,1,39,34,14,95,43,12,63,73,18,87,75,11,54,75,60,29,4,70,35,36,75,0,24,91,46,6,32,32,31
2,52,10,95,37,75,37,83,47,76,27,24,92,19,92,99,95,1,76,20,43,74,90,86,16,100,94,21,23,61,92,27,80,64,93,2,46,65,18,38,14,37,14,2,78,48,40,81,78,82,28,74,85,37,53,41,68,97,24,29,60,50,15,15,31,55,55,9,41,13,24,20,89,50,17,16,47,31,76,51,88,18,68,33,20,66,75,2,16,68,30,61,84,38,28,89,67,75,82,67
31,26,21,80,99,58,12,24,56,68,73,18,4,33,54,87,47,99,46,59,4,2,18,61,12,17,16,46,81,77,16,18,42,8,19,88,7,95,97,17,13,63,80,100,4,83,65,68,6,4,76,87,71,50,24,34,72,74,14,16,3,81,5,4,48,43,75,71,37,31,57,48,3,73,1,81,79,93,30,85,89,89,88,60,97,57,45,46,65,14,46,88,69,77,90,45,90,29,65,36
26,23,0,8,69,73,61,94,67,60,26,25,7,15,84,25,30,3,65,36,25,79,82,26,18,68,42,79,90,75,22,85,61,32,8,37,57,10,26,48,41,97,64,68,47,93,50,40,6,37,98,9,16,71,1,6,70,36,32,28,65,27,74,67,19,90,21,84,45,26,14,98,35,61,93,73,23,45,71,73,45,94,61,79,13,78,51,82,13,36,66,64,11,76,39,79,19,93,0,52
94,85,63,88,34,66,60,33,57,80,18,40,9,1,27,47,14,61,60,63,76,50,54,89,33,38,14,95,14,3,63,97,58,75,33,30,85,17,11,56,93,99,94,91,97,28,19,34,11,54,44,14,18,32,96,9,97,68,69,33,26,69,65,96,39,54,90,77,17,61,19,100,23,99,83,15,25,34,96,66,6,46,86,77,93,19,19,26,46,49,97,43,6,96,45,22,78,78,77,36
21,27,64,63,19,4,19,43,89,42,57,93,92,87,96,50,34,52,69,15,27,8,24,11,66,63,54,38,15,28,12,98,2,43,39,32,89,2,69,38,45,23,45,72,0,25,53,37,11,6,6,38,24,30,87,83,61,38,96,75,91,84,59,73,22,42,76,76,31,88,73,1,81,71,67,31,97,0,81,73,26,78,86,55,5,0,39,69,79,81,2,74,17,61,19,72,6,4,99,1
68,47,68,73,41,34,48,2,84,0,36,1,10,54,87,64,38,77,99,63,70,39,13,85,22,13,12,22,28,28,39,76,77,4,44,25,96,92,6,78,13,3,58,67,68,49,26,72,45,73,19,39,76,32,79,57,100,91,69,81,20,64,66,96,80,91,68,9,57,59,37,16,73,50,71,12,31,62,25,55,23,78,45,77,33,37,14,75,81,61,100,0,28,76,20,27,40,7,76,72
73,2,57,78,48,51,55,7,6,78,84,14,4,94,32,76,1,79,15,92,31,29,75,24,64,52,8,3,40,62,69,89,80,34,89,66,7,61,84,4,31,41,99,48,30,63,65,88,69,4,92,6,54,81,18,52,73,9,92,63,86,15,17,9,83,60,66,82,56,2,51,49,25,46,94,51,60,1,2,53,86,15,99,94,60,0,14,63,42,46,37,28,83,53,46,86,27,8,5,66
48,15,53,39,47,69,64,0,51,34,33,90,42,64,64,44,48,53,43,47,52,13,73,88,32,29,47,42,40,51,2,77,72,7,60,98,28,37,60,75,3,69,42,24,13,40,79,47,25,39,93,37,43,69,65,34,59,65,80,56,75,52,50,49,43,61,27,68,58,35,31,38,87,10,57,21,30,63,18,2,84,82,32,75,19,4,69,17,25,7,97,8,35,4,9,26,49,60,78,49
32,97,36,65,95,34,33,33,94,3,18,16,68,7,66,14,82,87,30,43,45,31,67,45,31,35,2,84,31,2,25,96,2,34,17,10,63,50,99,23,19,52,89,90,21,46,90,50,10,88,41,59,47,99,1,82,15,84,49,20,0,76,18,17,22,87,39,59,84,41,59,59,96,51,20,90,86,56,98,58,16,51,17,87,1,0,60,32,9,82,3,49,67,81,0,87,55,35,35,77
50,75,93,58,47,28,61,21,1,47,66,60,90,54,84,5,4,60,82,33,21,63,57,99,4,4,90,90,73,39,41,40,1,66,18,52,49,4,65,76,79,51,72,32,48,25,0,61,7,17,100,9,74,77,62,47,30,95,23,44,35,73,28,76,5,29,78,14,27,100,31,45,56,45,1,98,14,99,56,60,67,21,77,64,36,92,27,32,64,54,63,34,81,10,14,21,26,59,7,13
1,44,93,27,0,8,32,1,86,56,66,80,100,44,14,15,58,97,68,83,23,47,86,54,30,100,79,100,31,24,84,71,26,53,13,95,45,29,86,47,62,67,58,45,21,55,6,77,27,55,55,71,81,72,86,34,82,86,86,76,54,62,44,80,3,69,91,87,39,5,38,23,34,22,18,69,64,29,81,36,21,94,39,63,74,6,100,15,91,73,20,62,57,73,65,32,86,48,38,99
74,11,90,5,6,71,8,47,43,58,81,93,6,33,75,77,36,49,10,52,55,79,70,43,69,95,96,62,28,26,71,45,81,29,46,27,70,70,3,45,72,45,27,35,71,38,55,97,34,85,91,41,77,52,20,81,97,0,63,43,26,8,23,13,86,70,24,84,66,10,77,2,78,5,36,49,45,54,41,89,29,7,56,7,23,52,54,1,98,48,23,70,11,100,99,26,49,49,8,39
5,32,10,98,39,0,4,50,36,35,1,93,58,52,5,78,33,47,52,81,42,39,62,6,7,81,24,87,66,12,42,96,78,15,63,63,18,98,71,95,29,59,99,9,37,32,76,53,98,100,8,2,76,92,16,97,44,30,84,23,8,95,35,28,62,87,28,63,42,14,53,72,29,11,36,84,78,34,94,87,13,38,15,70,16,43,9,32,53,61,55,22,31,39,45,3,53,82,8,7
46,68,54,75,79,5,66,93,83,23,34,69,51,11,39,91,68,4,32,38,35,58,83,3,3,73,81,96,45,90,63,47,5,35,47,77,43,16,90,73,27,76,68,79,79,97,73,29,15,39,53,69,4,72,72,93,34,72,34,99,50,3,46,72,47,40,82,52,70,51,66,78,45,13,62,28,28,58,38,23,30,37,35,78,72,30,24,52,8,67,76,34,80,89,71,87,78,55,0,85
56,38,35,15,19,0,95,59,22,48,19,79,35,25,79,39,20,13,29,2,90,92,78,83,74,86,18,100,29,25,9,27,10,97,71,72,53,43,45,19,23,72,49,49,41,86,18,32,49,19,64,21,69,99,84,14,93,95,24,6,3,4,74,31,27,34,83,41,25,93,17,41,92,78,38,86,15,73,56,68,95,92,23,23,84,14,12,63,44,31,51,15,95,7,53,37,36,31,43,90
55,39,69,2,48,88,45,88,63,94,61,85,55,23,48,78,36,82,30,52,13,75,51,9,75,67,82,22,25,100,71,62,13,12,82,55,23,50,31,68,69,73,10,57,32,28,48,58,32,82,95,61,13,50,0,66,4,96,83,69,12,63,92,13,10,83,31,34,5,84,26,60,96,80,20,57,66,57,15,39,94,45,95,48,12,91,18,34,19,14,7,52,21,77,31,16,23,82,41,18
78,44,64,27,77,22,87,59,22,2,19,48,5,63,5,98,5,66,56,95,8,60,62,40,76,59,4,95,78,53,73,9,46,28,42,22,2,39,5,2,40,52,9,44,59,94,98,41,97,50,40,81,26,34,8,15,37,84,92,22,59,83,75,51,48,41,53,89,44,97,96,19,50,66,55,64,9,44,37,21,96,13,35,8,29,64,27,99,39,23,50,59,11,88,13,0,9,66,80,66
23,70,73,19,38,10,23,31,90,91,24,50,42,44,72,38,67,19,93,52,86,91,59,16,86,48,46,97,69,83,65,34,97,34,90,44,77,91,52,26,68,1,33,51,3,62,78,89,39,71,73,52,52,10,97,62,39,93,77,17,26,82,87,69,100,26,6,8,98,62,98,16,87,98,33,18,83,17,30,28,45,30,70,40,70,71,100,1,82,96,25,88,29,47,26,47,86,93,53,14
11,11,3,61,16,46,43,79,19,20,32,2,79,35,91,7,82,29,32,72,20,53,92,75,25,55,20,17,26,19,60,54,33,95,18,36,57,74,44,62,83,31,94,58,54,27,60,98,59,49,45,11,59,68,83,44,36,7,36,31,82,28,4,40,51,25,51,99,7,94,25,58,69,30,84,95,11,22,74,18,48,3,89,92,77,50,19,71,11,51,5,85,48,49,10,60,61,12,68,23
5,77,78,89,31,97,57,34,62,48,34,35,4,59,84,72,2,71,72,74,58,84,18,3,84,78,95,44,20,89,37,74,65,95,38,20,55,96,33,5,97,36,6,59,15,82,42,14,12,73,49,72,8,90,19,1,89,80,11,55,48,3,17,68,94,100,42,6,67,100,46,61,93,26,88,83,81,1,45,59,19,18,44,92,56,17,76,56,34,20,94,48,9,8,88,41,82,60,39,35
61,98,31,93,26,52,22,34,61,41,31,78,73,73,77,69,71,66,30,49,11,37,26,77,55,59,44,81,86,13,87,79,17,1,64,74,62,86,40,78,94,43,30,55,38,20,38,89,90,89,84,20,64,33,100,92,94,5,85,19,76,22,82,91,13,44,75,42,66,100,75,88,69,12,83,59,81,59,16,37,68,17,82,54,28,99,66,16,66,68,62,96,12,35,50,60,11,55,6,78
35,39,14,20,26,54,37,18,81,7,34,96,99,67,96,47,39,74,98,58,35,11,56,63,19,35,95,21,62,42,72,77,31,67,42,32,7,62,80,41,91,77,28,52,25,88,62,73,7,67,63,72,27,36,37,69,50,11,33,61,59,36,15,18,70,14,6,37,39,4,70,70,3,18,43,58,57,82,92,6,31,19,0,86,45,0,27,89,32,81,77,59,89,11,93,32,28,52,96,11
24,54,11,69,18,52,26,62,77,23,84,33,86,67,86,35,29,41,59,95,39,28,72,18,17,64,80,31,20,15,23,48,24,22,58,2,25,2,74,68,7,45,37,45,55,37,26,20,30,0,3,69,51,11,50,77,54,96,76,99,45,56,21,46,75,90,33,21,75,91,78,10,71,83,55,70,88,85,56,34,83,90,93,37,1,83,22,29,67,9,58,27,92,50,100,72,80,79,96,22
90,96,73,71,69,72,68,1,69,30,89,54,85,6,77,55,23,75,0,22,49,46,14,61,25,46,40,77,63,57,58,72,2,32,28,26,76,56,3,14,3,32,47,69,81,4,80,13,55,82,65,0,12,59,3,18,14,77,59,49,80,69,0,1,79,88,47,37,3,54,22,90,16,62,37,47,31,87,88,0,10,55,65,53,49,9,80,6,98,74,85,13,66,34,79,5,31,76,11,38
19,82,87,12,95,38,84,90,3,91,5,82,92,76,31,98,78,86,68,22,27,69,79,92,65,77,24,83,76,86,72,60,96,59,58,78,34,23,62,1,57,54,93,63,22,53,28,54,92,79,40,9,10,95,92,17,99,4,82,91,33,57,82,77,36,1,92,93,29,24,97,2,37,12,97,23,85,41,29,39,10,2,70,55,45,59,38,60,64,3,28,4,38,55,44,75,13,52,29,81
23,11,83,36,76,60,22,1,54,85,57,54,12,83,96,76,64,66,76,58,49,53,97,87,83,11,84,86,78,57,8,12,27,99,47,37,22,33,69,54,71,37,61,91,29,31,33,7,32,35,19,38,65,96,98,26,87,59,81,100,80,48,14,45,13,76,6,16,1,59,86,28,20,62,14,16,18,57,89,20,75,93,37,9,58,64,24,90,15,63,20,47,8,71,29,46,73,44,54,51
73,67,57,41,7,12,93,25,95,38,56,12,13,47,9,59,11,62,90,9,2,65,32,62,37,80,79,94,59,92,92,98,80,60,32,1,3,93,42,46,91,79,35,77,84,58,41,98,92,4,31,86,61,59,81,23,83,21,48,87,8,9,43,40,59,25,43,79,29,52,79,76,22,82,14,69,87,27,2,29,19,78,77,6,20,1,6,46,80,72,93,27,47,72,92,59,65,36,39,39
5,82,70,16,19,79,34,30,22,51,5,18,56,13,97,65,49,64,1,57,70,75,64,22,52,38,3,14,24,35,48,36,8,100,11,30,57,0,3,25,85,85,93,40,48,51,8,74,59,93,14,53,35,52,42,64,27,25,14,26,14,26,15,1,90,90,7,23,57,3,59,21,23,78,78,69,57,59,36,30,55,22,42,16,69,0,44,42,12,35,96,83,36,92,6,89,5,80,30,78
20,7,16,35,35,63,86,22,29,81,60,3,86,20,98,73,66,21,27,12,2,50,5,74,59,71,72,80,66,85,67,3,44,97,70,6,87,0,6,100,10,43,7,11,0,95,83,51,76,55,60,41,70,12,98,74,30,37,79,84,100,91,62,53,54,15,42,54,83,50,99,89,41,14,15,31,14,79,38,50,85,81,19,81,43,20,87,24,43,38,81,36,94,93,79,15,42,34,100,50
81,5,41,98,62,87,21,0,50,84,28,42,79,82,77,71,58,82,91,5,76,51,10,27,97,100,28,20,72,26,87,63,72,36,66,34,69,5,54,23,38,34,97,41,19,45,64,78,49,25,62,92,63,12,51,39,7,75,1,86,4,73,86,94,59,91,74,88,59,27,49,1,98,34,77,34,90,91,69,48,43,26,26,47,21,8,6,90,94,81,20,2,72,27,98,89,62,91,99,28
13,100,17,57,9,60,75,88,12,82,73,84,85,29,15,4,28,26,58,3,72,22,88,77,91,35,75,59,75,12,24,78,73,90,97,77,3,49,42,19,50,41,13,94,33,18,51,22,70,22,73,21,16,91,98,50,0,98,44,42,63,55,83,87,39,54,90,100,89,54,58,1,81,19,98,47,95,58,53,74,82,42,13,29,64,84,43,43,19,56,9,84,49,93,19,38,58,57,62,42
91,88,52,44,13,95,19,32,74,81,95,14,38,51,97,8,8,68,95,46,39,52,60,85,31,52,87,31,35,33,61,49,22,17,12,55,94,86,57,72,81,29,13,60,71,29,33,60,83,4,62,41,0,6,55,14,52,4,74,82,3,61,29,40,67,39,80,41,36,63,17,76,32,15,59,82,34,73,48,87,75,54,6,20,37,1,53,36,68,90,26,59,37,61,92,6,37,22,89,6
46,66,67,17,50,82,42,45,5,16,51,97,7,33,18,91,33,100,37,75,65,88,47,97,99,21,55,35,26,53,98,56,92,17,9,97,4,64,72,8,86,18,29,28,40,92,85,61,18,38,96,20,7,20,63,37,35,40,31,4,34,42,21,98,19,91,42,80,39,45,80,98,50,36,98,72,85,36,50,82,44,31,1,75,54,45,29,44,89,66,87,69,32,92,37,68,69,89,83,42
86,35,12,90,6,11,77,90,77,81,28,25,72,17,53,25,14,14,74,61,0,44,50,76,67,57,32,21,53,42,0,42,55,79,61,58,28,83,64,30,29,18,92,8,93,8,41,44,99,47,5,97,48,26,80,13,3,7,17,95,12,23,65,61,79,11,21,28,12,91,53,30,50,14,84,31,2,92,36,22,94,24,13,62,100,59,73,46,12,79,28,65,84,55,64,87,22,66,54,58
89,62,18,36,16,91,81,45,34,49,61,77,49,31,38,90,98,52,5,27,64,0,69,92,34,49,24,5,64,83,15,2,95,60,100,53,34,88,52,96,18,54,70,77,80,98,3,13,30,37,63,2,23,19,43,9,62,41,96,67,23,24,99,48,1,51,60,27,81,31,5,10,5,1,96,83,83,8,38,26,93,96,78,66,25,73,5,71,45,49,27,22,83,100,30,70,0,54,98,33
100,96,11,53,59,78,72,43,24,60,24,29,4,100,38,55,20,93,32,13,66,41,30,54,71,70,98,80,35,72,44,62,48,84,41,76,25,71,69,71,22,11,27,39,89,90,90,92,27,79,62,36,70,42,70,43,25,37,64,97,43,71,43,70,0,45,44,94,100,86,13,62,77,32,18,83,40,92,15,62,53,50,33,84,63,43,80,42,26,57,66,79,11,14,92,18,98,32,93,39
18,17,85,56,22,24,65,68,56,99,29,23,65,86,97,54,80,14,50,65,6,21,80,77,62,18,22,70,44,54,72,35,46,27,76,7,13,66,64,57,62,32,11,28,50,93,74,33,27,75,40,94,29,3,0,29,33,18,71,6,17,90,16,41,24,69,11,100,74,82,100,31,36,4,34,24,100,69,32,29,73,42,77,49,42,9,63,85,33,42,92,9,16,34,0,71,46,16,14,57
76,22,81,4,9,98,87,63,96,69,90,10,50,43,37,88,32,9,31,23,17,89,4,46,94,13,13,54,67,0,4,97,63,38,61,33,3,57,43,51,67,69,4,98,91,41,2,75,80,80,76,33,89,23,90,92,74,34,30,10,24,37,33,32,13,75,23,26,13,98,32,19,18,74,63,80,28,79,27,93,10,52,81,16,2,10,23,70,77,67,39,71,33,17,28,71,9,49,70,97
24,1,93,28,20,21,69,79,45,28,43,79,59,89,17,12,50,97,58,8,56,16,71,90,15,78,44,67,6,32,13,52,26,28,40,100,73,49,63,24,65,91,98,97,58,46,73,30,1,86,24,28,52,49,2,15,67,25,24,39,12,47,79,38,76,3,25,20,93,23,88,17,58,0,55,83,28,91,90,29,39,58,50,29,76,41,10,87,93,28,29,99,30,49,97,37,89,48,71,75
28,96,47,77,23,73,52,83,78,46,51,64,60,30,23,57,87,35,24,59,8,11,47,10,53,71,14,0,30,52,93,22,60,4,40,28,51,74,2,77,24,45,29,33,24,17,10,97,67,64,22,82,28,82,39,95,8,37,98,74,94,55,57,42,3,63,34,3,90,9,63,54,43,43,33,67,82,13,91,89,37,54,45,74,84,45,62,58,97,34,98,8,3,78,65,0,43,4,94,22
80,52,27,93,77,66,26,92,31,57,42,4,48,5,75,70,93,45,66,3,24,9,23,6,65,51,98,96,47,18,50,87,51,30,98,35,2,24,98,44,1,26,19,4,60,49,41,60,48,28,7,63,0,28,78,38,58,75,24,43,1,60,45,51,55,29,24,94,18,0,39,8,15,67,24,12,91,25,90,84,71,2,59,92,3,62,48,68,23,28,31,88,53,39,2,49,70,29,96,34
27,17,23,24,68,96,37,61,75,79,68,12,26,90,86,82,13,24,12,47,69,62,17,83,62,58,70,49,1,5,84,32,30,77,82,54,87,30,20,58,95,85,56,16,9,64,34,12,97,94,63,89,60,81,67,45,66,60,38,78,61,81,44,68,82,7,83,49,30,100,10,98,9,85,61,5,98,23,17,3,83,56,11,87,22,44,14,63,39,81,49,54,33,42,61,1,71,89,51,73
68,33,50,7,95,10,67,18,71,9,41,43,49,36,62,72,66,11,9,54,30,41,53,59,74,90,54,54,51,96,72,44,22,70,6,72,59,81,46,20,11,80,17,82,53,84,27,22,92,70,7,32,24,14,67,43,30,45,85,96,72,8,85,25,85,40,27,94,96,99,4,67,12,37,5,11,66,27,57,83,32,4,72,34,50,56,78,93,83,66,0,55,62,77,59,4,57,57,9,9
79,44,11,57,100,23,29,68,21,49,53,66,56,97,33,75,44,16,4,12,5,78,88,51,54,47,28,53,96,17,92,89,99,57,64,3,32,74,22,75,35,33,96,76,15,39,62,64,75,36,31,75,41,55,66,20,44,21,49,56,4,33,77,83,37,36,47,20,32,26,76,23,77,36,38,25,82,19,84,38,47,87,54,97,59,2,64,78,96,14,45,94,55,63,47,83,77,83,12,51
82,4,42,41,83,32,91,88,51,45,70,47,30,73,70,39,46,74,63,4,12,1,54,22,97,62,14,77,13,45,86,49,24,24,56,49,65,2,45,37,64,82,85,2,59,77,0,50,97,21,53,22,5,94,79,51,76,31,5,89,68,12,81,93,49,53,23,2,90,1,25,57,18,42,82,98,67,96,50,49,32,49,100,88,71,7,18,81,56,76,100,94,82,39,22,61,77,39,85,38
1,10,13,85,19,36,61,55,73,55,86,39,7,98,65,70,31,45,80,2,26,17,48,7,0,46,59,85,68,75,50,60,29,42,2,87,32,7,47,63,72,53,65,43,85,23,41,63,43,29,47,37,76,47,90,75,30,3,17,37,36,54,3,99,9,43,45,29,23,74,47,16,41,54,27,2,48,95,16,91,18,5,17,84,29,21,8,57,65,22,7,60,2,32,29,35,48,86,29,8
45,66,79,6,60,73,34,66,65,58,5,0,31,46,43,94,67,88,74,86,8,78,73,90,99,73,83,57,89,64,83,79,13,80,44,86,72,94,98,63,40,8,66,57,82,16,37,94,78,57,21,86,15,56,68,26,41,99,75,76,11,24,30,38,100,96,75,36,68,18,62,30,41,71,84,17,25,48,40,5,26,100,41,26,99,39,81,38,10,85,10,64,23,24,50,100,22,23,7,89
44,100,79,21,43,1,77,88,86,89,54,91,38,53,85,8,76,23,34,69,29,39,34,51,29,2,20,38,58,78,45,34,5,51,73,4,47,17,79,88,54,72,22,41,94,52,23,68,21,50,30,71,95,55,10,3,83,48,27,55,76,9,57,73,77,5,84,13,71,13,69,53,29,19,100,4,87,64,38,56,64,99,99,36,14,88,81,66,76,51,98,14,90,73,7,67,95,93,60,9
90,50,4,49,85,95,32,55,81,12,77,68,99,88,86,16,34,26,17,66,70,86,41,25,26,86,10,65,11,3,11,40,77,35,88,46,11,77,25,22,74,72,65,42,51,68,0,60,44,61,12,88,82,52,59,79,68,93,58,71,13,9,3,86,76,25,45,71,88,31,77,28,86,60,40,44,68,85,71,31,74,49,73,75,6,58,3,46,39,63,76,58,48,81,2,40,24,69,84,46
16,49,19,6,97,87,69,98,11,59,72,77,22,30,31,87,77,32,58,76,75,29,82,90,62,52,67,74,6,88,19,25,71,88,31,6,67,99,67,63,47,38,32,88,93,56,71,74,37,66,91,76,59,65,64,82,65,45,27,12,16,24,1,35,95,1,21,62,67,80,90,12,46,19,23,58,23,89,74,74,83,25,46,36,17,92,16,9,46,48,41,72,3,10,32,66,32,13,62,16
62,99,0,34,11,65,3,74,47,5,31,20,31,48,92,49,61,16,75,97,89,55,61,41,22,83,85,62,87,98,39,9,80,36,3,18,63,74,94,19,79,95,33,90,77,57,71,73,34,85,89,48,20,74,56,90,35,69,22,23,3,15,83,78,96,22,90,42,27,80,60,93,53,19,46,26,4,64,90,10,84,23,26,88,35,19,77,30,43,44,84,42,84,87,1,17,63,94,39,6
31,98,11,71,42,57,63,35,92,50,3,57,25,52,72,44,50,98,18,51,57,33,97,95,16,39,60,2,72,12,13,22,7,83,87,24,6,5,99,73,89,87,62,28,46,76,42,48,15,28,29,83,52,37,25,89,39,49,65,44,19,97,59,71,70,38,15,58,18,96,9,57,56,89,5,52,56,12,54,60,96,91,87,33,92,87,70,4,93,59,12,72,47,8,13,29,69,50,61,55
93,59,87,100,94,92,7,90,60,74,38,63,4,100,67,50,11,40,17,22,35,3,1,25,64,70,14,89,82,62,74,3,31,79,58,18,44,59,64,30,20,30,39,66,97,47,59,34,85,90,34,84,100,43,28,95,36,44,50,58,9,62,82,40,79,91,28,36,34,2,16,89,1,15,24,34,95,46,39,67,23,37,2,60,23,63,34,98,27,7,71,87,36,20,61,64,96,47,22,93
39,72,42,94,68,65,33,51,67,13,58,16,75,76,26,68,39,14,5,48,66,65,11,65,22,50,53,83,90,94,71,15,57,17,3,24,18,35,11,69,41,58,66,74,12,48,59,70,31,16,86,42,85,10,89,54,62,42,43,39,96,2,3,66,6,20,73,47,89,69,83,26,41,74,93,30,9,49,33,45,77,58,93,14,67,78,59,68,68,49,29,67,96,84,38,90,57,76,36,18
14,13,26,47,98,37,72,17,88,10,32,26,21,82,8,87,8,70,50,38,63,81,44,15,11,54,47,85,29,92,24,45,7,35,86,73,87,58,33,81,63,39,41,27,60,68,22,34,79,4,33,66,35,16,94,68,36,96,58,96,66,11,84,51,95,88,70,43,63,54,51,22,43,69,61,63,17,61,57,90,17,46,52,22,78,31,98,9,72,3,37,86,71,92,94,15,49,55,71,8
47,6,15,60,74,61,87,88,11,47,20,44,11,0,19,87,15,6,88,82,81,63,94,19,97,15,37,57,76,70,74,88,65,32,9,24,13,61,36,91,20,10,99,95,68,26,36,74,59,21,86,82,75,46,24,30,37,47,83,17,31,16,1,57,4,100,53,64,31,93,49,93,32,90,29,62,83,33,61,5,40,100,78,33,41,45,71,26,73,20,22,14,89,86,32,7,97,35,93,62
4,1,10,57,63,73,38,15,51,53,39,46,56,68,25,61,93,81,3,4,36,54,45,19,1,87,27,94,93,61,35,78,88,69,51,57,95,60,9,3,40,67,81,60,84,90,92,17,43,19,70,48,58,9,58,1,29,2,62,84,66,26,37,97,34,74,17,95,29,51,98,43,4,8,13,44,15,31,1,97,89,100,42,96,85,39,39,14,32,80,53,29,42,18,8,42,39,16,2,97
77,97,77,6,31,13,49,29,75,96,29,51,0,7,26,16,43,84,76,60,71,39,14,93,54,62,69,50,10,54,47,22,77,47,36,42,4,33,18,94,47,0,89,50,30,85,86,6,22,7,89,27,75,58,2,17,37,89,57,28,88,50,21,73,70,74,31,74,0,5,49,62,91,90,62,70,88,63,8,66,46,34,49,74,91,90,43,88,14,82,29,93,8,43,35,58,95,81,44,24
83,0,28,59,69,97,91,64,2,10,13,79,22,29,0,70,81,56,35,49,16,31,57,95,8,55,37,48,11,59,91,94,48,54,11,84,21,10,12,2,32,80,58,68,3,56,11,51,28,49,53,35,16,13,73,87,88,99,17,96,14,11,29,41,78,28,74,93,26,87,34,66,78,67,77,87,28,52,91,3,52,80,3,91,39,100,19,72,42,21,1,33,83,47,45,79,56,95,86,4
8,30,87,52,16,63,92,89,12,62,36,42,79,83,0,43,87,30,98,39,41,91,47,1,80,99,46,59,32,64,39,61,17,51,61,65,29,69,6,37,60,79,84,51,15,15,81,42,18,25,30,10,74,85,23,2,22,51,100,5,21,26,32,57,66,68,97,63,46,62,14,93,16,13,89,49,51,32,1,51,26,88,70,18,4,87,2,9,68,53,72,46,25,90,52,91,17,100,25,61
39,60,43,56,0,70,66,98,46,82,1,76,9,64,57,72,31,46,95,18,30,92,77,11,63,54,6,18,15,84,20,45,3,4,92,90,91,73,38,25,46,98,19,53,8,11,36,66,40,59,63,97,38,49,23,89,12,34,24,3,42,64,34,62,73,32,22,31,80,28,6,97,3,28,75,65,11,87,75,19,69,9,7,99,5,81,45,52,22,99,48,55,78,38,75,81,92,89,15,40
67,26,68,48,85,54,91,87,18,60,7,0,46,69,59,80,6,90,93,27,86,65,1,29,15,27,66,22,7,45,76,33,4,41,35,98,93,7,48,70,49,89,93,80,15,33,99,77,16,29,100,49,58,7,95,95,5,82,62,26,33,31,26,6,58,41,99,22,79,34,40,21,28,8,59,32,79,8,13,26,98,31,37,43,94,75,51,54,23,50,11,5,52,85,80,92,77,8,7,32
87,75,29,26,50,81,14,86,92,27,54,65,50,86,53,60,38,35,31,98,29,12,99,35,2,73,14,93,76,26,87,4,96,73,14,99,23,91,81,91,69,73,49,28,35,5,78,79,9,46,93,54,48,64,34,31,62,33,54,0,35,89,55,72,75,60,27,83,39,95,46,60,18,49,98,35,77,82,52,75,92,20,40,92,71,6,40,42,39,86,56,86,89,89,99,25,10,42,2,29
65,65,24,20,40,61,24,94,2,5,29,45,83,71,34,65,77,91,93,61,25,2,20,33,62,19,32,70,20,5,15,50,74,52,39,98,18,93,22,55,36,71,52,55,3,58,96,43,0,35,84,39,83,90,17,87,44,23,73,88,4,75,94,61,100,52,43,71,77,6,2,91,40,11,41,54,8,100,75,55,69,21,76,15,55,78,23,90,67,63,21,93,91,51,45,61,62,95,89,1
81,36,2,62,98,6,48,16,19,67,31,38,57,58,83,15,42,96,93,10,16,78,92,69,62,42,7,40,12,86,26,86,39,25,19,25,74,40,65,83,83,31,49,50,13,95,22,21,99,97,99,96,70,95,79,26,32,2,84,23,81,30,90,21,8,18,53,20,68,20,22,27,73,92,7,33,90,56,71,43,2,48,88,53,53,4,96,22,80,25,21,71,35,73,14,51,83,38,85,53
75,42,46,65,31,98,33,56,92,59,90,63,31,98,18,20,17,20,61,49,80,4,23,45,68,70,80,42,96,94,56,5,36,41,28,18,80,60,12,94,87,60,54,90,29,28,9,3,48,67,4,85,96,46,51,65,48,80,67,55,34,59,85,18,50,47,71,20,70,17,24,57,71,84,82,61,97,68,7,22,1,63,5,70,52,5,1,65,81,36,48,28,92,88,9,14,5,91,78,28
17,72,11,40,62,97,50,5,29,75,87,42,19,3,41,28,45,87,8,62,50,15,73,90,15,92,80,93,37,69,95,90,62,34,41,89,72,34,27,40,20,42,90,80,48,16,30,68,44,40,56,78,31,26,79,38,65,60,13,99,1,81,64,42,99,98,77,19,11,70,39,76,67,7,56,39,27,3,45,57,99,97,29,30,8,68,57,12,90,21,93,92,23,18,98,74,30,79,53,70
0,54,15,54,21,98,79,32,95,26,46,56,81,30,2,4,31,70,37,59,85,3,25,82,50,26,7,52,49,44,68,50,9,2,94,31,55,33,100,56,28,28,28,66,44,16,12,6,79,7,69,39,42,35,78,18,4,59,10,92,8,66,56,68,62,40,99,69,11,34,76,98,46,90,46,20,52,29,9,57,93,85,53,16,19,81,81,97,90,7,73,81,91,23,45,13,66,26,36,46
98,61,100,6,26,24,48,42,62,50,74,78,89,29,46,99,58,99,99,52,53,32,39,68,92,22,29,67,62,38,6,10,39,71,57,1,65,46,69,68,43,81,83,15,63,23,86,77,97,97,51,100,30,19,96,78,51,32,81,69,88,30,96,73,40,44,8,16,6,50,60,24,58,26,46,23,79,49,18,2,1,70,17,57,57,68,24,20,38,26,69,83,50,15,67,58,76,65,79,87