29,52,94,85,32,58,1,92,46,97,32,65,94,17,11,82,15,8,63,80,36,19,44,77,75,72,3,64,8,90,18,45,78,57,72,9,23,86,51,93,86,20,42,39,28,37,60,66,21,94,1,16,23,78,76,95,61,23,61,53,32,45,2,48,74,11,16,27,33,35,91,14,88,68,0,95,70,46,3,73,70,10,73,57,23,11,71,49,73,90,14,17,71,51,98,49,64,39,93,49
3,27,18,2,38,22,75,1,26,6,19,14,35,97,3,74,29,69,22,19,25,37,12,39,61,23,81,78,35,34,78,79,89,67,80,50,52,15,88,92,11,72,18,91,34,41,29,86,97,20,43,28,46,53,52,88,13,24,66,68,94,81,72,13,41,23,61,88,73,27,58,55,16,60,24,48,49,51,31,79,72,87,3,31,66,77,82,54,40,89,83,91,11,78,46,47,74,63,24,79
24,11,83,51,42,32,12,69,7,14,25,93,27,0,67,29,57,80,4,70,21,90,12,10,53,27,30,94,90,42,3,36,50,78,29,8,3,19,7,35,34,88,2,50,4,51,66,54,51,83,6,70,32,100,24,90,34,30,8,4,57,53,14,76,53,31,11,61,83,92,35,55,60,98,0,42,51,46,24,86,16,14,50,15,16,95,39,94,75,5,49,30,80,46,14,69,42,57,46,70
35,67,20,30,51,47,70,72,56,55,99,82,1,80,56,88,20,72,97,40,24,89,21,18,0,42,37,66,69,22,4,14,39,92,75,27,64,42,69,52,61,0,72,43,72,59,61,19,54,10,13,95,24,100,80,79,34,81,97,24,7,32,71,12,85,49,57,82,100,50,46,96,2,93,4,4,30,24,75,54,16,78,89,65,42,68,6,70,100,98,9,53,6,91,0,10,77,43,90,2
36,63,25,73,93,51,93,27,32,76,91,14,45,63,8,0,56,67,60,25,29,60,69,88,55,51,100,41,19,22,2,2,67,96,94,64,24,37,21,90,1,31,54,53,95,30,7,39,72,85,40,27,93,13,59,33,39,91,17,77,33,39,98,79,43,95,3,67,42,61,66,17,10,85,36,64,89,0,55,38,35,85,54,33,87,66,72,39,25,68,94,9,61,83,98,23,60,7,75,52
72,34,81,4,26,84,41,41,37,58,67,3,16,12,95,31,36,89,31,92,62,13,51,39,29,24,2,56,99,71,50,46,30,52,0,74,11,27,12,35,56,20,2,61,15,6,11,93,20,69,26,89,62,16,69,47,60,99,62,43,8,8,58,46,74,54,91,8,30,2,44,82,3,3,27,34,0,7,100,66,4,18,38,66,85,48,62,77,12,68,91,27,73,37,85,31,81,80,60,38
97,4,45,89,24,65,87,58,82,20,87,8,22,20,92,23,40,2,75,23,60,21,93,52,82,12,30,71,93,94,68,51,0,37,6,48,9,34,83,91,10,48,31,49,13,12,49,59,15,10,78,1,42,38,52,27,25,0,45,81,48,80,36,28,98,21,11,15,10,7,10,88,48,47,71,13,71,83,96,28,42,83,63,5,74,21,14,1,2,46,39,76,11,45,44,89,97,27,92,19
61,7,21,19,13,38,95,86,31,99,86,29,7,32,26,22,0,71,97,99,20,19,12,42,6,56,82,78,62,87,1,71,51,15,66,75,8,35,68,42,28,79,66,75,90,18,34,95,97,69,68,79,56,64,53,70,69,82,2,51,62,71,40,5,90,6,86,84,36,71,71,64,95,68,11,47,13,87,10,2,13,82,41,87,46,63,26,52,57,27,30,34,6,31,67,62,17,51,20,14
63,48,45,99,52,32,22,6,68,0,69,51,99,7,78,48,72,11,49,94,92,35,76,69,2,91,79,38,59,18,27,37,53,52,1,20,82,63,71,65,6,73,50,8,97,22,5,15,94,37,36,44,67,31,81,12,76,47,14,58,2,70,47,15,54,82,31,27,26,45,27,14,47,8,93,84,8,23,50,52,81,8,25,52,48,34,80,76,13,88,27,67,32,89,35,38,47,89,21,59
61,2,96,8,65,75,92,39,58,21,19,54,95,26,75,67,32,66,92,27,17,75,18,0,71,59,51,49,70,49,29,3,69,80,22,35,27,35,45,80,23,49,97,92,36,11,78,80,67,8,11,26,4,52,5,35,7,58,21,21,0,72,18,71,80,44,97,26,10,16,52,96,47,80,52,41,36,12,14,72,1,1,55,39,36,96,86,89,95,71,13,17,1,73,43,28,21,7,32,14
70,86,66,47,3,78,84,1,32,51,53,38,43,77,18,24,19,87,59,66,61,6,83,47,33,88,12,52,25,76,90,86,82,90,99,99,37,61,42,100,50,19,40,63,96,44,76,90,0,57,21,94,29,63,25,75,85,99,71,74,62,75,59,43,92,93,93,50,7,74,57,88,59,57,97,55,99,36,86,15,6,82,51,80,7,27,32,80,95,16,88,54,89,34,22,48,20,75,29,81
51,22,26,75,79,25,28,20,76,85,28,100,3,13,94,85,14,45,75,24,45,5,72,82,6,28,97,15,64,10,50,81,78,79,22,92,68,26,38,92,13,97,97,64,90,32,40,28,78,4,79,75,98,23,33,63,9,57,30,67,62,62,19,38,76,56,89,57,15,57,75,61,61,92,0,20,12,96,38,2,25,26,5,5,4,8,87,67,12,24,83,75,38,69,90,46,65,98,53,15
43,80,80,15,28,94,87,65,97,12,85,31,20,84,14,78,97,65,62,68,8,8,72,58,4,74,53,85,53,79,61,59,59,42,56,48,23,76,99,83,38,48,61,93,32,76,97,36,66,25,57,63,55,65,90,31,2,84,52,6,39,30,7,1,68,11,23,33,99,13,41,73,99,93,16,98,55,18,60,68,25,11,72,11,46,70,43,81,60,19,2,56,94,7,71,69,89,83,1,80
58,27,54,69,79,35,46,26,9,70,91,83,50,84,80,51,1,11,47,13,7,73,79,28,37,70,24,36,36,59,20,50,52,97,86,64,59,58,49,79,36,45,41,14,2,65,39,92,37,83,17,33,78,54,69,89,17,37,63,82,7,13,45,62,28,56,22,99,24,17,64,47,0,55,45,84,70,86,45,48,82,87,80,87,17,28,65,24,36,48,31,46,89,36,45,80,86,47,8,67
47,76,78,100,49,96,14,22,53,68,95,16,50,53,47,62,95,60,13,14,61,0,60,55,18,69,13,6,58,2,22,15,37,34,60,100,35,72,30,21,79,92,43,81,98,25,44,48,69,39,60,57,85,26,59,13,25,48,42,77,29,3,73,67,33,37,13,76,97,51,73,94,77,9,75,75,27,7,13,73,21,55,72,80,49,90,18,21,35,38,1,91,15,57,88,72,97,11,38,20
5,49,92,71,79,11,39,31,96,57,52,75,42,26,68,9,9,53,73,29,45,78,57,24,23,66,55,53,73,46,54,98,16,62,28,43,72,33,18,10,65,28,27,19,33,28,31,7,34,69,72,53,37,72,21,57,69,60,7,9,10,75,88,31,11,41,31,88,2,95,31,67,23,37,80,8,20,87,45,6,37,19,18,47,3,44,37,32,96,30,48,76,80,26,33,68,69,95,46,40
75,53,61,14,10,37,15,49,95,79,89,60,10,77,86,16,60,36,2,56,8,93,25,57,37,25,42,43,88,46,66,10,97,7,84,0,61,37,55,29,17,17,4,89,96,74,10,75,69,38,52,15,24,19,47,90,22,71,64,46,99,80,71,45,76,76,4,99,94,10,98,75,45,100,32,68,51,41,78,51,56,52,71,93,63,61,0,37,20,76,83,5,22,30,43,51,38,83,77,27
34,56,42,96,86,52,68,91,38,2,73,58,87,50,5,32,71,25,6,87,74,88,32,6,5,10,33,19,68,78,24,23,96,62,20,4,3,52,70,40,8,62,96,93,38,27,83,20,92,26,3,77,84,74,92,85,20,11,97,94,97,95,0,70,86,40,19,86,11,45,27,54,80,93,4,51,26,37,16,66,90,23,66,10,1,48,61,76,73,42,99,84,6,45,1,1,9,54,49,80
71,41,7,49,37,69,29,97,29,55,10,2,4,54,76,67,12,11,15,77,88,7,50,32,16,67,97,81,78,49,50,73,79,34,100,50,62,53,49,40,8,47,75,55,54,70,23,8,85,36,59,22,79,50,81,17,77,96,60,56,22,69,27,75,47,28,35,11,20,2,47,33,43,0,33,11,47,6,63,71,40,63,81,44,66,11,78,69,70,2,25,16,60,11,60,57,45,17,93,74
7,26,6,22,11,63,75,54,18,78,61,76,78,91,20,71,1,58,69,90,94,39,84,49,60,36,16,89,24,31,81,54,38,41,9,98,3,27,97,89,63,61,58,78,53,78,43,39,6,27,29,20,100,73,78,59,19,58,78,100,91,77,40,9,26,24,39,88,39,88,7,49,38,52,16,44,53,100,52,17,74,35,61,83,93,64,46,89,29,53,37,68,8,23,18,70,33,48,1,56
66,44,23,33,48,17,72,48,70,72,60,89,47,60,68,59,36,74,58,26,48,17,58,33,100,74,85,9,100,16,58,73,84,2,75,16,81,29,26,11,57,61,71,63,96,63,42,83,64,53,84,21,68,14,51,59,77,96,75,70,27,42,87,44,50,39,33,97,85,42,68,34,81,28,30,72,8,77,47,72,70,13,16,97,7,84,29,90,77,0,8,55,88,31,52,89,19,33,93,61
25,24,51,62,74,41,86,50,46,8,43,60,24,52,8,30,6,99,56,82,96,12,47,6,93,85,77,93,72,70,21,26,75,85,0,66,72,78,91,94,42,15,32,38,36,12,62,30,45,74,16,54,24,97,82,15,90,92,62,88,17,41,67,90,23,1,23,66,67,44,57,18,44,67,48,6,70,81,27,82,65,12,27,82,97,36,4,63,68,19,55,29,36,34,76,91,41,71,77,2
72,54,52,27,77,88,33,32,21,45,57,58,40,34,5,54,21,70,76,9,79,32,86,69,57,6,21,74,22,74,14,6,80,1,81,64,73,2,43,98,0,85,45,79,54,73,100,20,96,23,92,100,32,78,9,36,22,96,14,0,90,45,24,89,36,29,27,83,10,100,56,91,51,76,52,80,19,31,84,2,20,2,56,34,6,54,79,50,63,18,7,16,35,37,99,10,80,16,97,80
80,43,1,26,63,23,19,39,32,41,46,33,73,6,35,98,29,89,53,54,67,1,12,49,66,16,9,24,15,51,80,34,55,93,82,42,74,38,70,12,5,64,48,71,82,35,91,72,3,5,16,49,24,38,47,66,99,77,63,87,10,98,4,89,98,97,60,17,19,95,25,81,13,22,83,71,20,66,26,52,62,82,93,44,22,88,59,22,27,2,64,50,20,96,58,63,1,29,18,6
40,50,80,95,2,97,39,40,4,80,63,81,21,16,53,75,12,68,29,87,72,90,15,11,80,83,48,80,66,74,84,71,68,31,16,84,5,95,53,65,87,67,73,97,66,10,17,41,17,67,27,7,29,9,92,12,61,35,25,41,80,95,53,31,57,23,37,47,35,46,11,23,29,86,86,14,0,48,30,6,90,80,77,18,44,23,11,97,82,73,88,76,20,100,43,32,56,73,57,67
46,56,77,84,100,9,47,19,33,91,10,35,28,1,79,8,79,63,86,57,26,48,17,9,0,33,44,71,77,41,43,83,36,2,19,78,23,69,51,13,71,44,45,37,84,37,31,99,97,26,90,97,4,17,61,71,62,71,99,40,17,53,73,2,37,49,82,41,70,31,74,84,90,76,91,43,88,95,54,17,85,37,25,4,65,86,92,36,80,62,71,8,85,80,62,19,75,29,21,82
17,38,65,49,7,1,96,72,6,76,32,7,55,53,12,56,45,86,30,73,33,52,82,46,63,33,72,38,22,62,80,11,87,57,29,23,74,64,2,9,81,82,29,17,3,89,94,71,29,34,8,34,73,67,19,86,99,0,36,35,31,93,38,59,97,79,26,8,17,91,12,99,81,87,19,85,58,44,62,23,12,43,62,4,83,1,88,18,34,3,4,42,31,73,39,59,40,36,2,98
3,89,57,64,61,85,53,81,83,27,26,43,82,36,78,2,58,49,72,7,25,23,35,82,42,51,13,74,78,7,5,9,2,58,92,41,0,6,13,28,58,72,71,20,4,17,49,30,78,60,51,69,71,92,8,86,11,11,24,29,52,37,38,6,56,78,49,89,13,97,80,62,41,57,13,41,96,2,27,8,11,76,77,7,95,13,97,61,23,95,21,38,47,42,26,12,59,5,79,73
98,85,52,95,34,16,1,38,6,41,40,36,47,8,87,78,58,87,92,53,27,33,31,97,5,99,56,72,27,44,2,48,82,49,52,61,37,65,53,46,81,66,52,75,23,47,2,81,72,6,47,45,13,88,62,66,41,72,16,93,23,11,25,42,53,3,58,19,71,17,53,4,5,31,16,21,80,24,29,10,88,97,78,37,5,16,45,41,29,92,94,7,8,61,78,95,81,56,83,48
84,98,99,73,64,0,60,5,66,24,50,88,39,75,62,78,0,61,65,38,62,47,5,61,45,95,25,6,50,55,100,24,27,87,38,41,56,39,70,29,19,30,26,47,31,53,13,56,64,52,55,39,41,25,40,43,80,33,73,53,22,9,55,3,35,87,66,52,22,48,23,86,25,72,78,35,57,84,15,67,23,81,72,45,62,69,42,97,48,99,8,20,56,37,87,10,24,24,24,37
14,0,18,37,55,45,26,0,31,48,23,7,24,67,5,62,91,22,16,52,64,86,51,51,24,11,79,13,94,78,98,76,30,2,38,9,3,14,70,10,70,28,4,29,97,0,76,47,79,48,91,89,49,97,30,62,93,29,16,7,78,0,67,94,18,72,57,41,59,33,15,43,57,98,13,62,26,25,52,53,10,67,19,49,100,52,20,77,51,68,71,58,29,1,23,13,97,55,85,66
62,87,8,67,73,22,17,53,63,55,37,50,40,21,72,22,83,29,55,42,88,2,21,24,44,93,28,66,1,80,64,64,69,6,4,59,23,38,30,39,59,92,84,89,33,76,22,11,30,32,50,39,5,49,49,29,79,28,37,2,1,28,74,99,8,76,41,68,60,42,8,81,29,85,13,52,6,64,85,42,33,87,79,80,0,86,73,44,24,10,89,10,80,26,66,38,2,59,27,99
22,11,99,77,70,58,52,86,67,36,48,7,35,63,1,24,30,30,78,16,15,34,22,96,23,79,74,59,10,9,50,34,75,53,42,71,62,65,91,66,29,19,19,16,29,23,56,37,74,6,52,53,60,68,90,56,7,37,15,96,37,89,4,50,88,78,85,31,94,16,71,54,45,16,35,96,10,32,34,33,7,7,68,53,15,15,25,99,23,86,49,87,40,15,25,73,97,45,10,63
96,28,80,53,35,57,88,7,88,52,35,7,57,95,65,13,12,58,41,33,79,34,8,67,28,66,87,59,28,34,90,7,61,65,40,49,56,79,14,87,23,4,39,50,42,82,61,86,65,46,66,37,52,87,74,3,85,25,12,100,47,28,100,95,48,33,65,47,33,99,22,64,47,85,44,93,95,38,27,12,93,94,41,23,0,7,94,18,76,95,24,7,94,34,16,46,2,55,85,87
88,70,27,39,20,36,99,62,60,47,86,7,71,84,65,51,99,43,26,66,17,46,77,81,79,72,10,31,23,98,33,16,56,6,32,26,54,71,62,78,26,5,68,39,82,11,30,83,13,34,50,62,53,73,14,35,43,79,24,33,63,35,44,44,70,69,87,49,78,11,89,57,44,93,66,46,67,15,56,2,58,32,30,75,22,57,38,81,29,14,6,47,3,15,94,61,84,37,59,94
6,62,53,17,36,38,54,62,10,37,65,69,42,41,21,92,30,47,98,40,82,41,4,46,64,5,59,36,57,60,35,50,15,90,70,14,43,8,42,38,92,4,4,7,74,29,91,43,22,0,39,7,35,58,14,80,44,10,37,4,22,84,71,24,86,63,54,82,59,97,29,99,63,14,1,48,34,12,94,16,85,35,33,93,60,24,26,62,47,62,14,97,27,10,10,86,20,49,48,27
98,60,43,3,44,86,66,71,61,80,42,31,21,87,88,52,55,63,78,85,47,0,15,21,17,73,56,100,30,91,43,82,30,20,65,8,31,62,90,43,33,83,9,85,23,88,82,58,33,85,27,96,49,41,98,25,22,0,16,12,25,79,36,44,29,10,88,48,58,61,53,98,4,15,48,68,100,0,43,78,94,35,29,82,81,46,80,67,25,24,62,87,37,24,90,73,84,69,69,91
64,94,15,30,8,9,24,98,97,63,35,75,31,88,96,73,79,99,49,29,68,64,53,19,33,23,19,94,60,40,17,90,22,100,0,94,44,89,13,71,94,94,60,19,55,63,53,54,49,62,4,92,49,47,18,63,74,88,65,43,63,55,64,82,40,100,69,49,27,40,88,40,47,64,64,26,11,35,29,4,69,12,17,56,66,44,60,64,7,66,49,73,72,85,81,76,18,90,92,83
91,61,6,31,63,92,28,47,46,49,21,98,86,26,31,98,73,82,93,68,87,26,59,83,45,100,57,11,23,83,10,82,88,4,94,8,4,27,93,50,40,66,26,5,93,17,50,11,91,80,65,20,14,12,2,52,64,96,95,45,36,97,12,9,19,48,83,32,42,11,75,41,37,78,16,51,35,98,41,6,82,85,55,71,12,26,68,92,96,100,98,63,5,46,21,14,9,95,22,34
5,78,73,34,88,48,44,5,31,39,17,50,68,38,91,95,78,64,73,51,39,44,9,52,99,58,27,0,34,87,90,84,92,54,41,32,49,81,84,10,40,89,62,13,27,34,84,7,21,53,16,21,5,50,92,75,35,13,83,99,95,91,13,52,69,8,46,54,96,43,22,26,63,7,59,34,91,88,84,23,2,97,9,79,99,96,75,84,16,66,79,21,92,41,80,16,28,62,0,35
24,44,63,15,62,40,14,88,6,18,24,76,3,20,56,21,26,14,55,49,29,29,47,18,71,44,57,91,52,84,28,32,35,95,37,7,65,3,38,72,1,67,32,38,67,38,72,23,44,95,77,72,100,100,91,95,10,89,74,6,79,74,41,15,49,17,39,100,38,71,28,70,16,10,88,2,24,57,99,17,96,62,83,90,9,78,2,12,49,36,74,17,22,64,27,100,41,46,92,78
42,49,95,83,13,85,76,66,78,13,28,80,26,17,89,33,42,14,70,61,64,91,41,44,45,91,55,32,98,91,55,80,83,20,11,38,11,25,37,81,17,85,7,6,21,7,86,79,56,49,16,22,35,27,0,29,29,40,41,72,17,24,14,96,83,55,63,54,71,1,19,19,44,17,49,87,52,53,71,39,95,63,87,61,33,97,62,57,24,31,0,24,21,18,81,53,46,78,87,72
44,17,19,38,5,37,5,84,5,88,28,29,15,34,20,38,82,24,95,39,96,55,77,60,93,38,94,29,15,85,75,74,1,54,73,38,85,26,50,37,5,28,62,38,81,38,35,15,54,40,7,84,8,56,39,7,91,77,7,93,17,52,50,78,71,2,83,96,8,67,29,58,82,80,41,20,25,45,86,96,2,51,18,51,83,78,31,72,38,3,84,97,20,61,49,50,47,61,32,92
90,90,64,89,45,35,47,73,1,56,57,24,74,65,92,72,97,98,89,80,98,89,72,96,8,76,80,92,73,15,82,61,45,25,25,69,96,48,46,95,88,65,77,25,71,76,62,33,97,23,8,91,25,100,56,48,83,26,51,50,65,15,71,42,24,83,16,89,25,82,95,73,34,4,60,49,21,22,40,38,2,22,82,100,67,28,96,45,83,0,31,60,66,29,23,62,65,2,98,41
66,38,11,48,2,22,49,87,91,67,52,5,81,42,23,72,1,79,42,5,59,73,63,79,27,3,65,40,46,30,56,69,67,92,46,70,42,84,99,51,89,85,48,95,62,40,21,8,5,86,22,12,72,100,17,87,73,82,71,60,95,66,96,78,32,26,45,4,95,92,59,97,53,1,4,41,18,18,54,33,23,28,4,62,17,5,56,62,2,53,39,77,36,9,38,31,79,68,74,76
36,21,43,14,9,45,54,94,58,96,58,25,7,65,45,49,76,56,54,13,75,23,35,73,70,90,22,8,39,13,39,34,65,94,31,8,51,20,74,68,62,68,17,18,81,79,39,19,15,16,30,45,92,6,90,62,60,44,69,62,1,51,49,15,61,7,83,96,33,86,51,7,50,98,25,7,12,37,20,36,65,13,35,28,26,77,62,94,93,10,16,28,62,38,1,31,94,67,3,74
12,1,19,60,56,62,57,46,96,0,56,72,33,72,56,28,81,52,14,47,94,12,2,69,81,61,11,8,64,1,35,8,67,63,6,51,18,44,1,9,98,28,16,56,26,87,64,85,28,25,95,89,56,17,30,28,23,27,96,75,61,30,8,64,4,24,32,98,43,82,84,16,11,88,26,85,43,15,34,78,22,66,39,75,100,87,3,65,63,37,34,76,13,57,96,58,41,45,95,6
26,27,67,55,51,11,16,81,67,45,22,8,73,12,85,0,38,78,77,12,38,84,96,50,5,50,15,30,69,93,53,18,6,68,24,94,81,31,73,8,36,61,79,1,34,67,56,46,54,94,51,77,15,11,36,37,23,90,25,26,32,46,97,73,60,58,54,90,36,26,71,24,55,91,22,73,8,54,33,95,9,59,97,90,83,59,70,1,14,98,98,6,51,89,28,93,61,48,20,25
61,64,9,34,96,28,38,46,67,10,80,49,93,68,17,78,79,66,2,57,78,37,78,29,29,8,17,74,87,2,73,37,29,35,78,17,84,73,13,78,49,61,11,59,81,46,18,92,93,31,35,82,9,48,9,85,93,5,7,17,80,66,54,56,34,62,14,74,20,10,84,36,95,1,95,0,58,64,69,13,50,36,9,74,42,68,41,68,84,17,42,71,0,65,57,62,30,47,48,8
86,68,57,58,52,63,15,64,49,25,12,40,17,23,19,60,34,76,41,65,92,13,35,4,60,53,5,87,6,26,23,20,44,43,78,17,97,8,21,88,28,69,3,91,39,28,5,82,7,77,6,6,33,25,17,9,56,42,93,54,80,91,87,24,67,43,40,90,3,41,48,34,75,64,48,77,31,53,33,2,91,78,19,37,17,25,11,12,27,43,36,35,35,86,15,3,66,20,8,18
8,65,65,61,55,62,91,66,33,55,1,74,65,98,43,65,37,93,4,60,29,79,92,36,0,100,41,1,58,0,55,62,3,49,99,67,15,88,17,81,97,51,44,43,13,72,4,93,87,64,14,89,70,98,81,76,6,90,65,30,91,40,83,25,87,18,3,53,63,1,95,71,63,6,47,11,55,84,85,60,54,74,82,69,69,24,78,5,63,56,35,14,93,28,98,25,26,23,66,52
74,55,76,93,38,94,78,14,3,97,83,6,85,80,89,1,26,65,21,30,23,40,10,75,90,61,84,37,5,8,17,93,38,7,76,58,40,12,1,62,19,3,69,81,34,82,59,25,2,74,0,89,35,62,46,82,90,44,78,43,65,29,59,57,44,7,6,62,70,46,70,73,11,18,46,58,11,59,96,1,54,87,56,50,34,46,68,19,29,17,62,45,19,60,8,64,63,45,6,77
60,0,66,60,65,57,0,99,30,30,59,91,94,3,23,35,21,10,38,32,67,26,91,79,69,86,49,95,49,56,38,1,61,85,53,60,53,81,9,39,38,25,37,23,1,23,15,10,18,48,41,76,87,80,1,15,63,88,39,31,53,97,92,57,33,34,4,11,87,13,5,78,29,28,59,72,55,78,43,35,48,81,34,13,31,22,77,2,10,69,40,91,3,33,48,30,62,65,65,52
35,65,36,77,38,32,58,55,62,13,92,8,100,17,81,85,31,46,23,90,2,48,89,4,16,2,90,2,84,64,94,50,50,85,55,24,93,34,41,26,23,85,28,79,88,7,75,56,90,18,85,70,91,58,70,37,63,55,4,42,58,69,37,59,28,56,24,93,35,31,95,92,4,70,14,16,66,1,71,23,40,18,86,82,38,61,58,53,8,56,5,36,0,49,36,81,96,8,20,59
24,18,21,9,55,11,9,7,65,17,83,91,12,27,93,49,21,1,96,11,9,60,98,66,39,1,27,73,34,29,71,35,39,53,5,72,21,12,27,31,29,69,76,86,67,1,97,15,13,8,8,0,5,60,97,33,74,36,29,34,95,42,95,74,9,36,91,47,3,38,24,95,4,45,98,84,96,7,73,13,76,62,25,31,58,36,19,77,87,49,62,4,50,93,77,62,3,17,41,68
78,0,82,61,4,37,4,8,97,16,0,7,12,73,37,13,46,83,56,4,46,34,2,85,51,48,74,85,74,58,2,1,10,42,94,16,14,60,76,33,30,85,75,78,17,2,71,54,6,76,73,17,92,58,55,17,28,27,23,97,26,66,7,14,79,36,9,60,34,48,51,33,47,19,25,56,84,17,20,76,67,0,14,23,26,91,14,87,78,78,56,79,78,72,26,99,100,91,93,84
97,73,26,58,30,80,91,26,87,2,37,15,89,52,51,66,5,55,68,67,50,47,39,41,17,44,37,39,76,5,64,29,2,52,16,3,83,26,53,60,13,56,81,61,90,0,47,34,77,72,15,32,73,84,61,40,75,68,30,95,85,60,99,77,87,77,85,7,53,51,24,3,0,71,5,33,4,54,98,43,8,96,32,76,32,89,37,35,94,68,52,83,36,40,43,9,56,35,45,68
25,62,79,82,76,41,45,3,3,51,34,74,42,31,72,39,75,21,36,33,39,67,3,54,82,30,91,40,83,7,63,3,0,14,62,18,83,85,3,28,48,44,5,60,8,80,98,24,83,10,6,10,91,66,98,60,40,79,93,53,65,58,88,10,70,66,6,63,34,9,77,29,93,99,9,56,65,73,96,82,12,75,22,17,22,37,78,32,93,32,72,76,0,63,36,10,48,35,34,11
8,29,27,86,86,71,84,86,77,79,32,42,66,49,25,62,5,45,28,34,3,99,47,12,18,38,99,45,25,16,92,64,49,31,14,60,39,49,6,71,48,38,71,26,69,14,11,89,4,43,41,34,10,31,91,20,0,30,63,87,88,71,24,88,66,13,80,66,75,82,36,71,4,2,12,81,41,62,98,100,78,64,2,53,75,69,37,93,71,97,43,9,35,6,5,87,67,47,7,25
70,55,12,73,38,39,78,98,28,99,13,51,11,14,96,4,27,33,88,31,29,55,51,1,39,51,57,70,54,86,77,54,6,54,41,0,79,29,40,7,38,88,41,4,29,46,0,100,83,57,25,50,23,3,14,40,81,91,87,76,16,28,16,99,2,90,14,11,41,69,84,13,85,32,8,49,41,43,49,45,74,78,30,74,12,60,41,38,99,79,83,85,38,58,20,97,60,60,33,95
56,13,71,43,37,100,52,87,24,27,82,95,0,19,64,0,26,52,30,64,0,84,17,81,27,82,93,31,54,60,55,89,52,17,33,34,32,76,46,39,62,26,24,32,0,69,23,12,88,5,30,16,42,46,8,39,86,28,58,76,70,6,29,65,9,54,53,32,52,7,55,67,26,32,34,41,42,27,93,96,100,33,58,65,74,44,99,49,99,71,70,98,21,75,66,59,63,96,0,2
14,5,47,84,0,93,14,12,84,46,16,32,50,25,73,51,86,9,98,22,95,56,76,55,50,75,0,31,99,87,37,47,0,9,37,88,5,84,98,4,21,69,48,24,78,97,99,19,90,50,59,66,90,32,94,13,66,92,92,21,14,82,63,13,84,64,82,50,37,92,20,73,98,89,31,40,63,14,76,61,37,96,69,80,99,30,73,28,22,42,44,79,57,39,38,23,6,26,100,80
73,36,30,56,22,100,8,24,4,85,90,75,29,34,32,31,5,42,98,82,55,84,30,63,36,4,61,55,57,33,66,100,0,70,45,69,9,17,100,73,2,67,31,72,30,44,77,22,2,22,63,19,80,24,85,3,94,59,93,11,62,72,41,45,73,47,76,40,10,69,44,15,67,69,85,35,66,69,2,91,56,44,97,46,2,15,88,45,8,37,20,86,39,45,24,88,60,47,72,65
93,95,25,45,44,63,86,62,14,28,94,23,71,55,6,72,10,97,70,26,7,63,24,88,51,5,18,68,41,68,71,85,4,47,1,7,44,74,51,4,59,43,9,94,71,45,0,56,42,47,30,10,9,97,84,33,91,85,67,84,13,40,80,70,61,38,51,3,93,49,52,67,79,98,86,57,99,77,59,44,98,80,42,90,100,26,76,89,82,77,95,57,4,35,79,86,6,37,81,99
12,75,61,16,97,98,6,63,61,29,30,8,59,73,45,7,17,74,37,63,95,57,19,61,92,45,66,86,80,52,45,50,40,62,12,27,6,16,71,65,20,19,35,62,52,0,53,91,51,64,96,92,89,54,99,83,16,49,72,65,65,14,26,57,17,53,91,99,93,8,48,3,51,29,52,29,58,81,91,52,5,50,86,27,27,47,21,8,63,65,89,9,72,27,86,0,57,64,46,70
17,83,10,6,41,14,15,46,54,16,92,71,8,62,76,85,55,75,33,45,17,57,85,66,85,2,46,10,74,24,37,80,86,24,68,63,11,98,14,39,59,2,72,78,67,68,78,34,44,75,75,16,62,14,21,80,85,79,21,8,73,7,71,17,68,87,16,27,6,80,75,74,88,93,70,62,52,70,37,36,30,95,31,44,69,25,77,93,97,75,10,80,53,79,23,71,88,23,23,21
41,66,70,9,32,69,41,56,33,16,22,76,76,6,71,47,55,75,31,52,90,45,88,92,26,85,83,14,33,57,31,12,100,71,94,66,86,53,84,85,82,49,51,100,71,16,76,98,49,78,90,43,71,12,37,27,79,97,53,87,84,49,99,24,33,94,75,56,0,39,76,70,7,54,14,34,41,29,76,15,94,27,65,53,70,50,73,4,95,14,76,67,72,96,43,86,92,73,88,57
94,33,41,19,66,18,42,9,86,57,70,58,68,95,69,79,61,45,33,41,43,81,95,75,55,38,73,13,13,28,24,72,93,62,86,92,75,68,5,64,43,54,67,4,64,95,18,52,24,75,44,24,80,39,52,92,28,19,23,44,13,17,43,38,83,86,33,55,74,48,82,54,70,52,0,85,20,54,79,37,9,90,0,34,88,26,60,36,36,96,1,27,51,74,56,61,100,46,11,49
80,14,48,0,13,26,72,53,72,86,77,42,24,58,8,35,78,2,53,72,8,40,18,44,72,46,94,55,51,97,50,37,38,49,14,22,74,25,42,14,88,40,39,46,68,2,40,27,73,62,52,94,96,32,68,70,61,16,16,3,83,6,87,92,32,97,6,74,95,12,38,85,88,70,29,46,11,98,10,8,13,80,84,96,69,5,74,29,97,86,17,8,48,68,41,4,58,36,37,1
40,90,59,46,8,42,16,68,99,37,74,58,32,67,58,15,10,36,32,89,88,23,0,41,88,51,37,97,92,51,90,88,65,50,51,16,72,74,1,70,39,76,65,46,15,61,90,53,99,57,20,21,36,81,49,100,2,3,91,53,51,62,29,20,1,75,38,77,44,70,60,64,96,57,79,64,89,52,59,61,90,60,33,90,16,63,43,87,37,10,91,9,49,77,69,21,0,17,32,24
51,27,90,67,7,31,1,88,52,5,37,6,97,18,14,64,44,77,63,98,64,80,23,70,57,15,74,74,12,88,62,50,52,15,39,14,83,98,32,63,29,21,62,2,14,36,28,14,10,60,44,9,59,53,75,61,73,29,10,15,56,70,85,55,42,0,94,81,28,54,55,53,60,3,14,0,34,63,11,28,80,78,9,53,84,12,6,62,5,67,40,88,5,0,60,66,74,100,16,53
42,28,27,10,29,10,23,39,84,93,32,50,76,40,92,49,55,33,73,27,11,18,51,99,84,41,29,0,35,15,83,58,51,44,26,69,3,11,89,92,100,40,33,77,51,14,54,2,11,48,48,19,38,100,24,93,99,51,9,13,88,85,74,18,78,86,90,91,87,43,61,17,36,88,19,81,90,94,64,32,24,71,45,38,11,95,4,61,81,55,79,24,1,75,29,61,64,100,27,79
45,33,74,88,71,11,37,49,88,5,99,32,14,58,61,27,79,69,76,3,95,26,58,35,29,66,19,2,13,64,28,1,43,49,54,71,61,46,22,1,6,40,0,95,18,65,20,62,32,29,52,63,18,34,77,64,22,19,55,99,63,69,96,68,36,85,54,17,8,69,47,1,46,61,94,70,13,95,12,64,25,56,11,34,34,77,36,31,73,60,51,96,73,12,23,51,93,1,16,87
71,32,75,30,68,94,9,98,30,36,48,18,40,56,80,52,53,94,9,26,6,53,60,30,49,58,63,80,80,61,54,15,29,66,30,13,22,93,67,78,71,73,59,34,16,71,27,29,78,50,63,56,89,81,68,78,51,24,39,17,58,74,67,65,25,38,75,76,40,0,79,40,66,8,42,16,18,5,12,58,47,91,64,39,28,29,89,1,87,74,42,7,28,57,59,97,93,48,28,26
25,81,62,74,49,63,92,65,56,42,90,79,1,85,10,70,0,43,2,71,100,100,4,86,66,88,25,36,4,16,83,4,89,99,28,11,47,29,2,47,96,60,6,65,98,3,77,51,18,91,13,50,100,48,11,3,21,57,68,55,10,38,82,64,79,38,6,93,19,39,53,87,28,79,32,60,81,96,95,58,56,67,57,100,58,66,87,55,9,7,92,36,4,82,58,61,44,72,70,49
45,27,85,77,49,18,28,79,34,24,97,83,69,35,14,100,97,55,39,60,50,35,97,47,28,18,56,97,43,20,53,56,13,68,10,34,37,0,77,33,62,30,100,16,22,37,56,19,73,10,14,13,69,0,97,0,66,60,95,67,11,91,77,13,72,57,33,60,2,34,20,1,74,41,93,3,59,69,24,83,45,69,17,45,65,23,91,79,95,46,41,92,48,42,77,54,94,51,97,83
40,96,36,48,58,87,78,6,18,17,12,61,10,51,100,31,59,84,68,6,95,19,85,16,98,65,11,62,74,40,100,58,5,70,86,13,59,85,87,80,34,1,39,53,74,58,29,28,91,86,38,16,30,87,61,53,63,10,87,13,89,79,68,86,19,2,89,69,3,45,49,39,76,50,11,55,98,11,65,58,9,66,61,73,45,34,59,85,21,28,65,51,45,34,71,61,35,99,73,40
92,39,98,6,45,22,6,55,0,40,30,96,72,33,48,68,82,31,79,76,20,21,57,65,73,74,91,85,10,71,86,89,51,37,3,16,2,48,100,48,13,67,1,85,78,41,5,14,27,43,1,94,69,82,2,32,37,54,85,43,84,32,54,52,91,41,40,94,1,27,100,59,51,72,55,33,34,91,75,85,99,1,26,22,23,40,45,9,31,15,70,38,45,34,95,34,69,86,76,71
76,92,7,34,99,4,27,6,73,29,9,5,25,36,67,15,89,91,48,35,63,85,38,79,38,80,24,72,68,14,22,85,54,8,37,29,46,78,18,69,16,84,81,25,71,72,37,60,58,36,49,6,89,22,23,4,33,93,4,29,12,2,18,88,4,40,62,80,78,3,13,27,6,46,16,27,62,41,30,13,48,49,3,63,36,89,81,42,96,27,43,70,68,64,60,37,38,0,84,93
47,50,50,0,2,56,42,11,81,89,93,84,74,18,21,81,44,57,50,19,38,55,81,100,43,58,55,43,33,42,70,28,41,71,2,71,65,33,28,63,99,58,4,92,67,91,0,28,98,47,5,83,12,8,69,70,23,45,20,44,25,55,52,46,88,0,21,5,43,32,35,43,15,70,47,84,71,34,67,93,44,60,18,96,36,64,48,34,79,18,51,31,26,89,32,76,32,10,71,29
56,37,11,82,81,68,79,88,17,72,27,65,86,38,64,93,89,72,1,46,88,79,70,86,17,77,90,4,59,100,43,42,13,27,2,35,66,83,36,98,75,81,73,17,17,31,11,85,24,42,58,39,44,68,95,81,2,24,68,9,32,9,3,0,6,7,43,99,13,63,69,81,84,11,41,38,24,76,46,27,12,87,60,9,54,85,77,96,71,80,25,47,47,28,37,29,39,65,78,82
41,35,49,18,11,89,16,54,12,28,76,82,13,45,8,100,62,36,17,49,24,74,43,89,53,46,97,80,62,37,25,76,51,91,73,66,55,6,86,44,2,17,61,95,60,72,48,59,71,77,43,58,10,86,86,18,2,13,97,71,38,81,0,99,75,69,12,21,12,68,86,6,26,30,5,14,10,10,33,71,55,2,94,1,11,51,28,85,56,22,12,80,93,91,14,49,30,13,21,92
99,22,94,68,0,45,31,78,88,1,84,75,24,15,95,49,40,61,35,14,38,12,12,52,41,47,80,73,88,85,38,53,7,30,25,75,53,67,42,63,50,28,33,1,45,33,30,42,43,95,33,5,38,59,39,60,43,96,100,5,27,56,68,95,28,18,24,41,15,82,29,19,83,76,59,24,74,85,25,41,2,31,71,9,41,51,57,46,98,49,89,92,50,63,85,73,11,89,2,37
18,79,0,84,9,77,33,88,90,51,37,58,30,84,1,20,6,5,51,45,1,78,88,29,82,28,5,4,24,74,98,15,21,38,2,43,12,69,78,4,6,38,26,15,17,72,12,15,21,36,0,35,19,87,15,92,17,80,60,81,100,77,57,57,44,37,81,37,15,0,66,89,95,42,18,32,21,21,12,93,38,38,70,42,0,93,93,10,6,40,6,51,32,45,66,99,71,26,28,96
30,28,58,67,82,32,46,83,31,78,76,10,73,70,49,3,1,12,14,74,25,16,20,0,44,56,64,76,82,23,98,77,51,17,38,71,49,43,54,70,17,56,62,89,3,59,91,16,30,73,25,20,45,66,59,78,66,40,73,75,41,36,5,100,39,70,51,39,97,4,66,23,52,25,46,63,21,47,7,25,34,22,42,77,3,94,83,71,78,16,42,58,34,16,80,32,60,79,38,12
51,73,91,1,94,82,2,87,83,28,33,59,11,70,80,92,39,58,71,61,96,81,59,67,82,43,87,39,91,62,74,79,82,8,79,27,8,7,66,16,94,45,61,75,100,3,60,11,75,66,93,70,31,13,33,82,10,18,13,0,58,67,64,6,83,41,31,32,39,24,63,56,53,21,34,55,28,53,29,96,58,39,91,5,35,84,26,20,71,32,1,21,71,74,71,100,77,6,85,60
92,29,44,79,96,58,63,88,27,70,55,31,76,92,17,97,32,24,38,27,92,16,42,4,44,91,65,35,41,91,77,81,97,40,84,28,47,53,71,33,40,41,27,30,78,89,62,73,16,27,66,85,6,97,10,92,78,76,21,52,31,95,10,12,64,55,8,28,18,11,94,96,69,90,3,68,94,76,47,78,70,95,68,11,69,22,47,20,28,1,13,74,52,1,5,62,38,56,47,33
13,21,80,54,53,26,40,6,74,45,13,59,20,36,80,46,19,100,31,17,97,87,13,5,57,81,72,14,2,72,83,47,5,3,24,38,10,24,55,100,70,88,18,99,19,26,56,0,79,51,96,87,85,71,35,61,62,96,95,8,1,86,83,31,28,46,80,40,30,81,61,34,25,97,36,50,49,21,80,54,40,40,29,79,67,93,68,97,88,6,43,42,71,63,62,28,24,12,92,5
94,35,65,14,73,17,67,44,77,11,44,60,74,54,59,53,63,18,40,1,47,27,26,94,51,89,8,60,86,67,25,7,17,73,49,94,95,55,31,66,8,1,2,57,97,14,50,99,17,41,41,27,31,24,52,25,98,64,31,60,85,89,14,33,62,45,91,17,99,99,99,56,95,76,41,96,47,30,37,40,0,56,6,75,25,87,26,20,31,37,21,88,55,21,83,48,97,50,60,6
21,46,76,43,57,43,6,16,78,18,63,62,72,39,62,18,50,7,10,34,46,0,31,21,49,74,2,94,60,43,85,1,28,54,27,5,66,4,3,16,8,66,17,37,96,14,29,10,39,0,82,66,41,99,86,60,93,39,16,60,66,15,59,15,90,86,48,49,95,69,62,65,90,83,46,11,31,97,12,79,95,68,36,62,26,37,79,17,12,97,12,12,87,22,94,50,0,2,56,82
71,28,56,51,42,5,32,18,31,88,70,31,44,66,70,99,45,19,91,16,43,0,36,29,17,16,23,15,12,37,92,36,36,95,23,15,100,20,1,29,77,18,6,70,69,31,41,86,22,29,52,14,44,84,59,87,39,99,0,49,13,21,36,66,88,56,46,44,3,31,88,68,50,6,78,27,29,66,79,83,30,42,13,25,22,41,75,17,54,28,65,52,37,80,9,100,40,54,10,87
8,8,60,4,81,60,78,4,46,94,68,23,0,89,38,15,49,8,3,52,70,78,13,46,61,65,40,3,63,63,30,9,22,97,37,81,59,74,32,46,23,100,15,98,78,88,38,25,33,28,52,85,67,61,37,72,86,92,32,37,38,44,55,70,24,53,5,42,48,12,4,38,21,41,49,93,87,26,93,94,99,24,35,66,12,15,98,2,24,58,79,42,44,24,76,58,59,53,16,71
8,16,65,69,76,11,80,18,13,72,26,57,71,47,42,41,49,10,96,86,35,82,45,32,78,88,49,63,70,13,45,42,98,45,83,57,0,57,63,62,81,49,14,58,55,57,85,83,30,59,46,11,52,14,12,15,77,52,28,74,5,3,67,87,30,19,88,49,50,26,29,99,78,68,97,24,1,74,68,12,97,73,44,8,85,10,26,27,54,56,99,49,86,48,94,52,19,49,7,38
76,10,2,2,5,97,52,12,72,30,77,96,78,40,54,3,30,35,66,46,54,23,86,65,87,58,35,37,3,100,62,52,6,63,50,87,35,50,0,47,42,26,16,2,73,54,100,32,74,97,30,83,94,55,12,98,19,21,100,37,77,83,13,71,37,90,43,3,1,95,42,100,32,5,35,60,32,45,23,8,88,33,4,47,81,52,68,63,29,99,75,12,66,42,31,47,72,100,63,73
81,78,2,66,40,64,95,92,88,86,85,40,42,1,87,2,56,37,42,43,83,40,69,51,6,26,64,15,16,96,6,77,58,9,34,92,4,84,68,20,77,25,10,61,5,72,41,23,25,99,30,8,65,34,95,57,86,51,87,30,58,60,71,56,83,49,44,100,34,37,95,24,3,81,25,16,78,93,93,83,24,82,95,38,57,31,85,8,8,4,54,34,37,48,84,43,86,31,46,93
54,0,80,85,98,79,4,84,9,39,28,90,4,4,29,94,76,3,92,81,62,27,75,10,28,79,1,53,53,65,11,29,5,0,71,81,69,27,5,85,50,27,62,82,79,36,31,1,79,45,79,25,15,40,37,93,53,20,79,16,63,72,3,73,80,88,43,73,23,26,21,18,91,62,43,73,8,89,53,56,88,39,61,12,93,24,65,74,78,17,85,5,82,53,75,63,59,40,39,84
60,35,55,42,63,4,23,65,31,10,8,93,12,12,25,56,80,85,79,0,18,58,45,69,52,63,16,61,31,58,27,24,29,64,83,27,23,45,41,100,11,53,41,72,26,85,92,42,70,20,10,9,92,87,98,18,89,73,68,12,74,79,16,58,83,28,57,28,18,67,55,58,67,16,95,69,98,36,58,73,53,2,74,53,16,36,43,59,23,97,23,25,21,24,92,57,22,9,78,34
4,8,2,49,66,47,21,20,47,66,7,24,82,10,19,33,35,6,94,71,20,50,32,5,53,63,44,27,89,20,83,54,70,92,37,57,32,37,9,30,84,86,92,33,18,0,62,90,25,68,52,7,56,41,63,24,83,78,93,88,67,14,3,18,93,88,23,90,22,60,30,37,80,71,86,50,34,63,100,84,37,20,75,8,11,37,28,98,11,78,32,56,62,36,0,23,22,23,89,10
51,0,8,87,93,38,26,37,24,84,100,100,69,13,6,24,69,28,58,5,95,22,75,35,52,43,17,83,72,58,18,82,43,12,20,93,42,67,2,24,71,63,76,42,91,81,5,52,76,84,51,33,13,77,23,35,18,7,19,73,75,89,42,71,0,19,37,34,8,50,95,90,82,74,44,4,17,6,36,82,78,42,48,28,9,37,88,61,90,10,82,14,62,57,19,42,15,56,43,19
13,24,5,32,45,43,36,42,77,91,37,20,90,89,2,87,91,77,39,61,53,95,44,82,34,27,67,18,12,7,24,90,57,55,61,30,79,81,18,80,91,55,14,70,40,16,50,59,4,33,35,88,93,35,82,23,54,7,16,40,57,29,15,10,22,27,90,75,16,80,73,84,39,100,9,7,42,42,0,65,59,95,70,7,91,25,53,94,87,0,34,88,68,100,9,65,61,80,30,18