45,59,86,90,83,38,43,19,60,49,9,57,67,98,42,56,62,45,30,61,100,74,58,39,90,5,52,28,78,8,72,35,68,49,51,47,95,3,45,67,89,79,89,36,88,15,73,74,18,89,93,27,59,9,37,13,20,56,53,98,15,1,7,51,53,55,83,34,83,7,11,45,28,32,78,71,66,83,52,67,1,30,86,33,52,3,1,15,14,13,83,45,71,73,35,82,61,26,60,30
21,16,18,86,45,11,29,9,22,39,99,58,8,31,89,45,89,0,71,56,70,37,28,80,35,62,57,34,98,79,42,63,35,25,81,54,2,96,67,20,73,20,12,9,11,88,25,87,21,95,45,60,86,38,99,21,58,73,78,14,55,28,100,53,82,28,63,91,52,20,77,29,24,6,79,68,92,9,15,25,22,1,14,52,92,32,93,3,4,40,9,37,32,98,80,6,82,34,41,8
80,47,38,75,57,91,58,22,0,73,53,40,14,66,18,97,81,78,92,96,2,99,26,61,25,98,6,21,18,64,55,79,85,68,61,87,90,47,24,88,79,52,0,82,86,44,29,58,98,94,67,88,20,26,91,12,15,61,6,6,70,47,50,37,99,42,32,91,37,67,9,66,93,58,29,77,60,37,5,34,17,76,38,52,19,16,59,84,8,17,1,29,82,50,77,78,24,57,23,45
16,49,77,49,86,26,21,84,55,14,62,30,95,16,43,36,1,64,55,83,76,84,90,20,7,15,90,57,50,86,28,45,1,57,30,60,6,65,55,34,44,40,7,84,15,3,65,61,40,88,99,39,5,17,83,94,12,73,54,59,10,27,9,72,35,39,75,40,66,9,34,78,61,65,24,52,72,42,29,1,58,53,37,97,8,10,41,86,82,69,97,65,27,46,6,27,35,82,19,66
46,20,91,44,2,62,87,89,15,58,89,0,20,11,48,62,25,1,13,54,30,96,96,23,60,16,0,72,51,29,88,95,87,5,42,68,45,6,70,79,24,84,38,19,69,19,81,20,78,63,68,84,76,21,43,89,77,72,41,74,28,46,86,39,92,93,12,3,71,49,73,16,38,42,100,70,20,27,76,100,5,29,3,62,32,51,84,81,66,89,0,93,18,9,77,95,53,27,20,1
33,18,70,19,76,69,24,91,24,31,6,67,4,63,99,84,7,72,16,3,74,55,4,21,97,6,20,99,32,25,21,14,51,61,8,19,57,42,38,80,87,78,78,84,14,78,12,52,75,25,42,51,61,53,70,97,17,47,41,69,34,17,1,54,33,5,83,68,84,89,45,77,16,56,65,79,63,24,56,6,56,32,71,92,59,40,36,27,77,63,26,53,25,34,34,16,4,66,83,91
23,17,54,97,11,59,89,42,80,36,42,47,7,96,8,20,14,99,72,98,78,22,30,85,95,88,36,11,1,26,80,47,95,52,27,79,65,16,72,29,7,25,12,94,75,2,87,48,0,55,11,65,22,1,9,93,43,77,41,58,6,45,51,23,18,47,79,39,84,18,71,57,15,8,51,33,0,58,13,38,89,45,54,43,59,35,20,9,9,45,74,85,15,22,26,57,77,2,24,68
24,37,60,63,34,10,97,87,34,72,8,42,46,74,37,52,44,100,97,46,3,13,95,20,55,81,88,100,20,74,40,46,71,88,91,93,79,29,7,17,96,81,2,19,83,69,49,67,39,34,97,17,48,42,98,69,89,95,17,82,77,22,16,99,20,93,51,35,83,11,29,11,84,57,98,44,28,95,43,36,29,79,90,86,54,32,100,37,38,43,55,91,100,8,68,33,9,22,59,41
21,27,95,30,64,74,82,66,83,93,99,12,51,65,48,11,99,20,75,16,98,24,68,69,26,91,1,61,23,63,21,78,95,76,37,74,44,94,78,64,86,5,77,97,9,72,17,29,61,37,42,54,29,14,66,13,23,42,97,39,70,83,33,22,83,63,54,37,49,16,98,98,38,13,51,100,82,46,22,95,64,70,82,62,96,4,40,51,35,46,40,0,11,83,43,30,57,6,21,50
24,6,44,100,1,71,73,31,94,59,42,58,15,11,26,2,39,22,100,82,52,74,14,82,78,49,85,23,13,73,81,80,1,89,52,45,60,20,68,58,91,96,38,91,8,60,68,28,66,95,33,47,43,82,50,17,83,82,85,1,70,99,13,69,55,78,86,12,55,11,1,27,42,68,94,35,24,52,100,9,67,25,59,87,90,61,31,80,11,87,12,21,12,30,93,0,56,91,5,16
44,19,100,1,28,71,7,24,87,93,75,43,33,57,29,90,64,53,4,89,15,50,61,28,13,69,99,23,40,32,22,80,23,30,23,46,58,40,55,3,27,44,38,63,37,53,6,39,17,78,77,35,89,5,83,23,68,41,27,50,72,44,10,99,2,81,47,48,43,84,34,83,22,91,8,4,76,84,97,60,77,60,49,98,2,42,48,69,39,52,74,82,100,8,42,43,49,39,45,79
52,86,67,87,42,27,14,12,36,71,11,67,30,19,30,88,4,22,11,34,92,97,69,13,16,61,83,65,99,51,80,69,96,88,57,4,11,77,75,93,7,32,87,98,75,55,4,2,52,85,1,16,60,34,67,35,95,70,75,69,21,57,39,78,27,38,19,69,95,13,21,76,45,28,18,78,19,18,77,53,84,28,9,79,11,46,56,51,36,62,16,42,27,94,18,2,64,90,90,1
93,2,78,43,81,36,49,94,82,18,0,20,40,21,12,30,100,44,60,26,9,6,62,52,73,2,72,10,12,11,81,30,56,28,11,25,88,25,15,65,69,30,2,73,88,74,84,9,34,0,53,70,51,21,4,48,59,100,4,17,57,93,41,11,55,47,69,57,1,9,87,45,38,28,100,53,100,42,89,69,43,55,85,78,83,32,98,56,53,20,12,46,61,51,60,99,22,30,71,10
67,2,3,44,20,2,59,18,6,63,69,59,58,77,58,86,87,36,10,62,56,36,34,84,32,26,45,50,16,60,72,52,22,92,12,60,13,43,12,24,62,43,17,22,24,68,54,33,11,29,81,7,7,82,98,20,82,19,88,99,24,89,43,15,96,39,66,80,85,1,59,80,48,46,54,32,15,55,43,7,0,5,87,1,38,88,50,71,70,97,26,62,48,42,29,31,95,32,85,49
31,22,6,69,80,37,92,91,1,41,22,4,14,21,67,80,26,59,35,6,39,53,38,20,86,13,60,26,59,35,73,24,72,83,67,99,41,15,4,47,25,80,87,80,69,2,68,67,37,86,45,3,16,88,75,87,40,90,82,4,28,93,40,29,95,33,43,20,59,0,22,11,63,1,28,19,30,62,84,85,14,95,39,13,82,42,72,79,49,28,74,49,34,35,65,80,0,59,70,60
13,65,98,91,53,8,35,85,94,80,27,95,37,97,100,4,5,40,27,1,4,96,84,33,95,34,50,51,30,79,57,23,34,97,53,81,20,71,25,38,4,100,68,30,75,53,18,38,50,1,75,25,100,35,36,93,38,76,94,15,33,95,82,83,12,87,63,47,64,81,44,68,25,22,89,34,77,86,51,46,86,66,75,15,14,83,67,47,77,12,58,50,20,75,42,59,33,56,54,3
27,26,53,20,96,52,49,54,49,60,6,42,12,2,46,14,55,6,87,29,51,29,95,34,3,58,52,17,98,79,45,91,21,59,37,32,42,21,80,12,40,76,33,90,35,34,83,79,12,60,28,64,48,99,16,55,17,7,81,87,69,49,86,54,58,52,52,36,95,99,21,31,41,91,45,30,6,47,97,65,24,39,31,68,29,73,74,39,75,6,20,92,24,16,18,67,7,17,72,74
3,85,80,51,39,60,80,73,69,35,58,35,30,65,18,2,53,79,92,79,93,21,19,76,96,15,57,36,80,80,62,7,28,95,49,38,81,56,58,64,28,85,68,59,64,10,13,45,75,85,2,18,91,78,31,46,61,89,66,65,88,32,85,92,82,71,33,95,41,72,35,59,49,24,86,84,33,94,11,18,67,60,94,74,2,13,36,52,54,71,11,46,11,45,5,91,4,100,0,79
10,98,93,70,19,67,79,15,16,3,8,79,9,71,78,42,61,3,12,7,37,88,53,71,4,23,20,68,6,43,98,14,59,41,59,89,19,62,34,53,18,87,68,91,95,32,21,28,9,30,46,16,83,65,83,21,94,81,60,0,91,85,78,76,49,38,93,97,42,76,75,61,49,92,9,84,98,10,99,57,83,97,57,10,39,71,2,22,61,58,39,15,17,99,38,83,48,87,25,98
81,93,48,21,32,70,86,97,4,29,56,44,63,28,84,61,21,21,48,89,47,41,50,39,97,29,22,62,89,86,11,98,15,72,97,6,5,19,65,22,87,47,96,86,37,99,7,65,10,17,73,74,79,1,59,84,49,33,49,61,70,74,68,58,69,71,1,64,45,94,30,99,9,95,62,39,66,60,0,57,42,3,60,3,36,52,50,24,9,59,21,77,81,96,71,53,58,5,30,77
3,53,51,14,89,15,10,34,60,75,78,22,4,80,67,55,12,51,93,51,55,63,18,84,5,16,90,55,64,46,11,31,55,61,46,45,41,30,12,23,48,58,16,24,46,33,16,59,27,0,42,87,10,5,12,47,21,88,92,75,57,8,81,76,13,85,51,63,29,40,23,1,84,49,59,53,2,15,96,34,42,10,8,57,99,78,34,40,99,17,42,74,79,89,28,81,0,60,7,87
69,18,39,37,63,78,59,66,30,100,68,20,20,35,6,87,54,43,64,14,26,9,82,13,36,10,51,46,23,14,77,8,38,22,77,22,99,81,89,20,20,15,45,52,94,56,66,86,14,41,7,30,97,67,23,54,34,53,3,51,27,7,79,35,5,74,66,93,39,46,97,49,45,80,83,65,77,70,93,15,52,36,47,17,64,33,45,6,67,8,86,67,98,51,26,81,92,13,91,53
0,47,94,75,51,85,41,76,30,62,4,50,14,41,55,40,79,32,94,98,84,46,34,9,85,37,73,31,69,1,56,27,38,82,77,31,41,97,87,68,61,31,93,35,63,55,91,18,11,45,72,22,52,51,92,81,50,70,88,19,55,36,83,60,80,49,44,4,4,20,60,14,51,89,71,100,59,71,48,24,56,3,52,66,16,13,24,29,29,42,35,73,41,98,91,81,74,29,69,91
77,1,60,40,24,90,37,47,0,10,68,10,84,77,29,51,47,82,38,19,32,83,86,91,96,70,60,84,71,64,41,7,51,68,8,7,91,83,35,57,88,44,99,6,0,5,8,1,65,83,26,95,48,73,86,7,11,66,38,82,38,49,3,14,87,45,94,63,99,95,6,20,96,16,34,37,94,29,20,31,39,5,76,60,97,92,32,51,99,62,16,63,72,59,32,77,9,60,37,65
30,89,91,19,58,43,45,48,39,3,60,89,71,39,17,43,84,78,17,42,41,90,37,67,27,18,56,20,74,94,23,88,84,83,69,43,76,76,53,72,88,82,96,22,6,88,44,66,3,5,5,92,97,72,91,17,49,94,6,94,18,85,100,71,55,1,14,86,68,73,98,31,71,25,9,49,63,66,12,6,3,66,7,51,3,86,88,98,59,0,69,35,3,79,32,89,79,38,75,71
93,44,78,25,68,69,60,38,86,74,24,26,97,79,41,21,64,100,39,22,29,16,62,74,75,80,6,39,12,12,46,34,51,54,46,22,100,43,5,47,61,90,69,64,11,33,27,32,10,72,69,4,5,66,81,44,17,88,54,35,2,53,25,53,55,59,25,63,40,7,45,92,50,26,26,70,66,82,58,63,87,81,80,24,89,47,88,16,67,100,65,56,41,40,85,24,70,100,53,39
87,62,3,57,4,69,54,64,9,31,78,1,88,3,67,20,2,15,51,61,21,42,43,13,36,78,31,33,86,87,100,36,78,43,63,7,15,30,7,84,51,87,63,10,80,13,36,64,17,71,17,47,53,26,22,75,21,19,20,19,40,49,60,7,81,89,96,3,61,66,93,95,47,73,33,54,59,44,97,43,4,83,67,79,53,17,2,56,99,19,15,16,11,81,41,8,13,6,43,73
45,25,12,75,45,96,16,30,91,57,80,32,97,29,30,64,19,60,91,89,37,69,3,95,64,7,94,38,38,77,46,30,73,0,48,0,20,76,23,33,36,74,93,38,53,81,57,18,99,15,92,100,30,53,7,51,87,21,54,28,66,31,86,38,75,12,77,17,3,70,9,55,64,12,95,1,7,48,23,84,25,97,65,49,51,98,92,70,66,46,92,73,69,47,90,73,10,64,71,43
16,60,47,95,55,18,65,6,56,12,34,64,71,69,42,64,90,85,24,75,14,6,86,65,29,82,17,77,15,75,88,35,25,68,48,71,14,30,70,93,48,77,95,38,92,56,6,40,85,92,52,74,77,90,45,95,88,22,72,50,44,79,92,28,89,79,8,11,91,69,99,95,3,49,25,77,97,12,78,41,14,90,1,19,0,25,62,51,41,51,77,59,99,27,42,28,65,25,29,32
70,69,96,65,38,46,46,0,86,22,63,20,43,70,13,89,17,37,4,88,35,48,23,84,80,46,61,9,35,18,33,91,67,85,68,21,70,52,69,60,91,88,67,18,82,56,81,17,89,34,27,93,44,47,40,78,79,6,55,96,51,80,13,84,70,56,68,41,98,3,52,100,80,40,71,72,1,38,71,77,17,88,81,67,16,39,47,2,7,56,39,57,3,32,87,3,41,82,100,87
45,45,80,24,6,42,74,87,48,56,56,5,53,99,8,64,29,18,78,81,31,33,10,59,19,72,94,66,53,43,64,74,93,77,19,35,42,42,50,43,68,8,54,87,39,56,8,99,87,75,30,56,49,66,31,58,80,92,81,76,15,0,95,44,7,100,65,5,55,73,51,56,43,39,33,32,13,92,21,97,59,2,58,88,95,43,58,47,64,57,35,41,34,58,91,64,95,3,15,15
58,68,96,78,31,42,32,58,35,35,97,79,48,13,10,27,36,64,89,68,6,64,76,43,25,36,64,69,32,20,33,89,56,0,71,98,56,57,20,56,81,87,26,10,13,12,77,51,66,2,36,50,45,31,99,39,29,50,42,14,28,82,37,7,99,53,91,96,8,46,93,29,38,70,19,18,62,27,69,88,49,100,37,85,80,30,65,28,93,78,38,100,75,75,20,34,5,93,7,30
2,97,83,34,91,56,54,81,39,21,88,45,43,91,1,51,90,38,56,58,59,96,59,57,36,21,64,61,58,68,51,47,50,48,100,40,8,75,33,88,34,56,77,9,12,65,78,70,9,67,28,24,89,18,35,18,53,71,66,98,10,70,38,96,83,26,57,99,91,8,44,71,100,74,4,15,80,10,73,3,30,71,65,34,21,43,23,55,77,82,21,23,56,81,99,73,2,91,94,17
28,70,76,35,98,89,98,10,51,41,47,48,62,48,10,62,3,38,18,68,23,53,49,57,97,35,51,45,79,39,77,77,33,52,59,31,92,55,29,37,97,55,67,39,88,56,33,26,4,48,15,16,73,81,72,95,0,36,65,88,28,29,31,75,21,58,91,24,99,49,0,76,26,9,33,72,38,92,85,90,35,57,57,19,88,50,81,1,90,84,93,2,78,35,37,88,73,40,62,70
41,95,75,100,86,27,4,49,33,50,74,98,71,48,91,88,35,90,96,27,73,46,90,75,94,33,30,96,14,71,11,33,63,56,24,99,20,62,8,45,61,27,44,98,51,92,50,4,86,70,94,56,17,67,38,82,46,58,80,36,6,42,31,42,86,73,4,3,71,62,45,64,45,49,2,0,31,92,61,61,24,6,32,96,81,83,52,33,64,29,13,22,53,60,20,86,87,99,70,42
94,99,5,31,60,83,43,22,81,40,16,39,95,8,10,52,48,3,60,71,18,87,22,31,86,21,83,12,70,2,100,50,2,91,86,22,36,57,88,28,100,76,60,31,17,83,74,3,5,6,3,81,97,23,20,69,95,79,27,92,31,16,39,21,99,38,33,84,49,60,84,60,60,13,88,36,16,0,6,77,51,68,22,28,80,5,55,24,66,43,13,73,33,6,25,57,39,26,40,94
64,74,98,12,48,18,34,14,11,0,95,60,76,30,48,6,99,86,56,70,10,78,23,69,14,6,95,5,78,9,65,70,23,42,15,72,31,39,3,55,12,45,74,26,44,36,96,90,14,86,50,77,57,85,64,56,2,54,82,83,2,97,49,81,99,0,18,9,88,7,15,62,72,30,72,60,91,57,17,62,57,51,7,16,74,100,16,18,18,6,17,10,92,52,32,1,27,53,72,93
93,52,68,82,75,20,39,89,16,57,11,47,19,64,25,86,89,94,11,36,95,28,69,1,58,57,91,76,51,28,91,74,10,77,63,30,45,7,3,58,78,38,99,45,33,36,6,72,81,99,66,57,72,38,16,90,45,78,50,67,58,17,61,70,6,27,43,0,31,90,41,65,19,38,83,37,95,47,77,26,90,16,7,33,71,69,18,14,21,31,95,73,74,2,28,45,67,58,57,48
71,19,100,5,21,12,82,87,12,15,0,68,40,38,96,39,69,27,27,82,44,45,99,45,93,81,16,42,20,82,88,2,64,100,35,3,38,33,25,1,67,60,58,6,8,92,3,16,76,98,10,25,95,72,59,2,37,83,91,60,82,48,34,60,13,15,27,18,63,7,99,88,95,24,34,2,14,55,46,92,42,97,45,15,7,5,81,52,18,92,100,75,52,21,12,80,45,44,85,71
31,57,95,32,38,46,94,45,36,26,22,82,19,61,61,8,92,20,4,98,22,70,0,0,14,32,39,23,79,63,76,30,32,63,100,51,63,86,7,38,89,46,94,70,79,3,48,35,33,73,71,87,50,70,53,55,82,79,85,22,43,40,41,16,98,55,46,86,88,15,29,51,20,68,71,56,68,45,55,81,91,74,86,84,0,9,46,31,1,55,52,29,49,84,56,95,66,23,67,85
80,31,37,44,14,93,58,64,2,71,16,13,18,80,40,95,11,2,23,94,66,58,11,15,27,6,86,54,85,83,59,88,43,20,89,96,58,49,81,43,31,44,9,21,74,49,49,67,89,46,62,16,29,2,41,31,13,27,68,37,15,51,70,6,75,45,26,53,13,34,77,38,93,58,44,95,98,17,41,87,45,15,86,26,2,59,52,71,60,38,39,66,98,99,11,69,62,33,73,3
36,70,55,11,9,75,25,41,34,79,36,89,74,68,99,13,68,31,15,85,16,76,5,69,8,47,21,18,85,8,58,94,6,41,46,77,64,86,78,33,94,32,83,93,71,17,79,38,39,81,75,45,80,44,31,67,84,74,87,36,69,67,16,99,34,81,60,74,28,6,52,30,34,52,3,6,58,21,68,16,2,82,51,74,14,4,37,79,28,78,33,19,23,52,13,1,65,22,65,26
43,67,74,53,50,46,16,97,31,100,6,29,67,36,40,74,42,21,2,20,48,70,68,72,7,88,72,35,6,31,66,55,29,30,43,6,59,94,9,49,95,26,20,83,56,16,85,48,69,97,46,63,7,3,62,1,64,92,51,44,17,78,94,17,93,36,98,44,97,58,41,27,73,91,53,95,55,97,80,92,31,90,89,37,44,25,10,92,75,17,9,51,94,24,79,31,58,88,66,5
63,92,42,86,12,86,87,44,64,100,64,35,69,43,60,87,12,37,49,6,14,8,39,71,28,81,44,10,13,1,100,24,84,55,39,22,82,26,6,60,69,93,76,24,25,5,40,64,64,78,2,62,46,35,60,40,43,6,57,19,43,10,28,19,82,99,55,20,50,100,89,48,75,76,85,28,62,85,60,67,48,96,95,42,32,55,72,42,19,93,95,79,2,45,21,96,74,61,15,65
39,84,8,35,43,96,34,75,19,64,24,58,63,43,45,24,77,1,57,19,99,35,31,36,72,11,91,19,69,39,44,28,38,47,35,46,25,0,6,38,19,38,97,5,30,8,22,87,45,99,35,6,53,14,13,81,92,100,44,78,3,41,69,84,11,23,34,14,28,24,98,57,53,61,54,41,70,64,60,38,2,13,90,32,41,11,78,31,68,71,52,9,62,53,43,42,41,19,74,12
15,77,32,38,47,90,66,67,97,83,84,46,80,42,69,87,72,66,49,66,52,44,88,41,19,12,75,76,40,34,93,100,38,97,21,13,57,53,9,2,91,15,83,92,62,14,19,27,9,62,42,94,33,93,83,62,17,8,15,51,3,41,48,63,71,81,79,64,93,16,77,56,15,76,96,31,54,33,64,57,43,55,2,27,45,30,90,31,13,29,41,50,17,84,38,30,17,57,51,11
50,82,80,25,70,82,35,51,44,53,51,43,50,79,95,15,21,95,85,11,48,14,16,8,63,77,92,95,31,82,37,42,80,77,34,98,0,9,57,79,35,9,58,15,44,87,18,65,13,21,17,46,17,87,28,54,76,9,72,99,16,65,29,53,82,73,32,70,73,100,83,20,81,31,70,72,83,9,96,41,58,26,97,36,3,32,58,57,22,36,31,4,64,51,55,64,97,11,50,19
69,80,88,47,42,96,66,55,91,36,70,38,99,94,48,83,36,81,67,91,37,4,82,40,30,60,98,7,30,9,65,72,39,73,44,8,52,18,68,14,7,64,78,75,73,24,23,55,58,84,53,21,52,16,20,31,16,3,15,64,15,64,84,97,38,12,20,62,63,11,72,41,11,71,26,91,93,37,70,67,96,80,82,92,99,61,15,15,95,40,83,3,47,92,52,34,92,68,27,99
11,96,24,72,4,66,32,20,23,6,26,22,77,17,35,92,15,80,99,74,8,35,3,36,61,32,53,74,61,21,0,10,3,93,25,77,21,36,56,25,33,43,10,75,39,74,33,91,13,94,80,54,35,4,26,1,86,72,78,10,41,53,6,49,51,50,92,1,96,61,38,26,19,80,18,66,24,51,89,13,45,63,51,69,15,91,88,61,24,47,59,98,26,95,46,44,71,67,6,12
89,23,50,10,10,28,73,32,99,47,81,82,100,11,40,48,75,97,83,58,67,56,2,86,100,80,88,89,30,89,86,30,12,59,88,6,46,52,98,21,1,99,70,71,74,81,66,38,52,15,17,73,96,52,73,48,6,6,93,99,76,3,89,37,94,78,85,65,17,69,45,22,85,65,14,54,9,59,98,74,27,52,85,5,83,1,97,47,60,85,54,89,13,16,88,89,74,73,85,58
66,36,6,11,62,3,87,72,73,62,38,62,35,84,53,74,56,50,1,22,77,17,83,70,12,25,23,83,62,34,26,54,87,35,87,97,29,24,55,20,24,75,55,98,26,51,88,26,12,88,47,98,19,6,79,7,39,0,25,76,16,26,79,32,13,3,31,14,70,54,69,2,72,0,37,38,6,31,69,13,12,25,0,6,27,43,2,98,24,95,80,45,5,8,63,71,23,58,99,25
96,53,72,28,23,37,3,73,23,66,65,61,45,89,11,81,16,97,43,72,40,11,39,52,18,31,26,99,92,54,80,100,89,47,43,68,82,72,28,18,50,86,48,41,51,78,20,10,20,21,32,37,82,10,100,41,49,12,68,67,62,8,69,79,54,10,12,43,98,95,21,8,28,1,57,100,41,82,30,93,38,57,84,76,0,54,8,63,43,67,86,32,97,67,5,60,27,73,30,23
78,77,49,50,88,92,99,51,32,25,72,39,10,60,70,22,32,33,87,76,15,85,9,37,13,61,31,5,65,82,90,67,86,79,58,55,77,10,36,60,78,18,26,55,77,48,57,90,3,34,76,3,37,55,19,84,96,78,88,5,15,99,52,21,88,29,4,85,38,41,42,38,59,95,67,41,57,73,45,8,39,20,80,78,67,18,5,90,24,46,59,83,50,87,53,55,19,76,3,75
53,99,36,59,5,67,0,44,62,63,90,27,19,58,28,41,41,75,39,80,25,22,83,53,71,40,29,66,67,52,54,16,34,84,0,47,2,93,64,4,0,80,6,80,75,76,66,16,52,53,85,73,90,16,12,36,98,70,97,99,36,18,0,91,50,12,84,21,92,0,20,45,51,100,39,10,41,8,49,86,35,33,81,82,97,9,90,57,75,86,49,57,46,27,4,47,51,31,43,100
59,27,69,73,67,62,62,8,41,12,9,1,26,75,43,4,95,50,18,2,2,17,93,19,23,7,10,91,61,60,85,98,52,47,82,71,2,19,10,95,33,35,61,17,61,95,100,80,83,35,28,2,12,99,77,12,35,51,28,66,55,83,42,5,12,30,28,45,35,7,64,25,62,46,72,18,94,23,69,53,59,60,58,33,28,81,82,49,61,67,48,48,25,44,52,58,69,76,57,93
17,92,48,59,32,2,82,60,18,66,95,70,98,94,44,84,31,21,22,70,39,72,12,100,96,62,2,92,23,92,41,98,19,21,40,84,70,29,66,7,80,72,48,30,41,87,40,74,45,61,33,79,84,3,5,97,92,31,76,46,14,35,15,7,100,41,43,68,12,59,36,60,35,63,87,35,14,52,50,54,55,70,59,94,96,49,84,87,93,28,46,88,86,62,88,25,12,5,17,10
100,21,42,69,0,82,47,31,46,69,29,78,56,100,11,33,71,86,82,22,83,23,49,36,65,60,71,6,99,31,33,32,69,0,5,24,11,93,6,75,74,21,45,31,59,55,22,12,88,100,89,22,37,0,46,18,56,59,70,60,1,1,65,35,95,76,21,57,40,36,7,27,62,74,49,13,85,53,8,17,70,66,68,34,0,64,75,26,73,100,35,78,22,49,39,38,94,31,79,97
48,56,25,84,47,54,3,6,86,23,73,87,38,99,81,48,99,27,27,68,77,40,85,38,12,43,90,52,65,69,33,72,37,3,44,7,9,90,51,36,52,79,60,85,48,51,45,33,8,95,63,36,23,63,20,77,49,90,66,56,25,39,47,17,57,81,48,19,75,37,91,26,22,64,19,19,88,90,60,40,14,9,67,89,56,21,89,41,94,89,30,77,64,93,50,17,48,42,12,47
18,83,76,66,64,27,16,95,16,63,25,6,12,17,73,1,88,13,37,77,26,63,48,89,77,46,97,15,69,19,45,45,19,52,46,55,20,10,79,0,87,5,86,99,59,17,73,97,92,8,80,9,62,15,0,16,53,59,10,48,79,91,43,88,32,51,72,36,92,92,52,90,29,34,34,100,68,82,34,50,62,76,31,52,68,92,59,2,41,13,27,75,31,70,31,55,57,29,84,11
97,38,79,100,29,53,58,15,67,82,82,37,83,43,40,26,66,56,100,65,31,5,79,2,39,99,79,26,66,31,76,54,23,7,18,47,98,79,89,91,83,83,69,13,15,60,95,26,95,92,20,39,58,78,88,32,34,68,11,22,35,12,33,73,42,89,8,8,53,43,65,12,47,82,41,24,94,57,1,66,93,99,34,21,39,89,98,43,26,43,28,20,88,88,48,18,29,97,78,46
71,92,67,12,67,59,19,2,66,57,45,81,81,70,6,39,0,54,69,14,90,17,52,58,79,62,5,5,31,34,87,28,32,50,57,84,8,85,77,47,23,30,44,36,68,34,16,76,53,7,61,81,12,54,73,30,57,88,35,29,52,76,35,34,48,65,81,18,89,46,58,78,91,48,7,85,51,31,75,23,10,58,67,78,57,70,30,5,18,82,75,95,29,70,50,33,52,58,60,45
9,81,36,35,14,1,68,71,91,38,63,9,77,25,36,69,16,67,2,62,21,53,59,13,28,75,60,6,62,34,33,35,79,1,67,65,46,75,63,40,36,58,34,35,0,76,75,0,25,93,20,55,28,44,28,50,17,3,57,37,71,9,30,64,91,31,56,61,98,48,63,89,54,20,62,77,54,76,50,55,97,43,51,63,64,20,12,95,100,77,40,67,95,48,11,50,100,6,73,50
79,9,83,32,84,46,97,74,56,69,61,83,64,88,22,21,94,94,7,44,89,29,73,42,24,71,25,25,93,8,23,17,69,24,14,18,50,31,52,92,84,2,61,70,20,22,20,27,74,45,72,57,95,33,84,27,32,89,92,92,36,57,59,87,39,89,21,45,62,16,47,33,89,81,59,35,70,51,55,91,27,74,25,23,75,26,73,86,75,37,27,93,88,19,14,90,48,45,48,18
70,93,47,22,10,73,68,62,32,4,87,97,15,10,67,24,5,99,91,32,85,5,6,26,71,99,4,19,54,77,60,9,65,22,23,37,31,27,3,41,70,36,89,56,98,17,86,91,70,35,39,83,16,14,29,90,23,21,10,86,69,81,47,26,18,58,39,97,66,13,61,27,66,14,61,9,83,10,93,82,8,51,79,18,74,48,74,2,85,34,59,79,35,76,80,51,36,81,64,23
34,0,61,31,66,41,99,53,84,2,26,41,40,3,88,26,93,89,33,5,49,53,38,46,62,86,14,10,73,24,15,2,2,84,88,49,55,32,26,70,36,80,44,2,56,54,55,73,62,29,17,18,0,75,73,15,92,98,90,25,47,94,54,32,25,73,0,47,24,96,81,39,29,13,48,91,71,85,30,72,36,32,26,5,9,89,75,14,25,88,82,77,82,13,41,67,51,36,51,59
19,48,19,6,54,15,15,33,49,43,94,67,47,33,11,44,69,50,35,79,52,95,32,17,5,41,38,53,46,79,2,61,63,66,6,1,24,16,64,81,86,50,36,77,41,33,27,67,91,6,50,54,44,64,89,47,15,11,21,7,52,95,95,93,9,55,91,13,97,79,92,8,70,39,78,71,44,78,69,81,76,69,30,82,77,48,93,83,14,35,8,34,62,62,59,20,64,65,23,62
100,89,17,90,74,53,60,62,25,79,79,18,43,85,82,79,99,22,40,44,78,100,77,70,46,30,48,0,82,57,14,60,58,50,3,46,100,62,58,6,33,31,36,28,5,68,88,28,14,44,37,30,52,40,3,57,21,97,49,0,79,5,2,21,78,67,22,27,51,0,80,30,13,27,81,15,1,89,8,25,1,20,12,3,95,26,80,75,88,69,19,40,25,87,47,27,4,92,72,57
28,53,83,83,3,60,6,61,21,99,26,24,35,54,81,96,48,82,49,67,9,46,64,31,81,26,100,49,38,45,75,74,99,37,2,34,0,99,17,0,49,69,73,54,55,19,50,46,72,74,88,35,47,1,49,59,80,58,81,25,5,43,13,24,74,93,37,56,35,82,58,47,32,10,62,3,27,96,82,77,30,37,5,21,57,7,29,72,16,43,2,74,77,80,22,39,42,87,94,78
32,26,99,36,76,27,47,31,18,72,74,92,28,63,52,90,42,50,7,12,68,75,84,98,41,41,89,51,88,74,35,57,25,67,100,44,1,4,89,63,78,5,20,42,8,28,75,55,29,91,35,83,69,38,53,83,71,10,64,62,74,68,72,0,77,3,50,98,88,88,51,54,25,11,51,54,12,91,10,32,78,96,47,23,89,49,87,68,93,79,51,53,74,7,13,74,8,2,21,43
76,92,25,42,47,8,57,8,19,26,66,77,24,85,74,28,75,93,22,84,40,86,81,36,63,69,86,0,9,63,8,85,52,2,33,77,49,82,7,31,60,91,98,46,97,61,30,61,29,78,13,78,4,63,76,27,60,65,54,71,10,0,11,83,30,80,30,40,25,34,62,82,56,16,60,91,2,81,26,3,9,79,79,26,56,64,41,99,4,57,48,69,77,4,39,30,42,38,73,32
16,26,89,91,13,42,5,31,44,68,36,80,7,95,52,29,11,64,35,70,76,41,2,64,47,71,1,64,45,39,9,14,33,48,24,94,15,27,12,67,93,69,86,88,23,80,52,80,20,7,1,11,2,50,79,21,51,3,52,54,7,88,73,50,6,45,83,99,67,25,44,85,33,93,94,67,84,43,84,67,96,93,75,21,56,38,83,80,95,78,35,10,94,18,93,17,15,14,79,43
38,22,21,31,93,84,96,48,100,99,38,8,74,61,56,40,13,28,35,100,22,59,95,46,49,25,65,91,64,3,35,21,86,67,81,68,39,48,2,13,35,62,25,11,45,91,45,96,64,73,33,24,21,13,26,38,99,98,18,89,75,86,86,84,56,97,12,73,81,10,71,25,20,100,17,26,49,29,3,70,19,87,12,38,90,77,42,23,4,77,9,16,30,84,87,31,63,71,42,39
78,19,99,65,99,99,39,76,66,73,66,29,22,8,6,31,73,24,76,68,40,59,80,64,59,29,18,29,15,67,82,91,36,93,67,58,5,96,78,94,43,13,84,81,72,86,22,74,89,64,98,13,78,16,0,21,59,53,77,20,4,54,25,61,82,59,82,0,51,6,61,78,74,67,38,16,38,78,3,35,97,52,10,76,31,67,57,28,21,35,98,51,94,80,49,40,18,43,59,25
51,6,6,56,97,87,7,98,98,97,49,21,18,56,100,76,42,27,32,66,57,75,43,59,74,57,86,47,97,58,40,97,46,11,63,57,27,99,78,75,20,70,17,89,80,22,58,77,81,9,6,41,60,24,32,34,49,22,38,30,23,3,87,92,0,22,11,2,7,9,84,28,74,78,18,91,18,86,51,29,62,33,13,70,14,71,92,10,44,42,75,75,78,9,5,83,74,32,11,40
34,59,92,58,65,3,87,52,26,36,68,59,3,40,76,97,30,14,51,74,2,63,56,68,92,20,83,97,99,64,26,8,51,24,89,74,82,4,97,98,44,28,100,91,66,91,70,49,54,15,69,15,89,28,23,9,45,89,96,75,24,67,69,12,19,94,44,4,50,76,93,21,9,73,49,86,57,37,67,65,94,31,83,68,60,25,4,7,36,43,40,61,30,96,18,26,21,48,51,49
53,56,77,27,8,3,10,15,50,67,80,32,33,63,63,72,92,73,52,34,53,79,34,29,39,10,9,42,16,8,90,78,25,9,98,46,31,84,73,43,97,71,0,44,93,14,24,12,35,45,0,74,60,4,71,100,13,42,38,52,5,19,61,42,22,97,69,10,40,30,7,8,34,61,82,37,54,26,14,5,60,78,35,3,51,44,71,68,94,94,85,7,75,20,85,15,66,49,46,93
64,39,91,87,67,18,17,22,97,86,43,8,42,86,73,38,30,6,16,82,29,36,100,84,16,89,67,77,68,46,44,28,14,74,65,28,10,45,72,17,97,12,30,76,27,38,67,96,52,95,69,13,65,80,30,25,10,37,17,56,53,31,67,1,41,98,95,37,50,39,93,6,87,97,57,90,69,84,56,66,89,62,51,62,92,34,52,52,76,25,92,35,8,8,24,66,81,91,86,84
35,96,88,28,84,98,75,48,11,13,84,34,61,89,61,39,92,95,54,25,39,72,7,75,1,23,49,34,48,42,69,59,98,35,56,5,57,41,41,33,34,26,90,90,87,44,76,59,2,3,12,66,23,97,58,24,98,53,96,82,42,6,99,2,85,18,5,82,13,14,80,78,53,83,55,33,80,87,14,46,52,39,37,33,87,85,63,86,31,84,17,36,55,26,77,86,5,22,67,41
49,47,12,76,51,5,92,100,73,72,27,20,37,55,57,1,65,80,19,85,13,18,75,89,27,6,100,32,32,5,78,67,40,89,80,24,34,35,24,0,60,92,59,47,68,93,100,53,32,88,26,0,99,13,98,67,21,67,29,61,36,53,80,53,57,42,23,26,82,25,31,63,53,4,10,21,36,72,99,51,21,53,21,87,80,72,94,6,99,4,38,2,1,78,17,42,99,96,60,6
94,28,71,2,2,68,54,3,85,74,27,31,49,6,51,20,59,90,100,44,62,61,55,71,98,6,29,85,99,24,9,91,40,3,65,29,90,39,5,63,1,34,76,59,13,45,69,73,98,89,71,25,90,46,100,74,48,89,31,60,78,70,21,24,37,63,60,85,54,36,63,66,70,12,66,80,42,68,95,94,65,86,62,21,88,52,36,34,8,32,31,41,72,36,8,55,79,34,83,49
6,29,52,26,7,84,64,11,22,92,73,8,63,86,83,37,55,77,20,90,52,59,38,7,13,9,22,94,60,35,27,65,37,5,40,73,6,32,99,86,76,82,89,31,81,9,75,66,88,77,14,47,10,6,45,5,98,95,67,83,27,7,25,69,65,7,33,17,32,77,60,60,13,35,82,83,61,21,82,2,36,44,63,23,16,88,26,77,11,100,84,40,79,43,72,53,55,47,31,59
16,1,63,57,77,18,79,51,54,48,97,53,77,44,37,54,63,97,76,84,21,48,42,79,38,16,5,60,63,74,53,78,63,42,27,30,19,87,81,55,92,22,37,60,4,13,54,42,98,95,25,92,94,73,66,43,50,58,15,26,24,49,16,7,98,58,12,20,46,15,23,15,38,39,4,86,95,47,15,4,4,43,1,6,3,64,7,52,78,26,19,13,70,85,8,15,59,12,20,35
66,15,36,19,31,14,48,67,86,92,99,90,25,19,65,26,91,53,22,53,27,40,48,56,19,91,18,21,87,80,31,54,51,97,74,11,3,70,52,66,36,27,60,92,100,38,52,84,20,0,57,57,100,72,10,27,92,40,28,58,82,97,54,76,51,13,70,38,40,17,46,67,26,26,22,39,2,31,22,10,26,1,45,81,1,53,70,7,99,86,56,96,95,53,44,42,12,1,56,98
64,74,91,65,55,77,72,99,7,88,53,47,36,39,43,7,36,50,8,14,41,70,28,91,42,95,15,17,93,17,47,14,89,65,79,73,74,52,33,85,25,37,90,88,42,73,52,33,72,94,85,28,9,95,25,1,38,30,8,10,10,80,42,48,64,51,42,64,65,9,40,53,36,89,27,59,76,90,38,76,58,21,58,18,45,22,0,88,53,28,84,86,29,56,88,76,96,45,30,79
37,63,68,81,30,31,93,75,26,100,56,25,32,25,27,39,58,2,20,64,80,22,47,97,1,44,36,21,35,68,39,57,63,40,14,32,48,10,54,82,35,88,87,40,17,50,33,58,52,27,44,5,60,2,12,69,48,40,23,48,19,40,69,31,86,82,69,91,76,30,65,92,28,79,25,19,9,51,60,41,27,61,57,99,44,71,73,8,11,27,79,50,18,84,12,7,50,7,79,80
7,61,24,28,11,86,72,68,69,72,54,75,39,40,89,89,42,61,14,11,33,34,49,76,98,74,69,9,25,76,76,15,75,14,23,58,65,60,57,92,62,74,4,82,18,10,74,4,32,29,33,87,39,82,33,93,4,47,80,52,61,31,82,1,45,8,76,91,86,13,13,30,11,52,4,76,11,41,25,57,26,15,80,59,72,82,54,32,28,37,90,43,25,22,60,52,90,5,35,16
14,7,50,33,22,41,26,87,89,52,85,88,85,46,16,25,28,23,46,46,18,81,47,68,51,93,44,38,35,52,21,50,55,7,73,27,94,16,76,3,28,60,57,83,74,76,20,49,9,60,14,48,11,49,7,39,41,34,51,21,24,43,26,17,29,22,94,77,69,47,26,9,34,71,25,6,82,87,24,67,29,19,57,21,26,5,75,97,47,60,94,13,67,11,72,89,64,87,85,58
29,27,72,24,31,49,33,46,93,62,61,41,97,96,9,66,72,80,91,31,71,94,100,35,9,91,59,90,1,25,45,67,65,64,3,92,73,45,62,86,80,8,31,14,4,74,41,2,10,49,58,71,11,49,95,77,4,11,100,48,10,53,76,3,85,6,13,30,74,70,73,88,72,5,6,63,91,11,25,70,44,92,51,4,43,85,31,86,1,94,45,19,42,19,60,11,55,1,18,30
7,47,33,59,93,17,55,39,98,48,70,44,23,78,76,72,20,45,79,47,44,100,21,66,89,66,61,51,93,71,11,68,48,75,64,53,18,18,20,29,99,14,1,56,57,82,75,40,94,51,70,75,41,10,87,85,34,73,9,89,9,91,70,59,33,0,43,76,17,36,4,82,44,25,69,90,24,55,79,76,30,57,99,7,71,31,35,59,20,41,74,50,20,11,30,66,92,3,66,37
1,55,99,3,15,89,71,65,36,19,15,94,90,61,87,35,30,66,19,80,29,3,48,28,76,9,97,75,86,6,71,50,37,68,34,75,20,66,25,53,99,73,0,4,65,62,0,80,12,60,98,49,7,60,16,25,30,69,55,96,19,85,94,6,21,9,95,15,23,98,19,44,84,70,15,58,2,37,33,16,97,28,22,12,24,54,41,99,93,44,44,10,70,24,70,86,16,97,93,71
61,71,62,83,62,51,24,31,64,2,38,84,98,54,64,28,53,47,74,89,10,14,100,74,3,16,7,95,35,33,45,71,37,84,90,86,13,7,70,32,15,28,89,30,5,49,31,15,28,15,17,80,40,78,10,25,68,25,26,43,79,94,93,86,47,0,74,59,80,43,73,27,15,11,39,73,79,61,51,71,66,87,82,39,74,56,39,34,46,14,79,2,100,40,59,4,63,90,16,83
0,63,49,58,24,55,75,15,81,62,71,44,50,86,11,48,54,24,69,100,29,95,86,74,78,88,1,40,98,79,25,69,77,85,3,59,89,29,60,52,71,11,21,67,6,67,57,76,95,79,45,0,95,58,79,55,18,24,32,92,23,1,64,67,86,8,5,33,90,19,24,8,20,31,31,35,86,90,29,32,53,68,32,5,37,23,22,18,20,39,99,47,79,49,48,7,46,60,71,21
76,16,37,18,65,47,58,77,83,84,54,93,3,55,9,66,75,42,53,100,81,60,58,80,53,23,27,10,59,67,12,88,27,45,39,94,66,90,56,67,72,55,46,2,71,49,36,99,19,54,64,88,70,80,46,45,26,25,78,61,93,77,5,3,30,14,73,98,76,17,12,26,83,32,39,26,72,97,31,98,32,63,55,27,15,25,34,78,15,37,23,12,70,51,86,13,76,86,35,71
7,71,70,63,42,59,94,25,7,37,53,56,84,38,12,58,59,11,32,97,61,79,43,84,6,41,40,83,21,53,47,66,89,97,89,12,1,29,36,46,29,39,43,31,11,55,81,29,38,98,57,82,51,62,72,38,16,29,74,31,43,58,63,91,34,76,85,7,64,7,81,78,59,9,44,74,29,39,26,77,34,58,81,84,76,1,43,75,3,65,43,73,42,45,71,77,31,74,25,95
59,42,64,49,98,45,18,53,80,54,40,83,13,72,98,45,0,45,54,13,95,74,76,81,96,79,41,16,42,89,59,42,79,13,18,49,81,6,15,53,8,10,60,62,45,43,44,51,44,74,44,61,42,9,58,67,85,67,66,92,52,68,15,41,82,52,91,91,75,23,66,92,72,20,88,53,50,44,23,23,90,37,84,40,73,84,37,86,46,87,50,42,90,86,66,89,45,87,72,57
25,94,17,48,92,60,72,87,39,27,10,87,74,59,18,39,34,31,10,23,6,48,54,93,50,39,10,89,36,59,92,33,88,89,60,67,62,17,7,52,23,44,8,57,32,52,52,36,21,59,95,29,88,80,23,92,80,79,13,43,24,42,23,83,14,35,19,6,80,48,64,72,29,37,64,20,58,76,63,74,33,53,16,87,35,49,32,43,37,64,75,19,26,41,20,83,14,60,60,72
58,23,95,47,53,95,79,4,61,2,88,8,4,31,19,99,78,12,24,0,11,89,30,21,17,33,34,18,6,99,33,9,90,86,49,28,37,76,38,23,44,36,15,97,65,20,12,1,65,95,82,54,24,34,21,60,93,41,99,71,5,11,88,41,86,78,29,60,85,61,14,56,1,75,77,13,3,96,23,52,60,64,61,47,99,71,74,21,23,1,71,7,68,9,62,59,4,28,75,41
73,27,62,64,96,61,40,2,76,77,99,44,78,4,93,56,26,88,7,65,39,79,15,77,40,82,66,95,68,81,18,45,24,96,74,44,31,89,49,72,25,16,54,57,8,39,92,46,47,28,75,9,29,33,75,10,26,87,56,73,51,70,95,98,65,39,63,85,86,44,66,36,84,66,7,83,57,100,18,93,90,79,30,89,27,14,46,8,65,27,31,37,65,94,61,68,14,65,93,9
6,62,63,27,76,16,38,57,74,89,90,47,29,90,48,34,87,98,70,65,16,20,1,47,7,79,44,2,39,46,45,29,93,69,0,43,62,91,6,39,73,21,20,12,21,96,20,66,25,46,94,70,31,29,10,56,56,61,63,13,6,99,83,6,14,53,10,46,4,14,89,38,91,4,80,19,78,40,17,8,87,37,29,82,49,6,7,81,5,26,54,4,10,56,40,13,27,20,100,52
67,66,23,47,33,64,89,67,82,54,52,52,20,77,99,97,85,100,22,20,99,31,42,93,87,77,80,38,6,42,33,91,25,87,82,50,41,57,81,50,35,61,3,41,71,26,97,27,11,18,57,66,23,40,70,87,66,88,94,54,37,76,52,20,100,94,59,60,47,63,53,74,87,43,61,44,100,78,8,75,52,26,75,2,16,89,69,40,91,58,54,80,82,2,23,61,3,11,92,9