84,61,95,56,63,78,88,56,2,50,72,50,40,64,56,10,65,67,23,80,99,13,95,63,30,93,76,2,7,95,94,96,33,35,51,77,33,72,48,48,79,68,77,68,50,80,81,93,13,68,50,94,18,94,26,27,66,65,45,40,39,2,91,95,20,9,92,99,23,18,25,13,77,18,38,73,37,76,96,50,57,73,67,44,34,76,47,32,28,53,45,97,18,21,21,69,63,19,38,4
58,38,76,52,32,82,28,52,10,10,61,61,57,26,42,82,94,63,65,62,54,4,35,54,40,93,36,39,99,55,85,61,74,16,32,62,6,89,73,76,24,89,10,75,97,1,12,29,50,49,14,45,13,12,33,68,69,81,99,12,32,21,52,1,41,82,96,58,11,43,67,74,36,36,14,81,56,81,18,54,1,13,88,62,53,14,76,91,94,92,78,3,46,83,8,82,29,81,73,84
86,17,84,4,92,54,21,68,7,47,14,68,11,81,60,23,2,88,31,61,98,33,35,38,0,94,6,5,31,14,39,65,60,47,66,77,50,35,40,28,86,89,60,86,58,10,60,57,93,76,84,22,53,66,6,55,40,0,61,99,6,95,52,4,3,14,65,24,26,57,83,92,90,46,67,98,26,40,26,70,2,63,22,48,8,65,66,15,92,44,45,77,58,96,41,29,14,75,44,28
68,61,10,66,42,97,71,17,35,85,27,82,54,64,70,60,77,55,95,12,85,2,95,0,97,67,56,26,51,68,55,1,3,85,40,14,65,44,58,13,17,7,37,66,58,28,67,55,39,9,8,29,45,15,58,76,87,38,8,41,2,52,44,18,40,36,20,80,98,94,11,62,65,84,92,73,82,3,71,66,32,67,35,24,71,94,52,95,41,87,35,91,91,19,30,22,58,88,69,98
81,80,26,16,15,14,18,56,33,75,66,52,44,82,79,53,92,36,60,51,10,47,61,36,63,58,78,52,82,16,9,57,40,37,19,54,65,89,71,50,2,32,26,38,93,34,64,53,13,84,89,37,80,5,44,56,77,90,73,64,73,66,33,79,67,71,34,30,28,32,39,56,95,29,63,98,27,5,65,96,56,50,78,72,86,4,66,86,51,37,94,43,75,92,17,69,41,42,76,87
55,15,47,3,100,67,67,73,7,24,84,100,14,37,30,43,96,74,24,95,68,4,49,34,28,40,7,32,58,29,31,97,74,72,43,33,23,21,60,3,89,14,72,23,8,88,53,1,9,81,42,25,7,3,88,53,72,6,38,85,39,7,76,86,89,23,34,78,46,84,22,3,77,100,95,2,71,96,11,15,71,59,91,15,57,100,0,84,55,78,81,100,8,56,53,81,82,98,27,10
66,0,77,39,10,77,59,15,73,39,49,78,43,15,40,20,58,86,4,96,51,76,52,82,43,38,45,3,23,87,24,4,17,97,89,87,42,47,41,52,84,61,43,52,71,54,10,20,35,70,18,12,58,87,35,81,83,91,18,14,46,49,33,5,73,76,65,63,35,11,85,59,6,57,92,86,96,45,92,14,57,16,26,81,25,52,63,14,9,12,97,38,45,18,69,44,91,94,65,13
20,29,37,74,89,81,70,29,24,59,79,69,5,56,6,13,52,63,52,63,3,87,84,57,21,82,99,26,0,56,75,5,96,65,71,53,70,70,48,20,82,19,89,87,12,43,66,79,13,39,95,8,22,62,3,50,3,77,54,53,55,77,56,22,94,78,93,8,99,11,58,31,2,41,68,55,66,82,84,15,51,79,62,16,49,17,2,54,84,94,92,17,62,35,72,74,27,66,84,99
86,49,53,57,62,53,92,84,98,25,40,99,48,81,82,95,23,41,69,48,70,14,58,23,0,15,77,40,92,35,0,98,48,9,60,30,7,4,0,79,63,31,51,61,75,27,40,93,29,6,72,33,69,34,86,8,55,67,34,91,89,8,48,84,99,34,60,61,24,95,99,77,77,43,89,26,75,60,60,35,55,54,74,46,6,88,5,85,99,48,45,14,53,75,93,55,66,21,23,67
0,68,24,22,6,3,38,3,32,45,32,54,45,39,30,79,82,86,89,47,71,44,45,72,27,86,95,74,67,61,77,87,31,77,7,64,91,58,55,15,4,76,82,17,37,46,22,91,12,38,84,42,22,67,56,72,73,83,92,48,1,84,28,4,62,97,90,22,65,26,1,54,87,78,27,94,90,94,47,45,52,1,41,80,96,37,76,2,34,31,44,99,53,95,86,90,32,74,63,57
17,21,92,38,6,13,0,84,20,13,28,74,96,45,6,87,83,0,19,75,51,7,91,78,5,15,33,22,8,100,23,14,4,61,72,44,48,71,7,59,56,22,7,90,54,16,98,55,45,19,77,35,80,5,64,2,48,30,66,77,41,97,12,48,67,29,58,70,21,11,52,1,16,23,91,75,19,77,11,52,80,37,88,58,36,92,36,14,5,35,92,22,26,94,30,77,31,97,72,96
17,96,57,23,18,93,96,73,35,94,62,19,26,54,96,18,53,32,12,65,59,15,43,42,70,37,9,75,49,99,92,37,24,99,78,31,95,2,84,71,84,58,100,29,29,87,75,94,23,84,99,56,89,96,6,99,48,78,73,18,80,2,34,13,72,71,40,22,82,32,76,3,84,61,96,86,14,88,9,18,58,97,74,5,62,19,51,84,21,100,62,31,49,100,67,16,33,100,57,79
36,35,100,77,31,9,23,64,44,35,74,74,62,93,50,44,99,47,59,15,40,19,64,57,75,89,92,73,39,96,95,39,77,56,4,51,40,35,62,17,48,71,83,5,35,76,78,29,47,81,76,47,37,78,11,87,100,47,51,81,47,18,6,74,97,24,77,66,33,13,0,85,76,18,55,7,36,55,65,66,7,62,67,47,62,40,14,11,69,86,96,10,19,47,88,40,8,31,54,14
36,58,95,67,36,55,35,48,42,79,54,8,21,42,52,66,49,60,25,17,72,73,98,25,52,80,67,72,26,69,55,47,96,87,46,28,41,33,95,96,1,7,19,50,52,2,43,93,39,15,51,94,52,59,82,34,4,48,22,1,51,30,13,92,6,25,95,95,92,16,56,3,24,79,54,55,88,23,97,40,66,45,90,68,19,86,93,10,24,31,73,15,81,11,72,70,82,63,67,10
20,26,32,51,24,20,9,50,21,67,23,97,66,6,68,87,90,80,6,81,84,7,93,25,17,69,41,35,33,44,84,66,29,20,5,16,53,84,0,6,22,68,31,79,22,24,55,22,40,22,49,23,57,60,41,93,67,3,27,25,22,31,7,56,4,30,29,5,42,59,58,81,88,82,67,62,49,40,34,73,92,98,16,95,76,60,14,58,44,71,62,91,93,43,46,16,10,1,61,62
87,34,73,33,10,77,59,82,23,16,33,94,68,2,26,83,81,74,35,22,92,9,87,43,5,90,100,99,31,54,72,66,41,69,44,79,5,24,0,14,24,51,73,18,6,93,14,39,73,77,63,70,51,62,10,64,67,39,70,42,19,15,86,42,93,62,49,64,60,65,53,45,82,76,78,15,38,77,80,3,74,32,5,68,67,48,73,93,9,86,48,13,74,47,15,13,68,88,45,75
11,32,32,32,28,7,72,39,56,59,99,36,23,87,51,8,47,91,46,40,54,66,99,45,41,44,45,76,63,27,41,29,27,17,32,10,58,82,2,76,67,94,39,32,57,71,75,11,21,17,97,95,0,41,28,8,18,71,76,66,64,21,58,78,31,61,62,1,59,33,74,6,81,76,58,73,84,26,71,84,65,73,24,77,63,57,42,91,97,100,94,69,36,49,60,2,31,26,75,4
0,84,40,79,92,90,17,86,53,17,48,79,57,78,8,53,27,30,8,82,77,8,48,37,17,16,85,60,83,19,83,71,55,24,10,98,51,64,19,41,88,43,28,0,64,73,44,5,24,13,17,50,67,16,15,33,68,4,79,39,42,97,17,5,42,62,28,15,52,22,33,30,72,17,86,96,35,31,10,96,91,92,57,28,3,29,2,77,19,72,68,85,28,1,4,37,74,5,52,62
0,56,21,92,88,23,36,38,5,78,30,17,88,98,40,87,98,24,64,82,52,90,30,34,80,54,85,94,20,31,77,32,30,97,99,9,0,1,72,87,76,99,2,5,14,56,78,66,34,29,40,52,26,76,83,39,26,92,85,90,17,54,66,6,68,46,78,22,22,31,10,67,82,48,66,74,9,24,84,47,28,37,29,47,97,6,9,72,87,32,92,60,3,9,99,96,15,5,86,15
41,23,29,24,93,14,72,46,87,70,17,77,96,45,49,85,67,25,55,42,30,55,98,49,67,37,22,75,71,1,66,67,45,4,70,61,73,7,29,55,24,45,80,72,23,16,92,27,80,34,47,87,63,19,46,43,9,30,73,23,65,80,79,56,49,82,33,72,62,24,8,39,56,55,0,79,99,13,5,35,93,29,12,21,63,44,31,45,39,55,88,75,37,52,38,79,53,58,79,84
44,22,13,65,22,65,56,20,73,80,95,63,8,44,53,5,2,75,52,25,2,50,53,34,38,44,12,66,61,2,72,100,43,93,44,50,40,2,38,62,94,3,19,8,56,7,33,70,79,48,88,47,67,13,28,54,15,75,23,37,85,44,50,44,65,33,36,69,57,0,21,36,83,84,73,12,7,37,19,4,20,70,49,77,81,58,42,47,37,50,99,66,16,25,80,47,76,23,33,31
4,40,32,74,57,71,3,88,23,64,36,23,17,90,9,48,47,97,70,97,22,43,41,58,93,25,41,75,71,17,68,31,52,76,38,62,76,72,96,4,69,49,71,87,92,66,26,46,75,22,50,34,16,73,26,71,34,22,11,48,46,20,64,30,4,31,41,0,39,41,29,22,41,94,9,96,61,100,65,37,20,97,28,49,30,68,44,69,49,13,37,44,55,54,68,77,59,78,21,57
79,62,73,16,42,29,89,68,64,71,42,92,8,11,77,23,73,37,96,92,55,10,87,38,46,15,64,51,5,36,46,100,90,40,89,14,34,79,44,8,36,5,56,13,20,64,12,91,31,99,51,20,21,8,25,78,70,48,16,1,21,70,36,28,84,60,32,65,48,100,51,16,80,57,55,41,16,45,37,83,49,77,59,64,30,32,35,85,84,80,52,26,82,54,35,83,81,7,87,10
57,16,82,30,64,51,45,31,82,1,94,89,45,17,10,79,28,55,33,49,47,96,37,52,2,61,20,86,59,86,83,60,18,27,63,27,87,57,87,27,55,6,60,85,19,4,62,40,32,84,0,28,78,63,71,0,84,76,76,88,78,100,91,9,74,56,92,76,59,18,31,40,77,25,30,85,48,14,91,26,53,92,20,47,100,99,10,2,96,70,97,29,39,10,20,88,70,23,74,42
75,65,66,36,52,26,58,7,59,83,83,34,89,96,50,28,90,4,93,64,36,37,31,17,27,42,11,50,63,59,48,61,23,67,82,43,40,41,82,50,35,69,8,16,53,62,97,66,24,87,9,41,34,47,74,31,33,93,16,83,53,30,37,86,96,76,62,10,11,34,1,30,98,9,75,30,73,57,2,26,36,25,75,12,15,50,66,47,25,20,48,14,60,57,27,78,11,41,54,93
100,20,52,5,46,48,60,58,28,39,29,1,62,64,68,97,83,72,9,50,47,58,18,96,52,91,28,4,76,68,35,88,25,84,50,83,4,58,97,17,93,94,27,28,16,6,13,65,21,13,11,13,6,27,39,17,22,73,57,47,31,4,82,46,68,62,40,97,23,7,49,25,93,35,14,79,7,8,84,13,76,30,73,46,47,89,37,86,96,98,94,46,72,47,93,93,92,79,63,11
98,0,11,19,18,70,45,9,13,36,93,56,100,89,52,88,49,23,85,92,38,17,38,0,98,24,52,46,73,46,19,73,39,24,46,29,41,70,26,24,10,37,58,69,64,82,64,92,56,37,62,70,53,79,40,93,80,50,88,60,59,62,32,15,46,61,43,63,93,53,34,68,84,58,9,57,2,74,72,34,49,70,40,48,35,8,5,3,67,87,23,47,35,32,5,94,93,67,42,70
53,38,9,99,68,23,55,91,4,96,99,39,24,92,7,53,51,93,96,39,78,45,91,60,23,34,76,80,72,36,65,48,91,1,69,24,5,55,8,55,74,79,75,49,13,13,33,11,89,57,7,4,34,65,42,46,77,28,30,16,79,70,92,23,17,90,69,37,2,7,62,18,13,61,79,39,81,66,13,52,71,44,59,52,4,35,8,66,71,28,11,74,24,47,26,89,84,7,13,58
30,51,55,62,42,52,70,61,76,80,12,57,84,1,23,57,90,55,23,74,7,64,36,99,73,93,95,61,55,3,10,92,82,35,64,0,86,62,98,95,24,25,97,78,83,69,22,26,72,81,19,42,27,59,32,64,73,62,45,55,69,72,57,72,91,46,69,47,17,68,66,43,61,0,65,10,16,38,53,8,59,97,77,21,43,89,72,51,45,58,72,2,72,51,3,53,28,80,97,12
59,84,44,0,91,9,64,8,63,91,46,82,68,66,6,45,27,89,74,6,86,48,13,56,88,84,73,6,1,59,85,16,15,77,10,73,10,28,33,30,29,79,38,100,67,43,8,51,42,74,20,20,49,3,55,95,18,13,75,40,27,22,28,20,70,8,86,45,71,78,48,31,69,17,44,13,11,15,39,49,9,15,90,92,67,28,60,93,70,17,84,24,17,65,94,38,71,55,66,27
41,87,3,92,54,73,14,3,77,59,21,40,69,87,32,46,75,38,5,70,11,32,17,53,66,76,2,31,37,77,95,43,83,10,95,95,37,23,39,43,61,58,49,48,42,78,30,50,14,2,49,70,31,16,23,47,59,38,62,43,27,91,16,64,58,76,35,54,78,65,74,8,42,58,53,41,37,5,30,31,95,97,38,96,67,51,58,76,27,47,37,45,58,51,58,11,72,21,73,25
1,4,89,26,12,93,69,17,49,91,42,31,28,82,60,10,62,83,20,99,25,3,35,30,49,74,47,72,30,55,29,61,11,11,1,59,100,40,92,81,96,42,22,75,60,59,52,96,49,93,45,56,37,14,59,48,99,64,53,1,2,38,23,43,37,66,26,86,14,46,10,14,8,28,27,75,50,11,61,68,77,98,28,31,94,26,56,59,64,14,7,75,58,24,61,44,27,68,34,47
16,39,68,74,81,22,5,82,53,59,73,35,59,11,85,55,63,77,27,11,39,70,21,19,2,91,70,51,76,79,34,20,64,83,33,79,99,72,44,13,50,36,69,75,90,10,99,23,32,37,41,88,61,40,22,21,66,42,70,54,66,5,81,11,36,0,23,82,31,77,55,5,35,93,56,36,11,40,22,71,53,83,69,55,33,4,9,71,10,25,85,22,77,68,18,72,65,42,97,1
73,0,90,51,45,47,79,56,49,61,15,19,61,62,97,89,22,61,4,75,86,20,2,81,73,27,40,60,23,23,79,86,31,90,34,61,91,69,38,43,62,71,45,100,27,24,67,62,34,2,7,21,57,67,35,31,44,93,72,36,40,65,32,97,59,4,32,11,2,83,52,37,51,69,77,93,5,99,70,40,50,85,56,34,65,85,13,29,43,54,85,78,50,97,41,92,14,79,83,88
5,23,80,45,14,46,84,75,92,48,44,31,81,85,82,95,38,36,5,17,63,83,29,12,46,20,36,8,75,61,70,100,62,32,51,46,93,82,9,27,54,31,51,39,86,64,84,12,48,26,39,23,21,64,23,6,80,86,20,87,67,49,0,67,62,87,56,42,72,78,9,100,67,84,50,46,17,22,44,35,79,75,6,18,33,31,81,54,67,49,68,5,6,39,6,99,44,23,47,62
8,34,10,75,60,92,78,12,46,36,95,13,50,70,34,14,39,6,63,32,86,1,4,71,21,16,60,37,19,52,52,21,4,54,98,16,79,79,24,48,88,9,98,44,37,18,82,40,54,63,30,83,10,61,83,90,50,92,71,17,76,40,69,37,65,33,64,93,83,86,16,88,6,98,87,0,11,90,19,50,72,67,53,47,44,86,25,1,60,46,54,46,92,1,71,50,49,60,3,81
21,20,62,47,73,37,12,88,59,27,3,6,95,35,23,45,84,3,72,76,6,86,31,88,100,35,64,93,23,32,11,53,97,69,96,39,29,33,42,94,2,21,15,84,89,67,18,15,41,59,26,89,77,0,5,53,9,16,89,68,53,92,90,39,46,1,76,95,78,83,0,67,40,80,64,45,13,53,5,56,38,56,98,41,13,72,84,43,54,6,100,41,98,37,24,61,0,19,35,33
70,34,0,33,27,6,68,57,97,29,46,23,55,96,65,14,44,57,31,31,48,38,62,27,54,86,76,28,27,83,98,28,89,25,73,51,1,30,39,69,42,88,55,26,73,58,29,19,52,74,60,2,63,83,83,22,67,78,100,71,43,66,94,85,50,55,94,46,53,71,90,1,46,22,98,89,25,20,74,38,30,4,73,68,0,29,21,17,35,82,66,0,69,32,47,45,48,6,12,50
80,18,86,36,11,99,21,95,64,7,93,85,40,91,35,65,18,24,41,75,97,64,83,69,87,31,85,17,68,35,66,43,31,37,1,64,42,100,2,73,2,1,44,18,23,78,21,56,78,62,83,14,67,80,25,58,30,78,56,45,44,93,77,35,13,84,93,47,14,68,30,58,39,99,79,4,71,13,86,87,5,87,70,33,25,73,6,75,52,73,64,38,6,32,78,82,90,12,30,62
6,46,51,72,5,72,56,82,3,1,1,57,86,92,20,79,29,18,6,44,11,82,95,100,22,5,49,83,10,41,49,85,24,49,96,23,28,97,70,1,75,77,12,90,48,84,14,6,16,44,8,29,92,29,96,13,72,13,68,99,67,32,53,18,77,32,37,4,86,53,95,66,28,16,18,14,19,6,46,41,62,58,53,80,77,57,0,48,69,18,35,91,23,93,74,63,57,70,36,22
51,12,78,1,84,9,52,17,44,46,68,83,71,26,74,44,43,60,60,56,17,10,36,49,55,76,11,5,32,93,68,46,97,13,23,63,57,65,78,25,90,24,82,37,87,16,79,60,69,19,10,57,26,15,97,100,23,48,35,32,91,57,23,8,48,93,31,40,26,30,2,45,71,23,76,75,51,45,88,66,2,55,74,39,30,31,61,61,33,43,55,75,8,73,53,93,96,80,8,64
69,57,62,34,80,21,60,61,71,73,91,14,99,59,99,52,82,96,91,97,95,83,1,69,46,85,16,50,41,1,74,19,79,33,86,23,93,83,59,17,29,45,36,36,87,83,31,13,18,47,3,41,88,29,12,71,83,45,21,48,52,80,77,63,98,83,28,67,98,38,24,31,93,47,1,19,37,95,46,53,95,14,37,1,90,40,20,61,16,87,6,59,81,74,19,84,63,95,3,13
28,46,53,41,84,12,93,25,16,84,1,21,72,66,72,67,85,62,57,75,47,50,46,32,44,29,2,89,60,86,81,75,63,66,9,54,65,2,16,96,49,9,35,16,39,80,69,26,54,75,83,25,88,70,24,30,25,43,4,55,24,95,21,63,59,10,27,25,83,5,39,80,72,6,24,17,0,51,88,41,92,53,61,53,94,44,92,91,28,53,67,98,83,28,31,27,82,65,76,45
83,17,44,63,15,99,18,55,99,23,10,80,63,40,54,81,45,89,97,81,80,51,85,68,8,67,18,49,73,66,75,56,88,40,61,86,48,47,63,19,4,68,48,22,11,27,7,79,1,38,29,98,71,63,60,13,89,33,85,14,96,95,30,92,11,76,47,45,22,87,51,68,6,52,83,63,97,73,14,32,6,82,11,90,35,77,11,55,94,56,29,93,8,36,1,90,51,18,69,48
38,25,42,85,66,53,30,86,99,44,39,48,50,1,55,35,76,91,98,34,91,45,24,89,49,76,1,2,15,73,92,42,66,51,29,40,11,88,87,94,78,87,52,11,5,90,45,63,49,17,37,36,16,42,20,80,35,7,26,74,78,72,4,98,39,41,24,16,68,67,36,57,10,9,83,18,0,90,87,76,77,40,54,5,62,39,78,46,38,54,50,30,35,38,67,64,47,24,17,34
14,35,45,70,51,17,17,93,90,74,18,5,90,75,37,44,13,81,46,22,97,87,17,66,51,45,100,35,64,74,14,36,70,53,92,58,27,83,54,4,14,22,39,26,98,2,0,42,91,1,85,12,84,74,0,35,92,56,22,40,36,49,12,93,6,7,96,36,19,74,1,60,34,61,79,80,22,53,92,19,29,78,56,5,12,31,73,7,69,56,22,55,56,57,89,52,71,7,98,15
85,38,86,100,81,93,96,50,20,14,0,39,12,63,10,32,24,19,12,78,88,17,7,94,2,68,84,93,61,24,55,42,48,65,8,69,10,7,16,8,12,4,76,36,8,51,24,58,74,89,59,26,6,46,91,74,14,95,31,14,54,78,66,69,89,38,47,66,52,54,18,19,68,100,4,17,14,61,24,28,16,53,80,34,42,4,58,39,38,19,28,16,64,86,70,24,81,85,83,83
93,100,86,53,6,7,98,90,58,6,38,73,32,10,30,83,25,20,7,18,14,69,78,83,91,16,30,84,95,10,26,95,36,72,73,66,41,87,20,64,51,8,71,50,62,46,3,64,51,61,4,97,75,75,11,3,27,51,71,28,73,20,45,12,79,43,39,74,62,87,56,85,77,35,29,69,90,99,32,79,65,65,17,68,97,58,26,78,73,75,70,51,98,11,17,20,67,65,82,51
16,92,33,0,61,69,90,53,73,42,99,62,43,89,61,15,86,63,16,14,30,22,85,99,8,60,60,50,24,25,0,54,58,87,93,57,92,80,94,85,31,47,70,93,86,22,81,52,92,60,73,24,95,65,87,8,53,3,82,27,26,71,41,99,55,96,29,41,64,11,18,30,33,30,12,0,83,49,10,72,33,58,31,79,28,33,23,43,78,76,26,37,53,62,1,36,5,54,20,66
2,56,7,82,40,34,24,52,66,95,0,39,58,34,81,28,92,0,75,85,36,13,37,20,92,23,3,63,44,22,60,68,62,66,58,66,31,86,43,18,46,52,46,6,18,81,68,3,39,2,99,89,71,97,38,42,54,72,2,3,40,32,45,53,18,36,66,83,83,24,94,2,12,47,92,71,99,12,16,33,84,79,13,72,74,36,70,9,51,60,18,41,4,23,58,1,100,94,66,31
9,60,49,15,91,28,0,16,45,53,14,83,58,31,84,28,72,81,43,56,100,3,1,85,12,31,88,98,19,84,37,17,54,20,51,7,70,37,31,65,47,31,68,7,41,43,54,20,26,7,77,34,19,66,47,77,1,98,84,41,62,48,20,2,93,49,33,10,50,79,71,19,59,61,20,66,98,43,42,89,78,47,61,67,43,41,77,22,33,1,10,0,39,21,76,8,90,71,16,89
26,59,88,69,53,8,38,47,7,78,4,59,64,70,12,60,45,6,30,54,18,6,20,0,29,59,96,26,1,27,97,65,39,87,33,3,51,29,62,36,80,32,20,46,69,79,48,75,73,95,65,67,59,68,12,53,77,76,86,65,8,60,34,80,58,32,94,5,19,83,79,77,56,59,1,36,32,2,6,76,64,36,46,44,57,88,77,31,86,46,70,36,97,65,89,70,1,36,2,81
28,0,6,74,55,0,55,82,4,68,27,11,52,79,74,34,72,90,68,84,30,97,10,1,0,60,67,46,39,78,55,31,78,22,15,98,20,22,46,84,18,97,91,56,80,83,4,34,72,22,89,41,25,5,95,20,56,12,19,4,9,26,34,31,0,0,62,38,68,40,1,91,67,34,53,24,28,88,80,23,25,87,4,13,51,18,15,98,27,28,94,71,41,71,19,44,96,32,49,44
19,31,64,74,74,58,100,7,56,92,0,25,23,86,50,59,93,95,47,43,93,85,25,87,60,32,83,81,53,97,58,9,3,64,24,92,25,71,38,49,86,41,32,23,37,98,49,66,27,15,72,63,68,59,83,26,96,10,91,81,32,68,81,65,78,2,74,40,13,77,44,92,17,78,25,3,81,39,57,65,67,12,11,46,69,82,30,56,69,72,57,81,4,10,11,77,75,47,25,95
99,12,0,71,25,72,2,3,21,77,63,59,26,51,51,35,60,38,55,1,73,21,70,50,39,82,18,56,29,93,92,24,70,19,44,76,63,38,62,21,89,76,58,40,45,13,18,94,18,39,3,40,22,91,54,71,42,68,15,38,17,59,51,10,56,47,14,58,48,73,54,15,60,20,26,52,39,3,34,7,88,21,63,47,77,99,75,34,32,32,71,15,16,56,85,66,9,2,83,8
96,64,9,23,4,66,12,51,31,95,69,66,28,44,45,42,20,63,35,2,85,74,98,26,1,25,52,68,95,47,18,98,69,42,40,29,25,96,23,68,53,91,96,26,9,68,34,73,79,7,96,63,10,25,67,18,35,12,59,2,78,40,93,43,4,54,8,85,3,7,17,31,57,45,20,25,41,48,76,84,50,1,51,29,74,43,3,25,25,27,62,69,36,15,36,13,50,53,100,47
23,73,40,9,24,34,20,2,94,23,30,3,9,82,53,20,60,63,14,100,62,15,79,80,68,86,71,63,79,73,28,42,85,68,40,94,100,15,58,4,43,27,75,23,47,8,6,38,70,37,83,61,2,8,20,60,29,75,51,48,6,33,31,79,53,53,10,17,14,85,96,50,72,36,21,30,58,27,96,59,32,25,55,57,86,1,51,66,4,95,95,71,50,11,2,45,92,68,36,21
97,80,3,32,87,1,57,14,46,42,46,68,89,81,52,27,59,21,51,67,33,60,22,62,47,0,52,32,69,2,77,18,37,86,88,33,94,35,6,8,23,32,83,72,41,11,72,11,8,67,82,15,51,39,60,63,24,90,6,97,14,80,10,18,69,8,91,85,89,38,51,38,65,46,66,75,61,49,95,70,70,24,81,31,59,61,4,3,90,70,48,11,4,34,17,51,62,43,67,52
14,52,82,74,75,9,76,100,98,38,94,27,67,96,58,6,100,4,13,36,92,34,51,5,27,14,50,97,66,26,39,9,76,75,52,0,77,58,23,13,68,95,84,59,90,86,76,67,37,89,89,39,99,99,99,82,32,7,28,91,42,90,70,83,18,77,81,0,43,8,7,59,33,80,39,46,27,58,26,34,71,8,87,25,66,94,16,9,3,91,14,26,26,94,70,18,2,73,55,93
76,40,91,22,27,97,20,60,20,46,32,28,29,89,98,25,33,28,82,5,63,62,67,60,56,91,98,74,42,94,62,60,19,95,22,52,39,81,26,84,69,96,52,35,38,85,60,90,43,47,52,68,45,75,91,54,78,83,46,44,48,27,91,17,5,2,79,62,24,25,87,94,63,88,74,37,73,5,32,81,86,70,36,35,93,12,15,5,99,14,31,5,40,37,59,84,44,90,37,48
5,14,37,75,34,68,79,3,95,48,18,85,94,80,48,91,65,20,56,76,65,54,2,13,4,96,30,88,48,47,18,18,26,92,4,24,70,96,57,34,64,15,82,86,7,27,17,80,40,25,44,52,41,71,42,69,89,64,68,21,58,19,2,18,68,1,47,70,17,36,3,17,60,22,27,39,92,12,2,73,54,63,16,9,18,88,47,63,0,70,0,47,91,25,100,81,65,97,67,2
83,42,24,53,10,64,48,19,89,87,84,84,82,2,64,76,41,23,43,66,61,44,66,83,92,77,87,82,96,80,2,37,20,39,33,95,86,84,51,67,75,63,67,41,12,63,21,44,65,24,5,14,72,97,13,55,0,58,54,14,65,47,7,35,62,91,64,53,29,80,37,79,69,65,35,22,34,34,49,49,88,43,11,45,29,15,37,92,73,47,59,44,90,56,18,73,69,79,59,20
67,95,26,52,1,22,95,58,88,72,14,40,97,27,69,59,38,46,5,49,3,12,44,4,56,81,78,11,17,6,84,12,36,33,18,27,5,90,8,62,6,97,81,48,4,15,81,5,23,67,47,0,80,76,86,94,68,81,67,53,65,45,58,69,3,86,65,31,15,83,73,25,82,4,37,68,25,100,92,27,23,95,12,28,37,25,90,27,97,92,81,76,27,83,37,52,69,15,99,48
13,42,9,12,88,1,59,57,69,72,55,91,57,70,97,42,0,20,85,6,45,52,84,28,47,54,45,90,12,25,48,42,60,2,93,80,24,17,61,52,7,88,85,47,67,71,60,32,34,0,66,17,35,57,62,47,49,11,54,8,79,7,7,69,35,2,34,66,53,13,77,13,22,7,23,3,41,33,6,20,62,71,62,91,98,3,52,64,46,41,80,63,88,61,67,9,9,36,71,31
92,72,1,85,4,35,74,77,36,83,23,40,63,16,32,92,45,52,32,92,93,30,50,83,18,19,97,26,25,69,94,40,19,50,72,86,37,21,42,83,87,2,11,95,47,95,65,81,6,10,19,29,1,14,26,99,74,25,84,59,50,61,40,17,49,54,98,41,27,56,27,80,46,93,46,29,82,66,10,93,45,38,57,40,22,29,79,16,77,94,7,2,5,40,86,41,1,43,38,34
6,2,91,68,29,49,77,39,54,74,41,50,38,19,19,59,51,7,32,49,39,87,52,28,7,82,99,37,63,31,41,75,80,100,15,10,29,80,68,82,1,1,35,20,91,56,98,60,83,66,83,19,70,2,80,45,71,64,7,74,9,72,97,33,4,60,15,9,55,47,99,35,10,54,36,79,93,18,53,40,20,68,56,53,21,27,98,24,78,5,16,46,4,69,0,81,51,40,3,57
55,91,8,16,30,44,29,83,41,82,9,10,82,21,73,5,90,26,39,26,81,49,33,51,2,84,16,97,50,29,28,95,94,73,56,59,83,70,65,72,49,63,93,66,95,60,17,90,40,81,9,13,58,98,75,11,42,92,6,60,23,45,60,81,90,62,33,24,100,47,44,92,23,21,2,11,65,67,48,77,19,96,7,1,73,96,37,98,61,34,45,45,83,11,94,59,66,48,74,62
48,100,36,53,40,98,62,9,76,33,20,85,54,28,47,67,2,48,13,65,37,56,47,59,49,2,76,41,23,62,53,8,81,63,36,27,96,9,78,56,15,95,100,50,36,62,57,38,58,64,25,68,1,9,37,27,43,27,100,90,36,98,46,14,28,46,71,62,97,3,86,60,88,22,2,19,43,86,81,28,11,64,30,37,42,0,55,64,65,31,35,24,24,75,12,63,28,22,59,97
1,49,82,11,6,46,87,66,82,48,40,86,41,17,90,80,13,70,51,31,2,50,77,84,52,21,95,30,90,54,88,91,78,85,16,30,49,88,28,21,22,14,58,99,6,11,48,11,51,27,93,96,44,83,17,13,24,96,24,17,41,72,74,73,83,65,40,29,71,34,21,45,58,38,96,40,75,25,23,25,100,50,56,2,32,20,69,35,39,29,43,73,86,23,82,29,14,2,70,44
93,69,87,64,97,24,54,37,95,63,1,57,100,47,74,12,74,96,57,73,19,16,48,4,36,94,48,31,28,95,53,1,43,1,57,28,17,44,18,76,91,9,74,54,94,47,35,8,35,99,56,79,21,42,92,34,32,13,89,3,71,28,21,16,76,68,47,35,4,81,57,19,78,19,64,71,90,86,8,32,32,93,84,92,2,23,37,46,74,54,64,52,79,11,0,59,29,91,77,39
31,2,21,38,15,69,91,68,62,14,58,50,26,1,41,0,41,85,59,27,42,29,14,77,92,66,39,51,99,15,29,78,3,36,84,42,60,1,44,88,85,24,81,21,1,88,16,96,6,85,44,50,47,58,47,88,30,70,88,2,23,12,42,46,44,59,50,6,6,38,38,31,45,76,61,43,30,95,70,100,22,29,84,10,84,87,7,7,64,39,61,57,34,57,13,26,84,56,50,50
13,83,10,61,99,77,16,59,91,82,93,65,20,47,7,50,50,63,65,8,56,44,90,5,60,70,88,48,14,57,36,72,62,7,10,67,5,85,75,33,59,67,55,79,36,67,32,97,91,96,74,42,31,82,27,74,58,72,61,100,26,59,29,62,13,86,86,61,3,34,84,86,10,74,69,56,86,14,12,17,34,31,50,92,51,9,9,75,33,96,92,70,35,35,100,25,11,20,24,36
9,67,16,73,6,80,23,98,25,68,87,0,97,21,1,61,70,9,6,92,64,1,57,72,11,72,77,51,24,74,14,24,26,82,66,67,18,25,15,84,7,5,6,86,20,27,90,85,57,49,26,27,66,20,57,47,34,39,62,21,39,77,81,2,10,24,0,79,21,96,62,64,61,92,30,41,38,26,66,92,0,68,14,26,6,36,53,55,10,10,98,33,84,34,86,49,74,48,18,44
15,93,69,97,20,22,63,37,92,22,74,91,65,27,62,58,76,8,68,73,10,89,24,4,64,12,64,41,46,66,89,68,58,83,65,8,40,81,7,91,87,19,52,7,96,27,45,46,94,34,79,77,10,71,22,64,77,42,63,64,43,40,64,19,2,84,16,73,5,66,16,68,21,24,72,68,58,87,24,47,64,66,24,23,85,44,68,4,62,69,94,6,36,15,77,47,83,84,26,96
64,71,84,14,80,67,68,63,13,48,4,70,62,59,26,79,39,17,49,95,78,18,47,87,21,85,17,34,44,45,80,44,85,53,68,62,63,28,94,42,2,46,72,79,64,33,42,73,16,26,30,65,63,66,39,94,28,34,20,95,57,5,54,53,72,38,33,12,5,62,62,78,27,79,62,63,20,34,41,27,8,19,21,12,20,85,74,24,43,76,24,14,62,57,9,23,44,78,17,61
35,35,28,17,49,23,71,49,4,29,26,68,39,12,78,71,7,9,100,0,95,17,51,47,99,38,53,90,29,80,41,32,7,63,86,64,47,28,56,77,93,63,85,9,39,54,92,83,65,10,55,84,43,78,47,86,0,64,3,71,34,66,42,75,83,57,35,96,3,55,8,6,56,66,31,19,1,34,47,22,84,29,15,40,90,3,54,85,22,56,23,89,78,98,0,10,13,27,14,10
45,7,10,83,71,47,73,7,17,64,72,31,2,50,76,26,2,79,38,91,53,44,84,40,62,27,47,65,19,71,9,83,100,0,73,78,24,93,20,86,95,88,47,34,42,0,91,96,83,37,28,41,77,77,81,91,94,31,81,41,84,71,72,17,4,33,1,4,44,5,46,46,96,31,1,37,41,97,6,70,72,6,94,18,68,14,59,96,31,48,64,90,55,73,12,95,73,86,15,88
73,11,3,71,77,86,18,75,61,85,19,8,52,60,48,28,54,50,62,32,16,20,84,32,25,43,68,67,95,98,81,70,93,50,41,20,89,3,67,6,1,79,29,46,93,61,67,90,75,0,69,86,38,9,15,2,89,93,13,54,98,25,2,70,88,88,59,90,94,78,60,47,94,91,62,53,50,67,4,25,7,74,30,24,84,75,1,72,76,86,76,68,26,44,86,2,1,29,41,72
7,81,35,38,85,4,97,90,20,53,45,89,26,97,58,31,20,77,35,12,2,80,80,8,38,51,31,39,94,45,16,22,52,81,37,42,5,4,75,62,57,31,91,36,89,97,96,19,79,88,37,94,77,15,86,56,58,32,99,20,11,85,100,29,71,65,65,8,85,48,29,59,66,66,11,100,69,13,97,61,55,79,69,95,34,90,3,29,1,97,76,98,96,58,39,55,80,49,51,6
76,8,36,48,68,34,20,51,12,2,96,87,71,38,75,15,15,97,42,50,93,54,13,72,40,1,31,36,97,53,53,53,53,19,83,2,66,59,20,60,44,94,10,40,81,47,18,71,29,51,65,77,13,85,65,78,23,39,54,85,6,33,77,31,75,2,94,25,52,19,58,12,94,20,39,54,2,95,7,16,82,29,76,63,74,81,75,4,84,61,65,78,74,48,98,82,55,88,31,42
19,79,52,2,58,67,12,21,5,87,66,65,37,71,32,15,71,7,100,62,44,84,26,50,19,79,29,7,89,67,52,100,25,70,59,7,71,74,11,93,11,39,82,7,86,2,85,22,99,70,36,73,22,7,82,37,60,79,21,47,95,56,96,32,19,73,22,32,6,59,20,3,49,53,26,15,54,82,79,13,7,65,64,69,60,97,21,34,27,50,99,46,1,89,56,83,73,59,50,22
70,17,68,38,12,27,26,23,50,25,78,24,66,98,75,4,46,6,34,34,3,69,68,73,3,29,80,14,77,56,32,67,51,76,87,89,89,75,93,39,8,3,4,62,57,81,4,51,69,62,49,1,59,9,56,50,6,49,62,52,76,80,39,38,56,91,2,30,29,73,48,80,56,95,68,43,18,1,18,33,44,70,89,57,16,12,48,81,13,25,64,98,41,67,91,25,79,55,14,62
72,76,27,80,82,84,53,58,38,16,61,64,1,83,69,89,72,75,67,52,64,87,59,87,46,19,55,43,26,99,63,28,73,24,53,31,1,24,73,40,80,80,10,72,99,55,17,44,95,83,49,69,20,31,81,4,61,65,83,44,29,43,71,71,68,75,54,4,41,78,42,74,48,76,0,74,79,46,15,99,56,12,92,20,28,38,75,3,96,90,25,43,46,80,30,34,27,25,5,80
25,58,28,36,72,65,92,100,4,95,99,54,69,63,39,25,75,59,90,65,25,19,90,65,93,21,76,90,69,95,25,11,50,71,70,61,69,48,80,77,95,44,77,63,21,15,46,90,36,30,30,23,39,26,9,34,8,26,3,1,38,63,91,32,83,8,82,58,0,40,85,28,3,17,59,8,43,66,44,2,13,81,56,38,27,35,98,52,67,14,53,45,54,13,94,90,8,40,13,69
35,0,68,39,75,9,30,59,35,96,99,22,33,38,89,91,37,50,41,78,89,66,3,64,76,62,76,76,26,48,47,74,46,29,19,33,50,16,95,80,46,93,87,85,1,36,44,58,83,60,87,92,52,92,52,73,45,18,22,7,16,13,87,53,87,0,62,95,74,18,58,7,14,44,16,56,31,30,7,59,95,94,2,94,54,25,58,1,19,24,54,2,54,81,0,65,91,63,36,38
73,19,41,73,94,24,80,21,66,34,89,7,0,26,2,53,97,76,91,84,60,71,2,66,51,56,6,81,24,61,76,89,17,47,15,82,64,51,85,62,47,12,35,48,10,76,60,80,4,6,47,78,56,17,98,7,55,66,79,83,88,53,89,54,84,21,53,21,80,28,27,78,61,29,63,57,29,23,57,29,99,40,4,35,40,34,90,6,34,32,57,37,67,81,19,47,41,95,71,85
66,91,98,3,72,34,11,64,11,84,92,41,62,42,57,75,21,29,96,42,19,1,71,78,81,76,37,68,21,85,88,38,5,98,16,79,47,94,46,64,19,27,54,20,39,30,59,29,13,25,48,53,40,24,37,37,45,32,72,34,51,66,81,54,91,59,95,28,81,74,28,73,50,14,83,94,36,33,27,57,12,14,3,69,93,36,41,31,62,74,23,6,12,84,67,50,39,65,78,89
59,85,99,68,94,7,67,29,5,65,81,72,10,84,32,35,91,36,16,39,41,52,51,59,16,79,55,92,58,11,17,50,3,63,17,64,52,61,20,94,31,82,87,58,39,6,68,11,41,95,17,15,49,35,57,36,98,39,100,39,10,11,80,88,75,66,62,57,33,33,46,58,45,66,96,30,20,75,62,3,38,11,4,64,95,86,38,37,68,72,46,31,11,30,25,57,77,62,22,64
1,49,59,66,56,100,21,69,53,32,8,89,55,9,63,7,76,59,41,78,85,80,12,40,20,34,45,6,12,84,44,27,73,29,91,6,67,84,46,6,49,29,32,69,59,36,19,49,27,89,79,16,74,12,4,38,69,57,45,50,75,73,66,93,52,45,85,75,12,90,74,74,46,94,86,77,40,89,93,45,48,68,66,30,76,64,50,86,4,41,68,52,12,9,98,93,40,5,28,6
95,77,46,6,80,8,71,62,5,60,75,69,73,31,25,9,34,1,96,73,92,89,32,19,72,6,38,89,4,1,37,9,7,52,25,64,74,1,85,58,55,80,97,86,15,70,46,0,62,98,73,53,59,19,7,3,46,29,17,80,58,52,89,44,50,24,25,70,81,66,46,70,9,58,40,29,47,30,57,28,47,89,74,8,8,65,97,0,40,47,22,47,55,88,43,33,8,96,37,13
4,73,61,80,69,40,80,6,100,76,21,76,9,32,68,5,40,19,51,58,85,89,88,27,2,65,87,99,4,24,12,10,61,81,61,69,23,18,22,80,91,86,34,6,83,93,99,46,32,24,88,89,50,68,11,44,36,91,23,30,71,90,19,26,47,36,77,83,26,32,62,34,38,80,71,34,46,22,35,3,47,39,75,37,19,28,95,87,72,56,10,22,35,90,14,51,82,69,95,64
4,72,76,90,82,88,33,43,92,71,43,56,97,76,5,84,25,87,58,26,21,41,28,85,54,51,50,84,59,94,55,15,4,65,35,55,32,7,82,56,44,37,30,92,63,65,27,47,37,82,0,7,95,17,41,73,99,61,84,46,38,5,48,63,3,79,47,44,16,0,7,77,35,47,73,44,77,44,77,63,66,25,9,42,5,80,14,91,54,65,43,65,71,27,42,22,39,42,28,62
97,11,80,32,86,62,30,47,53,91,77,42,79,18,83,49,22,57,33,96,21,83,99,25,39,36,35,51,25,16,5,30,36,6,80,19,80,98,97,74,92,64,25,77,54,21,20,1,95,44,14,52,13,88,73,2,47,29,9,32,83,27,83,93,11,72,2,10,40,16,0,53,18,86,59,74,32,59,98,85,77,85,99,63,20,30,47,83,80,84,6,20,61,55,42,53,23,11,91,56
88,61,47,43,41,68,25,62,39,41,87,21,25,71,26,83,25,49,49,88,55,24,18,37,66,100,91,37,48,4,0,46,65,28,83,84,60,76,19,71,79,3,49,5,70,26,34,78,41,37,21,17,86,55,65,24,33,7,45,30,21,90,23,55,63,64,20,63,45,96,96,79,66,67,38,87,16,52,64,40,14,96,77,12,47,21,12,10,85,63,15,65,97,70,10,87,45,24,71,28
40,59,24,57,16,22,60,2,76,10,88,57,48,54,24,52,66,46,74,93,29,87,55,52,63,86,55,40,13,84,17,35,64,5,89,21,42,64,20,32,30,1,23,98,25,72,71,58,31,73,28,76,18,100,40,64,44,99,73,76,41,26,6,7,61,46,53,11,33,88,95,91,49,90,70,39,87,80,90,26,54,74,15,2,82,37,20,72,90,7,73,48,48,44,19,40,62,62,27,80
86,51,25,42,6,49,59,71,77,96,62,55,98,44,4,5,17,67,68,51,49,78,32,10,12,39,10,0,0,83,50,28,21,30,33,89,18,68,85,8,85,42,46,18,53,82,48,47,46,4,52,60,63,77,26,80,65,36,99,32,64,81,13,38,70,93,19,10,34,61,38,49,96,97,64,57,33,85,64,47,89,37,28,2,4,31,25,53,83,57,99,63,40,2,10,80,42,63,85,95
13,29,9,82,3,21,57,71,10,20,23,8,77,40,88,18,14,57,91,46,43,92,97,1,30,88,53,80,44,11,80,57,84,84,95,91,1,17,64,17,54,48,88,37,44,88,24,79,100,1,36,45,72,76,95,77,30,40,0,81,20,15,90,14,32,80,36,67,48,22,46,99,38,2,77,75,57,31,5,63,87,8,56,23,10,11,69,60,36,93,80,71,14,67,70,20,90,84,69,38
57,67,61,84,45,14,3,92,9,46,42,34,1,61,53,0,35,31,38,7,64,57,88,17,23,55,9,55,70,17,60,42,57,4,71,95,97,55,40,79,34,31,36,67,4,100,12,54,65,84,50,52,93,87,59,48,67,34,81,60,71,44,35,85,39,78,17,71,22,15,32,86,46,48,47,11,54,71,64,100,14,10,58,61,82,21,85,2,21,70,52,92,4,11,30,72,60,23,60,22
59,37,57,94,83,62,82,52,49,23,14,84,64,17,65,1,28,15,37,15,0,40,76,6,1,69,70,22,42,76,6,100,49,10,84,45,29,82,3,22,13,87,26,49,0,81,9,91,31,59,89,21,40,76,93,86,77,58,13,37,93,39,5,58,25,62,88,52,53,84,46,68,68,100,74,20,94,88,97,54,97,26,56,38,33,87,89,38,39,83,78,75,28,98,13,75,1,39,76,5
28,73,28,46,88,26,33,41,90,64,19,72,21,45,85,24,39,44,90,35,89,84,12,10,0,57,70,77,95,65,32,85,9,31,8,38,28,97,90,11,37,21,60,3,88,55,80,64,14,34,94,78,9,79,4,47,98,85,43,16,27,56,37,38,77,96,63,1,30,38,19,7,65,7,22,60,99,21,56,29,59,72,0,21,25,63,30,70,26,64,7,95,97,13,4,52,25,21,99,68