38,26,2,54,30,31,67,46,65,0,75,36,39,46,51,53,31,20,37,59,29,57,25,8,79,3,24,56,18,11,18,47,88,93,42,30,11,40,95,66,27,44,19,96,13,20,95,99,19,43,15,71,68,72,3,88,89,91,92,32,56,32,52,5,31,61,14,30,35,40,17,66,54,29,21,59,10,99,63,25,71,99,46,60,32,12,6,47,69,91,45,84,74,79,84,57,84,13,10,40
62,16,1,65,22,77,61,14,88,75,55,67,56,88,56,83,82,74,3,63,58,16,49,98,36,74,29,16,88,29,34,96,57,62,32,47,51,75,72,44,25,30,53,45,36,48,79,17,54,12,61,23,13,78,50,55,13,62,68,75,44,29,8,81,68,75,52,51,75,97,52,53,83,16,88,11,39,37,100,38,20,95,29,97,100,3,71,50,99,97,5,70,42,58,63,15,56,94,70,0
66,35,87,0,7,20,8,95,8,15,2,14,2,37,32,70,50,99,98,69,16,10,87,30,14,96,38,67,70,35,30,29,34,92,24,76,92,10,82,88,53,12,23,16,34,14,38,11,96,47,2,33,28,15,68,94,22,57,46,67,63,29,97,92,15,78,20,63,16,37,87,42,87,83,88,46,35,93,64,35,30,89,0,24,41,15,62,43,78,60,93,71,3,75,47,43,85,93,2,56
56,35,63,7,95,83,14,4,31,11,28,99,44,13,47,10,13,41,83,10,72,3,3,63,62,14,32,78,3,99,30,60,89,97,60,28,55,34,26,91,95,81,12,64,73,59,69,22,82,18,14,59,45,42,13,51,5,48,83,27,54,41,21,13,62,20,69,20,68,36,22,60,28,79,100,80,16,3,12,22,53,50,16,18,48,57,88,25,100,62,79,59,23,56,77,21,95,87,30,44
87,69,45,78,25,30,24,25,33,34,92,38,99,44,87,78,56,35,91,46,36,14,62,10,20,48,0,37,42,16,16,89,43,80,69,8,32,79,46,46,3,96,78,4,32,71,9,91,51,92,92,81,80,4,73,22,76,76,55,18,19,96,71,28,2,21,4,47,52,63,86,53,49,99,91,44,63,7,75,7,39,95,49,1,53,49,90,37,10,2,49,23,36,9,74,36,7,35,76,67
72,69,47,86,57,81,98,76,89,9,15,33,34,17,48,64,50,12,13,87,48,37,97,12,5,57,11,37,1,16,47,16,99,4,93,27,66,12,93,4,84,48,54,61,94,75,50,94,51,11,46,95,34,37,37,52,84,28,94,12,95,0,42,59,67,94,98,23,40,43,68,44,36,14,3,55,24,86,95,85,41,98,35,69,54,86,91,100,60,93,63,1,54,100,92,94,40,0,16,28
70,50,91,96,88,14,16,36,32,77,86,35,21,22,91,92,33,82,53,59,56,42,35,71,16,39,46,24,73,47,3,57,75,13,70,32,75,28,77,36,61,19,42,46,60,19,9,55,34,58,24,42,60,39,70,23,34,55,60,52,84,64,35,96,28,45,4,24,36,58,46,71,52,9,27,65,89,11,85,98,31,18,67,100,64,58,83,9,12,61,99,98,64,46,93,86,31,56,76,91
2,99,82,40,29,61,64,95,45,96,23,21,44,48,1,11,27,22,56,33,72,30,12,87,33,60,4,34,86,79,64,18,58,50,35,11,90,52,91,92,0,13,68,5,22,57,2,58,48,5,46,28,55,11,26,99,68,59,99,93,26,11,38,42,57,57,16,74,10,35,95,91,19,60,41,37,39,13,72,3,65,48,68,90,28,3,71,84,52,13,78,44,25,40,46,83,9,14,59,3
91,61,70,75,23,8,53,35,97,25,15,61,63,7,85,77,70,27,46,10,87,63,41,71,74,38,75,43,83,34,74,0,65,78,2,26,69,18,37,35,78,89,53,68,7,13,77,23,67,19,50,17,66,62,18,62,63,39,81,8,93,99,44,91,68,15,24,23,82,43,62,21,40,25,48,34,35,50,9,28,98,14,27,31,45,51,11,16,14,59,85,55,87,16,72,48,47,35,17,74
78,68,27,31,51,50,83,2,7,35,66,66,52,8,28,93,87,94,94,28,43,10,26,77,77,26,93,62,32,74,60,48,8,1,19,37,78,94,38,12,92,26,90,82,6,12,1,15,8,35,31,18,24,71,85,37,13,16,10,6,49,60,39,79,92,94,69,18,50,20,1,22,6,69,77,53,21,48,49,35,36,53,20,96,47,59,3,59,60,28,45,16,0,80,7,92,8,42,82,3
19,73,70,26,57,30,9,38,37,18,25,21,37,57,9,89,26,9,71,73,6,55,31,86,45,20,89,61,63,16,34,21,18,23,74,5,7,58,72,54,18,78,98,28,34,62,48,72,36,93,65,79,88,38,29,76,50,81,80,86,65,98,60,64,54,82,38,68,48,40,16,0,10,36,90,60,40,69,61,82,36,97,58,64,74,28,48,71,55,45,95,3,34,29,22,29,54,60,13,92
49,38,57,85,13,12,35,29,10,98,68,43,97,32,45,43,71,45,84,81,87,73,79,48,40,55,60,54,21,86,5,29,30,91,36,64,20,51,52,78,82,89,78,5,82,84,6,22,82,26,92,16,92,5,55,75,24,94,40,42,74,70,42,54,11,47,25,66,66,77,35,96,94,91,97,36,19,48,83,54,24,62,22,28,18,46,72,16,83,52,46,100,68,31,94,65,89,6,63,48
58,24,24,73,98,13,93,12,82,66,0,71,50,8,4,25,71,55,43,95,47,30,60,73,23,40,54,32,17,25,15,82,68,47,43,40,1,63,33,45,16,7,85,22,72,5,27,76,52,79,1,10,56,81,93,10,86,18,32,82,25,83,0,12,71,64,91,41,23,38,9,98,24,84,36,72,68,45,55,7,45,53,31,63,60,68,51,53,18,92,33,76,96,22,9,77,82,63,61,64
59,7,99,41,23,6,72,47,80,19,28,66,84,94,63,60,79,48,13,86,62,14,83,26,70,42,84,32,71,11,12,17,18,55,7,62,28,46,74,74,21,60,29,39,75,63,45,64,11,11,18,24,27,89,61,97,88,44,79,73,53,24,89,58,81,33,73,9,55,5,10,31,63,96,95,96,88,45,42,48,31,81,19,83,19,19,95,54,9,47,89,66,16,11,86,73,6,79,85,96
56,77,100,36,81,10,89,0,71,4,66,48,70,56,48,3,64,10,26,21,52,45,30,21,61,68,21,65,77,42,4,97,69,34,68,1,49,66,55,85,44,41,88,100,35,61,30,66,84,94,54,97,33,27,60,47,94,85,83,57,39,68,25,45,18,18,91,76,2,58,80,31,75,16,4,73,43,81,3,13,83,2,3,33,8,83,3,56,29,19,31,35,47,32,15,51,74,79,29,61
98,28,64,87,9,16,69,60,22,29,80,68,72,38,88,21,86,1,11,13,22,74,84,38,56,24,21,39,89,73,93,35,48,97,43,95,37,46,7,13,68,1,21,72,72,62,17,80,53,25,80,52,32,65,73,70,80,22,77,97,5,42,91,59,0,15,91,64,3,57,78,39,9,21,23,89,83,37,94,25,38,69,65,27,52,58,9,87,98,13,72,5,79,56,74,18,57,56,88,96
65,64,27,17,68,21,30,88,48,24,34,84,1,64,9,100,85,90,77,17,28,31,3,80,21,43,18,8,49,98,44,10,74,52,35,29,97,62,62,24,25,40,55,90,9,61,19,12,81,67,25,86,50,71,15,82,46,9,14,99,74,79,73,90,72,67,87,86,8,12,94,17,9,71,39,23,45,92,84,34,65,22,87,13,43,66,65,20,0,33,65,99,52,76,54,71,42,61,98,99
38,84,44,3,92,88,67,96,85,17,84,96,99,63,4,53,45,22,52,92,67,29,39,71,8,43,14,10,66,35,71,72,92,75,49,36,16,14,44,7,5,8,69,20,9,45,25,50,62,96,90,87,66,78,5,25,26,73,90,14,32,95,65,75,37,94,42,50,28,98,57,20,60,91,26,47,92,82,76,9,13,58,100,13,84,49,25,13,80,61,69,98,70,55,65,96,6,30,3,6
49,22,77,46,20,24,91,14,95,23,41,77,58,26,64,13,68,33,95,98,97,97,98,4,41,20,87,42,41,46,36,58,64,76,65,83,80,92,65,79,89,100,35,62,48,25,53,4,76,42,4,96,56,62,69,47,76,97,50,47,54,73,82,39,65,56,35,26,76,45,74,81,67,0,9,67,16,37,58,38,85,84,98,56,28,34,51,9,48,33,18,69,37,58,8,60,7,23,24,89
32,4,20,4,98,35,45,51,23,7,65,77,75,89,23,20,14,61,62,100,68,98,29,60,53,38,48,51,91,1,12,36,19,71,45,7,66,27,30,77,64,90,98,42,74,91,83,92,35,61,68,81,93,68,1,44,8,89,23,35,32,60,92,18,27,97,33,12,84,98,23,18,52,59,28,31,3,14,57,58,49,93,75,76,30,73,53,95,22,64,47,74,48,78,85,39,43,79,38,46
44,78,85,91,73,44,28,29,16,44,8,65,88,58,59,95,82,52,39,90,83,72,95,16,29,8,81,25,39,59,100,75,39,34,95,9,41,40,95,52,67,56,65,86,45,75,21,96,14,36,21,36,76,15,89,87,27,66,68,80,58,0,86,30,62,68,3,42,37,72,38,28,72,6,75,70,42,11,93,28,32,5,100,23,30,53,91,15,49,85,24,59,25,18,97,22,77,29,74,75
11,13,34,70,91,46,2,42,2,67,89,37,20,41,99,29,57,78,59,87,88,63,14,36,67,13,72,17,89,27,75,68,71,24,11,77,34,84,10,41,90,21,54,60,97,81,13,8,67,15,61,32,43,79,61,54,26,21,45,50,45,1,3,9,56,72,82,7,81,94,41,47,11,59,47,23,2,72,95,94,4,63,21,67,67,68,48,73,26,56,15,31,99,87,69,69,57,21,69,53
33,83,9,98,24,14,97,23,19,68,69,50,33,75,99,17,17,52,80,10,45,76,64,84,58,72,38,54,26,23,95,39,90,30,0,60,22,30,43,70,41,21,84,45,68,61,0,98,66,60,12,60,76,98,67,14,4,34,62,36,34,65,12,44,43,61,100,75,34,13,44,5,72,16,67,12,15,2,74,15,42,40,53,60,98,40,14,24,89,24,21,11,35,12,8,71,18,11,30,10
53,56,99,12,51,56,25,70,50,100,57,73,40,20,50,37,52,45,41,7,37,60,47,21,75,15,64,62,40,84,47,100,12,86,43,88,74,31,42,78,95,79,28,64,84,56,78,41,8,72,14,59,68,52,91,1,12,53,68,24,58,88,43,65,35,65,59,25,82,26,54,73,94,79,20,79,29,26,48,54,79,51,59,87,97,2,46,51,1,30,71,10,83,40,24,27,68,38,100,92
61,94,0,38,5,28,14,73,14,68,63,1,31,60,50,62,17,59,79,26,94,36,95,3,51,11,37,24,97,94,49,37,32,22,95,30,93,31,75,9,3,6,92,40,89,95,40,41,47,26,89,72,33,25,71,32,94,62,68,88,44,86,39,51,4,55,51,80,24,37,42,69,98,50,76,37,65,60,80,86,1,2,15,75,42,14,30,89,53,22,63,100,18,23,16,58,32,92,52,99
92,28,50,57,72,93,84,15,38,83,43,47,25,49,7,5,43,14,47,7,8,92,80,9,47,80,23,48,37,85,41,77,33,21,84,56,14,44,17,7,0,46,93,60,53,61,23,82,44,96,3,51,62,78,42,67,28,82,58,71,67,30,86,20,29,26,66,52,54,38,96,44,71,46,99,22,0,55,61,56,29,24,17,23,26,73,66,57,94,11,58,71,56,44,97,31,88,31,22,2
18,61,95,10,56,18,69,71,19,44,88,74,88,98,42,68,92,36,17,65,59,22,61,98,46,67,49,96,68,99,24,95,69,41,83,85,19,32,35,25,66,5,67,54,46,4,45,0,9,59,80,91,26,61,76,21,69,57,60,26,20,16,24,7,83,95,59,41,56,5,41,15,26,75,47,27,12,61,79,43,62,80,95,27,67,9,13,80,80,0,22,34,38,3,95,7,47,79,60,35
13,58,94,27,40,6,70,67,81,98,99,17,47,10,87,58,80,52,84,68,18,37,100,75,85,60,96,37,32,59,63,66,82,40,70,71,65,59,42,65,84,35,26,38,58,75,18,72,32,76,91,58,62,45,0,40,1,90,98,61,13,69,71,72,62,2,24,39,43,61,28,49,66,32,95,60,91,3,70,59,67,73,11,78,13,7,16,69,44,17,9,100,86,67,94,35,21,19,26,57
89,99,13,70,11,22,39,67,67,17,94,87,45,98,13,72,83,47,14,19,67,94,27,32,88,7,73,69,14,20,72,61,4,63,16,60,81,25,42,25,12,37,98,80,29,76,79,69,34,15,21,50,90,72,51,68,42,30,20,94,80,49,49,31,9,76,47,67,16,76,85,36,66,43,90,5,0,42,32,76,10,95,27,56,28,42,21,31,15,50,23,57,88,59,97,45,76,45,20,76
23,52,95,13,29,35,42,8,28,3,81,78,36,77,84,12,74,41,73,85,75,2,28,35,32,94,50,97,38,11,94,37,75,27,44,88,76,25,99,46,27,45,5,22,30,11,1,93,14,97,22,58,25,39,23,48,14,37,66,24,69,21,95,76,85,0,37,6,94,47,92,41,4,60,1,90,99,12,0,6,56,34,20,91,67,10,92,59,89,93,5,18,76,63,34,47,42,82,39,39
28,42,82,45,52,57,59,34,93,13,74,95,1,70,96,92,3,49,75,70,20,11,11,46,94,4,15,65,37,78,91,21,48,88,17,62,9,43,7,56,32,29,3,20,25,61,67,23,90,37,69,81,43,22,80,69,46,40,72,51,50,57,44,5,37,38,55,61,54,36,34,80,5,31,15,30,7,59,15,57,46,49,61,84,9,65,55,56,24,10,90,46,95,57,76,95,25,91,31,13
66,33,64,39,81,36,80,68,96,38,91,9,25,13,69,60,92,16,78,12,57,57,60,11,95,97,43,21,42,57,83,59,82,37,15,53,36,16,44,5,47,9,51,23,68,14,24,100,11,69,56,67,69,89,48,30,35,90,55,31,69,33,58,19,46,36,36,70,0,54,3,0,18,43,17,0,15,21,78,92,73,51,97,53,12,82,58,48,39,56,30,85,73,74,100,24,10,28,80,73
29,14,47,23,64,63,53,21,85,61,94,54,33,87,73,75,45,52,43,72,14,34,70,9,58,16,12,16,72,16,57,83,61,32,79,68,85,9,12,0,80,100,85,60,65,47,12,11,21,21,77,96,69,81,86,82,41,79,37,16,31,14,55,43,75,29,51,8,87,55,81,76,43,53,73,50,84,35,44,100,61,39,84,90,48,4,43,0,36,70,55,12,1,82,9,24,27,84,78,60
61,70,44,6,69,96,100,25,99,27,80,6,16,36,34,93,35,58,77,60,65,31,66,5,70,11,36,95,7,84,36,39,8,6,86,33,84,47,34,45,29,4,18,94,99,8,7,29,19,49,5,20,89,62,96,54,35,26,48,97,74,48,35,21,2,9,24,67,4,24,51,47,98,89,79,42,25,64,26,100,49,70,62,69,48,1,22,2,61,77,66,43,81,64,48,91,15,71,7,58
49,26,77,81,50,30,50,1,40,81,12,54,100,98,42,39,53,51,81,49,94,49,23,69,27,9,47,2,76,23,42,67,46,72,30,6,100,56,79,74,98,79,67,43,74,73,88,24,97,57,27,98,70,10,76,1,65,78,8,2,7,26,82,21,65,60,95,21,69,45,19,73,8,10,90,92,87,97,77,60,9,90,9,10,47,87,45,47,45,43,34,94,19,85,12,79,55,97,18,92
65,30,42,2,56,41,13,11,39,49,65,28,71,46,94,89,12,37,61,25,56,23,11,80,100,98,69,16,92,26,97,64,94,100,83,49,48,57,78,24,1,12,50,85,3,78,74,40,96,100,33,39,47,56,51,71,50,89,81,48,95,100,5,99,77,82,36,49,67,60,71,34,14,41,66,17,58,58,47,81,86,33,44,38,26,42,79,38,42,55,50,7,6,51,87,56,12,18,41,90
51,98,71,1,80,22,51,37,36,7,29,18,96,5,21,81,73,41,12,53,69,68,57,29,55,19,35,76,39,7,61,57,17,27,58,82,38,27,36,17,10,30,36,41,2,33,80,75,36,100,10,85,65,39,5,8,59,75,68,45,64,86,73,28,19,1,85,65,72,85,60,39,49,43,85,76,24,34,42,51,13,98,90,1,71,52,7,98,52,8,39,39,36,100,44,3,50,66,72,18
22,71,99,13,77,63,42,37,16,7,20,85,8,47,39,0,89,3,8,5,68,8,28,30,56,93,67,56,19,89,38,27,14,87,65,28,3,14,58,44,91,69,81,26,17,86,30,70,34,67,12,55,6,33,24,22,62,66,88,73,24,100,19,71,40,56,14,84,45,36,54,20,94,7,9,17,18,49,38,79,34,35,51,45,64,68,97,5,65,7,95,5,2,93,79,50,67,48,44,28
59,52,9,80,97,50,28,31,60,3,38,76,74,48,79,93,99,3,82,56,22,19,52,18,26,87,18,81,50,1,29,67,29,84,90,56,57,26,33,80,52,85,99,57,91,67,12,90,25,90,27,22,48,18,1,76,60,13,24,70,61,63,21,84,12,68,27,81,64,75,23,25,82,7,61,7,76,10,54,80,19,29,21,4,17,84,65,36,64,55,79,35,57,48,5,26,84,65,23,70
42,36,80,41,100,31,100,63,20,17,11,65,22,35,85,56,91,32,25,54,9,21,42,43,41,40,65,61,54,39,56,62,33,62,42,98,47,80,43,64,38,80,76,86,53,49,73,21,49,90,69,30,34,10,74,43,88,97,3,75,38,58,77,12,20,32,26,44,89,56,71,37,27,81,10,32,58,44,76,92,44,51,59,92,26,58,98,3,97,46,51,64,68,23,73,23,71,6,21,48
86,0,37,51,17,24,12,67,39,40,27,13,53,71,50,82,94,88,75,50,8,36,34,92,14,96,54,15,12,51,90,41,6,74,71,34,13,34,56,87,10,25,57,36,10,76,65,60,10,83,64,65,79,35,4,93,63,98,57,44,91,70,38,45,27,16,89,19,20,5,21,73,12,88,95,36,12,33,85,80,72,52,26,80,64,55,90,28,45,65,2,29,23,49,72,52,74,21,80,63
37,47,98,91,49,13,80,28,88,99,19,20,65,63,0,16,95,28,41,76,64,60,57,41,42,92,59,88,52,42,80,11,13,79,63,66,63,26,35,67,3,45,77,53,0,85,54,58,22,51,9,96,58,36,2,45,16,86,42,27,35,96,95,95,63,68,98,56,58,40,48,3,12,31,59,30,32,52,97,75,44,92,7,91,93,80,28,100,25,24,80,81,46,57,24,60,95,1,88,23
92,22,17,98,66,94,66,5,30,52,23,24,66,19,14,79,18,85,33,48,31,93,29,44,7,97,16,47,91,4,26,70,67,0,69,85,28,12,3,93,18,88,6,78,42,33,71,15,8,15,13,19,18,82,33,85,45,98,82,46,44,52,68,50,32,24,18,36,21,18,93,93,38,99,35,14,52,14,66,24,4,21,24,83,27,49,93,12,62,33,7,70,93,0,70,96,82,10,9,64
82,17,74,15,22,79,3,36,31,75,54,89,74,0,70,29,25,46,36,33,19,57,31,95,14,65,100,42,20,18,67,76,76,88,60,74,58,84,62,4,76,65,54,44,20,35,0,51,56,56,36,72,93,10,27,66,25,76,3,53,29,13,11,100,62,94,39,5,61,53,93,68,34,28,73,35,39,90,3,64,1,100,46,34,90,70,91,80,6,84,67,41,8,88,43,40,62,38,81,45
85,34,70,84,60,42,91,14,71,33,29,91,87,100,71,37,34,20,84,62,30,7,96,54,8,74,38,27,2,71,18,11,93,17,6,5,27,8,75,67,21,56,32,90,27,6,35,45,43,56,84,95,58,77,6,60,12,4,45,51,16,50,91,77,38,90,29,57,37,8,41,55,84,52,67,26,83,16,79,10,67,30,97,23,47,67,38,15,12,89,98,1,99,82,82,0,37,19,24,8
50,18,70,51,99,34,31,5,29,13,85,96,82,25,3,51,59,12,39,27,7,67,55,41,69,53,27,43,29,8,41,31,38,2,53,51,48,80,68,80,62,53,89,20,73,71,73,98,49,90,51,78,92,70,49,92,31,14,23,21,57,48,1,25,61,64,38,20,59,24,37,5,79,61,19,26,18,18,56,43,71,4,86,29,36,31,91,11,62,97,98,87,15,94,79,37,23,97,8,61
95,14,97,15,5,88,62,95,27,7,32,66,28,88,61,94,13,28,81,76,93,87,72,42,50,40,15,20,87,27,29,79,31,65,34,64,10,19,18,85,88,11,29,94,8,45,79,13,59,20,20,57,3,47,66,43,58,34,11,95,58,92,67,13,28,82,32,25,16,13,90,55,98,53,39,69,18,98,77,56,42,95,75,75,68,78,40,99,47,8,85,83,48,100,28,75,98,52,95,47
11,42,85,60,19,80,73,5,52,68,46,24,46,2,69,64,1,30,45,1,33,70,53,93,88,80,23,66,65,86,19,27,73,94,84,44,85,93,22,56,37,23,74,30,15,38,85,61,15,56,74,45,3,90,8,83,64,99,7,64,8,27,56,86,60,62,1,82,5,56,43,3,96,9,8,39,73,7,66,3,58,21,67,16,79,37,69,47,90,78,59,13,0,43,72,7,51,79,8,3
100,38,44,0,5,30,50,45,50,1,63,66,26,89,54,16,34,76,31,62,6,22,48,25,43,32,35,59,12,73,22,91,15,28,88,47,63,80,48,4,30,33,46,35,95,35,26,42,86,52,97,56,42,36,47,23,0,58,97,97,12,39,91,15,35,96,38,21,34,47,73,24,76,88,47,60,40,95,63,52,29,100,96,37,87,43,48,98,96,48,56,10,51,47,80,14,82,61,31,45
41,54,61,41,43,67,88,73,70,90,63,36,76,66,74,35,27,70,26,11,37,51,63,95,48,8,50,33,29,82,99,86,23,9,83,39,64,2,91,99,93,6,46,10,62,84,78,82,19,91,97,93,87,24,3,67,80,10,95,73,17,89,8,50,84,76,27,87,8,41,92,58,100,88,54,84,63,66,79,82,74,20,43,35,91,95,2,62,48,25,71,16,44,9,66,67,2,39,8,25
43,77,8,89,43,20,8,90,80,73,38,53,56,61,35,48,12,98,74,13,39,25,52,39,37,98,14,93,63,7,49,6,17,47,91,100,8,39,53,46,53,30,6,86,18,26,78,73,88,97,92,48,48,76,69,14,87,73,93,1,83,63,82,62,26,85,68,15,92,59,62,79,49,31,98,2,0,21,32,21,42,93,20,26,56,98,74,91,76,34,48,30,25,17,84,39,56,84,59,14
2,45,48,93,53,38,59,85,2,62,9,78,40,54,93,13,21,78,7,81,59,53,49,56,60,69,14,2,25,60,53,13,48,57,17,20,22,77,58,77,63,0,39,100,49,100,49,14,72,57,99,83,32,32,43,71,10,63,87,24,64,79,3,85,23,90,70,76,41,4,84,0,78,83,88,86,40,9,40,5,19,56,49,19,70,39,81,65,22,100,12,82,51,85,55,55,51,4,90,98
100,65,59,50,99,79,26,61,49,29,63,35,99,47,94,7,25,7,21,25,89,75,6,37,13,15,11,95,85,53,47,49,93,24,58,49,56,50,99,37,76,33,81,62,60,38,93,76,29,14,94,93,18,42,41,57,68,53,5,33,51,35,20,75,87,88,51,49,14,78,68,82,80,27,8,53,36,31,28,99,24,98,76,92,17,49,84,90,52,20,83,43,7,92,58,85,93,75,30,94
51,65,81,29,30,32,51,87,87,25,38,71,95,54,7,28,17,25,25,100,0,17,15,78,25,52,51,99,63,47,29,14,85,100,19,2,5,14,90,69,0,50,6,75,63,13,55,85,78,84,91,89,0,33,29,85,97,68,22,30,75,64,60,96,80,90,88,70,18,86,9,45,78,62,82,31,82,100,6,40,60,28,96,75,2,48,44,10,55,73,62,48,14,45,78,46,57,92,12,95
44,14,18,82,82,61,47,36,44,56,33,13,32,98,56,25,60,25,28,42,74,96,60,9,98,25,8,1,45,50,78,34,57,21,23,18,52,54,85,17,31,99,95,16,39,53,45,61,15,30,42,71,30,84,80,23,89,77,91,18,64,57,39,42,74,23,98,85,71,64,91,41,93,14,54,90,57,15,46,10,73,64,94,79,45,43,57,19,86,78,39,6,39,34,18,8,65,7,53,39
75,76,29,63,71,95,86,70,16,23,25,28,97,60,37,66,35,90,38,92,17,91,90,98,77,75,86,59,49,87,20,17,26,36,90,11,37,57,98,72,88,58,38,5,37,85,12,46,48,85,26,72,83,61,90,88,0,80,47,56,6,51,1,86,86,24,75,34,26,7,29,25,10,55,32,95,33,78,14,4,70,62,31,84,82,54,62,14,60,73,2,97,66,45,94,36,12,7,19,29
78,39,92,16,71,66,8,50,89,40,12,12,84,8,91,53,67,20,35,56,66,0,83,83,95,14,72,80,55,45,63,51,15,43,53,94,87,2,59,48,3,70,6,89,17,64,75,72,43,39,73,29,89,25,56,76,92,36,46,97,80,12,0,7,4,2,69,87,30,69,22,4,67,84,59,44,13,89,65,94,79,100,78,80,45,33,47,38,88,98,6,55,91,10,68,54,5,7,84,60
1,8,94,51,6,18,18,75,4,27,71,99,87,35,26,35,100,74,63,89,11,76,28,27,28,31,40,54,87,73,29,88,54,24,42,71,34,0,96,23,1,12,86,9,97,71,73,59,71,53,88,58,77,15,64,3,6,100,75,4,34,24,11,86,73,88,59,51,8,34,1,21,69,34,40,82,71,50,25,60,75,75,95,87,94,20,25,55,20,83,4,59,5,68,36,24,38,97,67,96
52,66,58,23,40,99,55,46,69,100,18,63,43,31,21,75,91,42,21,46,3,93,94,61,59,60,79,27,81,45,85,56,85,25,52,55,0,28,0,47,43,92,30,37,34,26,63,94,34,96,22,74,16,4,89,0,65,13,47,43,100,39,47,66,35,49,79,79,97,91,53,35,21,26,4,91,85,49,88,15,7,27,91,21,83,75,71,59,51,90,79,40,64,83,10,83,94,86,95,56
66,99,75,81,53,32,87,43,35,69,50,55,15,83,45,24,45,44,65,100,38,25,95,38,34,34,52,27,49,47,69,15,51,62,79,84,54,18,29,59,62,48,16,25,0,9,3,17,35,68,30,49,32,36,4,76,91,78,35,24,34,87,99,40,31,95,53,79,77,66,57,50,78,31,74,61,42,31,55,49,51,55,65,28,11,1,31,41,15,29,73,95,1,22,80,44,46,50,30,95
43,85,58,38,25,47,45,51,15,43,36,66,42,4,58,62,99,83,82,35,65,95,30,0,34,76,87,33,48,10,57,86,44,40,44,12,33,79,42,83,15,69,58,13,16,87,88,83,67,85,65,45,96,48,97,51,41,72,50,40,27,83,51,84,36,73,18,67,26,12,59,58,16,55,11,10,6,27,94,84,11,44,70,11,38,23,68,9,61,81,13,26,52,13,36,79,74,27,1,70
13,31,49,52,93,42,17,17,25,54,3,19,73,21,8,99,93,60,1,95,52,88,2,6,22,56,73,60,12,66,39,30,77,11,100,30,97,10,10,51,93,39,66,28,80,13,74,35,1,67,40,20,55,99,83,60,31,28,61,51,87,9,86,1,34,46,69,27,79,26,13,100,36,60,9,4,90,45,32,51,15,65,4,3,33,31,38,87,58,98,59,24,65,4,11,93,10,39,11,41
6,79,86,17,62,95,96,23,31,41,42,32,35,45,21,80,77,49,31,70,0,78,3,83,29,16,19,23,88,26,99,34,39,19,8,61,58,64,16,80,36,42,55,86,2,40,27,61,8,47,76,47,70,88,70,36,40,0,23,18,45,94,89,92,32,81,52,89,42,61,66,34,87,46,58,66,75,88,94,69,68,99,59,31,57,62,3,84,23,9,59,62,47,52,27,28,31,88,80,35
38,32,54,76,61,73,39,93,25,52,69,81,39,7,27,39,8,29,18,34,12,30,100,71,76,71,62,7,97,88,58,6,11,82,6,79,84,69,40,24,47,55,19,22,55,27,21,82,69,19,75,6,13,66,98,45,81,9,74,46,46,5,5,26,1,59,14,33,82,51,19,41,84,16,1,27,34,96,51,21,59,84,47,67,33,67,51,57,63,32,41,32,30,11,16,79,20,3,3,20
82,43,7,85,1,72,71,60,72,20,99,83,67,79,76,90,84,5,20,24,3,43,37,0,58,36,80,3,56,95,85,3,58,58,65,83,72,75,69,83,56,60,63,22,46,61,59,90,62,29,13,94,65,44,82,75,29,81,97,37,19,67,64,88,50,100,67,13,37,11,63,27,86,26,36,63,36,48,53,60,23,43,53,20,2,41,3,92,21,8,0,14,6,54,9,31,98,48,38,10
18,34,29,92,72,38,8,14,96,22,60,49,54,71,35,72,97,25,80,3,64,66,82,78,15,53,7,91,90,82,58,85,96,39,100,86,79,20,62,12,80,8,12,6,93,87,76,77,74,94,87,89,53,13,7,99,20,71,90,81,55,7,14,76,33,85,55,26,88,1,76,9,86,19,16,82,58,38,18,97,73,93,89,0,35,46,10,30,46,18,41,34,78,24,22,24,68,29,33,91
62,73,0,8,70,33,14,68,35,71,67,45,51,23,31,90,9,48,24,57,24,23,100,70,44,45,29,25,5,96,48,51,24,78,39,73,64,23,92,14,53,77,43,7,79,39,10,100,6,28,27,74,66,45,5,32,5,88,42,54,4,84,10,44,45,6,63,81,85,23,74,23,81,0,61,83,77,8,83,69,72,94,84,43,49,30,37,95,8,64,47,65,2,74,72,15,86,70,20,23
2,95,59,21,61,81,48,71,20,22,57,78,6,3,4,37,35,78,24,72,87,23,11,77,83,73,80,93,46,78,20,22,77,51,8,41,88,44,61,52,16,3,67,53,8,32,31,82,93,20,63,98,99,95,75,34,7,89,32,80,70,40,96,13,63,31,73,51,37,17,62,90,14,46,90,92,100,90,50,62,53,82,72,0,61,11,93,24,46,69,49,56,74,21,50,25,11,54,61,53
3,49,23,61,20,85,82,18,26,65,8,44,31,9,17,36,41,92,13,100,48,17,87,88,58,20,67,29,63,70,68,17,38,80,62,51,86,58,47,73,37,39,17,100,76,79,38,98,63,28,15,77,90,33,71,51,60,11,49,45,73,24,31,10,51,74,34,65,12,14,12,44,83,45,11,3,17,67,83,44,20,79,57,30,77,86,52,97,42,80,63,90,35,29,25,15,14,93,62,26
87,12,87,83,19,23,33,14,69,68,42,34,55,3,72,77,40,17,9,81,81,47,54,58,77,5,58,23,32,90,31,88,47,34,34,18,94,5,29,68,19,86,11,7,30,82,75,53,100,78,7,51,24,65,34,43,87,79,47,15,28,81,74,53,41,39,49,20,5,35,55,0,58,84,34,75,10,7,9,49,2,16,100,9,19,68,51,47,93,85,5,40,79,37,45,54,33,71,22,30
93,23,83,23,99,47,62,2,44,59,84,35,32,75,57,67,38,18,79,7,65,95,2,42,58,66,27,72,32,10,82,82,82,96,7,84,44,5,61,47,92,8,55,88,35,54,43,68,55,46,54,75,13,81,78,27,88,80,65,81,71,45,70,33,76,60,58,83,14,82,10,73,47,98,72,92,71,58,43,71,40,47,16,73,31,67,44,29,87,75,44,36,40,81,19,20,52,34,53,11
77,78,48,65,25,39,74,16,36,84,75,65,100,71,84,27,29,61,90,78,55,35,42,20,47,71,62,24,42,1,8,0,86,80,43,91,21,74,59,7,82,13,54,38,45,25,39,8,9,81,47,99,80,7,98,33,89,69,78,46,20,36,75,96,35,0,72,78,53,69,90,33,36,58,2,18,41,52,82,68,76,69,12,37,80,68,47,86,50,79,44,6,11,47,55,16,39,42,91,54
89,9,92,31,17,20,46,95,29,15,28,81,8,62,3,81,18,4,53,21,38,43,93,7,21,57,80,65,54,61,58,58,74,96,27,27,79,11,6,55,43,85,99,90,93,89,94,48,38,28,44,10,74,100,2,50,15,63,74,37,5,0,56,70,46,29,35,90,4,47,16,43,100,78,61,69,20,60,7,1,61,46,9,2,72,11,19,8,32,16,35,65,67,71,70,44,61,68,0,25
81,12,60,68,37,68,71,78,4,41,61,51,11,89,94,25,39,73,23,4,84,37,94,38,62,96,74,37,82,61,83,82,54,27,30,53,84,79,10,82,94,43,0,38,3,33,4,67,43,38,89,85,66,13,52,59,6,72,75,12,60,91,67,53,87,80,9,50,100,64,41,32,0,19,47,58,77,8,85,95,46,53,24,84,41,3,56,50,83,39,21,100,59,47,37,38,41,11,92,19
15,97,11,31,54,36,6,8,78,97,7,34,66,91,13,8,67,43,95,98,12,34,37,70,86,41,64,2,33,94,33,93,11,28,96,39,67,27,22,6,2,53,69,19,42,46,27,28,12,87,24,60,0,75,19,68,44,36,23,72,2,81,9,44,85,40,30,36,71,13,56,52,48,69,16,99,70,96,43,65,33,69,59,42,5,34,18,97,28,55,87,22,47,80,97,13,82,56,65,37
63,64,34,55,9,98,82,39,87,30,84,77,50,95,87,34,88,32,49,46,97,2,48,20,41,92,23,60,12,11,90,54,77,81,41,4,54,11,22,81,98,20,6,31,96,58,62,49,88,17,36,58,74,28,60,90,15,98,71,96,36,73,56,42,92,71,24,84,14,48,24,93,72,71,48,31,10,53,18,40,52,20,56,53,25,54,19,70,23,10,32,45,5,61,16,96,24,11,63,30
47,83,50,71,77,60,46,10,13,64,97,72,13,63,90,93,73,1,88,18,23,42,31,77,0,57,59,49,33,43,0,13,39,68,5,49,45,74,30,90,51,92,17,57,94,19,49,8,62,65,95,89,21,85,94,93,89,89,12,98,30,22,6,91,89,30,31,42,73,53,26,76,98,37,42,93,52,98,59,66,16,50,47,13,58,80,31,52,24,8,70,15,62,71,96,26,44,48,76,4
29,85,22,71,55,83,77,62,59,98,14,33,64,52,89,44,29,51,71,64,99,29,30,11,99,40,69,1,73,98,62,53,15,87,37,47,37,98,36,33,45,36,36,99,47,74,38,25,88,77,83,0,13,99,57,1,79,27,79,51,84,52,21,1,44,2,49,36,46,41,78,17,3,54,6,82,48,35,11,6,35,59,67,74,17,78,6,1,99,100,85,23,51,89,12,75,78,33,55,75
33,49,19,11,91,70,87,14,84,55,46,58,32,88,68,4,6,53,23,37,78,43,12,5,24,93,63,60,22,61,89,85,39,82,50,25,7,84,45,24,56,29,60,48,83,19,19,14,74,86,33,35,51,65,28,10,42,48,40,19,59,97,52,88,58,68,70,52,49,78,58,40,36,56,4,43,77,73,98,76,78,9,29,78,78,83,75,22,76,86,31,94,6,82,88,78,4,22,30,41
19,53,11,68,98,25,13,88,18,85,41,4,85,5,38,49,99,75,48,29,86,88,21,23,77,97,6,85,1,65,70,25,54,83,39,23,0,63,99,57,79,21,50,64,38,85,55,58,53,58,30,40,100,4,71,11,24,69,68,25,99,100,51,88,51,1,83,41,98,16,61,21,49,52,41,88,26,84,41,40,87,52,66,67,20,50,40,64,6,78,27,57,75,24,85,82,54,37,56,87
28,57,6,61,51,71,77,3,88,94,3,75,38,54,57,70,5,36,85,80,63,84,42,94,99,56,77,76,42,69,63,38,53,89,46,90,67,45,6,59,86,39,10,45,62,75,84,71,61,4,90,3,98,39,5,6,26,20,15,8,99,60,78,23,72,40,9,28,71,60,48,95,20,46,87,39,25,49,60,80,23,43,27,97,35,51,67,15,66,15,38,93,13,59,96,89,61,19,37,79
15,29,83,76,54,21,67,71,65,95,82,39,32,49,14,39,34,4,41,1,28,98,63,60,83,72,41,28,100,40,99,66,11,24,6,29,39,55,98,33,74,52,10,53,8,90,95,62,1,82,79,92,99,61,36,40,97,88,37,22,48,55,69,97,61,53,83,12,100,58,34,29,68,64,59,16,67,85,23,52,85,60,97,15,42,26,14,70,18,46,0,59,89,71,75,6,31,86,49,52
8,78,65,72,25,10,86,99,65,92,39,58,51,8,28,20,84,26,66,94,62,42,16,31,96,0,71,71,47,40,58,33,9,77,43,62,3,79,62,9,50,46,47,13,57,13,51,77,78,88,32,93,47,28,16,9,58,9,39,87,99,43,24,95,72,18,29,38,10,91,0,59,63,53,16,34,36,79,73,13,48,2,85,80,75,5,75,87,84,58,10,20,24,30,26,73,67,98,31,69
34,61,2,99,69,44,36,29,50,66,25,15,54,59,17,100,92,33,88,19,21,55,41,83,89,48,10,31,71,37,48,29,83,73,56,92,17,97,45,16,49,52,75,40,47,85,54,92,82,85,99,19,1,71,23,0,23,42,53,67,87,32,95,9,33,0,96,33,18,19,3,60,69,0,73,84,89,46,17,48,99,17,4,20,41,14,45,25,10,14,63,88,51,76,94,65,86,16,74,78
95,65,81,44,77,38,24,38,77,74,88,19,55,88,81,19,5,99,44,98,59,11,74,73,65,41,14,22,66,73,84,53,15,46,1,62,80,36,74,51,98,24,18,75,66,71,78,64,94,90,20,17,33,14,93,39,47,8,16,29,29,51,78,62,1,6,27,9,10,49,25,19,18,88,18,25,36,76,33,59,25,70,95,65,33,37,40,15,31,11,24,30,50,29,40,70,46,15,54,87
89,100,21,43,61,38,70,0,40,96,88,14,64,57,28,6,25,28,33,36,11,99,53,2,26,41,62,75,68,58,82,27,91,66,59,55,69,14,100,10,16,42,37,88,19,65,2,42,71,15,7,37,89,43,16,42,61,60,33,2,77,99,3,34,90,92,43,97,37,7,0,46,95,27,37,33,61,55,84,20,26,87,58,17,48,28,70,0,60,28,42,58,58,30,60,97,22,5,13,57
47,69,62,81,87,9,42,91,10,98,24,72,25,74,34,95,98,14,19,32,7,7,4,79,23,43,75,62,18,77,35,92,97,77,5,60,4,17,69,78,88,87,67,60,67,94,67,51,29,46,92,40,86,98,19,71,5,25,63,13,89,100,49,68,70,99,12,15,74,91,33,74,58,17,40,95,89,79,11,65,78,51,57,41,63,29,77,17,51,94,48,11,55,90,41,59,89,18,45,1
56,6,5,94,2,64,65,12,23,63,87,86,16,31,64,87,22,94,34,93,12,50,38,15,6,67,14,7,71,48,16,70,74,96,17,44,56,3,69,67,93,85,2,11,48,12,57,53,39,58,75,46,21,21,47,13,38,37,69,73,71,98,72,62,90,78,20,93,97,92,86,74,87,17,21,48,80,42,41,55,21,64,13,85,79,24,49,98,89,41,25,5,21,16,68,21,66,21,83,26
10,59,26,50,56,16,28,58,41,18,34,98,62,49,63,2,5,17,17,37,17,34,18,20,27,67,31,25,37,42,50,89,58,86,9,22,36,28,78,73,71,45,30,26,0,93,18,44,27,77,52,98,25,28,93,51,63,78,62,98,15,45,48,42,69,28,87,72,71,44,67,66,42,42,74,6,35,9,49,95,14,62,68,92,61,70,15,92,28,42,95,88,21,79,37,8,36,24,62,52
55,95,76,2,39,72,19,23,27,42,59,1,52,4,73,81,80,59,41,62,0,47,35,15,31,15,95,76,60,72,90,30,57,98,47,63,67,27,52,92,79,85,22,24,32,91,5,87,27,53,35,81,61,100,39,41,33,5,93,32,100,8,1,16,27,89,8,87,20,46,35,41,62,19,39,66,100,92,8,48,86,93,7,44,97,2,68,0,74,95,32,54,52,36,12,46,49,19,2,42
8,86,51,48,71,70,89,81,64,7,5,52,89,74,42,66,19,33,38,19,40,29,5,69,57,45,79,51,54,7,70,39,55,61,79,7,17,30,99,5,63,96,74,44,85,97,33,21,28,63,37,90,3,82,73,26,45,7,30,75,67,17,25,70,66,96,38,96,0,31,17,4,93,28,70,32,94,99,28,0,62,98,33,26,86,8,64,81,14,49,38,6,15,95,2,76,63,47,18,22
58,72,25,5,14,41,16,36,83,0,45,59,70,15,95,60,88,34,11,1,87,42,93,48,10,37,100,10,29,94,41,1,89,33,57,58,90,3,34,17,65,46,99,9,86,28,75,65,100,66,97,30,17,44,75,67,89,89,54,67,18,19,53,48,53,38,19,41,79,36,85,73,9,62,77,75,38,62,58,32,71,1,31,41,15,42,63,90,85,28,77,38,61,69,2,84,99,47,14,95
25,74,63,41,0,20,24,44,26,28,52,29,91,72,58,90,94,79,32,16,57,97,61,99,49,3,37,38,95,39,13,76,84,40,60,96,98,57,78,30,85,54,63,2,80,83,61,50,9,22,99,11,66,22,24,71,71,82,72,86,33,69,64,40,85,40,43,86,17,91,73,1,26,52,33,99,29,71,99,72,40,13,76,29,63,25,24,60,24,92,28,56,83,61,7,48,4,5,51,79
38,1,98,22,61,2,77,20,54,11,92,100,83,9,84,81,88,29,71,97,94,15,3,7,67,23,58,66,88,55,12,60,94,20,64,90,69,96,23,98,17,16,17,19,8,18,68,81,44,7,32,17,25,84,1,5,51,26,87,63,2,64,80,89,19,65,15,59,3,98,14,52,48,51,47,44,28,3,66,18,83,45,89,13,94,15,71,22,97,90,68,7,25,84,98,65,6,100,0,67
98,79,78,98,99,18,69,80,32,1,8,6,4,79,79,83,62,54,11,68,29,4,100,95,32,74,2,50,66,55,24,13,46,7,2,32,40,22,94,85,45,43,25,46,68,78,11,34,51,41,24,72,0,90,90,75,47,5,69,4,50,92,31,54,9,20,14,78,60,77,43,95,6,30,11,34,60,73,38,72,17,86,92,33,9,49,60,45,2,95,56,64,82,93,58,96,37,17,0,17
11,27,71,0,8,81,24,79,53,15,40,14,97,16,43,100,85,45,22,68,11,90,55,99,44,61,70,73,63,14,61,90,18,62,19,13,6,68,24,84,97,96,89,76,90,1,52,23,7,65,66,27,47,6,0,86,77,47,49,71,47,77,29,98,91,4,56,54,52,89,95,66,66,59,76,53,47,51,4,14,48,80,26,79,67,30,5,100,72,66,66,93,1,32,98,85,100,40,4,61
11,36,59,11,17,48,24,27,21,59,68,34,89,73,54,38,89,71,72,24,18,46,58,64,52,0,59,78,11,1,15,3,0,55,17,55,68,80,26,33,93,76,94,29,95,35,2,2,95,54,54,57,9,27,34,4,57,8,97,23,73,9,57,81,54,77,44,86,91,34,12,81,43,97,60,55,8,67,100,85,24,30,3,89,29,29,30,80,27,27,67,24,90,72,31,73,27,5,7,25
50,43,54,91,13,22,20,17,19,6,54,6,67,93,78,56,81,26,51,52,65,27,14,83,7,54,6,35,68,47,9,63,31,68,77,81,90,34,54,26,20,47,93,74,63,34,59,8,67,87,50,9,8,54,10,23,82,65,30,56,52,10,7,14,6,73,46,93,28,76,76,21,5,41,2,53,73,89,72,21,3,19,92,3,39,84,90,70,97,71,26,85,87,68,79,44,18,48,22,70
59,89,22,78,48,37,80,34,29,8,70,24,96,53,13,58,57,61,54,94,8,3,25,75,46,26,39,77,94,0,68,74,21,33,72,8,89,6,95,53,52,26,73,69,21,75,55,14,48,81,9,30,12,66,4,16,75,13,90,95,23,35,96,3,13,4,32,43,25,25,53,1,35,95,39,25,14,37,15,29,74,92,65,18,62,30,56,65,45,42,67,62,24,64,5,30,4,44,94,61
63,20,47,85,86,85,39,9,92,34,86,77,84,12,39,94,65,86,81,9,88,38,14,70,11,16,48,27,31,66,61,69,7,47,28,3,76,94,45,0,73,9,3,85,42,0,14,66,18,41,18,38,12,76,32,64,81,34,16,6,17,14,6,41,3,63,22,73,39,55,30,10,32,79,7,59,69,29,24,35,10,11,88,34,57,38,78,96,0,7,80,4,94,91,36,41,46,19,58,51