57,20,40,64,48,11,84,91,35,98,1,27,56,28,85,58,34,88,37,62,28,46,2,41,90,41,69,39,56,0,11,12,18,45,18,13,82,53,78,13,19,86,79,51,43,26,21,25,50,10,12,53,87,42,30,36,75,76,44,42,69,81,64,18,45,49,78,81,26,92,94,38,34,94,54,32,92,33,78,92,36,72,57,89,2,44,33,25,28,38,28,86,84,83,3,46,68,37,71,37
84,81,20,66,49,76,13,68,26,79,52,90,19,7,76,62,42,24,25,95,30,16,73,40,96,96,15,46,62,45,91,40,89,72,83,30,34,44,72,87,37,72,39,24,46,63,72,81,49,13,4,66,81,74,10,18,33,61,63,78,73,3,50,91,52,48,64,74,22,96,41,31,74,86,72,32,51,23,92,46,13,98,3,95,71,4,95,22,11,70,60,65,2,61,14,46,62,28,23,80
8,55,82,34,74,12,77,39,70,67,94,41,15,40,35,70,8,33,22,3,71,21,78,73,63,12,38,23,65,73,72,40,63,78,7,41,83,49,20,46,9,15,22,86,100,79,79,11,69,82,0,79,7,0,20,79,92,67,87,33,89,23,98,77,47,89,48,71,12,23,96,42,90,93,24,61,60,7,74,2,94,53,10,97,26,31,15,33,100,86,76,94,42,55,63,11,91,75,13,9
60,87,4,95,99,12,22,32,50,70,88,11,85,78,23,59,39,60,89,71,24,50,23,60,35,9,64,93,19,31,56,85,42,77,19,61,8,58,53,81,47,74,45,79,40,4,63,36,66,57,59,68,69,18,75,30,0,15,4,35,66,93,18,82,2,26,39,76,3,18,56,21,9,34,15,52,73,45,29,50,27,11,75,54,81,45,53,43,80,48,27,81,90,12,96,97,25,11,56,32
53,18,37,2,22,2,26,1,1,16,83,86,4,77,0,14,0,3,81,96,93,94,78,80,59,92,44,0,67,4,88,87,36,57,49,20,64,78,65,7,55,91,79,4,67,38,54,91,61,47,90,94,100,63,17,32,67,37,88,23,99,27,75,63,14,16,66,72,54,12,38,65,19,66,10,89,55,54,18,83,89,78,90,36,97,51,59,48,28,68,46,63,66,80,75,75,24,83,57,99
80,61,79,75,91,17,81,45,44,25,14,60,19,63,59,66,50,33,2,40,18,88,5,45,67,97,83,39,33,11,100,96,27,74,91,12,49,26,14,6,40,25,53,6,96,24,19,10,10,95,96,63,18,97,83,22,53,23,30,10,9,95,79,5,24,30,8,51,12,30,27,68,95,39,21,63,1,74,82,45,58,73,97,24,77,31,4,22,53,28,40,93,9,8,49,2,86,96,56,16
71,23,4,43,56,72,42,62,10,38,95,53,4,95,32,83,99,11,93,62,0,97,18,95,92,7,15,29,76,84,43,38,52,71,76,49,15,23,81,84,15,92,47,69,4,48,5,90,32,28,1,65,94,57,77,44,21,45,81,69,9,96,6,5,92,88,22,38,42,31,3,55,98,60,54,24,55,37,70,24,63,60,23,79,1,9,58,85,5,46,98,45,17,68,30,82,87,50,15,52
57,13,28,20,12,86,62,88,23,30,72,69,23,28,1,31,4,66,12,89,11,24,16,25,60,14,75,49,27,44,52,66,100,53,77,36,95,100,58,66,60,88,1,37,42,66,10,22,80,51,33,49,0,84,13,61,3,92,89,17,6,46,7,11,36,74,91,86,45,26,82,25,13,9,21,28,60,41,35,66,56,90,53,37,1,39,97,76,96,2,95,12,42,35,72,28,39,4,87,93
8,31,42,77,28,53,9,65,26,24,55,66,9,43,4,33,91,20,67,11,57,42,53,73,71,48,27,69,26,49,35,46,3,64,25,100,29,47,42,68,43,1,27,70,10,7,17,31,82,61,76,91,17,55,84,99,22,87,20,83,31,69,88,74,9,40,100,49,44,26,12,15,21,79,43,25,67,5,17,20,48,0,43,25,85,63,52,29,57,42,3,79,43,48,36,70,88,52,90,6
61,89,84,8,43,62,100,38,0,35,86,34,80,75,56,83,65,31,71,57,40,19,1,56,74,65,20,19,99,16,77,98,14,20,93,75,41,59,59,62,23,48,63,35,3,41,56,65,49,26,15,32,41,45,66,40,39,16,29,53,46,68,52,69,82,94,80,61,34,85,53,88,87,94,87,25,55,92,28,27,77,55,18,87,97,16,91,61,6,100,34,35,91,41,5,90,83,20,83,15
22,96,85,28,37,3,78,41,5,66,70,43,84,94,67,4,39,98,92,42,95,43,37,25,54,18,69,53,8,84,100,31,90,13,24,57,59,0,95,17,24,26,22,6,2,49,14,22,88,65,48,89,27,22,54,95,57,79,31,49,95,78,59,49,93,3,93,24,95,96,91,2,25,28,9,44,100,22,72,31,60,8,71,74,23,2,81,16,42,20,64,84,86,97,1,2,81,10,12,58
48,34,76,8,42,45,3,81,61,50,2,24,38,81,72,15,33,43,87,100,33,64,12,90,80,28,48,96,7,34,61,34,46,98,55,78,34,69,86,80,26,68,23,48,42,59,19,16,79,59,6,26,54,92,80,46,5,26,69,74,80,86,65,49,67,67,66,8,73,88,36,57,93,25,54,76,78,77,3,58,62,6,68,58,4,49,52,92,25,35,59,7,34,66,93,94,5,44,19,2
3,26,3,36,26,48,8,52,58,61,53,16,56,17,38,96,2,21,2,7,73,63,48,4,53,61,65,70,61,62,68,92,35,36,47,30,60,92,87,77,31,72,88,79,53,26,5,4,39,38,42,41,19,56,7,30,0,59,17,70,98,95,82,22,18,0,94,48,69,68,45,2,95,62,59,18,58,48,10,81,33,21,31,68,16,53,88,41,96,35,62,76,62,78,85,57,36,34,41,84
85,73,20,86,17,47,33,65,85,63,7,3,26,95,52,51,57,31,79,90,62,0,72,97,53,66,31,69,90,49,54,70,81,35,100,15,18,49,78,0,49,5,6,55,74,43,5,55,5,48,58,58,92,86,79,75,0,62,27,31,49,72,75,92,68,50,97,28,13,20,11,48,73,73,83,2,59,61,7,53,37,25,95,88,58,19,51,74,8,40,46,39,64,59,89,48,59,58,80,83
73,41,29,27,58,23,11,95,99,1,1,18,37,8,52,26,42,48,42,41,40,94,6,19,65,68,66,22,82,91,35,56,65,92,91,58,89,69,100,79,99,77,16,94,67,56,93,6,23,35,66,35,75,87,58,34,73,41,19,31,34,38,20,38,32,45,22,68,30,68,35,31,55,64,1,96,10,79,65,2,8,27,34,44,23,94,77,6,97,36,10,55,32,34,28,63,60,15,50,6
99,48,97,96,50,43,54,82,11,64,28,50,24,80,48,46,89,89,4,34,14,95,95,2,7,38,38,41,70,9,57,35,77,95,70,49,41,15,42,48,67,76,58,20,71,60,0,26,19,47,44,54,87,61,50,97,41,27,55,66,10,12,28,36,25,81,49,34,62,27,37,36,96,44,59,17,41,99,45,91,77,50,69,87,11,81,92,29,83,46,20,61,58,1,12,55,39,85,48,26
41,61,26,0,30,87,91,5,10,71,90,39,64,48,52,79,16,7,25,78,61,3,80,53,2,90,93,32,71,3,80,7,49,35,78,94,74,78,93,58,78,73,39,50,47,35,81,89,14,27,80,19,53,0,35,76,97,71,74,97,9,66,29,15,73,11,29,59,23,54,84,63,22,10,33,22,88,64,59,32,12,13,73,73,47,27,29,17,61,50,17,31,17,37,40,82,64,9,9,13
53,59,67,59,60,31,62,58,2,14,42,10,13,66,25,67,29,5,82,37,10,54,33,10,69,48,27,23,99,94,55,24,68,70,3,33,69,76,27,92,87,20,65,1,15,22,41,13,49,41,36,65,31,98,45,36,48,24,45,30,2,15,86,70,24,88,48,10,91,3,23,15,73,50,23,78,39,1,100,83,96,64,32,64,12,43,27,66,20,78,79,14,95,90,30,4,19,77,25,37
49,50,53,71,28,8,37,28,98,8,93,12,78,5,84,6,95,26,35,33,30,39,2,0,59,82,90,28,54,40,45,80,60,48,16,99,24,46,6,44,41,20,63,43,36,12,33,75,68,14,88,12,1,50,93,54,79,35,79,33,12,52,100,4,34,43,41,42,21,38,36,71,65,46,77,98,13,15,88,81,27,6,78,54,69,78,96,27,20,92,31,67,15,0,75,62,90,26,31,56
84,13,43,5,27,64,0,32,82,68,23,54,21,98,60,5,65,48,100,12,30,54,78,92,44,65,10,37,98,75,72,26,80,87,8,2,25,95,67,90,38,92,21,12,22,16,40,34,11,54,65,71,19,83,6,4,84,84,74,59,65,79,69,55,25,30,75,66,81,72,64,25,87,57,100,32,60,97,51,76,60,13,3,95,18,70,4,40,3,2,91,22,65,3,73,86,20,27,60,15
52,1,17,24,27,98,17,0,7,72,93,8,12,13,29,23,30,70,95,28,13,32,62,34,14,65,68,75,20,19,53,34,99,49,40,53,55,49,83,39,45,76,97,14,32,54,8,51,52,1,49,74,46,22,13,71,84,57,97,34,41,48,74,85,26,28,3,23,17,1,7,82,33,1,55,39,68,76,34,81,37,76,61,82,19,90,73,57,51,81,23,69,73,36,69,47,5,43,79,47
38,90,69,95,72,45,51,68,32,33,54,46,88,36,91,39,61,4,95,9,54,78,21,97,77,1,68,90,42,20,48,63,35,94,75,34,86,54,74,75,100,31,42,85,76,96,34,72,8,25,88,58,90,87,35,94,93,41,25,25,23,100,77,18,69,44,95,32,46,90,87,19,63,84,54,41,71,5,71,72,87,55,17,8,95,100,85,17,76,47,13,87,19,81,39,6,10,89,60,85
47,79,27,22,24,73,49,100,68,5,96,37,27,52,66,41,42,69,100,85,2,88,95,7,20,83,66,45,51,98,93,21,78,37,35,0,17,4,40,94,11,30,9,5,53,88,1,81,46,97,68,26,56,3,9,81,100,25,28,22,64,72,39,24,36,86,61,73,3,41,8,47,89,1,57,91,23,97,16,73,59,48,30,25,16,88,45,46,87,32,25,3,93,85,24,7,68,59,98,17
29,3,61,87,13,42,81,56,4,46,3,6,84,3,16,16,91,55,20,45,100,6,83,9,58,23,92,22,26,67,98,14,26,80,66,70,18,33,22,25,2,73,58,88,12,35,10,81,67,54,49,74,69,28,71,10,54,94,74,61,16,21,40,60,7,16,77,100,12,7,65,68,34,43,41,18,51,91,21,93,66,36,49,16,54,41,42,6,64,6,43,5,13,64,29,54,30,68,38,27
47,56,99,58,6,5,20,77,48,41,16,20,29,68,62,64,15,18,69,59,40,5,80,12,99,34,77,80,93,78,25,17,77,60,66,16,80,25,46,13,75,56,78,44,27,97,76,70,79,49,83,16,66,48,81,36,20,79,0,26,93,13,24,20,19,100,44,87,50,47,17,93,13,93,11,76,20,45,0,24,44,66,60,57,63,24,3,95,14,27,28,94,95,41,74,47,1,78,36,29
32,58,11,14,61,42,15,57,67,23,2,79,74,6,14,20,32,42,49,58,100,24,23,10,19,35,93,100,84,2,31,54,95,99,61,0,29,93,41,18,83,98,39,66,34,99,22,36,14,26,31,22,55,93,32,60,92,83,95,73,70,57,84,91,100,80,62,32,16,67,3,8,69,80,51,81,62,24,83,14,97,85,61,78,25,86,22,1,98,62,8,79,42,62,64,77,86,42,86,82
1,30,12,63,7,3,1,67,44,40,59,20,78,25,24,50,45,12,54,97,40,93,12,65,74,78,46,13,69,98,65,30,20,52,59,82,88,2,24,44,48,75,99,74,70,71,84,8,9,58,12,69,39,96,85,53,31,72,22,60,23,21,28,15,56,4,32,9,41,45,30,10,44,50,44,2,45,99,23,88,63,25,2,89,99,88,73,49,28,42,8,49,38,17,80,2,96,91,68,48
18,18,70,43,18,76,17,68,53,56,52,79,35,46,17,26,47,29,42,59,82,40,71,26,74,28,71,82,17,22,93,8,75,59,91,75,5,4,25,0,36,93,11,42,63,20,85,89,88,51,25,48,82,60,91,77,37,56,2,36,79,18,91,21,82,19,17,51,30,2,89,6,76,6,30,67,74,36,69,12,89,5,22,9,84,63,91,76,74,74,74,96,84,19,84,0,81,77,56,93
45,31,3,45,12,80,51,83,60,92,16,28,53,69,1,27,61,77,66,25,13,65,6,17,85,33,95,94,71,75,85,92,93,61,56,91,36,56,23,99,80,51,33,43,80,34,37,0,22,28,18,87,70,53,87,87,14,62,15,44,78,32,18,20,37,95,2,42,61,19,6,40,14,5,3,6,45,16,93,88,94,50,4,14,79,28,80,25,98,64,29,37,58,59,78,33,24,36,8,93
44,81,45,13,3,57,32,49,32,21,11,52,13,50,35,93,47,87,34,57,100,17,76,83,42,70,24,68,89,18,59,65,55,66,27,36,34,9,64,46,94,95,36,76,62,80,92,15,98,6,67,1,77,59,30,94,12,33,81,75,58,84,56,2,100,97,32,26,13,50,12,19,19,82,0,62,27,68,37,46,2,44,11,99,63,54,9,49,98,87,15,15,66,73,30,76,48,16,91,20
50,69,83,55,29,27,95,50,56,29,6,69,92,33,2,33,77,50,78,95,10,80,32,33,49,96,68,71,75,89,5,54,26,68,47,56,66,4,24,24,64,13,93,24,57,16,33,47,50,29,86,36,7,85,100,85,12,93,15,51,46,37,85,68,65,29,23,84,29,13,84,43,92,45,100,31,12,54,91,71,74,4,39,66,88,3,77,44,98,74,94,48,74,96,27,12,83,32,39,82
7,41,68,17,22,54,7,69,14,86,60,20,9,94,79,56,65,86,31,6,39,98,89,55,2,75,77,42,66,17,66,47,48,86,15,32,50,15,18,0,72,55,51,28,32,63,4,80,44,98,16,93,15,40,98,36,67,28,85,63,54,96,80,19,24,60,14,29,42,82,78,46,20,84,64,88,13,50,52,84,51,9,34,85,16,83,27,39,99,15,97,80,63,71,97,51,44,35,62,67
82,36,21,5,65,96,97,66,72,43,73,48,57,9,61,24,33,14,88,10,6,53,81,88,46,100,49,42,24,39,22,58,89,42,23,31,0,50,77,9,100,50,25,65,82,31,60,52,82,56,26,6,37,9,92,0,31,78,81,69,13,78,20,38,21,42,77,85,22,43,83,67,30,45,2,96,69,52,19,45,64,42,58,69,46,83,7,5,19,77,25,43,15,90,85,97,48,69,25,79
73,58,79,49,59,50,21,21,44,39,71,66,99,17,54,98,86,11,28,24,13,64,33,21,2,1,6,39,47,44,47,5,72,15,88,63,49,72,4,56,67,23,52,9,80,76,22,16,54,26,39,35,6,23,21,95,42,67,26,13,20,91,81,92,57,22,43,50,40,48,40,38,62,67,69,1,78,100,87,78,13,91,41,89,56,66,40,20,63,100,50,31,17,43,69,75,15,87,83,39
49,38,18,84,5,13,60,91,80,8,28,83,80,77,89,14,34,56,11,59,4,84,19,43,42,35,14,1,80,7,93,42,14,41,84,94,77,94,51,8,27,31,7,40,32,79,44,53,42,46,34,21,65,7,22,43,62,4,17,35,87,41,46,43,59,66,79,48,87,53,42,6,32,53,77,31,61,33,75,95,14,84,76,75,22,6,50,100,41,20,67,50,38,24,28,26,20,7,25,61
84,100,83,2,31,45,10,22,40,3,53,0,100,60,57,79,42,25,55,36,64,88,17,21,97,19,34,36,13,26,64,45,77,8,100,29,28,47,32,47,82,14,99,41,83,6,92,13,48,81,100,23,74,66,21,54,90,5,28,2,66,2,73,17,3,81,15,55,5,21,5,55,31,46,85,49,50,27,0,86,66,12,69,30,44,71,33,49,74,49,68,17,23,91,77,13,19,24,69,28
4,62,33,74,98,87,12,76,40,19,94,51,91,68,10,20,45,23,77,48,73,92,74,79,72,84,39,26,74,56,57,55,24,21,88,19,44,70,96,53,80,84,41,30,42,12,98,47,15,56,43,7,22,77,75,91,53,90,39,84,47,16,67,55,86,23,99,34,74,50,52,40,18,80,24,69,22,39,83,41,8,96,47,21,4,62,21,98,93,91,66,37,18,16,31,11,7,32,89,11
76,30,81,57,25,82,34,71,38,89,97,37,63,0,23,6,62,90,32,15,42,23,90,35,58,56,20,63,8,95,42,48,60,90,37,86,30,94,62,25,58,72,47,62,66,53,33,16,53,24,72,59,62,98,24,94,70,15,36,44,18,1,15,49,61,51,46,76,77,92,40,0,7,49,34,86,57,80,62,4,88,49,57,77,96,80,2,21,64,40,89,19,31,22,57,42,37,0,100,63
84,68,99,9,10,35,26,30,55,9,30,60,67,97,3,12,92,72,7,53,2,93,36,99,46,92,37,75,16,98,69,15,37,86,24,93,66,82,36,64,51,14,88,12,11,56,4,71,55,89,86,83,49,42,70,91,54,89,85,64,13,83,51,17,33,80,54,87,42,19,92,60,1,76,42,83,5,66,43,28,43,52,33,24,24,30,29,17,32,42,8,76,4,62,52,12,48,56,62,51
61,17,48,20,33,82,84,73,29,11,52,66,88,65,60,28,42,75,0,74,2,78,6,71,64,42,28,57,94,4,54,90,59,22,79,30,21,50,45,71,90,21,63,91,84,17,22,46,88,29,7,24,91,69,22,13,46,35,46,16,59,60,18,5,47,8,75,69,18,39,39,16,52,2,19,61,3,58,32,33,25,82,91,46,64,12,16,20,68,89,44,63,32,20,33,9,80,10,99,99
97,92,52,85,44,55,9,32,93,68,44,48,63,73,100,91,49,27,9,47,6,38,18,80,8,20,22,12,23,13,74,43,15,60,11,51,39,85,31,21,46,17,85,91,7,54,94,56,78,90,9,22,43,1,67,48,84,58,1,34,67,96,93,39,22,8,99,42,35,22,89,28,84,85,13,41,83,85,94,30,87,7,49,82,49,54,84,6,25,6,57,11,20,89,11,3,47,29,99,74
36,26,54,8,82,69,88,38,33,75,45,100,62,16,36,0,34,40,27,9,5,61,51,2,71,75,91,56,15,91,6,6,58,7,39,41,48,51,90,5,21,1,56,26,32,31,12,95,59,70,95,54,51,61,93,45,42,8,5,94,4,22,32,21,82,33,26,79,41,42,29,18,12,87,2,91,58,27,40,80,90,66,32,94,22,99,2,44,21,91,21,72,60,41,13,42,69,24,24,52
49,35,52,27,57,75,42,44,38,97,91,68,13,30,15,82,51,74,51,98,64,43,26,86,71,53,43,76,43,10,81,11,46,92,73,39,89,84,97,26,75,89,99,9,72,37,22,70,11,23,45,88,64,45,78,83,44,23,56,14,71,90,71,28,2,96,73,73,9,51,57,70,10,52,24,53,2,36,37,19,62,94,78,17,19,97,12,63,79,87,24,58,5,53,94,4,88,38,55,36
36,84,81,87,11,13,32,75,8,94,3,96,30,77,43,42,70,4,2,94,35,26,10,17,65,22,99,35,5,100,71,89,9,5,41,16,76,54,37,39,27,43,83,94,57,40,59,15,95,71,89,34,57,85,0,74,6,90,53,60,75,2,66,7,55,73,43,13,98,73,32,69,93,3,71,16,70,67,90,39,10,45,21,27,33,43,93,1,7,76,20,4,96,80,50,35,3,96,96,56
97,73,5,80,30,91,45,98,68,27,91,100,89,90,10,22,54,85,3,85,4,98,59,15,98,29,95,71,7,50,39,6,59,72,47,5,97,72,41,8,76,52,100,40,3,10,66,95,76,25,77,52,98,59,13,39,18,82,71,67,7,81,60,15,82,60,18,39,83,46,20,99,66,50,34,53,6,7,1,18,78,26,86,9,11,19,67,38,23,6,92,21,66,66,55,47,6,19,43,97
20,50,52,75,82,82,13,12,92,92,93,58,60,20,17,8,87,83,35,83,28,95,37,98,81,18,10,84,33,34,9,2,41,53,66,29,20,76,67,31,96,38,5,3,2,45,6,85,26,13,81,38,58,53,73,100,89,20,100,21,23,33,71,68,15,57,91,11,2,5,67,88,34,36,63,52,47,34,79,19,19,25,13,77,5,85,76,60,55,25,46,28,44,78,96,42,58,59,60,24
81,63,40,95,72,36,51,100,63,74,15,78,77,59,22,70,68,16,91,94,65,99,56,11,19,3,68,18,17,39,24,29,90,79,1,64,88,9,12,13,25,16,28,92,24,100,75,23,39,81,6,100,12,30,62,1,53,12,53,24,90,19,53,57,9,24,43,94,62,81,82,40,86,26,62,26,59,47,64,80,37,5,76,67,28,60,43,0,26,54,88,10,92,51,60,24,97,41,50,92
88,51,43,20,53,78,44,48,68,54,77,37,30,80,85,99,85,90,83,44,52,55,54,13,33,83,25,22,78,94,29,68,58,75,88,45,23,92,2,9,6,22,37,89,31,41,84,49,28,69,19,44,47,31,41,19,68,99,41,54,54,87,42,75,21,1,64,93,69,52,39,25,59,6,69,78,76,51,47,17,27,2,10,3,14,17,83,30,99,99,31,57,3,7,19,29,49,67,90,64
22,53,72,77,53,22,42,1,43,69,81,24,40,36,29,34,28,9,92,84,38,28,41,69,61,36,64,94,54,14,64,79,61,91,87,21,80,23,9,15,55,5,33,33,53,68,95,8,25,77,19,61,48,47,59,5,50,12,93,80,15,22,76,40,16,74,96,59,52,22,11,75,60,29,27,9,76,79,28,85,53,43,15,26,100,50,58,0,12,95,84,49,54,75,47,31,61,78,18,94
8,87,83,25,18,19,57,59,43,19,5,26,73,49,13,70,67,78,37,8,52,82,26,59,38,31,81,44,68,74,44,78,35,86,52,4,14,19,92,39,29,68,69,89,67,72,96,25,0,94,37,67,41,12,53,38,87,71,22,38,10,66,45,10,17,13,94,32,10,26,27,86,73,93,9,55,17,8,39,3,0,87,70,35,52,1,83,40,89,49,8,80,86,71,9,8,34,32,72,66
31,2,37,50,10,9,96,27,66,0,31,40,2,71,60,88,40,24,64,58,61,69,65,88,89,83,57,0,91,80,44,65,50,9,48,56,54,69,32,4,34,81,80,46,37,39,40,54,9,5,96,67,44,70,18,21,6,75,37,26,26,21,5,35,38,2,46,34,17,21,76,71,51,81,58,61,11,36,1,56,11,31,10,17,85,73,15,26,56,44,39,98,79,39,41,75,58,4,96,56
95,69,40,83,60,54,16,35,27,100,17,53,92,6,67,15,58,16,74,96,39,56,17,69,13,47,90,16,76,51,23,63,98,20,32,46,19,88,66,63,39,13,34,28,53,40,39,41,31,73,66,6,99,90,61,70,81,36,14,56,55,61,13,29,48,63,10,75,18,87,3,75,21,87,89,25,100,39,96,39,13,56,41,53,71,31,20,36,11,95,3,11,72,65,85,86,14,21,78,77
6,80,12,25,82,18,63,13,67,5,41,89,66,71,72,32,95,20,62,60,46,39,58,5,71,100,94,89,15,69,70,75,24,13,49,69,4,99,33,12,82,72,84,65,61,34,43,10,94,95,29,75,13,100,3,69,15,83,79,9,82,20,99,54,2,34,2,35,52,23,78,1,90,25,85,52,71,32,73,96,90,46,81,58,17,22,98,2,16,59,39,41,58,40,58,40,21,87,6,22
72,84,46,57,93,18,30,73,67,85,67,37,2,53,30,16,16,2,67,74,58,30,41,77,37,18,41,17,23,75,61,57,20,63,1,89,19,14,6,17,22,41,77,10,19,47,75,63,63,83,40,41,36,100,50,81,53,11,79,11,97,56,11,92,42,74,26,68,68,75,30,86,9,29,41,43,51,30,26,10,8,79,51,59,87,42,66,76,54,50,12,31,77,36,93,51,85,51,45,42
98,79,4,97,45,51,21,65,76,66,76,98,1,100,24,30,78,90,3,8,29,86,91,13,66,25,25,69,70,97,10,8,24,3,96,84,5,53,59,74,72,36,77,16,74,92,60,64,1,0,50,10,3,21,22,52,27,10,27,31,73,94,83,30,58,54,31,57,85,18,80,8,6,54,2,7,63,73,49,86,54,86,94,10,45,90,70,67,0,45,28,88,1,1,4,70,95,42,94,25
84,88,54,81,100,8,50,75,24,24,99,29,9,65,85,67,76,88,36,81,20,28,84,28,42,2,19,27,68,85,35,78,20,85,55,21,31,3,82,14,29,42,16,89,16,29,41,25,22,28,6,11,42,98,0,67,5,7,60,11,10,8,78,73,45,36,29,47,61,83,77,50,11,5,74,67,10,38,19,67,77,4,3,5,30,11,99,27,95,38,22,19,5,72,9,36,72,43,25,47
72,42,63,81,81,75,1,94,53,75,96,6,69,93,64,49,20,96,69,47,86,55,64,80,20,95,3,66,11,37,23,36,85,28,10,0,10,37,27,51,88,2,100,39,8,50,12,68,92,26,65,28,15,31,75,98,98,20,79,30,90,6,0,92,77,45,30,10,86,97,97,87,63,97,39,20,71,88,100,58,19,25,46,87,95,70,63,95,32,17,19,30,15,81,16,27,59,50,14,52
86,43,10,66,67,66,19,60,42,95,50,78,68,22,4,65,0,19,75,18,52,33,96,28,99,94,7,67,11,86,19,8,96,7,84,52,0,59,29,5,62,72,98,22,43,2,11,85,94,0,55,20,94,98,90,72,97,56,33,31,1,89,19,13,53,35,70,37,63,44,24,95,62,63,3,45,25,47,92,26,41,26,83,73,5,44,73,30,20,43,10,83,19,14,11,61,93,65,49,29
50,33,85,77,49,42,80,65,43,8,50,78,2,45,12,19,94,68,48,15,63,34,50,35,23,39,30,98,30,36,90,75,93,69,56,57,91,61,13,26,55,63,60,88,85,24,100,49,18,3,88,60,84,57,95,21,97,89,90,74,62,55,86,91,86,19,80,44,75,14,80,20,66,64,97,45,53,52,25,84,70,7,1,71,36,39,46,14,34,25,94,24,49,76,69,77,52,14,46,50
25,39,60,55,10,30,69,63,76,85,60,44,89,34,95,69,44,55,28,62,6,88,100,0,25,93,30,20,73,31,33,0,4,85,51,94,34,32,42,92,62,74,78,24,41,62,60,48,2,70,71,86,52,5,36,13,79,98,82,26,65,77,61,41,80,79,9,52,51,13,52,67,48,23,3,34,76,15,2,99,50,6,67,88,77,97,61,100,4,55,61,99,49,84,98,96,33,14,8,57
9,81,22,22,38,13,30,95,91,56,74,26,46,30,93,100,46,40,94,58,24,61,100,36,23,55,52,49,54,45,70,12,79,19,59,82,3,64,25,33,24,46,80,41,98,85,50,38,0,35,57,67,3,8,66,26,34,80,38,87,91,72,62,64,26,98,33,64,4,62,99,70,16,1,97,90,22,2,6,78,69,100,15,88,47,43,4,71,38,48,75,35,14,21,78,94,60,91,38,34
69,33,74,11,44,40,7,93,24,45,61,99,74,8,10,75,2,0,64,23,29,64,77,85,95,12,23,93,39,48,73,31,58,3,35,45,89,85,53,24,0,81,87,92,43,51,37,94,70,74,65,16,47,26,19,90,37,8,22,18,42,2,39,12,52,86,84,13,87,44,89,21,18,79,99,71,17,95,67,91,65,9,69,70,86,37,36,37,41,40,21,80,70,70,45,28,62,64,11,7
72,64,42,86,13,37,76,99,29,74,39,11,28,87,12,57,74,74,7,41,0,78,10,21,24,29,26,6,38,56,72,23,79,62,98,4,37,11,10,71,45,46,67,87,15,55,94,89,21,94,53,8,0,7,68,65,79,8,96,83,88,55,90,49,89,28,30,82,35,58,38,9,45,56,11,10,6,42,29,40,65,99,42,69,16,48,4,77,91,19,44,20,40,49,20,14,5,61,33,93
95,96,73,17,57,72,80,77,45,48,53,90,47,32,62,91,85,45,84,88,94,99,81,40,15,90,60,13,49,44,39,12,13,26,53,70,11,12,46,3,74,73,48,27,92,40,55,81,78,35,15,78,72,53,70,28,10,7,30,67,98,45,16,74,61,94,82,87,14,80,45,98,34,20,70,9,24,72,44,27,41,61,63,16,54,88,82,100,41,84,61,20,79,3,38,95,57,33,30,34
24,26,32,9,43,95,80,22,25,81,30,95,64,64,17,9,10,30,39,29,39,16,49,60,96,91,69,70,40,38,62,54,81,52,40,68,75,94,10,47,99,99,94,7,69,39,95,73,26,51,46,56,4,12,30,17,22,57,86,5,31,37,54,25,9,14,56,54,71,3,22,91,35,85,100,76,69,72,23,15,18,81,54,74,49,36,26,48,95,0,57,17,11,60,89,15,47,70,73,91
85,72,6,27,87,37,80,17,3,83,2,12,82,7,43,53,30,9,75,99,65,80,82,16,70,3,20,21,32,54,17,1,38,0,94,53,98,100,3,38,11,12,100,40,63,53,26,71,42,43,1,70,25,53,89,84,12,47,66,95,83,53,31,96,7,37,67,39,31,46,83,81,10,39,51,68,44,59,1,90,35,47,80,1,89,77,54,89,26,56,42,80,93,97,63,48,77,28,69,26
92,96,43,75,72,57,28,46,49,83,92,5,6,85,57,47,55,55,27,45,6,85,91,44,14,66,85,2,77,13,7,20,13,43,86,65,6,44,2,40,24,74,64,72,37,28,94,5,50,31,85,69,60,85,58,5,68,75,21,0,12,11,65,5,49,96,39,97,61,56,62,67,28,40,92,77,76,14,33,66,12,75,6,54,100,34,27,43,90,58,45,58,73,23,81,52,93,92,79,90
23,8,27,4,87,72,49,66,10,21,49,52,70,35,16,61,60,38,100,76,32,27,64,74,37,85,72,12,54,16,22,69,4,66,98,100,85,90,19,27,14,72,58,38,78,0,17,60,92,13,42,72,27,48,55,17,83,2,25,35,39,76,14,75,79,72,89,48,39,5,19,95,49,34,86,46,55,7,59,84,66,30,44,13,43,31,9,10,73,89,49,26,88,31,100,93,43,36,62,52
90,45,78,64,97,9,55,69,82,58,29,6,64,74,43,62,53,66,79,65,16,81,44,12,66,78,100,27,29,95,20,65,58,38,100,41,68,94,55,65,79,63,40,48,15,83,100,9,88,81,91,19,84,4,85,20,57,10,26,68,12,36,9,76,5,50,66,8,39,47,36,30,83,71,30,16,35,38,6,24,17,24,49,66,98,94,88,33,90,64,88,35,51,47,59,54,60,70,8,73
73,24,1,69,71,43,100,74,36,70,31,79,97,47,89,0,48,13,6,8,57,63,15,71,77,73,28,13,23,45,38,4,11,40,23,47,81,98,56,28,29,6,93,45,88,3,67,59,81,19,34,90,57,10,99,71,30,91,16,92,86,43,74,57,43,43,4,8,76,28,19,83,97,94,14,100,3,70,95,57,94,48,91,65,24,63,100,47,92,1,52,13,31,42,99,99,73,59,42,62
15,47,15,30,48,12,75,76,63,0,3,5,37,70,67,72,50,9,5,74,34,13,15,75,25,25,44,95,56,56,100,66,98,62,69,41,66,63,82,23,71,98,66,67,89,0,9,45,68,93,87,25,74,32,50,60,75,6,59,55,27,14,20,18,69,15,24,54,35,79,39,18,98,85,34,26,17,71,23,43,6,93,89,80,9,4,77,56,59,79,26,38,96,7,43,69,86,89,78,16
28,11,90,8,71,9,27,44,54,31,87,54,50,6,81,20,37,16,27,7,100,41,92,62,90,95,94,83,30,63,21,56,93,28,16,41,40,28,30,15,33,4,86,39,69,3,80,0,43,5,1,84,72,50,4,22,26,15,99,99,69,65,66,55,91,73,92,43,71,99,57,65,54,53,26,69,67,32,20,1,62,19,94,81,52,61,76,36,47,22,50,65,4,82,92,18,0,96,100,6
84,71,46,90,17,82,3,34,17,21,48,25,15,87,77,7,67,39,56,52,16,63,81,54,1,11,53,39,17,13,94,70,29,6,11,100,14,49,33,63,75,32,2,51,88,76,51,49,18,55,64,67,57,88,33,100,20,33,89,84,4,80,71,50,82,54,58,18,96,68,18,45,77,87,22,68,41,26,67,94,39,66,37,38,38,24,53,45,13,47,22,30,75,37,34,93,42,47,33,12
1,10,10,1,97,68,47,93,92,28,97,52,26,83,55,56,20,44,84,82,95,19,32,75,94,5,78,27,51,65,9,62,4,84,89,24,36,7,62,75,12,54,10,26,100,16,66,74,27,66,9,62,31,46,99,9,62,4,75,50,84,83,81,39,18,94,16,89,76,75,46,47,82,80,45,37,6,51,98,79,36,30,35,35,84,87,39,25,54,53,46,30,64,97,71,10,18,47,85,20
63,56,43,71,5,100,74,64,39,73,1,29,77,63,72,39,38,92,82,37,6,25,38,62,92,6,94,68,40,17,45,95,52,60,13,50,64,37,17,36,63,10,3,56,15,65,76,5,15,51,95,20,62,79,77,19,87,53,63,13,77,86,14,77,55,88,6,40,100,71,27,57,70,60,41,14,3,11,4,7,38,70,91,64,75,77,5,93,11,50,27,55,39,7,88,25,28,87,7,27
32,36,70,54,7,5,92,77,90,62,24,9,66,15,91,34,50,17,78,100,95,94,44,59,42,32,49,54,83,8,54,92,32,72,64,11,69,2,6,26,5,77,54,8,28,54,15,24,77,17,98,46,63,26,4,26,82,51,85,86,13,77,13,36,86,76,99,13,88,66,97,83,31,45,7,11,59,43,22,69,72,96,23,80,17,98,27,89,34,58,30,87,44,4,40,86,40,28,82,74
18,20,42,29,95,32,1,50,74,74,100,44,51,98,44,58,92,53,83,41,7,3,98,40,25,48,14,97,80,66,63,52,17,14,12,33,28,50,54,52,77,97,25,27,0,22,86,90,84,85,87,57,8,14,44,16,53,72,24,86,90,93,94,89,81,41,61,41,8,16,72,29,36,26,92,60,11,98,59,82,83,64,80,87,98,83,63,57,91,2,14,22,4,57,48,40,75,36,83,70
2,93,19,48,1,69,20,61,79,49,99,99,38,57,40,2,77,83,94,45,43,45,19,94,96,17,43,15,59,89,65,44,5,88,13,11,83,92,77,48,45,60,68,41,38,40,52,23,10,84,12,22,43,30,80,59,41,67,93,0,93,62,81,30,65,44,85,86,31,98,24,44,82,38,46,60,21,16,93,30,47,41,62,79,40,32,85,59,0,75,81,3,18,60,79,13,85,74,16,30
37,84,69,52,40,80,79,92,61,63,64,100,89,62,85,51,96,79,79,80,5,78,23,37,29,20,14,31,38,26,87,28,81,36,58,1,50,71,47,71,47,32,74,80,19,63,78,65,91,24,73,100,61,65,31,90,51,42,73,95,53,59,57,97,94,65,4,43,17,58,46,50,33,47,28,32,35,73,86,76,81,43,84,2,23,82,93,20,25,58,68,12,51,67,5,41,69,73,91,21
79,16,88,5,3,21,53,2,72,64,22,44,27,91,43,16,40,58,89,92,84,47,31,8,33,6,15,17,4,16,69,24,64,100,13,80,7,90,21,13,12,96,45,12,36,78,57,29,85,60,23,10,1,24,57,11,26,21,59,21,22,87,50,11,46,32,58,91,78,56,73,54,96,23,21,35,73,50,94,11,50,50,82,22,97,82,95,96,41,43,14,26,71,81,78,27,82,70,24,65
9,14,66,41,46,20,35,67,9,17,89,1,97,59,82,76,99,88,34,45,90,37,32,78,37,92,29,91,65,64,3,9,56,27,28,6,43,100,46,40,99,72,73,64,33,40,34,5,29,14,91,62,34,39,5,5,2,44,87,49,26,78,35,18,55,88,33,57,36,90,75,56,53,1,87,84,15,12,68,2,55,95,93,3,79,6,0,78,37,13,45,93,70,99,15,40,11,43,22,28
48,80,44,74,35,34,69,13,86,82,31,82,51,33,70,49,37,48,91,30,18,44,58,19,75,37,94,21,95,5,64,93,32,59,86,58,59,24,19,23,61,23,45,72,16,31,28,90,76,49,77,15,45,53,95,65,36,30,33,31,96,67,64,73,21,41,42,76,77,67,46,52,29,65,52,48,38,20,8,41,13,5,34,31,55,70,10,24,80,87,86,18,76,100,89,59,83,97,10,19
20,60,47,24,37,92,21,42,29,72,4,31,26,98,90,68,39,85,22,55,84,23,46,49,73,84,44,40,59,79,91,31,17,96,22,43,0,83,30,85,64,13,70,82,4,61,37,47,21,59,1,19,19,49,22,93,34,15,64,12,55,68,84,22,7,51,52,19,51,6,82,94,88,22,50,59,67,88,21,89,56,57,14,95,8,33,72,98,7,52,90,56,2,69,54,50,74,51,99,4
93,62,76,5,92,56,0,91,89,91,61,94,52,87,32,57,38,9,62,22,25,89,61,82,51,1,46,21,49,83,9,100,99,43,87,55,75,97,14,62,66,72,100,55,54,71,47,62,64,10,88,70,89,69,45,74,4,50,15,94,25,43,70,66,85,61,74,18,45,48,30,15,70,89,1,87,96,79,74,47,58,32,40,27,8,46,92,62,24,79,68,85,5,98,56,77,38,4,17,59
90,88,51,55,80,30,60,29,72,26,80,54,100,37,94,93,69,87,34,42,72,34,19,48,17,54,80,88,53,39,89,84,96,77,22,68,71,60,40,93,89,10,21,97,55,37,89,8,1,95,8,17,52,39,8,20,54,13,62,14,4,14,90,89,10,3,57,68,82,53,99,25,93,32,98,15,20,22,28,33,0,74,82,100,96,64,23,17,53,71,67,2,74,6,49,59,35,13,53,36
14,2,87,93,27,81,15,18,22,81,39,88,56,10,22,2,99,42,34,66,57,28,26,4,77,41,28,79,51,4,50,7,97,78,13,23,83,0,23,91,65,29,2,16,26,27,12,75,63,1,94,11,62,99,10,33,26,41,7,72,91,99,45,14,33,40,38,23,29,71,20,54,0,7,36,41,15,16,36,32,5,89,18,71,16,0,2,100,41,24,35,49,96,45,1,13,50,28,35,80
95,7,71,60,96,98,53,98,62,14,71,15,90,62,44,81,22,90,87,40,36,5,59,12,43,62,80,47,4,66,25,41,66,67,67,85,5,96,53,64,81,12,70,7,50,46,63,73,11,13,59,80,20,17,1,50,7,57,46,73,88,39,9,100,41,66,74,99,81,2,90,37,6,40,41,42,98,95,93,66,78,80,21,87,32,90,77,39,10,39,70,25,68,64,52,15,36,68,12,35
37,22,23,72,89,80,27,52,38,6,2,74,92,66,93,17,4,89,32,17,8,22,88,87,71,12,50,56,58,32,68,11,99,41,61,100,84,38,42,29,53,31,79,37,56,29,43,37,7,49,78,55,77,85,65,87,26,5,53,95,13,31,7,99,85,92,54,30,64,1,8,100,94,50,49,9,5,16,52,11,69,86,6,17,31,12,22,25,37,44,46,73,3,15,40,84,27,23,89,65
5,65,84,45,98,18,50,14,58,26,30,38,29,81,73,50,39,97,52,68,51,20,71,32,72,30,94,12,16,65,62,76,4,1,66,83,84,9,82,48,36,21,32,32,11,93,44,13,45,43,24,81,5,78,49,72,52,37,11,28,15,23,62,9,20,42,18,63,31,67,60,14,41,6,22,42,18,38,29,80,4,71,39,41,73,16,99,50,39,55,80,67,70,72,2,34,62,24,30,13
57,31,90,60,40,53,8,60,19,76,22,83,14,66,6,44,11,46,91,18,30,20,89,38,25,63,61,74,66,23,27,71,63,69,51,50,15,10,89,90,100,100,66,57,97,16,22,99,81,46,34,84,69,85,65,46,29,51,36,54,97,63,93,78,62,15,95,34,41,90,76,25,5,22,83,62,83,28,25,21,7,25,28,13,44,40,33,11,46,42,71,79,49,1,89,3,1,85,75,16
77,40,32,93,8,59,23,45,36,41,70,45,41,35,12,53,9,80,93,87,27,88,2,97,85,40,94,31,63,9,24,55,87,91,49,48,52,1,47,14,78,51,6,94,20,43,79,76,54,70,50,28,2,45,63,54,34,21,81,55,58,33,21,63,37,26,97,54,38,77,70,67,69,3,20,99,61,4,56,81,97,53,65,70,97,48,52,11,6,39,89,32,79,9,63,60,37,39,73,50
57,79,90,88,57,43,8,34,34,99,2,80,12,9,90,44,77,98,9,70,76,38,54,100,83,61,68,34,18,18,62,62,6,28,0,88,81,93,87,46,97,61,69,94,85,14,21,17,94,95,22,53,38,3,94,44,84,9,7,19,42,99,36,43,17,80,76,55,11,23,76,71,72,89,32,62,61,7,41,50,89,0,61,36,14,60,58,40,81,15,25,84,77,33,32,34,30,78,0,2
59,78,85,49,58,16,56,64,68,50,5,37,34,17,65,2,60,71,64,89,60,97,89,8,54,84,86,19,87,86,88,11,68,86,0,37,6,29,17,94,54,49,99,25,65,47,75,52,4,12,96,81,100,80,34,17,13,92,57,63,0,61,71,39,62,72,56,35,59,79,11,15,47,10,32,97,65,73,90,15,29,16,23,42,28,96,35,62,66,74,63,91,85,86,21,97,90,35,83,46
70,18,20,90,15,83,38,11,24,81,52,2,14,3,69,29,37,32,27,19,93,65,30,91,44,78,51,59,56,61,26,53,56,83,61,34,45,61,24,78,25,45,31,42,53,49,8,53,7,54,85,9,35,87,73,41,78,31,55,20,63,3,19,46,92,41,85,6,63,58,54,80,64,61,97,61,76,47,82,42,87,20,96,58,35,11,22,21,63,11,77,80,87,30,28,16,30,82,92,22
4,15,23,64,76,12,32,32,16,70,25,94,60,73,96,86,24,80,67,51,49,31,76,83,72,58,45,28,70,99,55,9,42,36,70,38,1,19,79,57,33,60,7,45,31,35,67,24,34,78,1,17,48,3,65,1,15,66,91,53,88,3,27,16,76,38,53,51,18,100,22,11,17,43,67,1,97,88,55,13,57,10,4,99,91,7,37,17,95,57,3,99,4,99,85,47,16,88,5,96
79,70,45,47,38,35,91,50,45,19,95,77,72,71,67,2,17,73,11,47,12,55,66,23,84,78,84,35,26,71,0,20,54,74,69,93,50,7,92,19,37,1,63,97,2,16,37,43,28,10,22,85,1,13,92,91,71,18,50,67,12,45,0,98,10,45,92,34,26,76,100,97,34,53,54,87,25,51,88,84,55,26,0,17,30,52,2,46,12,81,35,35,26,76,89,4,77,15,36,82
78,41,44,55,29,98,0,59,47,8,63,38,8,67,25,46,5,57,85,28,11,5,66,99,81,66,8,18,37,50,29,18,63,49,31,19,16,29,45,9,10,41,2,26,24,50,54,91,13,71,58,80,91,29,57,81,8,93,80,26,43,1,13,51,86,18,77,88,0,88,6,3,48,88,8,73,78,92,9,76,76,31,94,34,77,83,7,42,62,85,72,41,9,4,80,37,1,29,63,49
1,7,42,63,29,19,96,19,25,52,21,68,89,83,62,4,6,99,37,61,28,57,16,84,38,56,24,16,92,61,91,93,2,10,75,38,59,96,24,58,69,42,73,15,27,63,96,50,23,100,34,32,45,25,36,43,4,47,69,78,64,91,63,2,39,86,97,99,24,37,81,1,29,29,14,62,39,10,16,90,16,45,28,46,92,24,35,45,11,80,48,52,1,19,47,3,88,93,28,66
91,14,97,52,17,40,92,60,97,19,44,23,40,18,32,30,29,22,57,42,76,8,51,51,18,2,98,84,22,34,89,64,82,59,36,41,7,0,16,19,24,37,39,13,95,72,61,90,94,21,83,26,53,62,81,65,83,71,96,70,22,57,0,35,56,30,97,96,44,48,48,1,29,88,12,87,23,13,16,74,60,13,28,96,86,87,43,30,68,70,59,36,71,7,15,91,85,8,1,32
59,28,25,52,68,48,30,2,59,50,25,62,78,16,52,21,48,42,16,96,65,78,50,61,14,72,54,86,16,88,25,12,64,41,89,11,14,5,66,1,21,97,80,88,87,0,16,88,73,0,69,68,97,29,4,84,82,8,28,93,50,11,64,61,98,16,71,94,42,26,69,55,79,79,51,53,66,34,93,86,1,70,81,51,45,68,82,17,90,67,42,68,20,24,19,30,58,87,43,8