8,52,40,47,43,16,96,2,92,26,32,15,66,60,32,42,28,69,53,43,84,96,86,71,43,7,66,41,89,72,92,88,18,19,72,88,34,37,39,55,83,21,22,2,46,25,36,68,67,96,21,15,29,1,90,55,75,81,90,72,78,97,22,70,78,89,92,34,67,7,66,69,74,17,68,89,39,98,27,1,54,59,38,69,85,9,40,2,3,89,88,66,36,35,66,32,99,11,27,52
81,99,12,93,28,70,15,56,93,70,51,76,73,34,54,27,20,13,8,46,21,23,2,14,48,17,96,29,30,29,97,84,49,99,46,47,16,85,45,80,97,59,52,87,8,49,61,18,15,31,33,12,35,30,58,11,58,75,69,37,59,56,74,15,11,69,64,20,92,50,49,23,52,43,21,49,0,32,0,4,0,24,42,7,63,50,8,2,3,98,20,82,58,26,29,60,17,15,42,24
74,18,43,71,47,81,15,58,19,34,35,100,71,56,61,0,70,1,83,47,81,89,93,8,48,56,0,20,43,14,61,46,53,17,71,37,58,81,90,83,80,63,88,36,61,63,58,88,57,46,50,56,62,91,70,87,15,77,97,43,17,71,89,99,85,93,20,66,28,67,86,88,37,4,11,83,23,46,78,56,3,86,45,88,53,23,91,69,35,4,65,62,55,72,79,33,20,24,34,95
87,71,13,49,41,56,9,50,1,99,55,99,61,15,55,91,13,74,37,54,18,55,52,37,87,67,82,57,88,61,16,24,76,6,2,30,54,31,97,24,52,36,81,72,100,79,8,67,82,79,47,70,96,0,2,39,53,5,17,68,13,95,35,86,73,0,3,42,8,3,26,19,57,20,44,56,83,2,32,35,27,56,27,85,70,97,26,82,90,64,57,90,87,14,66,0,72,92,30,3
58,81,58,20,100,44,26,85,43,36,53,56,39,20,95,59,29,80,96,99,3,0,5,35,60,29,58,77,23,60,90,41,59,4,36,35,76,78,21,4,49,2,26,81,5,50,63,73,94,2,56,79,74,57,51,27,60,6,61,43,68,71,25,97,25,1,21,30,19,66,27,57,62,47,89,100,3,4,78,41,25,71,78,24,30,68,4,10,2,82,41,26,8,16,49,4,35,88,83,40
77,9,9,17,15,77,49,90,50,33,52,92,27,89,78,79,12,75,16,39,70,44,11,3,95,48,51,53,69,72,97,74,11,24,80,50,18,83,67,20,79,37,17,4,74,79,23,97,11,91,1,90,51,35,20,19,24,85,33,12,54,54,15,18,68,96,1,61,60,9,36,7,95,49,36,70,0,0,58,37,17,93,93,51,16,80,99,27,88,29,1,28,51,97,24,19,55,21,3,91
14,74,74,67,70,75,67,13,96,33,60,5,15,60,23,55,28,44,17,52,85,64,1,39,55,2,1,42,21,85,57,2,9,4,92,24,22,49,77,65,21,16,13,57,82,54,2,50,60,68,81,31,3,81,29,83,55,1,4,16,68,21,79,19,99,14,76,80,65,56,96,66,89,62,64,69,66,38,83,40,87,2,80,89,75,70,24,33,42,21,3,86,43,60,47,67,95,6,89,49
58,47,26,90,40,48,100,90,49,26,21,36,3,44,61,68,27,36,13,39,49,48,40,80,55,23,92,94,92,34,95,91,85,47,93,60,80,41,46,2,35,62,5,80,79,19,57,84,42,89,14,1,50,75,37,18,80,12,0,22,35,94,34,70,69,62,28,11,75,60,32,15,9,10,93,3,12,85,91,82,51,92,58,25,25,47,99,48,79,73,26,7,98,37,42,38,31,49,32,94
97,15,10,55,26,16,59,21,9,74,74,2,26,69,64,77,84,57,89,14,14,45,20,82,7,73,26,46,16,78,7,61,1,61,17,100,61,45,97,47,29,15,53,83,58,38,13,1,89,0,73,5,62,34,78,49,96,28,74,20,100,16,75,12,89,28,64,10,83,32,98,78,68,47,70,30,77,32,75,42,90,22,92,50,51,53,21,69,0,11,76,31,12,94,43,5,92,46,98,64
37,61,57,65,6,85,44,28,63,98,79,93,52,23,25,7,12,74,73,79,1,54,87,82,34,6,84,85,1,77,45,21,1,21,58,70,34,76,39,18,66,43,71,48,71,67,95,94,61,60,92,26,35,67,39,82,96,27,82,21,11,38,78,45,50,75,7,7,95,96,61,14,37,65,51,32,72,91,27,84,50,92,8,97,72,52,11,47,15,36,28,34,20,19,100,12,54,12,26,18
43,69,22,59,33,57,71,94,99,38,39,82,73,22,57,95,91,99,60,3,17,84,36,24,88,36,35,47,80,19,8,16,93,77,52,16,76,45,44,34,37,31,59,34,80,35,11,15,48,28,29,17,47,4,43,83,1,81,47,17,89,84,14,21,74,94,82,50,16,70,21,87,88,96,65,9,49,22,48,16,18,10,59,48,99,15,25,84,79,17,52,85,86,8,30,66,66,7,75,15
10,53,23,94,88,61,91,75,2,75,2,55,61,2,73,68,21,15,95,25,50,92,94,62,13,90,97,97,94,7,96,35,71,53,46,40,26,23,34,69,95,8,89,35,59,56,4,27,26,5,99,90,62,20,30,7,62,100,60,53,42,83,99,39,95,3,92,58,57,46,27,54,73,44,57,80,94,71,69,30,54,41,21,41,45,38,20,38,35,88,39,90,73,20,39,25,36,8,23,26
7,80,68,26,15,13,77,100,42,15,20,23,35,88,84,74,98,57,2,25,45,47,67,53,64,74,85,12,42,32,84,56,83,53,36,79,73,25,60,29,62,89,96,36,48,43,98,62,11,2,12,94,97,16,81,22,89,47,47,87,31,80,18,65,74,85,36,75,97,10,19,49,33,53,3,86,96,61,99,23,39,45,0,21,2,63,83,11,26,68,31,72,0,21,51,97,57,33,6,55
91,32,14,78,87,65,11,55,10,74,28,45,28,24,97,28,0,87,67,11,60,22,90,81,33,39,21,64,77,72,99,15,82,67,87,71,66,14,61,36,98,15,65,29,8,4,45,4,72,11,10,84,33,78,23,1,7,52,57,97,74,23,32,16,79,28,49,17,11,42,20,7,23,65,3,52,82,73,79,50,25,76,96,4,65,81,24,29,55,79,33,61,55,74,54,12,16,42,100,38
75,48,34,47,30,81,9,57,53,20,42,42,91,100,8,49,78,77,80,28,41,10,17,0,97,42,59,66,63,42,72,85,83,0,75,95,100,48,27,1,60,99,30,87,95,63,8,21,11,67,93,7,90,41,44,61,1,53,80,0,30,10,42,9,2,1,91,21,41,68,59,65,19,8,30,50,96,96,46,47,71,14,94,74,43,0,94,63,23,9,91,92,35,70,20,21,42,17,46,49
7,44,81,84,25,95,61,43,74,66,66,96,21,23,91,96,28,12,76,37,67,39,71,6,20,21,34,99,63,78,65,49,50,98,88,2,66,51,79,80,87,47,21,48,61,24,1,77,90,95,90,83,93,98,57,7,59,61,29,36,39,52,10,88,37,96,54,54,19,46,10,53,16,46,85,16,4,14,15,86,38,18,42,2,2,76,46,62,89,38,13,19,69,89,77,31,95,100,15,21
91,22,5,23,82,45,77,91,84,32,19,10,1,20,77,41,92,36,83,97,22,80,48,10,30,77,70,48,65,48,52,0,91,8,17,77,37,22,29,81,82,54,8,40,25,6,79,22,22,29,37,91,78,11,84,7,7,54,39,2,84,50,47,23,35,40,4,29,47,11,66,92,14,98,88,33,17,43,66,26,24,7,63,98,66,68,61,71,98,88,89,26,48,2,65,51,86,93,29,18
34,66,44,13,60,12,15,81,62,29,87,64,23,79,18,57,84,24,14,87,53,46,98,98,17,76,4,6,34,62,40,85,100,57,12,55,98,10,8,91,0,77,99,61,22,8,42,21,68,2,62,35,27,91,28,68,69,0,18,83,46,57,36,49,91,1,37,47,15,72,48,0,98,55,72,94,80,31,73,32,12,35,49,58,98,63,93,84,59,89,78,89,58,94,83,32,64,98,53,99
59,34,89,87,3,10,21,64,62,39,14,2,53,83,8,69,7,99,88,45,93,56,42,39,34,8,65,34,72,23,30,94,75,78,63,15,22,67,83,1,47,66,81,82,1,18,92,100,25,34,32,41,37,75,99,51,42,3,30,38,82,94,10,36,38,91,23,63,3,44,98,16,54,19,94,17,100,52,63,80,51,1,60,4,96,41,17,53,62,60,96,71,43,51,62,100,61,81,84,61
6,55,72,42,52,36,39,19,81,98,43,51,66,90,57,42,64,39,62,46,83,24,21,91,97,43,42,98,62,43,52,13,63,41,57,59,79,50,57,17,8,26,25,90,49,79,0,73,96,81,77,61,91,8,32,59,31,7,95,5,16,67,35,34,82,14,53,70,17,21,67,93,96,83,1,0,71,25,27,77,78,25,76,87,62,43,65,70,44,53,28,43,28,75,83,59,78,100,28,25
13,5,67,4,27,24,69,31,1,93,47,67,19,65,40,58,72,64,49,73,15,59,42,52,48,0,17,89,5,33,28,70,88,14,17,6,9,92,58,34,48,38,12,35,97,23,22,97,36,43,73,67,51,90,2,36,32,39,24,19,13,1,33,37,91,39,17,95,5,22,85,78,53,30,72,53,18,27,81,17,99,96,34,45,18,36,10,21,84,19,96,100,70,0,39,70,6,60,30,90
48,5,63,6,34,71,82,24,17,79,86,49,0,34,62,58,32,63,48,7,47,80,78,43,2,4,18,39,25,30,42,17,7,71,81,30,57,97,71,26,70,71,97,25,73,89,1,69,67,96,61,4,50,55,4,53,47,82,76,57,94,70,20,66,33,85,66,52,55,33,4,31,57,51,48,26,37,70,96,19,18,46,70,44,64,41,53,10,34,50,0,94,7,27,16,96,15,78,50,6
20,32,71,25,81,88,93,84,66,98,54,61,43,38,73,16,93,42,84,93,55,32,32,50,68,56,2,9,46,59,79,99,89,22,11,44,42,23,62,32,97,9,39,93,89,58,57,82,25,11,66,81,27,23,70,72,37,65,73,17,49,32,19,0,37,72,38,19,36,20,67,59,35,39,86,41,36,58,14,24,86,58,66,8,90,71,74,8,64,15,26,55,12,21,77,37,11,40,55,48
74,47,32,62,69,32,6,66,72,40,96,42,82,46,52,56,96,67,35,56,86,36,5,64,51,1,24,16,86,38,7,47,67,20,100,63,97,9,24,47,53,7,87,44,78,99,91,23,2,19,59,98,18,23,26,24,45,15,11,51,43,66,51,29,14,70,16,34,30,20,6,51,68,94,90,88,4,69,56,74,81,82,14,27,3,49,88,52,75,17,82,82,40,77,34,76,73,35,13,100
94,85,18,33,46,13,53,38,64,45,58,96,58,46,70,73,91,92,43,49,12,15,11,22,15,97,21,44,25,98,39,16,80,24,61,95,43,73,55,94,94,46,0,87,30,1,46,62,97,36,36,61,31,18,97,55,78,33,27,7,33,88,56,41,24,54,25,80,7,17,58,62,87,64,96,7,18,68,82,81,41,6,62,27,23,10,33,88,66,51,75,25,24,27,74,33,44,55,35,20
54,93,48,83,30,14,98,72,52,29,65,21,73,76,25,34,64,3,74,44,4,8,46,15,91,0,81,15,60,85,80,71,45,33,22,3,16,20,52,84,63,0,64,79,51,95,86,77,85,23,75,38,82,51,21,48,58,75,33,32,97,48,82,77,23,24,3,96,56,86,17,19,64,71,5,68,93,87,64,85,55,83,51,96,68,21,43,9,53,47,11,68,40,2,42,53,60,18,14,25
40,38,26,16,59,80,81,96,78,13,65,11,16,89,80,80,58,66,83,3,98,8,49,28,76,50,94,91,46,53,88,33,74,72,41,1,47,15,76,99,8,30,1,70,75,55,25,16,2,46,5,83,93,31,93,30,22,38,44,4,48,83,77,49,96,46,65,54,32,44,91,20,91,25,71,48,78,45,37,17,28,88,47,3,28,6,93,49,52,6,54,8,57,80,36,31,41,59,12,11
98,32,84,82,65,51,21,70,6,66,15,95,9,79,39,43,95,1,61,64,93,58,99,12,24,45,2,82,63,9,2,37,17,96,74,11,73,19,24,99,30,4,41,95,93,97,88,27,88,8,48,87,30,69,81,79,89,98,2,14,31,46,18,50,66,33,47,85,70,95,31,40,13,93,26,70,47,100,11,68,81,85,4,62,7,18,43,55,16,27,99,45,59,30,82,82,12,9,42,56
83,2,3,73,24,59,4,22,0,34,7,70,30,34,18,49,43,13,84,58,34,25,98,27,33,73,25,79,32,81,23,89,28,46,54,78,11,3,3,10,36,26,100,3,84,78,75,5,7,50,75,89,75,81,79,6,64,15,3,10,50,79,71,48,29,53,5,99,50,74,39,39,61,82,21,93,54,55,28,3,93,28,39,80,71,57,19,14,70,57,41,48,18,62,91,82,28,87,14,33
16,34,40,9,55,28,62,79,46,22,94,51,64,64,61,58,80,65,48,1,37,6,36,67,17,51,6,85,100,46,76,42,71,28,14,55,84,93,25,63,58,82,94,48,83,70,85,97,63,98,46,81,89,18,32,10,84,90,63,86,14,85,31,79,95,82,57,50,16,39,23,97,83,72,95,83,49,6,14,2,94,93,13,65,12,19,8,99,100,53,68,24,74,92,38,100,99,67,18,67
84,55,37,68,33,2,38,97,59,52,98,91,53,47,73,40,74,67,25,21,1,45,68,70,4,69,58,32,89,78,89,30,93,13,17,12,1,49,94,40,33,57,65,97,39,17,100,93,33,70,62,56,8,50,66,43,70,88,46,84,43,75,53,41,26,26,90,32,45,14,84,48,90,91,90,35,15,41,27,86,34,28,98,25,76,84,41,31,53,32,86,60,10,29,64,89,64,62,94,59
88,19,51,6,20,26,3,72,50,22,4,54,71,47,1,72,22,70,91,13,61,44,90,2,12,85,31,15,34,93,54,82,53,9,25,53,73,0,89,91,81,73,2,93,66,38,47,30,9,13,83,54,35,68,87,60,63,10,87,69,56,95,31,78,9,38,63,41,72,31,29,52,35,13,69,4,8,29,31,58,31,17,10,6,62,62,18,96,46,81,94,33,32,83,75,20,61,97,45,34
7,72,65,47,41,23,95,14,69,31,50,37,38,5,9,100,6,45,44,47,61,4,23,38,17,95,72,98,15,3,13,18,39,87,23,20,25,50,82,50,0,69,85,71,60,17,62,22,57,23,27,66,15,26,68,30,30,22,65,33,49,65,82,45,26,83,21,51,19,84,52,69,47,64,7,59,82,30,84,25,34,72,14,65,18,87,74,31,73,57,52,62,68,42,0,17,15,70,43,53
46,57,29,8,80,8,44,45,97,78,29,60,84,52,10,37,83,83,6,79,92,82,70,66,78,100,76,36,10,6,98,51,5,42,11,72,52,94,73,97,23,75,38,90,11,6,44,58,29,23,30,23,91,99,1,61,50,51,77,60,83,39,92,65,34,63,93,49,97,71,51,37,29,63,20,68,39,40,13,98,83,0,38,83,58,18,57,62,18,72,10,29,16,83,37,42,41,29,4,74
41,48,78,47,76,4,69,19,7,64,30,7,18,89,22,82,74,58,1,50,95,51,96,38,67,68,70,28,78,26,14,35,26,87,97,99,9,2,19,76,36,51,23,54,36,69,68,21,23,8,70,55,98,13,26,27,22,29,22,77,74,35,77,22,43,86,66,98,77,64,20,68,75,27,44,44,98,6,74,16,25,48,69,81,12,98,3,97,17,32,10,50,87,61,34,85,86,82,29,30
78,69,11,72,92,23,85,51,57,23,74,39,34,27,59,58,80,79,30,68,30,93,60,40,54,11,1,69,25,48,49,99,1,75,95,4,7,20,30,97,71,96,99,22,21,67,81,59,93,100,58,63,53,24,92,51,75,22,94,3,25,97,18,14,11,74,25,6,87,30,47,7,44,100,85,79,27,13,55,56,63,22,92,36,20,55,62,96,85,19,31,74,23,47,87,62,17,30,41,42
89,75,12,73,56,30,4,42,77,31,62,21,84,0,24,10,75,74,4,50,6,5,99,91,19,92,32,0,28,54,8,88,92,57,71,22,65,88,3,41,47,37,40,91,2,56,20,86,99,73,51,42,30,55,81,56,36,82,35,51,77,81,44,15,48,37,73,20,77,100,90,68,27,3,55,68,100,38,82,97,0,9,87,13,64,79,24,84,0,18,71,57,79,39,42,68,25,86,52,87
90,15,74,84,40,96,33,4,10,84,68,82,83,13,62,94,42,92,97,32,22,28,0,29,71,36,56,56,35,86,27,54,89,79,44,84,81,63,22,75,89,69,7,47,21,9,79,32,0,34,74,25,30,2,50,35,72,16,34,70,54,78,69,2,22,39,40,15,73,48,77,77,73,67,1,11,61,21,92,52,93,71,41,5,32,54,79,11,75,26,68,68,2,94,36,83,38,95,90,88
48,40,30,97,8,69,5,100,30,40,71,74,84,8,69,33,76,9,12,63,75,89,74,18,3,66,53,0,62,66,77,60,64,36,100,5,25,44,17,46,16,68,32,59,46,37,27,46,69,31,49,39,93,14,82,16,7,99,87,11,81,67,40,50,35,26,41,58,86,74,83,75,53,38,65,74,17,70,40,78,55,79,11,27,73,5,90,61,34,17,90,31,19,22,27,22,23,3,97,86
81,97,44,74,100,68,41,23,38,25,27,59,81,92,48,73,2,40,48,8,89,23,76,55,63,97,69,16,91,55,2,5,94,56,40,64,16,56,9,12,1,99,14,15,36,51,100,99,27,91,86,100,20,36,70,74,42,32,41,0,92,96,50,49,88,35,53,1,8,29,85,50,39,5,38,73,4,97,88,97,90,47,82,37,28,28,38,59,55,20,16,38,12,88,60,81,69,9,27,9
89,91,36,55,96,99,73,53,59,42,7,90,39,78,25,12,56,66,90,18,100,22,31,2,26,77,6,99,47,5,30,35,91,53,92,88,83,31,14,25,10,54,12,38,82,50,39,35,97,76,1,37,49,33,68,55,80,38,96,2,52,76,52,86,83,57,100,43,52,63,45,68,52,36,8,49,8,55,22,87,34,59,35,29,90,80,92,40,5,14,31,66,54,18,85,87,17,30,20,67
34,15,18,22,60,67,57,0,63,69,17,17,54,16,58,26,73,78,54,88,71,25,36,95,24,76,17,41,34,53,38,13,31,28,6,23,4,87,65,19,55,34,15,86,14,44,70,7,98,45,46,0,61,85,10,5,67,75,49,9,68,43,95,85,52,48,30,13,75,73,68,48,64,50,30,86,44,60,42,82,75,90,78,65,11,57,62,48,8,93,28,99,88,95,52,30,48,80,48,75
22,5,10,15,75,38,16,78,10,93,30,62,34,3,43,91,47,78,34,11,0,89,15,41,56,86,69,71,84,7,59,54,19,3,9,61,68,51,20,53,29,37,36,46,5,36,55,93,17,56,47,96,91,86,73,10,39,63,57,89,70,63,94,29,90,2,41,84,40,27,33,56,34,46,85,37,73,16,93,91,65,62,24,87,83,50,20,14,23,61,89,22,44,78,95,94,68,13,71,89
4,43,78,58,83,61,32,6,0,89,96,80,32,29,87,85,35,30,75,9,39,86,64,8,3,45,38,54,0,87,93,1,16,79,35,7,90,64,31,92,23,79,67,2,3,85,71,19,42,24,7,9,11,10,79,90,86,82,76,34,33,27,77,60,52,29,23,31,67,52,92,14,24,96,72,73,25,50,34,60,91,76,0,24,5,23,7,28,1,83,62,8,64,81,79,87,37,7,27,36
97,7,1,1,55,48,0,60,41,30,43,79,48,44,21,9,20,67,37,91,9,3,84,29,83,14,9,68,95,46,2,32,38,94,23,69,35,98,72,30,86,29,88,53,93,23,49,46,56,42,67,54,14,65,37,84,65,75,16,42,16,23,57,66,11,58,56,7,1,12,3,79,62,14,32,42,85,6,49,10,28,21,93,9,29,92,58,17,82,52,79,81,69,20,54,21,43,46,82,60
88,92,34,55,28,22,45,65,74,50,16,87,67,24,7,10,81,44,4,10,16,71,11,7,99,12,48,42,20,3,89,35,39,16,0,42,28,18,57,1,41,20,4,61,11,69,1,97,93,99,28,4,52,81,23,98,29,17,11,64,92,91,68,23,89,46,0,69,73,31,80,60,35,87,43,53,71,31,0,38,58,37,29,50,53,30,75,88,85,81,88,77,90,71,40,82,52,77,34,27
11,90,5,31,23,81,31,66,65,93,28,90,18,69,13,42,97,73,16,73,94,52,56,35,51,17,64,64,30,34,69,68,41,61,65,70,90,5,39,32,30,12,39,98,15,46,46,98,44,81,88,1,57,96,55,47,87,30,82,12,33,17,72,28,38,10,16,49,76,90,20,94,45,58,46,68,46,64,66,90,95,6,84,35,81,33,95,80,90,67,78,19,5,38,7,17,79,98,32,51
78,69,69,45,62,60,37,41,8,85,97,9,95,13,38,85,89,72,47,22,60,68,57,56,15,91,40,25,0,67,31,25,79,39,34,21,92,14,4,6,40,19,52,95,7,90,33,9,18,11,43,90,17,81,27,88,81,29,43,14,36,96,23,98,42,90,28,19,60,4,77,81,4,27,71,62,58,44,33,58,57,76,22,42,59,19,45,24,31,82,2,43,80,84,7,88,6,86,93,59
87,11,96,31,67,75,29,78,11,96,22,32,5,87,53,11,85,1,22,98,62,46,97,77,100,41,0,7,5,62,25,13,92,65,73,73,90,36,4,9,3,48,70,8,84,79,24,88,30,69,22,90,2,51,1,52,68,51,90,41,80,92,74,5,22,84,26,4,72,29,0,89,70,45,77,43,48,16,77,81,20,21,14,41,89,0,1,1,59,72,92,15,1,66,39,12,12,85,70,29
10,93,46,88,79,26,10,52,93,54,38,50,20,25,78,69,64,87,87,75,25,81,85,97,27,74,80,38,38,13,5,18,35,98,52,9,55,2,57,49,60,63,46,24,56,76,2,27,85,99,48,39,12,44,95,28,52,90,24,75,20,28,12,17,79,66,11,95,18,59,25,43,26,98,67,30,11,15,22,78,65,97,6,27,30,76,28,8,42,3,12,30,48,73,63,79,79,68,76,50
12,46,22,17,54,56,15,8,26,91,47,7,9,100,65,84,83,35,63,61,47,38,46,55,97,30,84,34,63,13,38,19,55,10,0,19,15,12,78,26,77,60,55,73,74,91,51,96,74,68,48,66,89,1,14,52,22,57,53,97,73,81,52,92,61,98,4,35,52,7,43,69,17,73,35,55,23,85,18,58,53,60,77,79,15,91,26,80,44,18,9,51,36,62,55,87,61,47,6,80
41,79,5,2,20,80,0,71,76,39,50,43,75,84,95,96,79,94,23,56,8,44,59,33,47,75,78,39,74,34,10,22,76,39,73,12,46,35,98,7,30,25,42,17,56,97,100,23,53,64,58,74,28,71,5,8,56,3,24,80,66,28,32,27,33,47,69,22,2,80,28,52,85,60,91,97,34,31,57,36,16,29,6,68,13,97,40,0,81,98,97,5,17,63,34,2,85,74,60,56
84,66,36,44,39,42,49,14,3,41,55,19,30,97,32,57,27,28,82,3,28,15,54,7,19,33,70,37,75,30,18,90,94,11,67,1,99,1,93,77,64,47,67,57,34,3,87,83,37,5,6,19,22,34,6,35,95,55,87,56,1,47,31,98,44,50,86,25,52,92,80,100,49,46,73,11,53,61,92,94,61,88,23,70,63,65,39,20,65,81,1,97,13,100,34,33,100,16,4,30
1,92,5,44,64,37,55,76,14,2,43,62,74,64,23,92,27,24,92,21,10,63,92,50,51,12,91,32,29,89,66,91,61,23,39,19,60,87,62,15,42,32,22,30,36,52,52,100,38,45,90,65,0,68,32,12,60,29,80,38,100,50,8,45,79,48,23,27,6,39,78,47,58,93,85,18,38,74,27,12,16,94,43,72,82,82,69,78,70,51,29,69,29,79,8,88,58,3,31,37
36,0,47,50,90,18,69,93,74,28,31,15,36,6,73,89,44,20,3,53,14,100,58,82,52,21,55,63,23,28,100,11,12,97,54,46,46,92,92,44,79,98,74,92,2,9,13,54,40,59,0,30,70,78,19,44,17,55,28,28,62,88,57,66,73,23,51,68,49,94,97,43,46,82,41,57,80,13,48,29,87,81,7,93,29,22,27,58,98,51,27,14,17,14,65,85,84,9,94,78
99,20,37,88,66,3,0,50,92,76,45,79,96,65,0,74,38,13,0,3,25,6,3,31,92,46,70,31,17,54,70,83,53,38,91,98,53,93,28,92,8,12,27,28,85,79,80,30,26,68,65,0,66,97,6,70,58,64,98,8,2,5,7,27,27,59,52,96,58,28,23,26,23,71,64,3,97,1,2,5,37,45,85,44,81,53,40,79,15,3,2,75,38,85,57,11,54,42,66,62
9,100,24,40,52,35,19,48,83,26,63,89,63,69,42,77,55,11,97,77,51,7,49,52,56,6,100,12,60,11,80,0,81,74,84,74,51,51,14,60,98,98,66,25,32,8,15,89,76,33,50,70,36,12,78,62,54,72,23,6,98,63,85,52,98,26,61,96,0,7,5,38,74,16,13,39,37,44,96,5,18,65,9,83,89,65,44,73,77,15,79,89,1,69,36,87,64,34,93,18
0,94,52,79,46,53,81,84,26,57,2,4,20,56,66,11,14,10,67,55,38,32,88,4,84,82,66,44,4,40,89,14,41,100,90,4,70,24,94,55,73,38,11,59,72,87,35,68,6,86,72,19,70,85,36,73,97,97,41,22,84,39,100,1,36,30,66,88,58,24,35,0,56,42,61,94,26,69,37,65,16,56,68,24,39,75,74,58,55,3,95,71,90,28,10,69,0,19,80,38
97,43,63,77,35,54,59,34,48,48,30,21,92,99,67,19,3,45,48,24,84,39,46,35,87,76,65,5,72,44,31,70,52,24,41,22,45,48,91,64,53,59,60,23,81,43,74,14,30,92,83,63,39,97,23,11,86,38,32,48,2,50,9,19,57,65,74,56,64,24,43,12,70,28,84,47,51,36,62,92,50,16,36,66,19,61,97,45,60,11,40,79,86,93,88,49,100,37,16,72
77,83,27,89,15,5,36,39,24,82,77,65,17,100,54,99,77,30,57,69,16,26,17,87,12,80,92,96,31,100,84,96,42,41,98,70,12,96,73,52,58,13,25,87,39,73,43,79,9,58,35,6,87,15,20,5,90,87,32,27,41,14,36,18,92,23,8,57,47,25,7,58,19,22,29,27,58,48,43,26,70,13,1,26,27,40,49,65,13,58,28,73,92,1,64,60,5,100,40,7
27,7,98,9,18,44,14,35,68,91,1,19,33,34,100,63,35,13,55,43,67,37,8,91,10,31,43,52,62,1,92,9,81,34,97,0,16,10,31,34,14,64,14,34,92,25,70,93,33,96,60,41,20,59,97,44,10,90,82,22,88,62,69,93,64,98,83,63,74,30,11,50,23,92,82,53,85,43,90,71,37,56,50,57,58,91,18,28,63,43,68,19,12,100,7,16,64,18,63,52
89,34,42,20,96,93,89,30,75,71,87,37,93,62,52,19,63,36,86,15,62,46,83,25,41,58,12,90,17,22,31,24,60,19,96,37,85,22,34,70,43,46,5,4,69,43,45,90,22,7,21,8,66,60,75,64,54,21,12,34,20,89,60,82,71,10,74,78,41,24,89,72,95,91,2,69,18,59,26,92,53,78,12,60,35,4,54,78,72,24,40,10,84,57,60,94,49,27,92,87
30,57,14,91,23,77,47,26,62,30,31,85,67,24,29,72,84,51,20,54,44,25,43,98,26,9,43,26,58,62,14,26,89,5,48,32,71,2,73,34,80,57,73,75,90,85,0,66,47,96,9,3,74,72,77,51,27,86,92,64,22,30,19,15,21,29,94,32,26,68,17,80,8,75,40,2,68,43,84,64,89,16,40,59,77,45,15,24,16,52,56,49,63,36,14,51,75,23,7,20
78,80,98,47,22,56,74,54,54,41,75,70,71,49,43,40,75,60,12,55,34,82,51,86,60,91,13,49,87,79,80,11,47,33,92,61,15,70,96,29,20,35,62,40,30,3,47,67,32,47,51,47,92,15,66,28,50,48,43,44,61,97,12,93,92,2,30,33,40,65,1,35,50,52,61,39,74,35,43,32,11,72,75,71,73,3,12,13,98,53,24,18,64,36,48,11,7,57,71,29
66,74,61,20,76,67,46,50,39,92,78,20,19,53,9,84,37,42,45,14,44,12,25,38,86,48,36,0,66,86,96,90,19,8,54,54,78,49,45,97,66,1,71,86,72,91,57,80,25,87,38,47,18,77,90,61,66,28,82,85,44,7,24,36,99,46,48,42,44,25,72,36,3,99,42,62,1,24,10,34,42,25,19,12,52,36,39,44,56,86,39,0,71,27,91,15,56,64,39,52
0,8,60,10,67,76,24,24,12,65,53,87,4,48,87,30,49,46,23,100,52,59,66,87,69,66,27,19,98,90,33,40,21,53,92,98,80,49,43,35,80,33,20,67,30,93,58,62,38,16,93,50,15,14,74,25,50,13,68,97,80,86,78,61,95,70,59,65,92,97,30,75,48,90,31,78,17,4,38,19,66,50,76,34,81,5,58,92,84,83,64,19,81,0,54,0,26,49,38,82
21,91,76,53,76,33,23,99,37,96,77,32,81,8,48,51,63,38,16,8,80,57,8,21,53,12,43,15,96,84,10,3,49,23,79,42,18,82,76,23,53,47,70,26,100,15,36,50,88,94,55,32,97,33,96,13,26,86,81,83,22,21,58,16,19,53,42,29,73,19,64,19,0,0,2,76,30,87,46,5,96,55,67,98,88,3,5,83,25,81,27,86,61,71,14,43,41,23,74,84
19,42,36,20,69,49,36,91,45,38,79,85,98,25,78,70,28,98,6,83,76,20,98,71,16,98,15,55,14,81,94,48,19,83,14,68,54,53,84,73,52,1,94,28,82,90,18,78,80,93,16,71,93,69,63,63,78,96,66,41,92,79,39,35,99,70,71,7,66,31,55,24,13,83,0,80,78,13,21,84,98,73,60,44,55,31,50,72,76,77,94,37,71,61,56,13,85,46,28,61
81,40,98,7,18,37,14,28,88,31,73,3,10,75,0,76,92,33,73,74,24,1,5,46,70,65,96,1,17,76,72,39,20,69,83,70,19,17,50,96,43,24,33,66,41,39,50,52,2,66,9,71,33,59,9,16,100,67,44,9,50,7,18,78,88,85,4,38,5,4,22,96,21,68,43,43,70,75,78,97,37,58,74,14,100,100,12,54,69,68,58,35,37,30,59,31,92,48,24,60
39,43,26,70,87,78,88,7,42,78,4,79,86,99,86,46,41,82,45,41,18,12,52,89,31,34,0,71,13,48,51,67,43,83,86,24,68,30,75,38,89,67,50,30,98,66,83,20,81,16,8,70,91,64,36,70,74,66,29,20,25,43,77,85,47,57,85,68,84,95,65,99,38,5,49,73,91,59,56,69,100,3,12,51,59,69,36,67,66,64,62,18,3,47,18,88,98,87,50,63
18,39,42,11,16,51,55,74,16,57,59,0,52,49,50,24,51,17,75,6,84,68,50,92,97,30,34,81,39,73,77,78,36,47,61,78,83,86,60,42,18,26,70,13,86,28,88,81,35,82,87,86,7,69,27,67,59,66,51,65,12,21,52,67,87,80,100,2,97,48,78,26,96,61,8,28,51,75,2,17,97,1,41,87,16,59,26,32,4,37,50,91,97,50,51,24,21,0,4,30
88,83,25,16,87,43,43,19,65,48,3,25,3,91,89,52,70,25,57,99,13,59,46,42,34,33,1,12,12,11,36,71,0,5,37,56,65,5,86,26,90,73,51,2,37,4,2,73,32,56,92,72,52,66,95,46,32,50,79,74,81,34,88,71,65,26,55,24,96,46,11,59,8,77,47,77,6,50,11,41,5,66,17,96,96,84,25,24,31,23,19,39,51,75,46,55,23,2,94,100
58,7,86,69,8,49,9,23,35,80,47,17,99,78,41,54,73,14,85,83,38,8,13,26,95,88,69,40,21,75,28,98,31,39,32,60,28,93,55,70,8,26,40,82,30,57,46,71,90,28,12,60,2,47,16,64,0,22,93,43,27,95,97,12,28,97,31,61,68,18,45,0,32,15,46,98,96,10,39,43,81,80,93,7,30,70,56,80,92,65,68,25,0,45,12,9,43,87,6,39
77,25,65,49,47,73,71,60,75,37,43,69,65,35,32,56,12,44,65,22,100,83,1,59,52,56,38,21,73,15,48,41,18,70,8,31,9,1,3,41,77,41,23,72,51,49,24,25,7,89,37,74,56,51,7,1,39,98,27,95,66,0,31,34,52,7,10,37,63,92,75,30,60,17,67,66,99,75,23,65,86,43,31,71,2,16,91,21,48,25,98,98,72,28,64,39,25,21,96,55
20,64,13,98,38,81,94,47,12,86,0,50,7,92,0,94,77,87,28,85,100,70,84,98,25,41,1,41,93,44,20,52,75,74,30,0,17,97,56,39,82,81,45,12,56,73,81,62,72,41,31,24,3,31,71,93,96,10,31,94,35,6,23,39,3,14,69,40,92,89,75,94,74,91,79,71,92,83,46,73,13,49,28,91,80,94,74,55,79,99,99,90,14,96,63,78,100,95,89,37
15,24,98,98,97,60,67,29,73,65,2,30,92,33,69,12,83,50,67,0,51,52,37,40,52,57,12,58,74,2,15,12,87,37,85,51,67,25,53,74,95,97,33,72,46,26,74,16,42,86,70,61,87,1,67,37,72,64,4,55,89,97,52,15,18,38,98,78,95,11,82,28,5,34,1,96,58,30,76,13,2,13,17,73,62,22,37,11,60,48,34,13,89,27,28,30,86,95,33,43
15,40,71,82,87,18,5,74,20,36,20,95,47,27,77,92,67,8,85,73,34,99,39,22,81,63,9,68,96,98,99,7,64,85,77,98,70,85,93,96,45,38,20,53,48,57,92,76,1,84,71,56,8,94,81,31,65,96,17,100,83,44,48,72,41,26,30,60,73,87,37,100,85,69,21,76,42,73,35,50,24,39,100,46,16,39,6,85,88,57,33,95,55,78,76,53,84,76,66,100
76,20,26,86,44,51,82,62,25,97,6,63,27,15,4,92,83,53,83,52,80,86,56,51,73,89,79,28,12,7,18,36,34,49,53,1,53,13,21,44,17,43,2,0,92,44,19,5,36,55,6,52,100,94,96,100,23,11,28,95,64,77,34,67,24,62,28,12,86,12,26,30,2,64,47,22,14,80,29,85,23,61,76,1,86,6,68,17,42,27,52,27,0,16,46,12,26,82,89,15
31,67,23,30,79,1,37,72,50,89,83,4,47,63,49,46,31,86,33,40,18,77,66,22,3,74,41,93,21,9,40,43,61,53,41,30,64,72,94,26,86,63,63,52,92,2,38,79,23,61,35,84,38,56,90,76,6,45,89,76,48,94,76,83,70,16,46,25,27,13,85,77,86,19,83,71,57,3,29,95,61,90,98,71,49,94,89,64,9,25,73,59,1,15,42,77,34,25,89,42
87,4,86,31,38,88,70,23,60,19,81,37,91,9,56,100,7,98,30,45,46,97,0,23,47,15,3,35,12,38,22,27,70,42,30,89,2,86,74,16,98,74,27,80,52,27,9,20,81,91,26,25,23,42,79,27,36,33,29,35,19,91,33,57,84,18,57,59,67,10,41,68,87,1,25,73,60,3,44,2,94,54,60,33,56,87,83,12,33,68,77,20,0,30,37,44,67,8,66,72
22,38,22,11,97,80,84,39,59,42,74,58,83,9,64,28,12,100,67,69,93,92,64,62,12,32,9,63,14,80,4,65,24,99,28,0,67,2,100,30,76,82,65,69,5,21,40,45,95,32,94,55,51,89,3,23,19,76,16,11,35,80,55,23,81,21,85,39,80,100,100,81,52,79,16,4,71,91,36,4,70,18,35,8,81,18,34,18,6,4,39,16,23,18,95,72,76,26,4,75
91,78,80,31,33,75,65,42,32,75,45,87,30,48,25,63,42,48,55,68,85,54,96,54,54,91,19,8,86,2,99,45,43,61,45,90,48,41,83,80,70,53,58,76,75,82,35,9,5,63,67,99,8,10,4,76,95,91,52,19,100,7,58,81,61,23,27,53,73,10,94,13,21,15,4,14,42,25,42,13,58,46,19,25,46,53,43,27,75,18,10,90,10,80,16,86,8,71,25,91
61,35,40,56,32,68,35,84,75,54,74,90,45,70,17,16,10,41,6,14,28,63,57,41,68,95,58,3,36,81,14,23,15,53,10,96,0,59,40,67,83,78,3,59,45,61,10,9,93,12,35,54,93,98,74,76,83,91,70,41,38,49,38,10,22,71,66,62,30,85,10,49,32,91,30,73,78,15,54,49,73,20,3,68,21,26,74,40,18,71,71,51,37,75,10,29,48,93,66,7
7,97,32,90,1,28,99,86,99,99,33,13,97,6,47,67,98,9,85,53,0,13,42,59,87,76,70,16,42,72,73,93,23,57,29,27,41,10,72,53,78,11,91,16,23,18,7,22,100,39,30,32,82,5,43,84,59,96,9,25,22,47,65,4,12,44,81,32,42,69,21,86,42,15,18,96,14,80,68,2,100,64,24,78,83,93,11,49,59,48,100,19,29,17,15,12,67,26,7,20
3,88,88,32,48,27,88,36,21,18,32,16,1,56,76,29,48,54,7,4,99,20,76,51,40,62,13,97,96,61,23,0,2,25,52,30,39,99,16,53,50,84,68,88,50,95,52,66,70,51,92,4,10,75,87,51,72,46,68,89,1,17,17,75,0,66,13,92,86,21,97,73,2,21,55,52,7,28,81,92,88,43,3,25,68,64,71,38,48,40,45,91,78,64,84,20,48,61,95,26
1,79,67,13,87,16,21,59,33,62,87,40,11,56,44,15,7,96,66,22,63,36,97,68,46,27,87,42,71,66,27,46,76,93,42,94,42,2,15,50,56,57,70,94,47,23,10,0,3,73,3,16,52,27,93,30,29,97,83,57,80,49,58,86,77,76,46,95,88,63,48,89,26,36,63,47,28,14,23,86,72,42,63,30,3,68,7,70,60,91,93,89,12,76,95,70,85,55,30,84
61,98,20,42,74,68,80,36,65,27,32,31,31,72,43,34,56,89,67,68,87,25,8,60,96,52,12,10,13,91,47,16,14,18,26,0,27,73,91,11,24,4,67,41,71,70,90,12,16,41,57,5,72,3,90,81,85,6,65,47,39,71,27,12,46,13,28,19,21,90,92,80,72,10,83,1,95,9,47,90,17,28,23,86,95,60,53,99,62,62,39,88,12,15,60,73,89,78,61,62
14,41,42,53,32,88,47,73,69,62,10,98,16,16,92,66,32,63,13,48,89,87,48,84,29,57,83,88,40,88,62,67,55,33,93,49,74,57,76,57,12,0,19,7,79,10,70,86,22,6,42,15,95,43,80,85,30,91,92,63,90,69,95,83,12,62,4,75,98,26,98,35,74,97,1,82,22,20,52,14,66,78,35,92,7,37,9,65,17,3,17,82,17,14,68,74,67,19,89,9
28,100,81,80,69,35,16,67,86,10,60,37,21,21,54,1,45,0,44,23,94,39,94,81,93,53,93,100,88,18,68,26,28,12,39,39,75,80,71,89,75,29,51,68,16,54,92,55,20,65,59,93,64,63,67,75,62,95,59,71,100,20,19,4,53,0,9,86,18,14,25,87,28,61,83,67,3,24,56,87,28,40,17,60,70,48,64,17,34,20,98,68,98,89,97,94,18,76,4,62
44,97,8,2,75,5,15,44,42,100,64,96,53,63,8,94,6,1,93,100,27,2,81,76,10,7,97,23,3,17,60,2,64,54,97,9,96,36,47,54,49,12,59,59,84,86,82,78,85,41,54,88,13,26,42,83,97,66,47,13,87,22,21,9,51,57,72,38,37,44,56,35,87,31,90,93,6,17,4,18,6,97,94,85,62,87,62,74,11,97,54,98,7,73,57,10,2,79,85,60
43,37,95,97,70,40,24,34,80,99,41,65,31,43,54,72,84,21,16,40,59,30,81,61,62,9,61,100,0,21,72,60,31,42,73,85,5,11,20,94,77,21,89,98,15,73,51,67,46,3,95,22,30,58,91,22,70,53,19,9,80,94,47,62,35,20,89,61,46,72,54,68,18,65,51,69,44,12,23,0,56,32,71,37,63,24,86,44,47,39,95,2,53,15,46,100,26,88,58,24
14,32,69,39,1,84,96,92,44,43,36,93,33,78,88,78,65,36,2,45,92,27,44,47,91,88,73,100,12,51,91,13,89,7,15,48,88,90,66,23,17,67,54,36,98,86,48,58,81,19,26,30,48,16,7,64,7,59,80,63,60,24,93,28,31,25,87,29,13,6,23,81,55,86,60,50,30,17,53,26,10,49,45,73,31,39,18,69,81,63,10,69,40,46,99,30,6,57,24,78
61,22,0,37,10,55,41,29,49,99,95,40,20,48,9,53,87,58,52,96,13,82,79,37,75,69,1,80,4,20,61,13,71,41,61,20,56,4,91,97,99,79,92,9,73,44,87,86,39,14,100,34,43,4,59,73,96,14,71,89,24,34,53,67,7,18,69,69,100,92,33,96,0,36,55,59,86,8,15,13,78,11,70,21,88,27,97,59,78,89,36,75,78,97,77,42,22,35,2,100
34,63,50,89,53,30,61,32,32,24,75,68,12,58,27,60,89,41,23,85,83,29,31,21,68,87,67,57,17,82,20,95,42,51,21,40,77,55,8,84,90,7,61,26,8,54,17,42,45,10,15,19,99,93,71,12,76,96,20,90,58,36,94,59,80,73,40,15,32,89,77,29,42,88,51,97,77,53,55,67,10,39,29,3,11,79,89,64,86,63,25,83,7,51,36,4,74,74,1,66
15,70,51,94,49,3,58,77,81,36,79,58,27,67,4,83,29,59,89,83,64,8,75,89,25,57,25,14,84,61,47,28,80,30,87,99,51,45,42,29,95,33,57,83,50,20,87,89,15,36,19,24,13,25,18,18,13,62,73,35,10,88,45,11,52,20,45,100,46,22,47,4,82,60,33,30,52,5,40,48,55,5,3,11,99,83,88,47,65,6,42,25,39,0,98,52,59,0,8,54
33,71,0,3,68,24,11,52,64,93,28,21,31,92,63,25,85,17,50,59,40,57,90,74,34,47,24,33,43,31,17,86,1,91,25,62,7,32,11,3,65,77,55,82,83,84,74,20,79,61,77,11,48,82,3,35,50,24,7,89,41,66,21,44,82,70,39,44,28,7,72,64,8,56,9,28,58,81,56,90,53,44,48,81,22,59,63,4,79,63,36,57,96,36,59,48,50,3,58,100
58,25,56,68,84,13,56,89,65,9,46,95,55,53,10,72,89,29,54,99,69,69,6,81,17,51,46,55,74,58,69,99,68,0,98,13,22,49,19,25,52,74,61,38,16,44,89,46,57,7,52,13,93,18,18,89,72,12,39,50,31,45,64,9,9,35,55,54,81,96,19,45,66,39,88,89,5,100,13,40,44,22,11,93,85,44,34,3,62,47,27,76,12,26,57,64,100,57,65,87
34,9,19,19,99,33,47,21,58,87,50,12,72,20,51,39,51,80,19,97,35,78,7,43,28,78,35,14,50,26,36,22,50,64,30,81,99,81,88,62,36,58,52,82,11,100,17,43,13,94,47,6,45,69,47,31,76,87,92,16,96,48,59,74,97,25,94,33,92,75,48,25,57,10,9,57,93,44,11,51,35,51,100,92,83,51,92,94,65,83,28,31,42,99,26,75,74,33,45,27
42,87,87,43,45,31,85,98,72,70,79,70,57,74,27,99,58,1,65,96,76,93,58,22,62,49,18,13,91,54,89,86,64,5,99,64,52,39,86,36,29,53,60,67,52,78,27,11,88,82,86,91,79,21,53,57,41,48,66,53,74,2,21,50,37,85,16,83,27,28,12,7,64,42,67,59,99,47,53,40,1,69,8,91,37,39,15,14,85,76,11,85,14,14,95,3,77,19,19,54
55,84,86,92,26,97,45,6,82,28,27,88,75,46,29,99,21,97,2,79,40,86,60,23,96,22,10,19,48,28,13,64,50,12,93,1,24,71,91,69,85,31,67,74,63,54,35,76,13,55,36,89,61,80,60,51,16,16,82,80,90,53,8,16,97,39,72,15,2,81,56,28,18,59,76,28,27,36,63,53,52,91,19,96,79,71,65,45,96,11,25,22,85,91,47,57,2,79,91,82