77,30,12,33,11,97,55,85,46,85,39,10,32,6,46,28,80,59,61,62,86,90,6,17,9,36,53,77,22,97,67,66,54,92,55,31,49,83,13,24,76,2,39,89,75,29,16,52,74,73,86,31,84,41,77,30,17,84,68,65,67,70,17,49,70,9,92,86,38,98,21,90,47,2,61,32,58,45,80,48,3,77,43,16,32,13,69,56,2,19,51,33,94,14,82,38,100,8,36,61
77,97,35,72,70,27,43,49,95,85,18,22,68,84,89,79,79,24,95,45,20,46,70,22,6,18,53,51,54,8,10,57,12,70,2,97,3,23,39,75,20,7,70,39,9,64,45,98,31,75,70,51,49,62,6,49,44,75,41,72,40,60,37,25,17,95,55,21,21,49,58,29,86,93,29,76,32,72,55,56,77,95,12,87,25,31,2,8,4,68,64,62,96,74,5,89,69,55,82,49
15,47,52,81,60,6,95,74,33,34,62,100,92,15,7,52,99,1,12,41,96,30,74,71,86,41,52,99,15,20,84,91,52,3,96,56,32,96,43,73,100,41,3,25,64,40,23,79,60,41,3,73,98,6,2,92,85,7,53,6,92,19,24,73,85,32,21,64,75,49,25,8,4,56,38,69,41,100,42,71,48,58,0,30,72,46,24,68,63,64,44,81,7,89,23,77,39,22,9,19
53,47,33,23,19,40,14,16,64,32,5,92,100,43,26,12,3,8,65,71,45,78,44,28,30,30,96,69,47,72,53,99,21,45,76,82,99,75,40,96,95,20,13,74,44,99,93,24,63,31,22,61,73,66,51,89,49,10,3,11,45,26,31,83,8,82,1,87,20,37,70,49,75,68,47,50,32,70,80,51,20,85,80,19,96,71,85,70,96,46,40,70,6,26,40,97,62,88,95,77
50,41,37,43,92,76,57,38,13,51,79,55,2,46,39,60,63,85,41,27,28,76,87,20,56,89,83,99,64,36,19,82,33,50,45,45,43,22,66,54,29,22,73,38,80,4,78,28,59,18,63,34,16,43,1,86,72,8,61,70,72,71,0,4,85,33,85,12,48,57,62,21,70,8,19,7,57,44,45,19,99,73,42,58,23,67,11,36,8,59,93,31,30,47,8,49,83,67,78,38
30,60,3,32,51,52,42,95,18,2,43,63,44,53,47,23,72,83,6,21,14,71,67,48,79,84,92,29,85,41,40,90,21,92,23,48,43,29,45,53,19,21,61,15,95,92,60,50,82,73,20,72,42,2,4,19,12,7,9,93,60,96,23,14,21,89,88,25,65,40,27,25,29,62,26,12,81,93,92,3,78,75,32,31,58,47,80,71,89,76,66,38,66,24,37,7,28,20,1,10
45,80,26,54,38,15,70,91,11,28,8,83,12,71,2,15,76,35,22,10,1,80,87,51,0,82,3,56,62,59,57,87,11,34,41,33,83,99,94,53,28,28,63,73,92,39,19,33,22,49,4,34,7,77,20,8,28,13,79,7,66,12,20,43,72,5,21,45,85,81,22,38,52,50,44,61,64,66,25,34,76,48,73,17,1,96,37,50,70,5,82,24,76,67,75,29,84,59,67,68
69,15,85,91,73,38,17,71,19,95,44,63,76,60,65,36,0,91,22,54,75,74,89,19,30,7,92,92,9,54,85,48,39,23,55,59,44,77,21,31,16,40,26,90,93,73,81,72,66,12,97,33,88,24,53,75,94,11,29,49,30,31,55,0,38,14,39,32,65,16,79,69,82,32,83,89,40,3,6,49,44,24,12,61,98,12,72,93,54,67,10,33,18,23,82,81,56,31,13,81
9,71,12,23,96,82,28,62,15,85,44,10,67,99,85,38,80,75,45,35,47,29,64,23,29,22,88,37,34,57,75,17,87,57,100,70,67,91,26,17,76,20,69,95,25,17,17,26,30,85,72,27,54,56,89,27,54,76,40,96,21,44,54,78,8,3,49,22,85,53,32,80,67,0,12,10,75,33,28,37,33,9,61,100,34,66,17,83,21,69,59,46,33,68,19,84,54,27,89,72
3,0,96,90,68,79,62,75,79,12,79,49,12,96,83,70,49,64,81,56,77,74,56,14,85,73,42,91,19,26,31,82,24,70,4,71,72,85,68,73,51,30,34,67,94,41,82,94,8,69,90,45,74,8,18,48,24,11,98,54,63,34,99,43,52,79,19,46,54,72,27,15,2,74,27,94,74,18,47,58,66,80,28,98,20,8,68,11,26,20,35,73,71,24,78,9,17,74,96,70
80,26,59,39,55,24,47,83,28,14,25,4,54,89,4,15,76,39,60,6,33,56,39,83,84,72,25,95,75,31,82,90,40,83,88,42,42,15,10,54,75,10,90,1,78,80,80,34,81,66,99,53,94,96,56,89,80,69,32,93,23,51,78,59,6,7,74,89,84,41,39,29,10,65,56,86,96,37,98,81,54,1,86,17,57,69,14,14,82,91,82,93,56,8,14,31,44,64,6,77
1,11,11,42,74,19,72,97,73,56,54,44,26,98,80,34,17,6,49,94,20,91,100,89,66,50,41,96,49,36,77,88,41,64,11,86,87,32,3,47,65,64,87,38,83,83,46,39,5,50,2,80,20,46,1,71,1,93,62,19,66,64,80,29,20,37,86,11,83,66,9,4,98,42,59,7,69,26,8,48,2,87,10,1,58,14,3,84,55,23,30,1,41,70,37,18,9,90,48,45
82,43,81,27,50,72,69,74,57,33,16,18,50,14,43,99,16,84,21,70,98,71,39,89,87,89,12,44,91,40,74,88,47,0,15,90,19,53,66,48,98,28,65,59,42,18,73,100,51,43,86,86,18,100,5,63,55,8,15,10,71,31,25,73,26,60,73,81,6,54,61,33,81,6,30,37,83,28,63,23,19,68,81,45,84,83,1,64,55,55,32,27,40,87,28,38,80,15,31,56
81,34,76,25,27,91,48,79,39,76,23,79,93,55,21,15,82,95,46,45,92,8,12,45,78,42,15,97,1,63,98,23,54,58,94,75,29,43,2,56,21,5,98,95,45,48,29,78,83,92,97,58,83,44,67,9,59,81,71,69,33,70,13,62,58,17,98,19,96,84,52,98,64,43,58,6,87,80,91,43,38,9,30,42,19,23,55,70,25,16,3,47,90,16,20,7,5,23,80,74
24,38,24,30,91,67,30,72,34,84,52,76,41,57,8,73,82,53,39,93,21,57,64,4,74,36,41,88,26,5,62,59,76,41,86,15,84,34,87,33,43,22,84,36,62,33,60,16,7,98,84,67,34,65,39,24,0,51,90,93,83,14,6,94,92,87,90,95,33,7,80,34,2,95,50,82,63,31,15,1,35,30,26,61,49,6,15,35,71,5,2,21,42,69,77,3,63,31,56,77
77,28,96,100,38,17,9,98,4,7,85,7,82,67,44,76,40,27,33,21,71,20,31,23,8,81,89,46,89,83,59,93,82,41,24,0,55,6,45,31,48,81,97,49,87,24,59,14,66,89,67,58,76,39,97,84,51,35,69,63,16,31,36,100,50,88,15,73,36,40,100,60,35,100,70,72,79,89,13,61,62,60,31,60,1,1,50,17,53,4,49,72,77,11,87,69,94,73,15,15
71,21,40,50,84,69,76,14,77,63,22,91,39,80,27,35,77,20,75,100,88,42,0,94,28,48,52,87,69,46,99,18,23,85,41,53,57,20,55,63,68,61,71,8,76,32,41,17,92,27,26,57,9,21,61,62,26,66,34,9,12,98,28,65,60,80,28,11,9,27,27,64,98,6,55,17,41,78,47,33,70,71,42,8,93,32,90,14,5,56,82,97,8,44,3,77,28,75,6,62
8,40,3,62,64,50,7,34,5,58,34,60,43,47,11,31,31,15,58,70,67,81,46,70,72,36,36,5,69,4,9,59,30,45,85,59,30,52,81,34,30,43,27,17,47,9,52,94,31,19,54,96,12,94,90,21,42,10,12,65,51,42,29,90,66,22,96,11,32,95,36,99,98,4,88,36,0,71,41,74,45,77,5,100,23,94,97,62,80,90,81,72,87,92,10,70,65,29,24,7
26,25,93,72,96,54,39,38,12,47,94,0,90,92,88,37,2,69,91,4,65,71,40,29,98,51,18,93,69,86,96,74,1,7,32,13,50,54,32,62,49,27,39,53,93,61,60,90,24,89,8,80,96,41,47,32,69,70,83,17,17,3,55,34,7,39,29,12,28,68,22,88,15,81,67,9,3,12,87,51,58,91,92,68,19,69,58,10,37,59,3,95,88,51,35,4,59,5,55,84
35,98,79,76,90,9,77,96,12,86,64,50,2,29,47,59,7,5,24,29,31,94,11,96,100,99,0,86,29,35,35,58,32,35,95,10,19,92,93,15,61,37,22,31,22,11,12,25,81,100,0,27,23,9,35,16,73,6,70,23,16,77,74,99,71,33,54,92,58,55,25,88,4,61,76,14,29,95,86,20,84,55,9,71,73,70,11,4,21,19,82,94,4,61,53,5,8,96,27,81
96,65,98,57,28,28,81,87,81,61,82,35,91,64,74,15,31,65,78,28,19,37,59,67,16,30,89,92,87,51,12,54,70,31,69,31,32,68,54,84,17,84,76,57,53,88,44,23,4,45,27,90,64,40,90,33,12,4,51,41,22,67,14,18,64,7,47,56,97,66,3,73,15,23,75,80,35,100,42,0,10,27,77,65,69,88,23,76,56,89,76,57,87,30,11,55,43,76,49,18
57,17,27,95,31,85,93,14,8,83,65,16,43,34,64,88,42,75,66,93,80,77,58,27,92,25,3,14,24,8,44,62,20,40,65,91,15,95,37,37,5,75,78,29,3,91,14,58,79,96,6,79,86,8,22,94,65,82,29,51,95,38,76,57,9,62,35,22,32,38,55,43,91,37,16,94,77,91,36,72,72,21,77,19,56,89,14,24,68,96,38,24,66,18,74,55,72,90,60,75
46,50,76,94,1,19,78,5,7,21,65,22,65,61,30,84,7,77,31,20,12,40,84,0,71,42,51,87,43,1,84,94,87,46,31,100,25,62,97,24,49,68,62,91,39,41,12,99,41,89,83,93,94,38,36,81,71,8,37,5,95,28,28,58,42,12,80,5,38,35,3,98,71,60,95,66,48,90,23,99,58,67,79,18,61,89,5,13,57,24,85,27,97,22,56,4,87,21,98,98
12,82,92,81,62,81,18,22,22,69,58,70,26,47,6,20,91,24,28,96,39,51,83,49,40,24,100,68,60,93,63,80,0,81,4,69,32,8,41,96,11,43,3,17,63,13,50,74,85,30,69,54,52,47,49,55,1,44,20,85,86,92,18,41,80,51,92,65,58,88,10,37,7,77,48,21,26,34,51,93,60,58,37,13,57,55,31,67,87,90,4,59,39,70,33,97,65,36,15,59
84,32,23,98,95,43,19,42,42,59,31,1,68,22,82,60,90,49,91,11,98,85,65,40,12,5,99,96,66,67,32,60,85,97,73,60,9,53,1,76,77,6,84,14,83,57,49,55,8,51,17,89,22,14,99,6,83,75,100,56,30,52,63,10,62,34,47,61,68,86,41,35,93,55,30,98,78,38,31,14,30,88,43,56,17,45,66,30,68,58,15,65,22,88,18,42,54,39,93,94
95,14,7,52,18,60,75,50,79,31,77,56,11,100,90,44,54,35,40,6,40,3,1,75,87,89,78,74,80,61,7,17,74,30,8,42,60,53,94,32,14,2,97,59,80,87,93,45,32,90,25,35,9,30,1,48,63,82,24,91,91,82,81,34,92,0,35,23,86,0,35,71,6,20,25,20,65,39,72,66,76,71,26,48,23,79,9,29,12,91,79,4,65,49,16,18,42,57,36,29
21,12,30,0,98,98,81,100,29,68,76,48,16,27,74,79,84,41,10,38,6,87,73,37,96,82,28,52,87,9,54,12,47,48,78,72,13,80,64,62,64,9,0,70,21,92,62,50,78,86,79,2,27,88,30,23,52,95,27,29,48,79,54,3,2,7,8,37,94,10,90,36,67,52,34,63,64,32,17,54,17,90,24,44,8,32,45,69,22,15,72,53,81,77,16,26,42,26,15,35
6,61,49,14,75,13,47,25,96,62,100,81,96,56,9,55,15,82,91,26,96,84,18,0,93,76,94,24,5,80,8,55,16,47,17,64,94,64,62,81,54,49,68,56,77,26,38,23,63,47,95,40,61,20,62,13,28,9,54,63,30,39,78,66,71,43,62,10,71,6,12,98,31,94,79,13,85,52,35,54,2,37,2,59,37,14,42,59,82,84,78,69,35,29,36,85,86,14,44,10
53,36,56,86,29,22,87,11,91,62,98,57,19,61,95,61,8,25,60,9,27,14,38,63,52,63,13,95,33,91,64,12,40,37,97,15,69,12,88,100,64,90,88,21,79,1,32,100,35,44,12,70,30,97,42,47,4,31,98,71,51,76,84,55,23,17,48,31,7,50,68,86,96,60,40,37,64,35,85,14,58,97,0,39,10,37,83,45,80,45,67,95,8,50,3,33,44,24,39,6
63,81,34,72,65,53,12,14,63,88,82,2,28,17,48,79,2,90,79,28,37,69,68,85,56,43,4,13,3,10,3,75,84,26,13,89,76,65,11,27,4,18,39,35,35,78,90,71,3,35,5,83,55,92,64,68,63,13,53,79,35,36,27,38,31,85,11,3,27,13,40,34,63,26,91,96,80,56,9,90,20,67,33,97,29,87,17,88,91,77,94,72,91,44,40,60,52,84,72,6
15,13,61,51,40,3,60,23,56,86,4,22,79,76,94,40,1,62,67,41,50,51,18,11,11,46,6,19,68,63,75,54,33,31,45,74,53,58,21,64,85,74,56,86,31,57,17,55,99,1,97,71,35,80,13,56,70,4,37,50,49,32,11,13,91,52,58,97,89,6,61,9,68,42,18,74,85,99,77,58,32,52,23,77,71,69,8,19,27,78,74,21,100,58,18,8,91,46,46,73
52,23,8,34,38,61,81,66,33,62,32,91,49,64,47,4,100,27,100,86,76,47,8,22,5,23,92,67,49,41,85,67,64,46,29,90,84,19,91,90,49,45,27,88,38,28,31,81,41,33,97,66,0,54,34,37,19,39,54,33,75,85,81,60,54,6,26,25,18,2,96,79,93,53,77,31,65,86,63,37,90,38,72,6,49,32,35,53,66,46,79,20,62,2,57,80,30,57,21,18
86,92,92,31,44,34,49,85,62,87,92,51,97,59,69,14,29,7,84,90,43,63,94,3,100,52,62,62,47,10,19,87,18,84,41,30,67,6,93,62,70,2,37,96,43,9,9,70,80,57,54,49,9,20,45,77,23,28,5,27,91,97,25,42,54,13,1,5,2,68,100,19,65,22,25,43,88,96,28,45,75,98,98,95,74,93,100,58,59,64,62,49,41,8,17,17,32,38,75,59
78,84,91,93,42,21,92,83,22,86,55,55,34,25,80,18,42,40,72,46,93,48,34,1,23,39,18,29,42,83,61,97,76,20,46,87,16,100,9,44,85,6,42,38,12,48,11,8,39,78,94,53,26,40,80,75,75,90,80,44,52,40,94,47,72,93,52,54,17,4,46,16,76,85,17,56,24,17,31,43,31,26,55,1,55,98,90,11,61,27,43,90,5,4,57,77,20,77,3,21
41,77,94,19,84,24,12,36,23,66,85,32,42,91,42,84,59,44,68,20,66,96,27,92,56,82,67,69,15,16,5,26,78,99,94,92,91,64,57,87,68,40,61,46,75,96,12,59,29,34,54,51,86,3,32,19,51,82,100,22,10,22,62,40,46,16,96,2,100,61,10,19,19,32,38,62,17,17,36,13,87,69,60,31,28,100,50,88,2,99,31,16,6,86,10,28,74,11,29,93
43,23,4,85,25,16,74,4,31,4,38,37,58,84,36,67,57,5,88,39,3,87,37,86,39,81,39,77,19,43,26,55,54,8,63,47,62,44,89,88,43,61,40,12,42,89,19,45,6,5,99,49,31,58,38,12,29,41,82,79,41,19,74,47,26,28,32,2,39,53,62,75,75,22,76,7,9,55,35,14,44,69,52,88,73,96,44,63,49,33,61,65,21,45,74,90,63,17,41,18
78,69,8,48,2,31,17,27,36,69,28,63,50,94,57,2,21,100,55,43,58,87,70,22,49,30,86,70,80,91,66,59,24,98,47,2,85,91,29,82,31,36,58,1,97,7,14,87,35,30,73,6,10,2,59,18,75,20,64,35,64,54,9,61,19,50,31,89,0,11,24,96,78,18,15,60,45,49,46,83,16,29,78,82,22,56,100,24,20,59,43,97,98,27,78,40,71,51,38,13
92,30,29,8,100,76,41,54,66,11,57,12,48,69,6,99,69,69,88,39,39,3,31,70,40,3,40,33,94,57,20,54,6,4,75,20,22,28,86,96,1,37,97,24,34,66,4,72,100,99,67,85,61,64,94,97,100,5,87,19,45,81,33,66,81,48,88,64,15,57,77,73,67,34,93,46,15,96,93,64,31,50,58,52,15,8,82,57,85,46,26,80,20,0,92,13,71,36,90,64
81,81,34,84,63,9,5,92,53,62,77,11,26,12,91,53,82,62,29,69,59,22,32,9,76,5,19,55,6,50,75,86,48,99,50,41,80,38,10,56,39,5,97,90,16,98,30,85,77,0,75,30,17,72,60,87,71,40,76,52,31,87,64,60,50,80,46,62,3,9,34,95,98,48,73,75,27,46,62,92,99,52,83,91,85,50,22,22,49,62,30,38,56,56,66,52,17,44,0,2
77,38,46,83,67,36,1,99,50,18,98,2,53,31,79,60,69,45,89,31,91,99,96,70,34,35,10,44,55,18,10,2,99,73,40,11,43,11,40,16,54,12,72,11,3,85,7,41,67,5,97,9,48,63,48,63,10,35,90,98,39,100,93,36,38,9,67,50,40,4,32,47,71,12,94,21,19,36,11,2,4,62,68,5,62,92,38,1,59,61,58,6,30,28,86,75,32,41,78,65
72,74,32,39,27,6,38,19,86,17,53,24,24,95,94,68,33,89,59,20,25,5,87,51,32,48,4,62,18,85,23,3,12,2,8,52,64,51,76,76,70,29,39,45,97,30,84,19,78,0,40,7,42,55,2,82,44,45,64,90,95,42,2,46,26,29,62,18,35,99,20,93,17,5,8,98,25,94,87,23,54,40,23,76,67,30,47,77,7,37,88,56,40,2,54,81,92,0,10,93
45,52,44,83,35,37,28,89,73,68,91,61,53,24,47,97,2,9,3,81,76,12,23,21,19,44,48,8,24,33,7,87,96,56,32,93,94,38,50,74,58,36,63,68,60,61,77,3,75,61,0,56,43,6,96,74,35,77,22,36,47,19,54,3,96,84,26,67,43,96,49,43,19,70,94,82,13,99,10,12,57,68,23,26,35,51,4,74,91,24,68,6,58,45,73,78,52,21,23,1
69,64,20,34,97,63,88,89,100,53,23,62,0,25,80,33,53,24,12,99,42,88,16,31,88,73,38,100,21,98,25,36,51,3,54,75,34,37,12,23,33,81,89,3,81,35,2,1,59,75,73,11,65,17,9,28,70,51,82,64,61,36,22,42,70,36,15,2,8,30,56,85,95,4,38,27,30,12,49,63,73,73,37,21,10,17,59,25,43,73,89,100,77,95,70,27,0,16,43,67
10,56,37,18,46,87,10,96,74,19,63,71,10,88,73,90,36,13,65,15,41,12,74,86,100,89,13,19,14,83,51,39,92,23,40,92,3,57,11,78,16,78,43,52,10,55,21,63,7,40,53,7,19,50,47,38,16,48,66,77,30,94,75,49,70,10,78,96,90,31,20,16,1,69,33,22,62,92,74,69,68,68,97,53,55,16,58,9,17,59,71,54,3,48,35,64,6,63,21,14
92,14,24,39,55,45,14,54,99,13,58,87,61,60,6,8,72,21,35,10,72,51,56,93,98,74,27,1,64,35,35,68,2,35,58,52,17,34,95,36,1,93,67,74,14,78,5,53,28,0,15,59,10,67,55,84,89,82,26,80,96,89,5,18,81,16,87,58,58,35,96,99,80,60,16,5,87,33,19,47,21,82,66,100,67,58,47,44,87,88,79,52,68,43,89,10,20,38,28,69
6,32,24,43,88,42,61,100,76,58,15,75,48,50,42,72,62,55,10,58,10,44,59,67,34,45,7,28,22,12,71,45,48,23,42,75,25,61,99,39,28,42,56,0,26,58,27,94,81,9,74,53,73,84,25,4,95,42,77,67,20,64,8,77,95,72,60,47,55,47,59,12,98,65,7,85,87,15,75,61,33,59,5,54,52,91,77,44,96,46,39,96,88,65,14,10,27,97,78,43
70,10,70,70,95,13,90,33,86,81,46,42,48,91,31,86,76,69,78,43,63,98,33,3,71,54,14,15,70,37,68,33,9,34,32,25,73,39,88,24,41,31,83,84,91,83,55,67,92,89,73,39,72,32,52,44,93,72,68,59,86,95,15,39,16,87,19,47,19,8,66,74,43,67,78,44,11,32,46,37,64,99,44,5,62,31,1,9,90,61,56,16,94,29,76,78,94,29,82,16
79,81,74,49,74,35,80,68,83,49,57,39,13,65,64,25,10,41,92,49,16,3,6,60,2,83,89,86,5,31,69,40,37,75,78,41,38,31,63,88,77,50,74,28,75,99,94,13,72,100,86,47,59,7,38,40,14,90,58,17,70,88,54,65,75,57,17,46,96,99,44,12,68,80,84,42,46,73,10,35,42,97,100,57,58,80,4,78,1,19,85,98,65,35,25,70,1,84,55,68
13,82,41,89,100,54,71,69,95,98,91,46,84,46,52,43,42,98,3,81,21,23,47,25,77,7,45,43,6,49,70,31,12,0,99,79,49,36,53,5,38,75,29,39,9,93,40,82,7,74,39,77,37,100,95,92,48,91,56,55,23,1,18,26,15,99,75,88,97,60,31,18,64,1,79,78,24,68,75,68,48,7,53,6,5,11,31,96,37,82,14,40,97,48,18,32,90,5,4,60
51,73,47,89,74,77,36,54,23,19,93,91,89,21,14,18,89,22,27,79,84,23,65,5,79,86,57,57,79,98,80,49,93,98,17,59,7,11,68,17,62,8,69,19,46,19,85,17,25,30,83,66,64,41,85,81,88,96,50,13,97,22,23,70,76,43,83,3,36,97,23,61,81,5,83,57,34,64,93,52,52,100,39,72,38,46,65,92,91,88,31,28,16,4,14,71,83,36,53,80
24,83,10,55,30,77,82,73,4,26,3,46,23,1,46,64,64,26,66,97,37,66,25,56,64,36,54,52,15,23,35,91,45,11,46,65,66,79,66,51,18,10,14,2,22,95,56,14,77,7,93,79,11,66,12,5,46,74,56,4,38,11,68,24,62,16,93,8,53,82,2,48,53,55,33,10,29,37,62,42,39,68,47,87,52,61,48,72,42,35,41,43,25,73,70,27,2,8,28,59
38,35,93,92,55,79,31,52,23,52,10,74,7,14,65,64,74,60,96,47,38,3,100,57,36,58,8,86,98,56,78,81,77,94,36,27,17,37,31,49,36,23,69,74,73,28,83,1,11,17,91,27,99,93,35,71,17,12,8,35,74,99,81,52,89,27,29,8,46,85,2,27,88,79,39,60,99,60,47,42,95,71,40,33,18,71,51,87,37,79,21,14,14,87,81,89,91,87,16,21
43,71,66,91,79,99,32,11,40,96,71,67,85,97,47,39,98,45,58,58,52,63,32,70,13,70,91,19,17,21,74,29,76,50,81,50,30,84,59,93,3,25,23,97,60,91,26,15,39,36,6,40,22,100,41,33,18,59,98,4,39,62,20,88,18,32,70,70,56,18,70,67,76,99,19,64,20,88,17,32,1,46,37,49,18,49,42,58,62,13,52,22,21,11,67,7,67,63,90,93
47,51,63,30,84,13,74,56,52,5,68,75,11,29,77,5,85,74,58,73,73,90,41,3,4,85,21,87,71,24,46,97,83,59,78,42,49,3,56,9,14,25,71,58,79,98,100,1,62,15,54,47,29,8,77,58,40,75,98,56,8,4,46,87,58,21,48,5,4,8,32,5,58,69,82,10,87,25,16,26,51,11,59,64,99,21,94,41,12,95,28,40,52,46,53,64,22,47,37,33
35,56,34,53,54,92,97,25,8,19,70,11,27,76,85,21,91,48,17,58,3,25,4,67,14,21,37,45,91,92,36,47,29,25,41,83,94,74,87,98,75,61,41,51,74,85,35,80,54,8,68,8,88,76,79,86,19,6,74,61,47,80,30,54,78,2,43,85,28,42,5,19,15,54,51,52,89,74,40,46,41,87,78,60,9,50,82,94,42,72,31,57,0,14,63,61,62,13,0,30
10,79,13,90,31,29,12,32,48,74,38,81,38,26,40,59,38,48,20,31,50,70,49,26,53,72,34,16,21,63,11,17,12,16,3,85,48,56,7,3,31,73,79,86,85,84,10,79,20,43,25,20,37,30,48,83,60,28,39,12,59,11,12,52,25,0,42,94,26,36,0,100,93,13,15,44,41,79,13,65,50,14,14,22,62,78,42,22,83,43,82,13,66,49,28,66,84,26,58,27
85,42,8,55,50,32,50,87,34,24,54,62,83,81,17,35,43,30,84,7,58,43,81,49,35,52,28,75,53,22,44,80,28,12,44,30,18,9,96,50,87,9,14,70,89,78,10,41,1,29,74,13,100,37,34,47,4,8,33,59,17,65,5,96,45,38,40,73,14,88,11,69,22,30,67,27,31,78,83,59,62,7,8,6,25,2,63,49,66,34,63,7,99,91,84,26,31,55,90,38
37,55,1,4,50,51,85,5,20,80,61,71,56,7,89,47,73,31,71,33,93,100,56,61,33,97,47,64,4,4,76,47,51,51,5,81,55,73,65,17,76,63,89,87,81,18,81,38,66,71,83,39,89,15,43,60,58,73,42,29,85,6,48,28,96,46,27,48,81,42,100,45,55,89,43,33,1,55,17,88,2,47,76,48,96,72,8,11,90,55,18,71,10,84,31,34,59,15,44,10
33,69,22,28,56,76,8,99,35,71,41,9,28,28,23,47,81,33,14,50,1,84,72,16,88,8,47,56,59,35,69,57,91,47,84,7,31,5,11,78,95,39,19,52,76,40,20,53,82,66,1,33,25,32,98,4,85,89,76,54,59,27,71,71,24,19,12,74,31,54,80,55,7,2,86,47,46,2,19,59,84,66,91,65,5,97,36,100,67,33,88,0,81,22,26,76,70,60,30,16
43,51,42,89,0,97,74,84,41,29,94,8,51,85,4,42,17,27,46,29,79,97,81,99,23,24,12,29,94,84,71,88,43,73,6,94,83,10,98,56,74,31,48,74,44,3,59,7,77,44,42,52,37,72,4,83,12,19,38,88,81,76,0,49,16,35,17,82,64,84,66,67,18,95,71,92,35,53,97,7,36,75,18,90,9,46,59,38,84,28,46,41,84,13,92,80,5,47,79,96
86,1,34,95,96,23,65,70,60,72,64,33,23,28,12,31,30,20,57,19,10,5,12,99,45,32,42,51,29,63,53,52,22,60,78,42,84,12,91,28,1,59,42,40,90,76,19,99,29,29,59,8,41,27,74,92,77,73,9,52,35,15,18,69,20,62,56,41,53,86,27,46,98,30,96,73,59,6,61,53,23,33,12,80,34,16,92,57,43,32,10,86,91,14,49,31,53,85,33,0
26,79,86,35,46,58,18,84,11,82,3,10,5,68,25,92,78,41,98,2,16,11,67,47,85,31,41,76,59,30,88,45,67,43,1,30,56,63,73,42,9,54,85,71,37,95,48,2,58,95,73,25,65,97,82,54,41,86,25,24,31,38,80,60,11,61,47,85,43,43,80,22,6,0,24,6,85,16,99,62,82,30,11,2,37,0,75,0,81,84,12,66,78,22,57,21,82,25,91,12
19,23,95,77,38,77,80,51,60,88,70,74,71,61,81,85,18,15,11,96,0,1,81,15,6,43,24,96,4,87,78,2,43,5,46,52,50,64,67,9,6,81,89,19,32,89,38,48,33,74,100,89,49,97,50,56,58,59,16,6,34,83,87,2,89,3,78,19,96,76,70,79,77,27,67,98,65,7,35,90,78,43,96,5,73,75,48,82,95,20,81,80,78,78,1,69,43,79,44,42
96,26,2,39,94,21,41,24,76,32,3,64,12,81,5,19,2,55,72,8,10,39,34,38,99,77,92,22,14,6,73,91,94,4,99,8,22,46,35,9,55,35,44,48,76,100,67,0,16,97,78,94,86,65,59,33,58,49,0,84,88,84,67,34,80,45,48,48,80,26,89,14,26,13,3,16,99,0,89,92,69,1,82,67,1,8,16,40,22,75,28,55,0,9,87,89,60,73,98,20
75,89,89,45,1,27,59,68,51,58,53,82,61,27,28,99,60,46,73,22,50,61,93,47,87,45,47,76,88,83,28,12,79,92,93,5,39,19,82,18,88,2,73,26,77,94,49,55,26,45,72,62,97,42,95,62,44,42,23,61,2,42,84,34,20,83,98,9,69,70,26,5,26,2,99,38,48,47,29,70,47,91,97,38,88,65,21,80,19,71,87,82,27,37,86,53,19,97,20,9
84,79,74,18,14,41,61,74,76,69,62,82,68,86,46,14,37,55,67,49,81,88,2,71,41,2,20,39,44,88,59,23,75,11,76,15,13,28,3,42,24,9,20,7,6,68,45,41,85,16,75,1,4,75,66,68,27,5,90,37,60,54,17,94,46,24,41,26,83,33,44,93,69,56,53,5,96,7,81,89,14,85,73,90,45,86,39,80,34,72,81,66,33,80,30,63,42,39,75,86
73,75,41,37,32,5,60,15,72,24,3,34,95,45,82,62,74,3,99,37,5,0,7,80,21,0,16,27,42,54,95,37,36,94,95,75,47,96,21,97,85,55,90,60,6,67,33,77,37,57,71,64,93,42,18,48,62,80,1,32,14,75,8,80,82,52,22,56,19,4,67,59,85,37,34,35,83,44,4,60,45,99,69,26,83,42,87,45,38,1,97,7,80,79,38,39,17,25,27,26
29,59,19,37,5,30,52,44,83,84,1,40,18,21,39,31,63,33,33,48,10,93,41,80,100,8,31,93,16,33,68,57,90,30,19,90,20,17,79,44,49,86,64,63,6,18,37,76,69,33,12,71,57,36,35,19,8,15,38,1,15,77,68,81,42,64,71,50,46,30,74,27,1,66,9,97,77,57,76,58,69,41,89,33,6,11,22,22,96,70,86,13,86,35,88,89,2,34,28,49
76,51,25,48,17,83,32,71,52,34,14,47,49,22,59,23,58,81,84,76,54,5,50,10,27,54,52,18,38,44,93,29,28,86,73,12,8,55,22,44,73,21,82,54,11,65,7,71,26,66,66,3,5,50,68,79,11,54,9,27,36,59,20,27,68,64,17,77,21,79,78,35,4,50,89,54,17,59,51,72,83,56,36,87,6,73,58,95,26,7,99,35,77,48,16,4,62,92,67,28
73,98,78,98,88,64,52,58,16,95,1,87,9,39,67,90,89,48,57,71,34,98,39,66,62,63,70,41,39,7,40,33,74,58,98,28,7,16,52,99,40,91,40,32,31,89,60,0,84,71,36,27,75,58,86,64,65,20,43,9,63,26,72,42,33,8,53,62,88,81,91,12,11,1,80,48,35,45,5,60,92,91,48,70,17,30,20,77,10,93,0,93,78,23,100,90,36,84,23,15
89,99,17,35,42,26,100,37,47,14,55,35,18,7,25,35,29,87,95,94,5,4,30,62,46,37,24,81,32,55,5,31,75,19,40,34,4,29,98,49,51,48,59,3,0,14,48,32,94,42,94,73,60,91,43,20,27,2,19,51,70,89,6,66,100,94,85,33,69,11,55,70,11,70,98,98,92,30,51,17,31,94,14,39,41,15,1,51,14,58,73,87,10,70,42,43,16,20,27,36
48,22,99,37,8,61,99,75,39,66,78,75,71,54,74,3,10,95,9,23,99,63,90,20,28,82,88,3,91,14,64,18,17,36,18,61,99,81,85,97,73,98,80,16,48,40,23,22,66,68,97,4,95,37,26,70,14,63,33,71,14,91,10,63,4,51,3,37,91,20,70,12,34,26,37,18,4,6,97,18,21,59,93,52,90,33,9,84,99,11,14,68,88,90,22,21,68,12,93,19
32,28,36,46,54,3,36,13,66,44,27,8,54,1,63,58,17,8,42,53,30,1,33,2,41,12,66,40,76,24,47,8,90,94,38,68,28,51,14,74,17,72,67,53,61,51,2,65,14,14,27,52,36,96,52,97,96,63,43,53,22,65,24,20,48,30,29,13,89,62,12,89,98,57,78,70,1,42,71,5,10,93,93,75,71,21,12,99,54,87,5,27,13,56,40,41,13,98,100,100
1,53,92,79,96,60,84,21,78,37,37,42,48,5,12,78,68,67,90,5,8,77,1,33,78,11,53,10,31,14,17,49,55,19,35,62,7,99,61,22,75,71,71,46,75,20,48,32,38,96,32,50,41,82,45,5,34,21,23,98,86,40,22,6,34,67,48,91,28,83,51,44,23,64,92,69,4,11,11,38,34,22,37,57,95,89,70,8,66,40,44,39,19,24,97,44,41,67,26,70
37,37,62,37,4,41,73,41,47,98,42,48,42,78,42,68,46,100,76,89,16,75,3,80,23,21,24,65,20,76,86,55,91,29,30,15,71,13,66,94,24,41,6,76,28,20,83,14,57,57,77,3,14,61,64,100,71,7,62,4,28,12,36,36,4,71,38,29,86,98,31,99,78,90,37,40,27,34,56,69,13,69,77,77,13,21,61,37,71,40,2,57,43,42,71,75,86,40,87,52
28,85,70,39,65,94,47,28,29,5,3,39,29,37,12,79,1,13,100,50,32,66,20,71,10,80,86,32,18,8,77,85,67,2,38,14,23,56,31,38,68,22,50,93,49,38,45,80,45,32,56,64,45,87,94,12,93,37,5,10,52,18,57,8,59,47,92,41,49,64,14,92,14,31,22,50,4,7,59,68,60,79,5,56,97,6,10,33,19,24,10,45,13,10,49,17,86,8,10,81
100,59,89,64,52,17,2,75,14,92,44,0,12,32,77,10,63,36,57,73,4,64,22,39,61,50,94,82,96,11,89,97,54,3,21,19,66,9,98,47,39,99,86,81,80,31,96,96,2,97,85,62,58,90,30,85,56,25,92,38,83,34,19,95,18,80,73,31,48,18,65,7,62,73,99,26,70,33,49,83,82,45,65,2,51,94,9,81,57,12,19,19,67,16,20,46,29,21,82,65
85,91,14,20,19,19,70,23,60,26,38,49,11,67,17,98,35,29,6,86,18,11,78,100,28,53,31,80,30,27,86,35,77,57,33,58,91,86,51,97,65,76,47,58,73,93,89,85,26,99,4,22,57,27,23,88,2,8,4,27,81,50,24,40,60,73,34,89,54,58,26,64,72,84,44,61,80,43,63,57,53,83,37,97,86,1,12,24,36,74,4,61,48,68,82,31,2,90,64,4
3,31,93,33,35,96,34,64,57,53,4,50,24,13,67,42,22,98,18,67,48,82,38,79,90,45,39,16,46,17,61,92,57,51,98,85,69,36,39,36,3,10,67,15,68,8,86,22,97,87,55,22,52,70,76,26,50,28,65,50,36,81,87,2,24,30,35,82,83,85,70,92,76,16,7,99,70,89,11,72,79,34,49,10,59,100,77,81,73,98,86,70,7,12,80,85,45,34,48,50
59,56,90,24,18,85,73,80,15,56,58,29,27,72,66,53,10,37,9,65,34,3,6,52,70,31,36,44,95,52,16,51,33,23,37,15,44,22,94,96,86,14,59,59,76,67,91,95,39,91,51,70,71,15,80,92,11,95,67,5,75,52,28,1,55,56,88,62,22,94,6,1,90,66,89,82,80,92,39,22,4,72,0,96,8,70,0,94,82,55,41,40,5,47,96,82,11,54,30,46
5,39,41,2,20,1,32,79,1,92,77,58,64,46,76,43,57,14,38,77,43,66,0,50,66,91,31,90,86,64,85,10,6,38,96,24,0,35,46,41,81,68,9,72,74,50,48,86,49,83,39,98,30,57,29,4,37,1,80,40,54,79,57,20,3,42,99,32,47,29,69,16,65,17,13,44,14,75,22,31,15,55,87,21,36,48,36,52,71,46,97,82,98,14,96,58,59,50,8,96
68,68,65,31,60,64,56,49,60,41,96,56,99,27,78,3,67,58,38,70,36,16,67,2,1,100,65,96,46,28,19,66,76,53,17,69,3,43,10,47,56,24,16,83,3,93,26,19,32,78,31,28,83,12,60,85,26,71,100,25,23,68,61,27,62,73,74,74,30,2,54,81,77,30,31,40,24,26,82,49,4,50,5,79,76,52,99,89,45,31,72,46,89,34,82,73,0,63,62,49
24,82,52,42,16,11,24,99,84,94,83,56,62,46,82,58,82,68,36,2,65,29,4,41,97,13,93,59,50,70,47,73,77,96,92,24,50,79,18,98,7,95,88,53,72,51,70,29,52,48,48,82,60,93,36,14,51,73,37,9,35,25,43,95,53,38,33,33,17,2,67,46,65,8,73,58,52,70,29,86,53,59,27,49,91,8,92,44,95,73,6,28,75,51,72,4,80,97,83,36
94,90,18,4,65,37,68,1,51,96,47,80,26,16,72,2,45,0,26,30,68,51,27,1,69,35,55,26,25,8,3,35,54,81,64,59,67,88,100,97,54,29,44,91,65,84,64,56,85,49,11,77,40,32,0,6,93,18,19,70,75,34,66,87,54,95,87,56,50,75,78,17,1,14,91,1,39,25,35,18,90,51,47,43,74,19,38,25,71,64,58,68,0,8,100,64,7,7,91,3
27,29,27,32,95,2,1,41,49,62,55,27,24,84,82,91,45,95,62,31,79,41,8,54,31,96,32,77,18,10,34,91,30,41,17,33,86,24,66,51,93,69,42,32,96,93,11,72,52,71,50,15,46,93,80,77,98,30,18,21,58,7,77,64,92,24,9,13,6,33,63,3,81,9,63,4,93,6,72,14,81,45,40,18,4,99,8,7,7,100,18,7,17,44,94,48,17,14,67,68
34,27,66,61,93,47,91,14,43,94,82,24,32,31,61,86,15,13,31,81,90,24,83,1,46,36,82,3,71,63,80,16,92,73,83,27,44,16,45,54,66,28,93,22,52,86,78,89,67,23,72,32,9,3,33,63,89,30,7,97,1,94,87,88,53,33,63,89,86,93,1,45,76,72,83,77,14,76,32,75,38,17,76,6,41,86,66,67,65,68,71,79,87,12,68,31,31,9,85,62
54,7,55,2,31,66,14,43,2,87,15,69,9,63,1,47,37,37,45,61,64,97,21,1,15,70,40,1,53,77,36,34,90,24,75,84,28,64,58,96,45,85,6,94,95,20,71,53,68,98,58,81,82,24,0,45,44,43,35,16,76,24,91,69,68,0,38,40,45,89,85,35,83,58,13,65,26,46,25,16,64,89,50,70,18,52,92,25,8,77,67,42,43,46,41,88,87,96,49,96
31,39,95,81,75,72,5,55,13,10,67,77,13,24,83,66,0,37,50,36,83,45,81,37,85,55,43,33,4,84,71,31,65,23,36,25,23,69,95,29,60,66,11,46,37,8,33,31,22,80,34,83,22,75,77,74,53,36,37,63,96,39,38,93,83,90,60,85,35,2,97,63,39,33,85,56,14,84,26,2,51,26,82,55,83,81,13,8,33,33,100,47,42,44,52,78,95,77,61,90
71,58,3,61,57,22,89,68,63,40,35,46,51,20,69,79,40,71,49,5,65,47,15,35,31,40,56,89,93,77,76,14,17,80,30,97,72,61,45,48,2,24,69,83,96,13,14,17,21,24,1,24,58,79,84,3,77,64,88,75,60,68,69,5,37,60,90,38,30,28,63,33,64,11,72,82,13,84,26,10,87,70,33,55,27,34,46,45,25,31,98,15,3,6,58,82,1,15,78,63
72,81,94,38,74,79,77,66,17,49,62,75,34,21,53,94,63,100,2,42,48,76,76,36,53,83,2,43,30,45,67,73,16,67,45,51,79,44,6,63,1,70,78,48,49,74,85,14,16,26,78,8,76,44,97,27,72,34,24,69,64,37,87,31,82,25,66,81,91,4,98,40,35,23,73,8,99,45,88,96,70,70,46,65,36,29,85,17,10,48,34,80,23,3,89,69,90,35,21,3
64,1,73,18,18,62,32,14,35,64,41,84,98,94,72,67,21,90,46,64,8,60,32,31,3,72,88,82,76,20,39,54,48,37,43,56,89,93,7,37,9,74,95,15,26,97,50,88,93,89,1,37,37,24,66,92,36,100,49,10,8,73,85,68,24,29,70,62,69,56,59,98,40,25,36,81,18,73,79,18,69,5,33,77,41,1,13,68,0,6,16,30,15,86,72,52,48,97,81,90
74,26,34,48,31,92,59,30,43,68,60,97,66,3,47,78,19,48,32,30,48,21,62,56,56,17,64,98,27,40,59,32,50,63,44,11,45,75,71,80,83,21,77,52,54,11,30,25,63,16,22,81,92,39,95,55,98,76,8,15,90,55,2,60,31,34,32,34,78,6,18,41,90,71,7,52,56,22,87,62,83,54,20,15,59,35,40,95,73,37,83,81,59,1,60,37,3,64,70,79
95,97,71,68,54,87,89,38,21,17,41,57,74,21,61,91,77,54,85,18,42,65,84,3,94,7,48,24,17,71,46,55,71,0,51,9,19,14,27,15,44,55,52,0,12,71,17,90,78,73,59,96,73,55,12,79,47,7,11,33,27,47,65,92,40,14,67,65,79,55,47,91,94,46,38,78,95,39,92,92,37,9,40,92,56,100,16,68,40,86,85,72,98,63,8,42,80,88,13,41
80,28,76,40,82,15,88,32,86,5,91,1,89,78,23,50,61,43,7,80,92,8,66,2,74,96,58,7,69,16,29,39,63,32,57,8,17,75,15,43,33,76,49,57,51,32,32,84,69,98,67,51,96,20,91,72,8,52,32,75,55,15,12,28,58,82,74,19,42,35,25,44,66,46,24,23,42,9,6,60,82,77,70,16,55,10,52,22,2,6,45,20,61,93,36,26,78,9,18,85
33,30,86,56,65,41,36,52,91,76,22,47,58,56,57,93,40,31,24,77,78,48,88,25,33,76,14,0,91,6,26,73,16,2,41,82,75,30,82,82,59,86,38,31,99,86,70,81,22,69,87,18,13,83,74,72,2,23,15,18,52,40,30,42,25,97,74,5,87,87,49,59,6,24,46,12,58,10,60,2,89,15,46,90,62,100,68,40,93,99,65,39,67,5,82,0,17,74,6,9
61,27,16,95,42,10,80,84,55,66,31,7,69,38,49,11,82,41,7,6,84,54,12,69,10,0,51,100,50,25,48,42,82,18,88,19,5,39,87,26,38,24,58,78,51,21,71,89,84,65,79,65,86,99,49,94,70,65,100,31,35,96,36,46,47,91,97,7,80,51,96,0,61,62,54,4,0,21,11,1,56,57,11,47,25,19,1,84,24,90,74,19,83,70,41,10,48,58,4,57
69,16,41,18,94,71,3,36,31,35,4,94,57,57,36,19,94,88,94,50,58,86,75,32,13,0,0,98,93,94,3,6,67,80,19,55,8,39,55,6,38,76,52,92,9,93,74,23,41,53,96,5,94,65,64,56,57,47,49,5,94,38,61,49,67,27,73,88,73,2,12,56,88,22,56,91,71,43,8,58,42,96,75,14,37,43,70,41,68,74,19,7,94,99,71,3,17,74,9,7
3,42,100,68,99,66,93,68,47,8,35,34,50,19,52,78,3,1,23,72,64,48,42,8,22,89,45,25,57,5,34,33,84,58,18,91,0,78,42,91,100,4,100,22,37,59,43,96,46,22,49,38,70,19,62,100,91,96,28,33,18,99,16,13,42,70,75,57,23,68,96,8,5,20,9,74,71,87,63,82,99,72,92,23,77,7,37,52,23,93,94,9,99,32,47,89,78,93,41,20
91,25,47,97,47,18,95,51,50,92,79,75,99,90,48,36,80,79,16,68,46,48,19,44,85,70,34,12,88,3,35,64,85,20,51,48,91,62,24,90,38,88,72,15,90,5,100,18,54,11,71,68,85,26,44,68,70,77,98,14,55,29,1,36,99,28,19,49,53,20,39,95,98,97,41,51,78,22,71,63,26,77,0,57,12,64,90,23,42,70,84,73,24,33,0,72,91,18,49,51
50,96,95,99,41,49,20,20,92,69,80,32,70,65,97,10,3,60,37,58,18,100,89,41,59,48,77,95,5,16,10,92,38,33,65,24,16,57,77,87,1,54,7,38,67,92,48,84,70,77,95,51,41,26,5,68,18,42,97,40,29,95,71,95,72,37,34,3,58,28,33,27,74,69,25,67,9,49,45,76,37,80,31,93,76,81,3,2,52,32,38,91,83,85,47,55,12,79,20,63