17,26,28,37,82,49,2,52,38,63,0,13,12,65,22,7,57,68,16,92,60,5,81,9,1,90,89,6,0,72,35,23,70,82,55,92,5,4,55,58,13,39,17,37,50,97,18,98,32,96,29,15,64,20,3,18,90,2,5,39,97,29,52,72,98,92,85,78,95,27,50,60,86,9,50,59,80,0,50,37,34,70,25,20,45,100,96,98,99,69,2,30,82,74,3,84,17,17,32,15
69,31,54,37,12,100,73,93,80,39,50,23,74,75,42,0,27,66,26,66,7,89,94,40,57,97,72,25,77,45,92,16,90,95,14,19,73,97,62,45,68,23,86,13,83,54,42,64,92,26,7,23,50,77,80,71,40,30,38,62,19,46,85,27,75,39,91,46,63,76,57,89,98,24,78,72,7,95,25,24,17,47,62,15,6,68,91,44,49,75,50,58,71,0,65,84,67,66,27,25
63,80,75,57,50,84,97,53,52,14,14,66,77,92,68,46,88,37,40,66,90,34,94,2,74,25,90,51,72,98,47,63,89,18,77,9,30,22,78,0,51,6,32,61,76,22,6,78,80,18,76,69,61,1,85,37,18,49,53,8,19,66,41,56,35,55,83,98,29,3,6,15,65,84,10,44,81,44,53,37,57,31,16,60,33,21,53,1,35,82,0,98,90,17,93,63,49,9,62,59
42,29,43,80,48,48,11,67,32,47,22,59,90,75,21,6,51,21,92,45,81,65,68,85,1,70,42,40,9,37,24,79,98,16,13,74,78,64,16,47,52,12,96,14,50,46,31,85,7,34,32,2,12,69,25,28,49,77,13,43,83,12,33,83,52,52,32,74,18,6,84,33,52,18,94,17,58,9,44,1,57,91,52,45,20,14,100,17,54,47,9,57,78,71,88,68,70,62,30,65
70,77,36,72,96,19,58,35,8,9,50,24,20,85,73,94,0,36,79,32,72,97,62,44,63,93,33,2,31,19,64,81,50,48,65,24,52,39,6,28,43,69,13,86,41,19,57,88,34,17,15,12,28,4,77,2,68,26,92,29,57,99,20,69,34,58,41,100,31,82,23,18,56,97,91,63,29,82,40,26,18,64,5,42,18,99,23,29,77,94,19,30,1,6,7,65,4,75,64,96
86,8,43,75,41,3,75,28,8,79,54,31,11,23,0,22,91,3,100,23,85,81,85,64,17,44,14,86,39,8,18,17,29,53,83,31,98,11,57,59,38,82,71,35,68,92,24,35,79,59,25,99,72,54,1,73,57,21,19,63,73,63,68,64,90,17,56,10,43,73,30,49,73,73,28,99,92,40,29,56,36,43,31,53,93,47,81,57,39,25,19,27,16,19,15,75,0,3,71,62
47,21,17,72,94,84,75,13,30,42,66,4,20,6,40,26,24,2,90,98,77,9,56,14,55,21,92,32,40,65,2,1,56,4,66,91,4,13,70,84,39,68,11,25,73,90,76,100,56,12,17,65,34,42,62,15,76,11,47,82,32,82,36,65,17,96,0,53,28,28,42,97,8,87,66,44,85,16,5,88,99,28,12,14,60,96,29,91,33,56,50,11,59,10,60,57,57,4,24,0
80,16,41,78,69,19,49,17,37,65,40,45,28,37,59,4,87,5,48,52,9,14,21,48,10,48,98,100,88,53,37,76,91,43,90,41,55,21,49,34,71,0,10,44,91,43,24,42,15,94,4,100,8,92,52,9,3,29,85,8,77,68,38,77,99,31,56,24,34,17,25,12,75,51,76,55,75,94,9,69,68,92,18,22,63,82,95,59,82,40,25,27,51,77,20,20,30,2,18,100
51,50,30,33,35,20,77,21,95,31,38,83,2,40,8,44,74,74,76,74,12,60,35,51,57,70,28,29,51,1,56,71,53,91,84,62,54,61,80,11,93,29,32,47,13,76,29,36,59,90,46,96,40,30,32,2,95,14,100,100,6,94,64,4,73,65,27,60,51,56,82,62,1,77,68,83,67,91,97,82,17,40,33,13,33,34,70,63,88,30,57,52,88,77,42,28,63,62,60,95
28,4,82,34,42,99,91,75,57,5,8,89,22,78,34,85,24,33,78,23,5,64,88,86,12,54,42,36,35,41,80,4,21,0,12,25,85,56,5,31,38,35,20,29,23,52,25,94,69,63,51,45,78,75,55,12,66,57,24,35,23,73,24,74,4,9,58,97,70,12,24,13,90,52,55,43,11,83,42,41,12,66,13,95,28,59,83,24,77,68,3,59,95,24,46,89,69,13,23,59
75,41,18,17,41,39,38,24,37,43,92,0,19,18,87,45,86,12,13,48,93,94,13,48,85,27,50,91,21,59,83,32,75,68,60,1,96,45,76,53,31,93,83,26,89,68,71,96,83,86,44,71,14,54,65,72,35,67,72,21,53,39,78,92,97,86,81,35,11,59,82,4,58,83,39,35,28,8,76,60,35,45,42,59,29,9,100,10,86,100,43,83,37,62,48,74,92,44,78,56
52,86,37,67,56,76,73,32,61,12,96,16,0,70,36,51,94,90,83,6,53,23,96,46,58,44,12,12,59,13,80,31,81,55,10,45,85,22,23,14,58,48,41,80,91,54,37,69,56,28,5,55,43,48,55,19,30,14,97,6,36,31,89,82,11,43,77,84,21,70,21,92,89,89,57,88,64,85,50,32,61,92,12,37,32,62,39,22,97,14,34,0,75,58,86,9,21,60,85,79
100,18,75,16,40,85,63,65,63,26,57,35,98,9,43,15,82,4,9,20,75,9,42,34,64,99,71,73,4,41,91,46,76,33,1,31,77,41,82,29,8,81,7,53,28,54,67,29,56,2,80,16,33,91,5,6,37,48,26,18,74,68,38,55,21,23,61,41,11,57,70,16,49,61,89,3,4,80,68,91,64,30,41,7,98,58,97,32,97,96,75,26,97,13,70,48,77,1,18,18
61,10,58,86,67,64,86,17,42,88,24,32,92,56,21,88,74,35,57,45,13,72,51,26,81,81,80,83,43,24,41,21,52,89,48,0,47,11,56,40,25,8,73,91,22,33,98,12,71,87,56,29,46,82,89,84,48,9,15,42,90,4,17,8,78,95,28,15,91,63,90,87,8,35,91,57,96,93,76,95,64,45,43,11,96,41,33,88,34,75,83,66,45,24,9,53,4,100,22,44
52,93,53,78,24,10,59,60,75,67,35,12,35,38,75,54,97,3,43,34,72,14,85,49,10,56,32,68,71,48,2,29,65,92,25,50,80,53,34,39,10,83,28,59,12,50,34,48,99,35,20,47,62,92,54,85,54,74,39,58,15,98,89,10,25,93,4,16,96,28,16,93,15,0,26,48,26,60,76,4,99,94,61,76,1,15,61,0,85,54,65,75,78,57,23,42,68,90,21,37
25,36,47,96,17,75,36,78,11,56,48,3,26,54,77,24,47,43,30,1,81,50,20,81,25,61,61,53,4,27,42,1,41,1,90,30,82,97,4,49,85,59,63,93,43,18,52,34,52,45,67,45,2,43,44,5,58,48,23,39,74,42,40,76,24,19,28,58,24,22,7,34,93,57,65,33,62,30,67,79,100,68,27,87,8,40,51,12,58,80,25,95,65,16,19,23,82,50,30,28
12,9,7,98,33,53,82,62,1,15,12,80,38,46,66,44,41,18,65,62,45,42,6,99,5,52,93,91,20,9,33,62,77,90,59,38,73,4,22,56,14,50,66,17,29,39,10,44,0,91,44,99,15,27,28,38,5,42,95,83,18,90,57,69,7,88,4,34,57,77,66,41,86,6,64,57,64,21,12,69,10,58,64,25,86,57,8,85,33,26,8,40,26,88,90,49,53,62,26,84
39,46,53,41,90,32,15,96,82,98,34,44,24,83,49,12,99,8,65,29,13,99,72,34,8,7,95,33,2,39,52,91,5,74,23,59,48,20,30,75,32,22,32,41,74,78,80,98,58,74,54,77,72,76,65,43,61,78,7,6,74,2,16,100,70,90,3,50,33,33,23,50,95,83,79,61,86,97,42,4,20,18,7,31,32,56,89,11,88,72,25,39,69,52,91,93,71,75,27,6
42,53,8,67,23,87,41,44,75,43,83,37,12,13,96,70,67,56,94,73,78,95,24,73,81,14,2,12,59,69,29,98,56,90,60,38,74,32,80,82,63,53,76,88,55,1,44,17,33,65,23,38,79,52,11,56,2,48,86,61,83,65,71,44,67,68,32,31,64,44,91,7,35,79,77,27,86,59,7,33,60,72,21,53,3,0,31,38,57,52,61,58,31,29,12,60,55,47,80,3
40,17,73,28,58,51,89,31,75,35,49,3,38,5,83,98,73,42,47,25,13,5,11,4,12,78,78,37,83,5,46,49,33,88,7,20,22,69,84,99,39,17,72,98,71,91,44,91,24,31,20,42,77,49,10,9,72,22,31,6,17,71,10,100,96,26,51,82,51,7,71,64,10,73,54,69,19,46,14,97,79,78,36,16,57,0,94,55,5,44,10,87,40,2,33,44,33,69,34,46
56,69,42,93,24,44,8,24,39,32,29,10,24,79,38,50,21,90,44,95,74,48,81,98,15,24,20,60,55,51,23,35,60,74,83,16,16,49,80,2,53,93,76,1,49,68,81,52,4,41,48,10,66,62,65,78,34,8,57,18,46,50,63,98,61,61,23,26,67,52,53,18,81,11,66,20,25,27,43,60,47,72,74,22,51,46,93,66,44,77,88,19,99,53,93,7,35,45,58,30
4,2,93,67,85,84,14,15,25,91,93,30,41,38,51,39,38,35,79,32,38,62,47,21,1,17,68,16,84,27,1,19,11,80,82,73,32,71,51,1,86,55,69,75,77,36,68,50,99,70,62,95,72,30,53,23,63,11,26,55,61,41,21,24,91,65,98,88,46,82,53,77,22,94,33,32,12,20,27,68,75,82,47,7,7,69,78,76,44,8,70,96,7,35,41,15,61,100,97,62
56,0,72,78,89,7,93,84,14,46,24,26,63,81,0,75,40,58,0,91,8,24,23,56,67,28,99,7,53,70,44,100,52,87,20,36,82,4,42,21,15,46,7,19,94,63,18,37,17,18,75,66,35,94,39,93,92,40,24,31,18,76,56,88,96,12,91,62,15,35,26,21,31,25,58,63,74,95,76,32,97,74,53,48,43,53,35,87,23,74,54,31,77,70,61,47,27,90,72,52
95,7,4,46,10,48,8,86,1,38,40,0,64,87,46,19,30,63,41,73,47,19,45,20,53,53,32,31,90,14,13,71,98,22,4,99,62,90,62,8,64,48,94,39,80,31,93,88,87,64,58,96,16,56,68,0,7,48,8,59,80,70,60,32,55,92,25,47,54,26,93,62,0,13,30,99,18,4,75,63,1,72,74,80,33,39,18,57,81,11,46,51,84,34,27,76,72,23,86,33
77,4,92,28,50,43,50,4,89,80,4,35,98,28,91,0,12,43,86,74,42,32,37,78,24,83,0,72,66,64,52,30,98,6,28,0,79,36,58,48,62,79,71,92,94,55,6,72,10,68,3,73,40,97,60,85,71,76,61,66,33,24,14,95,19,16,60,86,42,87,75,3,26,91,30,40,17,64,68,74,94,100,34,82,56,78,39,12,32,30,92,16,67,14,57,37,11,30,49,99
68,44,31,30,57,82,29,23,24,24,17,33,38,58,66,92,79,61,98,6,0,17,0,57,81,35,89,79,79,86,31,36,19,34,38,69,85,5,7,35,81,21,77,16,12,3,35,13,31,62,23,62,6,46,53,42,52,70,67,88,86,31,24,42,2,29,46,53,92,61,93,50,63,4,8,65,37,25,63,31,47,37,50,68,53,83,37,76,70,51,100,99,76,58,51,55,59,30,27,92
21,67,27,64,53,22,36,78,47,53,42,52,45,52,76,94,15,100,6,97,34,55,56,29,48,64,62,95,13,99,67,95,95,27,2,66,21,13,24,2,11,22,90,42,29,80,57,37,66,55,8,68,5,42,69,14,93,20,100,40,77,21,92,29,19,98,49,53,25,78,44,81,25,41,34,37,39,30,31,83,7,62,94,24,86,56,23,98,44,34,90,45,26,40,13,60,57,16,85,8
71,37,41,99,3,43,68,7,98,44,9,37,22,31,30,61,48,45,86,49,21,93,86,6,87,26,48,29,97,61,32,2,18,96,38,10,22,75,47,11,59,71,7,12,52,98,98,13,90,57,15,94,90,36,79,6,37,1,31,27,82,37,11,25,33,90,60,69,40,86,27,81,61,80,23,62,62,54,23,99,15,23,91,39,5,14,68,47,73,77,8,70,92,63,85,76,85,34,95,29
45,73,40,90,19,22,84,33,90,17,64,91,35,8,99,46,98,35,49,93,90,89,94,76,17,0,87,67,14,90,64,1,71,58,37,42,95,12,64,5,60,50,10,10,47,28,80,21,93,91,85,74,93,72,22,18,70,27,6,39,46,52,23,56,63,95,80,50,42,82,17,8,53,6,74,47,28,73,75,12,95,26,16,81,88,91,50,88,5,32,66,86,10,79,61,21,95,92,56,49
98,32,2,48,6,10,59,53,93,30,97,8,30,11,1,33,65,98,80,49,71,68,63,16,60,36,26,51,49,17,54,76,86,64,41,82,76,47,100,80,25,61,75,71,82,27,69,86,1,85,78,96,46,99,61,53,82,32,10,9,6,7,96,8,54,94,83,0,44,78,32,57,66,17,92,18,5,84,5,45,75,11,72,20,93,41,12,100,23,17,82,62,15,78,36,22,16,21,15,68
15,37,90,50,91,6,64,61,18,70,54,37,82,36,82,27,53,90,42,17,92,27,74,50,52,71,46,100,7,17,31,40,22,72,83,22,56,45,81,55,10,18,18,7,12,98,63,89,21,4,33,72,80,17,95,76,22,95,87,40,17,7,11,23,28,1,89,53,19,85,24,93,63,22,28,49,20,44,56,61,5,19,43,96,87,60,8,57,57,45,37,38,60,17,42,52,20,24,99,99
32,59,89,40,65,69,15,6,95,17,91,26,88,38,26,53,53,22,76,74,9,75,46,88,96,12,68,8,32,77,11,69,54,40,34,8,98,68,58,2,40,37,89,90,22,19,25,70,21,99,42,50,36,27,29,17,18,47,49,38,60,40,95,55,49,40,8,53,34,54,34,47,0,84,78,2,100,31,46,52,42,89,8,18,59,33,42,93,22,45,32,24,93,88,99,0,13,79,25,70
29,95,5,6,0,75,37,87,44,98,52,72,74,34,27,91,74,9,40,28,7,6,54,25,71,63,72,67,3,3,30,72,58,66,43,44,68,85,64,52,1,31,80,39,53,36,9,22,61,71,79,94,36,51,67,60,7,100,28,98,55,34,13,50,35,60,30,74,51,69,47,7,31,44,39,94,32,14,36,75,34,92,71,2,94,56,5,41,88,9,49,60,90,72,9,2,11,50,75,32
27,23,41,88,83,4,33,69,53,60,61,78,53,71,58,30,16,31,4,7,72,24,12,68,37,62,13,93,98,9,21,76,0,14,77,21,19,28,85,66,66,79,98,91,7,75,89,9,71,9,31,43,51,96,73,22,65,39,5,10,33,62,19,32,100,4,60,24,97,93,44,17,71,46,39,93,39,85,71,80,28,60,57,92,33,17,73,84,40,98,37,15,23,17,38,47,44,75,24,6
20,58,94,100,12,81,30,7,36,20,68,59,83,5,31,15,37,94,82,55,58,94,23,86,3,91,15,21,58,2,36,50,26,69,67,91,1,58,15,51,96,53,53,14,44,30,89,22,65,52,41,3,64,94,38,35,14,89,43,72,65,50,34,76,21,71,32,81,92,29,76,44,60,6,29,20,2,3,51,31,43,8,47,30,54,68,88,0,70,78,14,67,85,20,13,82,49,4,82,89
72,41,70,44,76,12,82,50,46,35,77,49,34,67,5,37,29,92,77,82,39,70,30,61,60,91,94,59,54,69,63,48,56,64,76,21,5,84,56,41,92,97,28,66,98,18,38,83,41,22,76,55,89,73,0,39,26,74,60,69,92,5,35,44,3,78,76,73,19,32,71,44,74,15,89,18,100,83,45,1,54,38,3,38,97,20,22,50,95,36,40,50,97,6,57,93,16,33,46,73
100,7,16,61,15,60,42,91,25,88,33,26,1,14,38,29,81,2,20,75,12,83,51,9,73,57,27,58,98,81,64,72,55,9,91,55,53,89,87,31,77,4,10,2,70,91,75,80,12,65,82,0,95,64,5,93,10,24,27,95,51,92,45,95,51,39,69,100,42,53,31,36,3,41,92,22,75,69,32,85,0,80,20,89,24,33,71,68,29,41,26,3,93,98,72,76,12,64,96,37
89,80,81,86,22,35,35,98,95,12,87,50,68,52,41,97,44,18,32,68,70,72,60,71,37,50,48,65,53,75,8,16,98,42,56,98,20,43,14,67,99,33,30,24,39,70,35,81,7,80,55,91,62,99,21,8,55,77,81,90,58,52,15,79,38,91,16,80,41,91,8,70,37,22,57,54,92,9,77,91,66,83,68,84,5,73,12,9,25,44,63,30,76,11,73,8,15,21,76,58
73,95,33,58,14,67,98,7,99,49,62,87,30,66,84,9,2,24,22,96,33,96,45,50,26,49,95,3,69,47,5,49,54,87,34,98,52,0,6,85,28,51,73,60,96,16,69,19,54,38,40,3,7,98,65,7,2,70,29,37,53,12,36,80,37,90,59,29,29,4,12,10,83,40,2,54,3,81,96,33,32,63,75,18,66,14,59,74,88,68,35,72,41,35,94,100,31,93,65,82
99,37,2,22,63,87,27,11,56,17,11,13,62,46,26,29,30,96,32,58,79,98,52,92,88,30,69,51,4,74,17,93,74,13,42,74,62,9,18,80,30,43,98,70,5,65,91,47,85,95,78,81,74,67,54,50,93,10,57,43,32,93,13,74,49,24,11,12,14,85,75,26,31,40,21,3,25,45,73,81,20,55,14,83,34,74,93,15,67,95,19,57,7,36,47,67,72,30,94,60
63,60,33,39,54,13,83,45,70,9,60,94,62,51,77,84,86,60,23,52,76,38,22,11,52,96,14,3,30,57,43,76,53,17,30,74,67,26,4,35,100,81,4,75,19,45,94,27,18,67,84,12,60,50,56,5,16,84,57,93,17,8,97,60,23,19,56,32,85,92,95,67,58,25,73,94,57,28,3,84,3,92,90,63,77,16,71,29,74,68,88,3,45,95,52,60,28,54,83,77
33,92,58,17,21,36,16,50,78,95,28,14,91,69,72,36,74,23,43,71,39,43,0,98,46,22,59,12,31,0,94,55,27,58,75,91,79,76,86,73,93,23,95,15,38,96,58,74,93,30,27,0,41,93,17,59,27,34,27,56,20,20,78,39,62,86,83,11,4,31,67,20,39,89,77,9,18,46,65,16,81,65,57,8,15,16,3,95,8,51,96,3,90,68,10,93,85,12,57,52
19,45,94,78,7,3,48,92,79,9,6,90,95,34,67,37,76,81,35,5,34,32,10,6,14,88,12,1,46,73,75,9,46,12,98,82,2,75,43,21,51,95,76,91,12,23,49,48,9,9,11,66,18,88,3,3,83,46,2,23,24,7,13,5,37,18,62,59,71,50,77,74,51,81,18,97,27,17,41,57,77,93,82,36,12,28,6,84,34,67,23,53,10,60,56,12,49,87,74,81
1,35,45,70,53,32,30,4,52,0,85,81,15,65,30,50,87,91,0,75,67,72,45,31,53,63,68,93,17,62,32,72,58,91,66,39,22,72,16,21,13,50,68,100,33,74,1,45,45,4,55,52,56,84,95,98,75,54,77,95,82,98,79,27,98,79,75,6,18,94,12,78,10,25,86,9,80,59,57,33,91,19,33,85,16,83,45,66,39,61,15,4,33,7,99,77,46,13,43,8
2,49,5,36,35,89,29,9,28,34,49,67,25,5,80,14,2,39,93,17,24,25,27,3,57,76,19,2,96,40,74,81,83,17,69,45,5,100,43,78,77,60,54,48,17,10,56,75,43,69,75,11,26,75,12,63,58,75,56,45,56,39,34,7,51,81,47,45,55,18,86,26,48,100,72,60,28,18,64,72,22,4,89,17,57,43,85,62,91,5,74,10,75,59,60,0,78,74,83,29
38,73,81,52,32,91,92,71,69,26,96,45,17,93,16,35,74,38,81,94,39,63,81,33,81,38,62,26,54,16,13,18,95,16,92,4,6,87,46,2,81,3,7,86,90,59,34,20,12,1,0,10,53,56,33,32,58,67,45,48,3,30,92,92,25,98,95,51,20,68,81,33,37,12,27,53,87,100,21,62,59,1,60,96,97,86,56,53,93,52,56,49,30,35,6,1,38,17,64,79
93,52,14,69,48,33,76,98,82,40,6,2,65,70,45,12,86,78,3,63,88,94,61,75,66,62,39,75,98,77,95,78,55,78,62,59,35,2,7,28,7,71,8,45,14,34,90,95,83,92,93,59,46,21,54,19,56,34,60,86,47,9,18,89,93,92,33,40,98,75,49,23,23,23,72,61,75,0,56,81,88,13,28,12,11,36,39,96,16,91,89,80,20,91,47,83,57,90,69,90
68,96,51,93,34,57,51,89,19,76,14,16,97,42,4,60,53,30,76,100,91,78,88,2,49,46,79,100,20,40,21,17,4,34,56,25,65,25,52,18,57,100,58,29,26,6,75,59,22,22,25,84,81,74,54,43,69,17,23,48,96,98,88,92,65,1,41,69,14,66,86,22,51,15,75,89,39,79,54,5,89,55,48,19,84,67,66,60,49,50,18,44,76,38,28,95,1,52,85,44
47,22,85,85,66,78,70,43,82,64,97,62,70,81,64,25,54,49,27,5,83,5,93,8,45,93,99,40,51,77,70,17,80,19,29,65,36,34,39,57,9,84,23,40,41,84,47,98,57,61,22,48,65,9,89,93,37,66,96,28,79,51,59,57,40,45,53,79,81,32,10,60,17,27,86,63,91,68,40,84,93,35,40,12,52,59,73,84,11,32,32,4,24,8,35,15,10,84,38,42
82,2,28,93,64,90,8,37,61,38,89,15,38,65,76,52,89,36,52,49,47,45,41,27,9,22,4,95,19,76,84,51,85,41,32,98,50,26,96,7,33,97,34,93,72,6,80,73,57,66,39,31,33,27,69,26,79,74,48,94,28,66,40,38,59,72,87,23,19,78,100,84,62,10,37,37,84,68,5,13,96,41,55,22,25,56,77,96,9,93,44,54,21,75,74,23,83,80,1,42
77,36,20,25,63,94,85,51,13,68,30,86,14,10,93,8,36,11,52,79,92,12,27,11,11,39,15,94,76,32,35,54,99,79,4,8,43,86,1,9,50,62,93,44,72,14,63,73,87,34,37,29,82,0,54,19,22,16,90,84,58,1,88,41,21,13,25,51,66,71,94,55,72,12,43,100,65,39,78,16,39,1,87,33,18,95,63,6,63,33,9,99,61,66,67,88,74,58,60,93
58,14,34,87,36,38,55,35,49,64,91,20,18,98,73,41,36,85,90,36,72,10,5,93,96,42,36,23,39,84,13,89,25,16,55,25,20,94,29,35,78,82,97,55,36,44,83,80,9,22,13,47,38,42,33,33,66,49,7,16,77,45,46,1,41,100,24,58,54,55,62,7,41,95,90,81,85,12,21,93,94,11,77,37,14,68,59,93,49,32,72,30,67,87,66,86,70,71,37,56
37,53,97,11,82,3,62,56,46,66,69,86,10,52,26,10,59,89,93,31,87,92,92,24,20,2,95,20,0,38,49,78,65,73,63,67,88,65,44,8,87,86,87,37,9,69,17,20,45,96,83,3,65,68,90,65,64,96,48,97,30,56,36,12,47,57,92,44,67,60,53,45,83,48,57,57,73,5,3,67,27,22,39,1,46,25,9,49,13,50,2,11,51,61,30,82,50,74,22,77
6,83,4,92,14,58,88,59,20,71,54,21,13,95,25,70,38,55,49,99,21,13,6,3,11,52,72,52,64,35,22,96,75,22,100,64,58,43,28,89,79,90,63,55,85,67,31,8,94,34,96,98,17,83,60,28,80,15,88,32,11,56,70,53,98,21,72,16,26,87,78,82,100,67,53,95,17,47,61,53,21,9,63,38,45,0,68,73,53,67,6,75,12,66,68,58,52,58,48,68
44,4,5,11,96,52,32,19,64,50,97,61,39,40,58,53,31,29,96,97,30,51,90,54,76,16,8,73,26,87,72,34,40,5,79,60,81,45,2,51,90,60,20,37,9,1,4,46,41,81,18,7,62,65,68,69,58,69,71,74,70,4,87,11,0,7,17,54,6,42,11,97,53,5,28,44,93,85,53,45,65,30,59,64,9,45,20,9,52,77,18,72,48,94,15,83,58,0,35,67
78,84,67,51,35,25,34,41,63,85,98,66,48,5,1,36,36,27,32,81,67,92,29,40,59,15,27,24,34,36,74,93,19,96,84,69,65,60,53,76,94,53,85,77,17,38,2,50,23,78,13,67,46,13,26,41,80,43,71,88,49,76,35,35,18,39,9,31,67,87,80,65,100,38,16,23,52,66,99,99,81,87,90,24,80,15,30,87,28,39,29,49,21,55,94,23,91,15,16,62
8,42,41,92,30,75,64,73,74,84,96,55,35,36,12,59,84,60,2,3,10,73,39,99,33,53,71,44,83,49,64,77,68,3,14,50,23,56,95,68,82,41,20,14,81,16,14,92,54,22,78,60,61,72,28,36,85,82,48,17,82,0,6,97,43,55,72,72,77,39,83,19,51,91,61,25,41,67,38,97,27,23,34,13,100,36,52,42,54,70,20,63,17,32,68,4,18,85,39,26
87,95,4,96,22,57,57,91,92,62,94,20,60,16,34,7,47,36,6,93,30,89,13,45,97,41,30,50,64,40,75,2,10,5,35,3,33,58,16,15,4,13,86,7,49,60,30,85,82,5,70,50,63,23,37,42,33,33,30,50,96,26,51,44,15,20,90,12,13,64,83,54,96,97,59,55,7,76,21,27,66,89,90,92,40,90,84,29,94,4,46,97,86,63,50,82,99,52,28,38
78,35,52,95,61,3,27,63,27,0,49,31,72,10,69,93,59,57,81,69,70,58,31,64,23,18,73,26,99,30,83,78,73,60,50,17,67,40,81,2,58,15,29,73,59,71,87,39,100,57,17,34,43,27,33,60,30,46,89,45,89,78,46,42,16,84,11,25,1,23,86,79,62,79,50,48,29,50,63,58,64,29,96,99,13,14,3,32,19,77,54,56,80,55,18,26,75,98,2,38
82,6,64,94,8,90,44,81,22,51,2,34,76,20,71,5,70,74,29,18,89,31,24,18,82,26,28,29,44,15,54,7,96,3,69,65,87,19,29,12,51,46,7,2,100,28,58,5,95,28,31,28,89,16,96,41,62,9,84,41,73,93,11,1,93,36,90,82,2,42,24,21,56,93,3,29,49,25,99,36,63,63,30,43,70,96,96,48,25,68,58,16,22,76,38,54,5,68,28,64
71,94,81,18,17,51,16,9,72,51,82,93,60,91,48,54,23,35,87,59,24,17,71,90,99,12,51,0,60,67,23,68,61,6,56,100,42,95,15,59,84,45,38,49,16,80,95,79,30,51,95,7,96,47,60,30,72,42,42,89,16,50,74,34,75,89,35,44,21,25,41,88,6,31,82,78,20,36,7,0,74,49,80,96,49,10,88,48,67,65,51,74,1,93,8,41,27,37,24,63
9,80,66,100,26,10,98,64,26,83,81,28,20,38,19,89,40,11,0,74,100,38,56,27,35,80,70,45,47,56,89,51,8,6,66,45,27,51,59,97,8,96,77,48,4,40,5,20,92,43,73,93,23,25,64,39,11,49,68,41,52,53,44,40,11,95,13,8,1,40,59,14,34,16,44,59,23,42,66,14,27,13,1,56,95,71,47,84,58,13,24,94,98,77,65,16,43,3,87,15
74,67,24,14,31,39,77,62,68,75,75,2,11,37,74,2,86,90,88,47,64,26,55,71,44,27,0,49,88,93,56,59,78,90,7,96,60,5,99,77,4,90,62,29,6,72,95,76,34,91,30,18,56,47,60,49,17,94,33,57,57,79,39,25,37,52,94,84,24,49,61,32,75,63,87,87,63,1,82,92,40,97,72,48,33,99,48,51,29,42,20,83,78,8,29,12,85,34,53,90
87,30,57,64,42,42,43,84,56,8,41,59,60,23,67,69,20,99,25,6,53,26,82,10,4,33,47,71,45,98,19,19,100,2,72,57,22,81,71,31,79,10,100,42,16,47,47,69,23,18,36,95,20,81,68,57,72,90,47,90,35,8,97,68,62,43,88,53,94,54,33,8,20,62,55,33,36,82,62,30,83,61,61,59,58,54,92,75,5,0,38,48,89,45,32,56,53,71,49,42
98,21,29,1,55,22,86,74,70,80,68,80,100,62,85,72,2,92,65,12,4,69,83,57,25,73,62,35,69,67,98,39,62,40,46,87,44,95,69,44,15,66,45,37,9,80,8,70,43,33,23,82,52,32,33,73,83,51,54,61,32,62,57,54,27,36,7,90,36,44,76,91,86,52,54,63,43,2,88,94,88,35,39,47,72,58,7,40,94,23,21,85,19,8,44,14,72,63,2,78
97,48,73,75,45,5,43,31,8,73,6,90,32,86,98,67,54,20,9,87,12,57,33,80,11,43,28,62,91,41,91,97,67,17,0,79,64,26,30,71,79,12,75,86,1,11,21,51,32,23,100,68,52,79,73,92,90,44,6,2,33,39,52,79,90,85,39,39,28,44,40,71,67,31,98,29,48,75,96,58,64,55,40,44,30,68,54,98,71,65,88,81,42,18,63,72,76,8,8,52
15,90,69,23,60,89,98,44,1,26,96,11,3,95,8,82,92,56,81,83,34,40,66,94,100,35,35,93,36,11,71,32,32,23,23,52,41,93,91,53,69,12,48,12,19,80,17,6,64,64,76,27,65,0,89,31,91,31,8,62,62,58,40,64,61,57,35,50,25,21,3,1,72,30,23,83,54,37,47,1,15,70,66,64,53,82,44,75,19,24,37,47,60,54,75,70,85,59,84,37
28,13,32,9,34,97,64,71,48,19,47,72,68,38,80,9,13,32,59,4,55,26,24,67,31,36,86,22,34,65,72,85,3,7,25,67,55,33,39,13,20,13,6,44,42,26,47,49,87,56,79,82,54,81,45,66,63,58,26,53,4,5,1,94,86,96,85,68,26,22,4,16,18,7,78,96,19,88,29,59,15,33,37,6,26,9,10,74,67,8,69,84,65,66,29,38,0,67,52,84
73,68,37,80,10,88,93,63,13,40,12,15,100,6,77,57,30,3,15,82,69,51,94,25,55,15,42,41,22,0,84,38,92,28,98,82,75,36,46,68,27,1,80,86,6,50,73,72,43,2,50,94,18,4,63,40,70,33,55,15,42,37,12,15,60,86,20,74,77,54,98,32,35,63,66,37,42,78,55,66,44,40,45,10,75,67,14,96,17,22,53,30,9,36,7,78,41,90,60,98
40,50,39,0,56,2,4,11,13,62,36,29,50,84,54,90,65,50,79,36,14,80,93,90,12,43,65,23,68,36,94,100,38,21,58,18,36,32,47,5,45,9,36,57,29,28,79,40,56,29,52,63,32,6,0,53,39,3,76,53,15,79,2,58,5,58,58,20,22,32,73,81,84,36,99,69,58,90,48,40,69,30,41,90,90,65,67,4,5,24,81,1,82,80,44,90,67,10,6,41
6,68,24,62,55,12,70,8,6,46,62,24,73,26,54,75,49,92,47,12,71,91,32,56,50,73,0,97,65,8,10,86,48,30,24,70,67,98,96,31,98,12,31,70,45,63,84,64,23,26,36,67,85,100,15,71,93,29,39,64,47,94,37,62,99,96,36,80,86,14,96,52,62,20,24,31,31,28,77,64,6,70,13,31,37,1,55,61,79,49,56,78,3,58,96,68,1,3,21,25
90,71,87,39,51,92,27,27,23,65,38,37,90,49,53,6,13,60,25,78,0,45,68,83,27,33,20,85,80,25,27,31,6,9,90,66,49,77,42,49,38,16,55,100,38,77,32,10,21,68,50,15,34,46,66,66,80,16,51,92,73,19,80,16,40,1,85,1,87,14,52,23,64,92,34,59,71,19,26,13,21,69,7,56,26,77,6,23,13,4,40,27,39,26,69,58,66,94,31,3
52,49,72,66,37,44,86,12,37,72,20,82,61,18,1,67,13,29,47,69,9,71,63,76,93,70,69,26,19,15,61,54,97,38,42,72,38,9,2,65,16,75,71,40,39,65,43,57,0,10,52,92,18,91,73,97,27,79,1,50,98,7,44,75,42,77,42,0,72,69,5,73,81,98,9,67,65,11,72,45,48,2,0,13,8,8,83,4,92,40,55,1,86,35,7,18,23,42,86,86
86,61,49,84,82,88,69,68,18,25,47,96,69,51,78,10,47,48,25,31,91,12,69,92,9,49,56,33,13,10,76,63,41,43,73,22,33,71,57,48,39,12,96,8,55,35,54,98,20,40,12,9,52,95,54,64,25,22,1,13,7,18,13,37,34,5,85,26,77,70,23,45,17,79,9,100,67,18,6,56,100,1,12,90,88,95,11,96,71,77,24,98,4,63,90,41,36,13,46,48
85,85,86,35,20,89,47,30,76,44,11,71,45,89,10,28,95,16,65,82,77,60,17,22,26,67,53,85,6,35,51,23,2,88,63,16,64,65,42,73,6,44,3,91,22,31,2,52,40,53,91,82,80,51,89,48,88,39,75,92,7,19,30,41,9,31,24,77,85,77,66,72,52,100,19,59,23,18,97,87,26,29,5,2,57,60,33,79,22,53,75,45,23,62,53,34,38,87,97,97
90,51,53,52,81,89,61,93,58,100,99,28,89,91,33,50,95,24,75,86,39,53,57,41,70,80,31,35,84,67,4,5,49,74,76,35,24,91,86,99,80,16,100,30,58,9,17,46,15,47,8,46,85,85,85,42,22,60,86,87,89,81,32,99,28,57,63,75,17,86,89,56,55,40,68,31,72,18,11,90,98,35,50,1,91,32,50,77,17,74,66,12,59,15,75,88,67,90,37,44
56,11,69,82,5,84,2,11,10,58,23,21,31,49,26,55,85,61,100,55,67,35,43,37,66,46,56,89,100,17,40,33,59,12,33,2,38,98,10,16,74,46,93,4,77,90,50,87,38,33,24,48,1,42,62,59,4,2,2,39,1,15,13,6,80,51,98,53,35,47,66,53,9,85,41,33,69,94,82,85,31,1,100,80,39,63,13,56,33,65,73,88,44,13,32,59,50,46,56,61
28,62,56,50,75,81,32,9,19,64,64,21,80,76,45,26,19,59,62,15,28,27,45,26,49,8,3,71,22,74,42,87,66,25,66,33,30,91,98,25,47,76,92,7,2,2,77,70,81,68,58,86,83,98,72,64,89,66,62,9,55,91,16,2,45,98,38,11,24,95,94,22,84,63,82,64,1,62,88,81,30,83,26,46,4,66,53,55,99,49,94,80,28,63,32,22,37,35,90,60
28,56,82,59,18,82,61,40,70,65,91,40,9,79,25,59,96,97,43,15,66,81,44,30,80,69,69,93,90,25,87,90,55,10,9,33,46,97,86,25,84,41,61,91,38,43,22,9,26,73,4,14,11,90,51,95,28,30,54,71,55,21,58,60,46,96,74,51,11,35,73,28,59,49,47,28,12,66,95,61,39,69,97,99,71,6,87,45,70,8,32,84,28,55,14,81,25,53,61,3
39,39,46,40,85,17,35,36,88,56,14,77,6,79,54,87,41,89,2,84,68,93,6,56,91,85,20,34,52,71,83,5,94,95,83,66,68,15,57,60,9,21,62,77,23,77,9,68,18,28,52,60,30,60,85,23,84,93,58,23,86,20,88,9,62,1,0,22,96,63,48,70,61,9,74,79,8,71,90,2,52,94,90,80,81,42,86,53,40,96,67,87,83,26,1,27,87,17,31,1
36,78,0,65,71,77,28,95,79,23,93,33,91,89,17,18,52,23,12,0,100,28,98,76,40,37,91,65,61,92,87,93,48,4,31,18,62,42,30,91,68,33,99,36,100,3,38,45,30,73,100,21,90,18,93,15,43,44,91,100,50,91,7,54,42,54,5,2,24,40,60,57,60,12,74,2,84,47,60,55,46,95,90,71,92,27,4,74,70,69,32,3,59,11,85,10,30,32,26,69
96,63,82,50,67,34,49,95,39,71,96,24,45,46,40,3,97,84,81,88,46,53,85,60,32,49,77,17,24,97,8,95,8,64,85,95,97,2,8,94,31,19,73,46,62,25,58,93,74,57,69,43,32,27,48,55,19,91,50,67,38,27,81,95,66,63,17,100,79,74,0,44,0,96,67,27,36,33,36,83,4,57,78,52,40,100,30,99,26,100,86,28,12,82,37,43,65,3,69,87
81,65,50,99,29,21,83,71,27,87,86,78,46,14,96,50,9,69,3,3,30,83,85,71,10,51,78,73,36,52,13,28,51,63,37,60,76,44,36,17,18,92,45,93,27,66,7,18,32,95,28,47,98,20,68,54,21,79,30,55,3,46,35,74,0,50,23,87,55,60,76,43,47,48,50,55,11,97,0,78,85,14,85,96,68,65,79,82,30,5,65,92,49,15,46,87,87,81,41,51
61,93,15,73,18,8,19,60,64,50,71,12,24,70,9,14,14,38,12,57,91,3,78,62,0,42,92,8,43,53,44,67,74,17,85,90,18,38,84,37,24,24,20,49,58,61,12,98,29,16,56,46,93,77,24,29,81,39,7,31,20,1,44,73,58,3,51,43,5,75,36,76,17,27,69,0,19,31,98,57,50,91,69,25,2,30,51,98,45,66,10,17,54,78,55,3,45,99,33,38
2,97,87,29,77,40,75,80,38,0,33,88,75,86,25,5,55,18,10,58,41,86,15,66,84,87,65,54,20,98,95,75,0,61,32,95,72,55,15,98,59,92,26,80,68,58,12,48,92,16,83,32,69,29,28,66,9,76,1,90,54,67,72,5,74,50,62,11,90,67,7,76,38,16,71,32,12,99,20,95,29,52,10,31,92,58,0,4,7,79,20,31,34,30,28,11,13,69,22,44
79,86,81,18,41,75,66,42,55,77,77,59,7,22,95,33,2,24,30,31,85,21,19,68,42,59,79,63,91,76,33,32,87,83,27,21,31,50,10,54,7,99,73,37,98,29,48,22,0,11,9,88,19,7,38,47,65,3,84,15,54,30,78,94,93,86,46,28,45,29,99,67,53,95,95,1,84,46,93,26,93,44,7,12,81,34,60,32,52,37,54,93,78,25,77,61,74,50,23,55
74,88,14,54,25,87,43,57,15,21,78,46,59,83,14,5,72,82,82,63,39,96,29,69,20,28,45,64,25,41,5,30,51,91,37,82,35,19,38,99,8,89,81,60,71,37,46,18,58,96,36,70,85,54,76,0,28,87,28,37,57,98,58,78,2,79,28,13,18,81,74,46,68,5,71,72,47,73,37,96,89,46,12,56,92,86,26,16,72,63,60,60,70,22,68,39,100,56,62,11
60,27,23,84,43,60,40,6,82,29,31,87,4,51,50,90,72,73,39,55,17,47,32,41,50,40,84,39,30,22,63,33,88,95,100,37,23,2,65,23,54,11,100,3,83,39,63,34,91,31,86,5,96,34,70,85,45,88,98,68,92,36,78,53,65,25,51,85,40,39,67,67,72,86,17,5,56,89,97,9,38,17,47,81,73,46,10,11,4,39,59,28,63,1,76,12,28,5,87,65
84,22,19,68,85,64,95,78,63,26,0,92,44,58,54,71,74,25,16,15,94,57,93,33,32,83,16,71,68,92,24,73,8,80,84,97,64,99,68,58,28,24,27,34,66,19,10,91,86,34,18,33,37,6,75,89,37,52,73,95,31,70,6,5,63,74,50,70,91,5,78,43,69,58,68,99,87,94,61,52,63,50,83,89,19,68,23,7,81,66,9,53,82,45,48,73,62,100,16,5
96,94,22,93,90,70,6,28,48,19,73,88,54,14,75,90,86,94,69,45,31,13,29,64,1,38,13,37,70,61,4,94,40,5,83,62,2,90,58,76,37,35,89,49,71,43,91,45,40,46,50,64,9,55,38,61,37,19,37,72,0,15,83,49,7,96,78,89,61,70,35,39,79,58,93,94,65,25,33,85,6,14,70,16,28,42,3,15,30,88,42,48,84,74,84,69,94,33,85,26
48,67,29,47,76,92,43,64,58,33,11,75,38,68,38,92,15,19,74,33,60,95,75,19,93,12,74,85,95,60,34,16,98,78,8,40,89,54,43,8,76,83,55,15,37,31,79,70,13,98,84,97,77,50,41,65,57,55,68,27,1,88,98,62,74,37,66,0,97,74,40,15,98,78,49,80,28,44,78,49,73,33,15,56,43,9,61,75,15,52,15,64,27,0,77,98,9,0,31,49
80,64,48,35,4,34,48,35,93,97,35,68,71,15,62,21,38,1,50,50,11,32,76,54,26,67,66,89,83,100,24,10,86,94,100,67,14,90,94,4,50,10,66,11,68,22,50,72,56,29,67,86,41,78,56,0,49,74,12,26,21,26,62,51,66,29,42,52,25,90,90,33,12,81,57,38,39,28,72,100,82,14,92,42,83,63,28,15,40,88,21,93,12,19,6,46,87,33,81,28
90,42,82,89,60,38,54,79,74,65,54,3,44,91,5,86,18,56,38,2,100,36,5,16,57,9,44,47,29,92,18,49,40,23,97,22,48,85,66,53,24,21,41,69,43,73,83,36,16,61,39,93,74,25,94,89,33,8,40,36,65,61,84,15,12,89,73,21,62,19,14,100,99,46,84,54,46,76,26,29,45,19,15,47,19,50,84,84,46,19,88,51,10,38,53,82,73,16,57,82
17,86,36,20,23,72,35,84,93,76,99,7,37,90,17,99,70,14,97,12,36,17,84,85,59,20,79,42,24,59,53,55,71,1,0,8,67,57,94,63,12,54,20,78,16,46,100,75,65,36,63,27,89,17,66,94,13,58,71,61,35,67,28,35,79,35,48,80,47,21,16,47,21,11,65,47,5,4,2,53,52,86,28,49,39,19,27,40,84,86,31,79,50,46,77,59,82,45,61,27
22,60,62,64,85,55,93,28,57,69,6,82,57,36,10,48,64,61,60,90,6,36,20,37,97,56,69,3,12,33,79,53,44,59,94,97,15,17,52,85,22,75,84,89,19,31,83,37,95,97,14,93,99,71,22,76,53,98,20,15,98,21,41,21,91,1,29,6,29,66,68,75,53,53,57,4,85,20,75,11,28,42,2,90,96,47,31,85,60,31,11,45,82,34,69,89,4,9,7,40
94,82,3,27,82,72,97,68,7,62,64,82,27,76,15,79,34,49,43,95,71,70,83,70,52,31,54,39,87,38,63,45,68,61,83,75,3,47,94,13,37,97,89,64,6,16,77,92,74,84,44,89,2,51,17,96,93,41,57,55,2,81,57,5,0,1,99,48,81,16,29,77,65,37,36,87,49,31,2,3,76,28,24,5,18,64,75,73,75,89,56,49,85,17,93,47,98,98,68,36
49,12,9,3,11,64,7,22,10,20,92,65,100,50,31,65,57,46,92,83,30,41,6,41,24,95,35,68,0,77,88,79,3,95,91,60,70,64,27,14,97,53,81,97,47,63,25,51,85,24,51,62,37,78,18,73,74,96,57,4,98,38,27,62,63,88,26,15,95,96,75,92,49,72,11,66,7,75,30,49,11,47,58,34,43,83,88,94,22,69,17,60,63,69,47,68,61,41,3,90
58,82,58,89,100,75,68,58,81,96,12,48,35,18,85,97,14,82,89,95,4,23,71,20,75,74,91,18,97,74,1,10,43,95,51,34,87,91,2,56,100,77,59,11,54,42,64,34,83,6,42,69,89,1,77,34,81,24,52,6,13,57,10,69,8,33,20,62,96,7,19,96,98,99,67,100,22,73,72,41,75,19,31,83,24,100,10,36,41,9,28,24,71,98,48,77,81,42,48,33
65,97,82,96,11,16,39,4,72,66,83,40,73,41,33,28,100,98,11,75,42,4,62,4,95,40,0,63,28,27,100,28,5,73,8,96,49,53,46,79,5,22,48,22,71,50,78,69,8,48,34,93,50,11,43,63,62,65,39,85,22,5,43,80,39,37,31,94,87,71,51,23,62,33,99,92,57,25,8,79,53,78,12,13,8,59,94,23,39,8,14,27,86,81,19,23,90,65,44,67
47,90,75,23,7,86,46,81,87,26,55,9,45,41,50,87,42,2,25,23,62,7,81,59,37,36,35,56,98,80,36,2,49,97,18,54,16,48,45,3,2,19,26,36,1,48,88,9,61,76,71,94,30,57,36,94,68,43,63,59,78,53,25,96,92,86,52,77,46,90,83,91,39,11,46,88,37,54,40,96,27,57,24,59,68,27,9,80,49,6,40,45,77,15,39,97,21,46,14,77