52,4,29,32,76,78,24,65,74,56,3,44,81,4,6,33,49,19,2,8,51,55,97,66,24,79,3,100,85,100,95,4,69,59,68,29,47,95,83,13,11,86,29,89,67,8,63,88,3,68,77,30,56,68,33,65,93,49,72,71,80,0,72,90,9,58,44,85,40,67,98,13,68,78,67,19,44,0,0,97,54,5,6,21,20,50,5,4,63,63,50,33,43,96,49,56,58,41,74,56
60,81,90,77,11,10,73,5,33,24,81,40,15,10,21,19,56,61,36,66,13,69,46,1,86,98,96,23,22,83,44,11,77,62,58,6,33,10,19,35,92,57,56,86,15,18,88,47,70,34,96,28,25,94,89,49,11,64,53,91,19,19,28,41,23,83,18,73,59,74,87,16,59,37,79,37,56,22,73,55,24,95,6,33,71,20,33,95,36,61,24,95,88,48,84,70,97,44,22,90
48,22,94,7,37,91,52,87,25,3,98,65,1,64,59,39,90,53,83,83,92,75,54,89,14,36,19,8,82,19,7,7,37,53,23,91,71,28,39,2,5,51,57,100,56,81,53,64,70,89,14,59,70,59,66,50,8,28,25,17,82,87,25,32,54,55,70,77,41,45,29,71,37,90,76,17,11,100,68,62,94,68,37,9,92,86,97,29,91,88,39,22,85,79,60,57,43,100,8,32
12,62,50,53,63,7,38,87,6,0,41,56,37,33,50,79,22,61,44,16,81,60,23,98,83,16,71,85,33,73,60,20,47,66,40,74,98,27,42,81,34,82,12,2,44,93,65,85,96,10,99,94,69,15,18,69,2,37,49,94,47,56,13,2,0,95,39,18,20,38,79,84,8,91,10,51,91,2,43,68,3,33,69,50,44,42,14,9,6,21,49,70,55,61,76,73,10,76,64,47
35,51,16,30,70,84,62,69,44,16,12,58,86,44,16,56,75,6,67,82,14,13,16,47,90,43,16,74,81,39,17,96,32,16,2,8,34,55,14,85,21,19,50,30,85,51,29,59,41,67,40,63,76,21,100,85,37,43,80,37,78,70,84,14,20,9,60,6,32,94,87,1,78,99,33,92,86,97,7,62,36,14,54,35,18,26,18,52,98,38,84,5,86,87,88,67,17,95,97,52
19,85,65,52,40,8,83,7,4,50,26,24,83,90,78,74,10,41,10,3,84,78,0,75,60,71,74,12,41,77,61,61,65,44,47,67,40,25,36,54,50,85,27,98,47,29,8,18,33,94,24,27,17,58,83,22,49,6,31,5,59,77,9,59,6,93,18,25,72,9,46,27,31,72,17,15,41,82,65,26,32,5,64,6,14,9,7,75,98,75,93,66,99,69,32,36,70,75,34,80
49,58,96,34,31,57,31,72,24,6,98,36,1,23,80,6,16,41,53,50,1,65,17,48,3,66,97,35,48,29,73,59,46,40,27,99,38,34,51,88,22,14,58,50,33,56,72,28,42,82,95,80,12,75,41,2,39,94,63,62,91,63,74,83,85,35,20,32,5,70,13,46,77,68,96,32,91,18,5,74,47,26,34,41,38,42,78,53,99,71,65,23,99,88,17,29,13,57,35,13
93,85,84,15,95,61,68,68,50,73,78,89,2,42,45,30,44,34,15,48,15,63,5,55,3,59,34,41,67,53,89,20,39,39,38,20,61,61,46,81,51,14,54,12,53,16,81,93,38,72,4,76,12,83,76,11,6,46,71,97,32,86,80,49,53,21,74,28,35,86,72,8,62,48,91,92,63,74,29,67,9,12,51,48,58,6,44,30,1,69,38,18,81,97,88,65,73,0,81,58
26,6,56,70,9,5,99,30,26,70,3,30,29,66,2,32,45,29,62,98,1,31,23,10,56,81,60,38,36,0,53,10,62,23,26,99,82,99,37,38,57,83,71,96,63,53,39,49,52,54,24,24,27,0,30,6,93,3,44,89,91,51,19,99,35,33,0,18,42,68,21,86,30,1,82,1,29,98,86,38,53,19,31,31,99,77,91,72,70,79,43,18,71,13,76,8,93,56,77,4
83,39,58,64,41,84,34,98,79,100,60,81,22,10,51,100,15,17,19,18,38,47,98,85,59,36,91,90,100,75,18,11,0,26,68,5,43,73,41,87,8,97,55,68,4,80,54,98,26,33,79,22,83,93,54,86,95,6,94,9,13,26,71,95,19,84,41,40,89,5,81,64,96,10,61,88,75,36,6,31,18,67,44,89,43,90,33,55,67,23,61,4,7,80,61,10,57,8,16,32
16,80,21,81,76,37,95,72,63,36,81,5,85,69,97,63,28,29,91,72,2,25,6,50,55,95,28,100,24,49,77,98,34,49,36,0,75,73,10,44,63,15,98,72,64,81,67,71,22,29,86,43,6,67,71,26,42,75,25,97,100,29,8,27,53,33,21,10,69,1,15,4,11,28,99,95,47,48,79,87,42,5,90,26,76,57,46,8,73,89,68,88,42,8,54,26,83,4,9,83
77,26,90,75,19,38,64,82,71,73,8,14,5,97,3,31,8,0,90,60,86,1,63,97,97,93,56,49,33,66,37,25,22,0,70,76,15,85,18,81,43,58,72,74,6,9,14,80,88,45,12,76,71,47,79,71,34,63,74,71,65,55,28,39,81,36,54,17,10,95,41,19,42,36,43,99,46,82,45,78,92,91,49,55,26,27,8,22,36,84,88,50,29,15,91,5,86,51,75,3
87,6,44,51,98,2,59,85,42,85,3,27,13,15,23,46,85,37,43,54,19,54,38,45,48,41,62,76,77,29,78,89,18,90,28,34,23,26,93,70,37,42,41,83,72,77,51,94,13,25,94,8,69,34,32,83,97,84,81,100,14,8,2,89,40,63,56,62,39,19,23,47,26,84,70,76,12,74,42,87,18,69,88,18,25,10,15,77,42,13,98,94,2,63,96,2,81,7,74,12
67,27,75,100,20,99,36,54,37,12,18,19,20,61,56,45,34,98,11,80,82,3,97,23,76,92,55,70,19,98,81,21,72,77,62,81,11,23,93,52,53,99,66,49,53,76,93,25,2,86,21,46,13,23,13,55,75,81,31,84,61,78,23,65,52,93,68,36,7,59,69,8,52,73,39,6,15,72,22,65,78,1,92,11,55,7,81,66,90,41,6,88,89,40,84,96,42,18,91,49
16,87,60,36,89,0,56,94,29,31,82,61,41,76,47,60,15,72,93,4,68,99,4,83,48,12,100,22,66,40,52,42,88,49,61,30,30,96,90,39,85,86,90,99,46,89,62,15,75,28,0,91,90,92,98,28,79,83,23,12,36,28,58,11,94,64,1,37,51,43,21,88,86,53,10,23,52,33,26,71,62,0,76,12,93,93,97,57,79,5,74,83,83,13,93,100,71,35,65,58
68,19,89,56,56,0,82,64,95,25,24,92,5,58,26,70,15,56,50,31,35,98,83,59,97,84,54,86,30,90,11,69,57,88,0,32,63,24,73,63,51,84,36,55,45,24,60,42,77,43,71,68,33,64,86,95,86,68,98,13,96,100,95,13,60,15,10,85,71,54,40,58,67,48,69,33,70,26,3,77,52,92,24,17,100,0,4,10,64,10,29,54,81,69,84,10,22,35,65,86
24,81,12,34,67,39,6,79,88,58,16,50,49,58,10,75,28,62,29,89,68,42,52,41,74,100,76,36,78,52,32,29,12,74,89,75,33,33,24,94,46,46,28,69,92,52,39,69,93,87,49,80,4,41,53,39,73,14,66,66,30,20,70,16,65,21,28,10,96,59,3,21,54,28,31,77,75,74,86,22,28,35,88,25,82,99,48,96,38,16,93,12,36,7,98,63,35,78,68,94
81,8,52,54,47,71,58,94,27,86,66,64,22,75,28,21,9,24,91,20,7,25,31,6,63,97,32,1,87,60,85,85,79,6,1,92,45,55,32,64,58,38,78,74,56,82,32,72,76,12,83,10,57,31,70,21,28,57,18,50,64,96,87,19,98,19,23,65,84,39,11,47,20,97,78,4,61,66,31,41,52,1,64,83,7,45,36,25,27,12,46,77,83,84,96,84,22,29,6,42
73,10,56,21,73,15,62,38,92,26,82,39,85,63,90,69,81,30,9,49,46,71,11,50,96,17,67,12,83,36,67,5,85,2,71,72,57,75,61,33,78,78,73,89,12,37,55,74,32,1,56,5,5,84,98,83,53,44,78,71,53,3,30,26,89,80,55,79,4,92,90,28,69,78,44,86,93,68,43,47,9,57,75,6,7,39,32,63,96,11,79,64,31,97,100,9,39,73,59,93
32,34,91,55,97,82,40,51,22,45,51,11,82,52,78,59,38,46,90,54,87,62,95,67,93,77,52,42,93,79,31,80,62,44,28,18,8,24,77,57,9,70,72,75,44,25,84,18,58,85,60,73,22,89,38,99,17,85,33,36,39,18,42,9,22,71,63,3,41,3,57,87,18,79,95,66,58,58,84,53,62,26,23,2,66,32,83,37,93,99,48,41,28,34,78,44,63,93,66,21
65,35,53,79,84,61,41,98,47,59,33,20,12,63,74,35,85,52,10,42,32,17,71,81,97,37,33,71,14,58,18,48,88,27,31,98,36,42,67,99,12,64,34,31,71,11,49,13,55,50,47,8,4,77,92,81,8,89,15,70,6,34,18,67,36,48,23,60,73,56,25,99,80,2,79,24,52,51,27,81,57,83,2,89,42,41,54,64,44,68,28,24,77,76,64,5,6,84,92,92
2,93,46,0,32,57,79,23,24,21,28,84,58,50,18,60,1,28,45,50,18,7,26,27,65,42,37,73,84,84,51,58,14,59,17,6,9,75,29,24,10,41,37,96,5,87,2,91,55,21,67,22,84,73,28,29,9,42,2,32,38,64,69,29,47,18,78,35,45,81,72,9,19,41,98,10,79,15,68,80,84,76,86,91,15,69,55,93,46,47,36,38,3,10,87,37,96,56,64,32
68,89,51,24,65,100,53,10,79,38,98,43,86,88,100,50,77,6,93,86,21,14,70,0,78,32,36,33,64,66,6,15,95,28,24,24,22,82,76,93,12,99,74,34,77,31,9,64,48,43,64,80,1,19,73,44,53,32,45,30,58,6,27,20,90,1,16,17,2,47,47,38,73,89,5,64,53,7,13,82,63,24,65,0,51,78,88,39,46,62,33,78,41,1,91,17,96,12,100,76
44,67,9,59,63,71,98,19,5,21,44,25,44,27,88,56,51,2,48,80,18,76,58,10,22,33,95,71,98,26,11,13,80,56,100,26,23,13,78,66,21,38,84,96,97,74,33,91,93,93,88,69,48,96,38,81,27,77,52,94,29,37,88,80,13,1,37,72,1,2,87,26,70,5,19,60,98,18,5,8,8,36,77,66,69,32,27,69,52,41,52,43,83,79,50,82,48,44,97,29
69,72,24,6,84,71,0,71,72,46,100,21,89,6,66,26,23,4,37,42,75,13,75,76,9,24,25,82,27,33,40,93,85,84,29,57,89,81,5,12,18,36,55,10,52,2,16,92,20,100,21,88,49,97,99,82,88,6,1,3,74,62,2,37,86,71,52,20,91,5,15,96,28,39,81,22,65,23,46,99,61,49,62,39,84,33,32,8,84,53,30,83,34,83,8,23,8,0,54,59
55,50,15,39,47,47,37,69,36,63,29,17,18,17,26,73,27,19,5,87,19,63,26,83,82,12,15,56,48,74,87,62,85,16,98,71,31,4,76,66,31,68,46,72,60,40,70,63,41,5,57,7,4,95,91,53,13,21,89,40,47,12,18,62,6,3,7,9,10,28,73,5,97,61,64,19,34,8,31,57,73,47,19,6,91,8,51,35,76,27,91,24,21,75,21,97,68,25,95,77
11,77,34,13,18,55,41,28,6,65,42,17,1,4,72,92,39,61,33,45,67,26,51,56,62,86,75,36,33,12,14,76,4,87,34,20,8,29,80,28,28,8,97,19,84,7,55,21,54,54,73,72,41,60,4,100,5,2,26,90,68,91,97,43,61,70,94,71,24,42,90,51,56,100,59,93,100,14,3,61,67,51,52,64,75,12,44,31,87,88,55,12,28,52,57,49,37,7,81,30
15,62,61,39,8,19,69,39,68,0,36,26,39,47,31,19,86,39,71,28,12,90,57,99,59,60,76,5,43,42,3,52,13,51,8,50,70,12,84,92,67,29,54,70,32,84,51,56,19,84,24,35,54,39,30,77,55,96,66,83,74,51,51,44,65,82,10,18,78,54,1,0,58,39,34,100,41,74,91,53,4,69,6,43,35,51,99,63,49,82,20,34,69,64,80,39,9,35,65,26
89,51,92,2,90,16,0,48,52,40,74,26,15,27,15,26,17,7,73,46,20,92,21,80,57,97,97,48,45,27,75,61,28,81,74,37,96,11,54,35,59,89,89,2,10,78,7,67,26,96,9,23,51,89,81,54,66,2,37,22,47,93,33,56,86,76,42,91,54,88,51,91,74,98,7,76,63,13,44,41,53,43,93,35,4,63,44,68,63,35,18,70,24,20,84,31,53,13,77,15
7,61,39,31,74,68,28,36,96,70,97,73,2,87,93,88,1,48,29,94,7,54,98,26,84,93,67,88,62,59,88,36,73,94,83,40,36,39,14,89,4,67,15,42,1,20,62,46,76,37,100,32,88,10,51,22,55,89,81,37,39,2,53,85,41,3,60,25,51,24,0,51,0,60,45,4,17,56,4,14,34,21,56,22,88,17,50,23,5,60,25,99,54,15,76,47,2,46,13,81
56,14,57,16,45,95,10,80,42,7,24,93,7,59,92,78,86,53,0,60,39,52,36,45,53,93,56,61,55,44,35,32,92,34,57,32,88,86,100,23,43,38,96,27,95,39,47,100,46,81,82,84,47,12,0,91,16,50,39,55,5,57,46,46,76,20,71,17,22,82,64,94,24,13,22,7,77,76,8,54,18,63,60,25,13,75,60,26,84,24,59,95,42,41,78,64,85,63,43,67
64,21,65,3,46,32,26,15,25,72,71,30,94,31,10,98,22,64,31,51,19,84,38,71,64,45,63,28,53,45,39,47,59,23,81,65,6,51,65,64,6,22,45,31,5,44,95,74,90,94,45,36,60,90,45,72,68,54,57,48,65,25,12,15,16,40,17,85,19,54,4,13,52,20,40,84,59,39,77,50,57,7,14,37,47,73,15,4,35,43,31,80,68,5,76,28,26,35,47,9
65,36,67,16,53,46,51,53,50,65,32,42,85,59,77,77,46,7,27,3,11,42,95,72,94,16,38,12,57,42,77,99,7,24,20,4,75,25,91,57,86,94,38,16,21,46,25,79,51,76,75,75,43,75,53,80,15,86,100,85,98,84,100,86,39,34,3,66,6,12,100,41,72,100,51,3,87,59,18,7,76,43,40,36,3,58,27,35,83,53,87,19,3,81,88,82,51,82,40,3
27,18,86,13,26,93,89,2,40,38,27,42,96,40,1,7,59,64,45,72,63,77,100,54,61,83,79,23,58,30,43,79,67,22,41,55,36,1,64,63,45,24,86,36,83,7,88,53,53,21,76,24,44,81,91,45,22,19,41,43,62,77,0,92,26,93,15,40,86,10,71,3,92,6,48,58,37,44,93,94,83,29,41,28,32,43,98,48,89,20,10,34,24,56,26,56,48,11,55,2
62,15,61,62,36,17,55,6,19,97,13,72,80,99,13,47,95,65,18,1,48,22,22,34,17,23,75,92,56,23,85,72,58,27,5,20,53,79,58,19,77,64,10,7,41,13,99,37,48,70,29,93,98,80,37,86,40,52,96,77,27,68,51,8,56,48,4,97,47,86,58,91,31,60,30,23,16,87,80,71,56,88,53,94,47,98,67,95,40,48,18,21,6,95,62,61,73,66,54,53
23,33,3,53,28,57,94,26,84,55,4,67,60,36,73,66,81,9,2,30,42,92,32,75,62,91,14,13,16,86,0,73,26,48,59,12,60,17,69,63,70,4,40,58,68,54,66,42,99,12,23,51,61,75,55,59,69,95,42,24,79,19,2,92,92,25,1,22,91,39,37,80,67,56,42,73,19,20,91,36,3,49,45,73,54,61,84,36,45,91,38,46,51,46,74,3,79,54,82,56
60,70,79,90,11,61,90,60,49,32,25,62,33,24,42,10,57,44,13,31,83,52,100,52,11,53,85,72,80,1,81,56,16,1,84,61,52,83,43,30,100,92,24,6,69,72,76,79,21,21,99,42,75,50,57,76,66,85,72,22,71,47,81,8,41,86,18,25,80,97,78,95,70,73,6,42,29,1,88,44,87,16,84,17,81,57,49,40,8,48,74,74,56,10,77,49,93,33,91,81
37,0,32,55,15,62,58,97,9,69,88,58,31,40,73,99,28,57,100,25,70,9,44,16,88,57,61,74,25,44,4,12,87,86,94,58,4,95,61,36,27,88,11,27,95,72,22,27,1,7,94,77,12,10,20,27,94,13,84,93,85,79,43,55,38,85,59,47,32,85,2,38,75,95,91,34,14,56,91,73,66,50,73,81,80,68,94,99,98,23,59,28,99,33,19,87,16,49,14,53
65,28,66,48,99,86,76,11,28,82,25,53,82,6,8,67,98,93,96,86,17,82,25,38,10,59,81,62,32,93,31,20,22,43,88,61,66,33,80,33,94,90,29,79,20,29,25,43,56,12,27,95,72,2,26,87,24,43,16,42,78,54,72,4,46,20,64,71,26,87,31,96,14,40,4,95,89,17,0,57,78,8,35,4,43,44,63,71,60,43,10,15,54,61,17,62,88,21,18,82
92,87,12,62,4,91,86,74,29,26,88,25,96,19,76,57,71,54,10,39,90,93,43,87,22,96,92,65,30,88,51,96,49,86,83,21,3,4,18,100,55,64,10,70,62,94,58,0,43,62,35,54,73,63,36,74,87,85,31,51,55,37,24,26,84,89,4,39,24,75,30,17,18,8,56,47,50,91,56,75,84,21,6,4,88,99,71,5,44,64,86,3,72,55,83,22,89,2,38,32
100,6,42,58,15,96,0,74,21,91,47,49,11,87,47,100,5,8,5,56,12,26,28,93,73,7,77,86,60,60,99,16,55,37,42,49,39,84,62,6,52,76,12,21,88,24,11,67,55,37,52,15,70,60,3,42,14,56,100,77,50,7,44,92,17,34,97,96,42,45,44,81,82,10,17,2,41,34,40,33,29,22,91,29,81,48,89,70,66,28,33,7,14,79,65,75,86,62,76,63
51,45,0,71,17,17,63,19,70,12,58,12,36,18,74,50,17,53,86,26,84,61,43,95,51,90,5,75,51,58,26,87,43,14,9,54,88,99,29,65,65,28,27,28,38,42,31,4,63,29,17,41,51,0,22,35,47,54,1,88,41,47,81,89,19,55,46,25,32,43,29,90,51,53,67,36,83,12,48,40,37,52,12,22,99,71,100,30,28,32,87,23,27,29,32,8,18,28,68,82
6,87,82,85,11,32,74,49,51,12,40,55,25,66,54,61,77,66,23,44,17,96,20,24,90,73,61,35,92,59,26,89,48,81,3,13,38,75,21,59,22,10,40,68,49,36,8,12,64,56,24,26,90,89,89,73,95,54,44,1,5,37,13,22,9,30,49,61,79,10,4,77,84,82,82,23,8,86,49,86,94,66,40,60,86,26,71,52,17,58,17,27,66,89,86,0,51,28,42,3
70,69,0,2,94,83,97,55,95,79,99,79,38,100,79,92,86,86,38,41,73,72,45,75,80,88,62,62,31,22,0,70,78,72,4,42,64,10,10,27,57,62,42,47,87,60,100,12,21,33,20,94,93,60,30,90,69,75,80,34,94,13,98,44,94,75,74,19,20,22,93,98,8,34,41,16,34,0,40,22,92,89,30,30,6,56,82,34,53,15,70,65,21,2,13,58,77,100,25,30
99,86,90,36,72,74,49,100,100,81,70,63,29,3,46,81,85,97,90,75,53,64,47,62,80,90,4,44,10,41,53,57,58,10,7,32,34,33,24,51,50,90,88,11,19,1,23,89,64,44,12,28,90,65,24,54,73,42,10,26,98,19,36,19,14,75,21,82,77,25,100,75,62,8,18,8,36,15,96,30,32,36,52,3,25,0,73,20,18,89,89,41,44,70,16,34,67,69,7,0
71,11,40,7,97,50,77,59,42,15,71,84,78,28,4,25,67,91,44,23,32,70,17,98,82,29,52,95,79,10,0,0,6,57,50,22,10,80,60,55,5,2,28,87,27,2,21,3,0,90,34,89,72,88,43,13,36,6,33,49,39,10,40,21,87,0,5,48,33,27,59,22,5,73,62,49,87,91,37,70,40,23,31,1,34,94,4,63,6,90,33,68,34,12,4,5,0,3,30,46
84,92,52,62,34,85,79,82,10,20,17,6,84,77,34,65,66,53,35,28,65,74,54,89,76,93,49,36,53,5,41,6,76,71,47,24,1,4,79,21,92,100,96,50,74,38,53,81,41,99,41,27,58,44,25,72,98,62,43,78,33,4,23,95,20,70,52,81,35,69,1,79,94,50,100,91,16,94,49,49,39,36,33,75,7,71,73,64,22,0,35,69,10,48,70,84,24,48,0,58
67,25,85,7,78,51,91,39,15,45,65,24,75,31,79,45,53,61,38,15,87,15,61,64,58,96,58,98,94,36,75,7,92,12,19,30,50,82,4,91,34,17,28,77,88,90,19,99,12,18,7,60,96,43,3,50,18,68,18,8,21,82,89,72,78,96,48,91,13,37,50,97,89,24,24,62,80,28,31,21,38,89,92,82,28,93,71,95,87,49,30,91,98,28,37,56,86,57,38,62
43,26,68,90,30,43,76,0,50,56,25,37,48,37,16,58,12,10,15,14,11,57,31,2,73,78,67,95,2,12,41,39,8,60,50,61,84,21,78,8,36,39,9,76,9,88,76,86,4,48,13,30,18,77,93,2,7,66,38,66,86,13,50,39,6,11,9,27,72,97,85,0,0,9,99,35,53,51,13,5,8,96,24,86,39,62,10,62,2,35,72,17,54,24,64,59,54,54,70,73
8,8,3,69,8,10,57,14,33,60,46,40,97,83,26,73,68,49,83,28,50,87,90,59,9,17,18,70,68,81,45,52,92,93,22,64,43,44,70,13,37,54,99,22,40,84,14,11,46,73,90,48,90,20,87,45,34,38,73,100,89,74,62,39,21,17,51,54,6,46,82,51,67,74,26,42,29,69,0,16,70,53,64,27,19,38,82,64,26,50,46,15,14,4,77,81,15,69,52,12
28,14,89,6,64,83,14,47,100,69,100,70,77,13,99,92,62,0,53,52,85,12,97,9,16,49,10,80,24,79,25,43,19,26,79,63,78,90,89,31,17,19,34,74,0,63,50,44,72,47,100,4,32,68,80,63,37,35,88,58,41,74,31,50,65,53,43,74,58,18,98,94,70,52,56,3,100,74,85,95,37,85,51,56,8,45,31,66,85,31,98,51,38,88,46,99,93,75,31,44
98,45,96,34,17,34,52,61,45,48,43,98,16,11,80,65,53,6,73,73,27,54,71,65,40,18,2,47,79,27,55,82,43,72,24,55,97,62,76,8,65,8,23,78,10,67,88,93,42,94,92,84,51,6,76,72,77,24,19,44,51,38,30,94,71,82,26,93,51,99,90,79,56,52,69,76,38,49,63,100,28,6,47,72,59,64,58,62,100,66,59,73,51,61,1,78,75,19,10,5
3,24,90,29,39,84,92,31,53,72,10,64,90,91,56,36,12,23,90,16,34,18,88,66,46,81,72,36,74,24,52,5,98,73,9,77,97,29,6,17,42,89,0,54,11,100,62,62,36,78,16,89,30,45,10,72,10,66,100,98,40,87,85,2,56,94,67,98,67,16,30,21,33,26,61,93,5,61,23,71,20,39,96,23,7,92,81,80,88,94,90,4,99,69,58,46,28,37,98,29
28,28,74,30,23,29,75,100,43,76,51,7,63,54,5,59,85,48,6,3,96,89,64,0,55,90,7,43,55,54,28,49,92,74,93,56,58,0,90,29,35,61,100,52,47,71,40,56,56,80,95,33,42,2,37,43,65,20,61,89,99,81,83,87,6,56,49,11,57,35,25,63,29,15,42,56,8,90,94,98,64,61,38,65,54,45,86,52,84,96,69,51,84,72,50,27,67,84,91,99
5,85,43,77,40,81,91,92,19,13,44,91,78,57,12,81,90,24,67,10,20,58,56,64,4,30,54,87,21,58,33,9,40,61,77,94,19,49,36,0,21,46,29,84,52,28,8,97,90,87,60,79,18,86,36,26,21,27,61,48,72,59,66,23,6,80,85,38,6,17,48,79,79,15,34,39,21,32,77,95,32,73,27,75,82,15,67,93,88,79,41,40,73,18,0,56,16,85,46,34
84,91,87,66,7,94,97,79,33,66,64,74,74,36,61,47,22,25,79,61,78,80,80,35,82,62,59,42,51,96,19,44,90,28,15,57,65,32,31,43,73,25,62,31,30,15,64,18,90,5,58,62,76,97,47,70,52,9,46,81,21,12,92,86,35,99,5,62,27,13,89,27,96,48,90,95,30,83,9,43,40,92,31,91,8,96,24,35,38,77,4,97,1,11,23,41,13,3,93,52
67,57,72,84,60,87,7,73,42,13,37,89,6,95,97,42,26,20,65,25,50,12,99,38,8,49,66,85,7,4,26,38,57,29,75,88,52,5,87,88,100,82,70,67,84,100,71,100,0,60,23,54,69,59,67,98,100,15,12,55,72,44,6,4,33,54,35,70,1,5,67,56,7,3,69,6,54,13,36,84,8,90,14,86,62,34,1,98,76,8,1,39,72,49,87,89,35,42,15,57
65,38,16,29,82,17,77,2,91,44,22,16,90,83,56,26,9,63,28,44,12,24,26,91,62,71,81,100,30,7,36,59,75,55,99,32,37,60,42,66,56,6,58,0,76,72,71,98,42,88,49,56,41,14,14,45,53,53,14,79,25,27,47,100,23,67,88,34,47,98,76,21,18,51,44,68,76,11,93,21,80,42,39,91,70,15,74,56,56,58,38,53,9,14,11,57,21,64,4,51
50,28,98,87,89,65,40,23,54,52,55,99,98,79,76,95,65,30,68,9,3,77,66,79,68,38,78,24,70,6,54,29,13,12,24,34,54,33,100,83,8,0,52,73,67,89,89,10,86,49,26,84,52,90,62,57,97,44,36,100,35,1,100,16,86,62,61,66,32,73,58,35,58,73,16,12,10,67,10,69,72,78,77,24,13,37,52,19,37,52,84,2,47,34,26,58,56,53,28,51
0,69,72,76,96,68,61,16,19,4,82,0,68,50,6,96,72,12,25,72,39,67,97,98,43,43,42,37,30,4,9,100,1,98,7,59,31,13,55,52,57,48,14,63,11,11,27,57,8,64,22,74,77,39,53,7,48,10,18,64,56,28,97,83,76,65,82,50,89,31,49,1,40,74,83,61,79,58,1,49,21,53,75,2,15,52,86,24,63,85,10,70,70,77,41,13,36,76,24,94
17,77,99,73,9,21,81,7,3,34,61,54,91,81,40,46,51,97,17,89,28,55,89,89,69,89,12,41,95,29,48,2,51,91,43,20,74,79,25,72,54,0,22,33,1,66,59,8,45,76,61,69,42,43,66,71,93,18,29,21,91,13,33,99,52,68,94,68,45,4,41,34,46,36,24,18,10,63,77,29,83,30,12,44,26,37,64,21,14,46,27,78,36,25,17,50,83,25,67,6
82,20,89,65,7,29,75,58,58,63,7,67,24,13,25,28,72,1,76,21,50,23,51,45,66,91,100,53,90,7,4,93,94,0,71,68,66,72,12,75,55,39,61,62,26,34,100,42,69,95,8,48,44,67,47,79,73,30,7,55,95,18,41,43,73,51,42,9,37,73,33,4,48,91,28,41,78,51,76,35,96,43,68,89,75,4,1,22,77,8,53,72,83,58,44,3,40,25,19,8
18,70,15,30,39,38,80,79,57,72,31,61,62,25,81,35,20,61,45,95,38,31,7,41,43,14,69,81,8,57,89,11,70,2,29,79,38,60,60,29,60,90,37,28,49,56,37,16,19,33,23,40,72,42,59,61,20,89,92,91,62,68,13,59,43,95,46,11,53,35,66,65,53,32,51,25,41,89,52,86,37,56,14,37,20,81,21,30,77,34,88,31,3,29,26,77,97,42,18,27
61,26,1,73,54,45,3,50,51,49,32,10,86,6,37,60,83,86,63,37,76,0,74,42,85,65,16,5,100,68,98,19,44,50,48,43,60,27,93,42,68,19,6,28,12,42,99,42,5,69,89,55,22,90,34,51,46,23,9,61,6,64,52,39,9,36,32,70,68,5,66,98,76,15,44,27,71,14,22,73,22,31,93,34,88,68,83,6,73,4,60,11,75,50,48,58,24,2,41,39
53,10,69,29,81,40,28,7,57,99,87,52,4,62,60,57,46,95,39,34,60,82,61,6,53,7,68,86,8,81,91,42,82,84,94,1,8,69,40,4,6,70,64,62,89,58,67,96,49,10,94,36,23,19,51,72,54,85,31,91,27,78,35,46,100,35,76,25,54,64,97,86,11,61,46,88,64,7,80,78,26,75,49,60,54,48,47,16,32,56,27,97,33,20,89,84,6,52,36,19
39,39,75,92,43,52,48,75,26,58,98,65,90,26,9,91,89,22,39,11,85,97,95,90,10,25,53,12,50,89,93,12,15,59,20,5,63,71,89,57,49,19,72,100,6,13,44,35,66,64,35,80,36,26,12,22,74,52,63,13,25,7,100,13,87,54,26,67,37,12,7,81,73,68,18,60,99,55,44,47,50,61,18,14,5,62,23,0,62,91,10,71,2,83,66,0,17,64,34,80
65,39,68,28,21,27,63,59,87,16,11,44,62,77,79,53,31,43,39,36,92,96,72,92,32,38,13,44,64,20,23,77,97,4,27,40,95,3,59,52,86,77,95,58,15,71,3,38,51,7,54,78,63,35,25,22,61,76,83,57,33,73,84,28,96,16,18,13,40,49,8,64,69,43,59,83,38,6,62,65,64,23,95,54,31,85,52,73,71,88,78,3,82,11,57,34,99,17,18,41
62,63,58,53,51,90,32,9,94,47,11,21,18,62,26,94,27,33,81,17,8,83,24,25,51,30,87,50,45,5,2,52,33,95,42,57,39,100,89,17,43,76,72,22,30,90,79,100,32,80,42,41,12,19,65,77,32,18,91,86,68,28,93,9,45,59,53,18,3,28,81,8,23,3,61,88,88,99,66,60,99,46,87,86,4,87,18,53,86,37,75,60,15,37,72,93,47,51,83,91
36,96,20,56,40,21,86,67,39,69,33,10,94,87,99,6,15,28,61,43,87,29,73,91,51,17,96,92,38,30,34,36,29,78,90,33,52,27,97,47,55,29,8,42,35,12,93,83,11,2,87,12,37,5,42,60,28,94,48,39,47,49,24,37,51,80,49,88,89,99,68,36,7,18,77,86,0,55,43,26,53,49,0,72,51,60,55,3,19,25,88,4,69,47,71,27,74,24,22,95
36,49,38,57,21,67,40,2,41,64,62,32,77,95,54,48,96,82,23,21,90,29,41,58,71,42,76,20,20,65,43,86,6,18,79,14,64,73,84,3,26,11,63,32,36,38,27,16,76,63,34,12,82,3,11,97,58,0,86,91,67,75,62,55,85,8,16,26,12,95,55,93,36,13,99,68,32,49,52,15,57,54,88,65,44,38,64,67,58,53,34,14,88,5,15,67,70,35,60,52
1,11,21,30,83,73,24,6,24,87,89,35,46,83,81,17,13,60,100,97,81,28,10,36,12,43,43,71,71,42,91,31,28,86,77,25,92,74,56,16,95,41,62,50,63,75,39,81,5,91,49,70,27,28,37,80,62,16,81,55,58,95,58,58,23,10,2,98,46,34,34,8,91,83,13,15,30,21,31,68,78,14,18,96,71,6,11,11,2,99,43,79,17,1,39,65,77,38,48,52
28,91,51,73,20,81,22,30,33,2,4,21,91,66,77,17,80,11,67,96,57,90,18,53,10,75,11,33,29,38,30,5,17,19,97,81,26,78,42,6,69,58,75,77,81,85,76,92,6,57,25,11,50,72,8,52,54,0,23,41,61,86,76,78,6,12,2,47,39,80,12,8,31,99,54,25,15,83,16,94,0,94,74,34,26,45,25,72,9,10,48,45,80,48,68,81,59,99,32,90
61,86,93,43,58,27,47,52,10,13,52,10,84,89,65,50,48,90,3,32,12,88,79,45,76,63,5,59,94,33,75,79,62,59,24,43,26,43,34,34,38,92,0,48,72,21,53,56,3,80,97,58,99,45,42,75,53,46,51,67,45,24,59,37,67,73,6,29,86,4,63,25,99,6,87,66,12,97,7,8,7,56,79,42,98,79,89,82,57,58,21,24,31,13,63,73,60,71,26,5
46,89,43,63,89,49,8,2,35,21,29,100,76,26,75,71,56,60,22,90,31,8,39,9,0,50,13,78,11,39,23,79,5,41,57,7,18,54,86,6,87,29,98,45,69,61,34,88,8,49,10,61,47,11,12,22,66,45,43,58,64,100,75,19,10,26,46,76,11,83,57,90,29,51,54,100,75,28,8,10,82,86,15,21,23,84,82,82,15,92,68,67,92,37,8,52,26,47,81,47
51,17,25,32,22,51,25,88,8,39,17,78,1,91,81,9,20,25,86,97,72,25,35,23,85,10,58,60,15,77,33,53,38,84,46,5,10,18,85,95,68,71,97,5,0,57,81,2,25,7,47,97,68,7,46,93,39,1,91,24,58,74,93,97,37,89,7,3,100,14,78,8,31,93,23,34,27,51,44,71,73,50,62,74,51,23,37,59,12,42,81,77,90,68,4,66,93,12,39,83
60,16,38,63,71,61,90,8,73,42,75,4,76,88,74,77,78,75,65,39,85,94,1,34,42,85,21,72,8,58,47,81,16,89,55,34,19,97,32,45,41,77,18,35,43,7,84,22,73,59,31,98,37,24,48,16,68,90,76,24,14,48,35,59,22,98,56,6,30,33,23,77,88,52,91,36,6,94,35,14,54,51,7,2,55,82,98,64,22,15,59,80,81,72,60,86,30,69,95,4
79,32,97,90,100,98,33,0,70,30,90,22,51,27,9,42,35,30,65,53,27,99,68,62,22,48,100,65,55,21,60,92,91,26,71,57,62,45,81,1,95,7,59,2,79,60,94,19,38,20,14,47,100,31,10,75,89,79,24,79,40,80,19,48,74,8,74,90,60,33,54,28,45,89,26,91,13,98,15,20,50,92,11,86,9,25,65,81,16,49,19,50,94,31,84,72,5,3,95,54
44,46,37,84,39,92,42,7,76,83,55,89,60,97,38,75,93,73,67,83,55,40,63,89,59,53,47,18,54,52,49,48,39,18,44,77,98,31,2,44,92,91,18,35,23,28,59,27,93,61,60,10,59,74,29,94,44,34,74,82,97,3,53,17,21,62,71,60,12,66,80,76,94,5,88,95,86,29,50,49,58,0,59,33,87,72,19,82,45,57,17,78,71,87,76,20,51,75,23,60
49,40,13,63,21,47,57,2,80,98,58,41,35,78,70,58,49,87,91,2,36,14,17,100,4,34,96,57,98,56,13,86,93,33,75,97,40,35,99,15,20,8,67,30,12,13,35,40,24,14,60,48,6,31,94,36,40,32,57,26,35,47,48,8,15,44,22,28,36,34,45,9,94,26,71,12,24,33,75,70,99,20,7,33,2,99,4,27,82,73,14,36,85,57,72,55,19,52,31,49
3,1,12,66,69,68,29,67,56,17,71,13,86,65,75,23,37,53,44,44,0,7,83,13,17,5,81,80,12,87,70,55,0,99,61,75,77,37,66,25,34,32,66,94,61,46,13,29,20,29,50,33,5,20,32,21,38,73,49,81,97,99,23,37,60,31,77,25,75,79,71,53,65,67,38,37,48,10,100,15,83,52,18,2,87,60,82,97,89,32,17,46,74,49,80,76,64,75,42,35
81,96,65,42,65,15,84,33,12,6,2,74,40,42,0,34,64,40,69,29,13,77,45,63,40,80,73,4,93,14,81,97,27,54,27,47,75,87,84,94,1,15,77,96,49,65,72,66,10,31,79,52,19,3,40,18,11,59,65,42,48,94,68,6,50,5,0,63,21,78,91,93,18,8,8,29,86,25,33,87,24,36,31,4,18,60,81,54,42,13,52,14,50,62,20,44,4,85,12,81
28,5,34,89,99,85,64,61,40,0,82,93,84,33,42,44,40,54,4,6,18,92,81,42,2,29,24,5,36,79,62,68,43,50,54,60,50,92,56,82,71,24,65,0,4,59,20,3,82,51,35,71,96,58,10,58,52,92,86,12,88,88,94,86,91,76,67,25,2,69,62,69,50,68,28,71,20,49,92,41,6,0,31,24,53,46,7,26,48,98,92,66,45,51,53,20,100,45,56,48
23,65,43,90,81,63,100,43,76,65,37,37,33,47,67,82,84,20,55,31,86,82,81,74,38,84,57,58,80,37,4,46,46,56,78,22,8,35,36,17,95,14,74,82,3,78,44,84,11,78,75,7,87,40,24,52,45,51,25,74,34,44,80,85,51,10,98,47,83,66,94,99,97,44,87,31,18,98,50,50,63,79,95,62,56,80,99,34,81,15,8,9,90,63,21,68,33,78,13,32
52,96,83,46,100,99,23,52,51,91,78,31,18,71,37,66,60,78,36,80,36,8,52,82,98,40,57,7,65,48,56,49,40,39,90,17,45,93,81,36,81,14,63,63,67,69,94,49,28,23,14,75,69,94,98,49,42,22,90,97,91,91,79,53,36,78,22,52,8,80,87,17,23,63,66,1,27,63,94,47,13,73,44,91,32,5,25,5,59,92,67,49,16,37,72,72,83,70,12,100
58,28,47,37,99,45,45,28,59,72,85,21,49,68,17,22,30,59,40,0,67,73,80,86,96,50,68,64,38,13,91,21,54,8,19,6,62,12,90,67,79,73,60,12,41,57,34,67,77,33,20,92,19,64,48,51,96,66,85,67,65,0,18,62,11,96,87,18,54,57,98,51,87,83,15,97,4,99,6,51,85,42,39,95,24,19,0,27,35,8,80,65,79,89,85,100,60,78,10,62
40,65,71,59,96,65,53,14,41,61,36,62,42,85,92,15,40,32,26,98,22,98,86,58,14,59,84,9,8,68,26,69,4,0,65,100,36,54,21,85,52,26,63,96,8,42,31,89,22,72,49,7,69,33,28,58,46,7,85,21,38,54,56,25,77,14,73,36,85,78,45,96,14,76,95,70,90,49,81,33,73,67,54,83,31,72,56,10,75,33,24,2,12,47,7,53,70,55,10,65
79,91,69,69,50,47,85,5,72,71,14,42,44,6,89,56,39,49,52,46,23,5,82,71,78,54,45,98,75,61,11,85,45,56,94,90,22,56,74,25,6,29,82,63,15,48,33,24,25,3,98,2,34,86,36,36,70,46,48,82,62,43,55,21,23,37,3,55,47,86,99,6,93,51,12,4,20,83,67,52,20,68,91,80,45,78,50,83,0,50,2,96,49,69,57,94,1,95,23,97
43,31,30,38,54,11,64,63,44,8,8,18,79,19,69,67,71,64,82,66,15,89,5,38,71,91,83,67,31,10,76,13,48,20,54,28,22,30,64,44,87,81,67,41,11,89,1,89,54,41,18,52,0,78,49,3,48,1,41,30,34,98,5,82,7,59,100,82,82,55,57,12,42,44,68,39,28,11,33,74,38,63,61,61,82,30,89,86,51,40,96,90,9,85,4,14,50,68,0,83
70,86,45,88,68,63,60,74,89,39,37,46,56,55,29,99,47,94,23,8,32,65,13,34,12,10,88,9,64,16,4,11,53,48,75,9,44,3,46,11,86,5,84,68,91,96,17,38,37,86,57,15,2,75,50,84,60,0,18,8,3,49,33,66,73,55,52,84,38,38,52,52,25,21,74,36,29,31,68,16,90,87,100,58,75,30,30,77,75,60,12,38,100,35,1,14,35,73,44,68
75,47,97,16,55,89,29,4,25,85,7,28,99,56,9,0,39,60,64,4,15,0,40,16,57,0,100,69,48,70,79,72,63,27,88,62,23,38,46,73,30,3,64,93,22,94,9,68,1,46,5,49,12,23,23,61,11,97,79,97,98,79,81,39,12,10,31,76,98,77,5,91,91,26,8,88,77,72,10,84,59,76,8,99,37,58,92,90,16,74,37,92,26,42,52,80,91,42,50,81
33,19,15,43,82,62,37,67,55,70,81,56,88,77,21,45,38,69,71,13,0,83,22,82,61,52,39,80,3,29,97,11,67,56,100,47,10,99,100,68,4,49,15,50,97,39,52,80,74,46,89,92,60,88,29,18,20,39,8,98,41,15,77,57,92,7,73,72,73,4,67,81,80,98,7,55,84,54,34,83,41,83,91,96,80,87,83,31,26,71,3,22,45,87,69,45,49,58,98,62
81,81,94,42,72,100,81,68,54,22,16,38,45,65,8,13,2,67,30,48,51,3,30,47,41,55,11,84,97,93,91,23,24,75,53,96,2,8,100,90,6,86,43,94,14,58,62,10,68,6,57,11,8,17,51,44,95,22,56,45,86,85,39,70,10,54,94,98,27,14,28,78,83,75,31,2,55,56,11,89,95,15,85,87,74,81,31,95,19,93,92,46,63,84,4,33,30,4,100,19
84,70,43,13,41,14,63,47,81,61,56,99,23,76,93,62,40,100,50,97,42,60,78,72,6,7,82,91,89,21,0,50,72,66,13,20,67,77,90,34,61,38,50,3,71,85,36,16,15,18,78,32,53,15,85,79,90,17,40,38,46,35,56,82,50,25,4,57,74,20,66,85,74,93,19,56,75,8,34,72,12,47,9,79,77,58,89,62,68,5,30,88,3,53,52,88,88,42,87,34
53,55,81,16,20,39,91,23,14,23,55,40,74,90,57,3,84,96,9,44,43,45,86,92,10,68,21,62,68,1,8,57,53,8,67,30,81,80,83,51,16,88,66,73,37,32,4,0,61,61,29,63,63,38,17,98,29,37,69,47,30,27,74,21,99,99,14,67,53,49,90,66,24,9,96,75,64,91,78,60,7,76,27,0,88,52,58,38,9,53,7,61,3,83,93,40,71,78,83,5
4,86,47,1,2,67,16,40,20,55,85,83,87,83,23,18,5,29,17,51,86,88,65,73,31,62,50,14,52,39,98,50,54,18,93,81,30,40,36,31,21,33,84,67,65,78,5,20,74,45,28,49,34,100,52,25,81,28,94,36,67,44,51,67,85,3,60,28,92,82,52,26,4,10,50,21,98,31,9,47,12,71,94,80,47,85,98,20,19,35,65,35,97,85,79,84,44,53,87,83
55,92,28,3,9,92,77,22,79,70,56,76,88,3,37,77,53,97,62,68,17,0,83,64,85,31,66,60,17,65,71,89,10,51,2,41,39,6,29,90,47,55,74,4,34,2,67,94,1,80,41,21,37,36,6,55,15,24,92,15,36,70,11,63,94,12,42,84,4,49,94,64,29,8,53,19,3,61,66,75,9,10,20,38,24,57,9,56,54,33,44,47,11,86,67,46,87,80,14,38
69,87,90,85,51,42,71,45,83,34,40,18,78,56,60,90,57,87,88,55,36,67,76,90,62,46,80,74,60,95,100,64,41,26,55,37,48,25,23,44,38,10,2,52,33,95,30,66,60,35,40,57,36,69,72,3,42,59,100,28,99,29,87,23,67,68,95,82,68,38,25,16,95,99,60,35,15,65,85,13,2,78,73,92,55,35,56,6,79,37,51,39,22,50,52,1,10,61,69,100
91,19,68,96,5,98,46,21,26,16,40,31,69,92,88,11,9,7,65,46,88,26,11,51,68,27,81,33,77,18,84,66,47,92,75,88,7,52,50,21,97,51,100,13,19,87,33,0,63,9,13,15,92,49,2,50,29,50,84,39,56,85,88,20,30,86,88,56,97,62,29,49,12,41,98,73,31,28,42,80,96,47,88,47,48,84,94,4,77,95,9,77,25,94,68,49,6,9,61,96
42,53,74,36,96,38,32,19,96,45,58,98,39,63,95,66,5,50,87,32,26,76,97,47,34,99,0,20,29,68,24,71,78,13,88,30,2,95,81,69,53,26,11,33,31,77,9,49,92,43,23,76,7,21,44,64,47,14,38,47,48,35,81,66,81,2,54,19,22,32,89,88,41,52,1,9,25,32,3,17,48,63,46,67,29,82,91,3,24,73,20,2,16,58,10,21,99,8,21,85
7,47,16,12,19,15,98,38,1,95,33,78,74,22,60,25,14,85,8,58,27,87,39,23,77,14,51,58,71,27,66,5,87,41,19,34,21,55,95,25,88,52,40,82,69,62,25,39,99,99,0,4,7,60,4,65,55,39,15,68,67,15,56,53,58,5,54,39,6,10,58,25,14,31,70,55,33,14,42,78,58,38,36,61,25,0,76,37,87,0,22,30,31,98,80,73,17,88,28,53