60,0,24,64,23,3,23,91,1,65,99,39,70,35,33,9,62,69,84,98,47,89,62,92,62,59,22,89,32,39,25,45,88,88,3,55,27,47,18,43,58,20,57,43,41,4,57,79,96,47,73,47,83,10,11,51,80,46,88,33,24,54,38,39,77,80,44,84,84,12,37,40,17,15,83,44,53,22,19,73,57,63,56,69,46,32,47,64,100,100,27,18,97,22,72,47,86,70,11,48
92,53,78,10,62,2,0,49,39,69,30,21,4,54,44,85,57,86,89,84,40,79,36,42,24,65,74,41,27,87,33,27,93,32,53,63,30,34,23,72,31,28,20,37,87,18,89,95,97,89,15,22,94,94,13,45,96,51,86,49,0,64,1,61,74,73,0,15,70,87,96,93,19,4,67,13,92,73,80,26,32,28,85,39,22,36,10,36,68,63,1,82,79,11,1,93,47,93,65,1
40,78,0,17,35,35,35,57,67,13,65,27,31,7,4,29,3,92,11,48,89,15,4,55,4,8,51,61,32,34,84,20,69,48,38,87,33,66,95,46,20,16,89,34,18,97,84,97,3,95,51,53,98,36,31,64,22,68,0,99,28,96,10,62,87,1,64,87,44,53,35,30,49,25,97,75,95,66,29,62,70,70,32,9,24,31,71,17,11,7,91,78,73,56,54,50,27,75,89,82
91,12,25,46,75,25,92,13,78,36,54,94,84,36,77,74,2,35,32,46,6,71,18,81,16,28,50,51,15,26,32,99,35,7,29,73,59,36,76,98,84,73,62,42,45,18,57,60,5,17,59,5,77,91,12,12,95,17,91,87,15,11,74,23,23,57,30,77,20,35,18,6,22,12,98,29,53,84,54,90,55,94,56,0,2,6,94,5,95,46,78,45,0,54,30,91,18,46,10,30
22,63,4,41,11,96,42,66,64,100,71,42,67,27,66,82,92,8,50,4,28,31,62,15,12,38,39,66,26,97,25,95,67,80,37,19,10,18,29,43,29,2,100,53,17,94,61,16,58,63,62,58,45,49,60,79,91,69,12,89,90,74,79,93,1,47,18,20,80,49,33,65,22,46,70,21,56,47,85,40,38,95,73,26,74,3,84,74,64,90,8,8,66,87,11,54,48,79,100,63
52,41,88,64,57,27,75,4,13,28,97,73,81,35,32,66,46,2,0,56,59,54,37,43,23,66,63,76,78,71,50,93,30,11,89,10,88,23,56,80,78,18,56,86,67,54,13,47,56,64,14,44,60,26,65,87,24,63,31,91,23,13,10,60,50,49,80,49,12,27,16,79,16,7,26,90,28,64,41,95,0,62,2,86,88,24,19,75,11,14,16,4,99,60,43,83,14,92,72,7
1,83,95,73,87,21,97,27,60,89,48,85,25,20,31,50,39,59,67,5,21,68,18,68,25,27,42,94,92,94,11,46,4,79,45,9,14,64,89,94,41,39,83,71,33,0,6,0,44,69,27,12,6,57,65,80,2,25,30,46,14,41,63,52,81,16,79,28,96,75,51,0,28,38,21,65,63,62,30,94,69,51,83,2,53,13,86,68,22,90,94,94,95,17,21,55,86,72,94,56
71,90,99,57,10,77,90,96,85,82,88,52,17,82,77,93,18,2,18,73,62,7,78,98,23,24,11,65,16,51,95,1,37,89,51,75,82,44,0,14,54,97,8,71,45,95,43,98,25,26,86,54,15,94,38,87,50,55,0,57,18,83,26,98,96,88,74,62,93,6,6,0,3,25,24,55,53,8,88,27,4,23,63,82,44,55,10,98,100,33,52,81,20,1,28,0,47,55,47,82
15,67,53,93,80,90,6,94,13,30,90,21,14,19,45,88,23,12,24,63,61,92,89,21,21,3,77,87,12,35,55,20,55,51,89,16,6,18,25,58,56,6,34,34,0,83,3,10,39,8,20,72,98,88,63,62,84,15,62,30,79,87,26,30,40,77,35,24,89,15,36,89,66,52,14,45,43,6,13,81,23,14,45,75,15,45,19,86,9,44,79,99,81,83,48,37,2,22,98,59
50,94,18,86,49,64,95,90,57,23,54,49,29,44,25,81,39,57,17,33,100,30,15,79,38,62,22,89,55,55,62,98,90,18,51,38,89,39,34,26,61,71,42,64,48,9,78,77,26,25,14,35,70,90,39,30,45,57,41,28,7,50,64,92,3,94,47,65,98,91,0,95,16,12,67,2,83,72,33,54,56,88,29,71,100,92,30,15,16,24,29,16,94,34,24,99,92,54,65,37
77,83,8,69,84,68,0,31,42,14,0,69,2,56,60,31,54,74,46,62,87,5,97,13,47,55,76,56,61,8,47,92,62,41,66,90,56,69,69,88,91,88,76,91,58,61,50,92,95,44,48,98,28,26,38,50,25,63,72,8,94,42,39,40,5,58,50,20,89,74,25,42,5,30,35,46,41,79,63,37,12,44,64,29,78,98,95,82,93,40,89,90,38,91,60,37,9,2,75,78
45,43,35,96,53,11,92,18,100,44,3,87,10,18,24,20,45,27,37,39,47,84,91,8,65,36,81,29,42,28,60,74,54,64,79,66,27,64,6,45,5,49,1,88,14,69,72,11,72,41,52,95,4,25,40,90,46,83,97,18,81,36,84,50,91,74,90,41,52,0,39,19,6,31,1,8,35,5,17,0,12,68,66,90,71,38,74,14,64,40,15,52,64,50,65,48,63,17,51,26
20,24,79,50,62,77,83,46,81,53,94,53,87,99,63,37,85,8,48,73,76,53,23,62,41,54,49,90,66,49,28,98,92,54,72,9,22,16,59,95,90,66,22,7,13,26,65,58,39,49,53,64,18,71,95,25,38,24,95,81,43,61,12,100,9,36,86,27,25,93,31,79,23,53,65,12,93,89,88,53,24,33,46,0,44,44,71,31,50,49,8,10,46,57,20,41,18,42,89,99
51,33,76,26,70,69,64,63,86,12,51,20,60,93,94,82,23,26,3,18,71,77,72,72,5,32,47,9,50,73,87,18,57,42,29,42,77,13,76,58,69,90,5,4,18,100,85,73,98,81,8,67,46,95,42,98,23,43,6,28,26,78,42,51,73,24,42,100,51,35,30,76,75,83,15,67,28,49,54,25,13,40,88,81,2,23,62,9,31,93,100,89,23,54,92,98,4,51,85,84
59,94,19,82,37,94,44,83,81,66,14,15,15,27,19,39,33,41,76,51,47,87,74,25,53,10,54,34,60,24,47,69,43,49,100,77,98,74,39,98,16,46,49,8,13,57,74,11,77,83,75,77,63,26,28,0,29,44,14,4,38,6,30,3,17,88,19,34,31,25,49,56,90,85,51,97,49,16,1,9,22,88,1,78,20,11,76,86,57,1,3,18,47,1,3,7,79,90,17,74
59,26,47,72,59,24,40,94,58,42,3,75,31,33,17,19,38,69,32,40,77,100,53,95,84,84,24,66,30,78,21,92,65,47,56,85,93,37,3,75,41,10,82,38,81,25,97,58,25,11,39,54,40,63,70,12,92,27,29,2,50,20,41,52,12,34,53,42,60,50,14,27,25,0,43,30,95,2,24,45,99,28,0,69,99,22,9,73,20,71,28,80,52,66,3,37,24,75,9,67
55,87,5,33,83,57,7,71,5,24,60,79,15,12,67,4,80,68,54,62,47,48,12,4,16,74,21,58,39,41,24,74,59,90,66,61,51,32,95,1,30,48,89,75,90,92,54,92,86,84,48,34,99,25,49,31,23,69,59,16,74,51,14,14,2,91,39,30,57,98,8,94,50,1,83,84,36,7,0,41,61,42,38,39,70,3,84,28,29,17,86,88,88,17,47,46,82,52,30,75
96,8,15,41,72,76,26,96,46,95,99,27,26,79,19,54,51,56,54,97,60,31,8,11,31,34,26,86,2,57,41,72,47,53,67,7,77,82,19,25,81,47,47,77,27,61,90,55,10,59,6,33,67,77,50,97,80,2,98,61,39,81,55,78,60,0,24,47,33,9,78,87,31,75,22,1,16,45,75,98,88,81,5,12,8,96,3,19,23,23,12,45,17,26,93,26,57,59,46,74
12,68,72,16,18,53,37,8,22,56,37,84,27,11,44,70,18,55,34,68,31,8,34,13,95,56,28,30,42,5,63,48,54,49,35,50,3,49,89,1,53,65,37,42,95,0,33,47,31,0,74,52,38,55,27,47,29,77,36,55,17,0,19,87,57,1,88,29,88,3,7,47,75,32,84,59,37,64,58,61,19,34,23,5,67,37,54,11,81,5,21,88,98,10,53,94,83,79,63,91
45,35,90,79,66,3,51,19,12,71,60,67,18,85,1,19,28,2,69,24,31,56,86,93,7,38,65,67,83,73,84,49,26,50,43,17,42,73,0,64,7,97,20,86,83,71,18,20,95,96,78,2,11,94,53,36,97,79,70,79,0,11,74,64,55,22,56,5,56,17,32,7,48,40,83,1,47,34,100,92,71,10,78,87,60,83,17,70,71,67,43,68,18,17,16,81,11,18,48,59
72,18,41,17,3,17,10,26,57,25,1,34,19,74,62,30,96,31,16,19,96,24,10,83,58,54,62,29,3,52,56,87,97,4,36,1,11,77,67,42,42,24,17,20,65,8,85,13,69,75,80,82,79,45,30,71,85,5,34,16,49,59,0,80,66,96,94,38,59,2,25,37,51,83,8,46,82,18,39,84,75,86,64,54,65,60,38,58,7,8,66,57,76,69,43,5,100,19,17,10
14,92,9,58,6,0,60,50,7,66,28,90,6,99,67,56,27,97,84,30,99,19,8,96,37,30,49,37,17,98,61,73,4,81,3,4,78,14,9,49,10,12,31,94,84,91,89,88,53,76,50,1,33,99,86,92,23,37,93,94,41,50,58,13,89,60,23,92,82,67,24,36,73,28,18,81,53,57,22,19,35,30,50,9,64,69,34,37,1,82,98,6,66,41,47,82,45,8,17,35
88,83,94,47,65,60,47,4,70,63,71,97,23,21,27,31,83,19,24,81,9,54,23,19,29,93,8,80,2,54,70,86,3,0,50,87,12,26,94,81,26,35,81,39,27,51,94,24,30,79,55,13,32,72,10,38,63,13,89,7,83,73,54,17,54,34,36,4,63,45,75,59,22,8,66,71,19,13,73,55,49,84,70,68,65,51,57,44,47,2,11,55,49,45,42,86,22,12,8,59
59,62,96,47,78,57,19,87,43,31,70,91,59,53,79,43,91,71,74,70,40,23,53,14,80,49,16,70,39,29,74,51,32,91,99,2,66,55,78,47,97,72,70,49,93,56,59,52,21,2,2,7,78,32,81,87,2,57,100,5,65,84,38,3,93,14,54,1,2,98,32,80,31,41,92,78,47,20,0,63,3,98,94,85,95,27,41,46,15,11,79,14,47,83,10,67,67,22,13,69
86,58,4,55,31,8,2,72,71,66,7,11,79,99,96,44,26,3,14,68,27,27,33,73,96,79,18,50,38,39,22,39,20,40,53,68,64,9,42,89,26,25,72,19,97,76,13,43,4,55,29,54,87,31,26,10,20,71,47,27,60,62,9,54,52,64,57,58,66,6,52,92,97,2,58,25,43,56,14,10,49,26,30,97,74,57,87,34,19,51,72,2,81,43,3,54,36,55,48,88
89,27,75,57,14,17,9,52,49,0,80,35,21,45,69,62,6,55,42,77,58,73,94,98,9,83,54,48,25,71,29,56,11,88,62,51,54,96,34,51,66,78,41,76,0,23,10,96,49,75,1,3,88,45,10,60,55,58,40,93,40,9,7,39,10,14,3,22,62,38,44,9,45,100,82,14,97,38,27,47,41,31,50,46,42,95,40,81,33,58,67,39,89,27,93,71,36,2,56,68
19,65,40,13,66,67,90,10,46,16,62,73,61,75,97,32,58,58,64,50,27,85,0,83,36,32,71,38,21,23,22,62,5,93,74,42,27,54,100,61,83,61,85,36,65,5,43,92,46,85,55,58,29,32,47,41,9,73,2,91,33,52,4,9,74,69,25,21,97,94,1,43,35,64,65,31,42,69,41,46,97,68,19,93,79,95,41,32,6,83,42,13,31,88,86,76,53,48,90,75
33,90,2,18,93,11,23,72,82,64,43,22,48,98,30,75,46,6,49,68,3,24,87,64,16,40,12,16,23,88,11,95,0,89,99,60,97,24,35,86,25,91,91,38,4,85,67,98,78,27,98,15,92,93,76,42,8,94,17,19,52,53,70,98,38,6,51,38,64,72,53,30,4,34,48,23,45,83,49,91,1,34,21,66,60,44,12,65,47,70,0,69,53,39,83,72,64,43,14,96
22,21,11,36,79,40,53,66,50,39,46,87,80,95,84,36,49,99,84,19,92,43,87,44,72,76,40,59,28,11,18,43,100,70,85,99,79,96,72,43,0,4,9,84,31,63,41,72,93,48,46,5,67,80,7,22,89,70,9,58,8,2,28,81,10,8,4,56,78,74,83,85,63,84,33,69,11,13,6,95,71,77,8,42,75,14,49,83,75,47,64,6,80,9,45,76,5,30,80,26
47,56,92,18,87,8,61,62,13,52,46,46,43,19,68,33,32,52,57,54,14,59,83,55,12,3,25,75,15,77,96,2,77,44,35,44,40,17,40,91,68,3,25,98,45,17,49,5,61,68,98,50,100,93,72,95,45,43,0,54,35,53,64,91,66,60,54,79,90,4,92,30,46,21,24,89,64,57,67,100,21,50,68,39,84,55,47,10,42,96,37,42,55,7,6,28,88,94,13,11
43,11,70,72,92,36,47,29,73,66,50,72,71,64,87,93,85,1,41,35,72,92,49,16,53,33,95,68,63,92,48,72,40,41,79,60,60,31,30,21,61,58,38,93,0,25,19,36,58,31,99,48,27,53,72,40,36,70,75,46,93,39,46,28,60,4,7,54,50,92,81,84,53,93,89,39,58,65,62,10,33,31,15,80,20,36,67,59,57,80,33,19,25,81,4,53,69,40,84,97
77,81,58,24,91,2,95,37,88,65,63,4,98,20,8,62,57,76,3,95,92,55,17,37,95,2,64,81,1,2,57,57,0,45,70,10,85,71,78,96,36,85,25,64,79,89,43,76,52,24,78,52,51,48,81,55,62,36,52,40,88,69,28,96,26,57,86,47,47,59,83,0,23,64,86,22,83,86,14,48,68,95,34,43,77,58,42,3,98,83,20,63,67,26,9,35,31,87,8,40
76,88,0,14,41,19,91,8,61,24,68,39,5,59,40,1,14,53,17,62,4,34,99,59,89,13,30,90,5,13,71,5,78,64,24,32,84,46,87,17,32,30,57,3,15,66,75,43,92,50,75,8,49,41,15,68,35,67,94,61,87,31,47,12,27,19,5,56,43,98,62,53,49,28,64,76,56,55,9,43,32,82,61,84,20,51,65,97,96,62,4,95,65,47,54,0,16,40,76,34
14,8,80,0,47,8,56,63,92,71,19,67,2,56,99,27,75,70,73,21,66,87,100,16,76,61,77,68,35,43,36,59,11,86,8,72,87,38,74,94,50,63,37,50,73,69,59,61,60,94,93,21,67,54,29,44,73,2,50,55,63,96,23,15,38,98,90,5,81,19,75,20,4,37,10,97,75,64,59,53,17,30,26,71,90,61,31,98,99,22,27,25,89,18,83,56,4,59,19,56
12,71,24,44,71,91,3,89,73,39,74,78,20,2,43,81,9,28,71,84,62,51,84,86,40,83,62,80,24,0,71,88,5,98,64,26,37,53,61,57,7,11,23,18,94,49,56,68,77,93,79,15,76,70,19,92,62,78,22,89,15,15,84,62,42,59,41,3,57,12,88,77,52,41,12,33,96,20,81,82,53,63,84,38,79,15,41,96,90,69,29,39,1,2,49,87,41,0,82,3
53,64,31,65,87,64,50,59,17,31,13,13,28,29,14,15,54,48,93,72,14,13,70,66,46,93,92,77,27,21,43,37,71,60,63,79,62,34,28,87,80,95,16,54,11,57,64,75,87,35,17,82,47,82,63,21,57,33,30,77,36,19,29,60,22,22,21,81,19,81,72,65,12,54,29,42,90,27,87,55,68,100,76,61,18,52,68,31,56,89,91,74,39,57,66,79,18,73,8,46
11,9,11,48,17,1,67,91,71,91,25,75,15,88,9,46,49,48,10,9,25,35,87,60,16,2,6,12,97,5,80,64,78,85,39,14,4,84,52,22,63,91,99,12,93,65,64,16,65,12,96,96,32,2,35,6,85,84,14,54,98,81,8,65,60,13,24,10,85,32,60,89,27,35,70,57,14,8,54,24,44,99,45,22,66,16,50,16,84,100,77,56,98,46,39,23,64,7,58,28
14,92,3,80,58,68,49,4,51,14,53,67,38,46,24,49,89,81,79,32,95,46,90,96,37,33,88,48,42,50,19,97,8,6,63,24,19,97,42,13,29,61,9,54,70,59,16,30,2,48,73,51,25,89,76,33,36,50,6,26,22,34,66,77,69,92,37,16,11,23,35,90,7,81,38,88,60,81,79,38,26,60,42,12,10,54,36,52,27,56,50,89,52,8,70,38,52,57,24,5
80,23,0,29,66,8,73,30,27,10,73,79,89,9,44,44,97,68,74,46,86,76,56,53,67,90,62,64,26,18,89,14,57,60,13,25,100,37,27,23,37,20,39,29,42,57,40,43,19,80,13,23,57,68,50,87,11,20,69,91,59,52,47,29,43,99,63,76,63,20,97,92,29,63,62,81,0,53,94,78,24,88,78,49,56,12,66,69,38,7,12,0,45,83,68,12,29,21,94,84
95,83,1,45,29,86,52,13,100,14,39,28,33,64,81,76,15,12,40,42,93,58,52,16,74,8,40,21,0,66,39,14,19,42,6,7,29,48,67,25,26,15,46,36,14,32,41,42,22,22,68,87,68,40,82,47,7,12,60,16,47,75,46,88,78,22,52,73,90,51,25,47,30,47,44,77,2,10,30,22,99,23,57,44,6,95,33,0,58,84,49,61,53,60,59,13,23,25,30,39
20,61,40,70,67,45,97,61,26,86,30,69,4,45,24,14,93,9,4,87,59,86,98,29,64,10,41,58,89,91,51,19,19,46,7,21,13,21,5,94,28,23,80,70,1,55,94,3,91,71,20,53,40,100,90,95,78,64,97,84,75,5,41,68,46,43,22,68,15,47,72,60,2,27,89,70,82,100,91,53,0,64,3,56,83,91,100,39,63,48,53,32,65,33,54,55,26,20,57,28
60,22,15,100,74,70,74,57,11,81,34,91,63,50,56,37,37,44,70,75,19,76,70,55,22,83,82,53,62,33,33,17,32,77,41,44,22,78,60,9,19,99,85,62,30,46,54,11,81,0,48,62,72,0,94,75,26,56,54,21,21,97,49,26,36,46,41,16,2,28,33,66,30,43,53,98,92,66,35,26,6,30,44,29,8,66,99,83,17,89,54,85,17,29,22,72,24,52,8,61
97,33,58,35,93,83,74,73,85,39,78,17,100,55,74,4,18,51,91,94,78,55,79,37,67,86,28,73,21,82,8,25,15,34,3,92,57,32,28,8,75,79,1,57,54,89,43,97,89,85,16,78,50,31,64,46,66,75,63,82,1,98,29,37,63,48,68,64,90,38,10,86,29,76,85,66,6,24,62,31,58,41,27,92,7,99,75,72,95,61,50,100,85,29,76,62,85,11,24,62
98,76,77,58,39,77,80,51,50,53,22,48,93,76,59,58,12,87,51,1,20,99,11,0,0,61,100,96,15,38,28,54,39,46,99,75,63,78,72,89,59,7,51,85,13,59,44,38,13,65,57,48,31,37,34,16,94,56,66,4,12,9,0,23,34,1,27,84,31,80,97,68,97,82,56,96,21,0,7,29,1,98,40,41,90,94,77,0,35,7,82,88,82,42,49,46,0,31,39,31
61,40,84,96,71,83,70,97,71,47,39,22,63,3,27,60,39,90,73,32,86,66,73,77,46,69,7,85,74,17,41,64,77,60,58,25,63,81,70,7,28,26,77,46,7,89,82,95,10,74,16,91,29,25,13,10,55,97,89,88,63,66,78,81,31,71,36,92,90,15,56,93,45,11,91,80,22,9,78,92,10,25,17,19,53,59,73,2,32,46,12,32,81,30,66,27,18,57,49,56
31,92,85,96,87,18,84,32,94,88,85,53,8,6,63,90,1,63,59,64,6,57,74,27,25,59,1,53,97,37,98,77,17,33,75,78,20,71,15,57,81,13,18,97,35,29,51,88,66,97,16,89,87,42,75,89,24,44,9,72,4,10,42,55,53,92,68,79,44,55,63,71,97,86,100,42,66,95,57,2,78,64,1,27,27,5,39,77,85,63,91,49,99,30,42,18,39,20,28,21
47,69,26,59,85,78,51,39,51,89,29,21,5,32,7,62,28,48,41,81,1,93,70,98,7,99,24,51,91,62,29,10,94,17,47,88,11,70,28,82,44,51,81,52,24,92,36,87,32,9,93,80,51,47,41,5,89,93,6,27,41,47,68,72,33,44,58,87,69,41,24,49,36,0,99,78,98,5,70,73,53,52,48,65,5,57,52,6,92,39,20,33,96,75,22,51,11,92,65,12
79,18,69,8,56,43,76,19,21,99,67,55,87,20,41,80,26,89,10,97,60,40,17,90,37,49,41,17,46,93,43,30,1,74,83,4,4,92,95,94,8,40,4,10,67,70,26,74,90,98,56,44,20,39,69,14,79,26,18,50,77,97,44,23,67,80,64,44,3,66,13,38,19,57,62,99,21,89,79,52,34,62,49,7,58,17,11,39,0,49,5,1,16,46,16,81,88,33,85,31
26,61,44,99,45,78,87,26,7,28,34,77,20,32,86,86,33,82,91,98,49,81,56,22,65,100,83,41,1,82,27,2,8,46,34,97,66,50,69,14,5,25,74,36,86,61,99,36,77,4,6,40,87,52,1,81,22,66,60,58,62,22,90,100,20,55,48,42,93,78,32,85,43,2,56,53,18,39,57,76,38,99,40,38,26,69,55,61,16,60,50,70,56,17,75,78,100,76,74,31
61,81,68,23,29,59,34,18,9,13,86,24,3,42,43,15,59,63,29,33,80,78,99,54,37,25,35,93,34,75,99,62,62,15,93,56,33,40,85,56,55,73,81,58,77,4,77,58,88,62,7,51,74,91,40,91,16,29,18,60,7,75,42,47,5,18,97,40,50,84,36,17,91,18,66,52,57,35,95,15,82,10,58,76,95,85,62,92,33,92,55,0,50,61,48,58,26,9,18,43
24,49,19,51,99,95,57,60,8,37,1,92,13,59,85,92,15,89,89,57,1,14,52,78,57,43,79,36,81,89,36,96,11,95,14,14,83,4,39,75,66,70,23,63,51,13,17,28,86,75,1,94,90,79,80,74,74,65,31,65,48,28,88,6,59,30,74,69,25,20,77,72,20,54,99,56,23,63,18,92,24,53,10,29,92,2,55,15,100,39,37,90,25,29,1,3,46,50,70,96
6,65,55,64,6,68,86,54,17,79,63,12,61,87,50,16,58,67,31,9,42,12,79,29,41,59,79,75,70,26,3,67,61,17,14,77,24,56,55,100,85,94,92,73,96,70,0,56,47,48,87,40,26,34,41,84,34,13,4,28,22,90,46,1,71,8,6,28,16,37,25,14,44,51,39,49,79,82,24,90,14,23,17,77,0,54,88,25,27,81,81,0,12,28,95,78,23,67,84,50
58,5,59,22,5,63,39,55,96,73,73,36,99,63,17,5,25,79,89,60,38,39,20,57,17,39,74,56,79,2,100,14,51,32,58,12,16,96,55,74,47,89,11,94,11,63,38,98,25,28,85,84,0,26,48,86,80,46,24,0,43,60,24,90,91,25,3,16,38,97,98,16,11,24,36,58,25,70,100,95,26,70,72,85,100,78,61,95,13,38,15,6,84,75,82,13,63,99,37,78
3,50,0,92,7,1,28,29,100,97,46,73,36,46,57,9,58,36,88,38,67,90,97,92,69,68,8,57,14,1,94,89,46,14,31,45,6,74,15,35,56,83,79,65,65,20,71,1,9,50,92,70,45,11,78,51,2,57,24,95,47,28,2,25,96,56,66,71,43,3,67,21,47,66,31,60,88,16,61,0,91,88,99,53,83,70,54,60,99,48,25,90,49,3,6,62,96,4,88,22
11,51,100,65,45,47,94,78,66,43,58,27,60,75,66,10,45,40,93,55,56,70,45,35,23,40,2,16,42,42,61,87,8,75,25,3,86,62,42,22,63,3,72,61,71,35,69,79,65,10,41,56,30,16,4,67,27,89,20,77,72,83,70,15,23,98,53,95,3,73,29,63,48,23,67,4,54,9,13,72,9,7,81,91,94,30,5,53,72,20,84,46,83,51,31,97,82,66,83,41
56,26,15,32,1,36,24,99,97,90,57,47,70,45,60,34,66,83,91,84,2,76,62,26,85,77,58,64,14,29,61,22,94,82,53,92,87,65,16,26,0,48,49,96,58,68,13,48,37,64,13,38,41,6,2,100,17,100,44,10,29,39,33,40,21,40,99,67,1,17,68,55,51,53,42,81,20,62,99,21,89,97,54,17,50,68,10,12,57,62,19,42,20,69,79,38,5,49,42,83
93,91,15,0,99,56,74,82,7,23,12,60,41,20,100,56,5,46,61,30,75,7,69,44,98,18,83,21,64,87,61,68,87,82,32,5,48,20,39,30,79,10,28,25,60,61,4,6,89,23,28,56,3,97,23,7,40,6,13,92,43,87,54,18,87,15,25,14,16,10,81,31,86,7,97,79,92,28,2,45,10,36,86,9,6,40,15,86,33,76,33,63,45,8,95,14,38,2,93,68
10,34,91,91,19,4,16,77,53,38,5,36,20,69,49,48,35,51,70,83,20,20,68,20,46,66,62,19,85,86,49,21,5,18,24,57,55,34,63,31,0,18,17,63,92,13,39,30,45,53,97,10,56,82,97,84,55,47,66,39,95,40,41,89,42,87,95,84,25,9,40,8,71,22,46,39,65,15,31,81,86,5,85,13,51,65,82,91,39,100,1,71,1,35,52,77,72,57,25,6
89,13,61,66,22,2,46,46,58,86,74,82,38,69,69,78,47,60,4,9,70,10,2,27,41,21,61,93,14,99,85,50,98,22,45,58,85,11,86,24,28,90,46,80,34,24,74,67,45,19,94,89,72,45,57,21,92,58,30,72,14,84,96,71,82,86,37,28,22,64,59,86,18,28,13,19,83,97,27,70,72,46,78,7,20,71,38,86,69,63,94,11,63,98,97,62,18,17,89,18
52,100,46,84,56,32,81,20,64,86,6,76,15,7,32,77,28,49,7,28,12,76,29,55,60,59,84,71,9,28,84,17,69,81,34,37,86,35,7,46,12,17,85,88,100,91,58,80,78,92,65,12,17,4,17,96,48,97,69,16,67,23,88,39,22,68,85,75,94,49,49,32,99,29,80,45,58,58,74,28,56,24,82,31,95,88,16,95,19,34,89,50,49,70,79,70,100,44,9,12
25,82,90,96,46,81,38,3,10,88,23,86,10,97,7,46,3,33,69,44,15,96,90,19,1,37,67,55,88,100,35,75,23,11,1,29,96,1,98,17,11,92,96,4,79,67,67,82,30,71,73,30,49,39,63,44,29,50,29,3,1,53,52,59,39,2,23,3,1,93,64,41,68,10,26,28,75,76,6,75,68,30,97,53,89,36,84,83,5,36,51,12,85,32,40,20,70,15,14,65
100,73,1,100,91,3,69,57,6,33,75,64,9,95,54,25,100,37,67,58,80,73,80,58,69,43,91,76,84,21,6,57,96,69,74,45,32,64,32,28,79,74,3,46,93,69,96,44,95,47,81,21,91,97,72,82,74,100,12,87,94,70,96,26,93,32,86,97,35,1,9,92,37,31,0,35,93,96,23,31,15,27,19,52,23,16,14,96,85,98,18,24,1,94,59,61,16,55,27,98
51,58,30,31,23,97,96,77,48,55,40,52,74,34,80,17,24,95,38,99,66,21,12,15,37,20,2,17,44,32,33,90,9,56,34,25,50,86,73,7,84,29,59,23,46,65,98,1,97,55,33,85,67,7,68,53,26,28,26,94,63,1,68,10,17,23,54,1,21,0,90,34,23,24,95,15,81,21,70,6,97,88,69,67,79,28,86,51,84,52,66,84,97,12,73,44,12,37,72,90
39,14,72,69,47,98,12,28,57,36,24,57,24,54,39,23,60,80,74,3,57,51,20,24,92,44,39,80,52,18,60,62,54,46,95,16,19,61,63,74,15,6,49,95,72,35,82,75,76,75,64,91,76,68,64,11,44,68,44,41,70,55,66,49,69,100,49,52,23,28,65,55,72,47,40,35,99,41,10,57,60,98,78,56,52,10,88,69,27,96,31,59,62,30,78,28,89,18,46,26
19,22,26,40,35,79,34,94,91,21,47,75,29,15,55,0,71,31,45,57,64,46,20,6,79,28,8,82,76,30,81,38,80,72,36,42,29,99,74,64,43,75,32,58,81,24,2,72,7,25,55,92,74,90,52,45,44,2,69,85,14,100,5,10,48,73,95,12,6,11,26,33,80,77,60,41,68,41,58,11,44,29,59,2,82,37,33,23,96,63,36,18,55,60,60,82,15,86,4,87
41,81,32,19,81,39,1,77,86,78,89,8,51,25,52,52,30,55,0,46,87,95,31,27,59,38,41,47,55,27,49,85,32,4,89,100,77,93,85,16,76,83,52,4,99,82,36,96,59,0,7,33,22,76,5,87,58,47,3,96,19,86,77,20,40,49,3,32,86,96,38,95,16,27,28,90,15,92,55,9,84,13,10,12,100,71,27,98,11,6,29,89,14,14,63,57,2,67,75,96
64,14,7,19,11,89,92,0,77,8,20,82,34,70,88,49,37,76,98,39,85,83,71,59,63,8,76,45,78,28,87,48,30,52,56,67,13,32,58,83,22,34,68,79,66,36,68,20,96,24,71,47,7,18,44,7,58,86,49,30,23,98,53,16,37,66,47,25,25,70,30,84,33,55,10,29,36,39,64,89,29,96,56,72,53,10,53,83,7,13,98,71,94,68,5,28,8,9,92,41
14,36,48,49,15,89,47,64,73,65,97,80,62,96,71,82,40,45,38,89,28,40,62,8,89,31,22,5,17,7,31,43,88,19,86,37,2,30,5,93,64,5,65,50,58,84,68,99,5,0,42,18,60,41,30,29,33,36,1,49,68,68,18,26,11,37,54,70,6,98,74,6,72,70,78,74,4,72,26,44,96,68,71,41,78,56,65,2,98,60,89,97,69,85,94,11,72,3,15,29
79,19,71,63,31,20,82,26,19,84,61,43,96,71,79,12,82,95,24,61,29,76,28,65,23,63,100,0,43,99,11,21,11,20,88,7,48,76,63,75,40,74,40,0,86,4,14,94,39,9,57,87,78,20,1,51,12,54,6,50,74,27,82,74,15,48,56,49,70,77,36,99,58,46,95,93,13,21,62,89,97,85,53,2,1,1,37,56,24,25,93,31,2,83,34,53,18,95,78,71
97,54,45,82,64,7,73,84,89,21,79,45,77,34,30,89,56,9,12,50,37,44,51,25,82,15,19,75,26,95,59,98,70,15,56,83,25,73,32,46,10,16,71,69,35,8,13,29,4,26,61,73,82,88,34,83,73,0,14,10,43,100,90,76,72,74,6,40,2,69,5,74,95,82,93,1,22,43,40,20,66,75,62,60,6,65,63,92,73,39,46,97,33,0,53,6,35,67,65,29
6,13,54,0,88,92,29,73,44,31,84,12,5,91,57,59,62,72,91,50,49,21,99,92,82,6,18,31,46,49,30,90,66,1,65,34,99,75,60,24,3,29,88,8,63,38,6,58,3,31,19,22,76,6,0,37,33,65,86,73,30,77,97,13,94,73,87,91,36,56,61,80,89,59,52,79,32,25,2,65,16,38,16,43,82,80,16,8,87,61,40,96,83,60,75,33,53,47,68,59
71,76,80,82,61,39,92,52,15,72,38,95,30,18,67,7,60,15,50,68,98,98,21,39,32,61,24,11,88,84,66,61,96,76,73,97,41,16,9,18,15,79,87,3,33,52,44,54,61,44,16,98,73,51,46,30,27,88,63,72,11,41,51,81,100,52,64,87,52,78,57,43,6,57,27,65,73,86,83,74,91,25,34,32,62,28,14,99,55,37,63,19,53,39,83,93,52,38,21,23
66,27,6,57,5,52,64,56,76,94,93,13,28,29,1,29,77,54,97,16,92,31,16,20,90,68,3,19,17,22,86,71,72,78,43,82,68,35,31,4,25,77,48,36,5,83,33,75,91,71,0,75,88,25,74,12,99,64,80,2,55,63,33,53,78,32,93,8,68,29,84,29,56,76,16,100,60,46,38,57,52,10,67,2,14,89,18,16,76,42,68,37,55,97,1,95,57,92,99,82
35,81,15,19,61,64,38,33,81,32,23,5,12,100,44,34,60,87,61,61,76,95,72,87,49,71,61,55,79,47,52,35,95,73,81,42,33,0,100,20,73,13,94,46,45,89,79,20,46,49,30,45,87,57,72,39,35,38,35,59,13,1,91,97,56,87,83,42,76,63,41,89,73,20,95,23,36,22,100,76,1,2,96,6,76,2,20,100,89,24,8,31,85,35,94,89,74,72,56,16
99,64,79,68,26,84,0,31,66,89,64,15,62,41,96,57,53,30,97,65,95,73,34,64,10,86,95,35,97,3,54,71,40,89,61,93,93,48,66,42,41,17,50,96,78,56,100,13,36,78,27,49,11,38,97,76,44,36,41,36,69,89,22,83,8,66,6,68,94,19,52,11,84,28,14,18,76,11,14,20,71,67,98,27,73,85,55,50,51,72,84,31,75,97,0,20,46,1,53,41
41,41,31,61,10,88,86,62,20,91,66,52,49,34,17,2,18,87,19,62,85,54,88,16,90,29,60,6,51,91,17,85,28,7,51,10,25,24,50,25,31,95,88,59,30,90,76,87,26,36,77,1,28,11,61,13,80,19,66,80,79,66,85,29,25,28,66,100,26,99,81,15,10,35,27,59,98,11,59,87,49,21,1,43,83,47,97,44,32,57,55,51,26,18,86,19,89,8,57,33
71,11,95,60,85,86,33,100,39,78,55,69,73,43,66,44,56,82,31,98,57,71,5,98,24,16,84,49,7,92,80,39,55,7,17,90,16,2,56,19,23,91,33,77,44,29,13,38,81,61,53,46,45,9,6,8,53,16,76,13,14,39,9,96,19,65,43,55,77,100,21,72,85,26,11,17,89,57,86,21,72,82,46,84,39,90,76,38,62,73,6,77,89,13,56,24,31,35,76,33
10,15,9,26,12,65,63,14,70,86,1,65,84,74,9,78,3,1,85,1,2,57,95,23,43,13,0,19,34,62,59,97,4,10,61,8,78,20,92,77,16,39,55,61,82,38,91,37,83,23,66,9,14,55,78,25,100,53,45,57,20,81,100,61,45,84,17,68,72,18,32,61,27,91,57,50,35,62,15,95,47,13,26,65,99,70,5,4,89,85,81,39,56,20,73,3,100,70,5,73
67,87,50,86,2,75,76,68,88,91,94,83,37,61,27,51,25,68,15,61,67,20,18,31,70,58,22,9,77,22,42,96,37,5,38,34,46,47,0,67,26,27,97,94,49,73,18,16,93,49,93,31,98,6,79,1,41,37,95,14,85,84,71,44,44,78,50,4,95,61,68,86,21,36,59,65,49,28,37,86,85,10,86,72,56,73,72,20,0,76,36,49,91,15,35,99,48,57,91,61
10,81,41,1,18,76,37,77,40,48,80,67,91,24,33,30,84,19,86,83,46,1,10,8,22,14,89,88,58,13,42,51,85,1,86,58,18,90,90,10,96,55,96,95,12,37,29,82,26,75,38,86,12,82,88,36,92,14,77,12,37,64,55,25,90,55,14,78,43,49,47,9,47,24,60,94,15,66,32,58,1,10,70,72,15,13,42,9,63,32,72,67,54,66,59,26,37,63,82,46
66,40,74,40,25,4,86,43,58,51,57,11,91,22,100,43,31,44,5,47,23,77,28,58,23,60,82,15,45,96,40,47,97,60,90,32,83,33,97,18,22,44,44,32,75,78,17,32,46,85,98,50,19,88,50,83,95,100,1,68,7,5,0,41,91,54,48,39,89,95,14,29,10,85,85,53,34,34,17,8,18,86,36,54,83,77,51,33,84,99,43,94,1,100,33,90,70,89,34,70
7,82,13,4,86,98,83,52,86,47,67,40,83,40,97,81,34,15,51,14,53,17,2,89,84,32,12,39,2,8,70,27,28,70,63,97,23,98,11,11,10,95,79,9,0,38,14,14,91,30,43,66,37,75,20,48,95,94,82,75,98,40,80,43,32,89,38,82,47,75,14,74,57,11,64,5,7,39,25,31,33,26,60,10,44,1,41,68,13,16,73,20,5,53,53,85,51,76,46,1
26,47,29,83,30,98,26,85,9,29,41,3,46,64,82,49,72,62,33,72,21,82,28,52,36,7,63,36,82,94,29,62,71,25,37,93,61,65,78,6,89,88,87,11,44,42,6,29,35,88,22,21,34,54,10,64,72,46,29,0,100,25,59,58,64,25,52,54,94,7,86,89,62,29,57,39,1,73,57,79,77,62,33,2,51,65,42,69,13,87,85,0,66,72,49,41,91,65,37,79
38,28,77,64,5,41,54,49,10,89,29,1,84,85,45,72,82,81,88,38,89,19,79,21,89,80,74,8,74,9,9,55,77,77,99,39,0,89,66,75,35,47,28,84,82,74,59,63,30,42,9,69,90,68,66,4,5,67,61,50,22,38,51,75,96,69,86,81,87,1,98,90,90,75,13,20,100,62,21,79,77,55,87,1,79,70,58,28,92,6,81,48,69,29,9,29,57,86,98,57
4,22,37,6,69,39,51,40,41,40,2,25,96,38,88,18,42,46,15,51,93,89,15,94,26,94,66,5,15,10,75,72,37,9,5,11,63,27,6,89,3,7,81,20,57,73,38,8,93,67,27,23,24,48,4,50,93,88,98,2,65,46,26,37,3,44,73,54,19,83,75,4,58,74,28,17,25,100,65,70,85,28,79,89,64,12,12,76,82,47,90,10,39,85,95,33,49,14,33,54
39,50,73,14,48,67,46,35,2,92,74,0,22,85,74,38,0,7,23,50,88,92,64,79,57,8,46,9,57,36,97,69,92,0,29,23,4,95,49,20,96,89,86,63,89,49,78,70,56,18,80,38,88,50,24,32,38,16,38,98,64,18,85,30,42,11,12,75,4,84,56,65,66,28,94,9,93,33,38,94,48,8,38,15,47,92,69,88,29,21,87,95,48,16,98,95,90,29,16,45
68,21,22,75,49,54,3,32,22,62,56,46,68,53,58,73,68,63,92,18,49,43,17,23,68,14,18,87,58,91,68,54,42,8,27,4,15,46,92,6,11,94,69,33,74,15,19,29,28,55,9,88,41,74,44,41,1,33,77,0,40,49,67,49,99,56,87,62,2,12,24,18,76,29,61,81,56,71,73,65,57,8,54,28,81,30,15,29,11,62,90,18,97,59,72,34,80,54,81,0
33,40,37,89,93,45,97,100,16,79,99,18,90,98,89,89,18,66,22,15,19,91,86,28,37,8,77,16,68,64,48,53,57,72,51,5,93,0,82,45,71,7,30,0,17,83,71,45,21,50,30,8,3,89,53,18,21,32,71,53,61,32,78,54,64,7,87,98,20,58,6,71,46,10,78,90,18,6,52,60,12,28,85,36,12,74,19,30,22,64,36,65,46,71,78,22,67,25,32,55
43,28,52,20,50,35,21,26,66,9,9,58,9,64,95,79,82,9,20,20,1,90,15,30,46,81,68,42,69,11,97,34,78,53,92,15,96,64,55,67,47,54,46,49,75,57,7,17,17,76,52,62,2,60,68,71,10,78,99,89,8,7,89,7,55,27,44,39,72,55,64,67,48,43,68,90,37,89,67,78,40,47,77,15,82,91,4,92,22,87,72,94,15,19,25,77,61,27,95,84
83,37,79,93,68,0,48,37,58,96,26,76,21,54,24,98,18,94,66,15,93,65,23,20,76,33,25,3,69,20,55,10,22,58,38,99,21,88,91,3,48,29,47,70,10,85,13,10,63,68,65,30,44,5,34,5,8,78,44,5,79,95,13,52,74,52,83,92,71,95,29,24,48,9,25,69,6,3,49,20,80,70,89,32,97,84,38,1,13,33,12,86,20,3,87,36,43,85,1,7
18,67,56,62,6,66,6,36,1,42,30,3,89,91,84,88,46,78,4,35,13,83,79,45,62,96,56,61,39,8,23,21,19,52,24,37,19,57,2,3,96,12,96,21,29,32,47,89,58,87,84,99,16,0,25,6,84,40,46,63,55,19,87,13,28,23,37,65,84,83,92,73,46,93,64,36,89,41,39,56,31,18,42,31,97,1,52,81,100,19,56,5,85,13,33,74,41,21,30,8
91,50,14,1,53,12,82,2,41,52,55,34,28,0,80,100,25,47,21,52,80,7,83,97,38,31,82,33,16,9,34,43,85,65,24,78,14,95,67,80,0,31,37,38,89,77,13,29,53,54,30,1,66,93,17,24,53,40,100,72,88,33,72,2,54,46,100,60,68,72,48,32,17,54,85,41,82,70,14,26,30,16,63,18,53,9,27,20,54,73,78,22,76,25,94,0,68,88,78,83
99,11,4,9,90,54,72,65,45,51,20,30,23,39,84,9,11,52,18,17,3,54,37,81,80,4,20,69,48,38,65,74,1,96,62,86,3,12,68,29,87,70,32,98,63,68,56,35,48,75,20,3,88,57,7,52,91,19,26,68,93,39,18,52,63,16,93,83,51,11,81,28,66,79,80,88,64,87,55,36,94,44,25,85,50,46,68,45,95,84,68,40,2,17,88,29,61,23,66,26
79,38,27,84,81,36,96,85,40,61,35,60,67,80,76,55,44,11,62,52,79,24,84,9,43,62,37,70,8,20,84,22,44,39,50,99,89,42,59,62,26,88,34,73,2,39,9,97,17,96,64,34,8,9,79,91,18,86,69,89,20,88,26,24,70,64,60,64,53,32,4,0,1,21,99,59,7,25,78,16,80,35,49,27,62,53,1,12,13,21,76,35,21,19,70,30,73,46,60,9
41,18,76,71,62,17,83,34,1,98,14,24,4,52,76,68,20,49,50,79,90,33,60,58,66,98,93,60,96,45,8,89,52,90,43,28,5,13,75,99,93,74,72,63,22,68,89,27,43,36,19,51,9,27,13,77,58,34,27,34,12,11,57,100,93,9,58,25,27,59,65,83,76,97,66,2,31,78,23,14,77,7,31,86,72,51,15,35,71,11,44,54,64,75,98,63,23,25,59,68
82,5,90,81,52,33,78,39,0,86,33,77,74,46,11,17,57,89,62,68,0,53,31,40,9,82,87,46,20,81,95,0,37,14,35,71,67,80,14,51,68,98,95,69,54,5,8,62,89,63,35,59,98,70,39,55,64,67,10,19,82,33,6,2,18,94,47,42,80,13,67,26,60,62,25,27,59,14,80,67,53,61,16,90,31,21,40,87,47,46,40,24,40,97,85,74,61,97,13,21
36,81,36,49,85,44,93,15,37,29,48,4,99,87,0,65,86,16,73,28,53,17,4,24,73,36,61,34,26,68,44,86,91,59,73,16,100,24,78,43,86,47,90,45,97,56,13,76,25,50,19,5,64,31,54,99,96,45,95,56,71,14,78,73,69,77,38,90,60,18,69,95,53,74,7,61,37,51,5,66,54,88,27,30,56,92,30,16,31,87,49,97,16,2,28,70,65,79,87,7
70,29,22,95,61,34,59,41,94,63,45,76,91,42,94,91,3,23,76,76,77,12,34,41,21,55,30,65,16,16,13,6,22,68,86,58,29,74,100,75,46,32,99,33,16,7,50,78,62,76,15,89,5,8,62,52,39,35,40,77,47,94,60,31,23,93,33,25,76,40,56,3,38,47,68,26,23,28,66,56,44,28,28,2,59,61,70,76,81,36,60,81,97,0,14,61,76,70,39,23
63,62,9,32,73,41,3,88,66,11,22,32,30,97,3,43,27,59,95,0,34,94,89,2,51,89,83,0,80,87,9,23,8,58,65,14,93,99,8,89,46,65,14,66,39,70,12,61,6,74,51,23,32,47,27,90,91,52,76,55,86,22,37,36,38,49,35,81,36,77,22,14,30,27,8,75,11,82,52,31,85,57,42,40,58,10,96,51,28,45,92,27,8,58,18,95,95,18,7,79
82,62,62,82,7,40,84,42,100,59,87,95,39,61,3,6,29,37,27,44,49,95,4,10,19,88,16,3,38,36,55,6,30,29,97,89,66,61,83,99,42,8,63,65,58,83,1,30,94,22,71,65,45,96,39,38,74,55,17,26,54,98,42,77,10,30,8,46,7,58,57,31,86,44,14,19,45,26,92,1,0,42,13,66,83,56,44,94,31,17,97,5,16,85,97,54,68,25,75,65