24,35,90,13,96,13,89,15,73,40,56,64,36,31,37,38,20,63,65,6,7,64,65,14,51,15,92,5,19,1,50,6,74,60,4,61,97,31,31,45,29,83,16,85,50,73,76,31,69,95,28,71,8,88,27,93,85,33,63,31,26,33,43,44,5,32,50,82,46,29,65,19,33,43,35,77,94,54,75,17,9,94,8,98,88,37,45,86,32,51,42,15,26,56,19,63,81,64,97,23
56,71,7,88,5,6,6,67,24,43,93,64,99,62,9,44,32,2,54,73,50,19,95,65,100,36,89,94,87,16,81,94,27,94,0,98,30,40,2,78,1,51,58,23,15,13,47,72,86,18,83,80,46,24,85,58,13,35,42,84,61,21,94,53,72,15,45,44,62,49,76,98,93,44,73,30,32,56,68,12,99,28,85,97,10,31,67,63,85,60,55,29,59,55,38,45,98,27,10,10
9,99,4,84,51,55,85,49,90,74,35,44,57,64,56,97,1,22,75,36,27,47,58,94,81,13,87,17,31,84,63,98,82,89,37,11,29,52,95,4,25,77,81,79,19,57,56,52,81,86,32,100,56,100,5,14,75,5,89,4,46,73,17,93,35,13,16,73,78,23,87,96,66,8,9,35,100,73,52,34,11,16,26,30,8,87,65,82,99,99,35,34,84,53,28,90,7,69,0,26
80,57,12,78,98,93,6,84,14,83,45,53,20,70,41,32,21,80,93,21,79,79,74,95,16,11,98,28,9,76,83,39,32,8,15,34,11,68,15,39,16,81,83,41,19,90,7,13,47,96,76,60,45,37,28,8,73,12,15,0,0,15,29,50,66,6,33,43,44,19,83,99,89,30,92,25,56,78,54,20,1,15,11,66,48,53,45,66,4,45,28,95,65,67,23,30,68,16,97,74
48,81,93,71,11,81,70,11,48,35,44,40,3,16,99,3,18,31,47,8,39,71,24,87,65,73,65,80,9,43,54,9,1,10,5,85,92,56,95,3,42,56,4,80,35,6,33,4,8,61,58,51,13,17,80,89,34,95,46,83,22,67,79,35,74,0,32,11,62,2,54,4,71,11,24,73,31,35,9,44,65,19,1,88,7,80,13,88,58,9,9,77,95,95,49,97,48,93,88,30
52,47,64,42,66,2,97,55,0,24,86,90,24,50,9,41,1,36,37,62,52,97,61,20,89,80,83,67,22,29,53,39,87,21,7,29,78,7,30,32,40,25,76,95,49,82,70,69,61,10,14,4,50,75,3,76,57,86,27,0,36,23,59,1,87,27,96,56,74,36,82,28,64,46,56,56,68,1,25,48,6,27,75,39,44,50,50,11,1,56,16,17,72,43,51,67,60,7,45,56
9,16,9,96,84,53,77,39,67,59,81,93,77,88,21,95,85,57,90,7,35,89,35,97,19,15,97,7,47,72,69,69,89,45,28,93,8,56,67,73,72,74,39,25,96,3,51,42,60,81,79,39,96,16,93,17,7,19,1,64,88,27,1,10,10,65,5,19,13,21,16,13,21,85,14,80,91,60,83,44,18,62,78,47,12,65,25,55,36,69,85,1,55,58,62,9,96,29,68,70
87,45,91,88,87,48,79,81,7,11,39,57,32,22,34,50,85,68,71,77,25,39,42,12,16,8,100,74,67,45,61,42,40,83,63,75,4,20,32,87,76,88,8,75,47,40,12,14,77,100,89,90,85,18,23,69,74,83,47,28,23,93,55,10,8,10,37,21,51,62,37,96,44,72,87,15,99,37,17,74,59,16,53,49,56,83,69,82,19,2,0,91,83,88,66,66,93,33,29,26
19,20,20,49,86,35,62,39,16,35,8,67,22,33,46,90,28,56,96,32,53,5,60,60,23,5,21,90,11,41,94,22,25,3,13,97,23,82,12,48,39,40,35,17,48,63,86,35,86,46,67,21,4,60,38,97,91,18,50,51,39,20,11,46,96,37,66,81,43,50,39,10,37,27,84,19,67,14,51,66,14,18,6,52,99,90,30,67,31,67,14,96,90,59,49,39,46,86,88,33
49,47,58,24,88,62,64,94,85,7,87,58,91,73,55,46,90,44,14,28,73,89,1,31,86,42,31,12,34,72,95,37,20,90,66,1,73,1,27,20,45,0,77,81,87,7,89,10,5,15,78,31,37,90,88,74,76,61,75,1,59,80,2,98,90,91,30,56,24,96,69,46,95,66,74,22,13,88,69,99,28,41,23,21,71,72,22,7,55,33,42,71,67,27,28,63,52,3,41,59
78,37,29,82,100,91,2,72,30,95,56,25,93,0,68,88,5,48,58,39,65,53,60,63,93,24,23,51,59,36,35,30,65,11,97,75,85,73,13,88,46,100,84,50,7,20,34,58,81,43,4,14,3,7,11,66,77,23,39,8,51,57,82,31,26,1,12,7,96,20,55,90,53,12,97,49,20,5,71,7,61,67,52,26,54,80,85,100,59,76,56,4,59,21,6,16,52,41,60,33
97,0,42,71,75,81,75,74,19,52,32,75,84,67,78,44,32,29,28,65,13,35,20,8,75,34,84,64,29,74,12,87,2,93,90,67,27,8,91,5,57,52,82,85,98,63,37,55,74,38,41,21,12,6,85,96,71,71,72,84,16,43,26,48,63,18,58,69,62,52,18,22,30,95,89,78,49,83,18,60,29,46,86,70,83,11,36,66,87,24,90,77,92,79,28,60,39,20,51,10
71,87,56,43,5,73,43,77,45,98,43,60,7,24,53,50,28,45,42,19,93,80,67,23,11,40,71,27,57,1,8,100,93,53,43,45,6,85,74,74,20,45,77,96,63,76,96,12,57,15,55,76,92,74,28,42,42,28,47,0,60,68,26,36,54,66,50,5,49,35,13,24,1,57,33,6,89,74,76,81,86,10,12,15,57,43,81,35,72,26,32,56,90,26,44,56,38,82,9,25
74,97,74,28,12,48,79,55,75,69,59,89,55,25,18,75,53,74,11,19,14,38,8,80,87,7,0,38,73,52,30,22,19,90,18,86,90,27,89,42,55,20,27,83,67,68,65,63,72,55,25,11,67,5,23,69,49,94,49,33,33,78,17,86,12,64,48,33,5,19,43,1,84,86,93,56,48,11,83,51,45,85,62,33,29,73,1,62,37,85,72,27,5,61,31,48,28,62,22,27
8,70,29,98,20,63,86,69,48,14,85,3,12,62,83,37,25,8,88,17,88,94,5,22,7,26,79,92,15,100,90,12,61,22,81,17,93,47,100,79,75,23,86,19,67,9,8,69,73,72,66,96,52,73,95,4,66,39,12,84,25,7,26,97,77,87,28,79,30,41,88,47,72,53,57,14,77,4,32,85,0,3,13,6,92,29,27,10,44,45,86,16,3,72,73,37,86,60,43,67
14,12,31,51,92,43,89,80,83,63,85,4,93,65,64,43,94,85,95,44,72,24,3,49,14,20,85,57,46,89,67,14,15,16,20,97,8,35,60,97,61,7,98,99,19,91,46,73,88,29,97,8,21,88,66,59,99,3,7,14,70,78,50,86,81,17,71,35,21,98,47,77,92,46,8,100,91,91,7,33,69,15,12,96,13,82,50,52,36,57,41,12,23,17,31,67,3,73,74,97
58,2,79,69,23,99,89,54,16,37,8,41,63,29,5,35,9,96,91,81,54,32,40,32,83,79,86,72,89,45,30,0,65,51,84,23,62,38,35,98,10,46,54,73,37,73,70,91,27,83,11,79,0,23,77,78,91,25,37,6,87,2,36,38,44,45,57,44,29,74,51,100,27,75,8,65,64,40,76,40,60,74,50,78,36,79,39,42,82,76,38,50,12,65,49,43,96,54,70,64
73,90,6,15,8,81,97,43,94,78,63,89,49,95,40,91,5,87,36,6,28,18,10,67,80,30,34,15,76,66,14,45,72,93,46,13,10,51,22,9,60,48,42,94,54,29,22,54,58,6,75,7,25,14,65,66,70,66,81,28,53,82,11,34,7,70,75,100,79,11,70,96,25,40,37,100,99,23,64,25,66,18,62,15,63,27,57,90,39,98,3,24,85,45,30,17,29,70,12,57
51,77,48,92,89,17,90,72,37,94,7,69,63,49,99,0,1,43,48,41,28,63,54,36,39,79,57,58,11,84,30,53,100,65,9,13,79,15,65,72,45,31,65,64,1,51,18,17,82,70,87,50,10,25,49,20,16,15,63,58,97,47,40,57,83,77,29,74,85,92,79,1,74,76,14,15,14,56,47,32,9,62,24,24,70,24,2,6,18,56,40,24,61,21,74,20,12,11,68,53
33,22,93,11,5,73,42,79,35,75,8,90,51,71,42,79,59,53,29,52,91,34,97,28,99,76,68,84,67,84,22,57,17,28,42,32,97,38,26,59,82,37,96,74,25,27,21,31,36,63,1,74,64,6,1,31,12,92,83,25,82,65,19,28,27,61,9,34,40,33,82,37,23,5,75,20,9,59,34,91,21,28,79,94,20,2,25,89,14,14,61,34,78,78,88,83,19,10,80,17
15,60,61,47,47,78,60,71,27,74,52,9,51,17,8,5,93,26,86,76,2,22,4,0,63,14,70,35,8,33,8,41,11,82,2,53,37,0,87,91,26,36,0,32,32,77,79,100,35,4,68,59,23,72,67,75,61,0,58,25,26,47,37,17,4,45,20,33,19,78,48,96,53,3,71,100,55,19,8,32,40,17,12,99,42,86,88,67,92,42,21,34,74,40,40,92,54,91,11,24
5,35,12,6,25,99,94,77,59,83,14,8,58,53,57,68,85,91,56,75,36,88,68,39,34,30,81,58,32,31,32,14,20,82,68,69,27,28,96,20,32,87,6,58,26,26,53,65,16,15,99,17,2,5,93,14,3,35,55,88,83,98,100,23,91,35,5,36,60,24,62,72,51,41,24,53,46,34,13,12,42,66,35,44,2,62,59,47,53,1,37,7,88,68,74,22,13,46,54,47
10,93,76,94,76,98,81,49,43,37,45,42,33,38,52,93,47,4,10,80,49,36,4,4,94,27,82,79,38,56,13,2,88,26,26,51,83,62,9,44,53,54,2,9,11,83,97,95,75,87,32,7,59,0,90,84,37,42,31,96,11,70,17,71,95,88,3,39,21,58,49,46,31,37,79,56,57,64,93,38,41,98,55,30,75,59,90,99,39,78,2,12,4,55,36,20,26,53,51,37
40,86,16,10,88,95,42,52,83,82,3,73,62,16,33,100,67,36,87,16,42,87,61,60,13,98,12,69,44,55,79,70,44,86,33,98,58,38,94,25,16,4,87,33,14,49,24,8,20,4,51,35,66,30,60,93,42,24,24,43,59,40,63,0,15,75,70,49,25,87,38,49,74,47,24,87,14,22,5,72,4,83,97,36,69,54,0,22,57,99,57,36,10,79,85,62,65,12,72,57
7,0,1,34,36,38,3,63,13,70,60,93,76,3,65,18,31,79,93,48,53,40,83,74,87,29,95,2,51,36,20,60,68,43,39,64,57,3,21,97,75,43,58,90,10,8,49,21,19,15,28,68,37,78,99,96,97,23,23,72,19,12,82,95,55,32,69,1,16,27,51,69,61,42,67,72,70,38,75,56,89,96,78,72,27,12,58,59,45,15,4,35,12,44,81,61,58,37,24,28
3,80,93,89,88,1,12,52,52,42,65,7,99,63,47,28,28,9,5,56,90,88,36,55,100,95,57,70,74,51,49,37,73,59,22,42,27,49,13,56,6,38,54,76,24,31,2,21,96,76,51,4,20,79,4,70,4,48,39,87,5,10,50,63,14,70,73,70,48,82,82,23,9,93,66,3,96,77,17,73,71,25,21,34,43,47,10,91,66,68,27,41,30,25,44,100,20,67,58,11
5,81,45,37,57,35,97,87,41,52,45,15,26,94,15,36,49,39,3,2,3,78,58,80,14,66,30,78,19,52,60,86,8,2,71,42,44,43,40,51,93,99,24,96,62,61,90,65,51,98,41,58,84,65,48,55,73,90,16,18,60,77,51,38,22,69,65,47,56,23,28,93,13,88,48,18,41,56,37,59,14,19,12,61,85,0,98,63,2,28,4,3,44,90,53,26,49,45,74,14
42,57,100,11,78,1,84,45,70,39,70,71,66,21,21,65,73,15,64,92,17,59,43,53,23,2,59,43,84,36,58,39,62,58,76,33,98,100,99,31,86,60,75,39,34,53,93,36,66,43,42,87,97,39,96,44,83,57,21,40,30,70,60,6,49,13,20,77,13,83,10,24,49,98,53,81,43,84,11,60,25,8,29,41,55,76,68,92,60,45,6,56,100,24,2,100,25,17,36,12
86,12,99,65,80,69,27,99,73,90,33,26,58,62,45,28,11,54,39,30,79,57,42,97,43,97,84,79,11,39,68,55,92,50,31,27,52,60,11,96,33,19,1,78,65,96,17,47,84,26,74,8,72,86,90,54,86,69,33,28,4,87,2,45,0,70,13,99,13,41,9,50,34,65,47,56,43,78,39,30,51,75,72,32,16,51,79,78,88,29,43,26,99,61,82,93,66,90,95,79
91,2,60,88,30,92,74,32,56,59,0,56,38,90,22,99,92,20,54,91,48,54,60,71,71,72,55,52,17,1,90,26,19,61,57,100,73,72,69,19,63,0,14,91,33,67,61,61,9,97,58,43,37,8,34,15,44,37,79,64,74,48,99,47,31,2,24,58,24,95,50,27,99,89,91,16,82,58,81,9,30,87,75,85,78,94,81,99,4,36,5,97,60,99,19,87,85,31,41,6
44,42,57,47,50,24,21,6,41,16,95,34,10,77,53,54,30,37,94,31,64,47,11,53,95,9,63,89,4,10,70,20,0,91,32,11,89,31,20,43,1,49,80,2,43,34,22,47,79,49,41,20,64,55,2,31,57,8,87,32,94,32,99,75,39,91,9,62,62,27,80,86,64,87,5,88,85,72,15,98,3,88,5,84,42,89,83,35,82,13,0,67,40,64,97,6,64,9,64,30
76,4,20,76,4,20,67,65,69,50,70,41,98,69,7,14,5,63,80,39,47,68,94,92,32,19,82,49,49,50,13,39,87,33,13,91,87,27,50,95,64,9,25,5,73,81,40,87,95,22,91,40,52,34,4,50,77,43,29,61,97,34,5,67,33,67,67,73,70,54,24,52,46,82,26,58,59,67,9,92,4,11,69,3,9,41,49,56,49,9,46,12,60,27,44,4,52,3,79,57
34,88,85,60,97,52,18,56,74,13,95,30,33,56,69,69,8,30,0,38,31,17,13,48,23,13,62,41,55,28,46,11,55,18,98,56,22,64,9,93,19,67,10,39,87,54,18,6,31,33,53,88,38,88,72,41,38,4,11,85,23,97,64,63,95,40,48,29,56,43,47,97,31,58,29,57,80,68,1,93,61,75,93,59,93,88,17,72,91,80,31,13,42,71,30,61,54,36,6,37
45,83,99,100,62,26,28,3,20,48,43,2,59,66,13,65,18,48,48,57,18,0,33,39,80,24,32,63,27,14,41,47,21,66,79,100,76,72,89,30,7,78,4,32,31,87,99,14,33,17,35,98,38,74,37,43,33,42,42,31,61,80,90,34,45,23,17,67,67,87,84,83,73,62,11,92,67,87,70,99,37,8,62,7,66,72,24,12,63,70,34,67,99,43,89,32,8,23,1,72
79,79,63,72,27,45,12,81,39,18,25,91,47,27,0,51,62,60,46,96,99,87,60,34,79,100,62,67,61,97,94,74,79,80,23,79,65,53,63,64,30,83,29,64,35,74,66,22,56,71,28,65,4,19,39,19,67,41,30,32,14,90,74,34,41,1,29,77,3,34,56,44,21,62,60,33,16,76,41,94,36,49,52,83,29,45,63,41,88,94,48,44,90,11,20,23,64,10,14,69
28,27,48,95,2,57,96,51,60,62,43,4,77,33,32,15,97,91,72,4,65,63,65,63,99,53,97,88,71,11,92,45,93,54,94,88,74,3,91,40,52,10,32,0,54,75,98,31,65,70,3,46,37,39,27,64,15,19,47,78,45,64,31,30,40,95,26,56,33,82,99,60,47,17,74,57,51,5,92,79,99,73,65,76,62,49,29,1,3,6,25,73,18,48,7,0,27,75,8,60
63,89,30,52,45,55,4,99,30,0,74,62,12,78,49,86,52,66,59,32,21,87,43,60,0,39,46,41,30,46,74,87,28,9,95,87,44,15,81,3,32,30,50,1,11,38,100,25,72,94,99,99,91,84,68,32,14,69,40,73,31,21,30,71,98,20,89,53,27,34,56,21,4,89,63,94,24,47,71,1,39,52,67,65,52,72,10,23,22,90,66,0,55,35,92,1,82,68,19,22
43,57,31,88,65,1,7,19,28,40,96,24,49,27,15,95,72,86,34,14,77,2,9,83,78,57,67,28,21,5,12,44,90,73,34,7,48,10,79,60,15,89,34,57,57,96,37,98,35,80,99,84,38,99,11,40,57,46,20,5,86,76,64,60,28,11,68,3,38,14,85,39,27,23,80,76,3,25,27,96,51,33,91,30,33,24,26,28,20,28,28,7,50,44,52,77,61,50,8,49
45,3,30,15,71,99,19,77,8,73,43,34,72,28,65,47,25,69,68,72,35,12,82,27,18,95,48,65,49,54,16,15,87,51,33,18,21,40,52,55,40,3,68,55,64,74,5,46,55,38,14,76,38,70,12,56,19,17,18,92,4,64,29,5,68,3,18,84,13,4,17,58,94,41,5,92,95,65,96,78,41,69,12,56,40,66,89,64,71,93,6,85,5,7,26,15,15,36,94,91
47,74,11,67,43,99,8,52,59,90,30,97,83,90,86,92,87,14,54,7,90,36,95,100,24,10,31,34,92,14,67,22,94,35,68,65,34,2,5,68,39,49,56,58,24,87,59,97,33,5,54,36,63,56,52,35,37,23,67,4,24,77,37,14,67,72,45,72,8,24,62,65,30,95,96,10,33,6,72,2,63,82,91,5,11,53,46,43,30,65,53,33,90,37,47,40,74,99,67,29
65,14,23,4,83,15,40,63,91,3,18,85,60,98,48,38,99,2,85,94,2,8,60,94,37,98,73,57,31,40,5,78,92,40,17,28,3,69,84,89,18,90,10,62,86,66,64,42,33,40,11,27,16,74,58,71,46,73,97,57,98,54,55,74,27,75,67,16,55,82,54,60,34,27,80,93,61,36,76,18,18,65,60,41,20,97,56,69,78,25,38,5,29,8,31,97,59,26,19,46
51,54,83,22,52,15,39,79,81,13,15,56,58,97,67,97,100,32,57,39,71,24,10,68,62,97,53,79,36,41,2,62,2,24,20,17,19,78,65,78,35,3,78,57,73,60,24,80,63,78,33,37,69,2,71,46,14,100,72,56,33,27,82,69,89,16,54,13,37,87,73,57,92,58,9,49,92,20,20,39,45,48,21,60,94,59,33,15,73,49,38,23,52,91,76,91,69,74,21,45
22,41,31,60,95,35,23,75,70,52,75,29,50,82,29,29,68,91,80,85,39,17,46,40,78,73,59,58,67,17,86,3,84,93,61,5,8,51,93,79,42,50,80,75,30,30,12,52,33,83,79,51,55,23,56,98,71,27,13,41,10,34,22,79,52,80,53,95,22,40,51,11,30,99,73,87,22,10,74,56,23,50,92,6,22,40,17,64,64,70,71,47,58,14,92,35,31,1,79,60
58,43,49,12,54,33,22,83,30,68,69,9,6,14,73,51,12,73,94,39,55,81,10,62,61,47,28,75,97,14,76,36,69,14,64,95,90,69,37,56,89,48,52,63,49,77,2,41,74,40,51,42,94,51,7,0,51,43,20,47,84,56,6,80,0,96,62,88,50,94,31,26,65,0,45,63,65,52,11,74,69,35,64,66,43,11,82,61,11,12,35,41,16,74,6,61,82,58,74,21
78,82,7,18,45,79,9,14,44,19,76,32,11,4,11,61,9,44,35,52,42,42,89,79,42,30,73,61,2,31,68,79,9,90,54,69,86,77,71,74,75,97,48,32,90,44,31,27,34,48,75,1,84,0,87,89,7,67,31,35,93,1,33,83,5,40,62,5,88,19,81,16,8,84,28,78,19,12,82,68,40,0,64,35,75,96,60,18,22,57,77,45,46,39,25,69,86,65,79,72
66,26,29,85,81,92,2,67,74,52,62,51,66,31,33,34,24,2,98,71,8,58,4,48,81,45,88,36,57,27,42,83,91,16,69,26,66,49,52,71,64,97,12,62,14,87,1,87,85,25,84,86,16,15,10,29,75,68,44,51,94,19,85,84,60,63,37,2,1,58,64,91,8,82,72,77,64,19,75,78,96,2,90,31,14,12,15,5,16,93,100,24,88,59,76,83,50,48,88,25
64,27,56,33,14,46,5,45,31,12,1,56,43,75,76,30,45,94,27,0,95,10,96,87,66,81,8,23,90,38,80,47,41,47,68,7,84,95,9,31,62,4,71,56,51,78,65,99,28,59,11,2,1,81,89,83,13,100,76,46,83,61,42,94,63,8,62,23,92,35,50,51,0,59,98,48,62,4,13,8,93,40,47,69,50,55,94,17,47,14,6,74,91,39,8,64,61,87,26,27
86,98,10,9,24,7,58,90,17,95,57,51,51,10,96,75,90,89,25,3,22,7,19,68,70,43,82,73,3,78,6,98,74,68,26,34,73,79,67,10,57,75,2,46,74,13,98,39,32,6,2,25,65,2,26,96,59,29,93,25,19,27,84,32,40,84,83,42,0,99,60,43,54,34,52,91,92,25,31,57,47,13,40,43,3,45,37,74,47,21,3,21,45,85,26,95,46,18,68,100
53,69,86,96,89,52,97,33,74,94,24,50,0,63,63,14,4,32,94,4,23,72,50,48,20,49,23,98,50,81,10,24,96,11,19,63,13,79,40,45,89,85,71,79,28,0,43,70,91,78,80,61,77,91,60,31,45,99,43,97,74,72,48,46,63,4,37,84,67,58,21,48,50,46,62,7,7,55,45,92,90,59,51,20,33,100,54,20,61,25,58,91,28,91,28,20,45,25,37,16
91,73,78,2,32,86,86,45,72,98,55,38,38,12,38,56,13,79,24,92,73,5,20,96,66,31,21,53,51,50,3,89,6,32,98,2,47,44,83,50,49,0,91,14,77,65,88,46,79,46,44,9,66,4,41,14,31,23,57,47,95,17,100,45,66,4,49,32,68,88,54,25,72,1,35,20,10,96,86,42,95,63,10,39,32,77,78,58,32,11,85,23,77,53,25,71,44,47,88,20
33,82,16,55,62,6,28,93,33,80,18,66,9,1,59,60,16,87,77,96,0,1,84,60,49,15,66,4,12,14,20,43,83,32,29,5,46,83,82,37,8,38,6,19,79,41,47,83,18,9,35,53,21,79,11,78,65,31,49,82,42,72,40,22,83,15,88,50,25,73,31,50,13,98,87,39,92,53,9,90,49,44,87,8,42,19,31,0,90,13,62,77,38,74,96,95,20,13,60,81
91,67,13,9,11,35,39,14,61,80,61,34,12,65,11,11,66,62,15,62,49,46,22,94,20,88,32,9,7,63,22,20,75,46,92,89,42,66,67,23,89,85,54,15,58,41,30,80,68,28,81,26,47,20,34,13,14,30,81,92,3,90,25,50,83,98,6,65,10,8,8,20,13,74,65,21,45,50,73,96,94,33,81,9,41,7,12,30,8,96,18,65,41,42,87,20,37,36,56,66
38,58,41,36,24,28,15,30,82,31,77,6,42,70,6,76,78,8,37,3,40,66,32,95,61,76,35,39,39,49,19,96,33,55,53,66,12,21,22,77,42,0,46,21,6,81,20,31,80,22,82,15,58,1,41,19,52,39,6,89,40,30,79,39,60,97,99,13,11,63,77,62,12,85,45,59,12,55,2,71,36,24,16,79,74,10,22,90,9,74,80,37,83,35,9,78,89,34,27,45
21,49,57,77,51,10,92,72,85,86,39,17,53,98,92,35,77,6,79,42,100,37,15,45,63,97,83,41,8,2,39,34,92,45,48,24,88,95,91,28,78,55,88,61,57,60,51,36,42,39,9,47,60,10,53,7,97,9,52,73,80,77,33,14,75,36,83,9,31,28,74,2,20,39,34,88,87,89,84,71,30,55,47,66,36,44,17,5,27,47,50,80,9,48,0,52,4,92,35,81
38,22,70,65,83,73,30,30,47,45,34,70,18,94,60,67,71,17,27,83,76,79,38,6,70,69,76,99,58,44,12,92,36,19,52,62,82,10,5,6,4,91,85,59,27,22,97,1,1,33,21,5,37,93,16,75,6,31,100,100,10,38,45,53,43,99,92,98,67,20,26,52,38,57,23,55,32,78,38,18,26,83,51,14,11,49,4,86,60,26,59,62,15,48,60,20,3,90,53,4
10,45,25,93,82,96,69,19,79,74,56,18,4,38,86,4,55,30,42,37,32,66,9,32,17,4,17,94,33,16,98,92,73,68,29,40,7,57,90,14,89,66,71,34,76,32,98,81,58,30,70,12,42,2,64,66,31,5,57,27,40,76,90,38,93,71,69,46,93,12,22,97,100,16,35,62,29,11,86,42,62,71,54,21,84,66,93,15,28,15,45,19,5,45,17,26,19,47,96,40
49,33,45,74,92,30,70,59,65,43,53,39,84,61,2,98,80,73,61,58,9,98,23,7,90,100,71,23,77,50,42,1,64,46,87,70,3,29,24,34,91,40,62,57,46,49,87,91,13,100,11,37,45,54,78,62,68,3,95,51,43,48,19,74,28,41,38,13,52,44,92,76,91,20,26,53,17,85,14,34,47,1,53,9,3,100,22,87,5,33,60,14,34,53,16,23,22,41,83,97
80,16,93,43,48,85,10,70,37,22,19,0,56,40,40,88,58,97,66,77,9,59,17,87,69,95,58,46,25,32,14,87,80,77,69,46,10,39,70,1,82,72,91,51,48,18,11,73,86,83,63,9,51,26,99,33,88,7,34,75,21,5,25,20,33,48,7,59,65,64,87,31,6,24,90,39,29,17,10,94,41,42,11,81,12,55,27,47,81,100,16,57,71,32,33,84,67,24,96,98
14,98,11,60,7,57,8,20,58,54,43,94,0,46,7,40,50,49,14,33,76,44,54,33,69,61,53,87,70,13,74,65,26,18,88,86,89,58,49,20,18,19,5,12,67,76,22,75,17,4,93,18,58,55,71,61,68,83,10,95,95,53,76,73,69,97,63,22,33,82,85,8,33,71,97,87,21,64,100,64,63,11,29,97,20,91,75,62,78,42,24,14,68,33,29,82,100,22,32,28
2,82,53,60,34,31,41,58,26,62,28,68,39,63,13,19,68,71,24,13,67,13,80,95,80,71,86,51,53,54,34,67,75,15,7,15,32,84,52,44,17,15,59,70,94,45,22,71,77,32,81,24,7,82,39,24,67,91,89,55,43,84,82,57,42,84,90,42,77,53,68,65,99,52,1,31,1,9,39,75,79,38,95,1,15,63,36,83,3,3,30,7,93,41,99,69,98,74,4,48
58,9,11,24,7,66,51,11,86,99,4,22,75,74,81,50,87,89,15,59,28,86,94,93,24,49,5,52,56,61,65,63,42,42,26,27,54,53,37,68,2,59,67,15,57,18,59,40,100,74,78,41,74,5,7,74,24,53,56,73,82,50,96,11,14,29,18,93,2,61,54,69,20,92,16,71,13,78,55,21,47,0,35,41,80,74,25,7,48,84,97,60,12,37,71,21,83,91,41,44
25,39,86,17,76,51,81,65,11,7,82,1,95,21,2,43,53,64,32,17,27,51,20,82,29,31,41,33,70,57,18,78,51,68,91,44,47,92,29,1,16,82,57,5,57,10,11,90,14,24,19,57,37,14,11,85,100,24,36,15,26,35,76,44,75,16,45,73,94,25,50,77,15,79,67,95,15,66,62,42,37,67,89,20,51,81,61,70,18,75,90,45,62,47,59,2,72,52,27,23
35,17,73,79,18,39,45,73,36,99,27,95,79,30,18,68,59,42,73,87,84,97,58,23,9,42,76,84,17,90,14,38,42,66,35,88,79,43,45,2,98,32,69,74,66,67,13,31,63,1,1,79,11,60,76,11,84,29,18,81,84,78,90,49,23,84,83,6,42,16,44,87,66,20,73,30,60,21,96,72,96,10,91,65,10,19,14,1,17,51,66,56,5,50,67,25,71,89,88,54
34,5,34,2,2,17,55,24,7,9,98,25,4,68,26,51,22,37,51,6,33,0,47,54,14,55,49,38,68,1,42,72,4,1,74,63,45,74,56,88,87,61,81,47,54,10,29,7,42,26,47,65,58,14,2,47,92,42,53,4,82,43,9,93,58,61,17,87,12,92,29,62,36,12,100,60,96,17,69,43,10,40,100,55,25,0,22,70,66,50,18,97,57,13,41,43,5,24,8,99
19,94,18,34,12,21,13,72,34,31,61,47,15,44,2,33,52,17,62,77,88,75,75,69,41,77,66,98,20,30,24,81,1,34,54,0,79,75,95,66,21,76,17,26,96,9,82,94,16,53,9,83,60,45,11,91,19,45,8,74,86,92,23,14,83,73,86,9,69,100,37,46,46,24,62,70,80,62,71,87,23,11,58,30,32,88,81,61,73,92,72,21,88,39,100,69,9,31,37,70
46,63,27,45,63,92,91,18,75,71,37,5,80,19,2,41,94,33,37,81,81,70,43,1,26,0,69,2,35,63,2,85,5,44,27,39,1,83,61,44,29,21,64,37,44,43,63,70,29,24,28,91,58,75,12,83,44,32,38,25,62,12,1,3,67,75,33,82,57,34,59,26,76,84,21,58,100,16,76,51,93,26,95,93,25,77,80,29,80,27,72,9,38,72,91,12,64,100,11,33
67,11,30,71,63,40,88,23,66,96,37,70,96,97,12,12,58,20,2,58,80,3,25,3,63,66,76,80,35,15,40,90,25,39,64,26,66,98,94,50,77,21,84,94,36,27,18,4,10,91,43,64,83,74,88,48,44,3,76,62,63,14,78,67,48,67,55,29,16,1,88,36,63,40,69,100,60,28,67,37,75,96,16,68,0,47,23,4,47,48,3,66,82,57,47,41,6,45,89,68
6,26,69,45,18,13,53,19,60,27,0,51,32,71,0,72,9,29,62,92,23,97,6,55,75,84,76,96,75,27,35,72,93,43,28,60,74,24,21,27,87,90,50,13,3,46,89,13,59,55,26,30,15,65,74,59,50,38,95,28,100,47,44,65,87,86,46,32,67,82,60,30,17,81,55,97,63,4,14,3,18,63,36,56,66,28,76,55,30,18,73,82,99,52,94,19,76,97,47,23
86,31,95,79,1,90,83,13,63,75,67,35,8,55,67,40,62,47,30,73,51,96,76,47,69,53,46,61,29,20,68,24,63,88,72,40,7,42,85,65,75,53,69,56,95,88,18,65,93,13,56,82,6,65,84,50,77,21,28,45,76,26,2,89,90,66,25,19,38,14,63,38,74,6,23,29,18,99,69,0,45,82,44,64,31,59,57,5,32,72,85,7,35,3,44,17,87,24,11,64
44,85,71,17,9,46,93,78,84,95,37,21,20,57,24,34,72,49,49,59,10,12,50,23,70,0,49,34,14,9,21,13,95,60,35,10,94,13,74,23,32,24,46,37,94,88,99,43,53,90,92,26,0,64,41,74,16,17,65,8,30,91,77,67,76,89,24,5,86,70,93,41,68,2,6,99,91,89,72,56,92,13,28,42,92,64,76,28,32,74,86,78,32,81,94,53,0,79,33,56
23,2,8,24,87,18,23,34,28,60,19,26,100,72,100,6,60,84,48,61,69,84,43,27,16,96,20,66,9,31,40,99,87,3,61,62,31,59,52,42,69,20,79,77,54,49,32,14,88,53,2,63,5,36,19,71,21,46,17,32,39,39,18,34,79,36,57,15,89,95,90,98,98,72,89,73,15,56,85,0,10,98,79,94,55,56,1,53,50,48,52,28,81,16,93,4,17,64,77,60
83,31,30,47,11,88,40,57,24,70,63,23,1,80,97,65,39,10,97,33,72,16,27,40,82,87,17,12,41,49,68,57,86,13,51,34,36,46,47,28,79,92,30,90,71,94,11,54,12,93,44,19,29,26,50,29,24,15,96,16,56,96,19,51,25,34,19,76,3,51,59,68,52,85,13,4,16,55,18,15,29,44,71,75,77,54,80,97,9,15,32,30,2,13,30,92,53,48,43,94
69,2,48,63,75,44,90,28,72,4,38,82,14,33,15,75,45,78,43,86,50,12,81,4,80,44,15,59,27,70,22,33,58,89,34,39,54,88,19,86,50,23,100,60,38,39,16,79,35,63,78,9,45,53,29,20,64,14,18,34,27,6,62,56,73,37,99,100,88,20,34,82,90,17,54,21,93,21,24,39,0,95,5,79,41,89,99,35,89,74,15,95,73,6,48,92,63,25,69,75
98,2,11,45,40,14,75,19,68,78,70,27,92,3,29,65,14,6,75,96,30,12,69,46,59,99,92,93,38,71,3,5,94,98,62,10,23,38,74,23,69,80,65,92,98,81,87,0,64,49,60,8,92,33,80,72,44,87,76,47,54,80,33,71,24,87,35,1,20,95,12,90,65,13,69,63,71,73,48,87,41,83,88,25,19,60,92,73,17,73,91,9,34,11,73,80,46,33,78,81
67,7,38,7,89,85,72,91,92,35,4,23,83,70,64,18,98,63,60,24,67,61,75,70,27,80,40,18,90,90,9,91,23,8,23,86,62,18,25,53,100,68,27,6,6,34,28,24,84,89,48,15,56,96,26,22,72,40,9,56,60,63,1,25,35,2,26,85,53,21,76,41,92,33,33,41,79,50,90,77,49,91,41,20,8,15,75,96,5,87,55,78,97,54,72,55,99,18,91,99
90,51,6,44,98,9,88,68,65,43,88,74,62,56,53,26,18,44,74,86,45,97,4,56,55,36,100,1,27,17,57,71,13,44,87,46,22,77,90,96,62,22,8,39,50,62,76,99,37,8,4,62,48,19,95,14,94,16,45,36,37,49,87,29,91,82,59,37,3,89,33,49,95,16,47,9,33,67,18,72,74,45,48,99,39,79,87,32,54,83,37,53,81,4,70,50,28,48,52,9
8,82,9,15,30,24,37,99,78,7,86,31,55,35,76,19,0,22,1,76,19,23,99,77,26,4,81,40,70,89,93,87,36,51,86,36,62,64,14,87,37,60,19,6,58,71,76,75,1,2,74,54,36,99,99,39,60,81,92,46,88,16,36,56,36,17,47,90,40,8,43,1,20,47,85,13,64,80,39,16,17,83,50,60,3,53,93,85,38,56,71,30,94,25,81,75,46,51,67,43
57,96,65,76,85,52,75,76,53,94,89,99,47,68,37,10,12,60,5,67,40,4,35,65,29,21,99,83,65,16,80,90,37,30,91,2,56,96,47,85,98,64,30,12,48,84,43,45,45,75,100,92,83,45,0,16,22,74,28,1,98,5,31,80,30,14,40,72,91,98,6,97,64,91,47,34,12,26,28,72,80,17,86,30,64,1,21,25,77,49,80,28,72,58,70,23,70,12,53,11
59,39,23,15,66,21,65,0,68,6,81,56,36,42,98,30,48,5,75,11,57,4,84,68,81,74,100,70,32,27,89,90,60,26,72,14,47,35,88,6,26,82,16,18,4,36,69,80,5,87,34,1,42,17,44,59,13,37,95,81,82,6,48,19,8,60,29,33,61,98,15,59,15,3,47,59,26,99,68,100,23,2,89,82,56,47,29,9,81,31,25,22,58,7,65,97,19,55,42,17
69,25,41,75,6,25,75,33,18,53,59,38,99,40,85,37,7,61,72,96,63,12,82,45,55,72,22,48,42,54,74,0,76,11,13,81,54,76,95,49,97,8,85,16,41,86,13,30,71,31,21,45,1,6,80,41,61,4,94,41,92,86,35,96,64,75,84,66,45,54,84,85,3,82,43,75,54,71,27,88,72,16,18,81,47,21,7,18,14,48,75,15,7,0,24,13,24,84,23,43
8,83,96,14,4,72,89,44,79,71,70,47,85,82,69,46,64,27,33,15,80,8,4,24,94,24,55,10,7,90,16,44,5,21,23,27,76,7,70,97,58,10,65,51,87,4,2,73,67,74,25,90,83,10,27,13,96,87,96,81,47,0,49,0,33,45,70,54,41,9,48,58,24,10,25,9,93,81,80,21,4,21,66,81,70,23,87,36,58,73,54,32,59,93,39,58,69,74,83,19
23,44,71,36,10,4,34,25,8,33,9,41,8,99,73,81,68,30,23,39,91,41,84,64,32,94,33,22,46,59,28,26,71,47,89,28,34,41,5,10,96,92,20,20,71,16,34,63,93,0,81,24,17,79,70,39,47,35,46,42,23,93,80,18,99,94,45,79,100,16,70,23,2,19,44,63,94,61,46,67,22,65,72,58,52,64,42,8,72,7,24,62,94,63,66,93,43,82,100,7
23,58,65,44,15,69,19,49,46,89,75,1,50,100,84,67,71,71,54,48,54,48,85,76,54,25,98,84,63,81,67,79,78,60,65,99,23,60,68,14,89,34,96,98,44,2,93,28,55,59,44,9,95,95,76,40,9,55,77,73,55,57,34,19,51,37,65,5,66,31,85,10,62,97,95,71,79,44,68,80,85,89,40,82,21,50,49,70,66,58,80,34,35,67,24,21,31,72,80,39
49,8,43,13,4,60,98,70,55,61,73,2,32,27,62,89,14,58,65,36,94,96,61,85,85,17,24,81,43,80,38,27,69,76,0,25,42,34,22,82,41,35,65,39,83,14,0,86,78,33,90,29,96,57,11,42,51,85,14,22,65,80,73,69,39,24,36,37,85,15,100,93,26,1,0,59,30,42,38,51,5,70,49,26,76,49,23,95,13,30,71,4,10,3,44,22,85,78,24,28
99,70,6,23,19,86,54,66,49,76,52,82,94,100,5,2,38,27,64,70,52,49,54,83,48,79,85,38,44,74,75,63,42,19,97,2,44,63,8,39,26,39,13,18,57,84,72,15,51,56,87,69,100,49,69,50,36,27,16,51,78,46,38,54,71,90,90,28,14,31,0,25,17,22,42,95,40,66,98,86,86,56,68,9,98,39,48,32,66,91,92,69,93,43,59,5,32,5,80,56
25,19,13,48,70,99,73,92,88,94,55,6,3,66,53,33,34,37,9,10,15,23,20,71,98,46,14,93,66,48,11,73,16,75,0,100,69,67,0,96,96,11,83,85,10,99,25,57,50,38,46,31,88,4,41,63,29,49,78,21,43,31,60,16,52,36,21,74,33,99,60,60,96,47,64,48,17,69,89,55,88,61,35,58,8,3,55,64,62,78,61,87,88,56,4,6,40,89,58,80
84,37,10,36,67,88,13,54,37,80,26,36,43,29,36,23,50,38,15,76,77,71,96,6,43,57,4,45,58,54,47,82,42,76,60,81,41,80,66,71,79,58,45,25,51,85,100,8,1,58,57,55,16,37,33,79,42,17,82,47,12,23,76,67,60,71,38,94,66,76,17,50,45,59,82,28,83,17,7,57,83,80,52,96,58,12,7,18,95,99,65,26,97,15,63,51,0,67,9,42
99,7,15,85,90,83,80,42,7,34,36,46,88,67,14,93,71,61,18,22,6,43,67,70,70,13,10,33,87,50,14,93,96,20,3,3,55,47,24,59,40,28,22,98,89,83,82,80,19,4,17,52,4,99,13,9,83,100,84,73,10,51,52,1,10,9,97,92,0,36,20,89,66,0,95,50,91,46,9,34,29,88,17,16,22,48,43,39,18,52,38,55,39,59,70,91,32,44,90,20
41,97,23,1,2,73,92,34,97,96,42,50,52,15,13,23,40,84,51,12,89,89,3,44,51,38,87,90,21,2,95,97,89,51,6,53,18,13,24,34,43,20,39,90,35,51,23,54,27,57,53,51,2,32,38,52,58,19,56,44,16,51,38,67,60,28,79,8,84,35,36,9,18,91,52,52,100,37,38,5,24,20,22,77,89,95,57,35,41,7,37,50,66,60,43,43,57,58,0,81
37,59,41,23,71,47,64,8,4,82,63,11,85,75,75,26,35,51,51,33,97,87,99,12,66,89,6,47,58,66,69,64,81,94,24,15,87,8,89,77,80,52,77,31,33,72,78,60,91,41,18,28,93,36,76,29,91,15,98,28,91,31,62,50,77,77,95,6,4,56,73,86,13,12,59,69,50,78,53,95,37,52,89,32,49,39,64,94,23,47,31,40,80,55,82,9,41,4,40,87
37,11,85,40,82,76,87,13,38,17,65,67,69,82,30,4,27,57,40,49,96,59,94,86,57,100,25,61,66,42,31,74,76,24,51,37,87,91,43,78,64,41,15,64,25,58,74,76,7,10,86,14,89,33,83,87,99,25,19,86,93,41,52,26,47,48,61,55,74,68,4,50,41,81,16,20,21,0,83,90,5,54,72,94,2,26,53,14,7,82,11,78,27,91,12,96,72,25,39,35
64,72,8,71,67,77,8,96,56,83,99,79,14,75,73,50,67,78,10,55,9,42,23,75,29,80,10,62,0,40,60,96,37,38,21,39,99,25,30,3,68,3,3,99,56,32,81,35,18,66,29,17,88,99,80,47,31,7,83,25,94,26,4,18,94,37,4,90,29,82,65,6,53,3,17,34,6,48,27,63,69,35,54,45,15,72,72,3,16,88,91,65,90,28,38,82,94,52,13,52
89,32,45,86,59,27,91,14,82,23,87,74,59,70,64,19,58,67,99,91,65,33,3,17,0,37,4,71,100,29,40,6,77,71,21,86,81,88,84,44,76,19,29,79,19,47,88,14,98,84,89,32,3,5,85,42,43,90,35,100,24,81,53,5,37,30,57,98,82,42,85,91,95,16,25,68,59,54,91,46,26,19,10,50,54,92,95,47,77,77,21,0,94,47,77,36,37,35,33,88
35,68,74,88,12,55,28,26,94,20,37,31,24,50,44,8,2,2,74,45,48,72,49,16,32,64,47,35,58,74,79,73,60,26,66,70,91,26,82,59,100,87,8,75,39,97,74,6,35,7,51,85,64,52,74,7,55,16,19,76,77,35,33,50,57,1,24,18,17,4,53,58,33,13,39,2,29,24,2,70,33,75,96,24,2,66,32,85,43,48,41,13,21,78,64,29,2,55,10,42
79,43,52,46,67,75,76,75,96,14,0,5,74,63,11,53,45,88,54,24,4,94,14,23,70,60,97,98,46,9,26,64,51,51,0,79,86,4,21,13,62,71,61,71,91,54,47,99,31,37,14,80,15,47,27,59,55,37,0,96,23,13,97,98,21,91,52,68,7,50,83,41,14,88,16,47,7,34,30,1,63,40,57,54,7,94,93,34,53,11,99,39,79,66,3,91,99,60,17,85
2,31,0,90,87,49,39,30,53,38,31,12,52,57,0,28,97,39,80,17,44,85,95,78,41,89,81,34,7,10,93,45,53,84,81,3,17,33,66,24,63,5,66,13,8,43,44,80,14,76,68,6,98,38,48,78,39,67,53,35,19,95,93,80,75,43,97,7,100,49,63,19,60,40,91,97,47,69,99,41,35,15,36,7,85,73,1,8,25,3,81,25,19,30,82,64,46,82,51,7
9,54,22,70,3,23,30,74,93,89,83,87,34,45,2,69,75,53,25,43,25,33,84,45,21,87,59,2,58,22,15,40,46,63,55,81,55,88,31,21,17,69,31,69,28,1,73,47,15,19,16,7,35,13,2,33,35,39,38,36,69,69,0,57,79,61,99,12,96,62,71,92,46,41,86,54,1,53,88,95,25,85,57,82,26,53,6,8,55,22,77,83,7,88,67,16,93,1,86,38
81,64,74,78,61,72,24,67,70,13,13,86,65,0,54,47,4,52,81,33,39,19,84,34,82,75,15,8,95,16,2,6,85,10,53,93,32,86,92,100,20,51,62,93,90,2,5,60,59,100,23,61,27,100,53,2,11,4,32,62,15,35,61,36,15,66,94,52,72,68,87,71,1,90,92,64,63,34,86,61,3,18,38,60,73,79,81,100,1,64,2,2,81,95,59,20,80,63,25,74
46,13,47,20,51,19,60,43,16,17,48,7,97,69,62,5,29,99,3,83,39,31,34,28,15,48,97,13,43,79,68,3,100,10,3,1,63,19,75,0,7,60,83,62,58,77,93,74,56,93,76,66,37,7,76,48,79,29,90,78,23,79,45,88,95,55,45,28,7,31,93,35,6,71,84,61,2,55,3,45,79,81,13,12,97,18,85,61,44,100,7,45,89,12,50,63,43,83,85,32
99,29,1,9,35,81,30,83,20,93,37,11,77,65,36,86,40,25,41,15,66,71,31,80,41,90,73,9,16,29,87,30,62,27,72,31,45,21,50,85,37,61,11,79,57,95,61,4,4,15,100,82,32,7,76,97,79,16,68,67,90,94,26,25,31,1,13,92,83,81,4,94,88,1,94,35,24,63,25,75,20,25,84,89,5,98,10,83,56,3,73,52,42,1,3,78,30,34,73,90