43,100,12,96,19,8,45,11,29,42,39,39,57,31,30,43,4,80,58,37,5,91,53,62,86,39,84,14,59,51,29,84,62,13,32,15,33,0,53,64,40,70,54,32,19,9,83,55,30,78,82,83,63,4,39,3,90,56,73,56,6,21,64,51,96,41,15,82,89,11,44,78,75,74,57,27,58,29,12,4,54,29,31,76,1,90,36,76,80,10,73,94,59,71,18,87,46,86,65,45
92,18,56,30,61,83,75,75,36,93,70,80,66,24,36,12,88,59,92,43,68,82,9,26,24,35,66,43,75,86,92,1,49,88,51,25,20,85,22,60,22,30,77,21,61,41,34,17,83,27,78,38,1,21,80,86,2,3,96,7,95,73,8,47,87,84,14,17,23,48,63,61,48,28,39,35,22,46,32,64,13,7,63,8,2,82,84,62,31,7,70,50,17,10,67,36,85,0,32,31
15,77,21,73,72,98,62,61,61,98,19,2,54,4,100,6,47,37,39,72,70,100,9,84,74,92,24,16,1,56,90,65,34,97,50,33,48,89,52,34,67,5,35,2,29,20,83,31,85,34,60,21,15,60,81,87,62,76,11,25,52,38,54,24,18,5,16,12,20,80,10,57,78,35,4,63,27,46,81,26,36,92,66,49,11,74,43,8,46,86,92,19,70,20,7,22,7,29,96,68
30,85,3,64,29,56,58,27,3,56,1,0,56,66,5,95,22,60,16,88,10,17,73,74,98,86,47,71,67,55,63,95,44,32,48,98,83,70,86,71,78,21,29,48,81,37,20,66,53,84,36,14,4,58,28,7,86,37,83,0,72,14,93,49,18,3,89,41,28,60,76,70,24,92,90,35,3,64,19,64,61,22,34,4,7,89,12,42,33,80,65,42,10,97,54,100,28,74,89,9
93,35,68,28,11,4,46,78,70,35,79,32,11,95,97,15,87,29,25,63,40,93,71,98,47,1,73,67,74,37,10,3,34,0,17,49,37,60,28,52,93,18,80,67,81,44,72,56,40,4,79,74,88,54,11,27,2,19,56,60,69,73,15,60,5,20,90,16,55,86,48,69,1,3,66,65,0,23,33,42,89,12,26,90,9,50,100,30,25,95,25,98,60,95,48,88,79,47,22,61
67,83,97,38,65,41,16,81,97,47,24,62,95,14,20,38,8,70,58,81,58,53,88,40,31,6,54,69,42,55,50,3,47,40,30,29,32,37,29,59,36,51,56,84,50,4,31,3,16,50,53,33,71,13,38,2,51,48,75,16,9,7,17,51,58,17,92,26,62,67,50,51,76,0,80,55,32,36,73,94,34,33,41,68,28,38,56,93,66,23,61,41,95,74,44,46,88,35,68,8
22,12,53,58,12,62,93,81,91,26,5,42,68,37,23,32,77,3,39,93,12,15,87,36,64,30,80,94,50,24,98,11,3,78,64,23,4,50,34,63,76,87,90,75,1,52,93,14,64,73,96,18,23,43,73,63,21,82,49,96,25,32,30,22,64,22,25,73,62,15,40,97,69,29,87,12,63,79,70,67,85,39,35,98,23,90,61,40,9,4,43,30,87,31,80,66,98,21,97,76
90,93,41,16,66,57,95,39,79,26,74,0,1,93,14,41,72,15,11,29,3,100,63,30,45,77,7,71,59,28,25,6,23,77,78,100,42,15,74,41,34,36,66,95,12,9,15,25,91,26,5,51,88,82,34,29,92,0,91,10,82,71,19,32,89,48,80,19,57,65,22,25,50,76,83,23,35,100,59,80,48,34,49,1,86,16,81,41,82,86,29,29,70,54,8,39,40,42,9,31
24,13,44,66,80,76,47,61,81,70,90,88,79,81,53,89,44,100,48,78,89,7,8,91,82,16,46,26,52,61,74,100,21,48,18,45,66,89,36,49,25,4,31,49,19,48,18,56,42,83,84,27,25,13,1,73,8,34,96,87,100,14,4,35,38,25,81,62,54,33,31,65,54,32,36,51,17,83,78,93,29,86,50,91,90,10,62,25,58,100,14,48,31,82,75,22,25,9,23,49
43,91,45,1,60,74,59,23,14,75,96,85,27,39,55,68,44,70,44,9,82,66,22,45,90,51,93,30,10,67,88,27,82,45,25,54,98,7,69,74,75,43,78,40,6,100,76,55,25,17,11,14,55,8,33,8,35,16,21,60,0,91,37,72,14,36,50,62,64,89,49,26,55,13,36,77,99,32,33,88,66,22,81,37,48,64,86,86,53,48,5,23,88,50,85,83,89,45,4,78
35,33,68,35,12,82,6,13,88,51,84,27,31,67,37,38,22,73,58,58,54,92,88,82,65,3,59,81,6,24,41,48,56,56,36,20,29,100,39,99,93,52,4,57,6,89,62,61,96,58,89,41,40,81,75,84,48,45,11,35,38,51,46,31,49,89,46,2,15,85,71,84,39,91,19,36,36,8,4,8,82,51,27,13,71,15,94,82,100,64,83,78,67,26,16,36,7,39,99,70
79,76,57,85,95,66,79,86,91,48,23,98,77,56,63,32,96,53,94,71,68,57,78,23,53,31,10,54,31,83,85,53,54,98,62,53,92,90,60,100,64,85,67,31,35,65,95,5,91,20,16,20,36,93,87,14,69,97,22,5,65,76,73,62,83,83,11,30,87,61,92,39,92,50,3,14,78,60,75,44,58,90,59,18,61,77,96,64,90,75,51,70,77,27,71,69,65,50,24,48
85,74,31,36,27,4,77,30,83,64,97,4,11,48,33,25,94,71,35,87,21,46,22,56,37,52,64,100,10,44,41,86,98,31,27,86,90,24,49,29,77,22,58,94,2,54,49,87,99,16,44,32,80,47,49,59,16,63,85,51,58,8,72,68,49,19,27,0,58,37,10,51,77,83,18,79,58,15,88,86,47,46,16,72,95,93,7,95,37,34,76,11,54,4,44,28,92,52,99,11
17,91,44,22,70,95,97,11,67,72,42,40,38,79,33,94,2,4,37,25,32,2,33,28,51,87,24,46,97,76,34,3,75,21,65,30,72,89,92,63,79,52,25,50,29,20,49,0,19,73,11,78,41,93,74,66,82,88,23,71,67,44,12,50,32,46,45,16,8,58,97,53,75,0,91,74,77,8,27,75,33,93,6,53,28,66,99,78,33,88,89,60,69,80,88,86,9,9,56,42
39,50,47,97,17,50,75,91,79,51,13,0,58,28,14,76,84,53,2,38,47,45,100,9,51,74,9,33,47,88,59,81,21,44,82,95,40,56,87,7,96,23,10,40,84,68,20,3,71,99,72,50,59,67,60,32,62,21,84,87,99,96,91,53,97,59,0,14,52,73,92,43,26,11,85,79,21,2,74,79,97,13,4,67,92,27,16,16,95,33,10,25,38,5,93,7,56,67,14,51
49,63,21,72,75,50,42,20,72,66,55,59,85,24,98,82,93,9,53,23,77,45,73,17,30,57,73,31,24,58,87,6,21,2,44,79,54,72,76,65,100,12,55,39,30,95,76,10,83,62,34,55,27,74,45,61,54,29,2,94,92,49,83,78,10,28,41,38,89,12,33,78,43,24,99,12,98,36,25,4,24,7,68,50,67,3,15,9,0,71,35,12,63,71,78,93,39,58,57,64
42,30,31,59,36,60,68,62,87,9,30,0,72,98,83,81,24,32,92,9,32,65,43,92,16,38,40,76,89,18,80,8,76,83,44,9,33,87,60,3,26,7,95,39,88,63,36,45,0,34,81,1,13,21,11,20,87,35,80,56,61,69,92,1,33,35,76,56,24,23,3,36,37,47,29,51,57,29,42,53,58,7,96,31,6,64,26,34,31,20,38,34,6,82,44,20,19,10,76,20
76,49,78,85,45,19,79,18,18,89,41,14,39,23,90,26,30,71,29,66,27,24,59,45,18,37,72,22,95,78,7,20,35,42,26,32,71,93,53,14,58,45,67,43,6,35,21,13,5,8,64,78,54,77,74,32,90,72,80,62,36,6,4,0,55,12,84,12,32,80,9,79,37,97,98,44,13,67,84,71,88,22,46,60,10,38,14,38,87,21,1,27,59,25,58,63,14,19,39,84
88,25,10,72,40,72,58,98,71,30,67,95,48,87,55,46,87,81,78,85,87,62,43,90,27,10,41,19,76,99,60,7,45,71,8,98,6,41,30,49,87,72,2,43,1,52,80,16,2,89,78,83,81,65,11,51,21,43,37,55,100,65,48,45,92,82,85,78,18,29,48,13,31,52,49,30,54,12,21,20,47,80,48,36,85,60,66,11,23,99,24,73,19,65,67,48,28,16,6,41
38,74,45,41,36,62,32,27,91,26,7,34,92,56,79,2,1,25,16,78,80,78,38,21,70,74,10,81,86,0,8,12,47,2,99,25,54,60,97,20,91,100,5,40,54,53,85,72,86,58,93,76,40,98,79,50,85,20,10,4,42,94,53,55,71,54,12,65,6,8,81,16,96,94,59,51,40,72,79,35,40,58,62,57,49,70,37,51,81,55,13,56,12,27,94,27,17,21,64,77
70,8,13,64,46,26,54,96,61,84,85,72,0,39,77,43,16,17,28,38,59,98,28,52,63,16,38,67,5,66,11,79,62,66,40,97,34,39,53,47,27,47,77,27,66,54,3,83,95,32,70,78,20,34,85,73,73,2,57,63,94,89,94,78,40,12,77,16,87,93,70,39,26,25,3,33,88,83,12,90,90,10,96,32,34,3,84,13,60,45,19,18,81,82,96,3,85,33,90,26
74,6,2,45,93,20,96,57,62,93,1,24,19,95,83,67,1,30,71,79,65,93,61,75,91,69,70,6,45,69,46,98,42,49,37,74,29,93,87,18,5,38,80,42,9,62,1,72,4,14,78,41,98,33,66,44,28,52,18,14,67,69,41,49,83,60,29,12,67,45,66,100,3,63,92,78,42,36,85,6,86,61,46,17,93,16,74,20,88,7,27,22,22,55,58,99,96,20,7,29
14,67,89,65,57,45,76,3,31,26,0,18,76,67,21,40,36,100,33,68,83,23,15,35,25,21,96,57,83,85,30,97,64,99,74,31,64,76,62,45,82,42,52,39,7,0,37,98,37,27,31,89,19,42,89,7,39,21,21,97,42,82,55,76,99,6,0,97,84,58,4,10,95,33,51,72,17,59,91,62,43,36,41,22,16,95,97,85,39,33,38,52,23,29,61,16,24,80,6,56
65,34,67,4,99,37,21,43,55,94,31,56,19,38,45,93,4,18,93,14,89,24,39,18,39,38,100,60,43,24,32,4,33,58,89,0,97,21,14,61,86,50,80,33,40,15,8,69,2,78,74,90,18,93,41,55,76,68,47,10,92,78,51,29,67,90,98,50,44,76,23,99,27,77,69,41,46,77,65,50,56,65,83,19,42,9,97,21,43,15,38,1,85,19,38,40,82,42,100,85
81,99,91,71,9,66,5,39,16,24,55,80,98,51,60,21,9,72,79,48,60,12,8,35,6,43,89,34,12,52,22,69,30,11,51,97,90,7,87,67,54,60,6,10,52,68,71,93,1,5,41,2,81,19,61,31,59,89,58,27,15,46,97,27,58,85,47,42,58,49,99,6,54,25,75,39,16,39,19,43,21,66,50,36,15,53,32,17,82,47,69,52,33,71,97,83,4,49,21,64
39,8,45,42,36,29,10,85,15,94,73,20,57,55,61,85,33,6,64,43,92,90,49,83,34,75,30,97,26,71,1,61,30,13,60,6,48,24,67,70,63,31,24,72,65,83,23,5,78,8,90,10,16,20,91,90,84,10,76,80,90,100,79,94,3,23,92,25,52,92,64,37,6,45,57,72,28,45,51,84,85,6,38,10,16,78,16,64,70,32,92,69,19,76,83,1,31,46,88,29
76,47,53,73,19,21,24,74,19,40,75,86,93,15,64,45,0,2,64,78,10,69,96,89,11,72,66,64,44,79,10,100,62,75,41,92,24,41,5,69,92,28,65,37,64,89,53,94,14,31,17,7,12,1,66,55,22,9,85,27,5,72,53,66,17,79,27,75,56,91,41,36,55,44,97,29,64,36,93,57,70,33,66,16,55,32,59,62,13,78,46,68,16,30,62,21,88,29,29,46
58,28,55,40,50,59,41,100,84,51,82,41,8,34,31,81,46,90,44,80,79,79,45,6,69,11,44,18,11,24,94,56,40,42,45,16,9,84,25,83,41,52,24,100,72,87,54,34,87,53,92,4,46,85,94,54,32,24,67,16,5,67,98,6,1,76,28,77,57,82,17,97,6,85,85,2,76,12,47,100,36,66,90,89,30,21,46,85,31,52,49,74,5,29,76,9,98,6,56,83
38,47,93,92,21,40,74,49,99,59,37,96,27,79,31,20,13,38,65,94,23,77,91,89,63,9,96,56,31,86,56,11,89,35,79,10,56,68,52,25,41,76,82,21,24,66,27,15,23,38,5,17,36,22,27,97,53,73,43,3,12,20,67,22,65,93,61,90,32,0,51,100,12,19,81,83,33,33,81,61,4,82,64,33,14,0,11,70,26,27,63,94,22,27,80,76,35,88,59,40
15,24,15,86,72,0,46,81,97,7,89,55,58,85,76,92,100,72,20,35,53,34,90,31,16,47,23,29,27,71,85,93,14,60,78,73,38,90,64,97,77,62,65,59,82,31,68,56,11,9,52,6,82,78,71,20,60,65,69,50,33,84,61,24,67,72,51,84,74,50,93,31,48,56,23,62,4,49,36,59,93,97,36,70,44,38,98,24,78,83,56,97,49,43,59,9,52,66,92,86
1,38,76,73,88,74,97,3,11,19,74,89,75,79,25,21,99,85,41,28,59,49,76,60,12,36,9,27,26,60,18,27,56,67,84,39,85,17,90,56,70,43,56,93,98,1,86,88,40,70,0,12,47,46,55,25,54,37,31,37,64,58,73,48,100,49,77,89,59,75,29,73,78,8,78,81,44,38,20,19,89,54,94,91,56,62,68,2,100,39,95,45,86,90,11,35,84,85,82,19
17,54,93,77,66,3,97,10,0,40,86,99,15,20,69,72,83,85,53,99,67,6,13,20,35,98,10,13,75,78,54,70,68,59,10,53,30,46,28,75,45,62,6,33,72,14,7,69,79,99,23,86,74,83,76,47,62,1,86,85,77,62,74,80,16,37,6,80,15,67,62,81,90,17,9,24,25,45,90,5,33,55,51,95,45,90,45,94,19,35,92,45,23,26,73,94,97,99,4,40
4,81,55,72,98,71,12,74,51,12,2,29,7,98,67,91,70,18,55,89,85,74,69,87,77,10,18,12,6,81,49,61,14,50,94,87,39,77,24,54,90,73,88,43,12,7,84,84,95,78,83,9,5,18,69,60,66,58,40,75,96,98,33,32,59,67,71,3,49,75,26,65,7,13,13,71,24,3,52,52,55,67,64,69,29,77,17,6,47,25,41,22,60,32,53,22,10,43,6,40
1,16,43,26,88,65,23,21,29,31,15,87,76,27,38,36,25,1,18,87,11,67,10,51,50,0,7,51,53,8,8,26,72,52,70,90,66,0,14,46,3,86,0,52,36,36,42,99,60,47,61,43,41,82,13,43,43,53,65,58,65,40,66,91,65,37,24,43,81,22,33,11,18,12,98,13,40,20,57,32,8,65,24,86,11,0,66,12,73,33,31,19,88,91,80,25,86,41,6,54
92,10,8,7,40,48,29,12,42,71,36,91,67,63,48,83,32,2,34,45,1,75,91,56,89,58,27,47,74,90,75,58,14,6,29,3,93,32,25,19,76,79,47,24,7,90,73,36,51,82,41,14,59,7,19,2,19,99,10,96,94,34,23,45,26,99,36,28,62,49,10,29,49,43,81,93,48,88,37,11,35,51,24,23,32,19,32,47,96,82,89,1,40,34,98,34,71,47,66,0
45,7,75,48,27,28,40,95,37,68,41,99,67,53,17,3,54,26,55,93,85,67,78,24,1,58,80,86,33,74,42,4,44,66,65,4,91,73,87,8,42,57,6,73,9,37,68,51,28,87,88,64,5,77,74,7,31,32,64,55,30,85,75,38,52,13,80,63,65,73,39,69,51,62,14,4,2,63,74,47,10,63,85,64,88,100,42,94,96,27,81,85,1,78,61,62,11,50,76,51
40,10,22,17,20,2,25,92,13,86,23,9,28,12,99,27,51,58,100,100,9,18,14,57,35,91,72,61,22,96,100,63,68,55,100,81,33,11,59,63,42,28,77,81,100,50,50,0,67,12,26,54,47,50,2,53,50,43,88,35,81,39,94,40,69,29,37,12,28,75,34,24,29,83,68,88,72,67,49,92,31,84,12,93,1,48,8,75,25,54,97,84,22,61,60,21,11,71,61,50
9,37,15,85,51,66,6,27,13,46,44,48,72,8,90,96,51,62,71,53,33,84,59,54,79,74,62,100,69,86,1,29,36,30,34,96,44,54,35,68,24,41,47,27,2,94,22,7,47,33,66,19,43,67,56,4,71,81,13,66,60,90,31,20,58,7,69,76,14,76,49,55,26,24,63,51,100,54,33,61,74,86,14,98,82,65,14,44,6,60,14,75,21,77,50,91,2,61,77,11
88,16,99,1,56,15,7,96,54,26,2,24,90,34,23,9,3,40,20,36,70,99,89,76,61,89,25,15,18,58,14,80,41,48,88,22,14,7,55,88,47,15,68,94,28,12,48,2,24,65,94,84,58,85,95,35,37,52,3,41,18,54,86,36,13,57,30,46,75,28,72,10,86,66,79,78,45,39,53,65,73,34,10,54,61,40,55,62,0,44,47,58,56,15,35,66,4,36,7,82
75,92,51,40,88,51,10,23,99,30,99,28,14,65,84,15,19,4,76,70,33,83,45,53,73,62,68,99,53,18,12,45,67,5,70,68,44,99,27,83,12,57,80,3,65,85,19,69,94,63,88,36,25,73,71,85,62,32,49,35,84,38,13,3,17,24,43,87,27,25,96,41,20,40,27,49,36,67,24,58,90,90,96,77,2,58,87,52,98,74,93,4,84,50,58,43,40,44,29,85
4,96,88,54,82,35,51,26,51,80,38,60,14,91,0,92,65,76,67,40,20,10,18,38,8,48,8,18,5,35,11,24,71,77,66,20,67,14,8,23,19,8,24,46,45,8,39,9,14,83,3,98,32,44,63,36,17,58,38,66,41,83,2,53,49,97,56,57,49,80,69,37,4,43,41,96,17,55,43,30,100,62,21,83,9,32,8,17,56,37,33,52,70,44,53,16,34,83,77,54
60,65,22,4,100,50,84,86,69,4,84,81,56,92,57,7,36,86,25,99,71,0,22,44,6,12,24,23,53,33,83,49,44,84,91,30,45,32,100,77,44,96,63,13,63,95,30,91,8,97,19,18,29,3,23,84,37,43,3,51,96,40,35,24,44,60,9,98,31,9,50,92,12,41,93,24,78,51,26,42,61,30,99,97,5,34,94,11,50,48,20,17,39,97,14,11,93,89,14,98
17,81,53,41,6,77,56,65,12,33,63,6,91,54,38,87,64,41,5,13,8,22,39,90,9,97,13,96,46,77,89,3,69,97,46,23,41,82,27,27,0,44,59,15,6,9,62,65,77,53,100,17,0,100,3,23,63,34,76,5,45,14,92,99,52,81,27,81,68,2,25,94,25,77,22,17,76,34,75,85,58,88,52,96,53,76,21,78,13,11,69,64,39,18,89,37,4,13,13,97
87,92,20,18,67,47,68,74,44,85,96,53,92,79,74,62,96,0,50,43,44,6,13,28,25,75,57,11,30,54,95,97,34,88,58,41,22,30,62,71,33,86,65,13,20,20,70,41,24,81,8,82,81,68,100,91,37,77,27,54,70,24,23,83,15,79,4,50,89,95,43,35,35,0,18,11,35,3,1,38,68,93,29,67,61,72,1,21,62,37,100,16,46,7,32,63,85,91,99,100
14,30,12,84,35,12,42,73,12,92,56,81,59,50,0,7,36,81,40,53,45,78,17,4,67,30,53,16,17,19,57,93,39,82,2,55,26,21,34,69,43,1,26,24,4,8,29,14,66,36,4,72,39,9,58,24,22,32,95,15,19,76,76,22,20,8,10,59,74,60,55,70,83,46,50,91,27,69,36,20,63,44,16,38,11,56,66,89,24,32,66,92,97,89,92,45,100,2,17,64
19,78,27,0,19,27,11,62,95,46,22,86,70,74,67,69,65,85,46,22,26,19,70,68,35,5,75,15,88,37,59,5,44,51,23,9,36,23,83,94,100,18,3,30,43,24,86,94,22,29,32,65,100,51,22,27,75,27,29,26,36,54,7,24,26,71,19,4,45,17,74,25,100,98,14,68,69,19,34,9,67,49,95,74,94,29,1,34,81,41,67,71,7,48,59,84,27,90,76,53
63,79,94,48,44,2,33,57,48,84,39,79,80,34,13,16,63,11,80,32,84,5,82,97,50,14,77,94,65,3,77,0,33,36,96,38,15,29,38,16,46,20,89,19,58,59,1,35,38,44,90,54,32,43,57,84,0,43,17,84,31,62,56,55,0,50,26,80,61,50,2,21,30,71,77,77,50,43,59,99,92,26,36,2,8,2,1,18,5,60,84,7,5,26,62,61,83,11,60,44
70,94,93,10,37,4,70,56,77,89,69,28,75,96,22,39,28,0,45,8,48,60,61,36,100,38,60,67,34,31,8,87,64,93,73,49,62,78,33,76,66,11,68,97,51,11,35,13,44,48,63,36,66,48,12,89,25,15,99,100,74,95,67,54,6,75,14,63,43,89,65,52,73,23,51,35,98,79,42,14,86,32,44,1,72,38,99,16,23,70,47,87,2,62,74,83,8,73,87,99
3,13,40,13,97,54,27,51,34,3,57,19,61,39,2,39,80,60,34,4,76,60,77,50,16,35,6,44,44,93,21,20,24,29,54,21,97,98,53,40,85,18,68,56,58,32,55,26,8,5,58,27,47,23,87,58,46,83,51,53,16,57,31,34,33,54,37,5,38,93,94,97,62,83,44,56,24,34,2,36,91,60,27,11,67,8,16,16,30,89,100,30,24,30,48,9,91,36,74,54
15,42,14,31,25,51,25,6,9,48,36,83,45,89,45,8,28,92,26,10,42,17,85,41,22,23,33,68,97,24,4,54,57,68,56,9,37,14,39,83,23,30,52,37,92,37,91,11,17,16,70,75,68,69,34,62,25,93,28,43,4,16,79,54,57,17,95,41,12,11,73,39,48,41,91,40,20,9,35,93,88,6,54,80,70,18,3,97,85,58,85,8,70,40,37,17,50,87,58,98
65,15,81,65,40,61,80,3,0,14,26,20,37,31,58,52,41,85,1,62,69,12,83,50,5,60,2,22,69,40,52,51,90,18,13,69,19,100,19,56,53,21,32,38,24,31,77,15,7,1,94,42,14,23,15,2,55,89,81,99,57,73,22,86,15,3,94,27,42,84,47,14,47,20,8,91,89,24,76,71,44,96,65,80,0,28,35,39,22,8,19,84,47,45,98,60,58,19,2,80
56,9,74,9,66,92,25,61,100,69,89,71,48,74,59,60,97,94,5,7,3,30,62,35,100,11,83,1,89,75,17,49,85,60,78,72,20,16,31,54,15,5,76,10,98,60,33,61,9,8,91,84,92,42,42,26,87,43,96,50,35,65,29,0,3,3,84,46,26,72,78,28,47,57,3,38,55,64,57,12,79,88,30,35,40,47,77,16,89,57,66,46,12,60,65,0,51,13,5,25
57,20,81,54,21,78,99,0,55,10,55,1,21,9,18,46,45,72,42,51,93,60,45,91,55,99,28,78,17,45,61,61,41,95,11,0,35,13,78,35,62,82,14,61,78,27,65,44,40,87,48,17,12,51,27,75,33,6,95,75,49,16,15,20,44,90,51,47,56,23,27,97,66,43,67,96,63,74,87,86,2,69,77,99,32,26,56,85,5,8,83,28,5,9,17,74,24,15,94,36
27,12,0,89,42,45,14,79,85,24,24,92,65,21,24,16,72,85,76,85,26,42,100,38,49,61,66,27,38,100,43,53,27,72,71,76,60,23,2,76,41,5,28,9,74,59,17,38,15,87,25,71,69,10,36,60,41,10,10,33,51,60,19,98,43,46,15,37,39,48,32,36,3,15,82,70,40,57,43,88,27,80,34,71,33,7,89,16,26,15,87,10,21,14,53,19,13,70,95,31
9,79,0,82,88,6,47,89,80,41,90,61,59,4,48,3,25,85,49,52,86,70,31,75,35,38,72,15,85,68,76,55,51,69,73,95,54,61,72,71,50,56,12,62,68,33,6,6,25,96,26,16,93,92,92,31,52,55,30,73,86,75,93,94,78,81,94,82,13,69,59,17,9,70,1,52,20,58,25,33,30,49,15,25,77,30,80,78,8,46,77,34,56,43,5,99,30,82,2,42
67,63,79,40,95,84,28,22,95,74,82,85,63,80,17,51,6,70,29,81,48,48,28,64,93,73,91,100,63,15,62,58,59,63,79,84,54,64,61,27,4,46,95,41,37,68,15,76,45,81,6,1,79,46,85,87,69,12,87,72,35,89,72,12,57,43,20,74,94,74,4,57,77,44,85,53,90,1,53,4,49,56,16,51,54,89,53,94,38,16,64,88,90,81,91,19,31,86,68,47
73,28,48,78,36,98,62,68,45,25,75,40,48,44,99,41,9,57,17,19,77,58,24,95,97,44,76,21,4,87,28,92,20,47,29,58,22,43,81,27,13,100,22,10,39,40,14,71,88,47,8,46,58,69,74,13,87,59,26,1,99,78,44,66,17,18,78,8,23,58,54,4,77,63,0,33,35,30,97,2,31,1,71,1,60,61,39,90,29,50,94,66,63,37,72,74,23,34,48,80
23,82,86,50,7,72,23,16,37,67,69,47,90,20,29,50,9,79,82,58,88,33,61,99,59,1,57,30,39,98,52,14,16,91,83,76,51,75,18,79,68,55,43,98,20,68,86,17,61,31,83,64,21,76,65,70,16,57,50,14,85,100,45,55,20,71,57,3,1,63,80,39,41,43,12,59,56,89,63,95,26,63,51,24,73,10,64,4,86,19,79,67,38,61,97,54,88,8,0,79
89,64,60,53,70,76,78,4,21,91,88,78,87,87,75,25,82,63,29,45,51,49,16,99,21,4,62,8,78,94,7,3,42,17,84,22,14,89,12,96,25,56,82,91,16,50,36,39,28,49,4,31,88,78,18,18,29,27,79,37,20,37,46,6,72,16,51,60,82,87,40,23,92,37,96,15,50,27,57,74,26,3,62,65,8,65,74,25,54,61,84,18,98,24,39,28,4,13,53,47
18,12,41,83,25,51,92,90,26,69,24,63,20,1,72,36,2,96,91,36,5,60,95,32,73,66,65,55,5,47,19,45,74,16,95,100,19,20,82,53,31,10,50,5,44,47,89,10,40,4,7,29,64,74,79,68,93,35,39,48,4,67,27,4,95,23,34,69,34,83,15,96,39,2,43,70,43,3,72,26,62,44,33,62,81,4,6,12,63,49,44,22,53,58,0,13,35,19,65,83
45,73,41,19,25,45,58,27,35,13,29,81,6,56,38,95,65,39,7,72,69,17,91,18,36,5,12,81,7,50,39,33,30,77,0,41,5,98,69,45,97,93,69,89,98,75,53,89,68,30,2,3,67,61,32,18,5,94,35,60,43,72,44,29,10,29,19,84,44,43,88,73,30,12,27,16,18,33,15,72,40,83,55,26,2,86,25,97,96,90,28,60,8,16,34,64,23,51,92,64
9,24,88,17,3,30,14,87,0,93,31,17,33,37,52,49,73,89,89,70,65,68,37,40,70,29,21,88,7,44,31,41,46,28,57,54,32,91,67,63,94,29,32,76,93,54,83,15,59,28,27,67,62,1,51,69,83,22,93,37,26,43,47,93,31,10,94,100,8,16,10,45,60,97,3,36,49,24,85,18,60,25,6,69,94,26,75,36,70,78,54,9,26,4,21,26,59,73,18,23
48,31,61,86,13,81,21,42,20,87,6,4,22,38,14,25,55,50,69,84,36,37,69,51,86,6,3,95,95,12,13,30,69,6,44,65,12,97,72,41,77,17,90,32,50,16,49,0,35,77,29,67,46,39,80,95,31,71,73,20,45,0,19,83,79,75,23,7,7,62,46,82,24,89,16,56,33,63,33,84,25,1,77,97,31,1,73,60,0,78,16,55,5,74,72,69,100,12,69,81
20,67,55,8,92,76,70,12,21,41,16,34,2,94,19,54,51,6,5,84,13,71,97,73,90,38,87,88,74,31,51,27,92,64,87,47,93,64,95,3,15,16,44,91,87,48,6,94,2,78,30,44,53,1,49,61,58,23,69,98,29,57,0,49,50,4,96,98,1,84,60,76,25,36,54,77,6,34,10,58,67,41,12,46,3,31,46,47,7,72,72,46,56,0,11,90,61,21,25,31
29,75,9,76,7,10,70,74,0,66,42,100,69,92,96,66,13,86,29,18,2,28,79,78,82,55,97,48,23,27,31,23,68,78,63,24,87,97,96,46,14,90,18,34,85,46,33,52,26,32,85,37,40,22,68,57,71,43,47,84,59,4,50,75,89,89,34,4,84,87,5,51,74,31,52,90,93,10,15,51,47,17,49,9,7,12,19,17,54,29,15,44,66,8,95,100,80,10,5,22
62,68,34,65,77,12,50,4,52,72,87,35,35,57,83,24,17,91,68,40,17,46,48,80,82,30,46,77,20,48,84,38,34,9,73,21,7,14,66,66,33,80,94,61,41,7,35,22,40,36,33,88,12,98,52,4,14,11,79,29,97,42,28,20,20,57,65,26,78,52,15,14,98,63,87,58,47,52,90,90,88,13,64,15,38,4,23,28,3,5,30,41,2,8,55,51,4,88,50,13
12,20,72,34,51,48,75,31,64,98,56,92,80,46,71,70,32,84,7,87,97,48,63,20,53,52,12,3,44,29,81,35,59,98,8,34,76,0,57,65,52,67,77,14,31,95,26,83,37,49,12,88,32,61,71,99,29,13,67,51,32,1,80,85,96,10,6,81,42,66,33,8,29,42,30,51,15,77,62,89,91,11,86,40,99,87,89,45,32,98,79,95,40,58,84,34,30,69,72,24
93,71,40,29,97,60,29,61,26,72,14,13,8,68,33,42,30,16,49,59,72,13,47,9,31,12,60,58,7,80,58,12,71,8,3,100,40,4,6,13,88,4,67,43,48,74,75,88,19,63,58,48,37,14,94,54,92,83,88,85,73,46,5,29,56,86,58,100,56,18,49,47,33,30,1,80,45,83,31,41,30,42,22,84,97,8,30,18,68,62,65,88,75,53,72,2,54,28,8,21
1,97,48,85,16,42,96,54,70,2,2,46,40,29,19,84,69,32,3,87,6,43,60,96,79,0,20,10,21,71,66,93,76,36,41,28,1,88,32,17,8,23,40,35,67,8,31,94,82,11,75,65,6,92,4,19,99,37,65,31,82,21,9,87,1,18,42,76,53,93,30,78,38,90,73,97,1,16,11,25,73,80,93,24,33,53,24,34,78,59,5,49,57,82,82,88,94,65,30,75
77,83,16,36,97,86,3,73,63,27,32,51,47,87,67,34,95,77,47,50,21,5,23,70,1,92,18,83,94,51,50,41,66,80,86,20,74,93,21,87,95,67,35,13,20,68,100,25,78,2,32,40,15,86,33,29,4,49,66,88,21,97,74,52,90,61,72,71,87,89,34,61,46,33,24,49,97,31,19,7,33,83,55,79,2,33,70,29,83,65,20,14,78,18,0,1,8,35,22,64
91,0,28,88,56,29,67,90,63,96,70,11,36,43,27,7,37,28,68,39,26,60,58,49,34,33,96,10,21,33,12,48,18,99,81,76,27,27,91,64,88,92,3,81,79,44,81,93,15,86,27,26,24,42,43,40,25,37,68,41,79,59,54,28,22,48,100,76,84,14,36,90,76,78,28,46,77,12,63,62,10,9,44,65,22,45,46,39,52,39,96,74,56,1,18,13,70,6,27,14
64,4,76,24,99,66,77,57,29,47,87,4,76,70,42,37,32,76,80,44,79,50,23,88,27,56,74,28,80,93,52,3,72,81,39,3,70,85,36,2,34,52,78,41,46,25,24,80,27,80,55,97,58,5,68,91,89,60,44,27,12,68,30,18,52,54,61,92,76,2,98,78,61,41,48,22,61,2,29,83,84,95,22,7,39,99,71,23,73,30,19,92,83,44,76,13,75,92,18,98
7,72,11,97,56,100,35,28,91,94,9,28,36,44,87,83,57,7,50,69,79,67,15,28,86,53,27,71,2,93,46,72,36,38,98,50,78,88,19,23,88,94,63,57,63,80,100,57,45,92,67,73,30,73,44,51,46,51,69,11,77,73,97,87,27,86,60,49,52,11,50,32,88,6,32,61,9,8,43,4,24,88,84,63,16,38,22,65,97,18,70,4,78,49,21,6,86,2,86,57
39,3,89,46,69,94,27,22,44,53,58,61,76,42,3,67,56,42,63,92,51,90,57,93,17,46,52,88,97,76,28,55,61,87,26,85,66,92,20,32,11,21,18,12,64,9,25,9,22,82,10,65,63,55,51,25,41,53,73,96,60,51,100,70,11,22,68,12,91,9,91,93,48,85,30,16,36,56,35,58,87,40,78,86,15,21,2,50,0,96,77,20,55,12,14,2,100,2,17,30
27,79,11,61,87,62,95,64,13,32,57,16,32,46,64,17,3,79,88,16,58,66,38,44,27,48,39,89,23,86,95,16,56,39,59,42,70,3,99,14,82,80,86,93,43,36,7,75,3,11,95,43,82,67,43,63,53,40,84,28,16,94,63,52,84,30,66,2,72,40,42,63,91,94,76,36,4,87,59,53,9,67,88,2,91,100,47,57,31,48,36,34,99,99,88,5,31,94,78,7
20,33,100,7,37,48,10,65,67,71,49,28,59,67,78,37,9,21,98,26,72,21,83,1,27,40,45,26,39,19,56,80,17,67,64,80,89,64,31,60,41,65,3,98,52,24,24,55,82,78,14,90,73,23,85,91,69,31,75,47,82,45,95,80,65,42,62,64,91,65,88,31,19,43,75,78,56,60,41,61,37,58,65,75,26,32,64,67,56,85,4,58,35,52,56,86,41,4,5,40
8,10,74,77,43,21,85,60,71,36,0,19,26,88,88,12,19,84,47,88,76,15,68,30,43,18,10,3,55,97,61,20,46,62,71,35,64,94,31,0,99,44,98,95,85,71,32,3,8,75,77,52,63,44,57,44,46,52,92,16,54,16,96,75,68,52,86,48,66,96,87,66,34,6,60,23,27,46,10,32,90,54,63,23,84,85,34,85,79,69,75,2,81,38,72,9,20,72,23,100
14,100,82,72,57,44,48,92,67,18,3,52,53,62,49,2,45,100,8,79,46,0,40,63,91,99,72,95,38,52,39,7,53,95,19,39,32,61,3,89,99,37,24,94,41,91,48,75,75,11,0,35,98,5,24,19,75,39,33,29,4,13,71,66,15,31,21,22,43,74,97,17,29,35,12,45,47,93,81,55,16,56,40,44,42,62,58,98,2,11,98,10,36,86,6,76,54,35,78,3
42,21,45,69,10,61,54,25,93,76,8,80,77,13,94,58,33,14,95,29,88,52,18,83,76,97,53,54,71,53,6,70,13,33,77,51,29,94,87,26,55,46,66,37,38,93,47,48,72,36,98,12,99,75,55,75,89,25,65,96,59,16,25,16,52,1,27,90,78,33,19,26,67,41,58,57,93,58,4,85,80,30,55,91,99,17,45,9,28,90,76,91,95,14,23,98,92,27,96,1
62,49,66,8,74,42,31,19,95,95,97,64,90,15,23,19,16,67,80,53,3,88,85,11,71,72,82,25,29,40,37,69,4,56,40,69,61,99,3,9,21,22,88,44,62,53,99,51,6,39,87,46,87,50,23,9,83,21,92,96,60,54,46,64,73,38,30,99,26,43,82,31,62,94,58,47,7,66,66,76,40,19,65,32,13,65,62,37,73,87,70,56,96,80,17,10,28,79,3,44
49,43,60,12,91,9,37,67,23,27,4,86,96,93,39,48,69,20,90,57,47,100,84,36,92,45,48,25,84,62,20,15,19,8,61,9,66,54,69,74,5,13,52,12,40,79,22,23,97,75,87,69,5,52,21,5,28,28,53,22,11,67,34,66,30,38,55,69,44,90,58,48,9,84,36,3,60,0,60,67,22,50,17,0,85,83,74,36,68,52,89,24,46,20,67,84,5,93,7,27
87,64,59,31,37,99,51,97,34,26,97,91,12,36,85,4,44,63,27,32,12,43,74,52,88,82,60,90,92,82,75,30,45,94,62,34,52,13,52,80,34,41,82,71,6,22,21,35,0,8,67,44,28,28,89,24,57,59,9,97,40,11,1,69,16,71,42,13,68,93,67,28,5,84,27,19,71,41,92,17,20,70,80,100,24,39,18,65,66,23,25,92,52,71,98,9,60,34,88,55
98,82,12,63,29,88,77,88,26,80,29,57,63,43,15,46,20,91,26,11,64,26,44,47,47,29,11,85,68,11,34,48,20,58,13,50,17,93,80,54,97,29,58,1,85,12,29,25,92,72,31,31,84,43,14,18,49,41,39,26,5,26,94,12,19,43,84,56,70,70,60,19,37,5,1,54,43,92,17,44,13,23,61,23,81,45,12,92,32,11,31,13,10,66,23,3,89,84,52,72
4,49,24,8,40,9,24,44,42,77,68,55,32,97,74,89,100,67,33,92,71,66,13,15,59,14,70,22,56,50,20,89,18,35,27,85,81,35,57,19,55,0,13,56,89,88,86,68,21,33,99,67,66,60,93,52,12,4,78,72,4,16,68,74,5,97,47,74,65,92,77,94,30,2,37,45,29,36,65,62,51,6,11,6,67,10,84,67,83,30,58,74,73,76,29,39,32,27,35,91
45,0,70,40,33,61,96,59,46,32,77,56,15,96,70,1,80,75,34,36,4,13,0,68,75,52,89,5,8,59,40,27,58,97,19,89,53,73,18,74,63,36,25,37,47,34,28,92,93,97,85,14,5,45,51,41,77,47,7,54,92,65,47,60,69,97,73,38,22,81,28,70,5,70,53,68,86,29,34,77,83,28,48,86,61,97,38,14,62,53,75,51,66,67,78,12,15,16,93,45
32,10,27,17,42,77,76,17,80,66,93,7,64,54,6,1,40,24,80,43,28,100,7,88,49,100,65,71,29,51,33,62,5,38,22,31,53,79,10,51,52,61,12,50,15,79,31,95,45,57,38,100,55,28,26,43,75,59,85,17,74,63,0,62,60,84,52,4,72,42,16,53,81,64,90,73,29,67,8,78,75,98,36,91,54,91,12,68,10,5,45,0,14,36,5,99,73,19,37,68
88,98,19,80,91,24,26,32,73,95,2,30,71,75,10,31,70,11,76,79,62,95,29,93,26,12,31,33,10,74,80,24,98,73,2,79,97,12,63,30,43,32,57,65,20,31,34,94,78,5,70,58,87,5,44,43,84,88,44,29,11,64,86,54,37,48,44,96,87,44,9,98,66,51,93,28,72,89,30,57,79,62,42,23,62,90,68,44,90,80,100,24,82,18,100,67,13,51,33,45
38,29,31,11,8,24,100,57,91,5,68,65,48,62,9,33,14,37,100,21,55,5,98,70,71,33,91,19,26,20,95,17,50,80,3,63,68,92,88,13,38,70,46,43,89,31,83,6,67,92,18,64,31,20,4,1,45,75,95,92,79,52,61,33,11,15,100,62,64,73,44,52,78,56,45,91,16,8,35,15,11,21,70,10,1,87,64,76,64,12,81,84,100,68,91,7,16,60,87,32
78,94,15,74,24,56,19,73,34,68,34,81,16,54,20,19,63,76,42,83,8,34,14,83,10,38,70,0,23,73,36,76,92,22,47,56,96,19,35,36,78,14,76,90,61,47,87,39,55,92,36,76,80,42,55,90,5,82,87,12,55,41,47,60,3,1,65,23,20,26,65,66,88,37,85,66,35,48,87,70,82,80,95,65,83,31,3,81,35,21,61,85,15,90,34,89,84,81,64,59
42,22,57,23,74,16,61,93,78,76,48,2,26,28,80,54,85,9,13,2,72,90,8,21,21,2,32,71,67,14,39,100,32,4,79,2,0,8,14,84,47,92,2,78,10,90,57,59,81,4,25,3,85,79,77,53,45,68,25,9,56,50,13,51,60,98,6,19,12,49,16,62,16,31,63,65,20,76,16,24,47,67,81,92,95,7,77,97,23,75,65,92,44,94,15,52,81,18,18,41
68,24,97,17,38,99,71,82,20,83,36,68,83,12,48,93,38,63,76,85,14,77,12,61,44,63,58,9,57,72,36,54,21,45,91,73,95,96,19,50,92,56,68,28,34,49,15,99,21,58,79,9,1,85,37,87,98,14,44,24,49,44,62,9,33,52,10,17,10,53,39,16,72,27,44,74,12,87,5,94,3,30,70,96,83,67,57,16,64,65,19,27,26,80,39,80,69,34,86,57
10,7,98,44,94,99,12,64,58,85,49,24,73,21,86,66,55,47,2,89,34,2,96,66,66,11,36,75,16,59,19,49,56,21,53,0,82,16,21,83,51,87,70,48,12,26,12,68,77,49,84,55,33,20,60,31,60,26,70,90,33,50,75,1,27,14,79,94,41,51,50,30,89,35,27,10,22,63,50,84,61,43,30,27,66,73,55,1,5,38,65,62,41,98,31,48,83,21,8,8
13,58,36,50,9,4,10,42,65,14,34,12,24,6,19,20,20,48,9,47,28,26,18,65,78,60,87,42,57,37,65,81,79,55,0,86,15,31,38,49,13,34,68,50,58,24,71,42,75,41,26,21,64,21,33,94,92,82,52,35,11,86,51,37,28,52,41,2,84,99,25,36,45,35,0,15,53,25,31,43,68,45,71,26,22,15,71,69,10,77,94,79,61,64,74,83,35,19,39,27
73,40,4,51,56,57,69,13,46,26,30,98,32,66,47,84,3,28,93,24,0,18,5,4,89,95,18,40,50,27,42,74,81,90,34,48,63,16,13,68,75,78,37,77,84,88,70,58,45,63,64,8,76,33,88,39,6,38,65,61,95,43,58,43,64,81,29,50,2,69,83,5,94,14,74,63,95,87,58,61,43,100,13,86,97,72,81,28,70,8,49,21,21,24,34,66,54,75,70,79
14,53,41,69,87,82,63,67,83,44,54,83,15,30,56,45,62,20,79,89,32,89,82,55,81,79,27,16,18,67,57,80,33,57,21,71,32,42,28,36,7,67,19,92,94,29,42,2,47,61,44,23,65,63,49,61,66,51,4,84,71,3,20,10,79,65,0,2,80,29,48,50,43,35,8,36,80,51,8,74,88,59,33,73,82,58,17,73,54,58,21,92,26,37,3,63,21,2,72,12
5,15,61,22,82,66,61,12,8,24,93,72,88,30,13,97,23,18,72,29,2,12,24,46,75,5,40,77,95,93,90,18,20,54,35,90,28,53,65,43,76,89,67,69,46,34,21,99,91,87,3,49,43,35,64,21,68,28,84,32,40,97,92,83,96,97,51,88,48,18,65,76,72,86,98,37,63,77,31,93,21,92,84,35,65,74,1,57,13,6,80,73,21,43,79,4,93,28,63,14
16,17,48,11,78,27,16,60,41,100,13,17,2,19,64,8,25,24,86,2,96,74,44,7,31,41,4,46,39,15,100,89,66,90,85,65,99,35,91,50,46,14,40,73,70,98,43,32,69,48,43,94,48,62,47,21,26,47,36,34,42,29,90,68,23,76,25,58,15,32,52,8,35,0,10,62,7,28,70,24,79,69,27,85,33,62,7,1,70,46,5,91,18,76,61,30,34,84,84,21
82,98,60,36,56,22,51,49,56,68,52,1,79,58,40,64,9,24,22,46,26,88,37,61,32,36,40,6,4,62,77,55,92,63,80,75,80,42,39,6,66,42,10,8,98,35,42,92,42,15,56,39,45,99,90,74,92,82,58,85,21,75,81,74,16,12,5,78,62,70,41,32,29,26,31,69,20,89,44,8,0,89,92,70,34,86,79,26,4,59,8,0,59,70,74,73,43,36,22,35
82,73,74,49,7,75,62,76,3,31,8,20,13,46,66,83,38,54,86,30,55,7,92,53,58,40,34,0,53,38,17,30,88,88,97,93,12,57,96,60,74,16,84,92,52,45,47,15,25,39,29,13,4,86,59,60,9,2,36,43,64,29,52,24,32,45,44,74,90,4,85,8,88,9,68,64,16,50,29,58,0,65,14,10,16,53,50,39,77,83,82,83,75,89,10,32,9,42,73,23
55,77,62,67,80,20,96,92,83,21,95,78,81,23,72,34,50,94,21,44,2,39,76,5,13,32,12,81,74,50,72,59,29,72,81,68,71,91,34,20,52,39,63,45,16,29,34,28,34,5,86,70,89,8,44,97,22,24,31,5,87,94,40,4,40,77,55,60,54,0,31,91,1,71,10,20,34,16,8,67,7,56,1,95,65,12,17,7,61,30,75,43,43,83,99,92,1,100,62,24