63,89,30,31,100,87,93,18,80,81,60,72,89,15,89,53,56,95,98,98,91,70,91,20,55,83,7,1,42,84,82,79,64,100,13,63,48,54,95,55,5,4,80,73,47,11,68,92,51,49,19,57,96,61,26,43,71,71,88,100,42,74,56,15,57,26,60,73,89,58,17,70,29,27,45,71,67,60,63,85,73,90,4,8,10,43,91,100,89,6,57,24,38,62,16,80,79,71,20,92
13,82,16,93,51,20,81,51,75,58,60,83,46,3,26,94,30,32,40,70,25,56,36,66,45,69,18,67,10,11,81,30,77,62,23,3,54,84,82,7,77,99,41,32,16,30,54,72,12,62,80,81,3,56,12,11,94,43,44,38,51,51,24,100,81,5,2,25,74,82,73,91,49,27,91,79,35,98,58,80,50,9,49,30,92,73,19,73,22,65,84,97,50,96,13,53,22,28,46,49
7,61,11,20,45,10,16,27,97,59,40,99,11,34,43,28,63,53,21,90,40,76,48,1,1,83,70,26,97,37,28,39,27,51,85,29,24,82,21,81,23,28,81,71,57,58,90,1,43,92,69,80,8,84,84,1,75,25,24,45,32,7,92,47,98,31,68,10,60,70,59,85,5,19,96,100,45,78,65,19,59,15,22,67,91,69,3,23,24,12,6,79,83,15,68,31,66,100,69,86
7,69,70,40,45,85,1,60,75,37,39,17,27,37,50,67,57,70,42,95,12,64,82,7,73,92,70,84,25,78,98,65,36,18,14,52,50,67,96,7,98,13,95,60,63,63,68,27,38,88,7,15,51,90,86,82,58,57,31,18,63,24,78,48,87,14,63,79,66,85,54,39,21,59,31,71,70,62,47,48,39,86,60,15,5,85,76,100,11,85,42,4,65,33,86,69,84,42,71,27
11,82,33,23,19,89,94,17,12,99,95,36,0,89,93,94,10,30,64,45,83,39,21,24,80,80,7,98,44,40,79,72,75,29,41,79,6,46,10,20,30,33,57,43,55,24,38,9,97,53,42,74,80,28,94,83,100,80,25,33,10,38,12,52,94,33,96,10,38,18,60,88,96,3,13,62,9,35,17,61,92,78,11,34,2,0,79,10,14,20,78,64,96,89,79,4,85,65,96,26
90,35,63,89,68,21,64,84,77,28,28,36,82,54,9,64,4,9,28,2,48,8,5,50,32,35,69,6,100,14,83,24,65,42,83,15,39,29,83,6,59,1,85,65,76,10,94,6,49,12,82,66,96,94,13,14,46,20,26,2,22,27,30,0,99,22,82,22,13,57,37,95,84,29,64,9,46,83,66,64,11,57,9,13,78,70,5,57,21,86,56,77,63,53,19,47,64,32,2,89
61,80,6,99,9,43,35,92,32,74,35,42,0,15,52,21,61,80,47,50,63,55,16,60,58,9,88,93,80,52,90,94,70,61,21,58,59,20,69,10,98,63,92,34,55,62,46,70,47,27,30,45,31,92,84,25,50,46,57,74,86,79,1,26,85,54,89,37,57,48,48,8,77,72,85,14,66,68,49,57,69,33,5,49,11,42,13,37,78,59,27,21,36,10,83,91,84,34,35,89
57,16,72,98,25,96,22,70,75,32,93,99,51,76,53,67,28,34,60,96,100,42,2,31,84,73,51,62,51,42,74,33,3,65,23,58,45,65,42,55,58,74,51,76,26,39,83,51,77,68,92,68,60,68,91,21,71,39,54,98,52,47,19,1,51,15,15,35,5,26,2,15,75,83,75,84,57,66,97,50,82,89,73,21,53,2,98,70,17,21,77,34,64,49,41,25,43,26,49,100
43,73,19,77,2,59,38,37,7,82,29,99,64,83,44,15,88,79,17,9,72,55,5,19,14,85,51,58,0,83,70,29,20,55,72,15,46,11,86,83,26,29,74,73,10,84,36,79,69,78,24,85,6,79,99,69,33,78,97,0,45,70,60,95,12,32,55,56,1,62,74,54,0,31,26,31,30,20,88,78,95,91,71,26,95,59,75,78,11,36,55,100,84,94,41,6,16,84,59,75
48,67,94,73,51,68,41,57,94,94,56,37,84,74,44,91,15,88,27,94,69,26,73,97,14,54,32,1,17,84,6,97,17,17,95,83,90,89,35,95,100,55,6,47,49,88,13,97,28,63,73,52,93,35,56,62,80,44,15,13,36,94,10,18,94,45,55,57,63,26,100,48,88,83,99,15,91,41,42,71,74,87,45,58,74,4,0,60,69,69,93,54,68,78,20,44,19,9,36,39
80,13,100,3,95,56,60,67,45,48,76,2,37,27,53,88,22,52,26,45,79,2,68,56,70,1,40,75,63,27,22,31,41,75,20,23,30,94,14,31,65,96,100,1,15,74,74,23,83,82,78,94,88,97,56,65,84,1,67,39,58,19,79,54,33,39,65,72,50,38,97,49,63,83,92,46,59,28,81,65,53,13,38,69,80,56,6,18,49,87,31,72,8,32,12,89,16,36,49,4
63,78,77,3,3,58,9,86,48,87,45,89,85,12,3,37,3,71,8,22,85,80,25,49,6,27,49,2,43,66,42,25,58,23,32,9,98,45,20,74,43,17,42,33,43,71,92,56,0,17,14,27,91,44,4,21,96,71,55,17,82,82,76,66,39,37,71,22,9,57,18,72,13,6,86,68,26,65,85,65,64,90,40,12,65,83,91,99,80,62,23,91,72,44,90,97,79,99,69,69
91,28,77,74,27,26,1,18,0,66,35,0,77,19,68,90,79,1,99,64,96,16,83,29,69,69,29,83,66,62,8,85,12,97,39,27,86,44,72,1,92,91,85,86,48,72,82,59,6,92,17,88,27,40,15,32,62,20,37,41,42,0,23,43,32,7,2,78,96,16,29,56,90,29,20,29,91,67,28,28,75,53,97,32,19,90,22,52,99,96,3,90,35,22,46,37,28,100,91,91
30,14,62,53,11,66,86,35,82,2,21,46,32,96,17,63,85,31,52,44,35,85,30,55,47,48,13,55,24,86,34,60,0,38,96,45,45,15,87,62,49,76,99,70,70,92,37,84,1,24,70,87,73,71,19,78,4,99,53,28,80,15,90,34,89,38,17,9,7,50,52,17,25,68,12,18,29,3,28,76,2,74,96,36,19,26,93,36,85,6,48,66,54,31,19,58,79,48,67,83
93,4,87,37,88,94,30,48,44,68,28,92,38,68,42,86,66,95,12,43,68,93,5,36,62,39,13,75,81,93,56,69,51,40,24,45,44,92,59,73,11,43,84,48,28,72,76,29,91,11,78,58,97,39,28,81,70,58,28,34,64,18,58,63,70,83,46,39,14,21,10,76,98,7,80,75,27,1,13,38,91,37,9,13,0,25,53,46,64,47,65,97,5,66,79,51,93,20,61,32
27,43,84,32,40,59,49,44,42,76,79,42,97,76,48,50,77,22,99,16,90,72,35,20,92,21,9,5,91,95,93,87,20,67,20,39,20,89,96,6,86,67,81,44,89,14,95,66,95,78,37,79,26,46,14,73,39,75,6,58,66,85,34,98,57,24,30,22,97,99,72,28,2,59,75,49,23,87,42,38,78,72,77,36,5,20,22,70,98,88,64,59,64,28,14,70,40,95,63,3
68,85,38,34,91,26,7,6,62,89,82,55,45,0,71,5,9,0,74,44,43,37,49,43,39,77,57,7,53,72,85,46,69,64,68,16,52,44,9,94,78,70,15,8,13,29,2,84,36,21,97,34,39,96,34,22,83,81,34,10,0,91,98,96,62,56,68,14,81,49,77,14,4,30,71,49,80,11,51,47,87,56,40,31,41,55,16,61,37,20,19,39,91,49,49,65,79,79,61,15
4,69,73,42,5,20,57,1,33,42,63,8,14,56,96,79,54,48,6,90,73,97,57,46,2,99,95,68,51,40,86,48,86,50,62,62,10,100,47,34,5,95,1,9,62,64,28,2,24,38,98,90,21,35,78,73,90,26,39,31,28,29,68,98,90,77,5,82,59,84,85,59,34,2,38,85,33,36,29,75,96,41,44,71,68,5,22,31,33,89,86,70,27,64,36,50,88,76,48,79
74,6,79,58,22,50,90,32,2,69,81,16,67,41,22,39,29,90,27,25,56,47,1,34,92,76,65,4,25,36,42,87,17,54,63,80,67,57,9,61,77,100,84,66,58,35,84,5,94,23,19,35,47,54,27,14,22,81,18,5,45,59,86,9,21,0,26,31,20,67,74,91,4,81,24,47,11,98,47,70,81,98,44,56,77,27,97,40,16,24,97,21,88,68,62,51,60,25,26,64
1,26,21,60,57,21,1,36,74,48,83,4,93,36,65,59,82,66,18,34,80,51,61,31,89,97,93,26,52,32,89,79,70,49,10,34,52,29,68,61,3,49,100,27,65,85,53,17,26,96,83,34,34,12,29,11,4,31,68,85,91,62,32,17,14,50,56,64,76,70,65,98,59,66,99,100,0,21,1,59,58,86,46,75,34,59,9,9,4,6,15,33,52,82,17,74,33,35,93,89
66,14,58,15,67,24,32,23,100,23,100,92,24,29,43,100,10,69,100,72,29,63,42,65,5,99,69,92,22,71,8,60,2,74,30,85,62,85,77,36,53,82,99,87,88,78,54,43,73,25,69,50,33,38,47,100,43,22,12,89,25,47,25,8,65,13,38,31,90,40,37,27,54,79,92,86,85,91,46,15,47,81,12,12,77,11,7,82,33,100,19,80,97,100,16,63,66,77,64,62
64,38,90,77,39,75,89,93,12,90,83,16,57,42,71,28,20,81,89,47,61,93,47,9,5,74,57,84,36,17,36,23,58,51,78,78,10,77,87,89,0,36,53,52,99,64,63,32,20,93,82,34,52,72,52,27,13,96,98,59,99,12,26,16,63,65,25,93,94,86,48,10,20,58,78,86,27,80,7,65,40,23,8,31,2,4,18,3,19,22,8,46,29,36,47,19,79,72,8,70
86,97,78,38,36,78,3,96,90,40,24,96,13,43,100,78,60,84,68,39,98,84,26,67,63,16,50,72,53,85,36,50,92,28,19,85,48,93,96,42,72,93,90,95,72,13,62,31,72,68,53,40,28,16,42,40,9,96,61,70,97,95,8,78,29,12,99,44,73,93,22,9,98,97,46,49,70,27,14,77,4,8,97,13,61,10,32,16,80,25,46,49,46,46,63,97,45,52,40,79
78,11,34,80,27,46,86,49,12,31,12,86,45,12,71,55,40,62,82,75,66,81,24,5,99,47,7,58,91,9,17,32,28,24,39,23,28,6,32,86,92,79,32,52,11,100,1,71,34,76,97,63,86,34,34,38,97,62,57,77,64,27,95,46,20,31,16,89,18,100,17,30,100,73,95,45,14,98,98,45,29,52,74,28,94,75,38,73,15,83,71,40,99,99,79,57,12,62,33,72
96,5,40,74,54,98,6,56,45,80,9,6,65,69,72,58,88,50,86,69,31,75,24,28,92,47,62,55,89,8,47,25,85,7,95,51,39,72,52,82,80,53,2,0,77,42,24,65,14,79,62,87,100,49,32,66,79,4,91,93,63,90,82,33,49,51,16,64,34,83,97,59,29,11,77,24,91,86,78,96,66,30,78,16,17,90,57,99,11,67,100,26,88,27,21,68,39,45,88,58
83,16,12,95,55,38,99,98,36,64,54,16,92,32,95,92,82,12,16,73,77,4,95,100,81,54,51,70,37,19,99,6,48,8,49,75,66,15,76,44,83,19,68,0,90,14,59,87,15,79,53,12,1,3,68,45,31,26,78,14,69,61,21,85,22,8,94,79,78,14,12,16,70,14,11,47,77,38,4,62,46,19,58,4,97,68,57,98,59,65,8,59,6,10,34,5,79,78,23,75
91,56,78,78,60,15,89,20,84,24,74,6,15,5,42,11,41,55,27,72,39,93,9,24,27,80,60,42,45,8,64,69,5,6,30,20,17,9,73,61,96,44,14,26,70,57,84,67,10,61,95,57,0,53,93,91,31,64,44,34,33,4,37,12,87,20,85,26,42,72,47,98,29,22,81,5,88,11,51,99,44,70,47,13,21,2,44,60,95,69,10,43,60,11,93,56,34,48,79,74
93,37,65,11,25,89,82,25,99,1,58,96,60,65,36,93,96,7,26,23,17,6,8,94,75,19,16,42,90,85,65,88,69,28,65,28,69,96,46,92,77,99,8,98,27,81,34,55,31,22,11,53,29,32,76,75,73,43,10,95,93,86,44,56,96,59,2,39,46,10,37,67,19,35,54,52,24,99,67,82,25,93,68,33,13,44,41,18,86,56,85,94,61,1,6,7,30,81,83,15
100,59,67,87,38,33,46,53,62,40,69,58,40,23,54,83,65,37,85,23,68,0,91,69,27,92,89,6,32,32,54,89,75,97,80,18,24,35,73,75,73,44,24,81,9,29,51,2,55,4,47,41,74,48,0,45,25,67,20,92,64,83,65,96,17,12,21,44,98,88,18,21,9,85,18,16,51,65,97,29,53,16,64,1,15,2,89,55,37,69,32,1,49,43,73,81,57,12,18,17
89,43,74,12,75,82,7,5,32,11,84,17,78,97,100,10,94,82,80,63,21,93,41,17,81,86,38,87,66,84,61,66,85,76,2,54,89,26,62,91,33,61,77,78,43,37,42,7,96,0,100,44,60,12,53,78,56,35,69,21,4,19,17,40,3,79,63,32,3,63,30,29,95,100,40,86,1,100,61,55,21,34,26,2,98,33,66,17,100,23,40,29,37,22,25,60,9,14,96,59
65,63,58,39,38,27,16,53,84,85,76,13,36,75,73,43,100,3,37,47,33,52,47,13,45,3,44,38,38,20,2,6,8,12,79,95,80,89,97,87,77,2,63,95,15,10,36,24,33,91,19,67,20,64,13,65,5,12,98,62,76,7,69,92,2,58,6,66,36,47,33,78,70,39,24,18,4,91,54,95,93,53,29,55,78,36,21,33,53,59,31,66,64,81,80,78,30,73,27,13
9,53,59,3,46,59,23,71,32,63,20,99,63,37,10,10,71,97,52,89,82,8,94,59,13,63,50,64,40,16,71,21,16,40,66,47,11,40,69,63,78,13,17,83,9,40,35,79,46,55,53,7,15,45,29,21,34,72,88,83,76,22,18,99,52,86,22,0,52,65,35,100,44,94,88,50,87,60,45,88,77,54,62,53,82,16,3,36,10,41,29,53,87,11,96,90,37,3,93,85
64,84,84,14,88,86,36,9,85,84,24,65,38,82,42,23,30,8,16,34,19,35,76,74,82,26,89,92,21,47,60,53,92,95,9,72,84,12,45,43,99,18,83,10,60,73,53,95,31,23,16,30,19,38,57,4,54,23,36,86,21,79,100,14,16,22,56,29,14,92,73,16,2,41,24,88,8,41,88,42,100,51,73,66,18,33,65,65,65,10,50,76,45,97,6,61,90,95,64,20
10,26,64,22,7,70,35,64,53,18,87,45,59,47,19,19,74,71,56,86,84,15,79,49,44,65,42,74,18,97,26,47,19,6,68,59,67,13,20,72,58,81,86,36,57,11,83,62,36,63,65,8,29,1,28,73,50,57,93,39,15,52,64,59,58,91,82,87,54,47,82,47,39,78,81,74,65,32,50,47,18,92,83,87,2,56,76,94,94,49,36,12,43,52,78,59,48,23,53,81
35,65,54,4,76,42,47,41,10,98,88,13,83,11,60,14,44,50,39,73,13,61,57,51,6,73,2,16,47,43,55,53,30,92,63,42,82,12,96,54,37,33,71,11,72,49,53,4,92,83,75,88,34,64,15,94,33,41,19,7,40,88,87,88,77,36,83,17,96,40,40,39,99,27,2,50,30,3,75,2,88,53,20,7,38,98,87,9,41,43,55,20,71,92,92,77,65,67,77,43
46,65,3,85,53,88,53,46,28,71,85,81,83,46,55,7,64,46,29,85,42,68,6,39,82,54,55,8,35,88,47,48,64,34,11,46,73,77,75,19,98,100,4,70,100,64,98,30,19,41,84,76,45,78,66,89,34,86,13,75,84,59,35,51,24,14,67,66,28,92,98,34,83,62,14,11,45,67,9,32,74,56,25,24,74,98,10,89,56,62,81,56,93,68,53,36,16,75,49,2
21,53,45,85,2,1,69,43,84,19,50,24,95,49,22,12,46,54,82,7,94,9,38,63,72,60,18,3,40,44,55,0,84,38,72,4,92,34,90,61,13,66,82,10,2,73,16,43,89,56,77,7,6,16,100,12,99,62,46,26,87,1,93,43,94,35,59,18,4,70,20,65,76,58,90,3,22,88,43,94,81,87,24,17,95,62,51,77,83,87,35,9,37,57,11,18,94,37,26,73
33,47,21,33,76,66,49,30,30,35,16,37,36,26,42,68,44,54,19,16,4,88,35,38,49,61,92,6,22,8,70,32,3,60,69,34,72,13,9,30,47,46,69,15,15,42,33,19,47,82,51,65,11,83,25,67,44,26,98,39,88,81,31,50,33,0,22,59,29,86,43,56,9,90,49,3,89,40,97,79,95,91,61,82,74,63,24,77,61,79,58,2,65,58,94,60,0,19,11,54
84,49,90,24,90,69,67,7,72,53,63,23,16,42,86,96,25,8,98,76,59,99,33,43,21,45,46,48,34,64,34,10,91,80,47,30,0,6,17,48,33,94,32,74,26,7,100,49,58,65,4,63,59,54,7,73,89,4,84,17,83,69,39,81,100,97,96,2,68,13,84,33,41,89,54,19,17,16,76,26,32,98,14,14,56,74,23,31,65,58,99,76,40,55,93,94,91,68,38,99
58,15,76,59,53,97,20,19,57,34,67,80,57,67,85,93,45,75,21,32,43,87,70,34,51,65,8,83,81,31,30,5,65,9,58,70,69,10,88,78,5,6,10,100,12,73,50,20,4,66,78,93,18,32,67,56,33,11,58,5,42,72,96,45,3,62,43,87,48,75,7,38,69,21,11,48,27,47,34,36,90,63,0,12,56,63,42,54,79,42,58,46,31,100,62,16,35,4,50,51
24,38,90,10,98,73,93,56,20,1,51,90,31,3,74,23,73,85,44,33,30,67,85,79,94,70,14,76,48,83,14,85,38,6,78,97,78,96,12,75,98,43,17,51,19,82,11,88,89,81,87,51,6,91,52,15,69,58,60,69,87,3,28,82,67,18,48,82,73,59,46,10,57,56,70,8,12,12,53,62,92,5,9,25,22,34,88,10,20,5,10,30,95,70,87,5,20,16,99,26
93,42,56,54,63,45,86,33,59,60,46,36,92,3,23,68,79,36,71,94,5,90,71,14,50,18,31,20,57,65,9,87,77,68,70,83,34,58,0,41,19,69,14,34,47,21,8,54,56,1,8,26,85,18,53,44,30,45,92,67,85,66,11,32,16,13,47,73,80,65,22,21,42,74,94,70,4,68,99,2,29,49,54,9,35,37,42,32,40,56,8,76,23,12,19,50,81,40,62,83
5,90,6,78,25,83,74,95,43,67,98,30,55,79,15,38,20,1,24,57,50,33,75,71,77,80,86,36,9,54,65,99,6,0,26,41,29,6,15,24,54,55,24,16,80,25,22,51,5,87,82,80,41,55,4,97,17,9,10,90,31,87,56,33,88,90,99,32,61,87,21,17,4,71,87,81,81,67,67,32,53,53,66,13,23,88,73,33,9,77,72,84,2,47,59,97,3,62,31,2
2,83,5,97,2,76,98,77,81,56,95,23,71,43,28,22,9,4,20,53,0,29,73,69,7,75,75,11,13,4,11,89,29,85,74,20,98,70,79,87,16,100,71,37,74,90,72,30,46,78,35,31,35,22,63,47,1,73,15,36,38,27,98,46,23,96,89,70,70,33,74,13,52,80,86,10,59,76,70,64,38,6,44,57,76,17,66,66,72,72,97,99,64,45,35,46,91,87,15,60
33,75,54,62,43,26,67,26,1,18,16,96,63,92,62,43,96,32,16,91,82,44,9,35,80,24,23,98,82,40,27,26,64,28,56,22,56,78,25,21,25,92,47,75,26,62,1,32,33,100,1,16,81,9,99,45,65,14,52,67,70,24,87,27,12,13,26,71,92,5,8,21,26,13,29,50,79,76,90,91,28,93,63,38,96,0,86,99,92,74,37,58,45,58,87,0,10,1,65,24
9,21,4,7,60,17,60,76,74,27,1,7,62,87,100,33,59,57,70,29,31,0,32,54,18,21,10,18,40,31,24,78,15,55,52,6,85,34,23,68,69,89,51,47,11,50,10,72,27,94,94,42,15,4,43,11,7,40,66,8,61,4,91,37,52,75,60,80,19,87,30,17,89,88,62,6,94,38,88,26,92,44,94,59,21,76,76,27,51,77,65,69,94,30,65,70,86,7,73,19
22,38,48,78,90,57,29,83,26,66,18,31,92,41,61,87,51,18,75,67,98,90,34,28,44,50,99,52,3,18,13,84,85,79,13,70,29,43,16,53,81,29,52,47,32,70,2,30,65,83,51,59,70,53,13,51,22,58,99,95,31,25,78,43,10,56,33,96,93,14,61,51,41,99,33,7,63,43,21,88,35,66,38,10,76,85,69,27,60,3,70,22,69,61,14,100,99,71,32,14
68,12,18,76,31,8,48,69,5,27,76,5,65,13,21,83,100,22,48,17,94,54,22,87,85,54,99,5,40,55,26,17,26,4,14,87,43,34,75,70,38,76,5,90,80,25,34,63,76,33,34,93,85,24,22,20,66,79,27,14,19,0,39,56,35,99,90,35,26,39,7,73,69,27,36,4,37,14,19,86,97,60,8,93,62,57,92,93,4,71,51,36,89,33,59,2,100,92,49,44
69,88,22,58,26,61,44,95,22,30,73,34,61,65,57,60,92,58,95,71,43,68,87,4,16,70,86,36,50,64,70,79,75,1,23,65,62,3,88,84,51,45,2,76,53,54,28,72,22,33,16,55,54,26,12,40,59,98,92,39,99,16,83,39,81,53,74,79,62,21,25,29,7,4,57,10,82,69,25,65,79,56,65,80,0,40,89,25,73,91,42,91,14,23,68,10,25,7,47,23
42,24,55,57,16,10,82,46,84,79,63,61,18,17,32,58,28,43,89,70,53,89,70,44,10,76,7,34,33,22,13,12,11,70,65,92,18,44,83,5,26,98,49,92,42,32,67,59,87,53,80,89,35,45,38,47,70,56,48,64,43,22,66,39,87,9,60,35,22,75,70,78,38,25,62,17,76,52,15,6,13,80,9,1,26,65,98,56,8,0,71,99,46,96,1,6,56,40,51,75
58,23,86,27,62,49,54,13,80,10,17,68,66,25,64,4,96,62,90,66,85,89,7,42,38,5,5,26,68,54,93,87,96,78,94,55,92,53,24,95,54,6,15,68,3,50,73,95,41,32,11,84,84,55,30,11,77,54,50,97,7,53,21,67,92,78,21,57,19,20,94,44,16,39,25,40,22,40,6,2,24,81,21,45,55,27,87,64,53,3,52,80,29,6,96,81,38,78,72,66
45,2,19,80,53,49,56,61,36,97,91,64,23,41,49,8,47,52,82,55,46,21,55,10,4,26,41,96,86,87,7,77,71,61,23,20,80,83,94,58,100,40,38,1,83,86,97,18,79,59,51,73,26,53,50,98,88,47,86,60,28,44,8,43,82,92,90,46,70,61,38,28,92,1,48,39,88,9,14,66,40,65,34,63,12,72,57,10,10,2,64,8,17,82,64,19,61,81,96,41
81,61,83,8,59,57,57,7,24,13,42,15,27,43,30,51,99,35,61,47,80,51,84,82,63,36,14,15,77,32,66,16,85,66,97,46,89,99,97,53,82,97,91,66,64,12,39,47,31,49,91,89,5,54,9,67,45,30,33,16,70,77,42,10,30,28,41,96,51,27,69,92,2,66,65,89,66,54,33,65,44,86,8,92,19,76,75,77,15,67,13,91,20,0,89,3,42,11,59,42
99,70,47,17,69,36,66,54,19,73,81,42,50,45,44,46,53,43,50,39,14,59,54,17,13,22,31,81,20,96,52,99,64,43,1,54,39,63,79,82,62,91,9,98,38,61,98,94,67,96,31,38,88,97,77,36,61,74,69,93,77,3,6,72,15,91,30,29,97,11,66,45,33,4,54,59,21,49,18,33,60,1,23,74,22,90,72,37,22,58,53,36,47,63,29,66,61,58,92,75
34,63,61,88,35,43,22,26,78,27,77,12,49,69,95,11,48,82,49,70,33,97,80,46,93,49,30,71,47,31,16,30,59,76,87,61,32,76,3,46,96,96,34,23,15,11,24,52,24,0,98,66,65,49,40,95,26,40,86,92,21,22,48,53,42,79,72,28,65,44,48,59,76,73,61,57,40,7,97,93,82,38,98,51,44,70,47,20,43,59,72,4,42,60,31,38,17,96,95,52
37,65,33,60,6,98,95,50,76,60,29,22,13,20,41,95,64,29,44,37,71,69,16,41,8,21,47,9,97,100,2,7,42,46,84,80,95,4,64,45,98,95,55,6,34,18,98,8,82,50,58,23,85,63,15,71,68,96,60,45,39,68,44,9,57,44,19,10,50,34,26,53,0,53,60,29,10,91,98,35,60,33,79,74,35,78,47,30,38,66,50,89,14,22,44,47,79,86,66,41
10,83,77,28,74,87,99,48,21,74,16,51,24,4,82,8,92,72,39,81,11,27,98,85,76,48,48,63,16,29,99,18,94,73,51,84,51,86,51,52,92,65,76,100,14,6,32,44,71,58,59,97,11,9,21,61,86,65,60,1,61,70,70,89,60,6,76,2,75,77,33,4,54,83,38,11,66,92,55,86,45,24,46,70,9,11,54,63,86,22,50,65,68,12,19,62,10,20,90,39
95,78,34,22,29,38,30,61,21,9,98,26,90,5,35,31,57,93,92,24,76,80,87,58,7,42,46,87,70,46,95,76,38,46,95,89,66,57,54,80,65,54,77,39,60,72,64,58,7,96,64,15,2,100,61,31,36,9,53,33,26,72,5,51,29,11,91,63,20,42,77,5,22,38,48,63,25,77,20,0,60,92,75,77,25,61,61,62,88,62,0,76,64,18,59,72,1,40,88,89
100,45,79,30,27,63,95,83,34,88,71,19,88,51,28,79,92,20,69,47,77,14,17,94,75,62,1,61,96,100,17,9,77,93,6,100,20,60,4,24,95,57,77,62,89,81,44,36,52,88,59,10,35,5,63,60,99,20,37,95,50,67,82,32,65,29,37,17,54,95,90,48,52,73,52,34,30,26,87,3,65,58,89,42,57,4,28,64,19,62,85,52,82,4,5,43,71,86,27,23
45,12,90,39,35,70,79,75,77,48,66,22,50,91,64,27,6,2,14,72,9,67,20,47,53,77,5,30,71,88,74,99,73,13,49,93,60,92,48,67,68,51,80,23,61,82,34,70,19,40,82,21,59,61,51,5,44,82,93,74,78,7,41,31,40,37,23,1,88,85,90,19,18,99,99,71,80,70,50,76,24,6,68,16,8,69,92,86,95,82,59,95,39,59,69,82,18,39,83,100
42,20,83,43,96,20,33,13,17,99,79,33,72,65,29,1,12,99,89,15,53,29,9,56,73,69,69,10,32,82,31,87,89,84,27,73,11,67,37,66,24,0,22,80,85,25,90,22,73,86,32,41,10,92,3,40,77,77,88,44,80,94,83,98,96,11,94,69,79,6,59,39,51,86,62,80,58,29,58,38,91,11,49,46,38,21,12,70,83,99,32,29,19,10,20,14,70,89,0,59
34,86,24,96,37,86,68,42,45,29,18,57,77,35,96,100,22,21,70,4,75,83,100,28,88,24,65,45,9,76,49,100,68,62,81,18,92,92,97,8,34,13,38,4,4,87,31,67,27,69,38,65,11,92,72,79,24,65,53,100,64,62,21,39,24,49,65,77,29,99,18,68,32,61,30,44,24,0,2,20,44,59,35,35,6,22,62,18,63,2,50,48,65,57,70,50,77,36,85,18
56,8,54,1,34,37,2,35,81,90,95,61,53,47,65,34,67,81,3,56,79,96,7,53,55,17,97,98,51,51,65,35,23,77,47,53,80,24,44,53,27,23,49,36,17,17,55,43,85,13,98,9,54,42,7,0,69,22,20,7,50,26,49,67,45,90,64,57,80,83,49,5,19,12,74,91,67,1,71,76,56,69,13,56,13,79,80,85,35,89,71,86,52,26,93,26,40,61,4,86
94,70,67,84,67,32,87,1,59,92,9,8,45,80,26,86,28,68,82,45,43,23,80,69,62,7,50,74,64,26,96,97,100,16,70,9,26,13,34,79,24,50,32,73,87,90,87,15,3,88,19,35,26,49,93,0,15,76,40,36,4,49,41,64,94,46,18,6,90,40,65,35,40,84,20,40,64,67,87,55,11,29,45,66,1,99,28,73,41,12,46,16,11,6,77,83,14,60,60,22
6,44,25,86,2,67,100,6,76,67,28,23,13,100,61,85,71,97,18,96,17,72,5,39,77,14,33,65,26,45,78,20,44,28,13,40,11,5,57,8,17,80,97,62,52,82,47,60,88,58,66,51,64,9,49,61,73,58,80,21,93,100,74,38,3,12,6,47,18,6,26,2,92,27,25,88,79,30,60,29,31,74,33,6,29,71,96,59,39,36,71,67,79,74,24,59,96,23,10,48
71,95,72,79,60,76,76,100,67,10,60,98,32,20,1,91,43,31,6,22,60,27,13,56,10,7,95,14,46,40,13,60,90,38,66,56,42,57,50,71,96,83,36,62,82,65,29,17,82,67,80,77,33,93,85,38,2,20,62,50,79,57,50,62,43,47,62,10,30,88,72,75,74,76,74,43,90,44,55,13,95,4,60,53,56,72,87,38,24,18,90,40,43,7,5,50,32,66,78,82
97,71,80,1,92,74,79,16,100,23,8,57,7,77,45,96,76,20,8,12,85,29,73,46,4,56,71,44,26,39,93,93,41,87,52,83,29,73,73,59,1,69,89,48,46,54,64,31,86,26,15,97,83,9,82,94,31,98,58,30,85,93,79,59,81,4,78,76,86,47,84,6,24,65,33,39,85,78,0,4,66,66,45,11,13,77,55,37,99,86,4,68,38,66,64,58,60,71,21,75
72,43,69,22,16,12,69,37,69,12,52,66,39,9,70,20,56,68,86,18,66,55,22,86,69,82,54,41,41,59,64,34,56,15,100,6,97,85,51,70,91,90,71,40,31,62,43,98,89,2,12,8,3,44,91,90,24,100,99,85,58,15,67,36,56,32,32,87,5,47,64,76,79,36,76,67,96,57,58,2,26,35,92,78,87,59,81,82,18,68,51,42,15,21,40,99,98,14,69,18
39,58,66,38,39,13,41,27,49,65,63,77,67,62,58,65,87,55,83,72,21,7,39,96,31,55,68,67,95,89,20,94,27,56,53,38,22,68,100,45,12,98,79,70,38,62,30,67,62,70,65,4,87,36,39,90,5,84,95,86,78,12,57,75,71,96,19,76,24,81,6,71,37,91,78,36,30,47,63,71,90,52,96,70,34,22,60,43,15,98,43,70,90,89,15,11,14,49,22,70
38,86,19,22,25,39,7,9,89,52,60,88,10,74,3,83,44,57,59,97,35,66,83,36,86,60,4,96,71,53,74,43,39,65,7,88,61,56,65,85,55,24,60,87,85,87,87,35,10,13,31,70,2,48,31,93,87,75,8,34,23,67,24,63,79,49,85,49,14,36,89,44,54,34,2,19,0,5,61,66,79,35,14,61,8,88,20,1,31,8,78,86,90,46,0,89,52,100,73,16
31,5,93,42,15,21,57,13,46,88,4,23,36,53,39,61,81,74,47,59,37,97,41,94,95,69,36,98,37,31,99,30,91,56,61,78,98,13,46,95,87,17,74,45,97,22,90,30,36,73,54,95,95,93,37,2,57,94,63,98,75,3,84,8,57,77,56,60,21,30,63,48,42,80,50,61,56,11,18,40,71,32,70,92,34,29,95,25,19,87,24,50,54,26,13,18,56,59,4,66
30,98,81,8,25,13,13,42,86,32,88,94,68,70,16,38,88,66,4,78,19,11,17,28,94,95,91,84,72,67,21,59,20,26,94,41,2,83,55,90,71,0,92,30,52,84,99,46,21,59,83,42,20,93,90,97,24,0,3,9,98,85,91,94,2,88,94,30,61,7,0,43,57,98,97,9,79,31,34,28,22,43,55,79,19,21,72,25,99,11,31,40,42,43,45,6,2,42,95,63
46,43,88,98,94,74,80,48,32,42,31,76,54,58,17,11,66,34,28,94,87,1,57,88,80,43,4,73,70,25,56,6,9,10,18,10,13,30,17,75,1,57,61,68,5,64,19,95,92,43,51,62,11,52,65,97,63,72,66,72,12,95,28,20,60,24,40,27,58,64,81,38,61,92,68,10,14,20,9,23,35,48,83,30,75,99,73,83,79,21,42,78,100,54,62,61,88,68,42,22
69,4,90,55,17,33,4,87,13,25,22,42,54,33,62,29,6,66,74,66,38,22,88,0,93,19,50,50,63,9,65,44,8,33,67,71,65,90,39,84,54,12,18,47,89,74,28,57,14,5,54,81,91,78,6,65,7,31,82,40,52,43,15,70,44,75,10,4,16,1,23,52,31,60,2,71,8,49,74,87,12,78,49,91,81,45,4,93,93,98,32,31,52,13,41,57,1,43,42,60
58,50,51,9,38,36,49,30,12,100,87,16,84,44,46,80,24,58,35,10,33,48,30,60,93,27,21,29,69,25,86,98,92,81,51,83,7,82,33,30,64,97,29,51,4,61,78,94,2,36,40,35,42,50,27,34,70,75,78,22,45,35,51,35,77,28,48,47,4,51,53,80,25,73,24,33,86,25,62,74,10,0,16,92,97,40,92,70,13,14,61,18,19,99,47,41,16,54,21,29
53,9,65,36,69,86,88,15,98,90,51,56,24,32,9,71,80,10,23,13,47,39,77,12,98,35,79,46,64,13,7,25,78,8,29,82,60,86,97,81,63,43,77,62,1,23,11,57,38,57,34,82,67,94,12,15,84,65,3,95,5,49,28,96,93,77,19,28,34,17,91,56,9,3,51,27,7,51,51,90,96,85,24,6,41,19,16,73,100,48,41,43,92,87,5,81,32,86,63,48
50,34,31,95,37,64,97,36,13,15,30,61,25,27,7,59,76,19,33,83,83,32,6,94,90,89,5,80,21,5,97,1,38,95,2,8,53,12,45,71,84,63,97,56,14,27,23,48,81,95,72,40,65,33,23,53,67,70,16,24,18,65,48,67,89,36,37,23,100,9,15,71,14,40,87,42,96,36,5,18,53,8,20,48,1,93,75,41,62,82,86,17,62,81,48,95,47,4,69,42
7,35,85,12,12,86,84,17,100,36,58,65,31,97,64,29,78,36,16,91,78,85,13,37,70,55,97,36,75,30,73,4,22,64,53,31,72,84,8,85,32,91,80,41,95,99,97,10,2,20,79,9,82,8,4,52,25,2,51,46,19,63,28,89,32,74,80,45,88,80,39,77,93,8,79,5,47,89,86,0,45,0,66,41,7,84,15,90,6,69,41,96,32,73,89,37,55,31,87,93
1,69,14,86,49,86,6,86,12,97,13,96,8,87,63,24,75,38,15,85,62,25,34,31,69,45,88,58,21,95,93,9,32,40,51,76,86,22,48,39,12,38,83,77,97,64,91,34,39,69,34,61,80,43,67,27,19,74,28,21,100,11,80,41,71,68,13,94,32,85,61,62,86,91,24,63,57,22,19,98,82,83,99,39,96,85,53,36,35,89,17,34,36,27,65,35,64,42,98,58
73,50,52,70,2,84,42,12,30,3,73,29,75,83,51,6,43,1,64,47,85,53,30,77,90,14,67,89,40,25,8,48,38,64,50,95,74,75,32,35,75,20,65,82,85,65,70,20,97,76,89,95,7,12,3,50,27,16,20,98,76,60,63,3,33,66,21,6,8,1,76,31,36,11,74,1,0,92,66,12,55,43,10,45,65,72,69,30,61,89,85,67,17,99,50,73,17,23,26,9
22,85,24,51,55,82,100,88,94,45,13,4,45,13,85,10,5,20,100,4,78,9,54,0,46,22,27,0,36,39,8,21,6,29,85,12,63,72,86,3,76,86,60,74,38,10,10,2,52,73,22,32,63,63,87,85,26,1,43,32,58,5,20,8,73,23,27,61,90,89,95,19,49,52,14,55,89,95,94,22,68,51,79,38,47,47,7,15,14,34,10,99,97,55,35,58,12,85,14,66
22,73,98,95,18,67,77,73,40,33,0,16,36,39,33,74,59,73,55,54,1,74,1,50,28,30,45,90,18,49,19,36,92,63,95,89,29,90,68,51,86,80,14,78,80,21,33,37,16,46,39,67,38,20,4,45,56,5,43,63,88,32,22,51,2,79,49,20,26,86,39,58,22,58,11,79,58,80,5,22,5,97,23,68,38,88,92,56,77,94,4,48,73,52,48,59,81,18,80,49
81,53,63,57,91,98,75,51,93,25,7,43,67,10,47,6,30,6,74,46,23,52,53,99,34,79,69,12,43,61,52,33,61,17,13,16,4,6,74,83,93,29,44,25,82,54,85,50,86,67,78,12,13,83,41,82,10,3,8,39,57,34,100,18,26,60,62,44,49,64,51,63,84,97,71,51,29,17,24,11,15,69,89,85,67,80,12,50,32,62,21,11,69,39,20,71,34,11,23,23
82,75,17,40,58,76,46,7,54,64,5,81,51,28,28,10,51,49,71,83,4,71,48,75,96,87,68,17,82,20,63,66,90,35,62,56,37,79,5,38,4,25,88,85,3,7,62,40,55,67,51,69,18,22,81,17,55,67,72,58,61,49,52,43,69,45,36,81,40,78,75,80,82,3,26,50,79,35,17,35,43,38,87,69,23,83,64,51,99,92,5,26,71,4,86,68,96,26,93,93
52,68,45,21,90,7,79,62,36,5,32,40,64,3,59,44,36,86,56,42,53,100,85,68,67,16,75,33,65,29,21,11,80,91,7,3,32,88,42,88,11,76,28,73,41,37,2,42,69,81,51,78,22,37,67,53,42,38,29,73,62,80,74,35,30,82,89,81,42,58,27,49,86,75,77,6,72,47,52,34,70,27,64,47,60,3,13,14,39,46,53,37,24,56,2,44,57,32,93,92
62,66,6,78,32,14,84,18,64,88,54,95,71,30,100,57,41,6,88,12,82,95,93,67,96,41,85,9,3,88,13,41,40,39,40,66,90,79,48,74,65,25,98,88,95,100,78,52,53,46,34,35,93,78,88,93,22,2,0,17,49,5,18,97,70,74,32,38,74,16,26,39,5,42,47,75,63,5,82,94,46,51,78,30,54,73,94,23,35,47,1,44,53,8,93,62,96,92,62,46
46,64,21,4,88,93,67,65,18,90,62,100,12,85,32,27,33,20,11,55,90,51,70,76,61,49,93,9,26,95,31,88,33,36,12,51,92,79,89,93,13,72,73,12,24,81,11,11,96,76,71,11,2,5,52,20,66,89,94,84,19,71,93,1,29,85,54,9,22,48,64,61,54,47,61,87,32,56,74,3,50,0,88,45,62,26,28,52,75,69,12,74,98,70,27,56,83,67,48,13
68,11,9,7,2,30,23,23,26,34,63,98,11,90,100,25,12,87,41,53,2,46,51,84,30,58,22,100,47,25,44,30,93,17,73,7,28,70,75,52,40,90,65,71,2,68,28,66,59,96,62,32,20,67,41,58,6,68,73,73,88,2,38,88,17,33,78,47,37,69,18,70,51,99,57,9,91,45,55,93,25,95,45,31,5,21,43,54,58,62,12,68,43,77,37,81,3,69,90,84
39,46,51,69,45,28,23,35,30,82,35,13,97,62,67,66,77,82,63,58,28,43,18,58,9,47,68,48,97,7,64,95,86,84,58,13,4,27,47,56,89,82,62,73,78,59,58,51,35,62,71,31,53,45,96,48,19,53,39,96,77,99,36,28,37,84,70,39,87,4,9,30,33,17,59,95,84,14,28,38,96,65,67,73,55,33,59,11,41,65,74,28,4,42,33,36,24,4,2,17
11,89,60,84,0,8,92,27,48,94,63,28,16,40,10,43,28,32,25,74,74,47,43,63,54,45,10,9,37,41,69,8,83,2,41,89,53,88,94,35,37,9,5,54,10,99,45,98,5,69,44,59,8,64,17,49,87,70,90,33,25,28,81,58,14,70,22,37,86,70,18,54,42,59,66,96,58,17,33,77,46,0,82,84,38,53,78,93,79,17,12,76,44,53,16,50,30,73,55,76
0,42,9,64,92,35,99,46,88,83,1,99,59,92,5,97,100,62,6,64,6,77,45,83,11,56,86,59,57,100,68,22,61,58,97,37,42,79,17,63,90,91,5,28,86,100,37,57,22,38,54,63,72,28,22,80,0,99,66,99,37,85,95,13,58,24,4,20,8,84,66,35,77,94,24,58,39,30,61,50,99,71,0,86,4,37,11,57,72,48,79,7,36,90,2,33,70,25,44,77
83,60,10,38,67,83,5,82,79,93,31,20,42,96,91,2,61,92,33,62,85,66,76,55,55,71,12,96,23,85,20,34,67,72,48,99,79,95,25,5,68,49,35,72,77,73,29,10,0,95,100,38,65,63,14,85,40,66,98,39,91,31,95,43,34,6,31,36,40,1,14,56,71,30,65,84,21,49,14,53,3,47,81,62,89,61,65,1,14,21,25,18,4,36,49,7,15,89,24,31
33,56,88,62,55,35,19,93,97,41,90,7,44,24,49,42,13,100,27,29,21,81,85,18,88,30,30,64,36,93,94,53,100,52,77,79,74,89,80,56,46,56,57,76,45,44,70,43,14,3,56,11,44,40,33,80,43,96,0,2,36,30,7,27,52,64,37,0,95,44,14,31,66,10,82,29,7,72,96,7,38,49,0,11,54,62,6,6,11,94,58,1,35,71,37,61,58,80,93,47
49,24,71,27,88,78,25,88,1,100,15,84,76,16,36,84,10,62,52,15,9,73,94,50,69,8,72,34,8,49,95,34,78,46,49,66,48,59,63,36,69,93,72,89,0,13,19,54,16,89,45,58,75,89,42,77,76,99,68,76,63,67,78,59,0,53,88,48,99,41,93,10,30,77,29,64,10,83,37,13,92,73,7,96,13,94,20,26,50,86,48,49,97,13,32,45,21,62,38,32
28,17,88,52,54,5,87,62,6,17,18,6,46,42,81,4,9,66,30,36,46,26,33,36,58,24,77,60,86,30,96,25,93,89,65,38,58,14,19,37,44,83,93,72,89,79,60,80,54,80,44,97,7,5,4,1,96,40,0,1,12,48,91,72,83,87,76,82,54,41,1,4,96,93,10,12,15,90,62,68,14,3,1,41,90,46,24,66,82,32,12,21,96,20,56,19,20,18,23,24
74,25,30,54,96,99,27,48,97,61,33,95,66,67,17,29,59,7,38,22,92,43,20,98,2,72,60,83,16,36,21,15,48,100,63,21,67,82,18,75,76,92,11,75,83,90,53,34,68,11,36,35,16,26,48,45,23,33,11,95,2,34,56,45,71,87,79,58,80,19,24,94,40,12,86,100,52,16,89,31,2,98,70,72,93,55,97,88,40,14,66,24,12,99,55,91,53,99,25,17
11,16,21,52,58,84,38,18,71,11,14,58,77,37,20,82,66,68,23,71,13,81,46,99,26,36,44,55,36,62,97,24,45,85,33,46,34,81,12,91,35,11,16,96,57,8,87,62,94,74,100,46,48,97,29,90,67,52,37,9,86,52,74,62,60,24,19,27,10,3,80,94,16,90,9,36,94,80,79,15,1,93,78,48,31,38,56,100,67,67,31,6,93,38,100,17,77,99,90,71
37,35,85,9,38,91,53,45,98,53,70,51,12,11,9,8,66,38,54,50,72,17,70,67,31,55,45,77,96,89,70,78,66,48,38,6,96,10,17,5,86,47,87,38,23,61,91,94,60,15,88,92,54,2,47,98,56,1,71,2,100,5,65,58,81,2,6,46,24,71,84,80,19,7,65,30,25,71,75,95,29,93,15,2,11,89,51,79,58,11,60,4,21,95,84,5,95,86,38,87
19,11,21,88,9,100,67,27,56,5,34,54,26,70,20,33,98,39,21,48,92,68,44,55,86,52,24,15,22,97,26,53,55,92,54,4,31,69,89,46,50,60,44,61,33,28,99,99,33,35,36,62,86,0,17,94,28,90,3,100,77,4,5,0,4,98,6,61,21,55,26,29,31,55,56,90,23,81,38,58,46,20,5,16,28,47,26,52,20,18,80,2,93,37,2,21,42,59,94,51
51,64,1,98,66,95,30,40,71,10,49,78,46,88,99,56,21,80,39,23,80,100,31,46,55,64,32,80,75,65,33,25,96,82,62,64,21,100,41,76,31,94,54,41,56,28,7,85,83,73,15,93,49,96,38,40,32,35,99,47,62,14,26,94,47,84,79,46,61,92,59,70,55,83,25,97,93,53,72,88,79,80,44,77,66,72,94,73,28,46,98,66,77,37,73,43,24,61,80,32