81,90,27,64,88,93,27,30,40,30,54,55,41,62,42,74,99,11,59,84,31,64,74,38,29,100,37,43,12,80,2,35,69,24,75,29,10,80,45,7,18,95,41,31,37,44,83,75,48,77,70,50,39,57,51,82,83,69,98,65,74,58,26,70,10,86,50,22,49,32,53,57,6,49,65,86,75,89,89,53,77,62,34,60,95,22,64,38,57,19,7,29,87,49,88,87,67,97,21,50
42,10,29,72,99,97,46,69,97,44,40,2,10,49,41,1,96,99,79,58,36,82,56,87,1,75,69,1,48,88,3,59,47,73,60,14,2,46,47,19,89,69,13,50,99,68,60,14,88,23,95,53,6,5,36,36,13,17,95,48,80,43,92,27,34,27,61,12,38,11,4,83,49,26,55,65,74,97,58,35,68,60,96,67,53,82,79,89,23,82,49,85,73,78,3,15,21,54,10,54
15,54,40,5,15,5,60,92,13,26,82,27,73,33,80,81,30,12,49,92,13,31,43,59,8,31,95,0,31,63,38,2,72,34,65,41,5,41,16,60,12,39,51,72,61,85,40,95,21,42,62,91,42,54,95,66,74,90,2,39,28,18,86,52,55,14,28,48,60,20,3,92,55,20,1,52,14,57,56,80,35,96,98,73,98,52,43,94,68,71,75,26,42,53,61,71,6,40,94,71
39,29,37,93,0,30,46,68,78,42,56,51,46,27,8,45,94,58,22,55,77,8,1,19,21,94,89,90,35,99,97,98,71,67,52,16,62,26,86,82,77,27,87,99,31,60,71,10,35,72,26,63,70,96,72,28,27,75,48,34,70,58,17,78,63,82,97,9,60,45,99,1,35,26,39,39,58,65,99,7,68,29,32,65,66,11,52,41,10,42,29,19,2,65,13,12,42,73,69,98
98,3,24,16,86,69,68,36,81,13,26,27,51,89,7,28,8,14,70,44,72,79,72,54,49,84,14,10,40,9,51,73,14,70,33,98,56,9,10,36,34,41,81,85,28,43,54,92,69,8,36,38,74,5,47,47,32,25,66,14,15,76,56,6,95,5,64,15,27,40,39,48,65,6,58,32,84,38,39,47,5,100,30,0,37,93,61,93,67,88,86,99,82,29,95,60,21,37,11,8
42,74,48,44,37,26,59,91,11,49,93,10,77,66,89,39,75,96,57,30,72,48,100,51,74,10,3,82,77,18,38,85,41,65,17,75,10,82,72,57,51,56,51,23,84,31,65,73,72,13,5,59,45,38,42,51,30,17,77,40,52,47,93,51,61,4,93,37,95,66,28,83,74,68,64,2,82,66,35,82,98,33,41,3,35,0,70,4,93,17,53,74,93,61,12,79,86,21,11,44
17,36,0,92,85,28,94,48,72,74,50,49,29,88,39,53,36,28,54,9,35,24,59,96,60,99,89,32,0,12,72,69,59,64,74,39,91,34,85,78,12,26,79,77,60,47,34,36,32,94,25,33,91,80,100,31,40,59,79,57,81,36,7,33,33,50,36,96,12,65,57,20,0,88,5,83,7,65,11,1,45,8,92,15,64,16,42,52,72,46,98,5,15,12,86,39,38,63,31,76
87,33,89,55,26,7,56,8,45,23,22,34,50,66,27,14,71,1,37,78,89,20,45,70,40,17,58,20,92,83,87,37,93,34,0,12,23,30,16,19,2,47,20,93,91,78,98,17,4,96,7,73,14,95,97,88,7,68,12,33,80,55,24,46,7,32,27,59,95,41,46,92,25,27,96,2,63,90,17,30,91,39,92,36,14,55,3,76,46,22,99,70,24,29,13,100,28,28,42,67
12,28,75,0,71,95,87,1,83,53,64,26,37,98,18,64,96,13,89,78,24,62,85,3,70,26,98,29,1,62,49,76,47,39,33,27,60,12,18,11,95,76,92,54,74,62,42,48,18,64,33,41,52,1,91,57,61,79,25,41,24,32,40,27,98,34,3,5,51,17,29,41,62,99,51,89,47,30,66,88,40,77,10,81,86,53,19,24,38,20,33,21,31,17,10,60,3,91,12,39
83,62,60,97,35,7,32,75,52,95,43,60,22,29,67,12,64,86,78,42,100,47,33,13,12,77,86,93,51,55,67,95,69,73,54,47,92,81,31,34,94,26,82,19,29,31,33,47,3,47,53,81,82,56,37,90,82,11,93,99,95,84,33,78,1,0,51,17,39,67,35,97,26,47,2,78,39,0,14,79,53,61,82,49,19,35,8,54,74,98,82,24,77,48,49,2,21,91,78,66
27,8,42,68,78,95,19,42,26,89,91,62,81,43,24,93,23,19,72,9,98,65,79,26,64,39,76,17,69,77,45,57,14,82,15,57,50,24,94,93,57,38,52,54,49,29,35,31,100,20,39,26,79,68,98,7,61,79,55,91,36,89,43,100,81,60,54,99,46,96,71,72,31,49,86,44,31,50,34,83,4,36,35,61,20,26,51,86,45,56,38,79,33,32,49,63,60,22,14,50
44,53,14,39,52,75,65,100,1,40,98,57,6,37,92,88,78,39,56,31,68,34,91,44,89,17,51,41,8,9,45,8,42,49,11,43,53,3,25,85,26,63,85,3,37,99,40,85,63,71,80,51,85,35,72,14,62,52,66,49,46,90,91,25,59,70,100,15,21,95,22,49,8,88,44,18,64,75,40,15,7,31,87,45,24,17,89,52,20,50,100,98,26,16,11,24,72,63,72,85
75,74,63,40,11,32,62,67,74,22,33,26,65,35,95,84,1,42,12,28,3,20,0,99,32,67,27,60,47,65,35,50,15,23,46,38,13,44,39,56,84,79,24,77,8,55,67,42,59,71,69,50,87,6,33,58,6,52,60,43,1,35,50,90,36,83,60,89,52,53,34,93,9,0,61,43,85,59,60,90,88,1,37,56,30,44,78,66,92,6,72,25,35,96,52,55,79,50,70,47
90,72,72,2,99,28,27,8,33,22,74,87,22,72,74,20,85,20,24,45,59,14,73,3,44,32,62,32,31,0,94,100,44,39,75,47,36,11,7,97,22,9,92,16,48,42,97,16,65,81,9,43,79,12,100,14,1,69,55,29,37,0,22,51,66,38,60,37,17,59,79,43,14,63,90,95,74,95,51,49,51,63,9,8,89,78,15,98,40,11,43,85,52,42,24,4,52,69,35,50
42,37,100,17,1,81,97,71,4,12,92,16,94,81,26,78,24,11,47,10,42,50,15,25,61,52,57,91,59,18,77,37,52,66,75,76,0,0,71,11,98,28,52,33,55,37,56,8,47,12,18,30,62,63,10,75,38,91,79,52,64,56,72,2,4,49,38,86,87,11,66,61,4,85,62,59,20,13,61,15,95,80,83,26,63,17,94,48,74,70,87,44,0,60,55,42,76,96,89,55
95,75,89,93,7,93,39,100,8,55,7,96,48,2,93,74,23,99,89,50,98,30,50,73,8,31,53,25,58,68,8,19,46,96,79,66,31,62,6,63,13,35,98,48,81,76,52,2,66,98,80,40,3,81,36,21,39,24,61,59,17,52,83,34,73,53,63,33,47,65,77,0,58,96,88,28,3,40,66,91,71,61,85,50,58,92,26,75,45,4,60,90,55,33,93,2,10,5,8,67
96,51,27,5,98,37,90,54,5,86,61,5,31,20,100,40,8,79,3,1,36,96,28,78,32,45,86,11,67,37,27,10,43,74,67,64,64,80,16,86,67,8,19,74,9,48,20,21,71,39,56,85,67,60,17,84,57,75,23,58,65,66,17,82,62,50,83,87,69,73,95,64,20,17,88,71,77,8,98,40,9,6,14,52,40,72,41,65,89,79,60,93,92,45,40,65,28,14,15,28
36,41,22,48,2,68,66,71,93,82,37,49,70,42,83,18,82,17,17,31,61,38,70,96,93,85,84,73,52,59,32,29,60,9,48,13,88,24,95,78,19,91,25,68,31,38,67,80,51,87,49,27,3,5,29,70,16,69,57,53,97,90,59,0,28,9,11,48,17,39,95,95,77,20,32,83,90,91,26,56,2,25,50,98,41,25,29,26,89,55,38,21,63,17,15,44,17,75,56,36
25,41,61,44,99,64,82,46,45,40,89,44,91,91,67,77,63,14,54,31,10,12,43,40,83,8,83,5,24,25,54,4,16,8,3,59,100,73,49,3,59,15,44,0,16,63,2,7,39,69,59,45,71,30,97,78,21,50,30,37,19,53,64,61,84,38,91,68,1,21,60,60,31,27,19,8,9,26,34,77,36,0,30,85,63,75,98,83,1,17,19,59,77,72,13,47,85,92,65,30
56,93,47,92,51,66,68,15,49,53,71,56,55,84,59,44,61,96,70,50,29,59,25,36,87,36,14,63,25,54,78,100,23,9,64,90,95,38,73,28,5,16,83,10,86,76,38,62,19,93,29,48,70,21,53,1,35,13,11,17,56,19,11,31,27,93,83,26,46,63,26,78,74,55,81,28,66,39,67,95,69,97,85,4,39,4,69,67,44,21,9,73,56,49,49,100,96,9,65,12
75,23,98,68,34,70,8,72,96,97,9,12,70,21,55,19,32,76,40,80,73,67,33,77,69,3,30,26,74,24,13,64,57,24,55,73,63,90,31,37,96,91,1,29,52,70,92,52,24,97,73,22,86,52,52,20,41,86,1,3,38,8,75,90,10,42,45,57,39,91,9,99,22,61,96,59,55,80,35,40,88,99,0,79,23,76,36,35,34,72,40,77,92,10,35,53,74,76,80,65
59,56,62,41,17,54,58,25,56,85,16,44,99,64,14,7,51,67,12,33,11,100,38,92,95,22,60,60,8,50,45,9,39,5,14,67,23,48,4,11,88,87,94,32,94,81,70,53,23,56,26,11,7,41,13,64,22,11,45,51,55,69,38,90,25,89,14,3,65,41,64,77,79,10,25,39,4,39,73,47,61,3,52,17,42,17,21,31,70,21,10,95,68,29,56,3,95,43,4,79
62,76,77,78,12,43,0,85,84,31,99,8,10,14,39,35,12,36,97,13,57,48,77,55,2,33,9,28,18,74,43,35,23,20,75,26,87,57,99,32,65,69,12,97,62,89,24,33,28,13,85,6,28,25,11,70,86,79,56,66,54,81,72,22,13,39,85,10,48,26,83,75,95,58,24,25,33,80,79,29,17,63,13,24,99,83,67,7,92,39,98,82,97,10,100,56,21,32,90,18
46,86,98,23,80,78,0,71,68,77,40,62,19,82,94,28,76,41,26,74,51,45,53,57,47,52,83,1,38,24,32,43,0,13,74,95,30,98,10,53,77,74,87,96,18,12,82,54,86,89,70,58,13,12,52,19,9,62,86,69,18,55,58,37,61,2,54,82,99,25,82,84,78,10,69,96,87,44,32,42,41,25,11,8,21,86,2,59,20,96,42,53,4,57,53,90,7,77,20,45
94,16,48,23,42,16,12,22,25,95,69,42,47,9,33,100,82,95,98,96,92,8,2,7,26,74,94,53,35,33,78,67,75,47,41,72,100,21,66,18,68,92,23,5,86,24,91,5,62,64,49,4,16,36,90,16,77,84,20,75,88,31,28,70,8,80,24,86,73,17,92,82,14,74,99,43,56,5,41,54,77,4,90,85,12,69,50,28,94,67,41,81,54,9,82,4,58,2,68,52
95,54,37,69,30,65,58,83,25,49,1,59,90,63,69,22,70,93,67,44,93,89,64,89,41,6,66,60,13,13,90,3,56,81,15,21,70,83,66,56,99,20,64,47,31,60,64,11,30,38,34,51,92,24,63,12,12,84,15,78,74,20,39,86,88,51,49,21,6,45,58,90,63,46,54,58,84,56,24,3,38,39,39,89,95,5,79,85,53,61,28,8,42,100,7,3,97,24,28,30
21,83,21,58,99,13,77,100,54,88,82,30,45,12,83,33,100,48,96,28,74,73,31,23,7,79,30,27,42,56,89,92,48,92,72,38,69,80,54,51,15,16,29,23,79,32,99,40,93,44,17,40,5,20,10,41,86,77,72,94,68,35,19,82,27,76,52,73,30,0,58,13,80,18,27,92,19,24,50,69,30,40,71,26,96,95,68,75,53,51,52,47,35,77,50,68,60,98,53,60
44,87,88,59,46,75,12,23,13,11,30,11,57,35,39,93,41,55,71,54,59,21,78,57,99,73,87,72,91,76,56,78,35,74,79,59,53,38,55,28,23,59,47,58,70,39,0,65,52,8,42,21,99,56,36,55,25,31,19,20,62,87,73,5,22,3,44,19,31,67,26,41,36,99,15,15,54,57,29,52,72,19,60,58,10,83,37,15,56,91,64,95,64,56,60,27,4,76,67,64
64,37,55,51,99,13,5,42,87,87,23,45,29,64,32,64,46,79,49,59,10,83,77,10,31,100,9,63,18,72,4,41,42,92,5,95,44,48,67,77,42,89,5,16,78,7,33,87,55,89,89,20,30,22,95,6,38,13,91,85,30,41,8,10,60,84,35,49,75,96,76,94,91,44,95,25,40,99,92,90,42,25,74,56,100,49,4,53,96,19,94,68,87,29,35,56,30,100,100,21
12,12,15,91,20,95,91,54,78,44,29,96,62,54,17,36,11,25,92,89,54,6,95,26,33,37,29,92,97,4,44,30,55,40,37,93,71,100,100,95,87,83,13,26,42,54,94,42,21,45,5,53,90,100,53,10,14,5,55,77,8,19,6,29,30,18,15,45,52,11,20,71,0,52,50,98,21,99,28,14,29,89,7,88,73,99,35,45,43,94,86,88,7,8,82,30,33,66,17,36
26,92,17,49,47,25,1,85,10,23,51,14,70,51,87,0,30,46,97,3,91,6,79,100,62,50,18,64,98,57,39,89,87,53,74,47,84,82,75,52,49,5,50,93,62,50,89,38,74,78,67,75,19,83,16,77,5,34,76,75,97,95,14,75,72,48,6,26,96,58,16,6,3,33,65,93,82,37,85,71,59,49,96,76,29,31,77,74,84,4,53,55,92,6,36,78,28,75,19,2
59,54,54,79,56,96,71,76,98,88,68,45,81,98,20,14,72,89,43,74,83,29,36,49,36,99,49,87,70,60,37,6,76,93,28,1,5,85,61,5,32,71,57,77,75,90,51,41,42,98,60,43,56,92,17,49,19,20,20,35,2,1,93,1,86,78,18,39,28,5,3,61,11,9,72,79,96,19,13,16,44,6,82,19,73,84,77,95,30,98,38,65,67,85,22,4,35,44,44,12
91,63,83,89,32,72,30,94,46,56,74,83,9,1,93,40,77,53,93,99,23,22,88,83,47,16,95,14,68,87,25,98,86,19,48,79,97,69,39,3,84,42,82,59,18,7,31,2,79,17,91,82,16,85,39,84,84,21,4,53,64,36,31,76,84,68,68,8,63,19,4,7,47,43,87,83,17,43,53,30,66,62,5,35,9,17,52,84,98,63,50,28,35,89,14,2,57,56,28,20
69,81,54,37,24,14,13,18,19,68,92,76,22,78,29,83,57,39,54,96,95,75,27,26,57,56,4,45,89,83,28,29,56,72,5,4,42,26,76,39,31,74,8,59,57,44,79,93,18,47,63,70,28,76,52,69,94,4,8,87,12,51,25,92,86,51,75,49,3,4,52,24,57,89,7,80,96,64,20,56,43,67,39,17,5,60,30,67,81,100,22,63,23,58,93,89,42,71,53,27
78,100,97,53,52,95,97,7,62,73,12,76,63,50,85,60,65,53,56,93,46,15,13,23,7,93,86,77,44,88,0,89,43,1,13,47,62,22,17,43,67,48,52,98,19,16,23,85,82,37,45,6,0,67,44,36,21,76,46,7,74,54,87,21,36,56,19,5,33,93,73,59,96,75,82,4,51,25,75,95,24,51,34,98,85,57,47,54,21,34,3,55,60,72,10,2,3,17,28,61
7,59,22,38,57,94,52,19,74,99,93,85,83,13,22,77,11,97,85,29,61,57,45,83,68,9,6,49,50,49,56,85,44,15,22,73,30,41,12,99,38,8,16,6,98,15,86,40,23,42,41,86,38,63,65,40,22,82,38,46,43,86,11,11,69,84,41,18,80,45,77,94,77,66,97,6,64,92,57,94,71,90,11,30,65,22,35,42,100,56,14,18,89,60,87,0,82,43,79,54
81,5,100,63,61,28,35,76,88,16,68,62,62,30,4,60,15,53,65,62,81,97,82,96,45,4,3,83,98,38,49,11,64,88,33,71,80,83,21,88,45,84,54,44,97,71,19,78,54,4,64,86,6,14,62,4,85,84,49,24,1,58,28,14,22,58,1,28,60,59,16,70,44,57,57,65,57,88,46,25,14,13,41,40,47,54,17,20,11,48,18,30,18,69,35,88,43,34,22,77
12,19,83,40,78,23,84,8,64,57,33,68,22,38,10,32,12,79,94,60,72,38,93,49,95,67,96,93,66,43,97,64,9,46,91,34,48,40,2,7,87,72,80,29,88,36,62,70,85,42,54,12,4,48,53,19,14,33,23,3,88,3,96,36,82,56,16,88,20,72,33,99,41,32,80,43,20,37,60,5,79,50,85,35,62,56,15,81,57,92,38,28,28,58,88,5,59,27,87,65
58,14,80,24,16,41,97,57,45,7,12,14,100,40,24,21,35,36,99,96,49,6,20,62,69,32,21,66,89,3,25,55,13,33,76,33,92,35,100,59,17,25,92,72,96,51,22,64,40,5,76,29,20,38,2,73,68,74,71,13,37,10,52,72,83,88,63,54,46,67,25,83,34,98,95,74,100,24,10,53,10,18,40,97,34,85,41,26,76,99,91,26,75,78,47,89,27,100,45,25
23,66,98,43,97,10,76,37,100,38,33,72,75,70,96,55,61,66,25,71,52,99,95,81,0,59,92,49,88,11,71,74,43,31,49,23,80,93,18,54,14,88,6,67,8,37,3,46,6,57,27,83,95,45,38,99,22,56,92,67,22,58,72,85,93,94,82,65,33,92,5,8,60,53,45,43,79,33,90,53,40,38,22,72,17,35,12,34,50,91,16,82,53,53,32,39,79,64,86,98
11,80,69,99,69,41,42,70,88,49,26,54,2,82,81,21,100,17,78,42,36,56,92,82,92,22,48,16,7,2,71,7,37,30,78,39,78,1,67,70,64,63,45,95,52,58,7,30,50,9,92,33,26,62,79,92,84,26,43,36,43,30,66,13,58,11,71,28,89,73,9,1,2,78,66,9,82,24,25,24,93,34,99,21,22,27,43,2,78,26,53,52,26,56,65,52,94,5,7,82
98,66,8,6,75,92,2,56,2,65,99,29,29,88,49,83,78,46,42,87,35,93,57,87,46,32,18,92,77,76,32,41,79,70,4,26,42,1,92,22,70,33,4,37,35,76,2,56,55,18,0,68,32,77,44,64,17,85,10,86,30,14,65,66,96,0,65,30,77,99,87,13,1,48,100,3,44,83,99,89,25,42,26,96,20,87,69,97,66,63,59,44,26,35,14,6,64,14,9,32
36,43,11,74,27,18,41,96,61,75,33,41,7,79,38,82,22,0,0,40,76,65,70,38,5,93,28,26,63,98,72,32,0,84,73,24,49,95,43,54,83,75,12,34,30,89,12,34,57,81,2,38,12,1,91,40,30,7,46,71,77,16,85,19,31,40,17,2,63,69,76,91,100,25,29,26,31,22,0,43,90,2,14,86,67,45,83,51,15,99,2,75,85,35,58,62,81,64,89,92
82,72,85,19,26,79,67,56,21,43,29,79,70,73,21,26,37,84,44,43,8,33,45,99,59,24,12,69,82,10,10,19,80,39,38,14,30,86,45,19,41,29,23,82,57,97,72,35,90,24,4,10,11,66,47,41,98,7,66,71,77,22,78,24,66,51,37,57,2,20,78,60,100,19,32,56,50,80,41,54,36,29,90,13,67,67,91,35,11,21,93,77,89,26,52,22,80,12,69,96
37,7,36,12,77,5,84,28,87,91,75,43,83,36,3,94,76,100,88,80,68,34,41,55,25,98,55,93,11,88,32,67,57,49,84,95,68,74,23,44,11,15,77,73,33,41,93,14,48,47,69,59,92,4,2,68,61,18,7,92,76,95,79,11,95,80,7,84,83,53,0,11,32,87,95,97,87,18,85,68,27,39,1,63,27,6,20,15,96,83,76,45,36,2,1,97,71,11,69,55
30,64,13,92,67,74,89,61,50,3,51,58,43,40,20,59,34,45,87,46,19,12,78,77,90,91,67,76,16,34,5,7,70,7,57,33,0,89,24,75,58,52,7,38,4,89,96,68,79,48,23,18,15,69,20,99,6,33,77,71,79,40,98,24,78,14,89,41,53,2,14,68,38,53,27,96,24,45,5,22,18,18,6,78,35,94,16,47,41,20,6,40,32,59,78,76,14,56,78,59
11,99,77,42,59,80,36,51,24,48,11,42,18,32,59,87,10,79,30,1,41,7,0,46,84,87,51,93,46,83,40,52,1,25,31,49,99,84,1,66,82,33,86,8,28,82,44,18,39,79,39,89,90,37,85,85,57,60,64,10,86,6,9,71,83,69,93,2,15,64,83,14,48,75,13,43,8,17,74,41,25,14,63,30,48,92,47,79,45,30,49,63,56,32,84,5,56,60,34,96
68,1,17,82,43,69,32,80,15,40,55,81,94,92,38,39,11,11,9,70,56,28,62,71,92,14,94,87,80,58,96,29,64,53,11,64,56,63,89,11,17,33,72,26,19,66,45,87,43,30,58,94,89,22,58,54,40,43,73,90,22,36,94,69,35,13,31,27,52,79,5,38,43,68,34,27,69,2,67,100,42,48,99,8,84,84,44,34,22,65,87,96,47,15,16,35,90,89,88,89
28,41,64,11,11,37,5,12,47,84,38,98,0,99,54,10,32,81,86,68,16,51,73,57,77,26,48,78,60,84,81,0,23,61,63,56,94,57,91,36,61,39,51,21,25,71,86,28,0,7,40,43,69,41,13,59,39,52,90,15,63,95,31,78,60,72,93,53,60,17,69,40,45,93,66,33,87,80,50,80,88,54,17,100,18,94,10,49,12,87,50,7,53,72,35,24,18,16,90,4
20,67,61,6,5,83,12,8,56,73,41,62,86,45,9,45,100,54,85,1,84,5,76,77,35,88,79,81,77,51,73,62,48,13,90,37,10,12,8,19,0,25,17,25,90,79,51,88,21,52,34,3,53,98,39,100,54,18,63,58,100,12,17,84,78,18,37,3,30,63,18,73,15,65,50,80,15,22,69,66,19,3,17,54,67,1,91,39,20,32,50,6,32,81,65,94,71,56,31,49
53,2,38,26,76,62,65,23,17,7,47,28,29,79,4,77,56,66,59,66,53,7,11,86,29,80,12,33,50,15,24,45,56,1,37,96,60,100,47,47,85,37,6,84,15,54,43,86,32,30,86,23,44,62,25,19,93,29,35,94,96,9,67,76,18,88,25,51,81,4,10,38,22,68,62,50,11,25,0,73,59,35,83,37,76,32,20,38,79,71,72,84,14,53,25,83,23,42,89,9
94,5,47,54,12,48,67,64,59,37,78,98,43,52,23,11,63,86,29,88,79,77,56,19,1,86,90,9,84,85,74,37,23,19,81,94,85,46,87,28,65,19,7,28,7,12,25,69,22,90,38,80,88,21,63,1,61,79,77,75,94,31,45,69,80,74,72,76,89,76,62,56,59,72,54,37,67,62,87,75,50,26,71,50,21,49,35,24,78,9,90,40,8,82,84,5,91,92,23,65
61,38,94,83,77,77,81,18,4,71,55,86,90,66,44,97,59,11,9,90,73,57,54,86,45,69,54,15,55,72,21,49,30,6,82,2,71,97,78,65,81,36,97,43,67,59,81,39,66,72,50,94,48,68,61,95,56,39,9,8,31,0,99,4,63,48,26,8,58,18,84,0,92,45,79,80,17,54,94,49,49,97,62,23,59,84,53,84,87,32,90,17,100,61,86,86,70,0,23,83
27,9,97,46,34,4,58,16,47,42,26,73,20,68,0,25,41,13,88,4,47,29,85,71,55,12,61,47,15,83,64,3,24,23,11,62,95,98,36,98,47,86,32,44,99,56,81,74,42,86,71,62,78,77,90,60,54,47,88,87,14,68,57,44,53,88,22,23,94,1,100,32,92,8,17,58,55,56,85,2,39,34,62,19,21,32,13,78,95,66,78,25,91,71,88,71,81,88,72,35
64,98,96,77,76,9,32,9,42,95,15,94,91,87,69,76,94,11,67,98,55,81,48,6,52,83,72,61,5,60,32,95,73,75,60,35,34,51,66,28,98,55,51,52,22,58,17,55,36,1,92,73,77,31,20,14,4,15,25,0,20,37,40,3,56,20,15,45,88,94,27,25,22,98,39,46,12,57,3,35,7,41,23,16,44,87,78,49,6,82,51,84,10,77,44,4,24,65,99,47
28,52,44,80,68,35,78,44,41,55,45,84,83,54,54,83,40,14,93,86,15,36,52,85,54,86,67,89,42,89,61,17,0,73,46,19,72,13,77,58,77,0,19,85,54,38,39,84,47,47,52,38,21,7,33,97,82,84,53,56,73,54,42,22,14,80,44,94,6,20,51,22,1,39,1,80,89,99,52,80,46,45,34,73,46,0,24,76,60,100,58,99,28,25,49,57,67,13,33,69
80,71,5,96,84,96,35,8,11,34,44,13,14,81,2,56,89,67,93,99,22,87,7,57,74,46,46,92,96,95,84,54,14,44,71,46,6,9,66,79,65,42,16,64,67,79,95,99,53,90,23,71,100,58,22,8,10,38,84,26,51,55,8,80,3,7,55,33,80,96,35,79,3,39,42,63,36,18,70,48,17,17,75,70,9,65,87,1,44,62,30,0,38,95,65,59,75,20,19,82
36,26,14,1,66,24,97,66,6,9,26,56,83,72,93,71,79,24,57,9,72,4,98,18,80,63,4,10,14,98,28,36,61,27,54,55,25,47,63,78,74,39,47,1,41,77,69,92,14,54,80,59,51,29,88,13,68,83,64,27,14,22,19,87,35,97,46,17,16,4,85,85,39,55,54,13,63,96,2,36,84,39,37,18,79,100,25,89,12,97,10,51,95,64,55,85,88,21,26,88
15,6,49,87,59,73,73,39,19,69,32,19,61,43,31,60,28,50,46,10,65,97,100,72,10,47,62,45,45,12,23,13,75,46,11,64,90,25,92,7,46,77,16,60,92,74,30,23,97,85,30,55,13,91,35,27,16,95,14,38,52,73,15,60,61,2,5,9,46,35,65,100,7,20,41,41,52,29,67,60,58,49,29,74,18,87,39,62,23,54,66,63,22,29,44,21,32,52,5,5
83,34,70,98,59,77,38,78,15,67,66,74,75,48,43,34,36,57,61,76,63,42,60,64,71,55,49,95,73,55,36,46,94,5,32,41,100,39,0,48,49,57,4,76,87,53,67,70,8,42,33,43,43,40,32,97,78,100,64,56,47,40,34,98,54,20,5,6,93,75,29,28,80,10,15,79,61,77,39,40,90,97,68,51,44,31,56,58,54,35,57,15,71,7,74,13,18,38,40,91
42,89,82,41,45,90,23,76,48,16,45,71,7,42,53,61,6,24,29,5,57,2,24,25,17,48,48,45,49,58,37,38,37,17,87,72,75,29,19,43,10,58,14,80,88,22,53,2,73,84,61,33,89,67,31,30,59,76,18,80,84,63,58,55,3,63,76,79,76,69,68,8,17,11,73,86,35,50,22,34,79,92,45,14,45,49,39,27,24,13,6,97,95,26,67,100,98,53,3,45
93,66,66,11,61,67,24,66,13,19,36,87,0,33,40,42,25,32,63,31,6,88,84,75,33,29,92,58,27,23,39,67,94,35,27,31,53,85,84,9,77,84,42,96,10,2,75,37,4,66,47,99,45,81,60,95,26,96,90,1,61,0,45,74,7,42,2,18,41,80,45,11,89,64,64,14,18,24,84,83,47,93,34,73,87,100,73,20,92,69,99,56,56,6,60,46,85,35,41,4
2,69,60,48,26,17,59,38,57,82,42,18,64,20,40,93,10,50,78,51,20,9,70,53,43,48,12,24,10,29,94,15,13,96,50,58,86,54,49,45,92,69,29,22,24,82,24,32,82,0,48,33,67,36,100,47,28,96,65,93,48,60,72,73,51,14,24,4,66,17,12,35,99,37,73,66,52,13,33,0,61,82,66,34,43,61,77,41,58,71,83,42,18,64,62,25,37,81,7,19
28,99,85,43,6,23,96,4,91,67,29,63,62,17,26,62,31,86,26,54,86,22,46,54,45,62,1,9,79,41,77,11,50,28,65,49,23,86,28,34,15,5,59,81,94,99,29,74,57,23,62,88,95,75,45,92,28,0,74,16,83,87,93,42,54,13,58,80,18,1,66,52,53,27,47,66,20,10,9,25,24,89,42,68,53,18,24,60,41,20,29,32,73,50,38,89,23,12,65,36
18,58,15,62,72,66,41,96,49,13,61,13,42,34,55,91,9,17,92,49,21,10,9,21,17,93,17,24,42,43,52,63,41,1,14,97,55,93,32,58,43,48,43,75,87,73,32,34,43,40,33,99,68,14,38,37,65,59,54,51,69,1,12,86,11,77,22,66,7,69,64,23,80,10,35,28,93,60,81,30,2,33,23,22,76,48,4,50,83,76,9,32,91,10,79,88,18,10,21,19
10,19,97,24,46,85,32,73,99,49,80,27,23,70,22,79,86,40,32,30,83,53,64,80,56,16,95,64,86,75,57,44,91,41,52,15,90,23,59,79,13,14,26,85,28,91,24,93,70,8,3,94,2,63,65,73,5,61,65,46,93,43,68,20,29,29,9,64,73,89,26,38,84,14,66,88,9,11,45,3,12,4,61,59,87,62,25,26,68,9,81,12,55,93,90,38,98,26,82,62
92,52,69,21,14,8,72,99,65,45,36,71,32,91,46,98,45,89,66,81,96,66,53,3,16,66,0,90,45,39,49,71,14,49,99,31,90,36,42,81,5,92,11,81,41,4,47,83,40,94,36,38,74,7,72,77,63,32,11,8,35,94,54,94,63,11,41,33,3,87,46,23,28,45,67,71,23,24,81,36,75,62,33,81,26,6,69,99,57,64,54,1,31,59,26,100,4,31,41,40
73,74,22,60,40,34,24,12,69,19,34,29,47,10,6,77,53,66,6,18,87,41,97,14,97,82,94,88,12,78,87,87,60,14,99,31,22,91,32,4,8,69,35,63,41,66,36,45,30,73,12,10,94,27,65,99,28,0,16,40,87,20,88,11,63,75,7,20,100,88,68,52,61,58,77,31,30,78,43,12,6,52,61,47,66,46,38,57,75,55,95,91,49,61,45,92,28,36,40,65
96,47,75,17,15,55,67,29,49,20,50,59,2,54,68,10,13,50,89,7,24,85,69,77,94,73,28,32,1,81,16,85,64,83,96,99,36,36,30,42,21,9,39,18,60,91,1,31,37,54,92,37,17,65,60,34,90,56,85,34,63,53,64,22,68,41,94,50,4,66,57,67,41,77,46,76,32,36,1,4,91,39,60,0,45,51,24,76,64,35,35,93,39,83,88,44,23,65,22,38
21,41,83,35,39,71,41,57,38,15,66,7,91,96,27,38,9,45,64,63,56,25,22,61,73,50,25,56,85,64,93,31,19,68,99,27,22,86,69,64,22,44,26,61,7,28,49,90,75,73,20,94,6,32,52,60,62,97,10,42,19,78,62,95,34,82,85,77,7,83,98,31,29,1,24,25,6,37,26,27,88,37,38,23,13,7,47,16,18,29,6,29,61,84,59,63,64,17,31,20
0,45,80,92,76,62,93,48,22,26,68,38,27,28,51,91,81,42,47,51,13,4,74,67,90,100,99,42,36,82,16,69,31,85,34,44,27,44,23,33,9,41,44,98,36,30,90,56,23,18,33,90,89,68,40,8,15,85,84,69,8,68,45,40,2,44,61,83,94,90,38,85,63,52,71,40,37,64,48,59,95,67,4,19,99,12,82,46,42,31,40,9,23,69,7,89,97,17,54,13
93,23,76,66,0,28,2,91,25,75,42,71,56,77,13,26,74,45,82,48,59,5,3,27,62,40,37,72,94,70,90,21,72,74,63,79,11,41,21,63,78,66,18,57,65,8,58,65,88,74,90,35,24,7,72,79,23,2,50,51,48,20,14,90,84,80,15,100,34,90,88,25,89,74,36,1,38,72,47,2,2,81,21,53,63,21,67,72,85,27,83,3,27,38,66,93,83,63,81,52
52,96,88,82,8,31,57,98,14,11,31,41,19,63,94,66,45,71,9,20,67,20,58,68,83,70,17,62,94,20,76,80,96,71,93,51,24,69,33,5,47,41,61,17,41,68,16,60,57,42,34,38,26,10,79,90,5,36,29,30,21,9,63,68,46,39,85,44,95,20,34,26,3,11,53,30,5,88,93,32,34,33,37,9,98,18,64,18,70,26,42,93,59,62,90,68,20,11,21,27
99,32,35,36,100,91,31,64,86,23,56,59,33,81,45,69,26,56,85,87,100,21,30,41,52,36,30,46,90,37,75,25,82,47,30,68,73,78,18,89,45,76,20,37,28,79,86,11,68,3,14,21,25,46,62,17,56,97,77,49,3,19,94,19,51,19,32,1,89,98,78,96,77,70,6,39,21,57,32,58,53,59,17,37,11,13,74,14,77,79,16,89,93,24,24,43,76,8,60,44
24,90,8,58,40,78,80,1,15,82,23,47,67,12,99,67,32,1,3,59,49,12,95,30,86,57,73,9,2,13,90,78,17,2,16,86,13,81,78,7,55,48,29,54,16,59,17,56,74,49,8,54,56,2,74,20,95,73,35,55,77,29,24,66,20,10,13,95,19,16,31,44,31,76,86,34,74,72,8,68,85,17,47,58,76,61,89,67,75,91,18,83,92,4,41,50,93,22,33,19
36,21,16,46,30,89,87,38,83,65,53,94,99,94,100,49,86,65,52,97,39,84,30,100,71,39,38,96,52,27,41,71,66,30,98,19,15,100,97,43,40,6,19,61,38,75,17,4,73,63,80,88,90,48,68,50,2,22,5,93,59,85,38,65,21,98,90,66,89,41,78,39,84,83,60,99,52,9,98,51,77,55,93,38,32,30,66,87,60,93,35,63,93,21,23,50,68,6,42,26
82,93,30,66,47,100,36,63,93,35,88,83,51,85,89,22,89,54,41,49,60,50,70,75,66,44,12,27,73,5,32,19,11,81,45,79,2,91,31,3,87,32,20,31,95,14,50,69,29,62,85,9,55,4,24,13,90,31,55,26,0,77,41,68,65,53,64,81,7,74,72,54,57,70,71,68,3,77,34,78,46,64,53,14,56,100,29,44,37,68,20,27,90,35,54,50,71,23,54,89
74,89,51,12,99,1,18,5,48,97,15,5,43,48,19,6,37,51,30,40,78,28,60,35,99,76,9,82,29,41,16,16,70,40,72,22,53,62,88,32,4,64,16,88,59,84,48,68,47,7,24,47,93,29,10,23,59,26,49,59,71,27,34,20,65,1,85,65,57,62,43,38,5,55,2,74,100,10,95,19,21,13,71,31,75,4,66,43,95,87,18,55,6,6,40,37,35,35,99,82
27,44,52,6,91,12,34,71,9,23,74,90,40,83,11,35,73,70,90,99,97,13,100,87,29,16,45,55,63,20,54,98,56,70,88,72,82,67,78,4,72,13,84,21,27,81,99,43,17,48,89,16,97,56,67,86,39,58,66,43,62,81,93,55,22,93,77,1,78,42,34,77,20,87,21,1,7,31,68,6,40,25,37,8,70,49,0,98,69,40,69,27,79,12,94,52,82,5,36,85
64,84,27,47,3,47,33,27,99,87,49,73,90,46,68,92,84,58,10,38,4,72,97,37,6,74,62,67,36,74,90,72,68,97,87,68,61,80,49,7,29,11,96,12,28,62,13,96,32,81,14,69,70,95,98,17,10,72,100,3,0,36,8,91,54,49,22,21,35,74,52,4,42,15,35,11,31,72,13,64,95,86,59,45,40,78,23,77,49,90,50,13,26,70,4,58,88,70,83,49
57,75,84,76,92,47,96,57,20,19,51,53,49,93,26,56,14,83,15,35,76,11,32,8,41,4,38,72,13,52,74,45,71,6,19,90,55,63,14,36,39,56,26,72,35,68,53,32,20,94,96,74,51,52,12,1,92,50,8,27,33,46,5,75,82,12,3,19,30,2,67,72,37,13,17,93,39,61,23,87,11,99,62,71,19,55,6,75,94,24,72,65,22,15,86,6,75,79,46,89
41,81,6,50,22,12,48,17,38,44,0,25,90,6,41,33,5,24,91,23,8,20,85,44,74,18,41,26,52,8,21,3,46,33,92,25,98,48,14,24,26,48,83,73,45,43,72,51,61,59,24,46,89,9,22,81,53,89,85,88,83,88,69,88,97,98,17,60,56,81,76,82,60,81,98,70,48,95,33,70,59,37,12,54,21,48,50,69,77,54,91,79,94,8,92,91,24,62,57,41
6,19,60,94,70,78,100,54,89,58,8,28,62,70,71,100,95,15,82,44,29,96,28,4,27,63,40,61,47,65,10,15,75,60,46,17,42,100,7,48,0,48,32,88,93,13,48,11,26,37,56,4,36,9,86,15,13,35,89,74,30,78,59,81,92,84,12,14,77,45,77,89,3,30,70,48,33,38,99,87,37,62,81,8,16,69,72,81,41,58,11,86,45,62,95,32,31,7,55,63
95,60,29,9,9,29,5,34,77,77,53,77,71,66,72,45,67,28,20,20,78,48,87,2,33,18,31,50,65,16,89,84,74,35,48,87,29,70,65,99,71,48,8,81,23,29,74,39,45,82,8,38,70,69,15,97,72,53,86,24,37,2,2,53,20,39,20,11,41,62,78,51,15,99,68,17,11,63,98,51,24,96,11,35,47,2,50,10,76,19,19,74,1,81,13,86,91,77,23,64
74,5,63,98,91,70,11,72,87,92,24,67,42,79,66,22,9,36,14,40,94,8,60,88,86,2,30,7,34,30,44,70,94,1,56,71,33,54,16,46,58,74,92,14,58,32,15,54,62,1,84,65,14,65,83,85,6,18,42,40,63,37,79,51,9,55,0,60,2,55,10,18,57,92,67,13,12,89,55,66,76,49,23,86,55,21,44,17,2,14,77,10,64,27,89,46,75,41,0,62
85,99,53,8,40,26,88,47,47,7,69,54,23,40,6,94,26,72,3,11,98,30,71,31,76,71,96,72,63,63,57,67,6,56,91,37,64,79,5,76,94,3,35,56,3,100,15,25,35,51,11,6,66,24,11,29,21,92,28,63,36,72,2,46,73,96,95,80,54,69,92,8,59,61,92,31,61,81,83,0,36,63,2,51,93,25,5,16,74,91,78,20,60,54,48,78,13,68,41,84
0,4,32,74,36,66,94,95,15,81,43,87,78,22,90,58,23,51,39,43,21,62,69,16,61,83,5,82,5,36,64,83,30,91,98,50,99,39,51,42,15,46,46,56,62,82,77,78,37,64,51,33,75,16,25,84,27,44,57,34,93,55,42,57,65,82,79,43,99,76,94,32,69,26,1,51,11,2,87,51,25,96,60,95,74,14,42,41,17,66,42,62,22,59,24,68,44,99,0,21
52,4,29,18,20,37,66,14,72,52,53,46,61,32,79,91,40,23,79,48,48,63,59,16,83,57,76,32,74,86,91,55,12,5,19,24,9,31,70,51,2,37,15,32,53,2,26,60,80,97,4,79,72,100,26,89,18,77,3,10,77,99,42,42,96,100,83,29,32,45,32,54,16,55,64,58,25,9,28,0,33,83,3,8,82,89,55,35,57,61,94,10,100,58,98,50,16,8,71,27
64,7,71,14,90,95,89,9,34,1,22,1,62,11,60,95,31,30,35,0,69,53,97,29,78,55,78,90,42,75,11,44,43,5,84,34,74,93,50,36,6,15,61,19,83,94,92,56,94,21,50,41,97,65,32,65,15,9,65,92,24,79,95,88,63,7,23,92,28,76,43,68,96,98,50,82,26,19,76,73,85,11,47,96,29,32,32,62,25,5,73,19,25,57,81,96,63,63,37,28
17,36,35,95,53,31,97,37,23,82,17,97,73,67,89,0,7,93,24,19,79,53,77,99,86,26,41,83,96,48,55,15,49,43,87,33,18,54,22,65,73,49,80,25,3,25,8,98,72,74,71,27,11,2,8,50,66,72,22,43,37,59,7,94,99,39,83,99,50,78,85,53,80,15,58,72,73,6,38,66,34,72,71,63,32,96,75,94,19,76,47,21,69,23,64,20,60,80,76,35
6,10,68,21,84,24,19,2,63,26,96,2,5,3,65,69,23,30,71,8,99,37,29,70,16,21,62,64,48,52,31,92,13,36,62,12,51,17,50,64,5,3,61,10,39,3,60,74,35,98,84,41,71,3,19,36,28,10,28,84,66,46,17,98,50,68,4,15,52,69,33,29,57,29,8,87,89,98,14,54,83,57,74,7,18,53,33,99,45,13,70,14,97,43,27,77,47,11,50,63
95,82,36,45,63,56,43,6,12,89,76,73,90,36,67,6,99,37,24,85,95,72,95,71,27,91,35,95,91,94,61,83,28,8,25,89,21,36,46,38,46,44,70,13,72,60,35,39,13,8,40,76,25,21,94,97,59,3,97,59,31,88,13,56,68,96,75,21,65,29,60,10,52,67,60,37,97,69,13,43,13,86,64,12,31,50,2,100,58,91,21,21,55,79,45,38,44,76,65,61
9,54,9,68,64,77,5,72,91,53,53,4,2,66,1,79,77,58,92,86,45,61,9,82,25,47,91,9,93,12,57,31,26,25,80,96,57,19,39,11,97,89,41,32,48,83,96,85,59,52,8,67,39,78,4,92,50,60,99,84,63,59,39,38,41,56,42,1,68,44,27,82,82,65,91,83,67,32,21,50,71,95,19,37,10,62,30,68,42,3,45,77,36,52,65,12,67,45,69,66
48,8,86,1,13,90,43,62,40,64,95,60,57,25,71,90,55,63,10,3,50,17,48,53,7,49,45,79,48,49,37,8,1,20,78,52,62,7,24,16,93,90,80,24,87,80,77,70,67,66,71,95,43,20,91,45,54,90,93,29,79,51,56,6,6,7,30,45,34,61,0,60,98,33,93,77,2,25,87,80,88,74,34,76,35,40,80,38,43,52,43,22,61,99,95,83,79,9,53,94
87,54,72,65,89,36,28,31,40,58,72,77,22,92,84,73,47,69,9,45,51,67,23,38,89,90,36,81,95,64,61,44,73,84,57,76,97,62,5,42,41,78,5,68,81,63,3,56,17,43,16,14,94,92,53,6,5,27,37,42,12,36,94,22,38,74,81,67,26,49,85,93,10,35,34,84,9,33,86,56,27,88,44,43,82,27,15,73,35,64,60,51,48,25,22,24,75,46,27,68
63,71,55,22,1,64,82,74,72,57,50,96,11,27,93,17,100,17,25,25,15,79,48,34,82,86,26,45,14,7,17,80,26,95,79,87,43,75,72,3,16,85,24,33,27,47,64,43,34,65,15,23,65,68,17,99,39,1,37,36,30,69,37,59,28,23,97,56,11,78,54,85,45,68,11,60,100,16,18,27,32,94,63,90,16,98,1,98,88,41,73,98,17,7,15,21,64,78,15,79
97,24,13,89,44,91,74,68,43,46,71,74,88,4,17,11,39,95,47,90,88,29,100,95,54,73,40,64,55,9,46,62,63,84,8,59,61,36,92,30,47,90,90,48,100,40,80,48,79,29,85,41,88,74,60,31,82,23,83,4,27,57,23,66,100,76,94,41,35,84,5,57,12,52,30,39,77,59,96,13,85,15,55,10,39,13,9,88,38,28,36,33,13,79,81,4,46,8,68,13
94,60,31,55,74,52,35,8,93,22,78,36,69,64,63,5,13,1,74,45,3,36,26,65,23,15,66,98,30,100,48,36,27,8,86,6,89,71,70,81,91,44,36,91,87,3,58,60,43,75,35,2,98,41,85,99,90,69,51,88,96,93,93,21,91,54,42,82,88,74,16,32,46,60,44,49,73,26,58,100,69,54,80,28,24,16,22,25,45,6,53,33,68,81,7,69,95,52,78,31
49,83,86,74,52,14,60,14,58,2,39,79,27,61,68,23,11,85,93,95,93,16,18,86,17,16,10,22,23,79,8,60,84,25,40,56,31,64,43,70,14,31,96,35,62,88,60,98,6,85,81,82,20,58,42,85,73,91,19,25,33,49,100,17,38,90,38,39,18,20,49,98,17,57,67,19,48,75,97,59,16,43,80,94,78,95,10,25,36,71,13,91,9,97,79,53,25,26,87,47
46,70,33,4,92,72,78,71,39,8,43,47,89,64,19,24,23,53,86,26,36,92,16,68,42,30,21,95,89,32,1,27,49,9,96,31,75,67,70,91,39,58,57,26,33,74,98,52,57,53,96,86,65,87,58,94,73,72,86,52,3,20,82,43,15,27,50,36,45,0,19,42,86,91,40,78,38,8,52,17,22,86,4,3,48,37,84,86,16,20,71,89,53,2,3,10,44,0,83,69