6,51,98,5,6,72,14,98,32,53,1,37,76,76,79,31,57,30,75,30,87,55,48,2,70,95,50,72,76,18,81,64,29,29,35,29,73,46,34,85,77,76,3,34,75,81,53,14,15,65,23,44,20,56,6,70,36,31,86,5,60,73,55,8,29,26,98,73,92,37,49,86,100,59,38,4,100,1,4,91,51,6,35,79,40,94,25,63,69,7,85,32,82,100,3,76,38,62,89,53
54,91,72,14,32,61,9,7,30,64,99,11,88,70,24,10,63,73,62,16,42,90,44,64,84,46,71,40,76,24,85,93,67,1,20,7,91,83,49,78,70,15,20,2,67,28,24,17,82,53,67,76,15,64,1,14,7,51,12,84,6,38,23,13,28,91,90,6,65,68,94,78,29,62,55,99,57,33,41,95,67,4,32,94,90,70,94,16,62,71,29,33,11,60,98,82,83,32,88,69
85,1,85,45,84,26,57,13,58,36,98,5,91,94,47,37,42,49,48,52,1,60,99,41,93,79,91,10,35,60,32,49,81,67,27,18,47,67,9,52,55,1,31,26,48,61,15,90,96,58,86,90,44,90,72,20,93,44,7,91,12,83,48,73,85,61,51,100,90,1,7,33,9,57,57,4,90,57,87,55,46,1,20,43,35,47,5,51,62,33,29,14,39,0,77,87,82,58,43,18
24,86,79,52,34,51,22,45,39,0,0,50,6,26,13,82,17,43,30,75,44,73,83,74,92,66,51,99,94,85,26,10,94,74,20,39,72,76,67,12,95,43,95,60,51,57,13,65,6,81,29,60,87,57,58,69,4,81,5,22,72,64,44,88,40,37,81,47,5,95,82,97,81,48,74,38,26,61,35,74,93,56,39,7,55,35,25,92,47,54,20,81,14,81,82,3,70,3,11,4
2,76,52,60,37,14,55,1,36,29,43,52,46,76,88,51,17,73,72,6,96,92,19,26,78,70,80,55,42,79,56,61,53,18,61,1,82,92,49,1,89,29,67,11,33,20,97,44,93,57,83,77,90,75,98,47,23,88,9,93,24,24,23,47,12,78,8,51,71,63,25,80,24,78,98,55,66,9,34,81,52,11,2,78,18,52,100,57,61,89,37,20,30,19,15,99,15,69,61,7
34,36,95,46,29,76,77,20,94,52,1,77,57,61,97,84,76,51,91,70,54,37,28,91,56,28,67,60,26,89,100,18,82,14,0,39,21,79,32,41,13,77,18,71,29,13,3,35,38,2,42,41,53,43,81,53,58,70,69,23,34,98,16,30,62,85,48,34,19,36,32,39,56,55,45,8,40,76,57,84,14,38,78,17,55,80,28,13,88,24,79,45,26,14,9,73,63,76,62,29
54,8,36,81,49,81,59,90,72,90,15,75,80,11,33,73,16,40,41,26,76,4,95,63,88,89,5,68,92,59,38,68,15,93,74,74,97,27,28,9,80,26,47,3,76,76,86,36,88,62,11,60,48,98,47,76,11,33,80,52,96,66,61,79,28,31,29,48,85,72,10,79,74,61,60,42,87,49,23,1,30,86,85,10,16,92,89,97,15,82,46,51,49,47,74,19,67,5,99,14
66,94,44,4,44,11,63,76,82,27,28,22,91,17,45,53,99,11,89,76,73,73,26,8,6,63,28,58,86,23,64,48,64,31,62,12,83,40,80,67,99,41,10,49,19,58,62,56,86,84,96,42,6,84,55,35,45,63,61,66,40,92,54,69,92,70,29,19,72,71,67,11,72,75,66,54,48,25,82,19,85,43,94,98,20,82,20,35,30,16,43,11,3,7,63,31,29,40,21,71
10,54,51,56,4,89,17,57,79,34,75,91,40,86,35,52,48,21,48,67,40,56,22,45,45,100,77,64,49,65,13,84,82,71,10,70,77,77,100,9,17,72,64,2,19,37,27,19,14,74,34,71,54,66,65,80,39,53,17,73,3,70,20,56,38,69,49,23,59,46,32,86,70,68,55,71,22,92,95,94,91,47,49,68,55,63,7,100,1,67,50,14,61,36,63,99,46,54,74,91
75,42,40,88,53,30,48,37,27,85,10,81,20,70,0,14,61,43,95,33,62,33,67,34,79,57,25,42,92,59,83,46,55,53,79,43,48,11,27,44,46,18,15,13,86,12,64,39,89,53,16,13,64,94,19,71,1,1,58,5,94,70,32,88,96,80,28,34,24,17,2,18,68,73,92,94,61,77,91,12,53,99,46,100,76,16,94,11,80,19,74,15,66,14,61,98,31,71,11,93
49,11,77,16,6,10,92,6,50,51,48,89,100,19,75,89,7,24,83,56,23,35,75,15,0,29,93,69,6,18,56,60,12,58,51,93,62,67,46,51,78,90,82,4,53,83,98,78,80,46,60,71,24,35,37,99,1,8,66,75,36,3,43,34,81,73,73,34,78,16,42,44,19,89,99,59,61,59,63,27,7,30,6,9,73,81,63,57,10,89,74,61,3,49,79,39,86,99,21,10
46,76,96,62,61,19,32,99,88,87,31,14,95,41,87,90,98,77,43,48,41,81,67,60,30,76,7,22,43,56,61,46,4,17,25,17,66,97,32,23,3,66,88,13,85,27,51,79,1,90,85,60,12,22,85,80,84,17,40,74,37,36,87,85,52,15,14,84,3,28,94,9,2,23,73,60,10,91,65,11,63,22,85,94,51,68,53,12,100,92,34,77,14,9,62,6,62,37,88,71
22,72,23,64,66,4,63,18,91,74,29,1,5,25,30,45,51,76,51,72,99,88,27,12,98,57,73,29,98,69,39,95,78,92,87,43,20,76,35,11,68,24,94,30,85,90,58,89,24,97,51,18,15,7,93,14,75,98,75,25,21,89,55,9,18,96,82,90,88,4,9,29,3,65,51,76,82,11,2,3,51,57,99,23,49,84,89,95,42,16,17,9,68,90,59,4,39,25,36,98
1,88,55,86,15,17,16,23,50,51,39,88,46,18,69,24,13,12,55,74,26,11,75,47,68,24,13,95,46,95,28,99,73,19,64,36,59,3,4,32,51,58,53,62,5,14,1,69,78,58,3,85,75,63,77,99,0,10,94,95,97,96,12,87,30,82,14,81,24,45,46,7,72,46,96,50,45,50,88,95,45,33,55,84,71,44,4,88,81,62,89,27,31,93,76,96,22,94,26,86
58,48,88,84,40,0,83,75,17,92,6,18,29,89,67,16,77,70,83,67,75,91,64,81,12,93,24,5,31,45,56,76,30,53,60,17,33,67,93,53,25,70,46,5,38,29,45,38,70,98,4,51,60,28,84,83,18,29,49,71,86,87,83,90,45,46,47,97,29,95,95,97,29,24,12,34,47,84,78,88,82,4,15,30,25,6,84,35,82,79,90,13,71,23,31,11,43,94,71,7
46,40,90,23,73,62,92,35,78,47,98,37,82,20,71,72,41,62,31,32,25,48,42,59,48,93,32,44,45,94,38,40,98,54,11,99,91,62,28,25,39,95,90,68,93,14,97,5,26,99,28,81,36,1,52,15,20,7,38,19,72,78,15,91,8,89,100,74,32,4,9,73,29,6,77,82,13,77,68,82,3,34,2,18,100,70,61,100,22,99,86,96,60,8,89,49,18,7,58,29
61,91,28,80,96,26,46,21,72,76,86,56,54,18,60,100,78,83,77,26,51,44,53,46,41,53,68,81,100,37,38,57,83,4,1,30,81,15,61,80,42,22,18,26,59,70,94,66,52,27,59,96,39,8,46,47,66,65,59,20,31,61,87,16,54,48,66,8,61,30,44,43,97,78,42,25,51,96,72,0,19,91,97,59,24,14,31,41,94,29,69,52,26,74,57,2,72,27,42,35
46,7,75,79,65,100,79,70,77,61,49,68,43,6,52,90,55,78,73,10,46,6,96,18,91,79,64,78,31,84,76,93,7,78,62,97,4,95,58,65,26,75,46,65,86,55,87,17,90,75,83,93,9,64,15,39,74,92,25,85,28,32,70,76,78,23,38,15,32,61,11,91,62,31,58,17,90,19,30,28,23,63,53,97,44,30,48,88,62,19,98,50,19,79,87,17,55,52,6,97
62,94,94,38,67,96,8,12,58,76,52,6,92,89,83,0,8,92,23,90,17,58,88,37,76,36,30,28,35,1,12,98,77,11,87,42,96,67,54,64,2,14,98,80,70,83,43,30,89,30,9,39,76,92,56,5,12,84,88,31,2,20,82,48,83,51,62,34,46,93,5,87,90,15,77,99,68,35,44,49,47,67,18,87,89,44,33,75,3,81,11,84,85,63,70,19,42,14,44,61
98,52,2,34,43,90,9,14,22,34,45,38,13,72,74,72,7,16,55,68,24,24,39,62,73,71,87,9,66,7,45,4,11,62,66,83,59,69,2,8,31,14,75,74,39,7,31,40,82,87,75,99,83,1,24,11,63,50,90,34,80,38,82,14,31,75,1,63,26,69,19,5,46,4,6,28,85,18,56,39,38,7,41,40,1,46,99,31,30,23,24,52,59,78,73,60,33,37,47,41
25,21,40,62,83,21,30,90,60,1,11,48,81,0,99,75,67,94,76,60,17,3,53,31,34,30,43,62,4,83,79,29,21,7,84,80,16,95,48,96,81,60,31,81,96,62,24,78,11,93,41,19,62,41,48,65,55,64,89,62,31,30,65,7,21,86,31,96,98,72,69,68,47,25,73,0,52,51,2,49,31,72,63,77,15,53,57,73,59,10,5,61,77,87,60,83,47,2,47,70
15,9,5,23,12,33,75,79,49,5,41,99,97,27,97,95,67,23,17,0,81,43,11,54,72,35,79,71,86,12,0,48,84,18,56,17,71,29,17,88,48,81,73,11,52,23,46,97,70,45,89,34,87,93,82,38,88,36,30,52,91,98,30,57,60,63,34,27,97,51,26,48,15,81,25,41,88,38,17,69,58,58,43,11,57,25,43,69,67,49,29,70,6,85,100,24,43,80,48,70
61,78,80,5,82,13,2,18,30,50,24,47,59,66,51,71,11,69,29,0,7,41,64,73,63,20,5,25,78,10,40,7,50,5,20,97,22,100,75,70,75,75,7,0,44,14,81,31,40,90,32,4,65,58,40,24,8,66,58,17,3,25,29,23,77,1,95,24,35,40,75,23,22,10,3,17,84,50,86,25,93,79,99,0,67,88,30,91,34,79,55,89,55,38,32,51,0,91,6,82
49,32,97,73,24,90,65,91,33,90,90,15,53,37,66,77,60,56,69,49,40,9,18,23,59,100,86,45,37,7,34,35,33,24,94,55,24,65,90,44,25,62,4,38,22,67,24,63,39,98,3,92,57,60,15,97,59,6,54,38,100,98,57,72,12,93,3,50,84,42,14,54,74,92,63,49,88,34,75,87,1,58,60,24,24,58,85,63,18,30,0,14,35,67,80,94,31,46,53,28
98,11,58,57,47,37,74,97,51,17,34,3,83,0,38,83,47,92,86,84,10,17,4,73,5,23,36,32,48,34,2,69,40,45,96,52,41,62,92,11,8,80,4,44,4,16,100,5,41,33,35,78,18,99,76,26,8,9,68,50,84,67,88,0,9,57,89,98,47,99,69,15,93,8,84,45,80,100,63,28,56,53,70,30,98,75,17,76,59,21,5,35,77,10,71,40,48,94,89,72
6,30,40,16,57,52,19,64,51,13,61,3,6,65,89,7,7,64,84,44,19,19,71,32,12,42,57,99,77,15,49,26,86,8,71,28,31,64,5,52,41,35,33,90,23,96,10,59,91,33,59,76,27,3,73,86,61,39,97,98,84,42,80,33,89,6,72,28,62,87,78,43,56,45,17,85,36,41,43,90,7,11,93,71,65,44,76,88,53,80,92,25,100,51,18,16,89,46,40,29
98,42,76,74,29,45,54,31,55,8,99,75,49,1,5,84,18,44,9,90,87,38,13,5,9,40,97,36,57,81,52,68,14,77,2,25,73,5,34,78,39,48,30,1,97,94,22,58,100,96,60,6,81,74,32,3,77,80,70,83,6,90,22,66,0,21,92,22,45,50,65,12,67,17,17,16,28,100,50,94,4,40,42,81,79,92,97,64,64,24,0,40,65,42,11,21,47,90,100,25
71,49,37,47,2,31,91,52,19,16,31,17,55,6,90,11,51,41,66,61,99,2,56,0,68,75,3,0,53,82,95,36,55,53,82,24,90,97,54,22,47,48,32,70,86,94,9,76,57,36,0,58,21,6,65,0,23,86,57,29,28,83,73,5,34,50,90,2,14,7,9,14,13,24,43,67,27,8,59,76,38,99,4,80,93,59,34,75,67,52,75,20,100,82,96,66,21,2,97,74
18,10,27,1,46,91,13,75,41,10,43,7,45,10,62,26,7,64,52,50,19,13,16,68,61,38,85,37,83,45,21,41,81,38,13,88,42,91,81,77,97,71,7,24,38,28,48,56,35,3,79,90,7,95,48,57,75,42,34,18,66,22,57,31,14,23,21,2,43,61,46,87,21,12,20,5,87,96,71,14,62,68,26,91,77,49,50,19,66,57,86,89,21,13,38,56,8,95,90,4
89,46,36,35,68,96,93,49,43,3,99,70,31,20,65,47,24,7,21,81,56,68,90,9,51,5,45,75,99,77,89,70,42,27,48,79,79,71,60,4,63,62,57,18,30,70,4,65,80,84,49,77,82,84,6,39,67,99,56,9,94,90,57,20,48,35,1,61,60,26,99,83,45,15,20,32,31,71,27,31,13,95,87,3,71,81,54,24,37,60,21,47,32,1,16,76,23,46,78,37
19,100,25,98,58,67,34,81,39,70,46,53,22,96,74,6,92,49,50,70,93,75,65,1,67,87,52,90,3,17,84,2,66,15,55,13,79,61,42,64,57,84,56,38,28,70,34,92,19,95,23,8,30,22,73,67,92,12,73,10,23,58,33,42,86,30,20,32,55,42,47,67,10,11,1,17,41,76,50,100,71,89,45,58,71,55,62,9,37,8,98,93,34,85,38,24,82,3,100,82
95,99,22,90,100,78,58,99,58,76,40,30,25,23,59,11,10,27,5,78,32,69,79,47,15,1,74,98,38,13,74,88,46,31,81,79,96,27,39,47,38,69,9,19,14,50,87,27,47,95,93,11,29,83,35,41,58,62,89,28,95,67,96,57,43,52,7,40,87,62,80,37,82,15,26,82,43,75,15,12,93,61,9,47,59,85,32,13,95,70,46,69,57,70,70,2,57,65,45,34
8,65,80,26,83,5,51,27,19,94,31,57,75,74,73,19,97,63,89,84,34,12,84,34,2,44,89,78,40,86,83,74,19,5,76,69,36,9,16,42,28,2,95,33,39,53,95,58,52,25,18,5,7,27,47,40,53,25,51,14,1,40,24,63,20,99,77,99,64,12,55,73,98,84,3,73,60,96,17,60,6,64,2,78,83,60,61,43,86,4,5,97,63,97,84,69,91,91,33,28
5,57,42,32,42,41,24,95,40,71,62,94,30,93,45,15,64,52,31,26,4,27,69,89,69,55,20,65,43,96,66,73,90,57,63,82,17,22,88,86,6,89,98,49,91,52,54,48,49,6,53,64,28,61,33,36,53,85,22,58,24,30,89,78,39,14,92,12,29,96,21,3,96,64,57,99,66,23,36,75,46,70,41,92,82,44,91,89,30,9,64,37,7,91,12,49,17,18,98,32
20,70,47,85,2,71,74,48,90,39,9,80,61,67,61,58,47,17,16,11,1,19,17,25,12,17,68,64,90,5,94,77,61,68,2,94,83,58,36,68,80,93,89,27,42,87,71,15,81,73,47,1,27,42,16,81,80,70,94,62,59,7,74,1,91,2,10,5,67,50,49,0,83,22,58,21,70,33,89,42,63,3,81,29,17,5,8,38,13,87,41,93,30,82,30,54,93,21,63,34
75,57,57,80,59,60,9,26,77,91,47,70,94,13,9,39,13,91,63,62,42,41,0,94,59,74,47,79,23,62,0,66,25,70,17,9,55,55,19,31,98,16,58,16,74,40,55,49,27,13,14,82,90,40,54,47,57,94,28,94,99,0,26,69,51,8,4,80,56,4,22,85,99,10,7,45,20,69,3,89,78,31,58,24,47,93,63,49,51,1,15,99,44,45,81,2,91,88,54,33
32,17,87,17,58,84,97,28,87,33,62,22,87,57,100,38,60,94,48,55,68,34,37,47,52,98,9,12,72,14,28,42,25,79,100,39,71,79,5,84,38,58,65,55,64,0,97,37,35,51,5,2,59,57,58,41,40,17,69,62,21,68,23,76,86,18,66,87,45,58,74,36,39,27,39,59,42,13,95,13,52,5,83,81,9,11,18,94,89,94,11,24,67,8,63,93,99,82,51,40
5,27,44,7,44,20,57,53,3,33,88,84,65,3,72,90,24,91,39,54,26,30,51,13,73,17,5,61,48,65,98,50,13,79,66,16,67,40,90,93,89,15,90,43,58,21,91,83,43,23,32,14,89,20,91,89,19,22,18,37,40,43,74,99,0,2,99,16,42,84,56,15,22,100,90,53,69,17,92,50,52,24,11,68,16,61,34,92,100,86,8,72,61,61,66,57,32,11,69,71
4,26,94,74,3,91,80,43,4,68,80,22,54,66,11,50,31,45,37,3,73,80,10,24,3,4,90,62,60,16,22,83,6,99,11,55,77,3,4,93,39,91,12,55,22,71,10,21,69,41,75,44,92,53,7,88,33,7,40,57,13,60,74,82,52,77,17,81,40,85,28,22,2,91,0,79,80,44,77,79,84,21,6,39,97,31,98,14,64,39,18,94,44,24,30,98,62,21,8,56
22,90,78,22,69,73,19,63,60,3,54,19,58,82,87,98,6,4,20,36,55,2,73,1,9,53,33,23,10,49,95,86,45,9,95,40,16,14,73,87,90,14,3,51,24,48,43,5,12,93,84,26,81,80,6,83,66,32,91,50,37,77,98,0,59,37,83,5,10,22,87,32,0,40,79,19,42,34,51,94,57,8,63,54,12,41,74,40,91,97,41,21,30,30,26,60,39,64,32,11
93,72,58,72,53,65,71,23,45,60,73,5,4,14,5,34,52,45,63,23,1,79,79,80,9,13,24,53,68,98,35,59,9,7,59,36,63,54,30,78,16,50,53,49,71,24,4,64,39,96,72,86,31,28,90,34,53,72,7,4,46,15,79,54,87,13,21,12,23,91,67,6,39,30,99,66,22,58,19,88,90,25,87,50,9,55,54,34,19,19,78,36,56,93,4,60,93,95,93,34
35,94,30,23,2,44,2,13,98,10,45,12,5,69,83,86,30,71,28,39,92,26,72,99,17,28,56,74,73,78,35,80,39,50,43,53,76,33,53,74,73,94,81,38,89,41,90,0,41,0,28,3,16,90,25,68,48,82,13,93,48,100,24,64,78,2,4,78,27,82,72,94,33,34,18,47,83,10,96,35,63,26,86,78,41,83,78,34,79,67,31,52,60,30,26,75,84,10,39,2
76,94,94,30,71,100,93,48,74,6,46,44,98,19,59,81,20,97,29,29,21,77,90,75,41,93,47,40,73,25,81,58,79,70,47,22,42,24,17,17,28,17,27,71,20,77,76,56,83,76,39,87,25,58,59,27,94,45,8,16,51,20,70,93,3,91,30,46,66,38,45,28,95,25,89,31,50,75,37,65,82,78,15,68,38,83,93,80,28,70,12,32,53,67,79,90,100,86,41,45
93,37,25,59,72,0,18,53,49,68,45,18,43,59,62,26,49,95,51,81,0,46,6,71,2,8,99,33,93,9,14,61,97,11,39,26,85,73,8,79,36,0,94,72,34,0,94,29,91,1,94,34,40,100,58,89,29,77,6,93,56,29,41,15,4,84,75,50,25,54,77,28,36,99,13,35,95,2,86,86,81,92,57,99,27,33,32,42,88,68,27,74,36,4,33,54,27,27,58,53
81,85,5,100,41,75,81,75,39,45,62,2,38,61,61,12,96,86,23,47,46,30,60,27,77,60,38,32,30,7,92,22,45,16,59,32,3,26,64,66,98,83,12,85,5,57,95,69,28,16,83,54,95,5,70,89,67,66,100,82,6,45,92,89,95,43,71,73,11,5,27,70,50,88,12,11,14,5,67,99,18,37,95,30,68,93,39,59,69,84,91,90,91,25,11,29,18,22,61,22
50,89,62,61,81,3,98,92,76,81,9,7,99,94,88,55,51,91,34,63,26,4,8,75,37,38,83,12,0,50,27,65,94,88,9,59,63,68,98,57,50,43,56,22,19,16,55,99,50,5,64,0,96,38,54,6,89,87,70,50,16,73,60,84,95,31,24,10,81,67,81,84,15,41,6,74,28,70,25,53,16,82,17,1,64,51,40,39,86,27,4,25,62,7,5,96,46,66,84,40
74,56,63,71,61,73,10,3,15,60,69,43,4,88,5,64,38,97,30,56,71,45,7,21,25,83,70,60,83,95,100,57,40,11,60,96,92,70,57,11,94,39,90,43,35,90,92,47,51,53,89,61,37,14,74,94,39,2,28,31,79,58,20,67,47,14,65,17,17,68,70,98,50,92,93,11,7,15,79,6,1,58,79,43,71,11,95,27,20,86,47,3,42,52,10,22,80,3,10,51
70,40,13,38,39,5,100,34,71,13,49,25,37,82,95,98,82,70,95,36,58,78,5,21,42,5,4,83,34,16,75,61,67,4,3,93,33,55,17,76,80,40,26,83,7,16,97,93,41,31,0,33,35,85,72,5,99,49,99,65,46,7,81,16,33,35,68,73,90,95,88,46,19,30,24,15,35,89,84,55,95,60,67,52,85,82,89,96,39,71,2,94,78,13,9,65,90,48,21,0
38,54,84,56,51,13,76,6,6,67,23,96,50,96,94,29,1,60,27,1,36,25,41,50,85,13,74,56,80,21,59,45,100,66,62,29,53,24,58,64,95,59,13,27,84,38,71,14,7,11,30,96,69,64,86,37,37,69,83,68,100,85,15,6,79,58,0,32,55,47,24,0,64,63,36,73,7,42,18,1,58,28,68,92,57,81,79,5,92,88,62,26,3,51,76,28,70,52,98,71
88,57,94,22,17,36,79,65,60,63,16,85,33,58,52,95,2,39,81,81,51,63,95,38,2,46,23,86,80,80,29,98,30,17,31,67,62,4,10,49,66,72,76,79,65,16,71,49,69,45,55,78,67,87,10,36,41,36,53,99,21,14,6,80,81,72,56,71,71,82,87,91,91,90,7,26,15,91,90,11,40,19,40,35,29,3,84,21,23,67,27,76,70,95,9,10,69,44,77,92
54,36,42,92,27,65,28,42,91,34,62,70,77,87,47,96,84,25,3,62,75,27,66,43,74,92,26,35,38,3,81,26,43,51,5,85,17,15,7,81,31,55,23,1,92,72,84,71,62,7,19,99,94,50,42,88,22,73,75,31,47,35,8,80,58,100,41,14,48,14,23,84,69,16,83,83,36,64,75,27,36,13,61,6,68,26,84,28,75,46,69,18,67,2,7,54,61,86,47,84
20,62,15,68,68,82,3,40,13,8,91,2,52,50,49,39,9,45,8,75,89,6,6,4,10,0,49,76,78,56,60,61,22,26,69,82,44,57,61,71,63,19,79,77,72,54,57,97,70,83,60,90,99,69,100,67,72,17,6,22,84,26,12,62,56,52,28,57,97,0,38,7,8,18,1,25,58,35,9,66,17,60,87,48,92,6,75,21,80,15,46,86,71,39,89,58,97,98,12,90
65,87,78,50,91,26,39,76,27,95,93,95,97,68,17,53,29,89,71,8,77,8,20,100,92,55,84,39,36,15,77,5,26,94,94,62,60,9,36,44,6,20,58,24,80,18,64,81,5,90,33,14,57,61,37,42,100,63,23,1,96,65,16,88,69,53,63,12,40,26,59,78,90,10,80,54,5,17,56,49,37,72,92,96,14,20,35,53,62,45,77,40,74,85,33,31,32,38,68,23
38,79,92,85,42,35,21,33,64,86,31,4,59,21,56,80,57,39,90,44,39,19,66,11,87,30,35,17,70,15,10,35,76,66,46,59,46,83,32,56,12,48,89,78,24,3,25,52,41,89,1,14,93,66,5,69,78,71,81,71,60,80,40,7,67,29,28,68,38,26,99,18,88,48,73,56,54,42,54,38,64,21,54,53,43,28,60,12,25,58,72,70,23,79,65,84,18,45,37,84
61,50,98,23,60,41,71,51,22,92,59,1,5,95,58,99,25,98,90,58,66,53,93,84,78,87,43,92,97,2,43,3,39,100,22,15,15,4,28,13,99,39,40,30,98,25,10,35,40,26,41,95,0,70,46,23,74,39,40,73,79,73,88,13,29,59,43,62,93,22,80,51,12,79,92,12,75,16,94,46,36,35,27,36,94,70,98,14,24,50,83,15,20,8,84,3,55,16,71,61
74,7,50,20,32,96,3,12,42,25,8,98,28,96,42,38,31,56,54,85,71,5,58,31,33,55,29,33,98,38,81,3,17,11,91,44,90,80,45,18,8,98,12,39,30,72,78,88,16,7,77,37,75,76,25,100,80,69,59,3,64,30,96,0,10,14,34,13,33,81,21,98,92,67,38,2,69,63,43,58,19,78,26,3,48,22,44,69,1,0,63,99,3,12,20,61,89,35,38,57
80,95,24,60,47,16,96,66,63,13,69,55,7,48,49,61,55,76,68,20,18,88,65,76,91,43,9,45,29,25,32,58,38,39,19,75,10,91,69,16,65,24,99,72,1,91,35,47,61,51,53,7,24,39,71,17,5,32,59,91,91,63,46,91,53,83,59,27,17,57,87,67,90,54,31,73,41,85,59,86,25,55,36,37,66,46,42,90,2,73,64,18,72,11,17,30,36,3,9,4
19,92,25,82,63,48,18,51,47,88,74,54,94,44,22,28,36,57,86,76,42,19,60,39,63,11,79,79,14,47,26,40,7,97,55,61,20,94,51,26,20,12,17,63,23,60,75,21,30,12,40,6,46,4,73,78,90,34,64,8,23,70,76,16,93,35,35,93,95,14,98,80,76,41,45,45,13,25,91,70,79,45,87,37,14,35,15,96,23,72,48,37,42,51,52,26,29,40,34,79
59,32,68,88,56,74,71,77,64,13,14,56,98,21,0,81,59,82,44,64,35,90,61,71,28,16,77,64,51,23,85,57,25,72,5,8,51,68,85,58,81,87,64,74,11,19,32,1,87,90,48,1,81,10,90,42,68,59,23,13,81,61,6,50,51,84,47,0,91,31,86,60,2,4,96,40,34,19,7,25,66,62,84,75,0,27,83,15,97,65,0,64,80,98,98,0,89,19,16,86
80,80,84,64,85,50,4,91,92,27,33,51,5,31,73,45,2,10,67,55,46,48,56,41,75,61,22,98,39,24,92,58,90,88,78,25,18,100,72,39,7,43,42,6,82,42,38,65,34,72,98,5,73,18,13,61,99,93,50,61,100,23,37,15,83,100,29,42,47,72,46,82,65,47,70,61,37,18,75,24,16,12,55,92,47,63,69,6,100,11,61,27,82,20,48,49,2,80,67,55
43,29,34,0,71,7,50,8,56,23,20,59,58,51,95,34,49,58,99,16,31,73,52,29,71,13,94,75,26,53,39,26,32,65,50,82,64,44,39,87,47,81,25,89,96,18,8,37,39,27,65,54,51,57,75,4,57,44,76,79,39,76,74,54,72,48,95,15,51,88,56,69,0,24,71,50,52,92,55,61,50,57,47,93,63,97,18,64,43,79,75,84,73,17,38,41,26,88,57,98
84,51,63,43,13,4,33,8,36,99,39,99,45,67,74,86,73,100,23,96,75,10,0,86,95,14,19,78,42,52,39,49,65,68,88,27,46,12,32,25,13,29,29,53,19,73,69,50,99,78,75,71,39,11,60,8,96,79,78,41,9,55,95,51,32,70,68,25,27,48,64,78,96,22,26,47,57,74,39,49,52,95,75,13,5,70,26,44,4,44,80,32,50,78,27,28,68,58,88,10
90,84,61,19,37,21,38,18,73,57,98,6,91,42,75,72,10,45,1,64,66,66,86,36,16,71,96,41,27,36,61,39,82,52,82,86,43,36,27,68,56,32,27,35,5,97,58,67,22,41,90,45,50,39,24,26,3,53,14,54,26,88,58,84,28,58,53,91,17,90,65,18,30,3,8,49,9,9,61,16,23,52,65,24,5,74,17,45,95,82,5,34,26,27,89,22,4,9,63,83
45,16,68,94,63,66,69,26,17,12,45,25,52,89,55,13,96,80,15,27,91,74,46,31,13,26,8,60,74,8,16,53,19,1,77,34,58,69,49,92,24,54,60,0,78,30,57,66,89,92,15,9,45,71,44,27,72,66,46,68,71,48,100,10,43,6,99,63,56,46,78,46,92,1,87,100,97,78,34,56,32,21,72,14,86,63,19,64,67,10,42,10,95,97,75,98,93,88,6,15
33,27,6,32,20,42,2,58,84,96,72,28,68,85,62,48,96,7,44,42,38,85,6,100,69,3,74,10,26,51,55,51,31,57,97,21,54,66,87,1,0,32,73,76,83,96,20,11,8,50,67,66,84,35,89,44,1,47,20,23,69,49,70,39,52,71,38,90,55,70,50,48,54,30,34,79,29,2,67,22,82,81,19,7,39,50,38,94,6,47,30,18,31,83,36,18,45,7,44,72
12,51,9,18,95,35,87,66,23,38,50,28,91,93,31,27,88,16,76,79,66,96,54,45,45,18,52,20,90,91,88,24,66,9,69,95,84,53,31,56,46,56,90,68,87,7,42,76,98,16,95,28,74,61,95,35,69,54,10,67,38,17,12,22,91,1,52,76,15,74,96,12,9,35,17,24,65,18,43,26,13,89,4,38,11,20,8,44,14,72,77,35,23,47,46,99,100,71,3,36
13,28,19,56,97,80,43,85,76,71,28,8,58,24,52,36,55,36,57,100,34,4,24,36,83,18,62,54,54,100,51,25,31,48,69,62,83,97,12,98,46,75,59,28,16,58,88,34,72,89,62,59,18,50,43,24,87,52,66,70,74,0,44,16,22,51,11,3,35,43,11,64,79,18,96,69,5,25,75,8,96,52,78,1,39,28,6,83,15,44,14,16,45,44,23,72,90,43,85,83
55,47,58,53,12,31,85,68,24,15,47,74,75,17,21,81,33,42,98,63,25,42,100,76,5,6,94,36,80,93,64,89,29,48,89,9,97,14,7,40,77,0,72,79,12,33,100,49,18,68,81,49,63,20,34,84,93,64,28,64,38,77,41,18,80,91,75,3,82,1,22,0,63,0,48,36,81,88,4,87,84,49,69,95,33,4,50,46,92,98,45,25,84,22,63,17,13,58,34,98
91,63,66,68,62,33,72,98,37,95,17,32,37,17,73,9,79,2,35,96,54,50,7,44,32,81,17,69,75,89,71,20,51,83,43,57,15,96,59,38,10,64,23,81,41,40,56,22,78,16,12,50,37,38,37,22,64,36,59,74,15,53,1,8,10,70,3,56,30,19,46,33,93,64,62,79,42,11,80,45,60,0,32,21,76,56,55,45,37,1,5,71,92,76,23,18,45,62,56,18
33,43,78,70,8,39,84,50,70,58,68,50,73,61,65,3,46,16,68,27,11,14,80,43,39,16,55,16,43,36,85,10,89,64,8,82,53,49,68,68,92,15,26,98,50,25,10,6,90,100,29,44,43,24,41,73,67,87,74,4,74,83,41,92,76,65,29,74,18,92,34,66,63,63,29,22,37,79,46,66,79,86,58,19,29,54,58,46,42,66,92,42,62,51,45,52,14,12,47,83
46,83,70,48,47,34,12,60,15,66,70,96,63,44,0,51,21,73,11,65,25,4,33,10,95,90,61,69,94,35,61,79,95,78,9,42,64,17,8,4,64,59,67,31,98,88,55,45,36,20,13,73,52,45,58,34,14,100,68,15,35,81,71,41,20,17,29,94,41,10,79,12,46,47,23,78,60,22,63,87,87,68,78,21,90,42,47,25,80,85,86,78,47,74,87,39,50,10,61,67
30,33,85,99,66,99,15,96,66,97,22,71,51,86,67,24,61,64,10,82,59,71,25,62,41,16,45,67,26,40,25,97,0,19,31,70,23,92,20,64,71,43,94,31,81,57,70,97,58,37,25,69,25,14,2,27,21,78,95,34,59,77,89,63,94,35,4,0,3,11,34,98,5,6,45,59,98,18,80,20,14,64,20,75,72,50,24,62,60,75,19,75,28,89,48,25,6,9,51,0
89,10,38,68,86,100,61,22,52,14,8,52,79,33,69,72,29,28,69,74,16,56,30,19,96,56,70,69,98,6,28,14,7,3,21,35,33,24,4,75,74,26,42,10,83,53,99,28,20,63,20,97,38,49,19,82,83,51,37,51,25,38,16,39,52,4,75,55,72,90,84,85,18,22,50,76,10,83,86,42,52,100,95,3,6,12,83,44,52,1,39,60,78,12,85,48,94,72,99,55
73,76,63,47,66,49,49,85,6,13,4,48,14,93,98,89,22,18,39,78,23,16,67,54,41,49,65,57,20,38,13,84,98,30,45,100,56,99,78,51,80,94,3,28,36,52,18,22,76,52,30,10,38,31,78,40,58,31,89,40,12,6,35,28,68,90,77,18,49,42,91,8,27,30,96,31,66,12,83,66,22,49,63,93,50,17,65,12,27,95,54,37,10,22,63,78,16,46,44,78
89,74,45,82,94,55,99,50,83,23,2,98,50,5,78,38,51,85,47,62,32,25,96,73,7,57,95,49,100,36,45,31,31,76,41,37,82,4,31,61,35,33,94,16,15,91,75,96,20,98,24,50,76,70,92,77,39,37,51,56,47,4,48,10,39,43,33,83,95,24,10,15,30,92,62,41,85,17,42,34,72,73,75,35,24,48,1,20,57,53,45,50,8,96,79,17,96,80,75,46
91,52,79,22,35,68,79,70,89,14,91,13,43,90,32,99,70,64,49,43,21,67,41,5,56,8,32,14,0,32,28,79,69,4,23,10,46,11,7,81,94,5,87,25,36,59,77,65,21,53,74,14,26,6,24,18,79,42,8,76,63,5,73,58,75,21,24,79,97,57,85,92,44,48,93,98,66,81,45,6,63,49,64,33,2,41,53,83,33,37,20,57,82,13,94,0,59,100,10,43
36,5,44,86,15,63,20,41,73,91,6,50,98,77,72,31,84,46,83,96,66,92,66,34,60,85,78,93,92,63,42,85,71,97,95,42,54,78,58,58,63,93,34,87,96,90,22,25,42,3,65,81,81,69,98,72,18,70,96,39,76,8,70,55,47,99,27,22,9,99,31,37,80,18,0,2,20,9,75,73,81,10,52,60,80,21,10,14,54,59,18,59,38,68,53,76,10,87,98,4
87,28,56,41,7,54,19,81,8,49,31,33,68,97,45,63,42,25,99,66,52,65,24,5,19,47,72,97,10,5,19,46,90,34,56,88,45,43,83,97,45,14,23,68,65,36,68,69,21,18,33,12,52,74,18,79,69,79,51,83,81,77,89,59,62,6,13,26,45,96,1,35,29,26,16,43,11,89,10,83,23,8,67,7,75,97,50,16,65,7,93,61,21,97,90,94,62,51,55,49
2,2,71,4,21,98,53,50,74,64,28,4,45,63,70,3,74,90,86,45,12,79,95,100,49,27,76,66,56,84,94,77,35,89,92,85,83,11,68,80,19,13,62,80,5,46,33,93,91,10,6,51,3,80,78,35,75,37,17,28,86,57,33,8,92,64,29,48,32,74,30,85,57,99,10,68,77,70,20,64,50,54,33,89,23,86,79,53,44,75,62,32,27,0,70,43,26,5,76,43
69,94,97,24,94,38,54,85,38,37,99,83,79,44,52,82,22,50,75,77,39,81,97,20,7,95,11,96,27,95,13,44,3,67,66,63,28,7,33,52,61,21,23,19,50,87,92,82,46,56,36,30,52,60,32,27,9,42,23,94,92,40,30,67,18,74,97,74,3,96,35,39,57,31,0,62,49,55,36,1,73,18,36,79,38,5,17,49,53,11,91,95,5,84,89,21,82,78,20,15
0,6,52,87,25,52,11,9,94,33,25,80,75,70,22,92,86,1,53,18,31,56,19,98,55,86,48,98,46,46,72,33,66,98,80,40,56,58,85,32,99,24,42,82,82,26,57,41,79,45,23,34,45,35,78,85,76,22,7,66,100,1,20,15,5,75,7,96,27,22,72,59,73,17,73,43,27,65,98,1,9,56,49,46,43,74,33,14,64,59,91,32,42,34,14,56,39,47,69,85
48,63,79,27,16,80,64,97,72,77,6,70,53,26,33,52,95,79,13,7,10,93,74,50,36,34,64,82,63,45,7,51,10,14,13,32,11,34,38,16,31,65,70,6,27,71,85,44,26,27,61,9,61,71,36,25,22,18,22,96,30,96,12,29,64,16,1,60,63,21,64,48,61,11,91,61,29,98,11,69,81,28,23,34,2,85,30,21,81,77,71,68,74,29,71,16,68,77,65,26
51,34,8,89,65,75,83,19,99,55,30,22,86,24,82,20,62,10,30,1,68,96,13,25,82,46,82,73,75,39,88,39,64,57,37,32,64,80,58,84,78,11,45,52,59,50,9,31,2,68,41,40,63,67,14,33,44,50,88,85,0,64,35,49,20,61,1,64,83,95,15,72,72,36,100,42,54,65,33,35,22,51,95,0,13,56,25,29,28,73,87,95,58,51,63,45,13,62,45,80
7,66,36,12,10,96,35,1,31,27,69,52,81,24,32,53,4,5,1,58,74,35,77,77,42,9,56,59,18,11,98,95,24,22,1,0,59,79,28,1,52,35,40,74,9,6,20,60,40,29,85,54,68,60,21,35,25,92,61,84,7,57,65,82,94,46,61,13,63,18,36,27,75,99,8,8,88,4,94,10,39,55,27,35,33,64,31,46,64,19,83,1,35,45,46,36,12,6,6,27
57,99,22,11,69,11,88,47,65,66,79,77,20,87,8,1,48,57,57,52,100,2,12,11,9,54,13,86,59,81,37,96,45,56,37,77,5,52,1,62,32,0,12,60,8,18,11,45,37,83,76,51,62,21,10,62,39,71,53,53,21,46,59,39,86,83,93,70,10,68,7,87,20,39,27,56,29,98,53,25,29,84,80,3,1,18,17,52,95,7,67,31,71,64,70,0,42,71,94,47
75,39,36,28,60,15,72,12,81,87,32,25,45,43,75,18,4,35,26,48,3,80,51,22,10,92,83,26,59,44,94,76,50,45,19,74,25,91,21,84,38,33,87,68,61,92,83,87,43,26,77,29,57,90,100,49,16,89,1,74,43,91,24,54,45,81,46,85,43,71,100,41,75,57,67,72,0,43,20,71,58,0,37,36,31,20,16,61,42,37,99,74,81,24,5,18,62,77,90,42
43,17,64,18,10,73,43,3,67,56,84,91,61,55,62,35,22,100,65,31,14,84,61,4,70,0,56,77,100,21,45,5,23,90,66,59,94,54,49,6,90,90,70,72,52,42,93,84,100,61,38,43,47,58,74,49,36,49,20,26,9,90,90,61,72,34,91,1,23,93,39,41,44,81,3,93,18,59,7,22,25,69,59,94,87,44,20,89,37,10,94,4,63,23,100,31,44,24,98,35
96,24,11,77,47,0,96,51,14,15,24,65,53,52,66,61,34,6,36,48,16,96,66,82,65,74,30,58,28,24,34,32,21,96,87,46,40,58,93,76,54,26,43,40,24,66,23,58,5,13,44,50,72,53,86,39,90,67,45,0,1,98,45,41,45,100,0,12,92,67,81,78,27,45,99,37,24,100,68,36,90,41,4,41,76,15,81,51,58,100,96,27,19,44,40,88,72,65,12,22
96,30,18,72,7,17,41,9,14,58,95,55,98,14,90,66,44,48,47,43,54,56,77,86,98,45,58,85,61,19,35,27,12,73,21,23,94,6,26,73,23,35,91,31,4,71,3,49,81,45,34,38,96,63,24,41,60,19,80,63,20,32,36,54,95,7,28,4,58,14,26,85,50,44,98,96,97,95,52,38,55,82,94,81,60,24,5,100,60,52,44,56,5,50,11,58,72,71,69,70
2,65,61,83,18,30,22,36,30,14,90,31,92,12,2,32,76,82,100,87,20,36,89,30,39,0,52,83,91,33,0,4,97,72,97,86,47,40,12,88,71,66,27,25,16,3,36,17,90,57,83,7,73,24,4,20,73,31,29,37,46,40,27,31,13,64,18,45,67,62,66,70,42,4,28,51,24,16,49,95,52,35,94,20,53,27,66,67,91,43,95,96,21,57,68,50,50,85,19,33
4,86,31,60,10,15,13,71,45,7,14,20,97,22,91,84,73,89,74,85,27,52,46,67,47,71,88,78,85,40,16,41,41,100,7,22,50,49,23,39,3,90,95,25,6,34,68,87,17,48,98,80,78,86,96,45,82,91,34,15,20,38,30,8,6,15,24,22,42,53,64,96,81,87,43,85,58,47,91,33,97,46,23,72,56,42,12,34,24,8,62,33,78,41,30,81,88,17,68,73
63,19,85,3,94,46,46,82,58,26,75,41,74,82,49,78,53,78,81,60,46,50,67,100,84,10,18,39,62,12,26,17,41,48,24,93,39,58,16,94,61,98,43,74,3,29,74,47,94,1,10,26,5,42,91,72,92,47,5,53,57,90,88,26,80,84,99,29,17,100,42,73,48,56,52,37,97,81,90,74,39,64,53,49,33,23,57,91,7,70,63,76,16,7,50,69,30,21,86,63
81,9,75,76,13,83,1,46,55,53,22,57,7,2,52,64,28,31,5,63,71,95,89,36,1,91,86,22,2,10,86,32,51,14,43,5,27,97,7,15,98,37,52,92,42,98,48,77,85,26,30,61,55,8,36,80,79,21,74,27,47,45,98,25,94,10,70,97,62,75,78,72,60,39,0,8,49,92,56,79,55,21,27,4,32,75,0,45,47,31,11,12,15,37,15,15,90,53,35,27
5,91,19,27,24,58,14,30,59,18,18,64,27,11,81,11,82,94,75,82,67,49,65,85,25,65,31,46,13,1,54,28,46,4,8,67,5,47,25,26,62,61,54,22,1,31,61,82,41,81,61,80,32,84,52,72,34,45,30,5,57,78,96,76,6,23,78,1,42,35,28,65,18,70,78,12,30,19,57,92,36,48,56,83,69,42,11,83,57,33,29,7,93,85,6,66,66,37,27,27
76,10,7,76,20,52,17,68,24,13,82,44,21,1,9,75,45,55,63,98,35,19,73,31,1,10,52,14,12,91,17,73,93,33,39,40,30,94,4,15,7,67,98,9,32,62,14,56,26,11,80,86,14,48,0,48,79,46,56,69,14,100,25,44,24,6,31,29,47,54,11,62,68,21,6,46,34,18,60,100,4,24,31,81,7,0,50,14,51,93,36,88,32,29,51,46,0,78,73,74
11,53,88,63,40,75,84,2,91,8,55,63,9,84,1,39,87,37,75,69,81,74,60,11,33,51,93,28,53,37,66,89,78,46,29,14,44,96,46,71,58,72,28,97,37,12,78,65,99,70,8,89,97,59,35,28,63,64,54,29,100,13,1,57,48,94,18,78,26,63,0,70,28,39,12,10,26,20,32,88,77,90,72,35,42,51,56,54,11,64,98,69,50,10,48,84,93,55,2,82
41,0,7,67,74,90,62,96,49,87,67,68,71,70,91,64,90,2,95,88,68,55,65,53,73,59,68,24,95,7,93,4,0,15,95,47,11,92,49,81,80,70,24,51,22,49,23,62,42,6,19,79,85,50,66,4,79,54,76,94,72,17,99,55,55,16,25,49,15,26,49,52,6,96,15,65,22,68,20,94,94,24,86,55,15,98,27,37,14,27,79,2,4,60,2,71,5,93,45,2
91,66,61,42,85,82,10,48,5,83,85,5,30,39,46,86,43,68,59,31,5,76,63,41,91,86,91,52,38,7,65,28,34,50,14,36,44,11,22,96,12,54,63,94,1,37,43,34,34,64,93,66,37,46,58,78,71,62,17,38,67,24,92,78,88,25,83,87,69,75,51,5,56,74,12,11,33,10,77,0,66,39,88,7,62,73,42,75,90,3,85,68,23,71,34,5,59,49,60,94
76,93,16,51,98,6,39,44,23,61,62,7,49,64,22,61,39,27,46,93,87,74,5,56,64,21,29,94,8,41,87,20,48,91,46,86,17,33,33,86,51,55,96,71,36,92,37,13,75,45,52,71,17,12,56,38,61,58,37,13,36,51,36,78,23,64,76,99,39,70,62,27,21,4,16,22,50,3,79,44,84,94,58,47,39,28,3,85,13,16,61,3,56,54,40,31,75,88,42,51
79,91,9,48,31,80,37,88,12,51,41,62,13,65,68,54,2,12,71,67,15,47,20,71,37,88,86,80,28,80,18,42,79,23,22,65,67,95,59,100,31,47,8,0,32,98,65,1,34,18,28,50,78,87,77,66,66,42,75,95,17,27,55,49,18,78,38,95,63,8,61,84,95,10,95,65,34,84,50,93,47,11,87,28,52,48,69,3,76,75,46,15,78,36,63,45,19,55,89,0