72,94,11,44,43,42,5,58,26,95,45,81,72,75,55,31,0,50,6,97,89,36,19,18,87,77,50,87,62,96,26,91,98,94,50,38,53,87,48,83,66,24,87,6,28,84,90,81,85,61,6,5,78,21,93,46,22,18,12,75,34,31,11,41,82,67,10,28,26,41,55,90,18,32,5,5,77,55,74,50,82,97,93,43,87,83,30,38,44,72,77,72,8,38,70,45,62,51,89,79
45,6,1,72,37,63,4,100,42,48,36,52,24,11,18,32,44,87,97,69,48,51,45,10,95,26,76,29,66,17,79,58,56,92,40,15,47,43,40,32,24,0,56,92,9,14,28,7,69,4,27,0,8,52,28,79,5,14,80,19,72,90,90,38,98,13,6,77,93,57,52,30,44,98,97,36,100,43,100,71,71,7,83,74,78,38,70,72,30,100,59,7,23,45,44,38,13,50,16,31
9,79,53,74,26,29,77,32,59,50,7,59,42,58,2,35,24,60,55,73,31,37,94,83,25,95,35,31,81,38,8,4,87,80,60,69,22,47,69,30,26,56,49,26,37,87,11,15,16,58,3,22,58,41,48,35,4,7,33,33,39,77,40,81,40,59,92,22,44,63,33,58,47,24,14,28,62,47,62,60,8,82,81,46,10,71,16,76,48,54,92,80,72,41,26,42,78,11,55,75
69,80,47,98,73,67,19,17,27,73,28,63,79,82,70,67,87,43,67,82,22,5,44,1,21,51,53,56,76,18,13,21,81,7,23,61,66,42,89,34,41,43,33,79,90,90,2,8,90,29,64,93,53,32,79,74,77,13,72,69,5,25,69,79,71,80,16,34,92,66,67,79,37,50,31,77,84,64,28,90,90,47,13,89,32,57,95,63,64,67,51,53,61,8,99,29,94,74,63,85
52,54,86,94,52,75,56,1,52,93,100,76,9,92,10,44,42,99,38,92,94,74,80,59,14,69,69,14,51,33,83,22,9,40,46,76,13,61,46,76,87,69,87,21,74,52,10,66,88,46,90,50,29,23,75,99,31,6,58,67,58,59,17,7,68,98,71,65,89,97,31,80,63,7,57,65,67,20,4,52,87,8,87,3,8,100,8,42,86,48,15,47,15,56,66,97,88,53,42,3
32,96,89,11,22,72,71,14,73,11,100,78,3,96,85,87,82,60,11,69,46,51,91,76,35,77,65,71,65,4,66,61,22,90,30,64,86,96,42,9,50,70,2,2,34,83,87,10,60,24,43,74,4,99,54,14,19,41,72,76,25,43,57,17,14,51,43,99,30,92,77,28,27,42,58,48,23,25,86,28,39,51,78,2,47,11,78,0,69,16,3,32,21,65,12,92,21,81,72,49
79,100,48,68,92,52,82,93,26,74,99,69,45,45,97,78,51,16,73,92,80,93,87,55,16,44,38,3,44,35,34,63,18,5,62,11,25,10,96,98,46,27,67,75,62,5,71,74,19,64,18,61,65,13,32,35,39,98,46,57,87,92,88,51,15,10,76,8,84,49,57,49,78,38,54,36,99,67,14,87,85,56,49,35,49,82,38,43,34,19,47,19,29,66,10,88,63,11,36,63
18,20,65,61,15,100,73,22,56,16,51,11,68,16,83,59,47,98,62,36,1,48,31,61,66,46,43,72,24,7,8,84,65,90,43,67,8,55,22,23,63,4,93,51,60,24,95,47,3,56,99,11,23,72,74,84,61,6,18,57,35,82,92,45,67,90,40,41,91,97,44,23,1,89,3,19,44,42,21,31,36,88,31,29,9,85,2,100,81,98,1,72,64,28,48,41,76,93,37,87
6,75,52,2,3,17,48,49,59,71,3,15,11,37,44,41,64,48,93,3,71,24,33,8,73,42,40,89,91,72,5,10,91,52,100,84,80,56,36,24,68,8,68,9,40,63,43,41,64,78,29,66,90,33,49,93,25,59,85,75,99,51,70,46,10,81,73,80,77,5,38,61,47,77,51,21,22,14,50,11,30,32,75,29,6,64,67,68,86,25,59,98,56,52,77,7,69,69,45,40
82,20,16,52,66,31,28,17,13,27,84,54,71,96,4,65,82,63,52,8,94,85,99,85,66,50,52,3,8,0,2,6,44,1,8,96,7,73,3,42,47,99,29,14,49,86,31,78,36,69,23,47,35,20,15,71,3,98,41,68,89,29,43,22,81,39,87,1,61,18,94,83,57,90,86,85,0,10,38,8,33,61,13,68,84,63,40,89,90,46,59,23,14,10,33,67,36,34,98,74
87,14,81,73,50,46,53,93,30,36,48,34,64,37,83,96,93,9,37,14,91,67,60,35,46,91,47,2,28,59,30,57,36,98,20,75,5,99,49,79,23,29,52,39,91,13,2,49,76,36,40,68,43,44,94,55,70,33,83,68,53,8,4,12,71,28,25,93,79,41,0,57,5,78,55,30,57,54,29,44,3,61,16,59,12,70,27,96,48,67,10,63,44,34,36,55,22,47,82,81
90,97,76,32,89,16,95,21,99,46,82,51,30,22,42,74,0,43,79,60,9,77,95,7,89,33,5,0,15,17,33,91,33,43,69,38,43,84,11,66,91,25,83,22,91,30,6,55,85,84,55,13,44,26,51,36,23,100,19,87,70,46,79,86,54,5,45,99,44,79,2,3,47,16,73,66,78,86,33,36,37,58,20,70,71,61,74,10,38,84,55,61,74,40,68,57,79,97,23,76
4,52,76,78,11,56,1,52,83,38,91,63,42,45,33,81,42,92,42,70,70,42,76,77,66,65,68,62,18,11,54,20,19,59,3,85,73,27,61,64,7,61,29,40,60,0,40,20,4,52,52,9,22,35,80,49,21,77,93,6,69,88,90,21,82,77,21,93,1,85,76,27,75,19,93,68,93,70,88,10,42,23,10,37,11,45,57,25,44,18,36,9,33,82,67,86,97,94,83,82
1,12,25,58,33,64,85,41,79,46,52,71,58,8,72,86,60,70,46,37,74,41,77,91,50,23,88,69,23,78,24,23,48,1,35,44,54,83,6,24,68,51,60,52,73,97,4,5,55,64,11,45,20,71,9,81,41,51,64,37,19,97,34,69,24,86,41,63,65,62,72,52,74,76,95,31,32,88,87,58,24,31,73,5,65,24,21,23,47,99,29,54,81,45,14,4,78,8,33,43
67,89,7,100,61,49,32,32,12,50,7,80,26,29,95,5,97,52,43,39,60,7,95,33,63,94,100,0,61,70,79,91,32,98,82,20,70,29,84,47,56,9,27,51,86,41,91,64,61,63,17,7,78,31,60,4,100,29,95,2,96,21,0,44,9,89,60,4,38,77,44,84,45,98,99,61,4,86,25,61,66,90,77,54,1,48,42,22,11,25,19,27,95,46,70,70,56,44,17,53
45,70,11,91,32,36,65,66,61,73,69,39,82,98,67,86,35,44,29,35,58,40,28,55,16,48,21,37,17,14,71,5,7,5,39,15,68,53,64,63,23,33,91,80,16,48,77,64,69,15,87,41,34,91,16,29,93,9,29,40,69,17,24,69,75,19,79,12,33,67,90,58,45,97,62,2,60,56,35,18,22,33,5,55,69,10,90,55,40,61,61,53,11,36,69,98,31,4,49,39
58,85,95,44,47,85,14,80,4,43,19,23,13,97,83,74,19,18,88,94,12,54,41,38,41,84,58,49,0,15,26,98,83,37,31,34,50,78,92,78,62,41,95,1,48,42,64,9,24,15,85,79,67,58,52,79,83,8,11,10,32,8,43,95,7,28,11,23,33,31,74,40,47,84,0,89,28,80,30,3,56,29,10,33,57,12,68,37,73,94,70,50,21,10,62,96,61,82,63,70
66,21,29,28,92,24,60,65,86,96,77,5,94,28,29,40,48,85,24,62,46,83,76,31,23,48,64,9,71,94,78,71,86,58,82,18,13,22,27,46,78,66,85,14,95,66,47,86,79,45,52,97,99,3,52,40,15,43,78,15,98,19,8,31,64,64,49,87,4,36,40,26,1,0,98,48,98,85,3,1,10,75,24,37,36,34,41,1,29,10,100,77,52,11,80,29,75,49,37,9
19,41,93,2,35,75,93,15,29,79,94,62,36,3,51,18,17,98,16,80,33,12,69,38,5,96,70,67,64,18,31,47,70,91,21,86,64,44,25,70,56,41,7,31,88,76,18,59,81,78,92,68,82,79,23,31,81,76,39,91,90,3,22,1,34,14,58,84,17,95,18,23,19,33,92,95,31,78,12,70,58,34,35,21,89,40,39,32,40,91,21,10,4,100,81,1,33,92,82,73
21,61,52,12,13,29,84,99,39,87,58,45,47,4,17,44,78,7,29,31,89,41,54,85,64,80,55,68,92,62,41,20,0,23,57,98,49,78,67,31,91,89,96,56,21,18,41,22,63,41,64,2,40,66,78,65,81,78,48,29,50,7,100,11,66,16,89,20,23,58,19,33,95,19,50,97,74,56,14,41,46,20,63,34,19,81,79,46,11,8,43,5,51,17,29,1,46,74,21,58
64,92,67,31,40,92,37,90,73,98,64,31,20,23,68,45,40,79,64,27,65,25,13,91,85,92,70,91,18,51,54,88,4,64,34,39,24,6,33,42,100,29,74,40,80,41,20,28,82,28,44,98,63,70,36,11,97,6,0,45,45,7,79,96,62,46,88,33,24,100,52,96,100,14,1,97,42,47,79,16,27,72,50,85,91,93,1,64,46,93,71,81,19,93,89,23,72,84,31,67
88,64,38,78,44,5,43,83,37,56,51,18,8,84,47,53,0,36,85,60,48,98,22,50,96,60,73,36,65,23,7,23,97,46,46,61,46,71,72,27,20,49,59,98,11,95,48,1,20,3,49,42,87,88,7,75,44,90,13,85,88,11,91,28,48,82,68,79,98,25,39,28,33,97,27,32,89,83,54,86,45,18,48,45,23,45,6,30,34,16,88,52,43,9,35,52,32,84,85,60
87,87,3,100,57,28,42,81,40,55,94,40,42,1,61,36,19,27,99,52,31,70,59,51,44,2,68,67,83,81,34,7,82,25,13,28,59,12,90,87,79,60,2,29,66,28,93,27,4,49,6,86,45,76,83,86,55,84,67,33,87,3,70,79,54,14,46,50,92,62,8,77,80,77,42,29,52,16,48,30,39,17,97,37,30,58,55,5,81,84,69,18,97,28,25,18,39,17,17,99
69,0,3,6,82,75,9,73,47,8,18,39,54,58,13,88,89,21,47,18,0,52,5,18,67,93,88,51,3,85,64,22,63,60,62,71,29,23,30,54,19,89,7,21,81,6,17,56,54,96,88,56,92,77,18,19,1,50,76,11,29,92,51,72,53,20,26,64,93,72,20,77,8,22,47,14,44,53,92,41,63,18,48,38,6,88,43,76,45,0,10,68,54,39,40,53,99,18,46,97
32,57,46,6,92,13,53,26,64,95,11,57,57,0,39,79,76,89,88,63,67,54,38,5,68,96,22,13,100,50,22,42,52,3,32,1,7,91,71,81,100,8,67,97,13,17,5,23,57,84,87,53,42,0,56,5,24,72,43,40,97,37,68,75,41,85,94,78,14,32,37,10,10,49,96,11,36,77,89,22,46,92,64,29,35,38,10,70,57,35,38,44,14,90,18,3,15,58,33,0
49,94,90,6,5,46,5,91,76,11,53,2,57,39,60,66,86,11,77,98,65,14,24,42,87,92,12,82,75,95,16,84,26,29,68,49,27,20,43,64,24,1,7,28,6,11,52,97,73,93,39,47,61,13,22,81,61,1,12,65,38,30,82,42,24,42,15,24,38,59,39,87,65,33,8,100,1,13,0,21,72,39,29,78,31,42,4,34,56,91,45,24,60,25,76,46,86,50,29,53
47,71,64,97,76,71,83,99,86,97,4,92,46,11,73,58,33,75,77,5,44,30,82,68,69,44,13,60,48,1,89,21,50,82,61,41,59,29,34,20,59,10,22,86,24,60,62,20,71,14,0,95,31,98,34,2,50,26,43,71,53,38,92,96,34,2,47,25,5,51,90,25,60,85,93,43,6,50,26,89,29,41,36,34,27,85,92,55,87,5,42,52,12,77,75,87,59,34,74,73
34,14,80,20,73,66,56,90,24,18,100,43,19,34,60,59,94,56,59,6,97,23,59,29,66,37,55,67,6,45,21,44,43,48,29,66,74,75,74,12,39,46,1,18,93,62,92,54,66,90,73,93,36,41,4,39,43,12,88,78,5,49,63,16,6,23,57,34,36,11,1,80,93,3,17,21,76,41,92,27,78,92,97,25,32,49,48,92,67,17,91,59,75,77,20,18,85,40,86,33
56,66,36,31,10,31,25,24,29,21,8,30,63,31,45,26,0,67,83,98,48,44,54,16,35,12,96,76,69,58,71,6,55,12,36,22,16,89,19,84,12,30,51,21,21,88,93,28,79,53,93,32,95,71,10,13,2,82,31,75,11,29,33,94,20,94,87,81,1,66,64,77,79,38,51,14,91,72,35,49,80,64,24,16,82,73,27,47,54,30,61,73,87,55,39,16,59,29,78,18
8,50,68,17,87,13,16,58,63,51,28,16,13,31,93,10,27,67,95,7,64,99,89,90,64,80,37,54,59,76,27,8,30,67,53,100,38,65,63,15,52,38,98,1,96,14,70,71,55,80,40,2,92,58,6,0,39,61,39,83,7,89,32,59,11,40,62,60,83,22,24,23,42,24,2,17,76,88,48,94,64,98,71,26,26,39,44,12,55,89,68,40,20,62,34,52,93,40,95,43
42,17,75,20,4,91,54,28,55,46,49,87,71,28,91,34,89,60,37,10,85,74,97,87,52,11,10,83,84,43,85,69,5,5,31,21,72,86,40,56,13,63,74,5,52,47,84,2,18,0,95,51,67,79,53,16,68,41,88,64,48,58,23,32,44,46,29,6,86,43,15,39,9,59,52,23,95,95,33,68,64,59,21,94,93,24,34,43,10,26,15,70,88,8,56,5,36,61,36,49
11,37,22,18,96,67,25,23,81,35,78,71,56,83,83,30,20,47,60,26,25,79,57,79,73,77,68,53,24,32,24,39,25,34,38,39,46,3,52,4,73,30,73,72,31,51,13,20,13,59,68,70,8,47,71,0,18,37,71,33,5,68,54,29,5,8,40,14,71,49,0,21,71,13,56,95,63,73,42,100,29,73,74,9,69,62,61,59,69,13,37,91,70,65,92,21,77,48,99,99
30,8,3,3,20,27,8,41,100,16,22,78,91,22,40,76,20,62,60,66,8,33,31,5,98,66,58,41,27,8,88,22,81,22,33,48,38,2,65,83,36,57,71,18,51,81,82,24,65,43,44,37,70,29,41,42,86,20,8,87,90,69,33,90,56,4,94,0,46,36,95,89,32,42,19,19,12,24,40,51,16,47,15,45,47,90,73,95,82,94,13,20,52,33,5,23,85,91,99,60
11,56,24,80,86,91,31,42,81,12,88,70,15,77,59,50,23,7,43,10,94,50,35,6,88,15,69,95,49,61,66,5,78,50,79,92,10,61,15,97,35,92,47,16,49,82,95,60,45,17,13,34,96,15,39,7,9,53,70,43,75,36,34,74,94,75,22,68,68,48,44,86,39,40,22,28,100,9,75,82,91,76,100,38,64,63,21,39,23,33,7,40,3,24,11,54,69,65,82,49
65,88,51,25,48,57,72,9,51,49,29,91,26,36,96,82,93,48,43,42,46,53,64,95,39,68,51,88,54,57,76,95,15,93,1,65,35,65,20,35,51,78,67,43,28,26,40,38,27,54,39,35,75,83,80,36,60,28,24,52,98,94,10,64,39,11,33,78,56,42,94,48,81,67,1,98,50,20,55,70,78,21,94,100,40,16,17,8,24,89,50,25,17,46,93,100,81,98,48,60
41,62,47,46,5,71,71,64,27,95,35,46,72,14,35,23,53,68,88,61,33,42,72,85,98,22,20,87,41,34,26,64,30,40,34,37,57,97,61,54,36,48,79,1,36,54,44,43,47,28,73,20,40,91,53,19,70,56,10,96,79,44,7,33,65,66,48,56,28,5,31,48,39,52,47,58,13,74,54,26,92,27,29,97,27,27,77,87,63,47,95,42,18,80,64,56,9,96,93,16
33,38,38,51,23,16,32,82,73,4,48,47,32,10,27,71,30,35,43,18,17,45,96,12,91,80,44,82,46,33,11,21,78,61,88,52,55,98,17,66,69,80,99,25,58,33,40,54,57,71,16,48,69,92,95,19,27,5,42,1,9,47,60,9,26,62,55,0,21,17,42,86,38,55,56,66,24,99,1,69,69,50,71,37,35,91,53,90,3,89,83,3,60,15,42,98,35,7,94,51
26,70,6,10,76,88,25,84,87,28,74,20,45,94,0,71,38,49,5,68,30,53,75,31,59,24,27,71,53,28,54,4,31,65,79,63,28,21,78,93,41,17,4,40,23,70,27,27,63,15,84,76,50,80,43,52,69,44,63,48,56,76,92,19,95,60,55,56,21,94,15,33,86,49,11,20,50,95,53,35,12,80,53,91,17,15,68,56,95,68,58,11,99,84,6,69,54,15,44,82
39,30,15,50,50,28,35,23,48,70,26,45,87,99,32,61,61,35,3,32,25,59,1,43,18,31,66,64,54,77,83,7,65,22,12,63,17,20,51,78,41,7,47,85,95,54,15,7,100,6,45,56,9,28,59,41,68,15,71,3,3,25,61,58,71,75,93,26,63,98,46,87,56,3,26,80,55,44,85,47,94,78,53,58,81,69,63,27,25,6,74,60,95,99,33,98,97,36,96,97
7,84,31,5,32,81,36,48,81,84,71,7,51,78,61,63,67,8,78,76,6,67,78,63,74,57,45,36,96,58,76,76,12,82,48,9,34,88,74,42,12,63,16,75,13,60,38,77,67,72,94,65,62,94,57,49,77,41,62,2,37,14,23,29,22,58,36,85,86,58,69,64,78,13,94,51,85,79,8,47,40,46,55,45,27,100,61,81,50,84,27,96,86,18,3,55,97,32,33,84
58,68,49,41,57,18,30,8,100,91,86,56,38,38,100,55,62,1,63,64,27,66,100,8,2,66,97,29,47,58,72,45,91,20,56,90,51,79,76,99,1,17,49,6,94,17,14,27,9,70,16,53,81,91,4,7,30,37,70,7,79,47,75,89,15,3,52,22,43,63,97,62,78,33,70,54,98,16,59,98,31,0,32,3,82,82,65,20,5,33,17,53,99,79,90,26,56,6,85,15
42,98,45,84,76,34,86,88,22,69,69,70,77,16,95,81,79,57,77,38,66,53,3,6,59,20,12,25,19,31,78,95,2,70,79,64,59,22,20,28,29,83,100,26,93,17,47,30,48,27,61,78,65,87,96,67,53,79,33,88,22,72,6,29,76,80,56,71,34,64,56,48,48,84,14,2,66,27,22,100,79,2,40,99,84,10,80,43,46,73,9,45,62,26,71,79,4,21,17,64
40,70,50,13,63,50,97,46,69,61,54,77,53,57,76,67,71,62,63,29,81,15,52,98,60,38,28,64,97,54,18,12,57,87,9,26,28,85,35,7,42,65,29,31,71,76,0,37,67,11,33,75,30,38,68,23,3,67,53,22,83,33,23,47,9,55,86,53,27,46,51,37,49,58,38,93,55,70,99,76,45,83,51,88,69,77,79,58,1,52,74,87,91,38,51,53,32,36,30,83
81,46,60,18,82,90,89,47,22,32,28,76,74,45,100,44,75,69,60,46,67,72,41,85,56,54,24,22,95,36,35,81,50,64,32,13,95,10,99,6,32,18,78,83,48,51,67,63,44,15,85,58,46,20,61,25,23,43,60,24,51,39,12,35,56,88,62,4,2,57,18,74,54,11,34,46,79,93,43,87,22,81,32,18,14,74,94,9,17,55,1,98,24,24,45,13,52,45,55,81
49,8,38,90,91,80,87,70,84,10,67,6,40,71,32,54,99,77,26,29,19,62,1,46,4,74,31,49,29,55,53,18,50,35,72,57,21,77,6,0,98,35,27,49,7,53,17,29,53,92,70,73,89,76,51,26,19,38,28,75,62,49,57,68,22,65,66,40,53,88,20,1,13,25,0,9,51,100,15,50,40,28,33,28,19,7,73,92,72,42,92,62,62,63,15,1,71,19,58,98
25,58,65,79,83,22,45,12,44,84,3,15,5,80,53,5,78,11,57,50,48,94,3,57,69,20,63,88,97,12,21,79,97,13,14,46,46,37,7,34,51,88,16,69,36,42,34,37,80,56,89,11,21,92,46,100,60,13,65,28,4,23,32,89,61,3,32,60,80,81,37,32,60,58,82,21,55,13,85,24,14,50,36,70,7,53,75,66,75,54,19,81,54,11,36,6,2,90,11,29
71,75,90,30,67,57,30,27,74,29,33,78,77,95,45,16,74,34,56,40,99,27,70,25,33,19,64,12,29,40,32,47,1,39,36,45,51,17,72,87,19,65,17,21,33,51,50,75,67,77,53,13,12,35,66,94,1,60,14,9,82,57,14,80,79,57,49,28,19,89,95,86,32,41,47,11,76,88,79,44,94,16,99,22,10,38,46,34,42,48,47,56,10,90,29,22,96,79,12,14
46,53,36,50,48,18,38,44,14,66,70,66,14,81,6,53,72,53,38,98,8,3,7,35,7,80,61,92,28,96,75,26,92,81,29,40,39,72,87,27,92,55,32,28,66,28,68,39,34,66,7,54,59,49,98,87,41,76,64,28,93,14,15,14,13,51,3,45,41,40,17,100,12,6,14,79,80,76,96,28,83,38,31,41,20,9,53,61,35,24,30,42,29,66,98,90,67,99,25,61
70,50,35,56,71,49,15,7,56,20,48,51,23,100,17,39,33,76,3,33,10,93,25,95,84,95,38,33,1,1,57,38,64,80,62,34,49,64,46,39,61,82,15,55,97,2,46,84,30,5,95,44,5,19,44,71,14,65,60,3,84,27,29,77,60,76,92,86,73,85,30,98,85,24,63,99,91,11,64,5,19,43,27,25,45,22,93,30,75,42,81,62,35,8,48,81,38,89,84,6
17,89,24,25,34,55,6,92,95,30,36,0,0,99,77,73,9,23,77,14,59,68,23,4,43,77,6,36,40,78,99,36,57,8,28,85,57,62,69,61,46,96,59,82,75,34,76,62,37,87,41,82,26,94,46,30,74,50,25,59,96,77,7,96,39,29,95,63,43,62,79,92,18,48,46,35,88,21,76,45,34,14,76,99,14,20,50,58,78,41,29,76,85,0,93,63,33,53,85,78
52,31,8,53,87,87,2,36,70,69,33,73,13,1,8,85,92,92,27,12,59,84,71,7,99,100,32,92,18,46,74,35,0,73,81,21,11,11,73,1,98,92,26,71,84,91,15,18,61,21,34,50,64,87,13,54,52,74,58,94,67,32,83,41,7,6,7,54,39,37,43,5,80,45,73,35,38,5,57,14,47,27,2,12,80,47,36,42,28,65,75,15,29,19,2,44,48,50,71,72
62,59,23,42,50,26,11,17,81,76,94,11,48,18,7,67,26,46,35,15,80,84,52,89,82,2,46,21,12,98,54,48,68,84,75,61,15,44,45,51,34,84,11,10,69,90,0,4,53,16,59,72,81,7,54,35,75,89,25,30,55,23,36,97,39,15,77,72,12,63,18,73,82,10,65,19,30,93,33,24,89,92,83,33,14,18,39,45,9,46,35,10,50,91,85,71,36,44,98,38
60,88,13,15,84,23,13,46,29,37,7,38,97,86,21,85,44,36,53,42,75,58,12,45,56,6,92,78,9,5,21,24,66,46,88,91,26,2,100,82,4,41,54,21,64,18,98,15,32,34,71,0,54,58,25,27,88,43,48,18,20,75,44,84,74,27,46,91,85,53,50,96,92,32,86,14,83,63,11,77,4,46,14,64,70,53,68,5,23,26,29,74,2,54,88,26,51,37,97,46
50,90,87,60,90,11,39,47,72,1,95,95,61,99,91,32,56,62,77,82,9,3,97,81,3,29,100,79,67,54,83,13,92,51,53,7,45,56,84,53,36,80,20,6,85,71,42,63,82,36,82,64,91,12,100,83,74,99,54,100,44,36,26,51,42,6,22,62,23,85,72,10,89,34,53,82,82,88,57,41,12,6,98,32,14,42,73,59,31,31,36,100,7,7,50,97,17,94,80,1
58,59,13,92,72,21,68,71,82,59,74,7,90,52,56,9,47,71,53,47,97,69,96,26,94,34,22,1,75,80,37,70,24,69,40,35,49,57,3,98,58,59,75,79,80,7,26,64,47,28,8,54,14,20,91,61,45,95,90,10,72,15,34,46,30,64,82,95,83,32,9,39,71,82,38,1,0,17,55,71,74,40,16,70,70,91,38,81,72,82,62,96,80,99,78,57,63,81,33,39
46,54,71,55,94,56,48,27,69,26,11,14,67,62,13,60,2,37,36,42,72,69,22,59,5,3,34,7,51,76,7,23,89,54,31,58,73,52,16,55,82,11,78,67,81,10,83,75,39,3,53,100,38,41,13,89,14,68,37,4,1,15,93,58,11,75,80,30,11,9,0,33,66,56,20,94,0,46,42,73,91,24,30,60,52,2,11,63,40,35,12,18,2,57,0,97,48,9,100,86
68,35,12,67,24,96,15,2,49,68,48,13,96,47,26,19,17,68,78,70,2,40,35,92,14,84,0,44,35,16,95,17,79,92,0,25,6,49,15,37,11,28,29,41,64,88,37,42,58,35,22,85,22,36,22,19,89,60,18,76,45,3,12,30,36,46,93,13,27,34,38,1,61,97,39,25,30,98,50,9,8,60,88,18,35,100,50,14,37,49,53,37,15,38,76,89,87,82,70,49
84,20,30,19,77,15,57,60,56,99,94,84,78,96,65,33,32,43,3,18,13,68,49,4,72,96,72,67,85,73,55,50,47,6,78,63,65,8,1,85,18,89,99,76,85,51,71,85,47,7,95,50,97,70,33,89,14,63,4,31,23,72,0,95,62,31,1,6,86,99,63,60,60,88,3,81,91,67,42,59,62,9,40,52,52,95,84,17,57,56,60,78,39,63,50,28,37,84,36,56
51,61,9,65,78,75,90,44,74,79,51,32,21,59,54,41,20,49,25,59,50,4,8,83,24,40,98,93,34,100,74,49,58,60,72,98,78,2,91,26,73,30,81,14,76,29,59,51,33,61,49,2,33,11,69,18,13,86,70,52,95,45,75,1,76,96,63,14,80,44,95,6,1,83,0,16,72,10,42,2,80,80,4,13,9,71,36,36,66,32,15,99,41,29,97,38,9,84,55,11
44,59,84,87,18,89,7,95,92,93,52,60,24,30,9,46,15,23,41,14,60,100,70,15,77,27,33,25,63,71,94,8,65,77,85,56,22,24,14,27,33,100,91,3,46,67,4,83,25,93,6,39,47,79,10,82,50,33,46,87,52,59,43,99,21,69,35,54,85,50,18,77,60,12,81,1,44,100,7,87,6,97,77,63,56,100,52,23,62,51,85,35,56,32,88,65,47,96,52,76
3,95,33,50,59,83,62,86,0,39,81,28,34,76,8,85,24,85,47,2,33,55,90,57,22,18,64,56,98,31,49,19,87,30,48,31,2,61,18,5,39,16,71,52,83,78,49,65,49,28,42,92,85,38,10,44,98,16,81,78,93,0,96,28,80,42,81,46,31,7,67,40,77,44,92,40,78,28,97,46,59,19,10,49,25,45,51,81,21,68,69,16,42,59,27,38,99,90,77,30
12,75,86,82,67,0,50,63,41,36,64,4,2,85,33,52,33,95,37,45,30,94,39,51,14,43,86,68,29,54,77,27,27,65,70,27,17,49,72,34,41,38,43,13,33,51,54,3,99,81,44,74,86,41,6,52,78,5,98,55,39,87,79,87,19,85,20,4,45,43,37,72,1,69,33,43,60,0,95,83,83,13,70,36,37,14,47,48,67,97,98,10,48,59,44,61,87,86,19,49
81,52,24,72,61,82,83,21,48,66,7,100,66,21,29,95,16,47,71,78,28,49,58,16,35,49,91,91,40,33,12,97,93,82,13,73,12,93,17,98,100,18,49,16,55,78,61,63,21,40,82,43,70,61,55,18,28,81,99,57,13,88,98,41,9,95,46,70,29,63,68,30,75,57,72,68,45,0,98,72,88,14,12,43,97,26,44,18,77,23,42,89,96,64,40,39,2,13,26,40
64,25,31,53,53,39,33,18,37,97,79,54,96,63,76,94,37,53,2,86,45,3,63,11,81,14,92,92,29,23,2,97,94,86,3,19,45,95,38,30,87,8,54,24,70,27,68,97,87,7,28,10,39,67,41,0,17,37,42,1,15,97,33,45,96,33,41,35,65,82,30,15,40,27,57,52,58,85,83,36,99,84,4,15,26,30,60,11,28,21,86,66,33,81,78,84,46,71,5,64
28,28,83,62,76,34,14,71,41,54,54,50,93,27,71,31,35,19,55,63,34,4,37,79,82,8,52,8,48,57,32,27,23,78,66,18,4,100,81,98,30,47,42,27,86,26,53,46,89,53,37,60,48,4,56,4,33,30,32,41,5,60,77,80,81,21,54,34,79,2,67,6,77,14,83,81,27,100,61,10,42,6,96,73,22,19,60,58,72,30,78,98,29,33,19,76,78,83,21,30
58,86,3,76,86,7,12,31,95,97,79,7,91,11,15,32,70,38,65,80,87,13,19,69,81,57,82,93,60,9,55,71,64,64,34,33,45,58,53,18,19,89,66,65,61,66,66,43,67,72,29,19,88,1,58,22,11,72,1,57,90,56,32,52,82,62,75,43,20,96,17,88,81,4,8,82,34,17,15,30,25,50,69,100,55,9,26,53,2,74,3,51,2,12,40,14,33,30,73,39
87,44,70,64,0,59,64,2,99,95,30,70,44,30,42,66,100,36,27,84,24,62,43,90,38,60,17,88,67,92,36,89,10,23,37,11,76,1,94,84,78,25,80,88,94,26,100,73,66,7,71,19,39,96,100,18,43,32,4,58,20,7,4,52,80,47,16,22,55,91,34,12,64,92,14,91,33,31,95,82,65,34,39,67,24,58,38,28,16,90,15,11,67,74,38,74,56,43,39,64
71,82,61,43,61,57,73,42,32,88,71,98,46,37,30,70,17,75,12,55,45,42,31,89,52,5,51,26,97,35,43,3,68,64,64,23,99,22,2,16,84,18,49,1,66,22,99,16,56,20,7,16,44,95,62,61,52,6,48,98,89,16,56,37,33,91,33,58,31,69,43,3,84,15,75,50,71,75,77,66,8,70,39,53,73,36,69,75,82,62,5,64,5,64,80,29,47,61,23,90
36,17,20,13,19,5,78,24,5,10,51,59,32,5,6,94,22,75,56,89,13,4,25,63,66,53,39,17,58,42,10,62,78,29,1,53,73,53,82,2,15,95,42,83,44,92,1,92,9,53,69,26,93,0,18,91,69,63,28,1,68,79,9,29,58,44,94,100,95,47,84,95,51,55,12,18,71,25,33,95,81,20,3,53,94,41,1,73,17,15,13,46,7,11,43,49,74,0,40,96
56,43,95,5,95,2,92,12,19,55,78,71,49,71,87,34,39,95,24,34,14,11,53,67,91,95,97,35,57,93,1,4,81,22,23,21,80,11,82,34,28,26,17,11,79,57,27,37,32,82,67,58,0,89,92,20,37,33,12,60,82,16,84,40,23,28,61,89,56,48,12,34,96,46,50,9,37,33,14,87,1,67,55,89,67,13,34,63,14,63,38,4,9,47,50,42,82,80,33,74
51,50,100,1,87,74,28,10,100,33,12,43,6,30,32,23,90,45,19,90,28,19,35,100,80,96,96,23,29,67,6,69,58,28,76,5,27,36,89,24,34,47,5,87,50,12,64,42,42,2,34,67,24,95,49,79,80,68,21,100,79,37,58,86,80,2,45,80,47,15,98,57,44,68,15,55,34,86,4,48,54,33,0,95,28,30,58,83,38,50,0,12,50,66,49,39,88,93,27,56
95,6,28,36,53,57,30,72,82,39,81,36,92,64,75,71,81,2,16,51,42,95,44,33,92,51,68,1,57,88,36,91,15,88,32,67,9,32,13,2,73,71,90,80,82,95,46,20,76,69,71,93,10,96,85,79,89,90,82,18,17,15,70,66,34,0,73,5,34,34,48,90,5,1,21,88,57,45,70,17,71,25,32,12,25,82,78,76,50,32,79,85,91,10,18,56,26,90,25,26
61,1,79,59,76,96,86,5,65,58,87,90,11,24,46,3,98,11,96,97,53,25,81,80,90,72,69,24,31,68,21,66,58,24,6,37,70,85,17,27,40,52,32,94,18,21,59,29,98,67,84,7,13,51,68,82,65,78,68,51,55,21,32,22,38,84,74,48,18,99,56,83,36,2,25,12,48,100,73,15,6,17,59,61,10,82,68,16,67,71,67,3,4,63,57,6,0,52,95,82
65,90,31,31,35,20,28,99,61,8,10,2,62,76,68,30,12,61,77,70,95,13,75,78,55,4,37,71,80,71,46,31,79,42,10,95,99,46,89,92,43,23,34,99,65,24,77,24,99,19,41,50,21,81,13,26,60,11,55,1,68,4,43,26,44,23,40,12,12,42,32,28,22,4,93,51,24,49,83,42,25,69,17,69,95,7,91,91,93,54,85,73,85,51,81,8,28,20,99,39
97,79,37,32,85,42,22,72,1,28,71,98,44,5,15,90,5,57,60,48,44,59,52,8,76,17,22,82,82,75,95,63,59,93,68,82,11,16,54,35,98,71,18,66,9,60,5,57,32,39,54,30,53,50,3,19,99,1,52,85,30,86,84,11,57,98,72,84,51,71,28,86,70,65,59,82,53,97,72,48,49,98,98,68,36,91,41,97,36,16,5,66,93,14,67,74,64,28,55,100
59,7,39,63,21,75,22,77,84,5,14,39,21,0,47,98,74,33,61,63,65,40,76,68,82,19,79,75,10,96,46,27,49,95,72,47,41,97,10,31,29,19,44,55,96,86,62,93,71,74,25,87,98,99,82,89,73,87,49,61,89,17,74,47,90,11,95,22,57,17,52,41,65,57,36,49,43,89,75,37,4,59,93,81,60,1,24,65,56,20,39,89,96,35,48,11,14,47,59,40
75,55,49,77,1,77,30,9,13,7,60,48,50,25,77,89,97,62,80,97,42,38,23,41,29,18,44,68,90,39,36,9,59,74,86,78,49,43,70,26,76,87,38,17,22,25,61,44,21,18,12,10,40,3,69,4,74,29,35,96,30,85,45,1,23,83,21,14,96,16,45,99,94,40,23,47,41,51,94,16,71,66,43,53,31,79,77,70,58,65,12,16,66,12,35,95,0,71,70,79
36,84,7,69,29,22,90,39,2,54,60,87,58,41,6,40,8,95,38,5,48,8,4,21,90,74,3,34,34,91,51,34,73,43,73,33,16,44,84,100,66,25,67,39,61,77,94,11,37,97,22,73,42,42,87,77,19,98,89,93,47,8,60,37,64,89,4,79,59,84,29,50,54,2,67,53,6,81,9,93,8,52,51,91,100,100,74,41,32,0,68,74,65,76,1,62,88,51,22,49
46,18,67,77,63,27,7,63,17,29,79,71,97,22,32,9,89,63,28,54,14,63,11,5,57,8,73,51,17,62,92,73,26,39,92,44,93,71,65,52,57,47,43,70,71,94,62,61,31,42,37,11,97,99,73,4,65,50,49,36,82,98,3,87,39,49,41,26,12,95,83,51,80,82,24,84,50,87,7,69,13,18,100,28,74,0,67,28,59,63,1,31,72,58,63,26,15,7,73,70
58,54,3,31,13,61,59,91,80,42,84,9,62,19,77,24,12,3,8,31,62,95,48,52,76,63,99,84,46,11,61,16,26,19,91,97,74,19,48,86,30,63,42,92,39,92,46,77,67,33,33,74,36,85,73,51,89,96,30,81,45,13,88,95,88,78,68,16,93,39,53,93,89,19,27,15,10,18,95,0,13,35,76,60,98,18,30,20,89,50,85,59,99,65,11,5,35,66,67,44
40,63,94,41,66,90,72,72,9,51,89,57,27,10,42,44,97,53,0,68,80,16,18,82,55,100,21,57,25,52,94,68,6,62,98,92,13,84,40,45,6,78,99,94,79,10,59,17,31,3,42,10,29,10,87,31,95,19,26,34,89,9,81,88,48,94,16,26,80,48,81,3,76,0,36,75,82,61,40,88,4,19,40,80,93,63,91,93,66,75,64,78,12,58,30,23,71,58,44,13
35,97,37,35,51,99,49,85,41,33,64,94,83,25,94,1,58,76,59,56,33,56,1,100,55,71,1,12,21,23,29,65,83,68,9,66,30,89,50,73,25,94,87,22,44,83,59,44,79,69,73,13,2,56,45,77,62,15,90,46,14,48,30,4,33,27,16,22,60,99,80,97,90,94,35,5,31,89,15,82,53,65,98,31,32,38,15,95,43,83,57,61,73,43,52,13,39,22,24,64
51,81,18,94,96,38,72,39,3,25,9,67,34,51,56,55,74,74,59,33,16,21,66,77,6,48,38,100,77,8,13,42,96,89,75,93,59,40,3,97,7,43,59,38,74,5,83,44,68,53,46,79,34,50,60,14,70,17,100,88,62,76,68,92,27,85,2,75,76,33,24,17,38,61,72,19,93,39,74,73,55,33,52,67,9,21,67,19,16,86,12,79,51,72,74,41,60,66,49,98
99,82,79,41,95,4,93,94,94,81,43,83,8,52,42,57,32,73,53,54,52,75,92,77,84,72,29,13,17,59,71,74,43,3,46,3,45,93,17,7,74,77,59,73,17,13,14,34,39,29,93,92,27,17,52,88,85,94,90,22,7,90,2,78,35,56,54,39,30,67,88,16,57,69,25,41,40,95,37,32,13,31,17,84,70,37,91,85,23,19,93,91,40,32,22,49,82,91,74,95
28,14,29,16,36,62,9,28,75,13,25,30,96,18,68,68,94,58,16,60,91,0,45,75,14,64,90,60,10,38,54,74,7,27,72,97,31,78,70,43,67,62,35,11,93,73,1,2,31,70,55,93,31,68,40,21,48,46,54,75,15,73,96,18,34,41,25,100,78,64,62,55,95,46,47,91,17,7,49,17,60,33,58,4,4,29,56,93,71,20,70,40,16,13,95,10,27,30,52,96
27,93,38,4,87,27,48,8,92,75,34,39,68,16,74,5,30,25,60,22,80,24,27,53,76,35,14,98,43,93,31,50,96,73,61,67,39,52,30,42,71,10,91,39,1,32,49,87,77,21,48,99,31,63,84,17,77,24,58,20,35,40,3,24,84,2,6,49,73,47,3,84,31,9,77,74,51,41,63,55,18,81,34,3,90,19,97,21,18,90,13,36,36,29,100,56,76,74,62,57
31,36,32,54,8,70,93,8,4,25,56,33,8,41,92,73,46,65,88,94,60,78,59,47,73,32,19,71,67,14,3,87,14,78,99,47,97,27,35,65,73,88,84,53,18,65,15,41,13,31,63,95,31,98,82,74,55,95,39,62,38,66,30,45,50,35,44,35,1,80,87,94,26,54,32,100,11,100,7,58,52,40,17,0,31,37,67,64,20,27,31,6,61,73,95,69,61,1,25,59
80,33,33,95,43,32,31,65,19,66,50,94,5,14,13,57,83,81,30,53,19,75,87,38,62,32,39,19,46,16,56,95,1,45,82,28,31,46,48,27,17,92,44,7,25,3,71,88,31,93,40,81,98,43,29,75,63,48,10,83,72,36,33,76,74,4,9,32,46,2,69,41,84,37,58,12,79,64,55,49,72,52,93,14,18,44,17,81,85,74,49,100,67,4,50,77,49,14,35,61
82,94,59,39,87,94,68,10,73,32,77,81,6,61,45,32,97,55,90,89,17,9,23,16,19,37,25,67,45,26,37,96,89,100,60,60,84,85,86,20,76,43,23,76,9,76,31,68,76,31,80,52,17,24,9,8,73,42,13,69,31,75,58,67,96,65,57,13,53,46,22,14,97,84,9,43,50,3,59,26,20,70,41,72,48,74,0,5,18,71,25,94,94,69,43,58,86,65,52,50
19,17,9,24,50,8,39,77,93,100,40,48,19,58,27,90,100,52,24,78,68,36,54,34,6,46,38,78,60,11,77,17,81,77,16,40,83,75,40,59,41,34,3,84,94,73,79,58,87,86,39,68,31,72,36,28,29,93,46,45,66,53,5,24,7,20,97,50,66,78,87,23,52,9,30,68,89,0,27,60,32,8,2,45,18,63,93,91,60,32,15,10,54,90,68,44,9,39,66,77
69,31,70,83,96,75,65,60,47,2,43,52,75,59,81,75,63,17,49,9,12,58,95,36,35,45,59,42,92,15,46,75,8,85,50,2,33,81,96,15,75,99,43,88,64,98,61,26,44,8,41,5,68,35,61,37,40,45,95,39,73,54,13,84,57,36,50,46,1,58,37,0,12,80,93,23,59,17,66,46,95,63,11,20,71,66,39,99,10,26,2,55,27,15,40,15,100,61,22,38
16,34,9,64,70,25,100,72,93,76,71,27,59,66,25,35,77,79,36,2,7,17,26,14,42,35,14,35,61,71,62,69,77,77,3,56,54,4,1,80,82,46,64,41,13,12,62,9,86,98,64,58,90,25,20,95,13,77,57,70,40,43,27,44,76,37,89,2,37,98,20,26,94,85,98,68,8,37,80,29,4,16,84,8,83,45,41,14,61,17,23,91,88,42,26,94,56,11,27,37
97,80,49,96,44,44,61,26,38,37,90,19,51,51,95,47,90,55,75,97,43,54,61,3,17,22,68,59,45,7,54,27,0,57,86,72,94,90,68,73,3,61,13,62,32,80,100,54,2,70,65,72,82,74,17,25,25,46,35,59,93,12,7,40,36,19,17,63,97,74,8,63,90,36,33,29,94,6,40,58,3,90,82,92,45,94,53,53,73,34,26,48,54,87,71,29,40,50,32,40
79,31,74,7,81,57,66,8,0,17,27,9,73,95,85,35,84,66,21,79,39,100,27,11,98,50,21,53,66,96,6,10,10,82,40,26,86,46,50,43,57,97,12,17,82,65,87,91,49,16,16,18,83,70,87,72,29,83,21,57,24,57,60,61,61,18,59,66,90,9,5,95,89,87,38,69,6,10,65,26,70,2,21,76,76,96,25,81,56,63,31,73,28,84,68,59,84,55,46,70
23,69,90,29,17,21,29,30,39,56,51,60,61,87,24,59,45,14,44,76,63,71,30,88,84,81,0,71,46,70,85,54,27,64,93,70,8,54,76,43,72,58,46,6,62,21,90,76,67,43,88,7,10,48,76,29,26,53,58,87,28,19,88,88,71,45,82,41,75,37,41,50,81,28,48,91,82,25,2,64,23,84,25,56,59,100,42,7,54,16,58,69,31,83,45,29,67,6,81,49
91,36,57,30,46,1,83,13,89,31,41,89,30,84,41,24,11,31,31,63,65,11,18,97,66,72,69,21,46,16,68,22,78,45,94,39,86,41,51,100,15,20,30,5,35,64,5,81,38,37,81,55,82,53,45,88,43,52,90,14,24,57,2,35,97,81,85,73,10,38,53,90,62,5,48,50,99,5,4,3,74,46,1,90,60,16,21,94,55,15,13,8,57,41,72,59,100,69,38,81
72,35,65,57,93,18,66,28,4,32,62,15,30,49,20,15,29,74,7,51,28,3,69,65,51,81,0,29,7,94,37,0,45,47,25,10,16,77,86,11,4,80,29,94,1,66,92,20,46,61,62,69,13,55,34,33,93,16,13,12,77,29,7,13,75,63,97,16,35,79,63,81,34,54,8,40,8,88,27,36,32,71,37,65,58,75,21,87,47,99,7,68,47,80,92,88,10,12,91,90
73,79,72,61,4,35,45,74,13,85,78,45,38,12,98,3,47,47,26,53,73,24,77,48,21,52,54,11,60,47,51,8,65,28,92,77,72,46,66,4,6,80,21,62,82,33,80,75,92,69,9,100,94,8,54,89,76,88,40,71,63,30,48,2,25,96,77,44,98,72,44,65,8,46,52,95,60,29,55,94,48,59,43,37,55,72,80,92,42,62,19,57,75,16,95,61,98,86,24,11
63,48,13,40,60,48,39,86,4,78,28,97,31,49,38,3,89,12,17,4,99,72,100,31,83,63,33,76,58,16,0,47,92,97,68,67,41,75,38,54,50,6,25,66,91,16,14,27,30,6,65,49,22,37,60,20,13,28,96,61,65,31,94,87,16,44,88,37,79,33,73,41,98,17,64,33,4,58,42,45,59,36,52,69,22,36,41,86,20,59,86,47,41,89,96,22,29,51,10,96
37,2,85,25,86,31,95,90,11,73,69,88,67,49,60,3,42,91,66,53,85,14,55,9,62,33,62,47,77,38,23,27,47,44,44,26,6,100,89,48,95,98,74,14,68,42,77,34,19,63,88,11,24,16,19,7,6,44,29,75,1,23,13,86,62,84,3,32,93,77,13,90,66,43,54,80,62,100,96,71,84,11,7,55,77,61,67,61,1,70,56,54,14,40,31,1,19,50,48,78