84,28,81,68,54,46,28,40,47,14,92,44,98,56,84,69,51,62,38,96,93,69,85,91,43,75,67,62,8,0,12,86,29,51,51,28,15,12,2,88,12,76,76,70,53,9,65,82,18,70,86,63,68,86,49,49,10,25,19,54,11,58,92,95,44,69,4,23,86,96,55,46,85,90,48,50,28,91,29,76,36,64,6,50,28,2,28,41,90,0,57,46,3,78,41,78,7,69,95,7
99,18,45,61,1,65,86,1,25,81,15,12,92,44,22,63,1,13,10,69,59,68,8,1,49,47,71,87,39,19,64,24,76,13,82,85,61,66,74,67,28,73,0,71,98,66,61,85,76,35,98,60,52,11,45,81,51,63,19,79,93,54,75,3,53,36,8,88,9,44,85,92,59,27,48,70,93,86,39,21,44,5,72,71,25,32,7,46,13,61,3,70,27,19,76,0,72,23,39,15
70,84,28,74,11,87,86,53,67,0,58,83,75,91,30,51,75,6,18,18,43,13,51,100,66,4,74,69,76,37,0,42,70,94,82,78,40,40,95,90,77,52,21,77,74,88,55,5,59,83,65,55,65,83,28,30,54,42,10,30,92,78,30,54,58,48,7,23,70,76,53,70,28,45,94,90,5,24,75,52,29,70,41,51,88,97,3,79,35,35,51,62,98,11,15,3,78,60,76,67
51,61,32,35,79,42,59,90,60,89,100,69,12,11,84,77,89,67,20,66,53,19,73,51,59,53,55,16,95,52,67,89,42,23,83,14,99,88,63,91,67,60,12,42,9,54,29,16,84,78,96,97,78,36,46,60,39,39,71,92,84,6,34,22,17,97,97,9,85,85,61,56,45,30,29,44,50,6,49,7,40,33,91,28,27,72,43,95,69,10,42,56,79,95,51,11,69,54,30,62
42,8,44,36,90,43,72,39,15,97,45,72,64,46,81,30,83,50,0,70,29,33,43,11,31,5,34,2,92,85,44,65,17,36,41,81,2,94,42,24,98,18,20,67,95,66,31,100,67,46,36,25,50,23,57,10,3,28,20,28,3,19,16,9,6,57,39,16,32,3,86,49,90,70,80,73,13,46,11,64,28,40,62,18,63,93,94,24,69,50,58,94,9,20,36,77,22,98,9,35
90,29,83,91,84,84,13,43,90,4,94,46,21,23,17,88,9,29,69,65,67,8,52,77,3,69,38,59,35,92,0,62,14,25,68,25,27,65,75,40,11,84,76,29,31,82,22,19,72,38,8,90,95,81,29,9,3,61,40,22,86,25,44,74,66,80,73,23,24,77,65,86,56,68,2,94,72,51,45,91,76,75,84,48,98,90,33,79,10,75,7,66,19,9,71,11,43,80,81,20
50,6,5,87,1,82,19,69,72,50,14,5,47,93,36,14,83,67,24,65,26,17,90,43,91,50,73,98,55,90,34,92,40,46,31,31,62,53,12,69,70,76,23,65,27,12,17,54,66,39,47,76,98,69,48,77,6,9,85,61,92,1,61,40,29,30,46,9,34,13,72,47,73,89,16,18,24,28,69,50,4,44,3,87,17,4,1,18,27,27,51,26,79,97,37,98,81,78,12,67
1,9,69,48,57,21,5,58,9,84,13,81,68,31,76,17,8,16,80,22,88,49,84,78,63,25,30,100,32,11,88,15,74,53,99,99,94,68,28,58,70,27,20,92,83,16,13,1,1,49,6,100,48,78,23,99,44,35,75,95,57,21,49,61,16,53,55,50,5,72,35,97,9,30,51,99,9,88,75,8,48,99,70,20,64,60,66,61,11,25,76,75,54,79,87,96,78,57,28,49
30,68,8,2,63,40,92,97,58,23,58,8,79,33,47,57,20,75,67,14,9,18,73,53,59,92,69,75,39,44,3,99,57,72,11,83,68,30,45,63,40,88,29,11,94,47,59,38,81,44,85,67,31,75,96,56,45,4,11,90,65,45,18,45,0,26,25,99,49,31,62,16,63,6,24,67,45,34,17,84,79,64,58,52,99,50,66,74,71,36,17,16,27,57,78,97,5,7,47,20
90,82,93,49,9,96,63,49,4,57,48,55,39,96,37,63,25,14,25,56,65,56,40,4,27,11,11,94,27,8,26,1,40,73,93,87,45,65,80,2,97,64,73,68,94,78,3,97,81,33,9,11,72,36,94,46,45,24,7,4,86,73,52,46,75,21,51,53,26,86,14,19,0,4,79,91,37,75,33,61,46,54,60,57,22,88,26,90,52,9,26,77,83,63,36,73,82,74,27,35
13,25,75,1,61,77,51,12,45,74,75,24,68,47,97,69,7,35,55,4,86,99,9,88,95,54,43,11,61,38,98,48,2,45,1,100,1,19,53,76,99,15,18,77,75,4,10,73,96,86,59,66,39,20,60,22,60,30,100,100,50,20,72,66,7,76,9,7,76,60,23,31,54,45,88,90,82,14,73,35,11,53,62,10,26,64,53,0,18,18,45,80,60,76,92,13,39,81,28,54
85,9,79,86,7,73,95,71,76,78,88,35,20,87,80,0,94,3,61,30,27,14,47,44,97,87,31,77,75,97,56,98,15,71,78,35,18,63,74,86,27,49,8,59,75,0,53,81,25,16,34,23,15,94,98,45,57,4,39,38,32,83,30,74,97,97,92,48,75,42,75,65,51,9,84,10,41,78,2,0,59,15,57,79,73,26,3,7,57,27,22,15,39,92,65,53,49,5,29,83
49,50,83,59,18,97,77,39,54,42,78,78,97,50,40,51,24,87,16,97,75,78,30,11,47,49,73,47,74,58,11,36,65,55,16,54,45,32,96,42,4,70,19,55,21,3,16,60,3,50,96,8,17,11,100,68,70,20,28,97,97,25,39,48,96,21,33,73,74,4,88,68,40,2,93,41,90,84,93,68,64,15,82,16,10,57,95,84,16,49,82,36,65,81,6,17,9,45,22,32
57,98,19,79,51,33,67,32,72,22,87,36,88,8,15,98,86,4,59,8,48,58,19,36,49,69,92,86,2,48,43,72,11,5,87,84,97,15,6,58,55,98,82,16,50,5,21,33,18,19,53,29,0,67,51,68,67,16,75,93,58,19,7,27,96,3,44,34,59,40,89,18,79,93,85,6,30,85,82,78,100,29,38,27,93,36,67,5,18,77,56,85,32,65,84,20,12,70,64,88
1,2,84,90,16,83,43,5,21,18,18,88,59,77,99,41,70,71,80,5,32,30,71,68,78,58,82,86,91,86,67,98,97,92,57,77,48,46,97,80,45,66,18,19,20,12,98,86,32,91,87,87,90,16,87,1,59,66,97,14,16,58,92,4,37,93,74,25,43,35,0,51,5,53,15,84,45,24,75,49,80,47,39,47,40,30,33,58,9,86,83,49,65,24,41,3,76,34,87,33
28,15,74,90,17,37,43,7,40,61,86,38,44,41,41,29,60,44,78,82,25,56,62,14,16,76,23,11,45,100,64,82,58,81,65,27,93,73,70,81,60,92,94,48,14,78,31,100,86,5,31,49,28,24,9,35,96,38,85,91,19,70,17,5,33,7,42,96,70,91,13,64,62,26,51,37,22,47,61,14,36,91,28,68,10,20,67,20,62,5,87,88,2,95,33,63,18,9,53,54
88,8,93,68,85,73,20,78,4,99,57,77,20,65,65,4,84,79,94,8,87,45,84,0,52,15,83,36,97,9,59,99,92,60,96,35,67,26,45,97,12,96,48,26,11,56,19,34,60,99,74,23,52,77,45,19,83,58,32,96,87,69,9,96,86,44,54,60,38,19,63,74,70,85,46,16,49,22,22,30,67,79,38,12,33,18,93,25,49,29,20,91,72,91,83,89,12,49,93,40
29,49,86,38,11,88,34,58,27,11,54,55,52,98,69,21,86,7,5,1,51,61,60,30,72,11,86,18,55,47,52,62,13,37,88,36,38,38,22,47,88,64,15,36,87,68,98,4,49,5,10,58,53,18,85,78,98,14,30,47,54,21,90,7,29,19,36,87,100,13,92,1,67,22,22,20,70,77,42,72,15,100,11,29,41,4,98,85,0,66,46,65,3,70,51,68,35,44,77,21
79,34,6,33,43,93,2,50,10,44,99,20,24,89,34,96,40,79,68,91,29,58,54,19,46,85,21,1,13,68,59,23,37,53,84,53,92,26,14,93,69,69,10,52,52,26,57,90,54,78,58,55,60,7,14,38,27,23,76,86,0,95,99,43,75,75,24,68,74,37,14,21,46,92,5,81,53,56,21,4,27,22,63,88,18,65,9,57,92,30,11,40,84,60,3,85,15,39,22,35
40,96,97,57,76,86,13,100,34,55,55,0,13,38,21,19,19,39,13,69,50,23,18,40,34,92,47,91,23,25,17,90,34,10,32,64,16,30,28,70,31,36,24,47,31,56,68,42,56,59,15,10,2,97,68,92,22,55,100,34,33,89,43,60,41,75,81,61,24,79,48,13,96,23,94,54,49,62,43,64,48,24,98,54,99,77,75,14,99,99,67,55,98,67,39,44,62,56,18,52
83,5,93,7,10,63,95,28,96,75,18,19,11,87,21,80,96,85,52,39,50,39,81,33,84,98,67,74,71,46,13,71,18,89,97,18,18,92,79,76,96,41,26,45,98,41,73,48,76,70,68,61,85,13,68,52,56,15,72,70,59,53,55,90,26,73,0,53,25,15,22,90,64,6,61,91,65,65,49,88,56,99,58,37,44,42,63,32,14,93,90,1,2,46,64,23,80,79,85,68
87,47,18,48,41,10,63,13,48,49,36,51,88,95,78,45,51,32,77,22,96,67,4,61,73,67,98,10,55,20,94,45,61,54,26,63,36,82,6,6,14,83,79,26,94,92,13,9,74,24,35,92,55,85,15,22,79,63,29,26,12,13,96,75,41,93,51,32,96,23,13,47,61,70,22,25,18,75,68,74,58,63,16,74,88,63,23,78,5,41,51,81,23,67,78,70,37,84,17,46
75,70,85,83,73,21,75,77,1,76,14,12,31,82,1,55,65,3,13,68,1,42,41,82,10,100,9,19,42,71,46,100,55,46,97,95,0,11,83,71,61,76,43,51,40,2,43,35,16,38,49,92,51,76,56,38,89,16,73,28,41,15,92,46,63,8,76,93,41,18,87,6,18,26,92,67,22,84,28,18,12,20,50,58,97,59,34,34,85,73,97,23,98,48,16,60,74,65,36,11
9,3,63,32,61,83,66,55,1,59,34,53,52,9,44,90,89,43,85,6,26,47,16,20,98,22,35,74,13,86,10,98,75,18,85,35,26,61,66,96,26,60,95,74,24,75,40,3,2,58,74,88,13,70,85,29,90,5,29,43,50,82,41,9,22,13,16,0,99,54,60,47,73,48,32,63,7,71,93,90,95,79,22,0,8,57,31,39,33,74,24,67,5,56,15,60,86,4,74,39
17,21,39,63,12,29,86,61,1,34,57,46,34,33,45,90,1,74,29,63,71,12,49,28,74,45,57,14,42,38,5,14,37,27,0,100,74,98,73,69,35,50,92,12,89,24,83,34,85,80,70,75,26,45,89,30,32,67,67,17,60,39,2,3,36,49,66,35,18,56,48,35,38,17,42,33,56,13,24,31,34,12,1,93,12,97,4,31,9,9,9,92,76,90,29,87,44,72,61,98
58,12,57,84,63,85,29,36,4,42,35,60,49,88,15,11,53,84,68,28,59,71,94,42,84,2,16,34,63,9,51,62,41,64,21,99,38,70,98,67,9,30,34,60,20,81,45,74,86,5,47,81,24,67,18,93,43,74,91,8,49,80,31,63,5,46,8,54,86,67,8,75,79,79,46,36,67,56,53,15,41,90,29,12,82,9,23,53,32,46,56,61,33,58,42,61,72,32,7,90
90,45,87,38,32,95,91,83,70,26,90,63,82,5,33,83,75,25,36,0,43,53,19,29,13,13,52,36,78,1,57,34,9,1,83,13,20,23,10,28,3,19,7,70,26,72,10,79,74,20,16,22,53,79,54,98,56,65,8,29,34,18,32,31,10,89,68,1,36,93,67,61,45,99,66,87,35,9,53,8,46,51,73,43,58,70,51,45,47,53,93,65,49,16,49,26,10,2,13,64
5,46,51,72,27,8,0,95,97,57,39,45,38,52,7,96,25,99,64,26,22,47,12,7,62,41,49,49,4,58,61,48,24,48,24,11,74,75,9,22,7,61,72,61,70,57,58,80,95,53,37,85,64,54,89,3,75,52,7,6,46,7,25,8,100,39,24,99,7,27,58,81,41,20,20,54,49,7,27,48,60,46,71,15,29,19,20,28,48,15,39,50,72,94,0,53,28,43,17,17
60,30,89,90,93,11,52,67,50,56,87,40,91,90,67,65,60,36,65,31,32,31,79,96,68,9,80,15,75,60,40,48,71,77,94,17,41,57,4,30,80,27,46,44,49,32,12,76,55,7,30,32,49,13,95,54,70,69,45,14,51,17,89,51,33,18,50,29,94,62,10,38,99,62,70,70,84,17,62,24,74,71,17,95,27,74,45,0,32,94,83,19,56,53,7,24,50,8,10,13
1,94,12,72,97,9,15,94,53,58,77,11,80,71,91,24,85,33,80,53,100,80,6,89,87,73,84,93,83,49,88,3,36,99,39,14,29,97,9,70,12,33,2,66,25,35,69,82,39,64,58,47,60,20,76,24,63,7,45,18,28,3,69,11,95,30,51,30,97,82,20,51,98,64,4,51,81,56,3,44,1,57,39,66,24,37,42,98,36,82,52,30,9,94,46,49,33,68,9,7
42,8,100,29,69,50,20,96,33,10,31,7,22,52,47,60,92,67,82,65,64,90,45,36,54,29,31,23,85,59,14,8,39,93,26,53,87,56,90,74,45,61,3,76,10,34,2,22,82,48,30,53,53,98,42,46,70,33,13,22,81,88,81,55,14,47,36,40,95,27,42,74,37,1,10,20,94,87,100,58,5,7,4,30,25,97,49,2,15,65,37,1,60,36,53,21,43,13,35,2
6,5,32,32,16,50,20,96,19,80,66,65,53,97,82,75,26,87,0,21,77,54,50,36,74,4,93,7,67,31,46,60,73,96,18,37,33,1,70,0,11,8,81,65,6,14,23,60,82,93,6,29,96,68,17,68,72,21,67,69,56,17,63,20,41,100,65,54,42,78,25,65,87,77,22,71,85,5,75,91,41,39,93,89,70,72,64,91,17,89,100,49,22,18,72,46,59,86,46,31
55,18,42,98,47,16,19,32,0,71,53,63,22,74,41,44,65,18,32,48,12,12,57,60,33,99,40,37,78,36,81,96,40,75,33,75,91,66,42,27,43,9,41,1,37,16,39,56,38,3,10,69,61,41,93,91,2,71,96,25,22,4,80,22,60,74,84,7,72,84,0,28,96,43,70,78,21,29,96,94,93,65,34,59,49,56,44,37,55,8,89,16,8,28,64,47,70,68,41,29
47,57,53,46,61,57,22,11,98,59,75,30,99,69,2,44,76,85,52,9,60,65,71,88,37,38,30,71,82,80,59,74,4,77,5,85,12,31,86,5,27,76,95,12,42,4,14,61,77,48,68,52,90,77,96,61,23,18,18,29,88,8,25,69,63,23,12,56,60,39,66,22,5,0,76,56,22,3,48,98,65,76,99,55,52,60,51,20,11,26,40,69,18,58,14,77,21,61,86,70
43,72,95,51,94,50,27,9,33,62,99,11,98,3,32,99,25,30,71,15,23,2,36,83,13,83,57,88,41,6,24,34,20,92,63,70,2,16,64,97,61,24,22,56,67,97,38,32,68,46,93,78,24,33,23,89,53,67,78,3,61,52,1,41,5,2,27,8,35,92,28,37,26,81,5,14,35,48,80,62,4,35,52,69,27,71,48,50,45,61,48,27,96,59,51,98,88,0,18,1
35,48,80,11,70,59,63,37,42,46,94,98,48,44,4,61,2,66,65,59,67,42,40,41,49,77,81,23,59,18,48,33,65,60,78,29,35,99,28,49,55,14,56,95,40,28,84,23,41,68,41,37,22,64,31,32,0,87,42,23,74,61,28,40,87,26,71,19,69,77,40,60,17,86,25,90,7,11,39,57,89,6,13,24,75,95,9,5,21,79,48,82,89,56,49,87,62,18,32,85
61,2,57,23,73,10,98,58,55,67,16,79,7,43,1,13,84,19,2,56,82,45,67,59,66,72,62,80,6,60,18,50,40,14,82,3,86,73,47,13,12,73,52,92,69,7,82,44,66,83,17,37,36,80,31,10,28,34,7,80,73,50,94,20,90,72,53,21,37,72,43,99,54,83,50,56,1,72,43,97,33,69,93,2,80,63,84,2,65,23,66,38,43,60,54,54,9,93,92,25
90,60,14,74,4,35,88,83,43,26,68,1,90,17,31,82,93,1,100,93,63,3,58,3,99,12,51,52,93,67,27,35,13,13,7,95,68,77,66,30,0,42,16,7,58,23,46,15,14,89,30,69,22,75,14,84,67,56,10,78,13,51,2,23,67,85,68,68,89,8,90,65,77,67,31,69,22,79,65,6,77,20,13,45,89,100,72,4,62,21,63,60,90,20,58,60,68,4,92,70
6,20,31,83,76,41,26,41,16,65,6,23,7,95,14,18,15,78,16,28,9,21,14,5,21,71,77,4,28,84,3,78,27,95,95,36,94,82,46,75,18,96,28,35,20,87,5,28,32,75,27,58,56,95,30,86,91,95,8,66,55,52,69,96,41,4,52,79,3,52,9,54,95,19,3,80,83,72,86,54,26,45,4,100,59,92,47,38,26,86,100,43,48,90,91,1,82,22,40,4
94,29,1,93,94,10,89,38,50,71,2,6,10,67,72,34,39,82,75,71,88,83,89,97,93,15,10,28,44,91,10,41,0,80,85,23,92,20,54,84,24,52,2,75,52,10,65,78,84,48,28,12,26,72,84,8,27,25,85,53,13,66,88,68,23,34,40,28,89,26,86,99,57,18,9,18,78,78,66,31,11,67,21,35,12,1,1,42,84,77,78,14,53,30,49,97,84,87,96,4
22,96,98,63,69,92,29,44,97,31,43,26,18,52,90,27,50,73,50,3,24,28,88,78,45,6,95,16,79,1,6,89,82,66,94,65,49,86,17,69,78,91,39,15,44,62,55,58,22,6,66,75,80,42,43,92,18,30,43,13,27,1,64,68,65,71,28,100,25,29,99,29,71,2,4,29,37,60,49,34,28,39,55,2,96,46,29,81,96,37,66,82,14,39,78,97,17,77,31,45
48,16,92,57,16,88,14,25,97,100,23,67,31,37,79,98,52,7,64,73,69,70,12,96,1,49,22,88,74,66,33,96,25,66,40,35,96,89,80,12,80,5,0,94,16,66,56,83,57,85,42,55,60,77,55,51,16,51,30,44,72,22,78,22,98,91,91,94,21,34,37,77,88,79,2,26,40,29,61,97,13,6,30,57,90,21,78,75,38,74,98,66,30,74,69,36,43,55,15,29
75,20,80,49,89,74,1,94,61,89,74,81,57,75,10,72,96,62,76,93,62,65,62,54,2,37,5,65,75,4,28,71,23,39,50,9,68,78,45,64,52,55,64,75,45,92,38,19,96,84,56,20,60,51,33,7,91,25,22,75,88,72,95,13,61,10,66,62,80,2,85,73,97,64,100,31,35,7,34,60,24,3,86,99,14,83,86,86,84,66,76,75,66,70,30,95,95,21,24,26
14,74,26,56,1,52,12,76,56,7,28,36,85,82,80,99,90,57,95,64,80,60,80,26,66,26,84,55,28,91,88,11,46,39,6,30,41,54,3,45,20,10,16,99,47,8,46,16,20,54,6,21,69,79,19,43,36,91,45,7,70,30,81,18,100,89,76,20,36,24,58,94,64,61,62,97,44,24,16,36,52,9,28,41,78,7,58,7,20,81,53,33,90,4,47,26,78,80,50,62
55,5,53,51,68,2,58,91,58,92,39,38,11,3,60,31,19,28,39,15,76,30,1,65,94,55,29,4,54,58,92,0,66,77,15,43,82,70,36,79,44,70,41,65,53,62,34,79,65,96,34,22,69,78,63,69,31,84,16,7,57,78,37,15,68,42,77,75,59,8,16,11,20,90,26,66,12,91,51,21,75,32,34,99,22,100,25,35,28,52,71,39,92,52,59,74,77,9,12,81
17,79,56,16,38,77,95,56,57,59,97,17,2,38,25,36,62,87,24,81,83,9,69,99,85,96,41,85,23,4,88,15,81,50,33,79,37,47,65,67,43,56,4,85,23,37,30,42,76,8,9,51,78,56,84,62,38,97,18,11,34,82,63,1,31,90,8,37,74,33,4,73,66,45,74,82,66,32,26,97,38,40,59,100,74,11,88,96,78,41,49,48,40,79,97,58,18,21,8,17
77,99,42,57,28,100,25,0,87,50,11,7,4,55,82,86,2,3,14,22,18,79,25,88,71,47,80,4,72,97,4,73,14,64,25,64,45,74,86,8,61,29,98,32,91,40,97,88,39,84,43,67,71,56,91,71,18,11,82,3,33,4,32,9,14,21,41,28,73,93,72,4,54,96,25,43,36,68,100,22,30,52,87,90,6,16,19,33,68,28,68,51,24,59,63,18,54,30,52,80
26,99,93,93,84,33,9,99,44,66,58,5,12,42,91,22,95,97,97,27,18,85,34,46,72,45,55,11,74,5,91,55,36,22,33,18,88,72,14,99,88,65,31,9,36,69,82,85,72,74,29,42,63,8,15,72,97,75,14,22,73,39,81,29,76,37,15,7,75,20,86,67,0,12,44,89,14,6,47,73,29,18,88,45,60,99,71,32,0,9,43,82,67,98,93,42,6,67,58,98
40,19,76,69,48,30,0,84,53,43,13,68,95,52,89,49,71,84,30,81,7,53,49,27,88,48,59,11,69,28,4,55,88,31,40,32,16,59,8,50,39,23,89,46,73,88,97,50,10,8,65,62,72,72,57,75,49,77,38,45,32,71,100,61,57,3,36,86,59,81,25,68,71,32,20,4,84,22,93,48,95,95,36,3,20,39,34,79,26,96,90,19,73,86,90,11,81,15,20,30
85,3,17,23,9,95,3,34,70,86,80,46,19,2,51,64,55,14,23,51,50,77,41,82,0,74,89,8,47,80,22,48,74,81,65,37,5,56,77,19,63,64,66,25,8,85,7,68,70,6,63,92,6,37,79,9,13,43,91,77,47,73,5,66,83,46,64,58,86,18,50,26,76,47,21,26,94,57,27,50,44,70,79,45,11,38,55,19,0,15,31,65,52,44,62,97,31,10,19,46
5,10,50,7,54,68,97,35,64,41,47,44,33,98,44,67,95,88,64,99,65,31,62,4,46,94,62,94,31,84,48,49,93,7,68,22,94,79,48,62,69,29,28,7,65,16,68,36,46,48,95,11,86,100,34,14,86,75,24,3,60,49,98,67,77,29,51,29,67,79,16,100,58,50,99,26,90,70,26,89,25,12,93,64,24,40,92,0,84,94,35,32,72,6,78,68,89,91,18,58
64,18,11,22,36,75,2,17,70,76,28,79,33,34,41,8,23,80,92,85,72,51,71,10,69,23,72,62,86,52,74,86,15,88,10,53,34,87,18,52,58,91,23,63,90,7,24,35,61,65,63,80,29,39,99,48,48,76,31,54,47,42,2,99,63,29,84,90,67,22,100,25,58,77,26,25,80,32,19,90,97,61,52,16,73,38,41,34,50,20,9,41,33,17,49,5,100,83,7,6
86,8,23,11,34,94,19,74,55,3,41,45,32,0,1,3,72,17,43,37,82,59,33,87,29,1,0,95,6,10,41,76,38,64,99,85,7,65,11,31,9,77,91,75,79,77,44,24,90,31,89,52,16,45,5,17,5,26,0,73,97,29,8,60,9,39,87,25,34,26,69,51,92,15,20,15,75,51,79,7,44,2,20,23,25,46,43,23,68,28,55,0,27,74,56,47,36,77,42,89
15,90,39,3,62,58,48,99,70,45,28,80,52,52,24,24,54,35,92,17,56,6,27,36,4,37,18,31,95,10,70,45,39,22,40,3,66,47,7,15,34,82,81,96,4,56,51,93,28,88,14,28,93,68,35,27,77,76,17,92,33,70,41,59,14,88,4,34,58,53,83,70,90,19,51,86,84,56,36,10,100,80,43,48,43,97,45,41,79,11,31,18,30,61,66,55,80,82,84,76
56,17,95,34,43,1,59,61,64,30,38,45,8,38,62,87,46,6,93,42,26,9,92,16,45,89,43,82,6,4,4,23,48,29,26,21,52,38,43,45,27,78,27,55,83,39,4,94,71,5,8,28,2,63,44,81,86,76,71,34,49,27,55,24,51,5,97,83,34,92,70,41,22,88,55,93,13,92,19,90,50,86,29,100,22,45,51,71,40,25,32,76,43,7,3,10,7,19,53,45
38,50,71,9,40,60,29,9,38,51,9,67,87,88,37,83,23,91,99,27,13,47,22,68,91,58,65,96,35,51,26,1,40,57,29,11,87,99,94,54,18,70,62,66,78,95,4,35,47,19,85,0,78,39,90,20,72,22,21,27,94,24,54,55,74,12,60,0,74,77,97,37,50,78,73,78,8,99,15,44,42,93,97,58,62,41,24,15,5,54,88,45,65,50,34,74,40,69,28,58
12,96,79,32,3,44,57,47,64,78,1,48,95,77,38,76,53,68,68,98,57,52,94,1,0,20,85,63,23,39,19,76,77,63,88,67,38,30,24,9,10,90,33,36,66,88,62,65,47,55,92,43,76,41,67,19,25,78,39,31,30,10,16,92,40,64,57,9,15,58,29,20,67,37,89,95,43,54,69,95,13,26,8,44,3,46,80,51,75,3,7,36,38,91,34,51,67,45,3,73
50,12,55,81,13,22,84,72,93,38,27,15,67,76,39,27,80,16,11,34,24,50,86,50,93,40,91,45,85,96,58,14,41,59,28,8,47,45,21,41,76,32,42,90,56,30,14,26,35,6,23,35,15,85,10,47,83,46,54,12,53,8,97,60,52,51,25,65,9,24,22,22,38,3,19,3,12,94,35,19,49,49,72,38,23,10,89,19,1,45,31,79,57,11,52,84,46,78,26,41
0,60,11,70,28,32,85,13,29,2,39,8,37,35,88,8,71,64,42,42,25,75,38,51,82,84,28,70,2,80,30,93,65,70,56,47,51,5,8,54,3,100,22,43,44,27,3,67,85,31,62,60,20,72,34,30,39,43,27,20,68,58,35,47,25,36,89,24,92,76,43,59,18,33,77,57,5,23,30,90,90,64,9,79,3,36,77,52,25,18,34,53,91,93,49,30,83,31,96,27
69,42,21,36,75,34,23,44,15,89,93,42,38,19,41,48,91,77,36,0,77,70,70,74,62,19,35,21,13,34,38,93,35,38,17,42,80,2,68,11,59,8,84,74,80,6,42,81,27,59,12,31,55,68,62,39,11,23,6,37,13,92,48,43,38,10,17,6,97,68,100,51,56,25,22,30,13,55,84,91,82,72,93,70,89,33,41,57,30,73,94,5,52,41,19,43,83,81,35,73
67,81,56,56,7,86,58,50,32,47,94,16,6,55,98,54,67,77,9,35,16,85,4,99,18,52,3,69,53,5,69,63,83,36,55,20,83,11,80,6,92,5,31,6,93,27,4,20,42,80,61,74,38,24,60,8,57,91,62,21,48,22,83,81,48,35,31,71,87,41,18,40,40,78,60,12,79,71,8,67,15,32,92,33,0,35,40,28,66,4,5,51,96,36,83,62,7,88,8,47
9,34,26,52,41,24,48,49,69,67,40,92,12,36,0,65,80,84,25,49,79,24,31,48,38,11,15,41,59,0,11,76,61,51,8,65,15,79,32,97,20,61,65,75,39,57,92,41,9,9,50,35,45,87,75,71,24,99,61,73,25,47,14,30,30,55,63,37,77,74,91,97,38,20,33,86,76,70,38,77,9,31,4,85,6,30,69,49,52,87,96,1,41,85,70,31,48,62,53,13
8,0,8,93,17,25,13,88,11,74,24,9,78,88,6,25,77,50,74,83,75,50,25,82,14,12,28,15,44,88,45,45,67,61,9,73,11,45,52,96,53,11,97,53,19,95,59,33,74,90,88,31,27,60,23,58,40,62,11,75,93,8,94,4,77,48,4,25,54,52,40,72,94,17,59,63,81,85,55,8,87,0,19,24,34,86,58,10,35,84,33,46,26,43,3,68,26,3,88,72
100,9,23,15,34,68,84,77,31,14,2,27,33,66,96,70,72,44,29,68,83,78,59,96,93,0,86,13,31,93,16,10,11,17,7,0,26,84,52,14,67,79,69,86,100,18,93,23,98,23,20,79,74,1,44,32,89,3,90,37,77,4,18,74,55,84,96,47,47,48,46,49,90,70,42,93,48,20,14,81,5,98,24,65,14,79,57,89,59,41,21,35,85,35,91,59,84,75,100,28
8,14,25,59,85,24,6,46,54,16,1,88,47,77,81,23,27,6,87,28,30,73,40,65,41,85,15,45,49,72,90,38,42,70,84,81,47,17,92,51,29,70,8,59,11,38,30,42,64,58,76,60,76,17,1,36,67,31,29,5,3,75,43,63,11,60,74,91,42,60,78,4,60,32,45,97,29,14,61,40,21,29,67,19,28,97,40,90,83,22,73,22,76,52,97,64,20,42,13,83
89,17,67,55,14,37,57,87,13,23,43,41,49,68,21,66,28,88,16,96,49,78,81,54,68,48,49,28,100,41,89,3,28,80,39,14,22,91,96,49,42,95,45,82,97,41,51,72,52,8,21,26,93,19,15,92,28,57,62,62,71,62,45,97,32,35,21,92,28,25,64,60,35,39,23,60,21,89,73,54,51,40,78,19,75,73,50,18,83,60,36,23,74,4,25,90,2,11,10,54
90,4,74,86,99,54,33,14,51,100,71,57,32,72,70,36,28,92,36,24,6,46,100,63,63,17,1,34,87,68,43,80,51,15,81,68,7,39,6,14,14,4,15,19,33,22,72,34,89,60,60,50,32,42,35,64,2,25,30,14,65,35,30,35,86,54,34,81,93,55,69,65,96,44,32,22,62,75,97,80,7,23,13,27,88,100,9,75,27,49,90,93,27,69,2,89,73,18,16,90
82,10,82,70,21,60,15,91,20,36,37,65,58,38,93,45,35,94,1,17,3,32,36,82,94,84,56,6,80,89,70,89,0,77,31,54,19,19,47,53,51,86,99,18,67,7,12,94,42,99,2,54,22,35,55,53,42,35,80,48,21,72,80,56,99,45,85,62,71,4,79,82,64,96,88,11,52,44,40,5,47,26,17,41,43,62,23,13,60,94,59,59,45,62,65,81,62,61,52,2
33,59,17,26,26,40,89,23,81,35,74,81,20,31,13,25,48,26,73,89,7,41,98,38,5,2,67,64,33,59,29,75,88,74,25,4,84,95,68,64,95,64,7,53,74,83,20,78,57,62,49,25,42,91,24,54,84,30,0,91,82,93,31,63,58,31,77,85,0,76,40,14,14,23,21,54,57,8,49,58,10,20,98,66,22,5,81,30,32,0,93,37,19,69,100,6,97,1,76,55
45,77,53,40,53,91,60,95,28,100,44,32,72,71,57,62,49,27,23,0,55,47,24,43,9,95,37,44,89,49,79,96,4,1,57,41,27,93,21,42,12,85,0,22,32,45,55,79,9,23,98,50,100,71,75,83,90,57,53,58,76,50,79,30,72,98,63,68,57,39,28,16,87,1,98,3,8,28,47,89,15,92,29,56,10,41,24,82,60,83,25,68,46,49,69,34,76,18,1,80
11,70,27,25,46,25,80,69,66,93,59,95,71,42,9,64,50,16,89,42,77,23,50,9,99,16,44,81,21,3,99,23,39,73,24,86,46,51,42,40,97,19,79,42,25,65,59,96,34,57,74,38,89,14,36,76,73,90,26,61,71,79,34,67,26,49,60,32,64,59,69,78,97,98,8,62,32,88,98,26,92,38,44,45,70,50,24,37,100,40,71,16,98,7,42,72,36,85,14,25
89,18,68,12,3,79,61,48,80,44,26,75,63,81,83,8,90,90,62,37,32,45,74,67,99,99,60,95,55,67,96,63,89,12,90,87,81,1,9,78,9,64,80,92,26,19,0,20,6,63,41,73,74,49,36,50,2,7,79,44,20,77,78,15,74,69,6,47,94,63,14,44,66,10,50,35,79,88,42,39,7,40,95,75,19,84,48,57,56,29,64,15,36,75,75,58,77,83,41,60
13,45,55,92,67,37,91,91,71,68,76,88,88,37,71,86,16,11,96,88,31,19,12,46,77,96,30,40,73,55,61,63,83,54,9,44,88,76,27,92,23,72,43,94,17,82,97,18,11,26,83,94,7,59,67,85,74,95,85,51,59,80,55,72,46,3,2,45,86,38,83,83,54,9,75,94,16,76,30,2,92,61,81,52,67,19,90,48,46,27,74,39,29,17,59,23,97,67,11,42
11,34,18,2,72,35,98,40,9,49,51,20,75,11,28,6,64,58,24,87,1,16,21,41,20,22,15,17,4,15,15,74,11,97,71,83,68,17,85,33,43,3,40,63,24,85,27,2,15,43,83,32,74,75,85,88,13,45,78,12,97,83,19,2,29,87,38,92,24,13,75,11,68,93,9,22,65,70,75,3,52,22,52,36,98,71,40,25,67,81,27,100,18,6,97,3,54,87,35,80
19,88,43,63,0,4,79,88,53,62,13,18,30,45,54,99,98,30,35,71,86,0,17,71,51,50,15,66,21,7,28,100,78,16,78,24,90,57,46,10,48,59,52,90,45,55,49,63,17,49,2,80,62,100,79,86,48,87,68,42,85,13,28,23,50,7,55,16,72,13,51,55,51,66,90,30,45,0,3,98,58,98,87,90,30,1,2,42,57,35,10,27,8,6,42,80,66,54,16,73
91,19,47,39,76,42,39,57,27,14,79,38,72,16,14,71,16,77,91,74,6,62,7,7,79,53,19,34,34,100,31,27,48,66,24,31,21,43,16,5,47,59,98,28,48,4,71,88,89,11,62,54,67,28,13,48,80,34,42,31,41,8,89,97,88,99,18,95,51,57,33,7,85,6,28,7,23,16,78,91,29,18,88,46,76,79,3,68,74,88,85,3,32,100,2,77,83,23,85,41
4,26,24,80,53,98,45,46,92,87,20,1,0,58,48,75,36,56,51,28,69,97,15,0,96,15,4,80,84,49,26,74,10,81,52,29,36,88,36,51,11,74,77,89,45,95,98,84,13,79,74,17,21,89,84,78,99,4,21,62,15,49,61,43,30,44,32,59,15,8,73,8,33,63,8,15,28,90,44,28,44,40,51,65,6,80,96,61,100,34,28,11,86,84,87,38,69,14,7,76
2,58,45,72,2,20,42,10,57,100,90,12,10,49,97,78,44,13,100,56,20,15,52,20,37,60,24,89,59,48,14,25,48,26,61,53,94,29,54,14,2,53,21,72,7,81,33,98,61,85,20,69,16,25,60,73,3,26,98,32,81,55,26,57,74,25,47,60,74,76,70,45,16,72,22,64,18,26,75,96,36,62,39,11,51,69,59,42,96,26,57,89,5,18,31,51,90,11,82,100
26,35,50,27,63,52,26,59,54,55,58,78,73,33,57,6,51,58,41,93,11,80,85,52,23,96,100,1,81,55,88,75,0,36,34,41,33,74,20,0,99,61,95,49,39,13,39,74,69,35,45,82,32,55,49,11,91,90,87,54,84,60,0,23,85,34,0,31,32,76,75,31,60,43,92,82,72,43,44,99,100,90,3,34,11,98,22,6,56,96,75,57,92,93,100,55,34,97,65,44
12,58,10,77,52,46,13,28,73,82,92,10,43,8,74,77,46,36,8,100,58,14,8,85,67,80,9,40,20,47,9,81,85,36,19,49,53,7,25,71,53,86,8,0,65,83,13,45,50,39,54,26,23,53,62,76,60,0,88,84,59,54,83,63,8,82,87,51,29,92,84,30,33,15,59,51,24,94,67,48,69,52,34,38,78,75,26,79,14,31,98,93,19,49,54,39,62,87,18,18
43,97,62,19,73,18,65,2,25,49,91,33,12,10,18,75,32,95,82,38,35,64,71,61,93,70,100,95,81,90,60,95,81,9,98,40,13,14,27,94,34,30,30,21,17,7,7,18,69,3,88,30,40,42,83,16,30,43,77,87,97,87,8,99,71,24,87,31,94,34,2,50,78,40,31,36,96,28,75,56,3,20,39,4,73,60,38,22,53,86,53,46,75,39,12,0,47,58,97,39
41,30,30,81,77,1,74,84,36,27,24,16,13,32,43,61,71,38,21,74,30,57,69,92,5,81,7,76,7,56,93,72,22,1,0,3,68,75,49,34,32,91,91,5,22,12,75,84,97,79,92,68,76,78,6,27,8,63,75,29,76,69,36,22,97,42,79,61,1,42,57,51,31,12,29,77,41,67,68,49,84,96,56,71,97,10,63,93,70,22,78,96,3,55,62,71,97,55,76,74
72,51,86,8,41,34,51,29,71,54,22,25,69,73,9,5,78,12,82,87,93,32,31,70,21,19,54,20,65,37,75,93,6,56,2,45,31,55,33,11,72,96,93,65,11,36,49,31,39,95,72,30,26,54,91,78,3,26,19,58,20,71,59,42,35,28,2,18,44,25,17,21,85,6,50,91,11,34,26,43,39,13,32,20,68,91,49,75,51,33,50,50,84,93,68,54,89,49,94,84
35,29,37,12,42,12,1,55,33,99,41,57,38,44,44,43,34,83,73,71,79,48,83,6,96,61,89,54,8,66,38,28,47,54,63,53,49,93,61,64,19,2,25,63,31,59,100,97,59,81,93,51,31,78,83,75,50,21,12,87,74,41,98,16,83,18,83,23,41,98,49,65,76,30,48,98,77,52,59,37,94,60,73,63,86,74,86,100,0,7,85,75,67,13,57,89,3,62,64,52
80,23,56,16,0,93,25,67,71,1,57,65,8,57,3,70,78,77,50,34,99,69,26,93,35,50,42,75,93,31,81,42,96,13,52,59,55,82,47,77,12,23,84,97,20,43,63,28,22,95,14,67,27,37,19,11,11,9,69,51,79,61,61,62,93,100,0,4,29,23,87,6,42,93,36,34,34,51,20,42,32,0,2,60,28,56,20,8,53,76,76,97,69,9,80,51,25,76,37,43
98,13,59,3,71,85,6,98,62,5,57,64,90,47,63,15,35,48,22,10,78,82,4,37,83,92,54,24,98,32,75,89,70,15,52,36,93,43,63,66,54,5,97,12,73,57,67,69,97,37,48,84,36,62,73,28,15,39,99,32,10,85,0,63,26,64,56,4,54,58,7,33,77,43,72,56,35,1,68,57,59,40,42,71,48,50,54,45,10,30,98,35,22,75,93,84,2,18,39,21
39,49,33,5,6,35,53,41,23,5,42,83,76,89,34,42,0,62,10,14,44,93,46,36,10,70,80,50,84,49,100,27,52,42,68,58,51,65,50,47,83,27,57,5,67,61,93,26,31,52,61,45,20,33,83,42,55,87,73,74,13,56,61,12,79,85,91,83,25,27,3,33,13,77,15,99,12,85,91,56,36,25,56,61,41,23,66,21,63,18,37,85,32,33,43,26,51,65,73,35
38,32,30,11,74,34,87,43,14,98,77,94,25,77,6,20,97,33,12,46,55,78,21,80,88,63,66,83,52,51,79,94,55,93,23,58,44,73,86,59,70,54,56,80,92,90,57,35,37,67,10,83,96,69,77,49,85,3,54,46,21,30,52,4,80,90,77,60,56,53,33,53,61,47,32,90,18,15,99,6,30,48,25,66,79,43,98,23,33,95,73,97,83,87,10,80,66,30,94,4
5,53,92,39,5,60,52,48,20,85,92,39,99,90,50,90,96,60,43,6,21,18,14,83,83,37,23,12,6,11,62,6,49,45,65,98,44,42,15,67,71,68,67,28,4,63,38,47,48,36,9,96,28,45,5,46,33,10,67,45,92,63,84,30,73,79,42,61,50,53,58,71,54,3,13,44,95,99,40,24,41,72,60,12,65,54,100,17,98,6,50,73,7,25,18,61,75,7,82,33
59,62,83,46,46,48,33,98,69,71,18,35,51,61,70,96,89,77,54,6,54,4,68,24,29,93,81,80,55,68,68,29,78,33,16,85,75,87,78,98,53,23,96,24,58,50,30,43,8,21,64,55,73,27,19,0,74,1,9,54,19,47,9,17,97,17,95,10,36,71,81,33,15,40,5,87,1,79,75,81,22,26,34,26,97,77,30,100,91,83,31,43,1,11,38,89,66,21,31,15
78,64,6,40,58,90,69,24,67,59,66,67,54,44,94,4,52,15,57,89,59,44,89,12,98,26,11,77,49,48,79,70,7,65,61,8,59,31,23,15,95,31,24,9,91,20,82,35,31,53,80,70,20,77,36,8,79,22,16,0,27,94,4,99,3,50,40,73,64,31,78,17,63,3,46,5,95,69,69,75,86,56,16,44,72,44,22,79,18,27,55,53,51,23,91,17,94,73,49,37
88,31,47,99,11,92,78,4,42,69,3,29,94,14,23,9,24,45,42,15,27,37,21,54,45,12,34,98,43,57,28,47,93,42,100,29,63,44,33,13,47,24,89,19,75,5,81,12,3,66,87,29,78,100,29,49,51,24,38,75,92,71,46,52,74,66,71,100,46,70,76,64,46,31,70,60,13,27,48,83,68,32,35,45,45,10,12,19,2,45,51,25,35,75,47,9,9,93,51,28
20,53,45,27,12,42,56,1,9,97,34,12,13,97,26,93,84,40,2,22,40,88,63,12,33,45,4,26,50,69,51,61,5,48,20,20,98,28,83,49,80,98,99,64,45,97,30,78,19,28,90,62,51,87,80,73,16,35,69,10,59,16,9,87,59,99,6,12,56,29,6,18,97,33,51,7,83,75,45,30,46,55,26,89,22,56,16,79,62,60,69,84,84,28,35,6,39,97,18,62
34,92,60,40,79,68,58,33,44,33,41,31,9,34,38,50,74,17,29,42,33,6,56,59,3,13,36,37,64,69,16,55,67,77,32,56,39,99,58,14,43,63,62,96,66,46,28,1,67,54,16,13,60,54,92,92,48,47,17,64,49,22,55,72,92,62,47,98,16,58,59,69,80,24,79,41,8,67,76,12,7,87,69,97,48,23,91,58,28,47,75,12,25,36,32,59,66,13,22,86
76,73,69,68,19,37,66,100,22,91,32,72,52,63,3,96,64,55,100,63,84,89,13,70,49,12,93,90,59,33,61,66,74,94,30,77,73,37,66,11,39,38,61,79,77,34,32,29,62,12,18,2,47,83,24,51,46,43,68,88,38,55,73,10,59,1,86,95,31,12,75,83,1,48,35,15,5,39,5,59,59,16,22,59,30,63,27,86,77,19,17,65,29,61,28,78,77,41,66,24
68,81,9,61,56,15,82,76,57,17,77,52,86,21,80,90,23,0,14,46,88,26,27,48,58,90,77,53,85,83,36,73,50,41,71,0,54,65,70,12,21,44,66,5,88,63,30,54,3,74,48,34,50,78,22,51,97,31,100,82,25,82,84,61,23,73,39,87,41,14,21,27,47,2,78,7,48,60,7,39,16,0,29,33,59,22,58,28,92,15,51,22,99,59,93,80,57,20,63,66
81,91,12,42,68,83,56,80,74,25,4,10,10,7,89,53,43,75,26,21,57,73,3,92,9,95,35,47,60,99,6,23,92,93,87,49,30,84,31,6,86,25,54,12,40,7,52,81,71,22,89,57,13,45,94,70,59,46,53,96,11,5,99,14,84,7,13,52,98,40,55,40,59,28,45,51,57,93,99,56,85,86,95,3,55,62,97,35,19,82,66,48,8,25,21,47,27,79,85,93
18,23,34,30,77,67,73,21,78,81,34,30,59,78,64,11,70,81,33,36,47,90,94,91,67,73,74,51,64,74,72,13,43,78,56,1,74,18,65,12,88,26,59,78,97,33,60,89,45,2,43,70,94,51,25,39,82,15,94,66,70,47,65,24,65,89,94,94,74,32,57,51,20,46,79,89,91,87,55,84,84,6,30,75,87,69,98,35,45,94,30,5,57,50,89,81,40,0,19,48
54,31,10,87,67,0,34,31,48,54,5,55,94,87,49,26,69,20,28,38,81,67,20,75,42,19,92,87,54,27,64,10,18,57,20,63,35,90,3,5,100,27,7,93,52,40,18,79,26,10,74,26,40,93,67,10,90,97,50,24,94,90,31,18,55,25,3,57,3,49,22,53,63,30,80,40,4,69,92,45,42,48,79,96,41,33,77,88,51,48,18,58,95,16,100,54,55,60,54,53
54,71,99,46,9,38,83,90,28,21,87,47,27,11,14,95,49,78,74,89,59,23,61,73,43,42,6,14,25,33,46,95,8,56,50,95,12,60,57,37,31,50,50,42,23,79,43,32,67,46,72,86,5,60,13,97,71,98,25,83,84,28,50,49,6,3,27,64,22,33,30,15,6,93,0,100,13,2,98,71,91,63,27,67,4,86,89,5,59,90,33,75,6,5,65,90,71,81,26,67