72,4,7,42,41,86,51,35,47,55,95,82,67,64,24,28,67,69,42,89,40,53,56,26,85,55,41,50,10,1,20,41,62,85,44,19,82,25,79,40,20,54,88,77,42,41,13,77,85,65,91,88,34,29,58,35,98,64,88,58,25,40,42,77,70,25,49,56,62,43,61,91,50,7,48,58,34,71,23,18,73,73,61,58,70,80,49,19,40,36,27,17,84,17,11,63,61,1,79,5
71,74,18,76,22,33,44,60,67,99,0,70,42,87,50,61,20,7,17,39,11,47,79,66,77,20,22,61,82,39,84,10,4,42,71,70,32,89,49,86,73,33,46,27,13,62,81,75,30,26,62,8,75,8,67,12,62,25,45,57,38,74,96,34,8,63,30,85,100,5,46,69,22,44,50,40,6,20,1,76,72,60,28,2,49,79,76,53,98,83,90,75,57,55,61,5,51,48,62,47
43,95,54,48,65,6,78,4,77,50,7,66,88,61,25,2,86,36,53,7,20,82,6,24,76,63,76,52,32,55,43,77,62,32,76,92,7,41,42,69,4,70,92,74,11,72,58,50,1,77,70,16,75,18,13,78,94,39,8,27,2,44,2,71,7,77,10,85,36,23,40,19,89,47,8,59,36,25,66,3,100,52,20,12,18,69,79,45,50,73,90,4,37,24,7,5,1,99,73,10
98,46,15,83,68,80,37,71,87,18,77,5,29,86,5,55,29,62,33,65,50,91,92,25,14,19,80,52,42,38,1,52,100,49,1,82,97,84,44,57,39,78,81,3,35,11,38,19,93,10,86,27,73,96,4,1,5,7,10,72,46,76,15,40,52,76,7,6,85,5,64,4,67,19,96,66,91,60,2,43,79,60,79,47,59,52,41,31,50,43,2,70,63,97,12,74,95,33,85,100
16,82,46,45,9,76,69,26,60,18,43,33,21,0,43,21,82,35,84,57,62,89,7,27,24,75,30,32,99,47,71,30,56,56,57,44,39,55,43,7,6,81,79,27,21,91,25,18,62,57,47,52,74,79,65,56,85,89,25,68,31,84,11,5,2,32,76,90,14,14,48,17,7,85,14,57,19,46,29,42,54,45,10,95,50,87,100,22,92,13,80,56,20,72,75,11,5,21,57,68
42,41,43,13,70,17,99,13,14,83,51,38,94,92,78,80,34,37,52,37,4,48,48,68,10,69,64,78,28,94,63,5,60,62,10,33,4,66,76,46,96,55,78,84,31,22,24,19,99,53,19,86,46,8,60,21,39,78,90,87,92,84,95,87,79,31,61,26,63,71,32,73,88,56,10,81,20,9,68,65,94,60,56,61,7,20,64,40,28,20,62,35,96,40,7,4,26,1,92,48
76,28,17,13,7,23,54,79,12,85,67,53,61,1,37,60,18,27,23,15,79,86,8,42,91,34,82,57,17,25,16,59,43,47,89,71,9,6,31,79,40,85,31,76,35,93,62,55,35,27,39,14,90,99,56,33,65,31,4,35,49,9,97,14,94,57,87,69,32,52,82,98,52,73,85,36,53,33,17,61,63,65,27,53,45,78,42,66,1,80,15,67,56,76,76,50,17,38,20,76
75,78,60,54,0,86,17,96,79,21,87,83,77,47,87,90,14,43,11,44,95,9,80,64,42,8,58,7,58,90,23,54,85,39,62,3,26,46,44,28,35,14,39,54,11,55,81,14,43,16,1,70,8,83,20,19,2,48,76,11,35,58,100,36,38,85,16,88,66,82,66,73,54,2,68,85,6,71,25,73,85,19,87,71,18,31,55,4,65,32,77,9,35,5,18,8,62,56,23,92
72,52,41,24,21,13,57,81,16,97,37,79,52,38,39,1,26,29,63,11,65,72,17,63,80,82,36,44,25,5,80,36,44,28,49,89,42,70,100,71,65,33,7,86,15,37,93,89,16,81,29,95,35,36,31,20,27,88,3,88,66,84,0,15,18,51,43,64,34,74,100,57,26,39,43,47,56,96,36,59,51,57,15,3,65,91,52,50,29,89,79,2,15,37,4,31,84,77,51,78
31,59,26,89,82,31,70,14,36,55,83,83,20,24,7,47,13,62,46,77,86,27,98,52,23,75,71,45,35,2,30,80,57,73,100,54,44,46,16,97,32,26,91,87,32,21,29,70,95,5,89,64,71,33,81,50,71,36,2,11,4,42,2,62,8,78,8,80,25,83,83,99,11,78,39,92,90,75,94,87,17,69,37,25,64,58,81,68,38,62,19,29,72,50,59,38,36,50,72,2
34,55,100,45,6,79,43,83,5,61,5,67,58,19,95,17,85,24,16,40,23,35,66,43,76,58,72,6,79,23,95,63,68,19,70,35,44,88,33,64,46,97,70,43,6,16,1,74,22,83,5,48,98,21,94,7,44,74,8,2,4,52,26,76,48,29,62,95,23,74,23,7,87,62,98,10,19,8,65,90,86,49,62,22,81,68,12,81,56,15,21,48,51,78,14,80,72,75,90,87
41,17,85,99,31,76,38,42,6,67,29,64,78,10,59,62,4,75,14,50,6,21,55,78,75,42,36,23,5,55,97,54,79,24,47,57,7,4,34,11,64,6,65,59,43,39,72,22,9,26,21,48,56,12,65,33,40,9,4,38,59,88,39,1,24,0,50,60,35,80,39,13,42,33,40,7,51,86,1,95,44,14,36,98,85,37,87,45,10,64,8,66,5,64,10,86,54,51,86,54
26,63,71,24,69,15,91,85,9,66,91,9,97,75,24,65,86,65,84,85,15,20,85,99,71,34,25,33,77,24,87,86,38,50,30,47,33,55,14,52,22,37,65,80,33,2,80,6,42,22,97,93,8,82,92,82,15,99,79,49,79,49,6,25,99,62,60,59,49,96,97,72,72,23,7,64,16,47,48,88,28,40,97,65,49,57,58,78,0,87,45,29,59,25,19,90,9,66,6,42
60,12,29,95,81,19,25,61,3,58,78,52,51,53,27,90,16,7,45,98,59,21,22,28,79,90,61,85,76,88,5,95,12,53,53,34,100,7,89,77,93,88,70,84,70,81,29,31,82,57,17,9,81,45,67,81,96,97,53,56,70,4,35,95,26,99,100,38,63,73,41,67,45,59,18,99,100,72,26,99,75,3,88,28,56,60,88,3,21,26,32,32,76,66,71,58,84,5,55,46
95,90,50,98,83,56,86,16,99,24,34,96,2,68,98,3,14,37,80,93,79,75,95,57,26,59,76,14,95,79,63,55,7,94,5,59,57,34,56,16,66,10,64,78,78,62,49,83,23,69,88,89,91,64,99,47,3,99,4,71,26,96,56,7,17,79,14,81,93,10,96,46,36,22,67,47,39,43,67,78,27,21,62,10,5,74,98,40,57,2,30,26,50,12,30,36,81,80,2,13
10,97,99,90,52,97,96,97,10,33,14,60,17,61,42,78,60,1,54,69,13,9,11,19,64,93,51,33,45,99,74,29,71,31,29,59,14,20,19,48,62,81,45,41,71,17,1,68,45,71,12,81,44,85,62,90,12,56,69,67,26,7,88,21,26,45,6,84,48,26,17,76,39,38,71,70,7,84,2,22,69,52,10,25,80,60,48,35,98,33,33,88,50,67,24,75,77,40,61,50
8,43,11,17,73,14,54,87,92,78,86,91,30,36,74,10,37,84,10,8,63,69,0,24,47,80,31,18,73,67,61,40,84,70,41,99,76,73,83,61,32,44,32,63,73,50,40,61,10,43,17,31,22,21,14,47,79,27,83,26,73,42,58,42,59,51,18,96,18,71,38,90,13,37,87,24,31,83,79,90,44,29,39,11,63,53,82,11,33,28,26,35,23,51,36,29,70,48,64,74
24,48,78,9,73,17,59,36,69,69,4,22,9,38,39,71,72,46,62,16,63,16,67,51,37,96,99,15,65,60,16,23,86,51,46,69,3,88,88,44,27,50,54,4,62,91,51,89,16,55,7,47,34,53,20,83,2,50,17,93,47,8,33,90,47,82,71,28,2,21,23,17,42,17,41,84,77,80,85,55,85,49,50,51,21,34,50,63,59,0,63,48,3,81,59,37,15,92,91,21
39,47,59,66,64,10,82,74,70,48,73,88,60,24,55,44,56,4,63,20,23,51,86,22,71,32,34,82,62,31,66,33,81,76,50,13,66,21,88,4,99,6,5,57,86,44,52,31,61,63,2,85,30,2,46,12,8,99,84,39,36,17,2,93,46,71,30,8,30,66,96,13,23,39,41,92,19,21,29,3,68,2,90,65,7,65,14,74,30,94,45,65,28,48,38,72,43,21,95,52
39,39,58,15,46,84,52,74,95,26,31,84,98,29,96,47,90,73,46,33,96,62,86,39,39,12,10,96,58,7,27,31,95,26,81,51,4,48,12,87,45,52,41,6,57,55,64,53,0,29,24,56,4,99,85,88,90,71,20,69,75,22,51,49,99,75,8,30,24,31,59,88,54,54,71,24,11,80,33,4,30,85,89,97,60,0,8,9,54,84,51,36,66,37,97,37,95,74,61,56
28,58,88,83,83,74,14,100,32,88,44,99,41,17,21,13,45,58,40,27,45,74,66,93,11,38,21,17,15,48,92,83,12,45,13,47,26,19,59,60,99,49,82,15,1,7,31,68,6,1,46,21,25,46,54,11,97,69,36,54,91,17,22,29,76,50,99,27,63,5,74,60,7,32,52,61,77,86,75,37,36,50,33,98,3,54,67,8,14,10,99,67,13,1,77,33,38,15,22,62
98,31,16,43,85,97,12,70,64,15,34,47,95,40,53,64,93,8,30,65,50,4,98,59,91,27,31,95,84,8,78,78,48,83,5,76,44,95,16,64,98,35,54,22,29,96,55,53,93,73,94,98,2,26,85,15,10,95,23,33,46,29,68,76,89,67,83,73,79,12,92,24,84,35,48,17,45,98,48,72,11,2,39,80,15,87,41,15,26,62,4,45,79,88,10,87,13,58,18,7
6,38,76,89,84,24,47,19,61,23,15,45,62,49,59,62,31,43,35,27,47,22,5,49,29,36,9,22,61,75,16,41,1,46,55,12,81,28,87,87,4,9,78,54,40,24,9,37,76,9,57,53,97,36,1,54,2,76,38,40,15,27,49,29,82,47,99,77,28,66,67,66,48,26,98,78,44,10,39,11,89,48,65,65,44,87,53,67,14,44,13,57,41,5,47,55,9,29,31,41
96,94,57,26,5,35,21,91,24,71,32,10,87,91,25,66,27,30,96,21,8,12,29,99,51,87,63,69,42,43,7,45,90,23,87,3,9,72,66,78,40,46,3,84,60,86,21,12,74,91,33,48,96,83,84,62,93,47,21,86,14,51,38,88,79,4,20,79,68,2,60,26,51,91,35,35,4,64,55,14,8,24,88,95,86,66,22,22,26,13,33,14,8,83,84,13,3,29,65,31
41,60,10,21,69,52,34,91,55,69,92,7,96,26,47,23,31,77,36,28,98,57,57,50,64,94,10,90,91,20,8,24,99,94,22,28,49,26,17,91,11,22,34,55,40,65,94,24,44,6,74,7,3,38,87,63,90,54,24,82,20,44,59,37,6,40,42,89,53,8,50,68,51,73,44,86,69,86,89,66,10,52,22,86,68,49,85,14,92,28,6,64,71,57,51,52,59,10,97,31
27,56,97,80,94,12,9,88,45,56,78,76,72,41,42,32,59,86,65,56,68,5,13,36,52,41,18,57,35,96,34,82,2,88,59,15,59,78,68,51,2,41,66,31,100,67,33,57,49,17,8,66,78,56,76,62,16,80,32,31,91,2,40,81,13,48,88,49,94,48,92,50,30,65,5,83,78,47,97,94,64,32,97,36,32,11,46,97,33,0,16,31,4,56,14,77,72,26,79,25
88,59,19,94,59,26,16,62,36,3,21,67,19,9,83,5,83,75,66,2,56,74,34,89,79,78,59,15,88,64,17,63,70,95,9,11,12,7,96,21,67,48,81,70,70,62,28,24,82,77,75,40,18,76,0,59,71,63,16,15,14,60,3,11,29,7,24,11,16,41,11,59,74,61,71,48,90,70,65,20,60,31,17,25,6,63,0,63,53,31,67,85,59,13,78,22,56,5,36,73
94,70,33,47,6,31,25,80,62,75,94,42,37,38,82,99,35,39,87,14,48,80,80,24,23,56,60,73,85,45,68,25,77,16,67,75,46,9,72,14,30,69,61,75,0,62,16,4,60,23,89,14,58,0,36,74,1,22,70,70,75,53,93,32,49,17,67,34,68,84,45,1,96,98,82,10,25,37,62,62,25,31,26,37,55,17,8,74,20,30,74,70,27,96,4,79,30,3,10,73
25,6,48,76,73,66,53,74,32,40,88,15,47,0,39,65,3,26,78,62,51,51,16,8,84,97,7,32,63,43,31,69,25,6,6,47,97,68,66,27,35,27,16,19,53,73,17,31,7,14,15,19,31,14,34,77,90,49,61,36,45,64,63,61,49,9,86,59,37,9,82,74,28,48,90,25,69,5,59,66,83,67,67,100,71,57,10,26,15,10,42,46,35,74,6,92,30,78,20,46
44,36,48,12,26,94,68,10,74,2,15,91,98,72,12,87,74,57,22,97,41,3,91,54,75,59,22,42,87,84,35,63,97,18,89,61,90,48,61,73,35,76,97,6,40,33,40,37,79,7,69,55,37,10,75,73,80,84,42,20,3,99,78,35,21,93,15,100,75,80,100,30,17,87,79,33,21,52,25,33,79,80,82,1,44,46,38,44,46,26,83,79,99,64,78,14,28,18,11,81
60,45,41,60,92,4,53,39,14,65,67,26,65,78,11,12,34,27,58,87,84,20,78,95,68,45,5,27,90,37,19,14,83,80,26,39,49,47,63,58,91,54,70,11,67,29,14,65,29,8,56,35,32,10,83,96,24,23,85,45,18,68,62,98,89,58,28,65,70,81,32,26,78,66,97,64,79,17,20,76,61,14,64,34,59,66,60,24,30,39,47,98,54,19,57,0,6,54,12,52
12,4,30,93,93,42,63,46,49,52,50,53,26,14,41,95,12,54,50,8,57,93,4,92,65,90,20,39,21,69,21,31,62,12,72,47,33,50,37,98,25,8,83,80,21,26,76,19,14,46,4,29,41,9,31,100,34,50,64,90,82,59,68,64,71,72,54,97,14,24,85,6,0,54,74,38,36,58,31,86,26,97,94,51,8,31,89,55,11,73,17,65,31,90,65,49,88,57,20,26
59,19,76,33,21,6,67,74,76,65,43,4,83,25,81,18,23,54,90,38,99,54,23,53,94,46,31,66,19,71,98,4,90,18,100,32,18,62,63,94,50,48,94,91,59,50,84,59,10,41,57,79,9,24,74,19,35,13,99,74,82,97,6,97,45,13,84,53,39,84,85,96,7,23,90,63,61,39,58,9,43,26,0,100,71,50,51,76,35,91,92,18,12,82,43,12,0,8,84,49
40,81,58,37,25,67,47,4,85,41,29,53,82,82,1,26,3,4,14,54,43,24,23,28,48,3,27,83,67,23,6,99,34,18,4,43,32,48,51,13,26,27,70,41,44,83,15,81,54,21,31,53,76,7,65,10,73,73,95,38,51,31,96,77,12,14,39,15,15,53,27,88,54,58,41,72,56,63,29,22,67,48,34,18,64,65,42,1,40,89,73,99,72,17,35,38,69,73,16,46
13,38,4,20,98,55,63,1,51,41,10,62,20,92,57,67,21,99,83,58,60,65,21,6,21,82,96,89,38,37,33,100,45,4,30,74,17,46,33,75,94,52,10,67,8,7,14,41,99,53,24,28,55,85,89,57,46,40,55,5,65,24,47,10,85,30,47,96,97,51,78,49,4,98,99,3,33,77,49,92,16,12,64,13,62,46,95,71,12,11,44,49,93,15,51,34,19,69,35,84
89,80,89,28,52,45,66,67,56,98,70,24,79,37,30,50,48,38,29,88,22,47,21,27,32,25,5,80,98,85,91,32,1,42,1,85,89,16,17,43,23,26,44,8,79,100,7,98,8,50,98,2,22,54,60,24,44,13,59,48,92,61,64,16,70,24,72,83,4,90,45,23,1,100,63,90,30,6,90,7,17,43,58,21,48,65,38,44,75,57,35,19,85,15,71,82,5,56,40,14
83,67,73,67,0,81,98,90,34,13,36,71,23,73,2,69,63,25,29,98,55,72,86,35,6,51,2,73,89,87,66,54,74,64,39,53,89,8,40,59,71,56,50,40,27,66,78,12,58,81,96,9,72,8,61,89,55,29,98,73,58,64,65,47,16,15,37,40,40,42,64,27,64,84,17,12,2,80,54,17,25,64,2,62,25,0,15,57,62,88,11,51,88,6,17,52,7,5,36,18
64,15,30,37,67,87,76,38,47,79,64,59,28,1,60,83,68,93,27,10,29,85,71,14,38,78,98,16,65,30,56,21,30,16,0,98,12,41,56,95,43,26,33,71,30,57,68,57,26,43,82,17,12,45,75,81,74,26,8,85,21,60,56,73,21,35,100,95,90,3,95,77,51,47,0,33,83,40,46,96,33,59,81,82,72,93,94,20,26,93,3,47,29,3,21,20,79,22,37,27
71,52,0,57,23,67,97,56,70,57,26,42,54,15,3,59,27,69,57,24,19,37,82,62,43,71,48,5,50,40,14,75,93,26,66,7,52,14,77,10,53,54,50,11,60,96,29,63,92,80,56,72,16,24,18,4,54,63,52,68,57,95,64,41,31,82,63,69,49,60,13,83,46,25,58,86,37,27,54,99,52,74,47,87,76,81,0,10,11,0,18,86,51,3,40,12,13,3,1,32
16,1,40,83,16,8,79,19,94,95,46,68,90,57,100,39,95,75,40,73,8,100,62,29,24,86,4,90,53,85,84,44,13,53,78,82,91,39,83,7,36,85,30,85,22,5,11,48,22,4,20,84,95,90,76,87,79,66,15,81,65,18,96,84,63,53,11,74,65,87,10,69,62,86,73,89,24,12,39,86,80,9,32,53,66,15,50,51,58,22,6,18,73,29,18,56,39,39,13,89
14,41,15,2,46,18,60,42,72,12,45,93,22,29,45,61,99,43,37,51,10,0,93,67,90,20,56,24,33,28,18,23,60,29,9,43,96,88,50,69,97,68,36,99,80,82,9,48,70,76,37,98,90,97,78,50,44,80,19,72,93,14,51,79,19,97,60,73,44,73,13,90,29,20,58,65,35,31,54,47,2,41,13,97,96,9,93,92,13,65,31,56,84,34,52,15,12,19,98,32
46,67,5,48,80,73,39,24,48,28,74,49,90,76,14,52,13,26,77,97,88,6,65,97,74,37,65,19,79,75,13,42,95,11,31,44,0,17,1,15,69,84,95,9,90,30,100,10,52,60,29,2,51,16,22,50,19,13,78,100,87,97,0,43,96,62,39,98,89,44,56,19,18,89,21,37,62,31,12,45,10,47,8,23,54,84,37,95,4,5,43,90,90,44,4,10,17,48,74,97
95,19,11,94,42,0,45,22,32,89,8,30,58,87,26,97,34,58,80,46,19,26,12,30,33,31,36,15,24,31,41,46,21,65,23,24,49,83,13,23,61,58,71,87,56,73,59,62,92,13,85,69,60,93,46,99,4,58,69,4,96,41,99,0,35,13,61,72,98,84,90,2,35,63,45,91,62,93,18,47,93,55,53,32,77,60,95,97,31,52,41,65,36,53,30,23,23,52,47,79
19,93,29,98,68,37,23,22,36,60,2,21,45,40,18,58,14,9,82,9,51,63,33,80,14,98,38,10,8,88,78,1,66,79,91,61,15,39,42,49,32,86,22,88,12,7,6,99,78,33,69,96,60,14,12,40,42,38,63,54,41,32,77,8,7,86,93,82,22,26,85,22,51,22,77,42,20,100,42,80,93,75,70,64,14,7,73,99,91,28,53,53,64,80,65,22,6,67,72,0
34,94,40,60,47,77,66,31,91,57,87,90,0,49,51,89,46,53,24,59,64,80,4,31,75,88,99,57,26,91,25,60,73,22,3,96,48,15,22,64,46,61,62,36,75,87,57,31,45,31,48,57,46,50,86,99,16,41,22,61,47,39,31,58,5,47,3,48,36,85,1,96,95,46,26,49,23,72,93,16,79,57,14,19,83,21,10,41,20,41,19,94,68,39,59,68,90,39,11,47
95,70,91,16,57,41,6,57,20,16,76,77,85,43,85,34,87,87,27,63,81,63,43,26,52,70,68,49,43,85,58,99,100,8,8,15,85,3,34,8,57,34,52,77,41,82,68,63,17,15,27,36,6,100,52,45,21,57,46,57,57,8,14,96,91,35,9,74,95,52,29,44,81,28,88,38,54,67,93,93,2,96,37,55,48,79,5,79,55,5,84,36,100,40,10,97,32,60,1,9
82,39,33,27,98,66,52,27,6,5,8,64,27,16,52,9,64,20,96,78,72,95,62,38,69,73,31,64,52,19,42,86,96,22,36,76,67,24,17,25,35,59,43,50,60,92,13,18,53,70,39,88,87,76,78,85,3,24,75,79,20,62,33,69,68,58,51,67,54,79,69,41,46,33,80,44,75,21,37,20,88,86,41,51,57,41,19,95,60,27,74,83,22,79,8,13,36,43,64,74
99,25,88,50,16,88,41,55,61,55,7,48,14,24,59,14,7,10,7,61,61,60,5,74,22,17,34,1,26,11,31,28,67,95,40,35,15,3,1,27,34,3,19,47,100,18,39,32,65,26,75,5,96,58,84,3,34,68,1,87,81,4,39,38,20,56,77,62,96,34,77,44,7,77,61,19,51,96,21,30,70,64,37,9,22,89,34,66,11,68,61,87,10,26,16,68,62,72,61,61
7,23,44,19,0,32,56,46,59,27,57,22,2,94,60,93,54,34,36,21,46,87,8,58,58,39,10,0,42,19,64,23,10,61,69,15,67,92,28,38,52,73,46,79,39,99,99,79,58,82,20,82,13,68,52,65,65,88,45,57,86,34,1,7,42,66,28,80,4,12,5,99,0,24,98,17,81,41,94,26,91,31,18,51,75,61,98,1,14,67,100,90,39,85,4,27,86,37,9,43
16,20,42,84,85,94,10,81,14,2,87,40,95,81,18,50,2,18,38,27,88,16,54,69,69,86,88,19,93,63,35,74,94,80,15,19,71,30,30,63,65,38,78,19,39,61,94,38,14,56,12,54,34,34,70,41,58,65,42,65,68,97,91,34,27,37,87,1,89,46,93,43,88,6,35,41,32,48,52,55,11,36,20,7,26,14,39,5,31,24,50,65,86,86,24,42,92,77,72,61
37,51,65,94,31,32,48,100,3,21,65,15,4,18,60,30,23,2,8,57,11,77,19,11,75,30,22,41,2,86,63,4,11,63,98,54,57,14,24,38,86,49,6,82,3,8,90,73,43,16,45,18,0,28,39,83,98,79,31,3,0,47,14,37,90,19,51,63,69,93,34,3,54,22,62,67,78,24,93,30,9,60,72,3,6,68,22,18,94,67,22,94,75,53,58,77,39,65,85,41
7,81,95,0,34,3,6,49,96,30,90,10,39,16,15,94,1,84,57,34,61,12,84,63,0,19,29,67,24,64,31,18,63,28,70,7,23,36,2,47,72,59,30,1,13,82,4,48,59,75,30,83,52,55,9,17,47,73,60,64,100,50,88,67,38,67,29,88,51,45,90,38,3,60,36,6,77,40,16,95,57,10,75,15,42,64,98,58,99,60,64,49,35,67,61,45,50,67,77,8
50,22,38,93,8,91,38,34,98,5,44,95,50,74,52,45,89,5,91,74,63,70,45,60,94,43,63,1,95,25,19,69,81,31,67,32,35,95,51,82,2,62,53,65,84,13,81,1,83,51,69,41,19,14,65,6,83,97,32,23,7,50,4,51,75,1,64,27,68,27,51,27,30,44,11,77,94,65,25,92,79,55,85,31,2,35,16,25,53,49,43,8,51,95,41,8,42,90,55,75
45,49,9,83,28,49,40,19,89,79,7,2,93,57,93,2,54,64,36,27,96,54,36,77,94,59,83,33,8,2,66,52,85,13,63,86,45,72,85,47,33,15,48,57,76,6,55,65,72,25,83,21,43,96,24,63,97,57,75,33,4,69,29,52,96,5,55,7,51,57,99,23,68,44,100,38,90,29,2,48,34,7,11,32,17,83,79,59,90,20,10,29,25,100,25,57,12,17,50,8
22,74,82,12,56,77,34,56,1,63,12,44,31,98,27,19,5,8,34,50,5,88,65,23,31,40,33,20,64,46,10,92,54,85,48,60,98,56,25,66,26,26,76,86,25,51,18,95,65,19,56,12,76,95,80,16,84,29,40,96,43,70,97,10,66,73,97,47,94,29,10,37,26,14,96,88,36,3,83,73,56,70,53,23,25,79,76,65,73,58,2,22,21,85,67,55,28,98,19,50
4,60,73,71,25,52,20,21,65,53,65,53,48,42,73,27,92,30,18,18,81,71,6,53,23,27,34,14,56,91,72,55,60,23,16,63,97,74,48,98,38,37,91,95,29,28,52,52,58,50,38,1,50,59,23,83,79,22,4,53,37,99,76,90,75,57,22,79,72,29,38,92,69,68,11,12,64,78,19,31,59,70,20,38,4,16,51,82,95,9,44,58,71,25,53,78,76,79,22,29
80,18,58,66,55,90,1,7,54,74,10,17,51,50,74,35,6,46,23,0,92,83,8,85,66,15,2,40,82,5,82,18,65,0,84,33,72,97,9,61,32,65,58,100,80,97,3,40,28,77,68,81,38,42,32,35,99,43,9,7,62,31,62,82,11,31,18,58,59,78,33,81,29,24,18,100,47,45,30,13,91,72,63,25,29,64,67,89,97,5,17,6,55,50,7,80,9,84,68,65
76,36,99,9,71,6,30,32,82,42,60,20,90,44,44,61,59,69,99,5,4,94,6,20,75,34,43,83,54,28,88,57,77,41,51,88,50,74,87,28,4,16,58,4,51,31,87,12,31,53,9,71,35,14,37,87,94,18,3,62,88,97,28,10,16,7,92,34,38,8,6,51,87,9,99,24,75,7,76,75,17,75,96,29,65,96,87,59,51,80,23,2,61,5,87,93,68,52,74,4
12,33,97,82,45,39,22,80,87,93,66,23,40,26,27,84,78,81,49,44,74,98,88,62,31,13,93,54,93,26,30,27,71,26,78,47,47,35,75,58,3,19,65,88,22,64,55,40,73,2,60,57,51,10,42,22,9,69,76,64,88,79,82,40,69,35,89,11,27,53,68,4,34,14,47,0,50,89,91,16,12,64,69,61,37,5,67,70,30,54,59,12,21,10,32,55,45,29,13,82
3,68,45,95,75,30,87,12,81,53,6,34,56,85,0,82,70,72,72,18,84,38,6,9,25,30,70,73,54,43,90,44,97,22,91,77,17,89,31,39,31,90,99,15,22,88,94,17,81,41,8,7,37,99,28,83,3,30,68,38,60,34,51,42,0,52,58,81,60,3,29,5,88,41,14,36,0,80,68,81,13,88,9,47,100,85,53,76,46,97,20,64,35,46,91,58,1,56,57,63
33,1,55,93,18,68,53,74,20,46,59,37,74,42,95,100,80,44,3,71,10,35,97,11,73,74,17,16,83,7,59,38,4,18,63,82,26,91,69,39,37,52,18,10,87,61,42,14,78,90,15,61,45,6,29,12,37,42,13,5,33,17,15,81,11,58,87,71,40,70,56,52,94,87,94,21,23,2,1,74,75,45,45,63,45,36,77,85,46,19,39,2,3,3,63,45,87,75,27,53
91,17,49,70,74,74,62,69,85,19,28,43,35,20,30,87,43,50,19,65,50,56,54,70,17,96,79,10,79,8,25,90,23,13,97,88,99,41,67,24,79,53,0,1,16,63,51,48,97,14,90,39,88,21,45,89,78,77,34,93,26,9,83,52,37,61,42,18,53,92,54,9,47,44,85,48,40,48,66,81,31,96,16,83,0,21,75,90,53,86,40,38,95,75,76,36,35,0,1,20
6,26,71,45,83,71,60,92,22,90,57,33,78,70,79,91,1,81,84,20,88,30,12,69,20,50,32,0,85,53,84,68,2,51,30,49,44,25,30,73,44,55,29,94,19,20,66,81,38,74,3,74,55,90,12,50,47,69,100,12,65,93,12,55,87,36,98,18,92,37,58,43,33,57,84,100,50,12,88,19,59,23,89,93,78,1,86,28,22,43,94,76,77,9,42,28,8,59,81,70
53,77,70,16,15,7,53,20,69,73,33,33,33,4,35,95,10,97,55,25,17,39,90,61,69,18,10,43,3,15,55,64,42,25,46,93,82,83,63,11,20,73,67,79,97,50,81,10,22,99,39,61,6,37,3,23,75,48,72,83,40,24,2,25,37,66,59,75,68,10,36,56,53,78,52,70,26,10,70,21,91,23,42,0,74,80,91,28,37,51,70,4,46,81,18,12,54,34,31,52
65,26,9,68,43,10,60,39,25,96,86,35,89,89,16,7,28,41,50,15,30,1,65,57,92,43,71,40,53,99,13,6,86,63,6,35,26,58,61,73,40,90,42,86,16,48,95,45,43,74,43,67,12,62,77,11,62,79,5,31,67,70,31,34,49,4,14,74,74,7,63,43,56,41,75,96,62,22,1,26,5,75,28,62,8,88,15,49,31,15,76,30,89,68,73,35,53,46,10,26
65,51,13,58,56,53,40,85,28,20,80,69,89,15,32,99,14,43,63,6,22,68,10,88,63,53,24,58,5,15,93,86,92,26,5,0,71,86,1,85,69,32,25,71,8,44,69,99,10,64,98,16,22,9,33,22,85,68,73,0,54,6,98,29,11,8,10,72,59,11,2,86,73,11,48,67,88,33,99,50,77,51,9,7,10,51,98,47,28,98,83,15,73,68,7,66,51,49,26,23
17,79,11,47,13,62,43,18,9,45,27,98,100,30,17,68,70,5,45,7,24,4,6,78,37,88,87,91,15,73,9,32,71,69,44,47,97,23,54,52,79,56,77,79,20,47,35,80,65,84,74,11,74,21,18,47,90,80,54,37,99,29,59,96,87,16,73,9,2,53,61,24,13,90,36,68,29,19,8,76,33,26,46,93,47,35,42,91,70,77,54,92,13,63,4,58,92,20,91,74
80,51,62,93,13,87,56,50,38,78,88,45,88,91,49,39,6,3,81,74,30,41,71,56,28,63,59,3,38,68,83,11,87,73,19,56,14,64,40,65,6,50,35,47,62,31,42,27,83,1,40,80,34,8,51,86,5,89,51,93,60,82,43,95,58,67,74,77,7,41,76,29,38,17,50,8,4,19,93,84,10,35,37,99,16,20,10,22,91,17,71,19,73,80,21,30,76,70,6,83
43,11,68,24,60,83,36,99,72,15,13,73,80,97,63,2,52,80,23,61,96,21,41,100,58,70,94,1,18,73,49,49,57,99,32,41,77,34,46,25,46,66,89,15,94,8,48,34,3,36,77,33,93,17,72,19,44,98,50,65,27,12,89,4,86,50,61,99,33,13,61,47,89,9,93,82,78,19,3,75,30,37,99,43,51,76,66,43,38,28,2,51,21,3,20,41,13,85,48,95
94,83,23,57,28,48,0,19,54,27,85,67,89,36,100,60,81,46,96,25,5,6,48,90,96,98,71,70,37,45,91,5,55,86,30,47,73,68,68,6,65,41,48,82,7,24,71,3,40,29,79,53,23,11,74,91,83,48,1,58,96,69,14,74,23,70,93,14,20,14,46,41,13,54,81,38,61,88,76,62,49,61,87,4,8,54,47,72,47,58,56,3,88,74,29,93,45,77,10,49
83,68,15,42,40,10,32,90,19,76,92,15,71,55,19,67,76,99,51,99,40,63,92,44,75,49,43,85,48,1,0,15,32,22,80,37,89,46,42,39,1,74,43,15,1,19,49,98,76,29,65,90,59,85,66,13,0,82,9,27,96,61,9,70,65,66,13,48,89,29,44,41,53,60,88,77,71,54,13,72,90,40,38,70,46,29,46,60,33,4,39,13,82,100,38,64,21,46,59,4
12,73,39,16,41,80,97,51,26,77,82,17,41,75,31,100,69,21,7,10,67,22,27,89,92,40,64,6,81,6,6,90,19,73,4,65,48,82,36,25,14,1,58,24,42,38,91,36,20,70,8,76,63,54,25,41,22,64,93,11,41,76,16,13,64,58,31,45,47,14,18,80,16,80,68,73,67,32,15,59,75,71,76,8,97,14,58,28,93,93,43,95,0,20,76,21,31,82,0,37
47,51,54,87,67,52,30,7,92,99,50,65,81,9,90,16,65,57,23,22,50,100,58,42,67,50,92,5,82,93,59,20,91,75,68,60,36,59,75,96,94,77,96,25,23,64,33,57,0,97,82,99,15,65,10,57,4,67,81,11,6,4,49,31,5,85,30,89,57,74,65,47,65,49,45,49,77,86,40,42,10,21,17,67,4,45,81,94,81,14,73,38,23,2,81,3,40,34,94,2
10,0,54,5,91,26,2,79,84,78,2,24,60,100,52,34,95,69,40,0,52,59,13,82,64,99,41,52,28,70,19,9,24,99,14,68,11,72,71,68,23,0,3,43,81,92,41,81,49,44,21,99,29,94,90,10,74,64,49,87,86,12,1,33,75,24,38,45,94,44,24,19,36,22,49,74,97,83,32,96,34,3,33,39,37,66,61,62,41,31,12,44,42,67,22,36,97,36,94,82
58,14,33,30,39,74,96,7,39,51,34,23,30,93,0,60,30,70,59,8,91,13,17,58,22,10,98,92,55,95,25,5,16,76,50,26,28,18,86,45,22,45,70,80,86,73,44,28,96,44,34,8,3,98,85,35,82,72,9,16,57,88,6,13,22,68,59,23,98,48,27,77,57,97,76,96,74,32,1,82,44,7,4,90,39,14,46,19,97,59,36,82,42,81,30,21,84,57,25,24
61,96,66,14,59,4,5,79,90,94,61,0,6,87,84,93,24,42,61,39,16,98,4,89,84,67,94,11,15,34,96,94,17,49,24,55,73,72,6,28,39,63,6,18,56,95,7,37,23,49,4,47,93,18,57,66,86,13,88,8,7,40,66,56,25,98,15,53,79,67,45,11,46,49,41,70,95,98,22,40,18,57,67,92,17,45,88,23,58,100,91,69,27,33,0,11,20,77,36,39
0,9,39,50,12,31,77,6,84,38,61,95,99,46,33,81,21,85,25,60,44,52,4,19,21,31,47,18,34,82,35,44,13,63,71,100,6,69,56,76,83,19,19,81,54,56,11,93,39,78,1,93,60,78,14,48,94,14,13,30,6,55,23,97,79,55,55,72,46,33,55,85,58,38,86,67,93,77,24,20,16,71,96,28,60,14,28,65,100,76,82,64,16,90,65,39,73,15,100,70
99,0,42,70,75,93,17,61,12,17,21,4,90,87,66,30,25,68,74,92,87,67,87,97,80,24,40,20,24,45,14,13,47,59,75,100,22,63,83,89,31,15,14,40,76,90,75,71,68,37,53,97,84,13,43,50,17,84,79,38,96,39,76,48,23,63,14,17,69,14,60,27,52,42,59,18,93,66,21,26,0,25,52,77,28,61,74,66,77,32,47,2,34,69,44,68,71,57,8,34
25,39,73,8,67,84,50,34,85,27,37,46,64,82,61,62,41,7,42,8,68,93,36,46,60,88,67,59,64,84,63,15,68,0,19,84,73,76,14,46,73,84,81,50,55,61,89,21,84,98,92,12,43,87,16,49,29,94,30,83,47,41,84,1,91,82,62,74,75,5,60,85,64,87,61,66,87,0,27,99,16,21,41,46,9,39,61,45,99,69,8,30,6,1,65,89,0,60,1,89
71,90,58,6,77,72,90,74,78,36,62,43,33,85,70,42,73,56,24,99,48,39,57,23,56,93,78,56,93,51,80,100,78,50,17,10,19,10,34,37,22,48,61,28,90,36,95,6,32,21,81,81,88,51,25,76,17,46,74,87,95,74,33,41,18,93,48,47,11,74,97,22,64,10,6,58,68,65,17,33,26,71,84,61,12,57,54,100,97,4,6,14,44,73,70,29,64,65,70,25
0,64,72,86,0,7,29,98,80,60,40,28,80,84,32,97,9,84,70,40,29,51,98,79,100,64,78,52,87,87,47,31,22,56,95,54,23,80,10,77,66,11,70,61,50,77,93,99,76,48,76,11,97,23,13,12,79,14,9,51,43,94,11,67,20,75,27,6,20,57,79,1,95,89,35,77,22,11,33,66,18,79,39,72,87,10,60,24,67,51,73,98,27,13,94,51,53,63,86,3
85,26,36,24,27,10,83,61,84,45,43,67,99,88,88,42,92,84,72,87,2,48,79,53,53,98,100,72,13,96,54,47,60,57,97,18,64,26,26,99,99,46,25,90,85,77,46,41,37,0,68,47,63,26,54,52,51,15,86,41,97,3,93,95,10,27,77,0,24,98,13,94,1,63,94,41,65,81,88,8,72,15,69,99,40,86,1,98,68,49,99,30,2,78,31,21,39,91,97,73
63,32,53,66,45,38,28,95,12,91,72,61,93,19,41,30,5,80,2,92,69,34,92,41,71,20,68,79,33,85,29,49,16,69,25,5,2,50,29,59,11,18,100,38,63,16,84,68,22,98,14,72,6,73,58,54,3,42,81,58,99,13,38,86,100,9,58,31,87,11,24,63,66,59,51,6,65,76,85,2,51,93,13,18,56,32,18,69,92,86,26,82,51,65,63,41,17,62,71,42
59,93,33,97,52,1,93,41,13,16,3,58,75,55,95,90,91,41,41,50,49,47,51,9,91,82,54,4,63,54,12,88,35,17,82,17,97,3,73,33,16,35,76,74,46,82,24,71,84,92,56,20,73,14,44,22,17,18,98,58,1,33,80,16,16,62,98,17,69,40,47,17,49,100,47,42,81,46,91,72,2,91,23,75,3,18,50,76,56,89,9,6,47,81,90,4,28,82,21,31
56,56,48,11,29,41,86,100,7,56,84,35,93,73,72,13,95,99,35,46,36,34,71,34,3,48,20,27,70,57,19,18,27,12,40,81,6,31,23,9,77,42,62,87,55,81,68,33,47,91,52,3,10,17,21,76,72,82,19,99,83,90,47,64,89,94,25,43,71,82,1,66,45,21,100,81,9,39,29,85,33,80,99,4,30,74,23,54,93,95,87,96,34,56,24,63,60,91,76,13
8,95,26,96,4,60,95,5,21,94,21,8,95,83,12,82,20,22,3,88,79,38,54,83,81,25,50,67,12,2,95,98,4,72,85,88,8,45,78,19,63,44,52,92,57,49,36,31,84,53,15,24,93,16,93,12,16,8,72,41,87,48,64,98,38,73,55,35,45,11,43,7,70,90,63,68,66,98,1,19,56,29,15,32,48,17,88,58,0,62,2,5,12,20,50,37,90,17,68,97
66,11,18,87,19,84,72,41,88,91,46,28,40,31,85,36,78,20,16,25,87,49,44,13,38,99,35,59,20,56,4,98,16,91,77,73,99,71,61,7,0,50,58,32,16,64,42,94,26,86,81,70,78,17,34,21,38,54,36,75,10,16,7,6,16,26,80,25,29,43,73,34,51,9,44,84,54,27,34,16,40,59,47,30,37,58,63,62,82,95,26,80,51,57,77,36,54,34,90,10
78,81,17,71,42,39,20,58,18,38,29,45,82,94,86,82,76,43,8,96,62,10,77,42,49,86,64,67,3,71,80,74,16,67,26,20,11,77,29,71,31,98,3,95,21,14,44,12,74,61,62,5,31,15,73,51,38,19,54,3,30,36,95,37,68,85,1,29,4,5,77,52,12,54,61,36,94,83,56,88,85,87,21,27,24,38,72,22,86,23,22,67,47,92,70,56,38,77,5,44
18,80,66,30,41,19,25,70,73,83,80,27,36,12,0,97,92,94,27,76,61,17,4,56,25,96,53,89,11,61,39,53,49,23,22,19,72,91,52,54,49,35,25,68,81,26,69,48,30,20,60,43,30,76,7,4,18,54,62,86,95,17,51,16,69,29,76,18,25,82,97,72,77,78,45,14,81,15,75,34,72,55,22,34,7,62,93,0,51,72,64,77,80,6,68,61,100,30,78,32
87,79,15,20,53,86,41,8,64,59,89,42,79,50,3,96,36,3,36,40,19,60,98,65,13,46,34,95,44,99,11,39,97,68,65,5,99,14,24,29,30,99,96,20,97,54,98,95,53,21,42,62,57,83,3,13,92,25,18,14,29,92,14,56,48,7,24,18,78,86,82,72,32,45,70,10,43,72,40,63,29,52,13,20,7,67,26,2,65,64,10,85,7,27,89,28,14,57,69,30
5,68,47,44,12,50,77,58,49,1,11,22,77,65,46,28,11,79,43,11,29,68,27,88,7,67,50,8,100,47,89,67,32,44,56,51,61,74,18,70,51,89,7,20,34,68,74,64,97,95,80,68,87,43,92,72,28,85,80,80,64,86,99,31,73,77,81,91,33,14,64,16,41,61,74,88,99,39,57,26,65,18,5,44,41,1,36,84,22,85,21,79,76,88,22,59,31,41,62,29
43,38,54,79,18,27,99,37,32,22,31,75,39,70,4,3,94,13,35,97,37,66,1,98,62,79,15,78,88,99,45,9,53,12,30,25,67,98,68,70,68,13,56,9,82,9,71,22,48,84,86,50,9,76,82,47,16,39,19,34,40,92,68,28,96,94,54,96,23,92,34,8,3,90,74,63,77,63,52,44,35,37,13,3,8,20,52,27,92,73,77,0,70,80,96,98,38,29,35,75
91,84,51,10,68,20,76,65,24,76,50,11,13,41,35,27,28,69,68,3,30,25,89,48,30,29,15,64,69,88,39,6,28,73,10,84,68,51,76,89,30,35,28,86,34,41,14,7,85,97,28,15,100,52,41,13,92,8,62,31,10,93,32,23,15,28,95,84,96,33,36,86,96,22,52,96,43,1,10,40,63,11,97,43,85,82,82,14,4,24,2,32,74,80,95,14,44,84,27,37
99,96,100,31,48,24,65,83,85,92,2,73,85,45,84,63,56,3,41,12,24,20,52,24,34,48,94,52,17,3,11,93,26,15,32,10,26,18,13,84,62,53,66,47,98,35,23,92,4,99,50,87,89,28,44,8,58,36,15,0,10,43,64,99,50,76,21,56,40,32,43,63,12,64,73,63,13,43,58,64,33,40,8,75,18,42,97,21,92,30,98,85,2,9,45,9,21,100,92,36
74,82,1,65,61,15,44,20,33,13,9,69,17,65,97,51,24,93,62,37,12,27,78,0,42,49,39,70,78,21,9,59,89,56,75,39,56,49,92,17,5,20,68,28,88,79,95,37,56,11,95,68,85,80,91,51,0,17,90,69,82,55,49,76,17,85,93,84,38,91,69,79,40,13,6,59,18,85,5,64,44,65,49,77,89,55,66,89,2,82,53,52,55,27,98,31,22,57,22,80
77,89,92,32,16,43,23,65,88,13,70,72,60,61,91,50,55,93,8,67,84,99,93,81,98,63,24,71,88,27,87,43,77,77,47,76,73,35,1,79,79,28,23,15,58,25,26,27,90,74,73,93,93,42,97,54,35,64,97,90,50,67,44,8,17,73,95,19,56,70,58,98,88,33,40,90,79,62,47,76,53,82,4,64,9,22,48,36,82,45,48,16,57,43,43,99,97,28,71,14
22,33,62,37,71,49,17,12,31,81,17,27,48,46,58,11,25,53,37,4,5,55,78,11,37,39,53,41,32,72,87,41,14,85,8,12,70,68,30,25,11,69,90,83,49,8,71,90,88,62,52,85,40,55,38,40,87,58,49,1,95,27,79,90,39,65,63,44,39,7,90,4,49,32,76,99,80,43,36,44,43,46,22,66,5,81,94,44,11,29,90,25,80,35,29,57,9,72,96,59
54,42,29,98,7,75,85,59,85,73,12,39,63,43,21,59,39,59,11,10,50,82,83,10,14,58,48,2,58,91,22,53,38,65,40,68,31,7,25,74,31,61,2,69,72,76,66,2,86,48,87,7,55,94,79,1,89,7,56,3,47,72,67,85,6,86,78,26,55,1,24,95,0,16,24,75,54,25,27,1,27,57,38,46,78,2,68,75,95,43,89,84,44,7,34,67,38,80,84,24
14,96,63,44,92,55,50,86,50,77,31,4,20,40,68,94,93,67,2,35,87,18,23,22,73,87,61,89,89,91,57,13,84,90,40,23,12,83,65,21,46,91,16,34,50,36,65,99,41,97,57,44,50,48,10,51,3,59,9,97,78,36,81,1,38,59,86,29,47,37,31,88,5,64,85,62,86,69,14,71,89,16,98,48,39,67,84,52,85,65,46,22,62,93,29,26,75,61,55,3
14,57,17,8,23,67,87,55,24,4,65,58,65,100,86,74,91,19,36,52,53,29,44,27,72,81,27,6,67,43,22,91,71,92,31,25,67,54,37,49,6,61,95,60,50,89,65,57,97,95,67,68,89,67,9,29,90,22,66,21,37,20,56,28,57,79,99,13,83,41,89,35,64,78,35,5,15,25,90,74,32,80,62,34,83,95,52,63,12,77,98,51,35,85,49,19,18,79,99,80