7,58,6,50,5,67,96,91,0,41,14,2,75,38,51,36,47,59,11,88,7,24,29,70,29,19,92,69,75,96,30,29,61,95,24,80,19,23,13,47,83,10,50,80,84,6,40,13,61,12,7,32,23,10,51,27,90,97,51,43,27,14,35,73,1,35,21,58,35,10,100,28,44,51,43,42,48,35,29,20,40,50,83,72,40,54,41,5,62,71,16,23,69,83,15,27,67,100,80,0
46,30,17,85,88,56,21,76,47,33,78,84,88,47,27,69,6,60,10,46,60,6,41,68,53,64,5,55,7,82,53,53,19,58,49,13,11,35,31,17,92,36,50,68,16,86,49,6,49,34,85,0,88,86,61,55,85,21,38,15,18,41,10,94,40,76,89,21,10,31,16,45,100,11,67,62,42,79,9,0,64,12,66,70,43,8,97,16,74,7,89,68,59,5,57,24,10,51,20,100
71,79,41,24,52,57,81,8,63,95,42,9,45,81,87,24,71,41,15,59,86,69,95,91,72,29,12,91,36,15,86,38,57,50,71,26,31,45,59,57,91,41,57,43,27,33,3,100,59,71,25,68,59,48,87,84,77,58,73,11,97,65,70,12,80,52,84,99,24,33,84,56,31,80,72,1,60,59,60,24,93,4,48,98,95,68,87,86,39,73,46,20,61,8,64,38,5,99,21,82
93,35,39,21,23,23,74,97,19,15,8,86,27,8,59,60,86,74,43,49,31,38,5,63,54,22,64,7,99,0,84,13,76,65,23,81,14,32,4,16,74,22,76,40,1,13,61,95,92,52,43,85,49,10,32,26,71,48,65,86,35,23,9,70,90,91,78,41,58,67,80,98,65,90,40,77,57,71,87,40,70,50,7,63,76,31,66,20,4,39,25,4,89,90,22,20,80,57,58,32
25,32,78,33,28,64,38,32,30,21,68,59,76,45,48,26,9,31,82,68,81,27,81,12,19,99,6,36,77,85,75,100,61,13,17,77,4,17,27,96,72,44,16,36,61,91,15,77,95,85,70,51,70,64,90,31,89,90,0,20,50,57,8,88,64,71,92,60,30,7,41,6,78,4,81,43,6,6,3,29,4,59,38,23,76,13,17,59,3,76,76,11,13,71,53,34,84,32,85,13
93,34,21,65,40,42,53,56,46,34,21,88,9,2,98,82,72,42,72,18,52,93,79,8,87,44,70,99,61,92,17,72,96,41,32,95,53,45,31,70,66,50,85,67,34,25,26,69,43,35,39,69,3,16,39,29,98,67,45,86,83,14,33,34,17,23,89,72,95,32,65,99,3,22,14,6,98,2,92,48,60,36,87,70,72,4,93,47,20,21,75,27,20,72,95,93,15,85,75,18
50,58,42,68,19,97,91,72,72,37,25,30,49,26,57,14,93,37,11,66,56,95,42,48,13,8,87,51,92,57,13,2,54,57,41,27,92,49,41,19,55,68,50,85,61,65,61,91,32,56,87,24,42,8,5,43,48,61,94,58,57,26,85,100,93,19,60,76,51,17,65,33,40,35,30,84,5,37,79,49,75,52,35,7,29,94,19,90,41,42,52,84,88,14,90,59,21,41,38,82
36,98,11,16,13,69,24,92,29,0,99,53,94,22,95,91,50,91,95,81,94,12,87,25,79,39,68,53,64,99,0,40,78,97,3,29,29,11,78,90,72,73,51,15,32,23,18,2,22,79,68,15,14,63,82,42,65,35,22,58,19,89,65,11,11,14,54,6,58,20,62,5,84,21,58,19,19,95,7,54,10,71,31,80,63,32,77,73,80,81,54,64,92,12,7,12,39,99,2,45
0,87,87,20,96,99,95,8,61,83,91,99,98,63,46,91,88,76,74,81,22,36,76,84,77,45,89,24,78,57,95,12,27,76,68,99,70,58,25,8,46,26,9,30,10,52,52,56,38,86,90,24,10,42,32,12,9,68,49,27,18,59,60,42,25,58,11,5,34,83,84,47,77,3,96,53,58,70,12,81,43,40,45,28,97,87,40,48,18,55,74,78,44,22,83,25,25,51,91,84
92,91,52,63,41,41,90,14,8,0,60,55,42,53,59,16,65,23,2,37,42,67,61,99,33,24,97,74,95,8,2,0,86,100,3,70,87,71,97,56,97,80,11,76,75,78,27,53,6,81,81,53,49,0,32,26,92,97,63,82,43,92,96,28,84,37,84,73,82,100,25,28,83,83,59,33,11,68,88,94,38,43,17,70,32,15,10,4,54,4,25,80,76,44,74,90,20,1,100,60
80,35,84,1,27,9,88,13,47,22,35,1,13,78,70,71,0,39,32,45,21,33,32,55,27,19,45,71,6,8,7,32,16,34,30,38,2,26,77,73,100,31,35,60,76,46,41,21,16,3,7,83,16,79,97,66,7,55,31,51,81,36,57,59,12,71,42,42,78,22,7,72,43,47,62,65,26,40,35,57,68,80,70,86,55,79,19,77,65,11,32,64,87,23,98,86,69,91,30,36
31,45,78,29,77,96,28,20,5,9,32,89,67,70,88,12,27,47,42,9,1,76,23,97,64,98,31,38,34,97,46,96,61,88,18,46,83,67,0,4,54,1,39,63,5,96,34,37,55,11,63,2,46,13,52,43,1,77,23,45,23,48,80,32,92,68,70,72,89,86,98,56,62,20,40,78,17,11,38,12,0,11,73,58,51,17,6,41,58,48,59,17,68,69,97,6,60,76,94,32
9,37,83,32,48,96,100,20,7,60,64,11,65,66,85,49,68,86,58,34,84,93,21,48,15,40,3,24,23,84,1,84,76,2,53,81,33,49,5,18,46,92,70,7,98,34,50,39,20,28,47,18,77,57,50,52,40,87,96,27,51,66,71,59,98,21,20,56,26,73,51,34,95,65,97,73,96,28,50,88,93,0,79,94,77,95,12,87,83,8,0,97,52,18,56,6,77,16,47,81
54,35,26,19,54,19,43,7,12,68,96,33,74,83,82,35,53,37,51,10,7,59,94,59,66,0,50,22,67,4,24,89,40,77,54,82,52,46,49,86,33,63,64,63,44,74,91,35,22,21,73,11,4,31,3,23,20,0,40,18,12,59,10,38,56,57,24,46,56,10,93,54,82,17,36,78,14,56,77,76,19,81,66,89,31,10,76,15,1,77,17,71,18,54,30,64,16,90,22,74
59,34,55,15,14,25,82,60,54,3,9,66,82,20,32,7,35,9,2,100,69,18,54,20,42,1,44,90,63,23,12,19,66,68,75,25,30,32,51,95,67,57,48,3,57,17,68,56,28,94,51,87,95,88,92,100,2,54,78,52,74,66,85,81,31,56,5,39,66,38,81,83,32,9,98,21,4,20,66,39,41,61,90,93,79,7,22,32,97,16,8,44,76,27,89,23,85,9,50,93
28,67,92,17,64,36,89,33,2,10,52,95,94,90,48,22,83,7,98,93,94,89,72,65,98,5,19,98,25,30,18,95,40,1,38,58,2,45,20,11,54,86,2,55,4,43,33,74,17,93,67,58,43,33,96,24,19,14,41,10,5,52,65,7,34,12,60,40,41,77,29,7,33,35,82,25,83,44,43,26,94,59,57,5,62,14,55,91,99,32,84,62,65,5,66,2,23,94,67,38
32,83,45,43,13,97,26,91,77,12,1,92,56,89,10,80,54,75,41,35,89,91,53,36,93,44,35,68,1,80,3,13,0,19,52,82,49,73,37,42,3,7,87,87,63,78,80,23,36,59,65,35,86,77,0,52,40,95,89,34,77,22,13,46,60,99,87,57,62,42,4,58,81,56,56,8,84,3,100,45,32,10,89,33,25,59,55,22,12,83,9,73,91,85,72,56,58,93,72,57
68,47,27,51,28,90,59,4,89,79,9,28,69,65,87,16,57,0,85,81,87,59,61,55,41,38,51,34,33,44,46,64,52,69,64,76,7,33,44,18,82,81,16,95,51,88,34,72,96,36,73,4,69,77,76,26,6,60,63,76,37,6,93,83,25,33,11,26,91,50,13,83,29,16,32,95,28,60,28,28,67,53,80,67,18,13,76,3,93,37,70,10,46,47,89,51,17,12,63,61
97,50,13,9,39,67,80,0,87,62,51,86,4,93,13,92,48,48,86,45,5,6,42,59,29,15,83,77,74,78,38,52,76,86,79,22,84,70,32,90,58,85,21,5,7,68,67,8,79,60,41,50,24,93,0,9,36,15,96,26,9,31,21,22,37,87,78,90,14,87,71,48,16,86,68,74,54,44,87,49,66,27,79,20,44,68,57,32,58,22,93,7,25,10,6,76,35,9,45,28
28,42,61,8,50,13,66,40,13,63,82,29,49,84,55,30,14,85,52,8,46,41,31,83,37,27,56,17,35,40,16,53,14,61,75,59,88,60,84,79,76,91,22,76,32,85,89,6,4,58,84,36,56,30,14,27,50,46,29,15,48,98,26,1,41,15,100,99,95,52,42,53,0,26,31,39,70,58,34,17,33,28,23,96,86,41,29,54,80,40,17,12,80,43,82,63,23,68,0,38
65,22,3,85,76,58,62,97,3,7,18,41,68,50,31,90,81,83,31,6,11,66,15,67,70,81,39,86,47,68,76,28,88,78,88,44,59,25,43,76,22,20,10,74,39,78,56,2,42,76,23,89,19,48,13,24,63,93,59,48,18,65,78,81,62,97,61,88,59,64,38,90,16,77,51,20,73,6,5,24,14,93,18,59,98,84,45,5,43,76,43,43,15,89,63,84,82,16,64,30
93,81,37,27,54,59,75,60,66,3,72,47,96,26,21,63,54,93,33,71,28,62,64,32,24,74,41,81,30,87,0,45,63,92,5,24,41,84,75,63,22,35,41,19,35,79,60,83,19,50,21,21,44,76,2,84,88,73,6,97,27,92,3,65,94,2,27,46,7,51,31,28,17,43,84,8,78,50,28,30,56,70,84,62,79,48,85,83,49,6,14,78,51,64,94,9,66,12,17,64
84,2,90,1,9,24,36,94,20,27,51,52,11,77,29,8,45,50,22,99,100,13,71,43,33,29,57,80,46,23,86,78,55,71,40,58,18,59,25,20,87,61,10,82,96,93,69,49,85,67,30,46,80,78,31,9,2,25,90,38,34,17,95,95,30,92,17,24,25,14,59,54,53,60,77,48,92,34,4,55,66,68,5,52,82,20,95,89,23,44,60,28,60,81,55,86,85,37,54,82
11,97,76,78,12,7,98,16,72,60,66,4,73,3,71,74,67,40,38,38,94,9,11,48,97,29,6,60,24,29,2,90,97,94,85,36,70,16,57,24,20,24,75,22,59,19,27,27,97,75,66,15,50,10,24,51,99,64,40,33,72,39,71,57,56,12,34,99,5,74,40,77,83,88,8,63,65,63,70,90,27,5,35,51,52,49,46,17,92,74,26,48,46,86,45,10,60,62,32,52
34,35,61,95,71,3,26,63,64,14,15,9,63,6,59,21,99,5,32,16,21,83,24,9,67,25,65,66,15,19,73,6,50,38,54,79,76,78,28,78,94,64,24,43,97,16,39,86,56,50,91,70,49,55,5,64,64,44,81,84,57,97,28,93,80,44,65,79,15,53,98,34,78,24,2,17,60,97,99,81,52,25,60,26,0,67,87,79,29,85,15,93,24,60,71,29,28,71,44,76
72,89,90,21,69,15,84,20,57,78,74,58,71,10,2,71,26,28,20,72,64,33,73,61,21,41,38,49,91,23,0,10,44,18,28,71,86,100,86,22,33,71,8,61,40,78,89,82,30,5,24,58,35,20,31,43,96,66,73,31,84,99,32,67,27,34,7,42,95,24,61,82,92,27,9,74,17,13,31,83,40,95,61,27,38,31,87,2,82,26,53,56,19,73,57,15,80,58,53,54
2,45,14,18,13,1,73,45,27,47,25,28,39,67,94,17,48,28,53,64,18,39,51,31,62,40,77,25,1,93,39,68,26,39,44,13,81,79,26,57,73,70,75,3,71,69,86,80,10,18,34,95,23,30,6,19,96,100,12,74,56,10,78,4,44,100,92,90,81,93,90,25,40,37,0,23,77,86,42,88,55,74,44,64,72,38,11,67,70,82,29,66,4,12,85,22,50,88,43,0
43,52,97,62,96,49,13,75,6,12,95,32,100,58,18,65,15,95,9,65,73,15,74,32,93,93,46,24,21,28,24,84,73,37,54,44,25,33,39,81,3,0,6,61,33,0,13,0,75,33,73,11,75,22,46,87,41,30,36,52,45,66,70,44,39,41,98,27,79,24,36,41,6,68,30,1,12,52,67,60,24,49,1,40,48,87,16,80,1,26,62,89,55,21,88,85,15,8,76,13
4,96,22,10,19,88,47,89,96,95,49,71,13,50,70,18,43,11,24,26,31,97,81,56,66,72,35,59,86,13,60,1,58,90,41,59,81,62,81,63,67,39,38,96,44,74,8,5,5,75,89,85,34,51,74,26,10,91,73,91,93,39,62,37,29,62,88,81,62,14,30,83,86,34,32,7,97,40,79,0,55,76,63,66,30,47,81,22,20,54,17,48,39,54,28,70,78,12,90,21
62,65,93,41,10,31,91,77,0,81,34,85,80,86,17,75,69,74,80,20,59,22,9,6,83,21,56,72,65,10,60,92,23,47,83,67,2,47,95,35,11,11,59,89,49,2,95,18,0,72,97,88,14,62,5,37,30,46,14,5,87,75,96,38,84,26,61,6,65,43,74,81,0,73,14,87,1,51,30,36,51,57,33,1,60,45,62,10,2,73,97,16,21,78,0,70,77,33,5,72
70,57,57,0,73,42,38,83,100,84,7,90,28,28,8,78,51,97,75,29,91,67,25,88,100,82,80,91,97,49,34,32,90,64,34,4,15,89,85,13,50,69,14,32,31,42,66,7,84,96,60,79,59,73,48,75,36,35,82,65,32,94,90,37,15,64,65,80,13,66,72,18,21,3,59,22,10,39,55,2,36,73,40,61,28,4,35,8,92,3,81,0,95,29,31,59,16,64,80,8
41,86,82,80,75,73,96,57,14,43,61,19,63,1,50,20,38,40,86,37,6,13,81,77,25,29,48,90,18,5,22,75,9,82,27,34,28,61,50,92,50,53,0,80,20,15,80,55,32,86,72,23,70,26,13,53,60,16,68,31,87,63,53,36,90,55,86,79,96,23,35,59,14,50,42,54,36,15,44,9,69,61,100,12,27,97,76,21,45,32,37,39,16,88,67,41,9,97,75,85
21,93,56,92,20,7,15,92,83,2,26,22,81,8,10,62,100,12,66,56,53,20,61,7,23,1,44,72,51,2,45,49,35,11,35,80,55,47,93,80,55,44,36,70,15,38,77,53,35,57,79,28,87,33,92,19,76,17,70,81,57,88,69,14,81,88,21,47,17,49,58,70,24,65,2,63,30,57,72,27,17,99,15,78,40,1,19,39,59,57,29,12,7,87,30,13,75,70,41,16
70,51,46,15,76,21,82,52,83,3,46,87,13,78,39,87,77,12,51,57,62,48,59,79,94,10,86,9,7,49,83,29,78,57,36,70,0,35,59,10,7,17,45,75,68,72,12,51,65,16,90,13,86,13,37,93,74,20,80,20,40,6,33,47,0,83,86,65,58,11,99,43,38,53,53,92,45,51,11,61,9,86,71,61,93,31,10,99,29,47,54,41,59,76,22,24,26,31,97,77
16,52,83,60,35,14,57,81,48,81,98,19,21,84,72,11,73,48,3,80,74,34,82,38,40,44,40,72,72,1,78,33,77,10,100,51,19,40,12,83,34,81,46,3,14,64,9,0,0,87,42,58,89,48,7,73,80,50,20,68,58,21,83,68,63,93,41,88,82,52,82,97,58,5,81,4,46,80,56,7,10,60,93,68,96,4,19,17,66,78,100,93,16,52,12,31,14,57,38,31
90,24,34,38,12,37,60,80,26,12,10,98,23,68,85,14,88,98,34,49,55,68,47,59,45,26,75,5,97,37,66,28,0,39,49,92,63,40,42,54,99,34,71,3,25,69,77,49,23,26,96,28,5,68,23,7,43,29,17,2,24,40,87,1,97,5,73,3,14,91,82,14,16,45,17,7,32,83,35,38,93,41,41,11,46,61,94,92,67,2,72,100,47,97,65,81,53,64,59,67
83,100,54,14,6,70,85,98,47,24,97,47,4,4,70,87,0,33,29,56,63,43,83,39,48,16,58,96,71,42,70,48,63,7,67,10,0,93,71,2,21,76,18,64,64,13,81,21,55,8,74,48,98,26,54,51,6,79,52,58,57,49,21,68,18,88,42,3,12,76,92,72,3,96,80,11,48,91,73,38,18,51,73,0,21,39,92,90,99,77,20,75,85,93,51,86,71,57,75,61
72,66,59,16,67,37,88,48,76,28,46,31,30,49,74,85,52,42,61,69,5,25,54,16,19,92,85,71,2,83,79,2,91,26,96,25,35,85,86,100,62,28,40,24,57,96,60,55,71,100,23,66,58,69,32,0,76,22,78,34,55,23,61,22,65,33,74,76,40,65,4,64,37,50,6,70,92,64,52,25,87,5,4,28,72,96,2,38,37,81,29,8,63,26,42,83,82,42,88,1
53,32,55,71,56,24,28,34,31,91,74,36,22,72,60,45,62,26,50,21,88,0,88,2,59,2,47,49,76,27,37,43,68,94,78,92,79,33,34,53,91,97,88,100,94,98,64,52,54,87,34,40,94,5,43,19,49,100,5,50,42,66,10,16,85,56,35,66,97,29,96,14,95,79,64,85,0,52,58,66,43,90,18,39,44,94,66,42,76,45,85,52,37,49,96,0,98,38,42,82
71,43,79,55,66,43,46,89,1,74,2,67,24,23,31,77,44,38,41,59,88,46,97,29,10,100,3,74,95,63,4,29,20,27,58,74,12,44,81,58,32,57,70,94,100,15,64,85,15,31,84,58,66,54,85,61,58,83,16,38,31,15,35,90,39,32,83,36,96,57,73,65,96,39,92,64,77,76,71,51,50,17,62,17,37,22,34,41,0,82,83,29,35,28,27,69,69,76,54,48
32,63,14,19,24,53,9,8,48,85,100,42,92,39,83,8,3,23,86,1,0,36,50,93,13,12,49,7,4,68,33,60,71,86,3,92,56,35,81,66,10,65,16,14,81,13,17,11,19,100,72,42,44,71,37,85,72,16,7,11,33,6,44,72,50,28,20,72,12,38,27,52,47,86,97,9,17,78,77,64,62,14,42,14,41,26,73,25,65,31,92,5,71,59,79,97,57,36,71,80
88,21,90,1,91,14,24,68,19,41,71,16,0,76,46,2,85,77,30,91,79,22,81,59,47,18,95,4,35,10,1,75,59,33,1,79,91,21,88,11,28,62,50,16,6,51,86,17,92,46,28,37,62,0,30,82,74,6,85,9,64,2,99,48,16,15,43,58,60,53,13,85,34,56,49,22,78,88,24,92,87,14,95,51,89,62,22,46,97,26,50,39,99,25,23,73,79,51,23,89
71,71,8,6,28,85,5,14,48,24,72,48,93,74,88,19,18,40,58,52,48,79,96,88,93,42,43,28,76,56,41,38,64,1,64,42,69,26,43,14,10,83,73,57,6,82,65,86,50,8,27,54,2,20,76,78,68,91,52,29,97,91,89,95,0,67,48,63,92,49,17,58,62,17,0,86,38,45,50,34,68,34,38,79,30,1,30,90,23,87,18,60,83,39,74,56,62,8,55,0
72,6,11,50,10,99,59,29,2,14,37,51,87,76,5,26,30,32,84,61,48,41,56,6,62,46,20,12,28,26,85,96,60,33,46,1,72,6,78,7,8,8,40,84,95,57,80,9,21,72,2,35,30,23,78,51,88,15,27,0,99,95,25,60,27,73,24,10,16,37,10,87,31,42,29,64,25,16,89,2,85,39,8,94,80,44,67,58,19,29,28,19,61,24,41,42,18,7,19,46
17,96,3,11,92,42,93,78,79,72,64,36,42,83,47,73,63,53,30,42,31,33,66,95,32,95,94,53,67,18,76,30,6,40,49,28,82,35,92,73,0,78,22,65,27,7,27,51,61,75,13,32,25,48,18,36,59,22,14,9,18,24,10,4,85,32,3,75,93,11,14,33,58,11,17,90,58,78,19,51,80,41,51,27,100,4,43,73,21,70,71,23,14,23,73,85,45,83,80,40
89,8,54,41,42,29,36,5,26,28,19,97,52,72,52,9,97,15,98,13,25,53,19,6,61,60,77,59,67,95,76,63,82,5,87,71,11,19,22,73,4,46,89,79,71,83,60,71,13,4,12,45,80,52,2,99,26,38,94,44,4,0,29,70,63,16,57,90,83,85,25,42,70,61,47,97,42,10,12,40,4,34,41,8,78,90,50,38,66,94,3,99,46,63,86,14,67,72,48,40
25,11,28,57,45,32,36,77,91,37,56,96,88,7,8,79,85,39,16,1,56,14,77,17,6,30,85,41,1,85,86,50,73,4,29,1,40,7,58,0,6,65,80,18,32,49,86,69,52,93,19,1,12,56,68,71,44,77,100,46,95,18,8,98,47,95,64,95,46,43,28,48,33,3,28,42,71,58,57,35,65,93,45,11,67,77,83,60,34,71,46,58,83,78,61,100,83,35,42,55
13,84,40,60,18,40,90,1,5,99,24,26,36,2,91,4,78,37,55,36,34,100,14,30,51,13,11,28,89,73,0,9,81,43,2,86,87,81,40,70,38,26,80,90,63,1,4,79,22,4,71,12,61,26,72,37,50,13,80,38,52,54,79,1,94,37,10,60,58,16,65,17,37,67,26,91,63,19,66,41,87,87,31,27,68,86,27,87,95,53,57,83,97,28,0,24,21,77,19,19
10,75,35,90,97,88,58,92,85,0,89,93,25,33,10,78,99,83,43,5,37,100,43,4,69,97,54,41,18,81,33,74,14,52,7,52,84,60,11,8,57,61,76,99,55,39,8,92,42,99,1,43,41,23,28,91,79,10,75,47,23,69,44,90,71,66,15,38,79,69,22,89,68,31,66,48,64,94,63,63,69,52,54,75,62,14,38,69,4,24,52,93,56,19,90,44,93,12,76,37
84,67,67,28,90,78,85,47,17,4,24,85,36,19,33,39,20,19,57,96,11,38,89,0,97,28,1,71,69,43,35,60,98,24,90,63,42,11,33,2,49,99,71,85,98,68,85,22,12,100,86,92,88,71,45,86,25,72,40,9,29,71,74,91,48,79,61,46,38,23,85,14,70,73,40,95,53,89,0,28,12,17,93,32,70,52,20,90,88,41,82,62,83,24,89,0,20,13,94,28
26,74,29,86,23,56,87,94,71,23,13,48,77,80,77,0,62,30,65,82,3,44,15,46,81,68,15,61,66,16,95,69,53,21,49,10,85,56,34,60,90,56,68,21,4,78,49,47,16,30,52,11,20,74,66,53,3,94,37,69,20,65,34,100,16,78,59,19,49,73,90,95,89,73,18,66,73,93,20,40,69,20,41,27,12,5,39,61,25,71,79,71,55,72,0,31,59,52,60,56
80,37,59,25,22,6,87,91,90,92,96,57,14,89,57,72,30,19,79,53,100,62,13,1,93,25,61,92,4,73,46,83,6,95,10,14,100,93,16,68,96,3,86,40,99,17,30,2,94,82,28,64,74,12,43,35,75,89,1,45,6,34,88,73,14,50,61,65,55,72,3,47,94,61,41,74,54,58,52,77,51,28,78,78,67,84,56,31,55,57,70,37,36,84,5,89,35,72,52,52
88,33,92,85,97,29,91,49,62,64,78,21,63,50,72,38,69,37,42,27,78,0,100,32,100,80,95,81,53,88,38,41,56,99,41,27,3,87,35,10,92,92,58,85,94,30,56,78,86,52,94,57,73,39,42,32,68,74,81,99,36,39,28,29,55,7,42,24,83,2,14,43,96,22,96,80,89,30,59,96,73,55,97,12,40,47,47,12,21,82,30,3,74,28,70,66,44,40,69,85
71,22,45,67,41,39,38,44,83,94,16,23,17,45,51,14,40,62,77,73,9,88,56,77,23,61,79,97,17,89,58,88,76,74,62,84,69,33,36,57,18,63,56,75,67,29,63,87,62,80,61,95,4,22,84,0,59,26,73,31,37,36,52,46,74,49,14,47,9,27,38,16,62,15,38,20,35,25,24,47,13,49,75,83,29,100,15,57,58,54,13,67,52,31,68,99,74,99,10,23
33,53,23,13,12,20,77,65,97,78,74,50,50,20,90,69,20,82,50,66,40,2,52,76,75,66,27,80,5,75,56,23,75,17,79,66,40,55,79,19,11,46,47,55,18,2,60,67,78,35,50,65,65,18,75,87,5,57,70,13,81,83,5,44,55,78,74,27,60,58,18,87,66,36,42,48,84,42,8,77,83,86,95,83,57,36,24,98,42,22,40,71,44,13,15,65,18,59,59,54
79,38,53,92,96,55,15,1,43,82,2,48,1,97,93,44,71,89,99,99,70,86,83,30,42,59,86,78,37,34,34,70,2,14,43,30,35,46,47,2,83,63,34,95,29,100,25,51,92,73,20,32,82,28,59,6,27,96,76,4,7,40,5,89,96,28,47,59,39,30,52,27,10,3,72,5,68,12,33,94,18,62,85,45,96,41,46,68,70,28,34,97,87,78,46,94,30,87,39,38
5,18,61,68,52,3,16,48,97,83,82,37,56,65,83,33,78,0,85,94,72,41,32,55,100,22,54,51,37,85,19,97,14,15,90,61,7,42,43,13,69,67,9,29,15,31,61,57,5,13,11,31,19,91,18,66,12,30,99,4,57,87,51,25,82,79,21,47,69,90,35,31,15,27,84,20,31,75,80,17,48,43,31,27,93,47,23,65,100,91,96,38,94,65,6,85,8,50,92,33
54,61,6,68,91,7,37,21,62,33,55,54,76,1,30,22,77,12,17,94,66,79,70,39,82,36,100,82,19,31,10,21,45,85,81,70,73,70,5,18,5,95,39,65,84,83,33,90,24,60,19,29,41,25,20,16,59,40,18,99,14,58,32,43,21,68,94,37,80,3,63,55,72,27,32,13,86,52,81,49,13,86,34,10,83,23,72,18,19,72,34,66,91,24,74,48,90,26,89,54
25,27,2,37,9,51,60,69,72,66,58,56,7,34,54,38,50,46,99,41,52,94,73,50,74,22,56,9,4,62,97,22,36,12,8,14,77,66,58,43,17,6,12,10,63,48,7,38,99,98,44,77,51,57,48,13,94,13,83,24,11,39,73,94,51,80,88,61,83,79,56,41,17,42,18,8,21,6,94,75,97,55,69,96,96,75,87,84,12,50,17,82,59,12,72,99,95,30,51,95
59,19,39,16,49,91,73,75,51,83,33,80,11,85,61,26,65,77,12,79,19,6,1,46,6,35,9,47,13,29,49,54,17,36,95,73,6,82,73,16,27,34,30,20,21,51,85,38,38,93,76,33,4,82,9,69,19,7,27,80,64,39,56,37,18,100,16,79,42,52,17,93,10,52,95,89,11,46,88,50,60,12,68,64,76,16,76,65,24,78,77,69,93,62,91,98,30,18,68,24
49,40,5,28,21,20,78,44,45,95,74,19,33,12,53,32,49,63,94,73,82,27,62,41,54,91,27,0,5,45,11,72,88,16,13,73,99,95,4,25,86,71,15,69,99,7,55,88,53,33,87,56,10,9,99,97,25,58,48,92,74,42,23,90,88,6,22,60,62,53,20,2,74,49,86,88,50,85,49,86,77,40,44,86,57,49,41,17,41,94,37,91,28,64,1,46,80,37,4,11
84,13,21,4,77,61,84,21,17,88,79,33,93,35,48,87,34,70,61,11,23,67,87,88,47,30,76,20,54,30,60,89,84,65,18,29,60,66,26,16,64,91,56,42,53,95,28,83,6,7,46,25,67,32,80,49,35,22,2,10,70,96,41,22,62,23,80,18,92,47,79,78,23,77,58,28,59,28,52,23,68,65,25,5,27,57,31,40,51,23,23,32,82,89,67,14,14,16,6,18
35,59,36,23,1,4,48,98,70,52,39,75,24,99,100,25,22,95,79,51,89,95,21,0,92,22,86,39,36,66,27,7,50,7,69,28,80,35,71,86,13,25,5,28,3,4,62,33,60,21,63,68,42,32,98,23,81,79,5,14,61,34,74,64,23,51,12,26,34,18,74,1,85,29,0,20,46,92,26,13,85,87,14,76,61,53,68,52,12,12,43,3,24,9,70,68,43,78,91,8
71,90,12,37,65,78,39,57,43,3,24,42,66,93,20,38,29,60,4,91,58,27,46,2,26,82,86,15,8,36,80,1,60,78,36,39,41,94,44,95,14,66,93,70,46,74,97,96,61,26,89,86,79,91,81,4,24,48,6,47,66,90,82,55,29,42,43,93,76,68,78,69,37,22,92,90,49,93,8,34,41,72,23,73,0,45,61,68,51,13,64,29,6,67,33,58,40,30,55,30
23,56,85,42,99,86,51,77,78,7,43,73,3,15,12,32,39,9,8,27,6,49,79,68,27,74,99,38,5,14,18,69,17,63,88,94,35,13,22,100,70,86,52,25,8,87,74,17,72,35,50,25,45,17,76,4,80,62,95,16,16,19,90,90,54,94,33,95,1,65,64,6,14,23,67,50,25,46,29,33,67,84,84,94,27,94,51,49,85,52,53,47,47,86,6,35,18,20,64,79
1,25,14,67,10,67,11,82,0,65,71,12,16,99,60,26,10,21,21,81,2,86,29,90,89,36,83,45,100,16,57,8,81,5,75,48,78,99,37,80,97,47,3,23,40,75,64,74,84,35,26,1,85,46,78,94,5,81,85,51,23,60,34,72,23,55,5,64,52,31,32,37,43,78,96,11,81,14,81,85,66,77,46,95,50,78,16,53,86,18,14,31,8,61,62,62,36,60,29,40
74,47,77,83,41,40,36,55,18,91,89,14,70,72,72,26,44,7,13,0,13,68,83,80,8,3,12,87,37,12,51,88,47,27,91,58,56,16,99,23,7,94,97,25,94,99,65,14,16,30,56,78,77,61,4,31,21,97,35,5,34,37,13,37,13,35,16,79,68,66,72,75,82,40,39,80,6,11,8,18,69,36,73,63,34,76,52,88,35,57,65,32,20,89,98,39,24,33,77,40
25,73,68,56,57,7,95,87,52,37,39,37,56,7,27,56,70,64,47,92,65,20,0,44,44,90,97,34,54,21,7,67,54,39,9,100,30,51,41,25,79,69,94,29,8,60,98,41,36,84,35,12,11,41,52,100,91,25,15,87,77,2,88,35,53,4,22,3,100,70,69,8,63,20,74,57,50,62,29,85,64,54,43,9,63,60,24,39,55,47,79,10,98,52,28,83,57,98,16,64
39,71,18,34,59,48,7,59,36,86,14,31,0,51,38,0,8,1,95,45,81,60,67,97,60,74,92,39,77,68,63,10,36,37,83,65,63,62,84,87,44,60,28,0,77,56,56,18,98,84,66,75,89,31,2,27,45,59,96,74,30,3,17,11,2,51,27,1,12,95,13,73,45,61,21,25,57,95,23,82,72,91,58,59,31,1,70,76,58,89,99,14,44,73,25,17,14,41,57,64
38,27,56,75,77,31,94,7,31,48,51,85,50,11,41,3,67,27,69,80,59,36,85,71,77,96,20,96,47,54,32,50,1,14,9,86,30,0,45,1,31,50,13,0,75,90,95,94,4,81,55,66,16,11,6,72,28,50,50,27,43,88,88,62,9,61,76,9,62,35,38,100,83,10,90,10,67,28,31,95,51,38,65,34,28,32,83,9,60,99,36,32,12,41,38,7,92,28,75,63
53,68,96,75,14,31,30,83,98,40,96,55,53,81,15,91,6,72,38,52,95,57,41,95,96,92,90,32,15,60,37,70,59,94,94,88,63,54,28,38,50,70,77,84,19,30,32,28,16,62,92,5,10,67,61,89,2,99,39,63,12,36,66,9,17,20,55,67,61,3,4,38,28,88,97,14,54,41,31,76,8,24,64,17,43,6,27,89,85,87,5,45,71,86,73,5,71,50,94,78
29,90,57,49,41,58,63,72,34,71,13,73,72,24,19,50,67,77,57,12,25,48,27,31,79,39,27,55,30,11,98,32,32,25,47,78,32,28,42,72,5,31,76,20,7,92,79,16,73,98,46,29,37,21,3,54,46,81,69,61,55,31,25,58,30,48,61,4,36,68,89,65,73,61,93,18,93,50,79,21,98,87,18,92,51,100,35,91,84,97,64,23,47,12,12,55,44,47,31,95
72,36,70,69,54,60,4,16,41,35,40,93,32,5,36,68,81,39,36,81,8,0,67,81,51,94,89,90,54,31,73,78,21,60,70,4,72,39,15,9,13,15,27,61,50,52,45,75,30,26,16,32,73,33,99,44,18,67,19,32,98,84,99,15,22,35,11,58,29,75,74,18,47,10,98,28,0,69,17,83,74,71,95,40,59,54,24,54,64,79,65,28,17,90,21,77,48,27,76,55
32,68,4,30,78,28,84,10,91,85,54,27,46,100,95,55,79,58,59,74,52,51,91,60,10,2,59,35,1,29,77,66,18,70,22,5,53,88,31,44,40,42,96,53,70,65,67,8,94,69,74,45,43,63,31,86,51,64,96,42,23,88,0,9,74,46,32,24,26,49,18,59,83,47,97,38,73,97,8,85,6,55,85,9,61,97,76,60,3,26,55,72,86,7,20,89,63,80,44,47
76,15,96,84,74,77,75,55,51,1,86,24,57,13,92,97,18,78,2,36,57,41,27,26,24,10,69,94,24,95,13,53,36,32,17,25,13,91,39,53,50,50,6,55,25,66,28,100,85,92,86,45,37,16,31,85,0,29,30,21,81,27,94,96,77,56,61,30,60,19,25,56,60,68,73,13,20,19,35,95,18,69,42,71,64,88,55,67,38,25,7,7,59,77,100,75,8,93,67,40
37,38,85,60,98,1,91,15,99,89,51,11,17,82,49,90,35,31,28,42,49,98,3,96,11,84,85,77,75,55,77,15,8,68,6,43,96,15,30,5,0,50,10,24,57,100,34,25,34,43,3,70,0,54,76,55,35,44,53,14,68,22,69,23,69,17,1,25,69,24,51,98,63,91,22,4,30,74,68,45,99,67,60,54,67,60,47,32,25,23,53,97,96,100,43,20,56,14,18,2
41,70,80,11,8,95,58,66,6,31,22,80,87,0,100,77,83,54,83,51,69,45,22,79,38,83,1,98,93,29,46,27,27,61,22,69,37,87,42,94,57,100,93,47,95,38,36,93,100,26,27,65,20,40,12,63,86,17,84,37,79,60,88,41,82,22,51,49,74,100,23,25,21,51,64,98,84,8,6,70,71,13,48,78,10,69,96,58,100,21,68,49,38,67,0,9,77,61,91,27
7,27,1,83,19,23,95,99,95,80,24,56,87,98,83,34,4,47,64,28,27,69,40,82,39,42,30,19,36,43,27,62,4,8,18,82,73,81,93,22,40,52,36,25,82,47,29,54,47,26,64,86,43,43,63,86,18,30,20,85,78,48,85,78,88,82,92,55,99,61,20,68,47,12,21,5,78,72,86,31,47,77,56,24,68,36,92,49,97,35,22,41,34,20,37,32,89,83,25,7
28,8,16,24,96,53,83,59,50,73,55,51,76,28,33,46,78,61,80,96,35,3,79,40,30,19,4,4,80,78,79,79,58,19,30,58,1,52,20,86,9,10,34,39,40,6,74,18,62,39,68,95,49,80,76,35,65,67,7,97,100,65,45,92,61,34,2,82,65,89,26,0,51,21,14,89,78,70,4,45,51,72,34,30,44,7,57,28,67,66,52,4,9,88,35,35,47,12,71,90
15,20,79,84,23,50,86,21,54,84,21,77,7,28,14,57,82,12,31,84,8,61,49,32,38,75,64,40,11,8,16,62,74,36,38,73,24,16,26,66,94,14,36,5,52,47,56,85,80,9,79,49,32,84,10,48,14,57,75,67,59,2,63,15,15,65,94,78,43,91,33,67,38,73,68,45,11,43,96,79,56,74,48,100,83,61,82,49,42,11,24,57,55,32,36,3,55,30,48,14
86,17,47,73,66,93,8,0,47,80,20,28,60,83,82,4,62,86,21,82,68,50,23,71,3,33,42,50,85,53,11,67,55,11,91,69,39,3,12,49,25,99,64,21,76,55,29,76,74,0,63,88,29,3,43,39,19,97,99,61,59,65,58,46,30,66,53,19,20,85,5,67,56,91,96,92,96,23,62,21,12,51,77,15,9,55,52,90,89,41,38,64,25,48,79,15,88,84,61,32
36,27,69,28,79,9,72,14,29,85,39,39,80,91,26,10,91,10,4,18,48,97,88,33,61,88,92,85,69,40,27,24,34,94,16,97,97,30,82,6,90,11,26,59,83,92,27,82,90,10,71,11,68,43,80,97,82,79,31,59,35,92,1,89,10,80,39,0,7,53,96,67,78,61,23,46,28,16,82,86,98,1,78,20,62,29,92,64,28,43,93,53,3,13,12,48,1,94,31,60
13,74,35,80,59,41,54,93,41,17,32,40,77,64,23,86,64,92,66,69,96,13,42,29,50,0,41,65,10,33,78,40,86,55,82,61,51,51,50,52,81,91,78,19,41,61,67,28,80,75,33,33,68,33,39,48,16,21,49,88,25,90,1,97,13,80,84,6,8,85,99,67,3,61,37,17,76,21,99,81,98,18,3,69,73,86,68,33,91,57,76,59,89,35,25,34,99,90,26,18
85,77,82,72,71,62,65,55,32,71,31,19,34,42,89,22,79,58,26,51,29,85,72,63,63,33,37,49,10,99,34,81,92,40,85,17,98,18,17,21,4,71,70,11,97,64,82,72,36,33,82,83,71,24,66,87,28,44,6,0,90,0,55,93,23,30,62,93,40,11,93,8,46,31,64,48,15,74,71,43,75,76,79,54,50,77,13,14,37,61,46,77,17,50,29,96,44,30,11,80
10,94,39,86,42,3,79,36,35,91,17,94,66,37,48,29,45,86,20,26,32,56,63,67,72,30,46,20,87,66,4,5,49,85,97,32,82,45,22,85,90,73,48,25,58,34,27,42,66,29,24,94,3,83,48,2,29,46,49,2,93,65,49,2,32,80,91,55,0,2,30,64,43,43,21,6,9,80,87,62,73,83,46,72,40,98,25,87,62,51,19,80,15,30,82,54,65,35,23,82
45,74,18,14,70,75,46,34,99,9,21,41,94,3,53,41,93,49,69,19,58,77,47,90,76,93,4,24,100,74,86,48,72,6,76,3,18,45,65,61,90,57,30,50,35,93,75,22,35,33,18,92,95,44,23,20,82,23,44,41,60,93,58,47,100,68,11,23,39,52,83,54,85,94,92,19,39,65,89,2,45,92,56,26,73,6,98,0,89,94,96,2,53,43,52,26,5,1,80,93
64,38,15,41,48,13,63,30,10,31,83,41,74,20,83,63,47,48,5,63,63,84,37,50,95,31,70,2,87,10,49,11,19,85,90,27,77,5,25,86,54,19,29,71,77,8,98,40,72,82,63,19,21,48,16,94,56,61,29,45,12,93,85,7,99,1,33,30,31,47,43,92,29,87,9,41,50,65,26,40,90,0,82,74,89,2,88,6,54,12,21,59,48,72,96,22,23,100,75,89
67,90,6,53,94,79,84,32,83,95,10,96,85,23,83,58,49,82,25,14,5,31,50,41,37,94,18,48,97,32,1,100,53,30,10,7,47,93,58,43,19,69,21,26,11,28,16,20,55,86,91,52,72,56,59,35,32,82,4,71,46,49,83,38,80,35,63,16,83,17,72,81,10,89,63,43,4,21,41,66,80,96,50,54,91,12,24,27,31,86,79,9,80,78,21,66,84,5,17,57
37,80,34,76,75,35,91,18,84,33,36,78,55,81,27,63,51,72,53,77,72,92,88,24,49,37,84,100,33,39,3,64,63,52,26,53,60,19,10,97,78,43,67,29,26,91,60,10,12,32,41,79,91,67,85,29,15,23,37,67,14,60,9,24,8,88,86,14,26,13,83,100,11,4,31,42,5,73,23,45,11,15,30,96,56,81,16,48,76,50,87,34,87,77,16,83,58,95,2,26
71,100,23,84,77,15,59,94,5,56,5,90,35,56,96,95,28,71,36,1,88,25,22,1,76,93,100,58,87,50,90,73,42,1,1,65,23,81,82,37,54,17,5,100,19,42,49,64,96,91,83,90,1,42,76,20,75,70,36,69,84,22,77,38,5,63,14,83,30,6,8,94,100,52,25,67,77,91,6,84,16,89,24,73,32,5,33,15,49,91,14,82,15,82,65,70,49,57,31,52
69,83,22,78,90,12,18,86,83,26,40,47,68,26,40,7,61,32,22,88,69,47,52,20,26,74,94,100,24,38,47,60,71,24,4,56,70,34,68,30,58,59,85,45,16,80,38,47,42,63,43,79,32,28,68,33,0,21,76,16,16,79,38,99,81,17,64,18,80,29,90,22,70,23,5,98,76,19,32,55,57,44,94,37,37,55,83,87,44,36,93,83,25,21,1,37,4,65,100,70
62,4,4,47,74,20,74,20,5,9,10,35,47,69,98,32,29,7,79,36,86,35,88,38,8,67,22,63,0,25,1,34,89,88,33,70,66,15,73,11,69,61,14,70,58,42,67,43,59,84,5,89,55,70,10,89,66,75,59,17,15,22,14,30,62,65,43,60,87,77,33,98,88,74,96,61,21,5,5,89,57,34,70,93,15,44,67,26,51,43,95,22,84,57,11,35,56,73,81,52
41,58,1,73,45,19,61,66,46,12,64,10,7,6,83,53,48,30,53,79,99,8,6,56,23,53,49,58,38,91,1,45,97,12,36,34,0,71,93,40,43,68,38,66,58,71,23,33,1,81,39,35,62,31,10,45,78,11,17,38,22,55,53,48,57,84,53,78,11,56,73,55,88,75,55,70,45,61,8,54,21,3,83,92,71,11,45,94,87,70,14,44,58,51,42,7,92,12,97,60
86,88,10,18,72,18,19,64,14,97,87,23,7,42,54,55,35,25,69,35,94,96,77,45,40,65,74,40,56,66,71,62,81,26,83,95,55,79,41,100,43,6,71,69,4,35,26,27,47,8,50,28,25,12,74,33,92,10,36,92,98,91,85,33,63,87,10,72,43,69,60,53,51,24,5,1,13,62,38,100,55,71,14,8,14,12,87,74,75,42,7,77,7,38,27,64,91,31,32,39
90,9,83,27,27,3,79,90,93,73,43,96,87,65,14,58,44,89,35,26,67,7,63,25,63,47,62,63,49,50,52,66,46,68,26,22,66,27,7,41,7,56,93,94,58,33,71,46,78,72,11,66,44,79,32,4,52,34,29,61,32,55,48,39,88,86,24,51,69,92,76,77,20,39,22,52,55,87,79,5,25,91,17,2,38,44,96,41,8,84,38,35,66,46,86,28,97,31,53,75
70,43,80,70,41,77,52,17,42,74,97,51,90,68,18,77,79,34,66,43,71,75,90,63,86,63,67,41,33,90,38,95,84,99,9,40,90,94,36,59,8,11,69,2,79,59,53,58,49,26,13,23,96,70,1,39,41,7,14,71,41,27,4,96,79,24,9,82,53,45,22,13,78,74,60,28,32,47,78,93,41,39,23,52,42,47,75,41,17,84,92,34,62,67,32,96,70,17,64,48
41,79,78,97,78,25,84,15,40,0,30,84,23,17,17,46,89,35,63,96,53,42,2,0,63,21,14,33,71,51,65,39,42,100,72,97,11,78,69,68,71,96,97,89,63,29,91,63,94,25,10,4,41,30,91,24,78,20,79,81,78,25,43,68,55,46,47,14,15,68,80,12,89,84,97,11,2,14,10,27,59,17,94,1,91,19,66,22,25,4,43,94,38,43,23,70,78,73,98,10
2,100,11,33,84,30,66,13,89,51,49,100,16,9,55,36,93,100,34,86,20,3,31,77,32,31,42,98,77,76,73,52,64,100,95,97,76,42,84,8,91,29,70,65,15,6,17,94,78,45,44,42,45,38,89,87,15,74,57,28,63,99,85,87,90,98,86,25,8,3,56,100,29,92,25,66,87,17,55,39,63,49,24,69,43,29,66,55,96,77,56,58,64,10,81,52,9,86,31,20
91,45,17,24,26,27,3,4,18,40,61,43,22,43,80,46,21,58,53,82,57,91,92,74,9,6,66,4,0,75,13,18,78,46,41,4,89,61,96,74,13,30,65,27,75,84,93,4,80,50,70,34,29,72,9,82,81,95,51,87,2,12,30,57,65,90,29,21,83,13,26,75,52,56,71,98,96,35,55,0,10,32,23,48,81,35,97,57,48,96,47,60,0,7,93,35,25,56,53,25
78,67,26,35,67,80,28,69,34,64,75,85,19,70,40,3,35,93,79,46,27,23,46,51,2,66,75,13,17,44,78,2,15,90,71,37,85,76,9,74,96,26,16,91,0,37,37,86,70,18,12,18,93,31,73,85,73,41,93,83,23,78,0,52,60,22,74,34,76,6,63,48,72,26,60,69,69,41,17,51,81,3,89,33,83,57,43,99,24,64,63,77,37,90,29,74,12,27,42,82