96,83,28,9,55,21,36,18,50,1,28,34,16,11,9,30,96,35,12,72,25,76,53,9,50,61,55,8,96,79,45,91,4,52,7,87,13,54,17,1,77,79,56,55,40,20,97,17,93,2,15,11,78,13,86,54,43,9,36,80,78,30,79,64,46,16,77,95,75,21,74,7,77,60,86,97,90,45,70,14,33,4,50,50,64,31,77,65,81,33,29,75,96,91,34,72,79,13,86,3
76,64,85,50,26,78,55,71,7,33,82,38,94,30,21,27,46,75,41,45,55,1,49,8,20,95,72,85,4,76,89,96,30,92,46,12,34,92,70,80,29,94,95,14,31,70,52,53,59,47,61,60,63,11,71,16,54,2,16,87,29,16,27,50,79,89,43,62,12,71,82,7,7,31,19,67,61,53,8,72,63,79,73,32,23,88,71,0,13,77,54,73,66,64,1,54,35,82,12,81
99,15,52,42,18,57,67,76,28,63,19,70,76,60,71,3,12,97,48,80,88,49,2,22,28,92,86,78,43,49,80,55,62,79,43,93,8,22,6,85,98,89,52,91,16,68,78,20,61,14,20,27,60,18,69,48,41,35,58,53,61,70,44,33,37,30,8,54,98,80,48,33,44,90,37,58,49,92,54,52,76,10,42,27,81,27,51,44,91,40,79,4,43,61,69,0,14,66,90,58
47,88,20,12,44,49,45,32,72,39,92,91,100,5,99,5,95,96,98,26,32,93,86,86,46,25,31,54,9,98,12,3,86,83,15,26,2,93,34,27,34,58,88,52,37,21,70,57,4,1,74,21,20,3,99,59,95,77,47,4,18,98,5,55,55,86,66,99,20,26,83,40,44,34,75,13,83,56,28,78,53,27,92,99,74,57,20,75,8,34,6,84,82,76,15,89,37,16,28,45
19,70,13,14,79,85,35,43,0,90,87,46,79,3,77,87,40,90,21,51,77,50,42,83,78,4,28,33,15,1,79,75,61,73,52,30,88,99,25,67,58,8,47,71,69,48,33,10,75,3,19,37,84,48,44,30,99,61,98,14,26,22,0,3,7,54,66,67,35,52,100,17,18,73,71,67,45,93,10,94,16,50,58,35,56,67,26,21,99,16,3,92,75,48,69,64,20,56,88,69
59,88,24,30,26,15,44,94,8,38,100,60,88,48,34,5,27,33,41,74,29,91,17,88,29,58,66,67,76,61,72,83,46,47,96,47,95,53,76,47,6,24,14,0,14,99,76,13,96,18,80,33,26,25,96,33,97,44,40,47,93,43,25,34,30,74,32,82,6,15,28,7,81,73,58,25,13,0,50,85,82,72,25,98,100,75,88,0,3,91,49,53,86,11,32,26,0,40,93,72
77,78,32,42,82,97,10,70,11,23,70,7,36,14,48,2,37,11,98,24,59,26,71,73,41,61,71,22,73,24,88,100,14,68,88,26,66,30,55,92,3,99,29,17,32,29,77,58,86,11,82,95,47,19,64,45,30,0,7,21,9,98,96,40,45,4,85,71,8,27,51,25,96,75,69,82,86,9,59,34,45,40,75,75,40,99,93,10,65,58,64,18,68,8,77,23,88,22,0,38
45,92,47,41,85,71,46,37,99,70,62,54,39,96,46,16,42,87,38,81,89,73,75,54,75,70,42,97,7,21,23,43,69,93,19,51,60,86,34,53,75,67,31,79,60,52,82,95,24,10,99,90,64,5,89,90,15,51,75,46,38,80,19,12,88,95,55,34,10,97,24,90,84,94,13,97,16,96,30,1,54,70,99,82,33,80,28,31,64,51,24,43,50,71,65,83,11,35,44,67
52,11,17,92,97,88,53,78,19,17,67,4,88,13,14,83,23,23,11,11,9,26,24,51,59,48,1,50,28,93,1,55,99,95,34,93,64,77,97,2,37,0,41,38,6,62,47,25,45,29,34,50,54,93,51,73,54,30,51,33,42,60,100,73,54,35,80,99,68,34,18,50,88,59,33,53,1,0,24,81,83,77,60,56,95,84,89,97,12,19,43,60,86,36,83,33,92,44,33,79
35,78,52,95,43,46,93,17,47,85,2,37,92,85,41,32,59,45,24,61,46,34,71,82,22,19,22,29,97,65,58,75,8,32,22,5,88,65,74,98,35,3,63,53,32,86,68,4,54,44,72,60,69,21,39,78,70,22,53,10,50,94,30,48,25,61,88,42,98,47,84,79,27,27,9,49,14,95,37,60,10,75,41,9,69,59,52,56,93,58,68,62,55,11,61,96,75,10,20,22
35,18,97,99,8,88,39,18,42,9,7,87,38,27,78,83,11,21,31,77,89,8,81,6,34,12,88,86,63,71,33,6,83,7,41,12,99,80,39,99,30,94,16,47,19,6,32,46,73,79,90,46,58,95,2,9,25,22,82,76,45,66,31,26,85,24,61,43,90,98,57,9,16,40,15,34,12,44,30,59,3,98,24,40,96,88,93,16,11,50,72,22,25,69,31,53,3,64,20,7
43,22,94,36,0,16,16,39,92,86,73,82,10,39,28,43,45,72,52,41,84,13,28,98,59,19,45,41,72,59,79,70,1,66,73,2,65,88,69,44,64,96,65,83,26,47,35,62,40,42,97,67,69,78,25,1,74,8,39,72,2,44,73,18,69,80,98,0,97,75,42,31,46,88,85,24,35,67,34,42,46,86,43,11,67,32,27,42,90,10,55,76,45,1,42,15,70,91,23,11
87,30,29,50,13,29,62,49,38,63,29,79,100,18,89,78,50,60,47,3,97,49,78,41,36,75,41,88,56,3,59,42,79,10,45,81,44,15,4,92,72,48,28,98,23,66,62,21,3,78,71,44,13,3,33,35,94,31,86,20,63,29,50,37,76,69,1,93,4,84,61,65,54,18,21,56,16,8,92,0,15,97,44,93,86,13,15,67,86,84,31,22,65,59,45,62,45,42,27,49
39,23,17,58,56,74,12,6,13,50,10,10,4,95,31,62,36,27,78,11,40,96,53,94,74,14,25,55,89,12,1,95,37,90,82,52,95,26,72,72,19,97,29,4,86,83,16,14,50,10,76,79,82,51,6,53,66,20,45,5,3,88,56,87,86,83,31,52,69,88,41,5,17,22,34,59,39,92,84,95,44,94,5,0,72,94,21,58,14,35,70,29,86,47,21,67,92,98,23,67
64,70,99,86,27,43,76,99,33,29,42,96,3,7,100,27,20,61,87,42,97,11,4,67,8,42,19,83,94,93,22,2,46,39,5,0,98,80,52,8,70,61,60,55,10,29,87,83,92,26,100,33,17,1,95,33,44,21,60,59,92,62,73,36,70,9,87,90,27,76,68,50,15,11,87,74,100,27,69,53,49,30,24,85,67,8,57,27,89,5,63,92,85,53,28,27,38,54,8,45
96,36,4,21,35,65,90,35,58,62,80,35,90,34,13,8,89,13,0,3,84,52,85,3,36,69,24,42,26,67,22,74,54,24,98,61,37,36,37,67,16,89,3,2,5,83,26,96,15,64,83,16,95,73,72,32,11,26,1,5,82,51,17,9,13,57,4,76,90,0,98,84,57,96,95,60,42,18,85,90,14,37,65,77,72,50,19,44,88,68,28,69,79,21,94,4,61,66,74,57
79,68,54,25,18,22,93,21,52,70,75,56,2,93,95,97,88,67,10,7,57,11,69,85,77,96,12,59,67,28,27,17,58,29,41,76,85,35,41,99,35,78,25,19,72,97,97,55,46,86,76,94,3,3,65,89,55,86,87,23,42,74,71,26,51,35,94,83,69,13,80,61,29,93,69,65,13,68,33,43,38,66,62,41,81,61,16,1,21,6,51,54,80,11,14,79,46,71,6,51
38,95,8,42,94,60,54,90,86,64,47,17,42,48,1,21,14,58,27,38,2,59,97,82,74,98,46,12,4,98,49,19,9,30,100,2,66,99,40,53,41,16,12,6,84,77,86,94,23,2,65,59,39,7,82,36,41,64,5,47,83,37,96,21,65,47,46,91,16,25,82,48,15,64,18,8,12,19,37,50,27,27,73,6,30,87,46,2,84,86,40,35,84,65,30,81,19,13,20,76
46,70,48,38,15,95,2,95,34,3,16,40,59,64,57,59,78,13,23,40,51,26,30,31,26,86,95,49,51,3,42,72,100,51,48,2,99,44,26,30,16,28,22,71,41,69,8,95,59,80,36,69,90,47,30,16,77,60,39,59,17,53,7,84,49,94,23,53,0,69,38,15,37,0,25,70,82,85,59,71,4,4,56,86,8,11,67,51,67,21,16,45,86,22,100,62,4,14,33,60
22,99,23,1,97,66,51,87,94,47,20,94,47,21,73,64,29,18,39,69,5,45,61,46,23,84,66,51,2,24,2,24,95,90,80,78,73,71,49,68,40,96,51,5,19,83,32,16,5,87,27,57,63,66,53,64,8,13,23,25,96,9,78,14,68,53,60,49,93,12,92,90,82,32,72,39,23,59,77,96,17,83,24,26,78,66,38,87,3,21,76,47,6,17,62,12,48,58,67,69
13,82,16,7,82,5,50,71,8,91,2,68,73,17,10,37,67,9,15,44,66,66,74,38,28,68,0,10,51,85,70,54,38,100,36,25,13,71,29,48,19,31,62,24,98,5,43,45,10,2,31,19,72,47,68,34,4,78,22,33,88,6,76,64,38,21,20,14,11,41,90,52,24,64,2,27,95,11,3,72,35,53,55,19,39,44,68,35,91,49,78,25,81,97,67,86,15,82,74,11
25,41,3,21,60,54,35,57,73,26,31,75,77,50,8,14,83,67,60,53,21,56,88,2,50,43,67,63,87,45,99,15,45,10,17,4,69,92,6,1,70,67,68,25,59,85,100,8,77,46,8,45,83,91,79,93,44,15,77,45,41,29,11,45,89,44,25,95,61,19,46,90,61,89,62,43,47,30,54,57,86,45,52,54,84,24,16,7,2,53,57,45,79,14,4,91,83,15,56,17
23,63,47,86,21,64,25,30,11,99,51,98,56,35,1,99,34,3,88,99,52,99,79,50,14,99,36,70,50,93,56,19,26,95,41,66,42,32,12,64,51,92,75,19,19,59,58,14,74,81,41,62,19,34,22,23,67,81,6,57,53,20,4,63,33,14,6,8,31,95,51,89,97,11,9,52,64,92,22,32,90,92,59,25,99,90,20,78,97,87,64,49,87,11,85,51,29,28,38,39
58,11,64,74,5,74,23,99,38,52,49,64,98,2,15,55,93,45,34,26,22,63,100,59,32,36,98,61,25,75,11,76,71,94,5,43,5,46,9,8,12,41,13,9,40,88,51,63,93,62,85,69,1,72,14,94,18,86,86,64,31,82,2,74,21,84,33,69,81,75,32,4,35,41,21,57,53,46,65,41,71,41,23,80,20,1,25,24,88,39,54,31,100,12,74,72,88,9,17,34
46,23,36,6,47,67,58,84,50,65,55,60,75,58,49,66,73,74,83,52,67,1,28,73,62,78,52,61,79,86,91,83,53,69,12,99,19,31,71,1,27,72,72,88,96,43,11,41,39,77,56,51,68,43,61,18,49,85,86,28,42,66,63,96,72,27,20,90,75,99,66,52,25,26,29,0,1,43,13,21,12,76,0,65,100,42,20,9,30,64,56,12,2,83,11,39,64,18,7,0
72,13,47,20,95,47,54,99,42,79,56,77,44,92,79,38,34,35,86,71,95,7,18,38,90,31,36,13,90,30,96,57,87,88,69,39,35,44,41,91,28,89,94,69,0,41,74,44,36,61,91,43,63,65,5,62,75,82,37,65,55,48,0,34,8,55,62,33,32,86,93,96,84,96,38,31,2,47,64,95,25,70,74,96,89,64,26,50,86,48,22,33,13,32,88,0,79,48,36,24
35,31,13,3,90,35,12,81,69,95,32,86,24,52,10,78,29,57,26,39,24,66,25,71,55,7,80,13,87,92,60,50,96,20,26,44,58,74,51,60,47,37,10,13,47,52,11,97,56,29,63,44,65,81,3,66,68,24,48,46,49,85,51,91,29,62,87,77,36,37,21,43,35,5,86,64,14,4,92,1,23,40,7,87,48,50,15,43,53,22,15,48,69,6,30,37,32,12,10,97
60,77,26,13,7,65,37,38,53,3,72,79,71,42,74,13,52,50,8,51,85,94,43,83,74,75,4,25,99,34,6,65,78,73,17,93,16,40,24,48,54,56,9,7,59,12,27,30,89,52,70,55,28,23,62,30,67,23,55,8,71,0,17,84,78,24,80,36,81,71,73,67,70,87,9,100,48,29,61,64,50,76,54,76,7,64,95,16,40,16,87,78,2,32,56,83,3,76,54,42
55,97,8,92,53,59,6,91,67,85,40,35,36,45,75,97,59,18,75,0,20,65,92,89,43,97,62,24,58,52,63,92,91,22,5,32,5,1,62,68,94,50,10,4,45,55,63,8,2,68,47,54,17,40,74,10,16,59,69,55,42,56,18,9,65,93,52,46,48,11,91,35,62,91,49,74,75,77,74,71,93,26,29,8,18,30,44,36,39,93,52,31,37,57,29,42,69,62,54,64
97,50,22,30,57,16,68,14,86,58,33,90,17,65,37,73,50,52,49,87,26,56,22,39,91,90,17,78,94,6,44,100,93,38,33,0,46,42,45,62,8,11,91,36,35,81,35,8,3,15,74,53,54,51,11,52,43,53,51,91,6,22,81,54,89,97,76,88,79,31,95,9,16,27,39,26,62,67,35,15,0,47,64,94,78,83,29,90,63,9,39,27,28,57,60,9,87,100,98,50
46,16,70,27,75,90,80,37,56,99,27,61,10,31,3,57,56,11,10,59,36,51,68,97,28,43,38,37,96,80,30,73,28,0,48,91,82,52,75,13,27,95,75,90,88,13,19,23,52,89,59,32,48,44,6,99,47,66,28,25,51,69,100,80,75,68,16,13,73,66,62,74,22,96,58,31,0,52,68,52,4,33,37,7,23,71,40,31,37,16,58,0,98,5,31,67,93,86,55,42
34,45,82,58,73,81,53,21,9,25,41,56,40,58,55,6,19,89,55,66,22,74,61,22,97,6,15,93,9,3,4,82,9,79,88,15,50,79,92,90,4,98,14,8,69,5,94,53,100,90,50,91,27,5,56,59,77,89,78,46,84,31,37,24,26,69,65,84,86,75,28,26,16,72,63,20,0,70,24,84,46,30,52,90,42,70,23,17,51,81,22,48,71,77,18,98,88,64,3,74
21,43,2,87,30,75,37,16,20,81,72,71,20,83,13,14,83,88,18,66,49,30,24,42,25,33,33,38,68,5,90,43,34,80,43,80,76,45,47,96,94,18,17,19,36,25,99,77,79,23,18,81,11,96,100,78,21,19,63,12,55,27,87,76,49,34,87,61,74,20,74,88,22,83,31,36,4,43,34,66,29,72,70,61,65,74,75,51,91,28,24,91,43,42,72,4,5,70,21,79
93,72,88,67,45,83,65,55,6,56,75,6,69,52,47,29,95,7,2,82,36,59,74,10,13,63,59,33,27,92,55,78,79,78,36,30,23,21,90,95,87,15,13,64,81,49,44,80,22,81,15,56,45,90,46,73,26,50,37,28,46,16,98,3,68,46,37,37,39,64,74,29,76,39,27,47,95,64,94,87,87,60,26,4,89,45,90,47,53,64,93,87,31,6,42,27,36,84,14,62
42,18,80,70,97,6,32,38,59,95,82,100,85,64,32,17,32,5,0,17,39,72,70,35,50,21,97,28,17,1,24,49,52,53,9,14,18,99,24,94,26,100,80,60,86,75,87,63,93,43,73,54,48,19,31,81,93,68,48,53,55,87,5,57,93,49,87,10,58,87,35,22,81,86,25,91,97,41,73,20,4,61,43,83,68,13,52,76,8,6,99,61,44,79,89,31,48,65,96,49
3,56,19,85,63,6,43,34,42,17,12,12,54,98,32,0,76,87,89,29,34,0,55,16,10,88,47,62,7,11,18,22,37,23,98,83,41,17,46,82,18,97,6,21,58,69,27,16,62,16,70,89,0,77,49,39,13,37,31,91,6,93,81,29,17,59,47,6,23,77,97,41,50,52,46,58,82,64,99,72,79,43,97,48,87,74,85,53,82,53,49,10,93,50,95,3,80,78,91,71
7,23,53,56,81,33,18,51,100,5,98,5,66,77,46,67,8,72,31,74,29,48,37,25,0,64,15,90,25,94,2,57,45,70,94,23,100,16,36,66,35,79,24,26,45,39,72,24,39,25,89,60,65,92,41,30,86,68,70,86,8,8,72,19,19,74,56,25,16,29,65,58,0,17,37,79,54,23,91,66,79,100,98,77,71,94,17,66,28,58,21,17,6,61,5,12,93,55,42,33
26,78,97,74,8,64,85,79,16,73,51,26,57,63,3,25,62,52,62,29,85,56,12,18,75,72,36,16,4,15,3,2,48,5,22,53,32,73,36,56,22,34,5,20,27,76,17,76,17,30,17,71,56,76,55,8,93,3,58,74,50,37,74,6,40,40,2,86,69,6,88,100,31,97,78,52,17,94,78,26,52,10,11,37,42,3,64,96,6,88,99,89,86,65,61,71,13,1,19,59
82,18,44,58,18,73,27,5,76,85,93,66,77,59,55,23,84,4,84,94,91,42,85,54,48,78,75,53,19,91,46,33,31,70,25,57,53,85,71,22,1,81,96,66,99,9,39,42,81,50,33,4,2,7,98,51,16,52,28,71,46,79,31,23,10,33,32,52,12,67,44,54,93,18,69,35,67,37,89,29,23,33,24,88,42,47,86,88,89,80,13,74,46,77,90,89,54,82,70,79
29,31,21,59,59,28,37,66,92,71,34,22,88,88,72,45,50,60,0,97,66,20,36,56,25,22,92,97,2,24,29,48,39,44,65,53,2,38,18,15,45,29,77,0,3,94,41,84,91,2,66,20,66,47,18,43,48,72,79,6,51,8,46,100,61,98,44,61,61,47,66,49,68,49,33,59,66,76,0,15,55,69,8,23,7,8,71,46,90,26,2,67,52,45,63,16,24,37,54,61
82,50,87,38,40,41,4,95,48,50,87,61,60,42,72,47,9,41,71,66,36,94,13,90,13,90,2,91,62,75,0,28,39,60,53,9,65,88,38,57,66,27,51,33,23,61,71,35,71,100,43,88,12,10,19,44,9,71,34,70,51,52,20,82,54,8,20,64,14,40,54,1,8,96,65,63,54,62,42,1,29,53,13,94,41,9,88,92,63,69,37,0,81,21,80,48,29,37,22,97
93,64,23,34,76,91,29,57,50,49,80,97,8,88,77,84,3,46,0,99,68,8,52,83,7,6,52,45,50,10,3,89,7,10,92,79,96,60,45,71,61,0,66,7,43,22,6,9,63,39,12,43,70,77,46,30,59,45,100,65,82,91,85,21,47,66,12,0,21,3,99,86,91,63,51,28,72,29,43,61,86,96,37,46,44,67,63,90,35,75,79,57,19,86,83,18,73,95,2,94
22,63,97,51,44,7,94,89,67,61,96,59,44,85,67,65,41,22,42,78,69,97,86,85,79,54,33,35,24,26,81,73,71,8,43,85,94,4,29,74,85,94,13,27,33,98,6,24,45,49,86,38,69,95,86,54,91,47,84,97,79,21,10,6,6,67,100,35,59,21,6,68,87,1,75,27,13,43,89,47,16,97,22,27,75,18,19,98,21,5,83,70,71,49,22,89,40,51,4,20
5,2,66,84,68,18,90,34,60,83,14,31,92,84,100,95,94,64,100,46,3,58,61,20,52,94,7,58,38,3,78,22,79,22,62,0,6,23,63,79,45,2,77,53,9,55,95,52,21,34,84,36,6,20,78,51,66,66,45,89,81,97,65,93,31,52,23,9,29,84,11,76,48,30,70,56,58,71,18,61,29,54,31,28,91,85,41,78,93,20,77,63,55,75,69,80,100,65,65,78
98,61,2,28,17,95,69,38,14,74,69,61,23,50,69,42,83,68,90,61,81,77,40,86,56,29,24,21,94,76,13,4,51,90,42,1,34,60,29,53,59,31,7,24,34,32,18,56,55,92,70,18,66,13,67,6,33,50,77,79,23,17,51,61,90,90,27,48,84,98,59,42,62,100,35,15,34,49,72,79,15,25,70,39,25,77,46,32,87,87,41,14,71,5,61,39,7,16,72,9
39,48,73,91,24,12,41,14,28,73,0,78,85,4,82,47,38,78,17,43,37,36,96,73,30,51,31,75,25,85,60,46,32,60,6,51,7,54,85,47,70,42,36,9,50,78,36,65,22,52,19,100,69,91,86,58,70,25,10,76,3,10,72,40,5,49,61,83,52,61,98,77,97,9,86,24,5,88,0,12,100,89,91,41,40,78,80,7,54,14,10,99,78,26,87,45,60,3,39,88
43,36,67,88,4,82,18,95,86,46,26,63,100,48,74,21,78,19,46,55,77,67,32,0,47,40,99,17,59,36,8,24,78,52,80,27,39,5,67,3,52,69,46,32,12,95,11,9,87,16,59,90,3,68,51,80,97,53,45,35,4,85,21,46,3,12,35,1,66,29,56,8,12,27,12,70,52,84,45,86,13,3,64,4,60,22,63,87,51,59,43,57,54,16,9,9,32,32,17,48
92,8,69,14,96,47,36,100,48,59,34,25,77,27,21,33,56,91,46,51,70,30,7,4,19,7,57,97,6,43,69,67,94,37,89,97,36,69,71,34,80,64,70,94,41,25,20,60,72,15,21,61,43,4,49,69,44,3,36,68,90,59,66,54,80,65,27,21,71,56,98,83,4,27,35,25,17,35,26,54,8,1,22,79,16,2,28,93,3,51,67,70,21,33,34,67,3,32,74,14
6,80,35,15,49,37,71,57,92,90,69,12,57,44,62,79,43,21,74,82,92,76,52,60,94,24,29,47,51,75,7,2,38,88,95,80,45,39,39,42,36,97,63,72,2,46,35,29,46,29,79,87,27,67,0,85,36,81,11,18,19,52,98,85,97,93,98,22,15,10,50,26,52,29,44,57,57,12,76,31,25,98,70,73,77,55,53,50,67,44,41,64,95,1,62,67,20,13,86,13
67,96,78,61,80,0,30,44,74,57,59,100,46,62,21,81,72,38,36,37,34,53,73,58,98,19,50,20,55,84,98,87,21,81,30,8,64,75,4,31,94,54,69,21,32,27,19,18,4,16,11,97,7,90,24,95,54,59,7,18,77,74,75,82,31,71,18,58,87,72,91,66,84,84,98,98,52,20,62,38,78,40,47,93,92,8,77,54,15,78,15,79,17,60,81,92,35,31,72,68
71,43,21,95,59,8,99,89,4,58,98,75,79,46,74,15,77,41,41,60,45,88,7,46,81,13,58,44,36,44,64,90,63,69,16,79,14,37,83,24,23,97,30,89,71,63,75,43,59,12,1,38,61,54,100,98,87,60,96,0,100,18,11,49,79,10,88,21,57,70,73,48,48,34,17,82,51,53,65,1,34,100,66,43,16,47,48,100,94,67,78,72,10,77,46,46,66,70,91,86
71,30,35,76,28,55,64,54,12,83,54,47,85,9,49,51,79,76,3,51,2,95,73,39,100,88,9,46,48,70,3,86,69,78,75,49,88,53,18,9,34,71,14,87,14,65,16,46,92,68,7,34,13,62,95,66,50,43,82,56,11,8,72,71,85,88,23,31,33,34,61,1,35,57,69,14,35,40,39,89,87,5,43,81,83,0,95,35,79,49,75,81,20,51,74,78,97,100,86,39
98,95,56,18,90,59,10,35,87,90,36,23,44,91,30,49,62,22,51,59,6,92,97,13,68,35,98,51,52,82,40,17,64,60,64,17,84,61,59,29,46,68,4,17,32,98,62,48,55,20,41,95,89,21,46,43,60,56,52,81,68,47,81,32,91,23,31,38,50,19,37,99,13,1,72,48,93,77,68,53,57,77,41,36,27,48,39,31,61,98,94,88,96,3,12,85,35,32,67,84
75,24,22,47,29,95,37,28,51,95,32,22,94,40,76,20,4,92,90,38,45,64,84,13,25,1,6,72,30,19,41,31,86,56,99,50,3,78,79,3,77,69,44,84,30,81,49,85,95,9,23,76,88,37,77,47,53,63,25,54,61,43,69,99,60,67,88,97,29,23,42,36,4,49,87,37,87,29,59,36,35,47,40,77,70,54,27,9,34,89,63,68,68,65,44,89,97,82,99,56
67,40,30,76,13,20,28,85,94,47,74,94,84,33,47,32,22,28,78,91,42,75,20,6,4,81,65,85,96,91,49,11,86,47,98,99,9,25,24,30,34,70,22,96,95,67,94,63,26,99,81,8,1,29,39,15,71,32,96,82,19,12,24,98,5,29,100,12,89,95,36,10,27,71,99,46,65,48,98,98,82,78,0,42,72,92,37,57,20,0,15,7,92,6,27,84,21,87,66,72
71,90,45,48,68,48,22,84,42,82,0,38,15,1,15,62,53,68,45,79,58,56,88,47,100,60,72,66,85,97,19,34,23,64,84,78,45,8,9,38,78,62,93,57,32,99,76,11,85,41,38,4,91,5,32,59,44,68,29,13,43,42,28,77,16,46,70,2,14,2,44,55,42,49,69,63,55,93,0,54,81,0,100,24,13,54,75,10,98,25,10,42,92,66,50,38,21,59,55,60
38,57,84,26,33,43,62,82,7,69,75,3,13,56,23,52,5,85,89,47,28,95,30,50,17,15,94,35,23,4,20,97,44,68,53,39,81,60,38,24,42,88,7,82,50,68,21,1,85,72,29,53,63,29,67,49,31,9,24,95,19,96,59,2,91,18,8,54,60,4,7,20,40,3,2,19,37,31,91,66,8,60,13,17,98,8,12,29,61,11,43,4,29,72,57,87,3,12,23,92
31,68,63,57,19,45,5,11,100,50,28,49,19,49,72,74,6,50,32,46,39,44,60,7,15,98,82,85,31,76,29,85,1,51,50,82,16,54,26,34,37,59,56,71,13,37,34,12,39,7,59,84,10,45,58,60,11,83,96,27,0,28,53,28,23,54,40,81,18,72,90,6,92,93,3,12,91,6,92,48,97,5,11,83,30,71,96,88,21,69,76,61,56,98,76,1,5,81,80,91
30,64,30,35,86,23,31,83,47,58,76,36,97,69,48,24,51,47,10,99,85,87,51,24,93,64,68,78,30,83,26,8,1,2,37,10,57,79,47,14,89,47,23,20,4,50,81,4,27,42,1,82,65,75,73,24,87,35,69,16,70,89,41,3,84,83,76,17,42,85,22,29,49,78,63,98,88,75,59,66,45,47,98,0,8,14,98,33,98,40,70,46,44,23,45,63,13,20,14,34
4,63,44,62,51,92,25,77,84,64,28,44,71,85,43,37,98,70,93,65,59,96,82,25,62,92,86,33,21,40,89,97,67,47,26,73,4,50,72,76,84,61,71,88,30,54,21,56,47,46,11,7,25,92,40,52,100,90,35,0,51,83,91,5,85,97,82,68,20,3,93,95,11,13,30,19,52,54,90,48,85,6,87,59,45,9,86,68,67,60,34,7,40,80,26,3,36,22,30,18
3,48,12,91,9,44,39,67,99,19,42,96,8,8,41,93,56,11,23,74,17,73,87,14,99,53,3,96,75,85,53,19,37,53,20,3,25,29,60,57,91,65,2,36,14,24,45,0,40,58,81,59,45,33,65,85,75,54,62,85,8,47,7,34,51,28,96,8,1,9,5,98,84,50,37,98,16,21,57,13,67,35,83,15,50,3,67,14,94,33,53,79,43,78,33,17,44,3,88,46
96,68,88,40,64,30,51,35,60,6,37,90,90,35,56,28,2,39,57,20,14,84,42,75,6,14,3,54,19,76,76,14,78,97,18,13,7,33,100,0,23,62,95,41,93,46,63,71,66,97,81,25,71,72,94,73,52,30,48,93,82,18,64,93,55,89,27,77,27,60,14,34,52,48,99,26,48,95,73,9,2,31,57,78,16,46,70,87,30,59,54,4,4,45,0,75,26,70,75,74
34,57,57,3,37,84,37,67,54,67,39,95,13,51,10,86,87,56,32,5,83,10,51,47,2,65,83,68,93,63,71,58,50,74,99,30,50,75,24,68,63,10,67,62,75,16,16,22,86,50,88,39,90,31,12,84,7,86,15,73,6,35,68,27,47,100,90,4,18,18,87,39,77,84,84,2,54,85,84,62,4,33,60,96,38,32,26,79,58,97,81,85,64,61,86,52,65,26,1,37
35,17,59,93,38,7,6,77,34,24,72,18,92,22,7,97,58,34,97,58,11,38,73,65,85,99,50,100,93,37,83,55,68,22,99,41,60,76,54,88,99,94,99,22,24,47,60,12,44,1,8,30,53,81,56,98,23,29,34,100,46,56,11,62,80,48,70,21,61,75,65,37,80,75,61,5,34,87,91,75,14,26,61,38,33,37,65,97,71,67,99,7,62,58,26,55,12,37,33,97
83,63,78,37,76,19,48,27,13,6,30,35,64,33,37,47,90,20,16,84,21,32,92,60,65,19,24,28,79,60,32,54,87,90,5,58,74,32,98,74,97,38,48,54,38,58,87,11,22,84,10,70,56,53,56,45,50,99,47,65,44,32,41,79,29,92,72,5,91,83,32,95,98,38,61,84,28,41,57,63,49,16,5,23,2,83,89,2,26,25,20,94,21,44,95,46,44,51,87,57
95,47,40,48,58,82,49,53,54,7,58,92,89,84,100,36,14,92,13,36,19,26,53,24,71,96,30,99,21,7,11,87,89,46,14,54,68,55,75,4,93,69,46,2,92,23,71,9,91,48,8,49,88,60,60,19,74,79,45,33,62,38,4,30,44,91,3,17,67,65,38,43,94,61,80,8,22,56,38,58,60,82,21,24,8,13,86,8,43,48,53,9,58,47,1,68,65,22,42,43
45,93,42,4,100,27,50,9,21,93,34,13,68,98,12,98,14,51,96,61,63,18,97,69,23,45,9,59,63,56,86,99,20,29,85,99,89,33,81,92,5,2,85,42,35,83,31,30,47,75,96,73,83,89,59,9,1,71,31,21,27,73,28,69,62,6,49,83,28,5,7,90,7,21,87,24,49,41,48,42,59,24,7,62,0,60,40,51,47,72,100,7,37,99,83,59,62,39,78,69
58,48,8,63,39,76,49,68,88,86,1,42,14,62,42,81,92,16,71,44,84,65,23,55,90,34,89,31,83,34,79,26,81,96,5,90,48,48,66,13,51,64,55,48,79,41,38,53,3,73,0,62,75,22,1,16,7,29,13,98,77,46,7,76,54,11,57,78,57,18,22,18,33,51,59,61,89,94,92,61,91,45,86,57,74,26,40,47,45,49,23,41,70,17,35,53,49,73,50,39
9,32,50,33,54,27,91,41,93,54,68,44,52,70,78,78,3,70,77,89,89,78,53,16,1,84,30,27,62,67,82,52,79,11,83,24,23,85,11,90,3,12,23,49,73,68,43,86,83,44,71,3,66,0,87,10,81,88,83,9,62,73,49,99,53,96,3,23,45,15,30,14,55,98,2,53,25,1,5,22,53,9,54,11,71,80,20,60,53,52,62,50,6,91,14,67,37,22,54,63
60,98,59,72,82,72,49,61,44,40,89,38,15,17,5,24,9,84,54,27,61,81,59,78,69,63,6,91,41,27,52,26,26,45,47,36,87,64,70,93,41,61,92,39,5,34,50,10,28,36,87,53,93,57,48,77,56,38,38,19,78,52,15,37,20,29,17,25,73,63,92,70,79,66,31,50,60,49,18,34,44,21,72,50,46,73,57,93,78,63,25,79,100,12,15,42,32,40,18,8
40,74,16,17,83,4,29,54,17,65,30,63,89,100,34,4,94,4,54,20,4,24,78,25,17,81,67,6,98,31,58,68,2,1,52,25,96,81,1,15,68,89,36,94,45,96,84,18,0,50,94,21,45,17,3,31,52,13,5,5,44,24,32,5,98,37,59,57,52,91,79,32,45,18,31,29,37,44,24,13,73,19,41,37,52,25,49,40,65,28,17,59,86,8,91,68,6,6,33,86
7,41,81,66,59,64,60,19,21,22,87,7,37,54,60,87,54,54,72,11,64,9,61,51,66,81,20,50,92,72,81,76,81,90,95,76,34,82,10,69,31,7,83,1,3,75,83,53,33,12,18,22,14,57,44,47,61,75,11,94,100,62,36,75,47,4,72,69,54,60,68,99,91,52,91,10,2,30,58,23,11,45,74,7,25,35,88,32,77,10,61,56,79,81,52,89,30,50,8,5
66,58,31,95,34,19,50,63,23,41,56,92,12,35,55,98,6,8,38,99,94,0,12,45,71,8,45,14,1,12,44,51,30,37,93,60,97,95,50,47,95,39,79,64,24,66,77,89,41,68,45,3,90,37,30,33,33,10,4,88,29,25,15,61,52,23,13,26,21,27,30,29,24,80,75,84,18,15,78,42,73,5,59,10,83,53,47,19,61,74,67,31,67,84,10,45,37,64,12,88
18,92,14,35,9,4,55,17,11,70,20,45,87,93,0,56,25,80,95,93,21,43,16,17,52,44,17,14,72,28,29,74,34,92,74,76,73,50,10,80,91,90,54,36,9,11,76,24,66,88,83,48,14,33,58,56,100,70,96,90,1,18,64,24,23,74,57,65,6,69,51,67,70,13,21,36,43,33,68,84,95,43,78,5,91,63,9,4,87,83,37,88,62,69,27,83,85,46,32,76
44,13,51,57,23,26,29,78,5,24,76,83,23,31,67,9,60,12,45,36,2,96,22,13,98,39,100,78,83,24,10,59,11,66,76,54,5,5,63,5,18,21,73,11,88,0,94,73,55,86,4,7,45,35,21,59,19,83,90,43,25,99,79,64,94,98,64,48,26,100,30,17,60,97,42,78,10,100,66,36,70,46,65,23,64,23,88,68,46,100,99,28,36,84,34,19,41,60,68,49
68,48,23,87,87,90,34,68,79,89,96,4,16,98,1,24,18,19,52,18,24,64,49,94,69,60,49,79,31,51,56,62,52,35,61,6,28,28,25,38,22,75,42,1,89,65,78,95,23,37,21,37,74,42,86,12,3,48,88,54,59,9,64,93,10,66,51,62,46,24,17,66,16,86,28,86,80,22,87,97,68,50,8,91,90,37,81,15,98,4,98,6,23,24,18,3,69,34,98,77
1,45,29,81,19,25,72,17,78,75,64,67,67,57,64,35,68,89,72,78,27,10,47,83,10,5,29,66,85,14,24,87,88,71,81,79,7,35,93,86,61,68,87,71,6,79,22,5,77,21,67,16,63,86,5,39,35,95,36,32,64,33,27,70,11,57,62,62,77,41,34,45,45,27,10,14,41,93,96,62,31,52,83,65,48,95,65,60,44,24,96,58,13,93,42,58,64,26,76,68
2,80,45,82,70,55,64,87,35,39,17,5,89,59,22,33,85,90,23,36,91,47,89,91,48,3,44,34,52,41,67,74,65,85,71,28,65,78,33,99,4,56,87,64,3,73,36,22,67,87,19,62,24,2,56,6,89,41,76,38,37,61,12,39,72,63,100,96,34,65,39,92,86,85,100,23,42,22,30,82,27,77,71,95,11,96,58,86,55,21,7,92,62,96,12,52,71,12,24,96
22,24,79,18,20,10,31,95,16,7,90,71,91,28,84,89,27,92,15,19,36,8,47,42,23,12,94,96,45,58,81,63,30,57,86,92,41,72,77,67,10,2,22,68,39,24,44,100,83,53,54,84,93,50,51,39,84,70,70,75,99,71,15,82,72,75,31,60,81,27,38,74,25,32,18,30,21,16,19,82,72,62,30,48,30,60,100,92,41,95,31,33,12,58,67,65,21,29,7,61
64,86,28,68,88,76,66,7,14,19,14,87,62,64,36,1,46,17,1,99,47,17,84,80,2,75,51,30,38,90,2,78,69,0,65,57,31,61,94,0,36,20,70,92,10,28,60,38,25,10,52,29,15,1,20,7,13,70,26,54,69,82,4,32,92,28,7,53,52,72,90,35,7,59,61,53,52,82,4,58,45,96,14,72,10,79,68,95,23,65,34,4,3,93,66,45,81,85,83,33
42,77,56,46,17,84,86,13,96,37,27,91,83,49,6,58,64,9,17,81,17,24,95,75,32,23,26,73,10,55,2,85,15,28,65,94,75,44,7,33,96,69,28,13,21,23,77,9,21,53,87,2,53,41,90,72,22,18,46,96,88,33,4,52,98,0,94,4,65,99,28,18,22,11,96,96,92,21,76,4,93,18,15,28,89,80,70,27,68,96,73,53,75,13,84,81,63,91,74,61
70,11,41,22,50,94,62,65,40,55,33,16,99,79,85,76,71,87,29,3,57,21,88,35,17,64,10,50,67,98,19,72,57,13,73,43,89,95,25,13,36,59,31,3,52,73,12,38,36,33,8,29,76,18,92,35,6,28,49,45,95,77,1,89,12,7,44,27,44,50,12,21,1,7,77,20,43,46,86,22,43,1,58,98,49,34,29,31,52,33,95,87,89,80,10,39,31,45,38,73
89,8,61,15,76,47,42,98,63,3,58,41,43,44,14,75,11,4,61,22,60,44,20,41,39,20,56,21,67,34,44,54,4,57,20,71,93,31,38,98,16,10,19,91,87,98,90,81,58,1,26,50,82,93,53,42,24,5,70,38,29,60,28,91,17,57,72,78,99,40,70,58,39,50,21,17,23,13,92,39,30,87,44,77,76,32,19,82,7,10,24,92,2,10,27,31,52,13,100,75
12,77,56,34,72,35,33,60,13,20,45,98,0,93,9,66,40,50,31,93,62,37,50,0,12,32,14,55,22,72,37,85,38,4,57,4,91,95,44,23,71,35,78,2,2,7,6,80,51,30,53,90,48,58,18,91,7,34,47,21,83,68,50,39,59,69,3,5,93,93,58,3,78,27,20,46,43,100,96,63,18,1,20,14,33,89,49,73,13,92,3,12,94,73,41,31,14,8,90,94
69,29,41,100,42,67,41,24,43,66,30,73,25,83,87,50,79,56,89,52,38,44,100,85,9,32,2,50,98,75,46,11,49,7,55,47,16,61,78,16,80,26,82,65,51,30,21,70,58,4,30,20,89,48,2,59,91,98,1,77,20,33,47,98,44,25,30,15,32,36,37,47,61,95,66,45,21,1,6,24,93,59,98,60,33,21,46,88,99,16,78,11,60,83,66,65,39,86,74,86
35,86,11,11,68,80,32,90,72,26,94,57,58,23,93,45,82,96,87,95,95,36,38,41,80,79,82,24,88,67,78,24,91,3,55,14,69,28,38,35,31,3,100,38,63,5,78,46,74,25,37,53,58,7,65,52,47,10,12,26,31,34,15,58,50,48,92,24,88,23,47,60,85,51,34,90,52,67,68,49,9,47,66,98,6,81,55,55,59,52,37,91,69,7,29,4,88,67,10,23
37,4,99,71,17,72,92,41,93,26,89,67,43,25,42,13,77,22,56,40,5,29,31,30,61,24,87,96,87,18,11,55,16,80,93,92,62,78,58,36,55,83,11,61,61,26,26,93,25,30,31,26,54,66,8,38,81,40,81,36,87,75,67,69,65,93,70,89,86,86,19,39,42,97,37,65,36,54,63,74,1,18,94,60,57,89,0,67,44,34,54,42,70,1,22,91,3,97,64,51
66,93,0,46,20,48,1,71,82,57,5,92,53,7,43,31,22,88,79,23,4,57,11,25,9,35,61,76,77,61,96,37,27,44,44,75,79,12,48,26,7,52,36,16,11,97,58,16,54,16,0,64,98,52,35,95,84,76,58,55,69,60,72,29,16,21,10,2,23,41,78,69,91,29,66,20,41,0,62,93,15,41,48,68,65,21,29,79,72,5,53,19,94,90,82,23,10,15,10,94
31,20,47,17,3,1,2,11,90,33,86,33,57,4,23,82,45,34,31,76,59,45,7,97,21,12,58,6,57,16,49,96,25,75,53,27,13,64,24,14,41,41,52,36,65,100,77,99,56,66,26,29,95,79,83,49,42,81,64,96,62,73,4,88,1,64,86,79,40,10,45,34,24,27,28,22,41,87,44,16,79,62,4,78,14,71,65,10,0,20,79,42,43,64,10,66,75,78,90,32
93,98,33,82,38,97,16,17,59,73,0,73,84,95,18,76,48,11,14,75,32,86,32,11,35,86,60,30,34,84,56,89,8,64,32,96,40,11,4,75,66,94,13,13,10,19,88,35,65,14,28,73,2,25,20,42,55,62,49,63,51,79,77,24,28,40,89,26,74,23,22,57,5,21,45,7,91,8,30,75,87,24,45,36,52,24,64,40,0,12,35,14,50,15,87,10,76,38,71,58
37,46,2,37,71,4,92,41,72,14,47,45,63,17,33,79,31,52,51,85,73,73,84,7,41,52,30,83,26,92,13,20,5,96,51,74,0,20,87,97,12,6,40,1,97,50,84,64,66,14,28,56,93,17,60,82,36,20,99,30,26,25,92,21,96,76,10,57,55,19,69,84,42,92,15,2,99,29,60,86,36,49,11,75,19,37,17,14,66,80,94,39,66,6,69,36,73,45,16,39
86,42,19,61,35,86,80,47,45,14,61,18,100,64,34,32,46,31,28,75,45,35,45,54,38,5,84,35,21,16,42,37,41,73,17,22,85,80,89,60,73,57,2,84,79,98,20,98,15,81,35,96,44,88,73,29,78,48,36,94,26,13,16,2,62,1,30,8,6,55,49,68,19,71,1,95,9,14,14,30,58,63,50,35,59,54,89,38,34,27,89,47,16,81,41,25,96,39,26,47
61,45,47,17,15,58,65,8,12,27,32,17,33,6,47,52,43,38,45,35,44,58,46,16,57,94,6,2,80,4,34,27,56,41,11,64,47,32,92,15,43,32,43,68,88,87,70,23,75,99,99,39,43,25,61,17,14,80,68,15,30,29,30,49,87,40,5,66,18,81,56,36,77,10,82,30,83,61,13,58,51,88,87,4,68,70,14,64,42,15,35,22,85,75,78,65,21,3,93,75
82,1,51,72,14,98,32,29,33,15,41,42,44,46,3,54,72,6,14,11,55,31,62,32,60,23,57,9,80,72,75,77,42,60,63,29,98,81,6,36,44,70,98,63,58,46,35,36,3,32,87,40,40,73,55,17,43,10,53,73,8,93,76,21,47,87,71,5,62,19,40,28,9,94,64,47,9,8,27,5,93,42,36,99,80,2,31,93,65,79,85,60,50,82,53,35,5,70,8,13
53,3,93,90,36,10,29,1,52,30,11,97,36,46,25,46,90,85,79,93,97,92,28,38,37,72,8,13,46,20,41,95,28,41,48,95,1,91,34,100,47,69,45,26,90,88,81,10,98,94,74,60,94,70,44,58,68,29,14,16,21,98,45,21,98,41,97,16,34,99,27,21,25,75,89,36,33,29,62,36,62,78,55,17,67,79,43,5,9,97,1,10,34,88,89,73,42,65,44,76
82,85,55,94,82,69,57,79,95,91,11,72,33,12,37,94,54,70,87,12,25,89,39,76,68,90,56,64,38,76,44,30,71,9,76,71,100,65,97,96,75,26,15,89,53,66,91,65,38,21,17,94,73,80,42,78,64,38,90,68,4,33,80,36,11,36,93,70,69,9,47,7,15,30,27,43,99,58,21,47,6,70,0,55,88,57,73,66,86,28,15,95,93,9,30,97,96,90,3,16
14,92,11,28,82,40,63,15,66,51,14,49,28,72,0,79,80,59,99,32,33,88,92,31,64,77,71,28,64,30,65,58,59,89,38,99,18,90,57,24,98,34,2,79,60,47,65,79,86,68,39,31,40,12,13,20,45,89,34,50,78,52,79,69,3,83,44,70,18,62,46,56,28,84,11,8,0,48,7,58,8,4,28,94,25,37,25,59,58,21,78,59,76,66,3,83,11,7,59,74
91,79,74,28,1,15,36,61,49,38,24,29,11,35,73,80,77,78,31,87,57,1,84,74,69,13,12,29,21,86,18,97,37,14,59,11,68,55,9,96,79,28,32,86,40,86,79,29,22,54,36,47,47,63,56,94,33,90,52,2,49,45,64,17,37,15,23,23,61,53,88,10,0,21,5,24,56,51,37,6,45,100,64,49,91,2,29,75,68,54,8,100,36,60,92,20,6,56,78,37
21,93,68,34,6,27,61,39,31,61,6,62,62,43,47,20,23,34,28,64,30,6,12,54,58,63,23,63,3,96,49,80,92,36,78,59,66,63,11,46,41,5,49,91,73,48,31,88,23,29,78,73,71,31,7,7,43,45,98,18,14,27,27,51,95,18,63,23,95,89,38,50,78,33,98,28,96,97,60,56,10,8,18,17,18,4,100,22,25,75,92,4,38,81,52,32,38,23,78,34
17,15,55,47,64,22,90,33,17,1,82,56,85,50,59,26,22,59,82,98,33,52,45,3,66,76,50,21,62,57,80,83,74,14,39,8,16,63,58,45,76,71,67,91,28,10,94,54,88,92,72,65,61,27,45,32,6,59,69,11,78,87,92,60,11,12,17,5,13,63,53,33,39,1,99,1,72,86,82,17,3,28,19,37,69,19,27,41,53,15,59,88,85,54,88,67,49,40,78,68