53,98,32,3,98,31,14,88,34,74,2,59,92,97,88,16,20,19,82,94,43,21,69,33,90,37,71,32,73,64,37,56,3,33,70,16,80,18,24,54,59,65,0,85,24,65,35,55,51,46,6,94,45,2,12,16,64,97,84,68,76,84,19,48,58,3,45,23,18,35,24,23,34,41,11,49,66,19,45,57,80,9,13,7,16,87,39,35,91,37,15,39,71,52,75,82,45,85,4,97
63,92,13,17,73,24,70,55,49,31,26,41,20,87,82,95,75,22,100,41,56,42,57,79,94,0,76,98,73,56,96,58,68,42,65,7,41,50,79,97,85,31,65,19,97,50,92,25,82,95,91,11,19,46,83,33,82,70,84,6,91,4,41,94,0,5,74,0,48,61,84,75,58,52,90,58,57,10,90,45,93,58,10,25,61,68,70,9,53,16,76,8,52,33,17,67,6,77,58,18
61,96,0,64,20,90,100,56,36,65,50,18,28,14,67,83,54,98,79,60,70,6,77,87,92,62,48,40,22,83,16,2,45,31,33,61,80,75,50,75,0,10,67,20,39,96,86,78,20,82,23,25,5,57,96,80,20,45,20,45,22,89,73,56,14,84,97,90,8,99,35,39,76,64,0,90,4,91,82,49,0,4,16,32,25,23,93,98,70,20,61,92,96,84,99,99,33,13,98,84
80,12,11,43,74,93,56,46,44,9,97,10,79,79,90,81,31,17,91,25,47,78,51,27,26,59,66,69,73,98,63,65,96,26,32,43,72,53,14,99,60,53,66,12,28,43,73,91,37,2,31,52,30,81,41,16,35,81,24,64,36,27,83,98,33,24,33,41,21,69,50,23,28,76,17,48,8,3,49,2,43,86,11,38,58,95,84,75,33,42,66,48,14,55,28,19,74,71,46,14
22,93,76,43,40,4,34,45,97,68,74,18,37,45,83,5,14,35,44,40,100,64,35,67,45,35,2,27,54,44,37,21,12,13,20,82,15,27,6,78,17,84,24,78,67,68,17,48,45,55,29,47,12,41,52,8,1,1,76,0,52,20,19,52,26,84,43,61,57,86,94,95,72,18,59,35,33,64,7,91,46,71,15,81,63,91,61,90,2,80,57,30,56,86,42,6,84,83,64,65
1,79,14,79,34,73,50,48,25,0,48,85,74,67,55,68,96,68,82,37,59,50,39,12,84,32,46,17,56,85,24,78,44,32,31,65,76,74,18,55,38,15,12,72,52,90,26,69,86,100,75,45,55,29,38,8,36,6,73,17,35,58,24,30,70,74,20,91,83,11,69,54,84,90,9,87,86,21,81,38,53,90,79,95,72,9,45,63,98,95,28,35,79,36,37,70,35,93,34,28
50,1,86,72,41,1,89,29,81,93,58,30,38,12,22,30,7,81,15,61,36,32,13,0,47,79,17,78,97,93,43,75,25,39,11,29,45,45,48,93,10,70,5,72,71,91,64,25,84,36,95,44,74,78,80,22,74,4,21,79,36,28,73,44,29,71,75,4,26,95,91,91,28,63,82,12,43,45,41,82,98,29,58,57,44,99,81,20,76,87,60,68,2,87,47,79,95,91,81,70
33,4,38,22,80,83,44,38,94,85,98,92,90,45,76,42,61,90,28,38,76,58,9,14,1,97,35,69,13,29,17,57,53,43,49,29,75,62,88,1,46,36,88,31,75,34,41,32,23,87,17,19,12,37,32,68,1,96,25,26,48,66,70,13,62,84,58,55,81,12,57,43,81,25,18,25,20,91,81,68,82,72,89,36,62,33,13,37,64,34,60,80,8,47,67,73,28,71,57,72
20,100,24,83,59,64,64,97,20,57,50,40,13,60,75,71,79,85,93,80,44,84,45,62,2,8,3,4,60,19,16,72,42,67,42,77,86,46,58,29,73,6,62,7,56,24,100,8,53,37,2,22,41,12,54,41,49,78,85,82,42,38,0,7,90,64,44,36,29,81,11,70,39,12,59,60,100,7,72,54,31,10,82,25,15,68,0,75,1,22,26,37,42,4,99,95,23,88,82,33
6,81,14,43,3,35,4,40,79,31,89,55,21,53,72,93,56,16,21,46,44,31,5,51,22,37,34,71,31,49,59,69,18,7,58,93,10,53,28,33,94,75,52,40,51,96,6,80,1,62,21,69,41,31,25,9,92,70,59,32,14,64,50,36,79,45,86,8,91,70,88,86,44,52,51,0,1,84,69,59,21,61,57,96,40,37,77,48,55,22,15,27,5,89,68,45,72,37,77,52
36,64,38,57,23,89,100,20,93,68,100,7,67,98,58,85,59,12,47,91,91,57,72,40,20,49,28,41,80,33,66,47,68,2,82,13,97,46,10,15,42,35,71,89,97,23,23,72,79,69,68,70,33,90,64,73,6,27,12,71,96,77,32,17,91,14,73,82,60,84,87,29,95,96,98,0,48,14,73,43,37,93,84,22,56,32,28,57,89,83,71,39,3,7,97,78,64,80,82,69
84,69,80,65,42,89,15,12,52,8,63,53,67,78,51,47,87,17,39,47,72,78,55,63,44,77,50,42,42,7,70,1,96,90,21,82,22,35,84,78,28,35,98,53,4,61,24,2,2,76,67,32,26,31,24,53,75,57,26,75,26,77,97,76,46,56,43,67,60,18,88,41,100,16,93,71,24,39,64,87,40,92,100,79,70,16,24,30,65,38,20,87,28,93,81,56,85,48,99,36
56,3,57,88,6,6,49,79,16,78,74,29,13,19,50,47,9,67,97,4,59,92,56,7,59,21,96,24,100,80,83,88,86,13,33,78,2,82,46,42,54,6,2,87,66,56,83,10,25,1,75,1,9,11,96,62,55,94,72,94,49,55,92,96,11,59,71,29,34,1,87,11,67,20,1,82,9,72,40,15,23,75,100,9,21,51,94,27,58,98,81,13,7,57,57,26,27,21,78,43
70,60,82,20,4,79,54,54,90,7,81,82,24,78,68,33,1,73,67,12,12,14,18,39,100,65,36,15,89,72,85,37,66,21,96,13,66,82,43,88,17,35,66,44,7,80,65,2,70,98,70,97,35,15,49,20,98,61,58,86,77,92,28,23,10,29,64,59,36,1,43,94,56,60,77,14,56,55,70,51,59,44,2,61,17,99,30,75,97,91,58,37,57,52,86,61,41,23,32,41
53,68,2,26,50,29,89,34,6,16,20,54,90,15,4,76,31,93,11,12,78,1,79,60,92,70,85,99,80,48,71,37,26,62,28,53,48,46,97,5,91,14,28,73,59,52,4,76,10,90,18,18,58,66,27,63,92,86,68,35,91,48,71,60,25,56,46,84,41,83,67,60,65,55,5,57,96,11,96,97,78,98,29,95,10,8,23,38,52,63,30,89,72,29,51,93,21,4,69,97
48,0,71,14,31,88,95,23,94,5,94,28,98,78,98,40,96,15,96,93,48,78,25,50,12,89,54,95,38,65,8,27,91,31,31,56,27,64,4,97,24,32,89,75,70,86,88,93,93,68,8,65,31,24,29,63,35,89,18,52,65,50,92,3,69,36,73,50,32,17,99,22,65,71,9,94,42,58,55,6,79,74,50,39,67,15,30,77,76,38,82,87,12,95,85,90,5,0,1,38
68,49,17,63,63,87,89,9,100,24,95,16,56,48,94,79,70,77,30,81,48,85,61,64,83,42,49,56,9,6,75,76,23,77,28,37,92,23,83,93,73,58,51,30,16,74,31,53,95,57,31,2,41,28,55,39,37,31,69,70,92,70,89,4,96,92,64,30,55,13,1,96,47,48,1,87,59,34,84,36,83,71,72,72,9,23,54,21,1,32,43,28,72,62,72,62,87,21,55,78
51,1,58,42,43,55,63,59,10,6,65,75,78,45,77,97,54,35,60,40,2,31,9,62,70,23,61,3,91,57,64,28,6,83,91,77,48,30,75,74,15,73,99,51,46,73,98,93,20,81,38,60,48,42,83,62,38,72,69,51,71,88,4,52,77,39,20,0,77,71,10,43,60,91,1,97,26,23,5,99,62,46,65,65,50,74,81,66,100,56,80,61,86,1,85,80,53,43,35,58
17,98,20,28,24,22,13,6,24,47,76,25,8,48,57,5,69,17,66,79,93,81,80,38,98,12,100,89,29,28,20,50,22,80,99,40,53,16,59,55,79,0,60,66,63,39,66,77,4,60,12,71,31,67,45,65,28,91,40,37,84,91,25,32,68,33,90,81,52,47,60,29,10,3,90,16,66,19,32,77,13,87,63,89,93,73,89,75,26,23,77,20,33,55,59,11,95,26,41,31
1,66,80,56,52,77,77,98,70,92,100,39,16,91,3,35,1,70,57,37,32,42,22,64,2,4,22,60,28,32,99,64,17,70,8,40,33,76,83,92,10,28,1,74,57,6,94,68,57,2,31,70,48,66,52,0,16,13,66,65,24,12,63,100,28,47,43,80,3,61,51,30,87,65,19,32,57,1,87,46,44,14,38,100,55,50,38,64,96,66,90,31,9,31,1,41,97,30,48,12
45,86,92,45,73,26,47,94,18,91,34,38,27,5,22,64,67,81,53,48,30,97,94,13,45,41,76,8,11,13,45,52,19,34,9,25,65,41,92,18,69,21,41,80,50,11,26,22,39,56,44,10,7,38,26,40,62,31,82,36,62,40,97,97,93,84,38,48,27,37,93,14,84,36,14,93,52,8,79,36,74,97,30,6,24,64,20,65,13,46,26,18,37,22,10,74,93,82,52,18
74,1,9,51,47,79,21,46,25,81,57,99,18,83,53,22,46,10,83,29,84,49,0,65,72,56,34,100,38,10,2,76,84,48,45,87,97,9,19,40,95,21,29,26,65,64,99,67,84,50,34,60,82,74,5,11,63,52,68,92,7,34,50,97,13,82,74,32,11,15,43,70,88,40,57,63,21,79,87,87,43,4,57,8,34,78,84,63,49,8,70,34,24,21,6,78,51,78,49,62
19,42,35,34,34,50,27,74,77,33,81,30,2,56,99,62,41,23,59,77,83,52,12,92,10,46,29,51,9,37,92,65,44,61,96,34,92,0,86,55,22,78,18,29,77,45,100,17,19,62,11,96,72,22,31,63,51,16,3,79,9,19,88,47,91,64,90,47,4,28,91,9,6,4,11,6,78,11,10,8,67,88,71,51,75,34,32,53,91,96,51,89,51,38,17,75,90,41,49,67
82,3,96,45,5,65,65,0,78,73,23,85,45,38,27,16,84,11,71,40,88,38,13,17,2,56,45,36,1,0,61,41,2,7,15,23,31,86,62,13,22,54,67,29,5,23,67,66,64,37,8,78,54,5,22,52,6,55,18,81,79,94,43,29,96,20,28,57,28,59,67,73,30,6,65,81,5,27,86,73,79,68,14,49,57,57,36,61,34,28,64,90,48,39,81,27,71,18,97,63
85,77,49,8,58,31,47,58,25,72,51,9,9,36,9,89,79,5,51,2,9,23,31,88,13,87,46,39,84,20,19,94,57,43,39,32,17,95,46,78,4,38,38,62,26,88,8,84,97,65,12,19,17,61,34,23,51,94,87,29,34,13,79,51,62,91,0,15,38,82,83,59,79,39,63,65,15,48,56,56,74,68,73,67,11,77,16,99,97,95,3,19,69,15,77,33,20,43,16,52
23,93,20,76,9,40,52,87,63,49,47,59,47,92,44,85,24,69,31,93,52,21,53,1,63,18,51,84,34,69,35,44,77,2,3,6,68,3,46,37,64,21,38,100,10,14,36,61,77,26,24,28,58,93,59,92,35,3,79,97,100,80,67,67,93,4,28,71,62,54,24,18,26,95,82,96,0,48,75,74,28,93,84,12,6,4,78,68,19,84,24,37,18,60,66,58,52,23,43,25
29,80,9,66,79,46,38,45,55,11,4,2,24,68,5,71,58,28,42,73,48,83,21,35,70,86,74,62,15,10,37,66,71,36,36,61,90,62,55,26,88,45,59,96,11,64,98,80,9,95,18,54,87,74,61,58,62,86,42,68,72,9,31,55,9,33,91,95,59,31,56,21,5,24,24,31,46,88,36,53,58,28,13,59,63,6,77,92,85,57,17,8,32,100,67,58,8,87,97,75
42,37,61,68,16,83,37,87,33,66,88,30,16,75,94,68,13,58,70,5,68,96,28,94,79,3,72,16,98,92,96,2,6,22,64,55,64,71,36,17,75,51,26,47,7,51,61,26,52,43,4,49,79,28,90,52,68,30,34,10,6,68,87,36,32,43,89,4,75,95,94,20,44,77,3,47,44,73,80,54,61,31,100,87,65,94,66,1,53,73,52,85,32,59,7,69,28,9,71,98
21,72,45,15,10,77,72,34,0,99,78,65,43,26,12,6,29,9,17,86,13,48,62,65,38,19,15,63,3,68,44,80,100,48,53,85,24,39,60,99,19,83,69,17,13,0,13,66,14,34,84,60,44,96,46,81,5,22,58,28,15,16,5,40,42,97,61,65,15,96,79,9,57,56,95,45,72,23,32,99,58,18,48,40,59,83,38,92,52,30,75,96,46,26,65,27,7,82,59,54
15,54,30,20,19,47,94,9,8,81,26,16,74,42,74,72,2,30,20,71,3,73,72,49,87,46,52,35,39,5,47,99,62,38,17,19,65,79,98,24,63,11,97,76,9,48,13,40,70,11,10,72,85,98,8,39,12,68,98,7,14,28,60,42,33,83,83,2,82,60,56,28,65,54,9,22,100,61,8,94,29,49,45,58,51,43,11,63,78,65,65,86,39,13,73,41,20,55,64,7
54,40,75,5,80,41,82,60,25,87,72,15,55,55,64,11,46,68,82,34,91,63,57,22,2,62,83,35,100,87,88,50,77,5,56,73,34,38,73,87,38,75,25,48,89,89,2,36,26,53,99,70,59,58,68,97,12,81,27,92,43,48,34,47,45,23,57,82,98,23,67,78,51,53,94,70,46,95,85,50,46,68,14,43,67,17,31,32,9,65,25,13,14,87,23,65,46,93,78,50
50,22,51,25,64,26,1,8,96,86,80,73,25,45,1,96,0,59,39,67,42,68,21,86,21,38,34,87,17,80,12,56,81,16,43,2,71,100,52,100,77,23,29,27,35,17,61,31,98,77,61,60,34,68,80,58,16,41,33,3,86,44,80,27,98,99,89,15,2,77,75,98,58,20,9,15,77,27,37,95,2,85,76,76,53,32,64,68,23,89,27,59,19,70,44,4,30,69,76,23
35,60,77,71,65,89,8,4,33,20,99,18,16,94,39,100,17,14,39,49,20,37,63,45,48,55,88,44,29,64,35,30,91,54,37,21,30,99,94,8,40,93,33,64,50,22,81,95,76,2,1,85,89,18,84,71,52,61,11,26,90,65,49,25,44,31,23,74,99,55,85,36,29,51,7,99,4,7,34,3,83,14,47,37,10,34,76,87,99,9,79,31,82,95,56,26,11,43,22,47
27,69,77,77,37,47,24,52,92,87,74,3,74,7,100,74,14,99,43,95,90,99,42,24,85,35,81,25,18,55,3,28,8,62,67,56,39,48,57,34,23,69,7,7,48,58,35,93,17,54,44,92,75,51,32,65,77,33,91,26,36,94,87,38,1,96,73,9,46,97,94,3,43,20,67,95,76,94,66,74,10,79,47,81,53,12,87,3,21,26,71,8,9,18,5,44,13,25,23,9
82,54,99,7,66,73,36,20,89,94,24,20,52,2,18,26,72,16,50,47,43,12,18,2,63,26,88,86,36,79,99,70,92,18,62,25,51,61,29,90,39,88,90,46,25,53,2,70,4,92,33,86,31,16,10,46,42,94,1,39,4,39,21,63,20,37,41,79,17,83,57,25,66,12,40,43,38,35,90,4,98,7,69,73,73,55,89,38,0,27,48,57,44,92,44,89,6,82,12,31
96,27,12,77,91,22,48,45,48,78,44,62,31,56,28,49,9,97,6,37,0,73,21,74,52,92,93,78,48,84,14,49,54,84,53,53,73,93,47,61,73,26,46,63,91,5,30,84,80,96,20,52,50,68,75,66,58,50,20,83,30,60,31,21,7,43,30,60,97,48,40,41,16,100,97,67,97,16,0,94,96,35,86,52,93,62,14,75,2,41,73,15,62,46,13,10,21,86,0,51
84,88,53,33,16,78,37,2,99,47,66,57,71,93,90,30,81,37,44,8,96,5,15,47,99,10,91,21,81,32,78,53,25,0,7,99,28,46,80,17,17,88,73,30,59,60,90,30,58,30,12,75,31,77,40,55,42,95,63,77,44,62,36,96,69,23,36,94,7,24,61,22,73,57,75,13,82,71,7,11,57,84,75,16,44,95,88,57,85,5,5,77,49,57,4,50,16,29,100,77
5,74,4,95,34,7,99,8,23,85,20,18,39,87,53,2,58,23,32,63,12,97,67,37,90,12,64,18,39,31,91,80,64,89,99,4,21,90,23,57,100,88,98,87,43,93,32,43,74,23,25,15,27,4,77,2,90,88,28,15,41,76,0,90,1,68,82,61,61,12,51,35,53,95,62,7,89,33,63,50,35,25,28,100,45,93,27,63,58,7,31,57,48,67,75,32,48,62,34,22
57,4,59,55,31,71,50,87,82,74,33,94,92,99,49,25,33,37,4,23,17,46,24,9,4,95,70,27,86,91,25,63,41,61,15,8,5,15,64,47,85,90,50,56,56,24,8,79,70,78,25,33,95,68,57,99,11,62,35,88,45,67,33,74,46,50,48,97,3,0,30,52,9,24,29,65,57,54,46,81,25,59,44,32,18,85,84,17,98,60,5,35,5,69,35,85,31,78,16,46
42,96,8,6,9,60,58,95,12,66,66,2,34,9,14,44,82,63,65,29,33,93,72,38,22,65,34,4,66,3,72,71,3,87,10,13,76,39,64,72,89,77,55,19,76,7,19,11,25,35,0,17,20,29,33,46,36,31,83,13,40,87,17,97,49,27,99,41,71,59,23,68,54,41,99,79,89,21,93,35,9,7,17,71,8,70,36,14,100,48,6,52,8,33,83,55,85,2,31,11
23,35,1,77,100,86,68,80,68,98,33,55,40,2,79,26,14,87,66,77,0,84,95,55,91,91,56,86,29,1,47,18,67,97,57,83,32,43,81,56,4,33,48,63,9,62,54,66,27,12,55,90,48,30,81,12,14,58,77,56,95,58,50,84,57,33,21,3,0,79,21,99,23,81,32,63,15,37,12,30,25,16,15,91,83,82,74,4,8,89,1,17,60,8,66,43,27,85,13,13
13,43,1,80,78,10,94,16,19,3,38,6,35,30,14,70,63,80,84,98,19,55,29,55,64,0,21,12,26,2,56,12,66,84,10,38,16,90,28,57,21,42,76,34,56,49,88,13,76,16,55,42,51,60,32,2,28,64,36,100,10,44,80,28,7,80,64,0,55,25,28,76,6,43,30,62,52,35,79,11,99,80,6,58,54,22,58,68,32,62,71,56,32,56,6,13,63,53,75,9
13,31,15,75,4,27,40,7,91,60,11,98,54,71,96,6,51,92,90,23,56,91,54,21,46,8,44,42,77,25,49,80,92,10,74,30,2,88,83,91,25,29,26,77,83,76,6,77,2,44,54,89,47,84,22,85,27,13,36,9,23,10,70,33,20,21,11,68,22,45,26,95,20,31,60,15,7,100,57,2,67,9,79,43,73,84,78,85,2,72,40,57,54,68,90,79,89,88,92,63
76,20,8,94,5,34,99,47,5,10,47,21,99,14,50,49,26,13,46,76,64,59,64,57,46,83,92,62,80,31,48,89,87,27,22,8,94,24,27,61,25,64,32,59,16,98,97,2,44,38,72,88,66,35,50,78,74,76,94,3,86,29,31,50,29,13,91,77,64,33,91,50,82,99,5,44,61,58,76,93,33,70,81,79,42,87,43,30,72,59,84,63,84,40,24,74,63,57,100,49
22,60,16,91,18,43,70,97,78,62,8,76,13,40,10,44,98,87,89,29,11,91,25,63,25,37,97,63,87,23,39,62,86,45,37,90,59,77,13,67,92,0,18,100,78,46,63,46,49,6,33,10,70,22,36,64,73,93,63,3,99,12,28,18,58,81,31,29,50,56,56,14,32,69,66,54,72,50,4,64,94,41,99,80,34,29,89,81,23,8,42,23,21,80,77,89,83,13,91,14
54,73,71,55,4,78,55,38,34,96,60,86,2,38,21,6,74,65,62,33,26,13,80,10,25,22,64,17,95,58,64,84,20,52,92,5,84,9,25,61,52,11,40,80,19,25,93,84,2,6,64,93,21,83,27,47,27,90,35,33,46,78,67,31,6,11,87,51,55,46,68,26,72,69,11,15,13,30,9,85,29,39,30,42,50,57,87,17,59,54,75,38,97,65,29,71,65,72,57,6
39,74,89,1,69,36,70,7,88,68,96,93,55,56,53,36,17,25,30,64,45,39,94,86,94,23,72,83,14,25,24,46,69,70,85,69,74,95,70,32,50,8,20,12,23,78,52,20,14,94,92,22,74,13,56,12,12,13,19,30,95,82,98,69,3,48,72,3,69,55,53,82,28,39,74,75,43,7,11,31,15,27,67,68,59,93,61,5,0,82,14,62,56,42,43,19,88,41,56,57
36,24,33,46,43,41,87,19,61,99,57,57,30,77,26,29,100,67,72,90,39,63,25,92,91,26,80,98,46,17,84,61,33,91,25,17,31,10,39,35,71,91,61,97,70,92,48,76,40,46,23,71,55,45,61,86,78,9,6,92,39,38,13,63,71,72,22,42,30,51,32,55,94,99,56,1,24,57,77,76,27,40,56,54,40,34,69,37,19,84,46,0,94,68,69,26,83,93,62,20
98,53,56,90,82,31,83,20,9,97,11,95,21,45,6,100,76,60,65,84,81,49,61,50,31,80,44,86,24,83,77,33,36,34,37,12,63,52,68,58,6,21,56,47,83,30,86,18,97,50,72,57,100,38,42,79,53,13,63,56,70,14,94,93,42,39,78,63,49,4,78,41,0,49,32,63,17,7,21,1,67,11,55,63,8,7,75,61,24,25,84,43,7,66,39,69,67,57,56,28
4,81,33,89,16,78,39,55,51,100,87,64,69,10,14,32,2,48,25,13,88,39,5,60,12,18,34,14,68,60,17,86,61,33,53,5,52,17,41,59,25,16,6,17,60,30,58,7,56,18,52,33,10,75,40,63,10,98,77,51,87,15,69,57,98,40,85,85,2,97,69,47,96,46,6,36,13,89,7,73,30,63,91,68,70,24,94,14,37,85,93,51,9,32,27,57,47,19,24,57
30,48,3,17,14,50,23,15,19,78,31,46,45,44,96,55,81,25,8,49,39,77,17,79,22,22,18,10,61,96,14,27,19,9,66,23,77,19,47,69,15,11,57,88,14,62,44,22,99,36,57,84,34,78,11,88,40,32,21,6,29,32,43,7,31,24,14,78,54,63,51,18,71,4,47,38,44,80,11,71,97,34,0,76,35,47,28,8,7,63,93,24,39,47,56,39,20,42,86,81
51,17,85,10,66,95,83,70,2,19,20,66,62,52,40,5,54,43,8,100,28,8,30,33,66,0,84,75,11,4,23,98,44,20,8,46,6,56,96,80,57,12,63,76,44,83,76,28,12,45,97,14,98,54,100,48,66,68,91,71,76,20,26,16,94,63,50,82,56,45,1,65,56,3,81,10,68,40,53,57,34,70,19,37,8,16,7,82,66,88,23,93,76,58,46,97,97,11,77,100
3,13,82,83,40,86,77,3,54,80,88,90,32,61,97,41,97,15,74,24,72,70,37,100,54,76,42,9,28,16,88,75,33,68,24,100,37,10,46,84,13,78,90,36,65,33,73,29,62,99,18,9,70,11,38,4,55,68,3,27,6,91,99,88,37,56,81,35,72,7,31,73,87,2,40,96,78,49,8,95,30,73,4,57,23,14,16,49,29,73,8,81,42,18,4,70,81,81,13,22
59,82,83,25,86,31,68,88,34,62,3,69,62,47,58,79,50,98,85,18,93,61,97,78,96,77,88,20,91,56,64,21,22,23,64,75,9,57,46,12,36,61,50,79,55,76,76,64,22,5,63,56,53,73,25,29,76,67,14,80,63,65,26,87,66,16,26,40,93,68,33,85,40,63,70,42,0,75,50,40,90,26,34,10,21,3,25,76,41,15,52,38,72,15,19,19,84,28,58,41
73,19,88,29,18,94,5,71,24,17,63,6,80,38,6,29,99,36,60,24,91,0,97,17,85,66,26,92,20,31,53,65,34,4,9,29,2,46,61,37,32,58,66,80,4,58,21,80,21,83,51,42,87,88,25,22,74,84,24,100,92,17,32,26,81,32,35,94,22,94,36,81,94,23,18,92,19,50,53,41,79,18,98,63,28,6,12,6,7,44,16,67,2,59,94,4,15,59,73,45
89,55,70,51,100,42,62,10,18,5,64,46,13,9,64,84,9,0,47,20,32,90,0,40,35,70,99,19,20,86,71,97,65,4,2,31,12,36,24,52,10,80,78,77,4,23,84,56,52,83,76,83,3,32,80,38,90,36,22,25,52,50,55,40,19,64,95,73,78,5,63,3,29,51,24,92,38,90,38,83,29,37,44,63,59,7,26,47,30,60,96,28,58,43,41,5,61,27,90,81
96,6,59,2,77,15,68,58,18,70,3,38,15,88,11,73,23,12,16,90,1,56,93,92,3,75,14,30,48,31,12,32,15,55,48,34,48,30,42,28,11,15,61,41,13,15,85,75,17,76,16,68,49,16,30,55,80,92,51,53,87,4,58,49,55,4,100,17,73,22,75,86,17,20,14,1,44,56,37,72,84,49,30,15,84,39,17,29,26,68,73,52,97,10,24,16,6,28,9,38
7,5,0,50,82,100,21,3,71,74,99,52,14,8,6,58,74,98,77,67,63,92,47,35,69,27,83,58,20,93,96,90,71,91,54,79,32,64,12,78,93,39,21,50,30,15,88,50,10,10,1,69,95,52,90,73,68,75,81,97,35,83,94,79,66,51,57,55,54,91,83,8,55,31,25,21,47,95,98,23,91,3,10,96,100,54,32,16,6,93,97,40,18,41,66,59,39,17,43,33
53,83,23,53,76,1,57,72,3,36,15,35,52,83,100,27,26,68,28,52,9,5,100,86,99,50,72,92,49,48,100,82,78,38,1,58,19,68,20,10,83,39,98,69,28,24,12,91,65,46,3,44,98,69,54,2,12,13,2,18,60,23,62,28,97,47,97,9,73,26,49,85,5,47,49,15,21,14,80,55,27,20,48,73,19,24,21,40,19,41,82,44,46,7,68,67,62,96,11,70
49,59,80,24,99,68,87,10,9,13,88,50,100,58,47,15,100,79,0,38,44,54,98,12,8,84,30,95,3,76,18,49,89,47,29,100,13,75,9,43,75,34,27,55,90,88,58,79,76,85,66,88,12,63,94,67,26,51,53,74,36,92,66,28,87,54,44,82,82,61,7,48,40,73,90,41,69,31,73,93,9,37,59,49,64,95,75,16,28,37,100,74,94,16,26,48,52,4,20,42
22,76,37,34,1,88,86,45,60,18,18,16,11,97,38,6,50,14,6,28,31,20,93,34,88,72,73,89,94,26,43,78,89,17,96,27,74,84,92,65,97,60,67,13,35,73,1,25,50,0,91,23,81,15,90,36,43,51,20,100,77,68,93,77,23,31,34,65,54,28,9,9,39,52,31,7,22,10,16,3,6,71,27,27,71,46,24,58,86,5,77,21,64,40,60,56,99,50,62,91
61,7,99,56,44,45,50,24,42,33,13,50,62,41,99,45,37,73,12,7,71,100,44,83,19,65,33,86,26,56,92,66,94,7,75,29,87,6,65,76,66,69,30,72,44,30,97,94,78,19,13,72,74,43,21,68,82,81,85,40,63,64,81,36,26,23,0,33,79,100,35,40,8,84,31,83,61,8,17,42,27,15,93,91,68,80,52,30,98,97,48,34,2,18,2,35,57,88,63,11
13,12,4,46,22,7,81,52,75,41,64,7,96,75,76,54,87,63,10,11,17,87,61,94,6,75,13,74,44,100,29,80,16,54,47,5,44,5,49,46,26,71,13,45,53,84,14,50,86,79,41,79,5,86,35,63,22,93,34,61,90,72,60,57,57,15,7,49,38,36,76,1,66,44,24,82,84,44,72,24,2,24,5,38,88,84,23,4,42,22,42,58,12,6,83,43,32,100,61,7
46,5,31,71,18,24,27,42,60,61,65,80,59,92,97,64,24,6,14,94,64,1,60,64,37,14,85,52,49,65,69,38,68,86,62,24,33,94,93,18,93,19,57,60,51,14,38,21,34,78,22,96,22,27,76,40,21,20,69,94,19,56,54,60,98,72,41,69,47,31,66,97,20,90,49,50,0,32,93,76,55,24,15,76,79,32,94,90,23,83,67,30,89,87,41,47,57,49,48,77
46,100,12,56,79,96,44,18,28,29,18,44,78,20,53,76,85,50,76,98,84,35,89,7,95,56,16,58,61,53,69,44,2,28,36,3,27,0,39,14,42,76,7,44,73,85,51,88,7,59,80,56,11,15,90,14,8,50,70,9,36,58,50,89,90,31,33,75,36,69,79,8,15,97,76,13,77,63,76,63,31,18,53,55,88,98,99,24,74,44,73,6,44,36,71,21,55,50,66,81
14,51,59,98,29,35,32,85,0,81,48,15,65,12,96,10,79,35,71,66,58,27,45,6,21,62,26,68,59,28,60,85,16,35,73,77,22,46,78,95,39,88,80,85,8,53,82,2,51,59,65,58,74,48,55,23,8,57,84,65,39,61,2,60,40,12,30,26,83,84,62,2,76,100,26,89,38,7,50,7,54,54,81,96,83,35,25,31,29,74,62,33,49,97,51,86,72,93,51,32
69,79,10,52,35,9,42,57,64,81,94,13,95,22,75,2,29,84,63,55,89,81,6,61,30,13,90,3,79,12,98,23,81,19,28,10,15,36,29,38,29,51,17,2,36,3,46,47,38,95,92,7,86,79,47,37,94,73,9,63,27,66,61,25,69,91,99,70,67,60,68,70,92,17,33,71,51,21,71,48,75,76,37,65,74,4,94,40,65,78,48,99,41,55,19,24,57,34,90,100
61,72,61,34,36,59,0,6,29,98,98,71,80,19,65,8,21,17,99,91,4,19,54,56,93,93,4,47,90,84,76,26,77,30,54,94,93,9,30,13,10,95,78,13,52,92,60,0,68,49,37,59,20,31,53,89,70,98,19,27,5,100,48,66,50,7,92,66,88,32,64,83,51,70,84,69,67,20,70,20,35,44,58,1,83,57,31,2,24,41,80,57,36,14,7,95,19,52,93,59
60,41,95,10,60,57,100,31,93,69,99,71,25,86,56,38,77,98,34,4,83,87,90,86,66,64,99,70,42,45,99,88,2,79,54,34,81,50,68,51,4,26,22,68,12,34,2,72,84,83,20,33,97,10,64,90,8,48,76,27,15,48,99,89,80,0,34,70,19,78,40,64,67,25,82,22,4,34,45,100,55,68,9,94,88,98,22,70,8,63,13,19,55,49,20,24,80,1,49,45
51,3,71,4,100,14,73,95,90,90,62,84,88,31,75,10,37,19,57,93,94,51,98,78,49,96,2,46,43,56,18,93,62,26,100,100,24,47,23,71,56,54,60,45,0,65,31,17,40,86,88,70,37,19,99,90,70,1,53,42,55,49,95,19,33,18,59,35,15,59,9,72,74,95,0,15,26,67,12,21,6,67,72,8,60,30,66,37,6,41,98,56,79,32,34,38,27,83,67,98
74,50,8,51,41,19,57,8,79,49,76,72,9,60,61,31,32,6,52,32,76,79,1,9,82,36,94,80,52,98,69,37,24,69,5,77,15,51,34,17,90,19,28,16,40,52,7,16,45,31,12,79,89,62,52,46,88,15,45,42,1,97,33,35,79,73,1,23,74,74,20,41,23,14,49,85,39,49,2,66,45,8,20,90,95,78,23,17,100,72,35,22,78,52,79,47,100,56,33,16
38,41,12,4,4,21,8,28,86,55,91,21,97,82,50,74,15,16,40,3,36,65,14,63,76,88,32,0,22,10,48,58,79,73,75,30,32,27,73,36,50,91,92,82,33,34,1,88,81,75,95,71,19,34,65,22,34,87,89,35,86,75,76,28,30,66,15,70,1,90,71,33,9,96,44,69,89,20,56,91,93,61,64,68,96,90,7,39,43,98,14,4,6,98,71,33,12,72,17,31
1,95,54,95,26,81,29,61,14,87,67,42,28,83,96,80,60,95,71,13,94,34,75,16,11,47,90,38,62,98,94,34,33,0,94,32,36,62,76,79,94,78,88,21,77,9,32,79,74,87,28,73,98,4,91,81,90,33,46,22,9,70,98,58,40,0,91,24,10,15,96,34,41,82,33,33,61,42,74,97,64,73,13,19,15,11,79,3,29,32,82,70,90,69,22,60,82,55,81,10
58,76,24,69,1,46,24,82,59,9,87,4,16,0,80,26,10,32,36,50,66,64,93,64,43,85,82,22,87,89,34,57,85,52,44,2,100,39,81,30,1,88,63,48,57,29,88,39,61,5,49,77,37,25,97,75,20,70,74,69,40,58,73,0,8,55,66,76,87,96,49,29,54,69,20,20,53,81,19,93,65,48,44,8,7,2,6,17,84,71,57,98,6,49,53,22,86,60,15,38
85,65,42,73,93,4,92,70,77,71,37,36,36,86,42,64,16,2,64,34,63,37,39,32,49,36,27,58,3,74,37,32,22,86,90,75,43,32,75,43,100,65,0,15,42,89,57,75,79,33,89,3,86,75,29,54,81,57,69,50,30,5,84,52,14,9,50,55,43,31,61,86,2,41,5,1,76,39,93,72,67,2,35,55,61,71,68,76,14,56,9,39,44,32,47,41,76,96,51,40
20,68,19,32,20,50,21,94,1,17,89,15,67,0,88,84,67,56,5,92,98,2,92,63,57,95,58,93,26,28,70,57,65,86,20,94,47,75,77,61,40,24,52,38,6,33,28,24,33,29,87,72,86,86,13,72,54,93,7,65,10,54,95,38,12,55,2,98,49,27,3,6,92,10,62,75,100,3,3,34,90,100,66,36,81,100,72,87,39,69,64,76,78,44,59,100,23,91,5,86
15,84,20,64,49,98,59,20,5,50,73,51,64,80,61,37,7,78,27,100,73,42,79,24,71,91,98,50,67,39,57,47,43,13,57,28,17,74,80,13,57,18,24,86,81,28,47,65,28,69,48,51,39,49,12,23,60,91,25,27,8,23,76,49,34,57,65,16,95,87,79,70,100,68,100,71,39,51,64,57,44,18,58,35,69,76,54,18,62,63,99,92,8,12,62,99,30,76,23,86
73,13,83,71,24,76,87,23,55,21,10,32,99,58,7,20,65,22,41,8,44,81,13,80,31,23,38,3,40,23,6,98,54,13,16,71,28,98,4,57,60,21,23,96,3,54,54,86,4,59,65,71,44,26,80,60,54,56,100,36,54,99,22,19,47,99,12,77,14,58,89,80,90,45,47,14,24,41,93,31,73,58,22,91,26,48,57,44,44,67,63,30,75,48,56,57,58,69,25,82
78,50,25,26,23,47,32,85,8,7,23,8,4,89,39,23,34,4,81,31,86,5,26,90,81,34,59,54,39,22,93,49,25,83,79,43,74,60,12,81,26,30,12,87,43,33,30,16,46,22,8,29,96,73,1,98,30,57,63,17,15,5,1,22,99,95,23,68,35,86,80,67,88,10,27,43,36,99,54,83,64,4,21,3,75,76,35,61,41,26,17,78,21,37,50,45,21,85,69,58
37,66,83,44,26,94,93,30,81,87,67,64,32,94,77,82,22,63,71,81,60,32,41,53,49,17,86,11,39,78,16,0,68,17,25,100,8,42,84,18,5,37,36,89,83,7,99,30,34,76,40,53,89,5,76,26,34,26,70,86,86,87,69,19,33,37,0,43,97,5,37,64,80,59,39,51,21,33,56,53,68,18,56,24,21,10,42,24,5,2,21,51,99,31,6,65,64,71,42,60
61,98,1,68,53,71,63,61,28,72,38,48,1,30,44,39,22,87,6,6,48,33,77,91,0,27,26,47,97,0,38,77,82,74,16,19,4,6,34,41,96,22,17,42,27,31,15,7,9,91,98,0,21,1,91,39,47,38,38,93,63,38,90,91,77,12,88,25,23,92,84,37,84,81,86,60,76,10,76,5,29,97,31,76,62,86,58,68,90,56,10,92,60,1,76,47,33,73,13,5
51,5,56,43,42,43,33,95,92,29,69,97,75,38,42,42,62,100,12,29,56,20,28,13,87,94,5,13,0,97,91,76,18,86,62,24,9,65,51,14,57,85,35,77,20,45,76,76,37,54,71,68,98,16,92,88,49,76,88,17,13,2,60,6,73,31,0,59,92,63,66,61,5,84,41,34,48,0,90,62,14,89,60,92,57,6,65,81,30,60,37,95,37,2,42,73,94,75,41,46
21,68,5,94,14,94,70,72,48,91,42,17,88,33,44,63,61,60,19,68,31,90,35,39,19,63,56,49,52,25,64,92,60,89,67,0,76,89,50,96,79,88,3,51,28,11,25,32,73,19,35,46,25,10,79,40,9,86,77,12,76,20,47,67,90,75,60,86,3,91,9,12,13,75,63,59,2,30,34,74,17,49,41,17,83,87,67,23,52,45,28,40,47,98,41,56,7,4,58,35
85,58,96,40,80,49,38,100,89,19,84,95,62,70,11,44,61,71,18,9,88,66,63,29,7,8,94,66,53,100,15,11,89,61,44,11,90,13,41,38,16,90,34,95,16,37,55,25,74,69,21,27,97,27,33,4,0,7,37,19,90,96,45,46,88,86,65,74,35,73,44,45,35,9,58,91,37,54,0,24,47,10,82,15,38,22,1,100,4,91,16,7,90,79,26,44,49,73,45,37
34,14,92,4,53,100,9,33,0,58,74,74,1,33,60,88,25,52,13,63,90,15,49,19,13,91,6,2,27,51,49,72,59,20,97,62,72,45,64,98,2,88,16,20,88,65,39,31,59,99,32,5,22,69,91,99,74,79,56,9,32,77,85,82,41,87,8,96,25,51,60,60,23,73,91,87,26,13,24,29,82,23,31,16,79,36,63,84,11,37,38,32,14,47,85,82,68,79,23,90
69,50,21,87,31,93,57,88,70,69,77,8,92,40,100,41,39,27,47,100,17,56,0,50,63,91,70,29,77,75,83,45,8,77,43,29,24,55,35,12,75,42,51,16,28,85,86,36,76,12,7,62,20,98,14,30,38,84,21,34,25,30,45,43,30,5,52,37,5,63,33,19,19,71,47,39,78,93,59,43,17,57,55,58,76,40,43,17,71,73,91,56,74,29,98,6,68,83,8,0
85,48,39,15,83,75,7,81,10,42,92,45,13,86,0,85,69,53,94,46,61,66,96,15,1,38,58,100,89,41,22,68,19,22,45,76,59,25,82,79,93,10,6,92,88,4,6,57,15,27,18,87,5,59,36,42,48,9,88,4,13,60,6,68,71,40,22,99,57,91,3,68,1,89,82,20,8,54,26,19,7,78,13,44,4,56,75,59,75,39,39,65,61,46,57,89,98,82,16,21
77,84,20,0,8,68,10,8,35,95,53,76,86,29,24,48,36,47,73,82,27,8,65,1,87,29,73,69,72,6,27,74,0,10,52,74,11,41,33,52,23,99,53,40,13,76,14,27,0,15,92,33,33,82,57,12,56,65,48,12,14,54,56,56,68,81,68,52,57,68,31,27,86,83,79,49,12,8,57,76,0,66,74,91,76,74,0,24,2,18,53,71,3,14,53,19,48,45,57,23
31,3,49,7,77,5,40,74,3,15,38,74,75,72,83,12,43,83,14,24,69,36,83,74,31,16,64,8,39,72,14,95,99,87,3,34,21,27,16,67,2,44,45,45,79,88,20,94,70,53,85,32,67,75,45,53,92,86,14,72,29,71,95,35,45,94,87,61,66,20,35,96,86,55,60,17,69,74,46,98,69,56,72,4,17,93,84,58,21,47,86,0,72,46,21,25,7,6,48,47
84,2,53,41,9,33,2,79,55,22,95,81,0,24,16,40,14,45,86,71,24,66,38,96,52,73,24,57,69,90,97,8,50,97,92,40,56,21,59,52,97,31,55,99,67,56,8,75,74,16,40,68,21,43,59,18,2,27,84,49,15,44,88,23,72,8,4,88,56,90,3,5,69,11,32,40,22,96,73,29,17,30,64,56,81,39,57,48,73,97,59,5,65,2,20,74,29,84,78,70
86,3,33,26,73,28,20,65,27,85,70,80,3,23,91,25,52,96,32,21,16,18,40,73,6,7,40,86,77,17,21,52,63,26,30,51,66,20,13,81,54,50,48,32,29,90,0,99,98,99,73,66,62,1,73,96,92,10,11,26,96,90,21,87,29,21,40,29,86,62,24,64,34,66,84,44,7,62,8,87,100,87,9,62,32,28,42,68,88,38,54,98,2,14,5,26,30,65,23,54
59,75,23,97,80,54,28,33,96,73,55,24,1,61,66,43,26,69,74,59,1,99,63,61,43,32,79,20,26,17,53,60,41,34,77,55,26,79,76,23,66,50,97,2,84,46,19,76,14,33,36,39,62,41,23,72,82,92,82,51,2,18,37,56,77,71,69,33,74,46,46,45,70,51,34,91,98,100,77,45,1,34,9,64,65,15,41,52,0,10,33,80,19,18,69,81,83,75,61,49
82,43,63,87,82,60,72,85,32,77,26,73,44,36,22,78,17,46,88,2,46,27,0,66,67,10,78,1,0,67,58,75,37,82,19,95,14,22,65,16,99,72,14,19,25,34,17,24,97,41,50,83,81,31,41,3,83,60,29,14,25,64,2,31,5,32,59,55,0,10,35,95,13,97,94,17,14,0,54,17,53,92,20,16,29,38,92,16,27,80,83,8,91,35,0,6,87,88,92,83
15,85,3,49,51,93,21,11,26,14,32,81,26,82,15,51,87,92,20,69,20,51,57,53,94,33,21,57,73,6,27,26,96,34,14,77,18,27,16,5,80,96,92,7,70,49,6,82,90,57,59,56,38,69,81,39,38,82,36,18,29,51,23,82,73,95,59,51,80,61,63,85,87,97,41,15,90,66,83,84,91,52,4,23,67,69,13,19,15,64,37,81,98,88,61,4,92,13,30,72
38,20,62,32,55,76,28,5,43,65,36,68,65,17,87,40,3,61,14,40,27,66,15,1,91,2,84,28,24,92,89,35,89,95,27,33,46,39,13,14,38,54,58,94,82,5,8,47,79,94,93,34,98,79,68,31,82,62,39,28,52,4,18,3,72,29,24,45,90,89,13,31,48,34,32,40,4,64,88,74,26,56,75,92,3,34,17,60,38,18,57,67,25,1,10,91,75,77,78,55
61,3,86,99,49,32,98,2,80,79,27,7,15,8,6,59,36,8,49,40,61,6,31,49,13,97,75,77,77,79,17,94,1,84,61,68,80,48,7,45,86,28,47,45,63,63,2,51,38,63,63,14,94,8,96,44,47,38,2,84,50,43,72,5,50,85,32,55,89,26,20,41,82,23,26,79,47,22,71,99,1,92,76,89,21,27,62,65,74,32,42,20,55,85,37,40,2,29,83,38
52,51,1,34,53,17,37,49,29,53,72,91,32,52,33,4,21,82,68,51,66,82,22,21,37,73,27,42,94,62,50,58,58,86,55,61,14,65,38,32,24,53,42,6,0,26,21,66,90,29,78,2,87,86,76,40,0,26,7,35,58,74,13,100,86,78,58,2,43,26,9,52,76,9,69,55,67,10,93,11,66,24,55,99,40,6,4,94,100,81,94,76,74,53,12,96,72,96,37,37
68,34,15,81,77,82,74,38,91,4,41,64,33,32,8,10,42,52,78,44,35,85,58,62,94,59,85,64,0,78,87,92,85,54,88,32,54,63,21,5,36,66,40,70,83,43,47,61,68,74,19,100,17,63,64,4,21,30,44,71,60,89,17,29,18,26,17,61,23,84,30,43,18,32,4,30,97,52,54,73,94,99,6,68,26,31,44,57,85,7,92,97,24,29,100,39,60,30,81,50
99,51,52,24,84,99,51,43,37,35,51,62,74,14,17,6,52,99,47,78,94,39,85,13,25,95,98,4,63,100,82,36,68,93,87,38,63,4,76,65,8,36,95,57,46,84,8,49,21,4,11,80,35,78,13,56,28,81,91,23,48,86,27,65,36,73,50,55,53,89,68,73,93,0,80,79,91,75,10,28,36,47,94,78,60,63,39,44,67,69,75,94,62,8,100,62,89,70,22,61
9,13,46,86,18,37,79,97,6,2,95,16,90,92,70,100,51,91,92,18,89,86,67,39,3,1,0,55,20,77,1,89,67,60,51,56,62,22,62,45,21,51,47,37,48,75,77,54,54,7,36,82,46,98,26,79,32,0,22,51,99,64,86,86,59,61,45,15,43,14,75,37,64,86,13,68,6,50,36,10,9,2,46,19,99,21,97,47,2,2,58,93,66,52,66,96,69,53,28,35