38,84,59,39,14,44,10,82,24,20,46,100,92,45,27,10,31,27,19,46,42,46,73,40,44,5,97,68,58,2,87,22,96,68,83,79,31,21,73,76,3,53,25,42,37,68,79,27,53,36,30,81,48,73,3,70,82,83,85,23,43,1,66,69,41,12,13,88,22,84,31,100,27,78,49,3,33,91,83,14,52,56,70,80,19,43,46,93,39,88,39,46,47,71,85,37,17,91,53,46
0,22,6,36,66,34,47,52,59,19,43,96,22,25,39,16,42,98,11,65,57,89,98,82,21,51,38,35,14,10,53,74,92,42,95,84,46,21,12,55,57,17,53,34,59,21,94,53,89,11,37,72,90,45,28,17,64,23,15,77,81,1,25,15,3,16,38,51,66,33,28,1,65,2,0,96,44,100,56,86,63,37,40,53,55,42,60,57,46,19,53,3,91,50,81,28,51,71,54,57
9,55,61,58,75,26,11,80,44,48,57,73,24,68,69,65,65,22,28,13,34,73,90,20,39,72,15,23,62,15,48,56,53,51,69,82,100,7,86,60,69,65,57,52,44,74,60,65,7,26,5,24,57,7,4,71,70,66,83,5,33,2,77,34,61,74,85,100,63,47,70,52,36,81,36,71,67,14,48,22,23,89,16,97,85,9,39,90,41,86,35,27,56,40,1,30,55,25,92,31
86,7,92,19,11,22,66,83,0,87,26,40,81,96,48,59,31,20,61,59,37,6,28,88,96,40,33,35,80,59,37,44,29,52,76,55,2,5,53,81,97,45,85,63,45,13,77,28,30,97,81,51,36,2,81,67,79,88,79,12,44,45,91,80,79,69,2,89,75,86,66,84,11,28,54,85,88,31,3,7,51,69,92,45,93,81,40,25,7,29,92,81,93,16,87,62,8,34,29,94
57,100,44,37,41,54,77,67,16,82,98,27,50,32,42,94,61,47,48,30,25,58,85,49,19,65,39,62,49,51,54,96,23,74,22,28,15,78,92,63,63,30,40,15,12,55,91,54,37,74,46,93,68,96,93,48,57,71,29,11,13,49,0,75,35,14,52,20,84,12,78,34,47,10,100,70,35,13,4,39,52,24,36,38,48,43,18,79,81,77,85,32,56,95,1,0,93,9,57,44
16,6,79,83,18,64,47,53,25,71,14,38,96,79,56,48,9,7,65,67,11,94,27,93,12,2,2,74,45,59,74,25,0,14,90,84,44,26,51,86,3,3,49,45,32,29,36,48,75,16,65,33,76,16,27,76,4,33,19,22,9,5,15,48,4,3,44,57,15,42,18,71,89,4,11,55,23,47,67,47,49,87,93,22,64,23,67,69,96,11,49,2,4,7,44,58,43,1,75,62
81,99,32,5,59,14,74,3,72,1,31,27,64,55,100,36,58,53,59,57,36,97,32,66,10,8,14,31,52,86,45,97,35,0,16,50,23,57,5,63,75,53,6,40,54,52,26,57,69,17,51,18,23,97,88,78,89,93,28,13,37,80,20,96,77,84,84,50,37,30,21,42,16,38,94,39,64,33,21,43,39,73,83,57,75,100,38,94,56,4,77,53,90,10,35,57,71,69,63,76
68,28,61,80,12,35,25,64,61,2,86,68,69,2,50,55,31,62,27,2,100,68,10,94,100,18,51,5,79,1,7,47,9,20,94,48,63,1,30,21,51,78,33,25,97,38,81,31,32,80,18,81,5,74,94,57,28,80,10,29,38,66,30,53,18,66,99,14,2,36,42,92,8,98,59,62,14,79,100,31,51,2,51,5,41,88,81,88,85,38,26,96,65,70,84,73,0,59,59,74
53,42,58,44,79,95,52,34,5,59,1,4,14,97,82,47,16,54,57,1,50,23,18,12,40,20,48,71,94,5,21,44,69,57,42,3,6,65,13,30,84,50,12,93,91,43,8,72,52,56,49,53,23,39,96,0,20,99,89,26,83,11,10,74,78,79,55,78,80,40,48,99,30,88,54,91,62,59,7,15,80,81,87,4,69,6,92,67,11,40,22,58,45,17,73,22,92,92,55,4
74,90,26,72,75,100,41,70,18,8,51,11,6,28,40,62,5,28,22,42,76,82,27,34,67,34,23,99,0,41,89,66,2,4,87,50,74,5,93,6,27,36,31,96,40,84,24,16,75,38,100,33,74,69,12,8,74,96,7,72,45,1,46,48,1,47,91,8,43,91,94,90,51,7,76,67,55,90,36,40,28,89,76,56,11,15,22,75,89,57,64,9,69,78,82,97,30,77,42,60
10,41,54,13,84,62,71,96,83,29,39,33,99,45,67,89,83,16,17,43,50,69,22,12,24,92,42,52,76,80,6,88,65,52,6,90,53,34,73,37,86,92,17,75,80,41,78,63,58,40,68,3,78,83,92,49,2,75,18,5,79,30,6,87,3,23,85,95,66,72,55,76,93,23,63,81,82,65,63,44,84,79,69,39,59,17,81,48,93,14,75,79,19,65,51,37,41,4,47,68
17,66,43,31,30,20,48,64,78,94,49,76,100,77,58,78,91,31,76,88,60,53,71,66,90,77,96,17,53,77,6,65,65,46,60,71,7,72,71,57,33,71,5,33,14,82,88,38,2,87,39,55,77,28,45,44,79,68,9,79,83,70,10,14,90,35,18,27,44,6,67,3,36,85,80,7,41,36,7,55,2,3,64,46,83,5,51,50,3,63,75,98,49,2,80,58,78,83,15,26
62,10,54,2,85,98,96,33,91,72,71,64,47,49,68,70,30,36,94,14,4,60,2,33,100,46,33,67,93,93,37,82,37,51,27,16,48,42,36,95,44,47,74,13,62,75,62,73,74,56,21,7,7,63,73,46,85,8,11,52,65,34,91,66,48,76,36,77,68,54,78,43,78,68,99,66,40,10,28,44,9,60,40,1,11,93,39,37,91,81,43,55,2,33,55,69,24,69,38,54
11,27,76,97,27,20,69,78,80,39,18,47,80,25,23,9,35,40,86,64,29,47,16,68,90,89,80,83,72,78,28,68,99,25,85,64,67,60,76,56,3,68,48,100,75,0,55,11,35,100,19,16,43,61,30,2,85,45,7,89,4,64,95,89,13,99,95,1,15,68,27,41,20,12,57,20,99,65,93,98,36,60,60,25,47,27,12,42,23,58,99,13,7,90,63,30,58,37,41,41
24,68,6,74,89,34,57,53,3,70,97,30,59,0,16,87,49,5,45,22,86,87,17,58,96,58,47,67,91,21,46,95,39,83,92,56,72,81,17,36,44,62,32,47,48,73,47,86,91,6,96,89,73,15,14,19,85,17,90,20,49,15,67,35,79,21,30,17,37,64,84,63,18,93,69,23,51,34,76,52,4,63,77,96,94,13,92,90,77,86,49,20,35,57,88,50,74,45,41,96
38,29,51,95,95,91,1,79,100,47,12,72,94,58,99,40,9,41,8,3,48,80,46,99,44,37,19,38,47,50,17,79,69,39,62,55,27,94,76,17,77,46,20,21,23,80,18,89,80,19,70,73,72,46,49,91,49,14,99,84,59,67,88,65,15,71,7,88,9,8,63,67,3,87,42,8,68,85,72,77,16,71,25,79,79,95,89,45,71,49,5,27,47,64,17,51,56,57,96,11
63,8,8,93,8,45,61,84,36,48,31,57,9,18,22,51,7,96,97,43,37,15,8,0,6,40,75,18,84,3,27,62,70,39,22,49,15,29,92,13,55,61,53,86,12,60,61,73,24,36,23,8,4,100,4,86,20,78,20,29,11,10,35,94,3,50,65,82,49,49,98,33,100,65,59,61,78,57,50,3,76,54,19,77,89,76,93,9,80,73,93,8,87,98,41,47,60,70,86,90
98,96,12,82,48,45,21,94,49,70,53,44,95,19,21,50,79,73,57,14,86,91,90,43,48,70,3,56,94,6,21,82,62,81,92,72,51,0,45,61,23,99,27,53,84,68,57,31,49,24,32,48,20,30,35,29,95,25,90,85,23,16,85,19,82,90,77,87,9,56,46,58,74,5,30,37,10,28,79,60,89,22,25,94,87,57,65,34,10,57,59,85,41,95,56,87,90,28,68,43
36,79,78,69,2,88,69,15,90,41,83,2,25,39,31,34,79,44,57,16,48,77,24,28,54,97,88,36,27,39,6,81,43,36,63,11,11,61,88,77,89,48,69,61,67,19,42,77,42,51,6,75,90,47,77,51,84,34,89,82,87,59,52,26,11,85,15,92,7,28,23,62,43,61,49,36,13,2,73,42,17,29,55,67,1,66,61,47,40,33,80,82,65,53,65,85,94,26,86,90
57,90,13,47,1,57,53,30,12,66,18,38,85,90,41,11,37,41,5,6,52,10,31,40,26,78,50,50,8,70,10,91,63,63,93,63,7,8,61,79,9,61,48,99,20,23,95,45,10,26,98,64,7,28,88,37,100,46,28,8,12,28,76,43,47,37,70,54,30,42,51,72,54,91,93,66,23,36,48,23,53,83,1,23,93,45,95,90,56,14,59,97,16,38,74,79,4,94,85,65
99,1,28,7,25,30,67,29,19,80,51,17,74,35,11,38,69,72,77,87,19,64,3,15,93,72,22,87,96,19,87,76,55,35,17,27,59,21,91,29,100,63,6,39,35,61,67,98,43,99,59,30,89,46,55,45,83,39,98,40,81,83,1,42,99,46,22,12,85,76,35,94,66,56,48,76,38,17,59,66,66,0,90,15,43,28,45,13,30,24,44,25,84,32,5,89,84,67,59,9
43,44,24,52,28,42,92,77,91,27,15,96,41,70,67,0,11,74,9,3,49,20,31,35,49,39,5,62,62,25,25,93,61,82,8,15,59,64,61,10,19,92,4,38,29,61,12,56,5,90,0,49,17,17,28,1,32,80,83,12,63,75,18,18,31,3,18,5,100,66,37,93,16,56,13,96,48,41,82,98,88,46,3,24,45,38,31,60,5,96,22,93,45,57,53,38,67,95,6,82
73,71,85,12,19,39,18,71,86,17,69,34,48,81,17,64,12,63,32,54,57,70,7,83,20,51,42,81,72,79,56,45,53,69,46,98,24,65,17,99,58,84,0,68,37,37,2,68,35,1,50,56,90,83,89,21,27,56,60,11,87,30,73,43,17,52,95,84,55,51,97,45,70,26,39,83,2,99,43,98,85,68,37,39,64,1,67,52,0,74,15,72,6,63,63,51,73,93,42,10
26,25,32,43,49,0,2,66,84,86,71,32,68,59,19,35,14,87,88,61,51,29,4,39,59,84,43,59,2,55,25,12,49,100,75,60,78,69,45,40,69,46,87,24,58,59,22,58,86,68,68,52,17,50,100,88,54,79,90,8,46,31,80,6,65,95,22,5,7,78,81,65,95,49,44,17,51,49,91,59,24,93,17,40,13,19,80,94,19,20,2,36,34,63,67,36,4,69,47,30
61,97,46,49,51,100,63,31,97,28,49,2,58,41,86,25,0,54,90,32,17,16,96,11,93,44,58,16,68,97,69,57,38,1,1,66,39,88,52,72,54,59,31,70,58,42,96,4,60,61,78,25,68,92,7,55,92,26,91,17,92,44,93,96,7,83,93,88,37,92,99,70,83,92,2,1,88,42,23,99,7,78,33,83,51,68,56,28,92,97,62,50,87,57,41,8,38,10,62,96
97,54,93,99,58,32,49,60,66,57,4,19,94,42,72,45,13,10,45,45,65,84,38,40,44,94,34,78,88,100,32,77,49,89,63,58,98,28,97,48,99,44,20,91,76,35,57,46,67,45,93,22,27,43,58,1,47,62,1,88,36,40,99,22,43,54,72,62,98,3,16,0,85,99,81,4,22,98,20,86,35,33,53,28,43,48,11,85,100,77,70,66,81,60,98,77,79,84,70,91
80,22,51,7,99,6,37,50,17,81,0,71,14,26,46,82,28,0,100,18,56,11,87,88,10,79,36,55,80,74,59,87,85,3,100,8,16,21,12,51,11,97,31,54,82,88,2,25,71,45,96,98,61,89,75,25,98,49,73,88,87,52,82,100,59,39,95,47,14,100,32,87,63,25,11,96,13,17,53,88,56,56,60,53,66,98,95,93,37,13,35,93,82,66,8,49,7,40,64,65
8,22,60,72,6,74,38,63,61,0,94,36,3,88,2,43,78,8,29,53,76,51,94,98,10,37,20,79,54,4,85,8,31,57,57,19,93,80,23,21,86,66,10,70,96,4,25,42,93,1,33,38,63,5,40,58,68,0,74,9,26,45,75,23,15,79,9,84,22,28,0,66,0,24,40,29,97,42,48,28,82,95,58,58,54,23,0,99,23,55,14,90,87,24,68,49,97,27,1,40
85,67,13,86,57,56,65,35,6,13,38,72,44,95,6,96,88,67,51,27,12,94,17,28,75,20,54,46,13,16,45,6,44,20,85,50,38,62,62,20,78,63,99,95,51,19,62,13,16,12,62,77,43,22,80,50,56,44,100,39,67,1,24,58,87,54,18,48,62,23,45,99,51,29,34,51,90,85,78,92,13,8,89,69,99,81,98,79,86,91,60,16,77,65,26,65,93,8,60,89
14,9,69,87,56,51,69,63,1,66,75,15,24,38,67,83,74,51,29,25,97,31,91,50,20,52,94,1,65,93,36,4,48,89,10,86,4,88,29,3,96,97,66,29,1,25,13,51,29,64,18,46,92,38,88,59,58,54,12,90,14,68,72,64,13,51,79,27,53,90,85,76,22,35,41,45,73,22,19,87,77,38,44,5,90,54,78,31,7,83,56,57,52,99,91,79,22,70,65,14
47,73,91,7,40,9,19,5,66,18,83,0,54,6,6,43,95,98,54,95,16,54,37,7,66,28,3,15,22,12,22,27,84,84,55,57,80,38,26,47,67,28,17,39,28,6,84,73,54,18,29,42,59,40,91,25,57,88,89,10,9,71,56,3,82,49,21,94,9,42,49,16,38,45,2,34,42,32,40,87,40,16,58,24,97,63,15,100,67,100,59,33,11,42,98,24,0,22,22,12
3,13,29,16,76,16,73,72,0,96,27,70,33,53,86,60,61,12,25,26,41,83,71,67,33,68,21,41,34,95,80,58,3,49,41,37,94,64,68,84,67,62,67,80,91,62,55,72,54,38,75,29,27,98,61,72,16,55,13,54,55,82,75,50,60,49,58,58,35,60,14,73,60,48,83,97,16,69,14,90,9,89,98,32,35,87,55,49,97,49,14,39,35,35,91,11,83,49,8,74
78,37,64,54,83,14,95,76,2,5,40,93,33,59,2,39,74,17,36,13,85,61,50,39,19,75,70,54,2,3,67,94,58,36,90,29,82,35,33,95,35,64,98,14,1,9,64,51,14,72,58,91,96,10,28,53,43,54,86,73,15,36,47,33,39,82,10,94,10,47,77,46,87,10,9,95,71,91,36,26,56,92,28,6,31,76,76,89,36,87,45,37,6,69,25,73,80,14,4,15
28,87,64,96,57,57,24,39,42,89,76,81,48,55,57,17,25,63,26,95,4,71,30,59,38,16,98,30,90,58,88,8,73,19,8,94,20,50,84,93,45,87,79,55,20,5,77,75,86,66,61,90,10,59,77,35,29,19,1,81,6,68,13,73,35,88,86,81,36,73,89,5,58,23,87,71,6,66,32,52,52,25,84,2,8,71,86,41,39,51,33,86,76,57,57,75,70,5,52,85
56,84,45,53,62,37,29,65,78,22,15,4,39,3,50,28,54,54,75,28,16,81,85,69,42,74,40,85,55,79,85,23,90,54,31,43,57,87,0,66,14,32,100,45,77,59,75,84,9,97,37,86,80,26,67,24,70,85,27,32,54,72,31,55,59,31,45,85,93,27,2,65,20,46,82,38,53,73,83,26,98,88,58,38,37,67,88,57,57,44,29,19,32,22,2,57,27,92,5,19
92,81,74,100,0,78,25,5,21,26,16,33,13,69,12,68,67,54,95,70,21,78,57,70,46,72,13,28,7,22,11,63,98,26,88,97,76,80,93,50,39,90,42,96,11,67,70,1,76,3,51,61,73,40,90,51,91,1,48,70,94,16,55,22,12,61,75,76,30,85,44,33,16,5,17,46,89,27,78,54,46,54,51,77,85,100,85,44,51,85,1,19,100,89,16,18,96,76,37,39
38,31,90,41,46,95,43,16,28,8,76,53,51,59,74,70,30,65,3,31,79,90,38,87,98,91,86,86,68,30,31,63,89,38,92,5,96,73,82,38,40,2,28,96,99,47,55,17,71,96,71,61,34,57,70,72,34,45,44,68,26,35,8,17,46,54,97,95,52,72,45,8,72,19,83,40,36,71,19,67,86,31,28,99,78,53,43,17,92,82,50,67,13,83,58,58,43,7,98,0
57,7,64,16,80,41,90,34,55,31,93,59,9,89,45,54,57,69,44,24,31,96,39,70,33,72,86,66,8,19,60,62,96,91,89,49,27,100,37,81,56,99,57,28,10,45,94,94,67,54,10,60,76,95,39,96,65,75,30,16,90,66,4,76,4,86,26,91,78,85,18,84,21,91,29,12,91,31,80,11,65,20,30,81,74,19,32,1,81,60,97,57,50,36,29,70,3,49,72,13
12,84,76,67,81,77,89,78,79,44,64,31,33,12,29,37,70,72,91,77,51,70,34,95,81,75,65,82,85,81,32,33,24,61,2,67,40,94,23,59,81,25,96,65,37,11,5,30,39,49,38,50,94,59,81,31,79,13,0,45,44,72,59,75,96,27,85,71,52,42,93,95,68,86,56,92,43,3,29,98,64,54,21,93,57,72,3,92,32,74,78,5,15,38,78,20,54,87,40,28
18,98,43,44,90,86,18,88,56,77,83,63,89,1,87,54,70,92,49,75,3,98,94,67,39,49,66,26,64,17,51,33,39,41,80,35,6,77,64,52,93,80,28,50,57,92,96,19,57,79,18,0,7,10,40,86,72,48,74,47,54,21,43,51,33,87,75,91,99,62,7,76,98,58,26,73,65,70,58,69,83,70,46,16,39,96,23,31,100,33,33,98,21,35,56,100,68,32,72,38
65,44,47,63,21,60,80,5,35,33,52,45,5,31,71,89,87,19,75,21,74,92,92,57,69,8,34,79,6,60,67,26,24,30,77,62,81,37,4,98,90,74,3,76,19,77,87,80,65,73,70,80,29,60,82,29,33,58,10,34,98,14,53,69,62,25,33,81,91,100,54,62,79,91,41,54,3,24,50,85,76,78,70,81,56,59,20,47,15,6,6,51,69,25,69,85,77,18,58,23
45,71,67,21,0,5,44,45,39,80,85,14,15,2,40,28,15,34,14,51,76,40,71,66,46,80,91,89,84,34,23,35,82,72,53,79,29,56,22,47,27,64,97,89,75,53,48,90,100,61,2,95,30,86,5,95,75,99,16,42,18,31,15,20,2,34,30,58,64,59,75,89,38,90,43,21,98,41,52,76,94,25,99,50,84,29,48,22,37,20,26,34,15,40,38,83,8,79,4,41
91,82,85,82,37,100,33,16,20,41,71,8,100,25,75,76,71,9,52,19,48,95,25,58,95,10,86,38,54,75,56,50,93,100,46,100,95,24,88,96,49,80,99,60,36,67,57,75,6,17,37,2,89,31,40,56,55,15,27,1,21,18,4,22,63,35,64,81,94,71,80,13,89,11,10,86,22,37,19,84,8,43,71,65,67,91,54,47,98,18,87,26,38,39,57,56,88,7,20,67
59,51,63,87,54,78,86,29,70,22,40,45,88,87,38,74,24,78,82,27,78,81,3,24,80,50,55,47,99,92,56,18,89,39,32,1,54,95,53,36,40,69,21,31,63,31,25,35,33,100,49,1,38,46,77,70,28,57,52,85,92,40,91,74,14,2,84,19,57,9,12,39,35,87,76,14,77,55,21,3,89,52,59,91,80,6,55,15,90,50,55,1,14,6,68,25,9,24,9,95
27,85,70,27,5,61,88,8,65,31,48,46,87,66,26,55,44,1,74,9,76,7,77,47,50,86,3,14,0,2,30,93,20,45,19,24,7,91,43,66,71,62,75,44,2,77,39,26,71,40,0,55,91,21,37,13,91,5,65,92,30,8,9,37,48,99,86,87,38,6,63,54,79,41,36,4,16,87,33,82,33,10,3,15,44,24,3,48,49,3,57,82,73,29,51,39,44,74,14,40
2,2,52,16,8,28,20,27,96,17,70,31,31,85,79,77,67,73,10,19,45,55,91,30,54,5,66,61,39,79,4,16,9,44,85,76,22,89,18,21,29,97,12,47,57,0,99,76,89,81,47,50,15,2,9,44,54,26,67,96,71,56,9,3,71,28,46,11,67,95,81,79,96,69,24,7,85,27,91,42,51,50,47,77,41,60,68,0,24,13,58,26,49,48,9,86,23,69,41,37
66,52,0,83,68,5,5,25,70,52,85,79,66,10,80,1,45,40,35,55,78,89,62,69,76,52,6,70,43,78,16,30,30,100,93,23,81,95,64,52,11,56,76,43,30,83,95,88,52,5,80,30,91,85,5,22,20,52,79,92,96,40,27,63,20,46,80,30,38,64,77,38,50,60,92,51,43,68,45,37,67,21,52,100,73,100,97,28,27,43,26,35,70,34,84,79,27,75,8,80
58,51,18,70,82,29,29,32,58,21,60,17,57,87,27,30,52,28,89,93,69,20,51,5,76,0,78,97,11,83,5,85,100,4,54,83,67,72,19,54,96,30,20,30,19,49,43,10,74,28,20,36,31,95,51,15,82,31,79,1,87,18,86,9,20,10,51,43,38,53,87,96,46,35,44,66,37,33,60,9,61,82,20,39,76,44,98,78,10,19,25,78,20,85,38,55,90,0,14,31
55,16,74,28,0,75,1,87,63,85,35,55,60,45,95,46,25,64,1,37,2,15,62,24,11,41,49,71,50,56,69,47,100,8,4,29,5,31,38,23,12,83,5,0,68,21,55,19,76,96,19,57,20,6,45,87,92,83,11,56,41,52,48,70,73,92,29,35,65,20,67,83,23,43,72,99,38,6,66,78,97,100,75,28,28,47,18,67,49,51,1,92,41,24,29,60,39,13,80,73
46,23,1,2,51,50,51,17,74,81,49,58,54,86,14,89,65,51,45,82,37,60,63,28,45,63,82,58,18,28,94,43,89,66,91,33,38,26,84,83,86,85,95,85,96,54,95,34,88,53,2,40,66,44,47,12,19,36,65,100,6,93,11,100,6,48,76,22,88,43,38,36,55,24,27,92,14,33,68,79,64,47,64,25,24,62,76,4,74,100,33,29,47,97,84,88,41,6,80,57
55,15,33,12,91,48,91,59,37,20,67,6,29,48,74,3,80,10,49,70,91,15,88,13,36,23,55,75,52,15,37,10,18,36,90,82,72,20,91,31,13,2,5,4,57,49,59,34,11,17,61,89,41,73,74,32,91,53,24,17,3,57,25,23,20,18,45,89,70,39,26,2,89,19,36,27,46,89,93,35,49,18,48,63,61,40,2,77,29,100,47,34,72,31,30,51,94,35,43,45
40,42,53,74,0,47,0,38,79,17,46,43,12,41,89,98,71,43,26,46,90,95,58,92,38,94,62,3,34,82,10,18,38,23,100,74,73,45,93,58,92,96,2,75,32,11,76,90,43,73,64,81,4,80,24,76,28,2,72,66,93,83,64,64,25,30,50,52,98,37,95,4,83,89,35,78,4,78,11,19,92,72,24,92,3,77,53,56,66,88,86,90,76,87,25,35,84,42,13,32
41,20,15,75,64,28,83,14,98,99,15,69,10,76,93,1,21,33,87,5,6,31,25,85,59,57,93,55,96,58,45,96,17,34,48,83,100,41,15,56,22,90,11,2,8,12,42,68,56,7,71,81,95,23,66,59,38,48,5,54,98,26,75,76,93,15,0,40,96,60,86,56,6,4,54,6,61,49,63,4,23,82,69,92,59,24,5,16,11,37,71,10,65,83,17,82,32,39,78,90
54,74,9,94,81,26,20,56,59,86,50,6,18,35,21,3,68,72,52,76,62,71,51,20,92,17,9,45,40,75,43,26,64,7,41,26,74,80,38,23,44,79,77,2,12,62,57,48,47,68,43,45,98,80,21,86,19,81,4,78,90,60,56,97,2,76,95,34,33,95,80,70,80,96,88,18,68,57,9,71,42,50,59,98,12,84,37,92,14,68,90,25,68,37,52,32,43,49,57,99
88,98,80,59,15,67,69,70,27,97,60,13,43,72,84,72,5,41,56,10,78,76,94,77,89,62,20,12,59,5,99,43,34,14,56,0,1,74,71,40,54,87,74,0,92,44,90,18,78,28,29,9,89,47,1,73,9,52,51,16,55,2,73,8,2,12,80,33,55,51,48,12,87,86,91,1,86,1,69,20,76,24,87,74,64,85,27,23,48,31,70,95,32,52,88,99,33,58,75,69
76,3,19,92,64,23,13,53,80,94,67,53,56,38,35,37,68,94,39,67,2,37,4,21,42,1,66,80,27,41,3,9,8,78,41,78,70,5,78,47,41,68,72,38,72,64,71,22,95,63,100,42,87,41,67,50,65,80,73,70,37,90,26,89,70,37,58,89,34,14,29,83,74,19,25,39,62,88,16,93,90,37,77,83,48,76,47,13,24,64,58,19,56,92,55,49,73,58,36,40
56,82,26,59,17,67,54,51,25,78,77,84,66,31,88,78,98,25,12,60,10,66,79,13,47,54,64,56,11,6,71,24,1,95,12,29,15,29,89,71,41,20,100,38,86,54,27,89,45,51,82,38,65,80,82,96,86,89,67,91,83,73,99,48,84,60,81,91,59,78,28,97,31,8,82,70,67,0,61,27,83,73,79,77,35,18,94,38,17,43,85,66,92,53,31,47,22,99,38,49
46,8,93,63,14,53,11,13,99,22,73,65,53,71,70,70,78,10,87,86,81,62,96,60,57,84,2,64,16,91,11,87,50,47,84,4,13,23,47,55,96,80,81,98,98,58,32,21,66,89,11,44,21,51,42,44,39,54,40,25,53,51,94,18,68,39,34,97,94,1,44,10,86,76,60,9,25,19,22,62,60,11,74,5,14,67,22,39,70,91,92,86,71,81,40,95,84,97,33,52
45,72,99,42,57,28,100,69,60,3,66,18,37,2,96,41,76,94,40,44,37,8,26,16,45,81,79,43,11,78,87,67,26,100,14,78,31,79,8,47,36,97,84,92,84,62,33,21,13,22,29,38,49,85,89,37,35,25,56,35,84,94,61,34,28,88,75,43,55,28,71,8,17,63,95,49,19,54,24,8,59,49,68,77,58,42,28,99,84,35,66,58,57,98,35,100,13,50,72,70
27,21,98,76,46,45,35,27,25,68,59,12,20,34,28,37,39,17,83,91,16,82,41,86,86,46,90,49,90,70,19,16,23,91,94,59,34,75,42,40,70,91,84,51,67,52,57,55,19,99,21,58,88,79,31,90,95,46,72,27,52,7,51,22,24,11,5,58,29,87,20,7,9,83,61,0,68,75,43,70,68,0,0,7,32,36,65,23,38,22,37,6,46,88,67,3,72,64,15,26
81,79,92,17,99,74,96,56,69,40,94,91,70,30,87,84,69,49,37,68,11,39,79,63,8,69,15,99,16,30,58,55,47,16,60,18,61,3,91,98,70,26,8,73,59,93,91,81,88,75,6,83,35,80,63,17,81,32,81,37,83,8,28,40,90,85,22,15,63,12,42,45,48,45,67,82,88,22,96,17,37,21,65,8,2,53,34,17,73,47,30,9,47,57,37,14,56,64,93,91
65,79,41,26,95,20,36,0,77,38,95,42,17,58,8,61,5,78,28,89,6,32,13,49,100,24,54,7,10,66,19,82,62,52,93,64,9,79,36,87,62,49,15,62,85,75,26,55,56,96,67,83,54,5,90,43,27,97,71,81,65,15,77,42,43,47,81,48,48,9,7,42,43,50,86,87,7,55,0,55,95,32,4,51,50,8,70,57,76,56,27,35,61,53,5,34,4,60,34,57
63,29,23,63,69,74,100,44,1,91,50,76,61,33,87,31,81,96,67,36,2,13,15,8,39,39,74,97,72,51,57,25,22,32,8,51,83,27,81,100,84,41,100,45,61,2,22,68,14,39,35,82,67,28,14,0,3,80,26,79,83,59,15,56,60,88,19,43,55,15,35,93,12,79,13,4,6,67,85,76,60,93,69,28,39,56,55,42,70,27,3,43,92,23,67,67,10,78,6,63
89,79,12,3,83,28,41,83,27,11,1,7,81,16,9,18,28,2,67,77,98,79,96,91,89,58,48,57,46,2,58,61,90,62,86,80,78,9,98,34,71,79,7,68,60,65,3,91,57,11,34,9,24,49,4,36,20,83,46,44,29,4,20,70,27,74,5,86,53,88,18,12,18,96,54,66,92,63,6,51,7,65,52,96,11,6,4,37,62,37,77,65,86,80,44,33,65,11,0,60
73,91,12,44,24,29,64,32,79,12,50,92,17,11,79,45,96,69,97,38,69,16,96,61,19,5,45,36,1,42,78,22,14,43,98,33,2,66,0,75,61,43,83,8,8,88,53,4,88,0,0,63,24,87,29,2,32,75,64,38,64,20,51,81,71,89,69,58,60,42,44,99,0,59,49,3,99,5,58,61,44,43,34,73,12,2,72,91,53,90,30,56,52,35,64,1,87,87,11,5
41,40,60,56,36,6,16,91,74,38,4,5,85,94,5,84,45,68,12,35,50,36,36,90,44,87,44,77,95,26,42,43,63,56,97,78,58,77,11,36,2,80,67,96,46,94,52,88,6,80,19,51,18,23,99,94,46,25,64,85,46,14,85,16,53,14,81,100,19,5,1,32,28,58,29,15,96,68,81,63,3,71,44,46,51,19,15,9,37,63,22,76,52,81,12,85,25,38,54,9
37,37,2,98,76,44,66,56,30,59,60,2,91,51,100,21,12,73,36,28,74,29,32,16,56,82,10,31,15,71,5,79,14,62,22,100,38,10,94,14,21,63,47,0,78,42,7,67,76,47,52,57,84,81,33,62,63,45,21,62,75,43,19,37,26,13,8,27,12,90,2,26,41,54,58,19,34,64,96,28,79,7,18,74,14,56,64,86,52,48,16,9,69,13,61,89,94,90,98,32
55,96,44,55,99,5,20,59,5,68,2,66,83,86,69,78,68,38,24,44,74,97,68,52,41,81,33,52,54,57,60,56,79,88,82,6,57,74,66,22,6,63,19,48,46,59,91,9,85,41,12,24,34,44,31,1,4,71,95,47,68,14,69,29,24,20,77,10,50,78,50,26,43,15,71,81,61,34,48,43,22,62,25,13,10,13,62,68,92,70,71,86,18,12,5,20,100,29,44,63
82,5,93,58,29,33,15,18,7,98,76,40,37,96,81,80,58,16,60,1,100,69,28,41,56,72,65,32,64,72,45,66,28,77,20,97,41,80,73,60,60,75,91,65,78,38,96,31,7,3,16,14,60,20,81,52,71,36,71,96,75,34,82,81,1,95,52,69,12,15,41,64,31,87,84,48,97,85,72,88,40,2,44,83,70,13,84,23,26,30,15,71,42,81,88,23,34,7,63,10
76,42,89,28,35,9,13,9,84,14,6,32,5,23,92,93,22,26,36,54,15,38,52,57,37,11,2,84,52,3,41,28,31,92,31,28,16,50,13,5,15,70,61,1,93,50,55,2,13,62,48,100,9,10,90,32,28,30,85,93,48,11,14,37,60,61,22,74,86,62,26,7,98,20,22,57,92,49,24,5,24,86,79,31,62,45,6,35,87,76,31,54,8,75,54,37,1,77,11,64
32,29,96,43,20,22,43,72,75,0,70,31,57,78,96,73,91,38,77,9,69,82,33,33,99,37,35,39,77,67,29,62,3,90,69,24,22,19,55,16,19,16,49,13,80,34,73,73,8,51,75,71,8,7,25,11,48,41,21,27,93,8,6,51,63,37,42,40,40,25,5,16,20,62,23,10,17,74,3,39,12,13,39,8,29,52,22,61,68,72,89,92,74,60,24,8,85,10,21,75
13,51,51,59,75,69,30,36,27,75,36,25,36,93,81,69,51,28,5,88,15,100,70,20,43,68,77,62,49,30,91,21,0,27,13,68,72,51,21,92,20,59,99,26,20,18,82,22,38,74,63,41,88,20,51,95,23,94,93,68,38,34,99,29,75,6,19,1,70,70,91,72,8,95,97,28,80,56,26,11,55,70,15,59,34,66,88,62,75,83,38,48,85,60,35,17,14,96,31,64
20,51,60,95,95,77,69,95,18,54,82,90,35,48,11,55,85,7,85,18,7,51,58,40,100,29,37,18,91,91,49,31,27,30,83,83,9,29,52,82,93,54,3,5,80,81,77,9,54,53,20,48,19,34,49,45,85,17,43,78,50,45,5,84,28,22,88,13,27,44,57,91,44,31,82,1,80,37,77,8,6,5,59,78,1,68,9,45,52,97,26,31,91,22,61,100,99,28,46,50
35,24,56,18,76,67,51,5,93,86,4,1,34,88,10,96,75,7,73,83,9,88,26,0,25,30,24,45,70,60,96,92,65,95,38,46,86,66,4,8,97,80,89,85,56,45,22,27,77,40,95,88,14,71,84,33,76,26,20,33,12,12,82,78,9,50,34,42,37,41,11,45,63,69,37,35,91,12,41,74,21,96,0,95,90,40,68,34,80,74,0,98,51,26,81,56,89,3,76,19
50,9,53,1,80,40,82,100,2,72,30,55,5,78,54,21,35,21,57,98,6,16,0,17,65,42,27,87,3,39,25,13,47,98,55,0,89,1,83,68,73,28,26,63,32,31,11,79,3,59,64,82,85,59,57,13,57,21,77,16,53,4,78,43,71,52,48,21,7,17,70,23,31,6,62,83,4,98,25,99,42,19,40,35,44,89,68,42,99,22,61,30,75,15,45,89,79,2,58,15
54,25,99,92,84,1,88,3,15,98,64,8,97,57,20,25,14,39,61,58,1,19,74,7,48,54,83,83,52,89,85,71,14,0,23,32,1,64,26,12,57,30,7,27,62,51,83,66,98,98,56,27,86,69,94,96,98,39,91,8,25,49,47,43,43,44,36,97,45,46,63,67,25,100,82,92,7,29,79,55,73,46,71,71,4,68,96,59,60,59,34,77,45,14,55,74,98,27,87,53
3,65,15,18,76,29,24,67,48,75,98,73,48,87,55,0,77,80,7,38,57,69,91,7,97,16,52,99,23,10,67,31,83,38,29,21,76,72,48,93,72,10,73,19,48,5,70,26,9,80,51,77,60,40,33,99,67,44,39,88,59,34,16,0,47,62,15,8,6,14,47,7,64,31,52,89,37,39,20,51,79,61,90,17,86,4,90,54,63,71,39,18,92,33,32,45,82,24,95,45
19,24,79,58,46,98,87,94,70,92,1,10,3,3,50,77,95,76,10,2,48,35,51,35,19,92,36,65,84,87,57,13,83,40,33,21,31,53,2,2,46,8,5,24,43,29,53,94,21,2,92,39,41,71,13,29,47,12,24,64,81,72,100,68,9,90,50,35,2,35,10,25,58,65,11,85,30,98,6,53,7,32,100,41,73,32,93,80,84,59,42,90,72,64,30,53,97,52,16,61
2,54,27,43,61,14,65,80,13,23,30,43,94,8,1,97,64,39,32,21,46,5,83,29,97,67,30,0,53,46,72,35,75,44,23,11,56,11,7,24,80,72,90,76,6,81,20,59,12,78,57,66,79,8,1,6,62,8,27,66,50,23,10,49,2,35,12,98,14,16,52,71,34,0,73,35,6,52,23,16,47,88,31,84,91,1,37,47,77,32,22,16,48,93,63,73,9,43,64,51
58,17,6,71,75,86,39,40,95,41,100,39,15,9,93,44,93,4,44,74,13,68,87,96,67,34,41,61,46,40,94,15,20,99,35,76,75,2,93,64,59,58,88,69,81,99,68,51,3,48,32,23,24,99,63,54,12,4,70,56,52,20,22,36,28,11,77,24,77,94,71,32,63,57,3,39,22,29,67,84,73,82,49,41,56,51,14,72,28,93,47,17,20,32,1,50,85,64,57,2
14,22,47,90,63,32,34,37,73,0,42,72,93,3,38,45,48,56,96,65,54,63,75,83,20,61,6,79,64,2,72,24,39,49,50,54,64,78,68,34,37,33,75,60,34,37,57,66,21,98,16,41,47,21,68,69,63,100,79,16,21,32,89,95,22,51,7,34,38,87,4,31,7,31,34,83,37,35,60,48,49,10,44,26,10,22,87,78,73,27,24,78,99,53,82,61,75,72,32,5
25,91,78,84,91,87,42,62,28,77,41,57,63,14,17,72,23,1,4,64,58,73,5,52,5,70,80,52,3,100,23,80,69,87,74,93,72,63,0,72,80,37,71,72,11,40,5,62,24,2,88,68,4,83,52,56,45,26,67,81,8,64,99,69,96,73,61,3,86,41,25,72,46,20,47,96,1,99,1,73,54,38,5,16,95,8,46,95,17,3,1,27,100,76,2,89,27,69,96,85
73,97,27,18,91,16,53,39,36,36,65,90,69,58,30,41,68,75,2,72,35,73,54,53,85,78,98,41,56,11,13,65,40,35,58,91,53,71,15,46,87,88,21,15,6,73,2,9,92,99,23,27,74,6,60,64,42,67,75,29,48,24,47,35,92,89,44,22,37,72,65,57,45,50,37,99,6,59,94,27,77,6,73,47,50,54,19,48,62,9,81,61,56,42,89,74,73,16,57,73
96,20,74,21,73,25,32,60,90,46,59,8,41,68,59,60,86,16,26,46,76,9,30,26,27,92,1,70,100,83,72,66,64,40,12,40,20,37,78,11,78,13,76,73,81,19,23,4,26,80,69,2,5,66,96,15,91,13,59,40,46,18,33,15,76,87,3,3,84,11,61,56,49,90,100,26,29,66,87,18,73,23,49,96,5,19,20,16,76,12,48,2,77,4,67,63,78,24,60,83
36,38,66,15,59,17,91,85,74,21,92,82,86,55,55,13,93,20,58,27,38,39,86,96,80,79,18,73,1,100,67,76,63,83,42,51,81,22,32,41,89,43,94,14,58,88,3,33,5,88,19,90,16,54,76,74,14,38,48,50,43,76,49,42,41,26,66,11,44,98,99,41,19,91,84,53,83,78,92,8,35,7,96,0,91,6,11,11,67,62,56,97,93,97,75,54,32,58,96,9
36,49,7,83,61,76,4,50,59,53,63,71,73,46,4,77,98,77,68,90,5,38,23,79,71,51,29,76,84,68,98,64,36,7,72,79,5,24,22,73,98,23,1,52,60,45,41,76,90,18,36,74,49,17,9,32,26,98,27,22,81,82,81,90,20,93,61,89,96,8,42,97,39,28,72,61,99,29,66,21,32,2,65,85,5,60,54,97,6,77,23,20,65,71,84,1,50,86,8,51
93,79,65,65,83,58,37,99,100,89,98,73,67,28,80,49,5,16,13,21,56,27,72,27,33,5,2,73,94,25,99,23,80,29,12,32,88,19,89,55,39,74,49,22,53,57,92,73,32,65,33,46,3,84,15,64,85,80,80,100,81,26,33,36,19,26,29,92,43,23,99,70,29,23,4,24,2,70,91,23,20,84,66,51,61,18,29,31,20,28,42,34,26,66,20,54,80,10,37,41
76,40,80,69,51,28,17,99,44,92,37,80,9,30,5,49,92,100,30,8,36,30,19,15,0,69,8,80,92,27,27,48,61,21,99,46,40,82,28,6,83,89,51,5,58,72,86,60,71,38,24,23,87,75,62,63,52,0,95,74,95,41,97,89,96,9,2,6,44,8,75,4,18,32,73,81,43,75,10,65,47,44,16,25,94,8,59,95,5,21,95,3,81,73,56,65,94,27,73,54
87,78,74,25,52,48,88,10,15,37,43,96,22,67,1,92,56,37,8,13,99,46,83,13,64,94,74,98,85,28,3,52,54,38,57,32,13,25,100,43,19,8,12,21,77,6,74,12,94,89,84,40,86,46,74,39,23,26,85,94,50,12,30,3,11,46,8,8,7,53,33,97,8,73,58,9,32,76,92,74,33,68,86,49,35,76,58,77,72,100,20,100,22,33,71,32,96,54,56,33
97,84,42,73,90,87,77,77,85,38,76,16,30,32,97,31,39,99,2,22,46,55,20,0,76,54,53,48,78,50,30,86,53,45,39,5,36,42,12,49,57,81,28,49,66,55,80,56,60,16,32,93,68,54,27,78,97,32,7,70,78,90,56,39,95,19,30,78,3,82,74,88,62,81,36,63,66,49,97,25,42,45,2,61,3,58,83,11,96,55,85,26,31,49,8,78,56,14,22,43
86,39,40,64,89,57,14,44,98,7,17,10,77,70,83,3,65,80,4,74,97,80,23,68,27,53,77,38,7,26,25,54,84,79,41,8,48,80,57,74,53,18,15,46,20,22,48,8,40,57,93,6,41,31,13,40,82,87,24,20,50,51,79,55,88,18,80,23,72,91,24,28,56,65,85,92,66,45,12,93,21,10,41,36,88,63,20,92,48,11,18,54,23,52,82,80,94,18,52,33
11,36,81,48,54,80,0,32,85,35,9,15,60,21,40,53,74,61,72,43,79,31,84,36,92,57,60,76,0,64,29,47,28,71,93,99,80,93,81,32,46,45,88,77,62,83,22,69,51,85,38,3,3,46,5,0,69,34,4,22,30,89,92,87,34,23,23,87,35,55,63,58,70,33,96,24,21,22,69,17,84,5,87,88,87,36,31,80,1,100,96,15,18,90,30,75,48,70,94,17
43,98,81,17,99,89,90,14,88,80,51,17,99,25,32,92,61,94,17,74,96,3,71,49,1,97,99,5,7,75,45,0,79,15,50,52,49,95,80,81,70,7,56,50,0,13,77,48,25,82,8,62,39,5,6,99,14,55,84,90,82,42,92,49,89,54,83,46,30,99,74,6,79,19,51,9,63,79,88,9,76,80,59,17,10,82,41,39,73,62,29,42,8,30,85,99,89,61,84,25
3,83,66,85,4,9,37,11,90,15,1,42,85,8,2,49,94,9,12,94,47,21,16,98,85,25,49,68,81,37,12,20,81,52,93,38,59,51,29,25,7,20,36,5,44,80,38,5,2,85,35,85,86,41,91,47,12,79,84,19,32,43,84,5,46,44,74,34,89,10,27,71,4,44,41,99,37,51,80,12,46,20,74,5,43,100,93,59,42,67,41,15,97,1,34,88,96,69,69,4
77,85,43,67,33,30,79,24,76,17,41,7,86,59,95,70,90,64,12,6,63,66,65,93,41,18,100,18,98,1,94,88,88,13,1,5,81,63,25,37,69,50,77,56,20,43,20,69,47,87,65,55,74,25,85,79,62,41,61,47,36,68,67,79,28,89,36,88,89,83,57,2,77,7,75,45,22,2,51,19,45,9,78,91,56,83,11,37,43,79,71,6,23,94,46,68,8,98,49,17
56,53,69,49,85,44,51,58,58,24,3,3,15,6,72,31,92,32,46,59,37,3,99,52,91,88,95,52,22,98,63,47,57,76,72,36,79,29,52,63,80,12,1,23,68,72,94,91,61,11,44,57,63,61,55,53,29,19,94,80,91,76,32,89,30,22,33,15,76,2,62,58,63,5,8,94,48,32,36,64,75,98,42,93,9,46,2,97,8,32,29,70,100,42,83,86,68,66,49,99
37,73,97,78,37,28,52,55,0,72,15,19,89,78,22,51,5,20,15,59,16,2,61,59,74,59,53,38,71,38,71,10,60,28,61,20,70,19,22,39,38,2,29,40,9,57,17,19,45,5,10,66,64,28,99,85,97,81,41,5,64,46,78,56,78,74,82,19,98,24,79,89,76,62,11,57,94,13,64,66,20,70,79,38,35,34,68,26,67,16,1,57,69,53,87,15,10,15,31,36
87,45,59,66,45,29,60,1,64,11,76,45,91,44,46,58,58,6,30,52,19,24,39,25,93,25,92,47,55,18,90,75,43,22,53,8,53,68,95,3,79,13,77,82,53,75,46,30,17,86,57,30,3,40,31,96,69,94,56,49,35,48,13,28,1,68,1,22,52,28,7,40,75,95,53,76,59,19,14,71,31,40,35,96,38,38,88,49,35,6,68,20,16,86,69,46,68,83,51,76
11,94,83,68,78,65,65,74,98,35,74,30,11,56,40,11,25,72,77,90,69,17,35,2,13,88,28,81,77,59,70,12,5,0,9,67,71,69,5,68,38,69,31,17,25,61,74,100,1,98,66,97,40,21,49,26,9,64,88,82,60,22,35,21,39,65,61,74,23,30,30,35,21,59,8,56,68,86,78,87,45,5,28,97,38,39,99,31,52,39,9,59,93,70,39,71,13,16,33,46
98,28,27,13,88,91,67,18,43,99,36,4,77,82,23,39,40,23,46,51,85,96,46,96,41,24,50,76,42,61,20,51,26,45,59,84,98,46,18,5,86,27,23,61,9,87,39,52,27,20,14,71,86,35,48,53,9,65,55,70,73,65,45,71,35,81,88,72,99,79,72,4,40,24,28,65,98,96,32,22,33,80,60,2,20,89,43,17,57,15,67,54,33,99,63,11,49,6,96,61