72,33,90,49,100,25,15,87,34,50,18,50,97,88,38,31,85,52,33,100,90,19,42,15,77,35,86,61,77,53,60,87,28,35,26,63,11,72,43,70,86,16,81,31,44,13,73,79,61,81,60,63,17,91,34,58,13,68,8,81,53,0,43,95,39,3,17,34,30,90,93,81,93,82,28,87,22,79,31,87,22,21,5,39,77,79,14,44,74,70,83,26,18,77,97,57,24,5,55,6
7,5,95,49,86,47,20,32,46,9,64,12,95,27,72,33,75,36,37,26,63,52,6,71,57,78,93,16,84,33,97,85,20,0,51,68,4,68,75,67,28,50,13,39,2,51,25,56,47,82,31,50,70,72,77,96,19,64,48,96,67,24,12,76,39,71,86,95,13,29,67,43,94,91,25,24,58,87,64,72,97,60,71,2,32,84,15,90,21,30,60,95,86,15,57,75,84,83,17,39
15,24,80,40,23,35,93,100,39,75,1,80,3,44,97,53,57,9,4,60,64,15,56,29,10,7,21,52,29,67,100,42,14,68,61,41,2,96,87,71,17,100,36,2,30,17,41,49,29,92,92,95,54,70,40,81,94,67,81,97,13,58,42,63,40,79,93,85,99,95,77,12,23,10,41,78,17,95,87,58,96,97,65,5,24,23,55,17,87,68,71,97,74,32,44,39,13,85,19,34
82,78,28,81,90,54,0,27,29,19,94,69,78,47,36,34,87,17,8,22,68,71,53,96,99,23,25,7,25,73,52,76,67,96,11,19,64,29,21,6,58,42,29,29,24,72,39,98,85,100,25,78,45,72,17,61,65,39,74,3,94,21,54,17,70,99,46,38,11,20,90,4,42,4,20,12,9,24,89,79,22,63,14,93,85,95,44,21,14,43,23,94,71,50,58,76,22,36,3,70
22,12,9,62,47,64,51,90,41,84,55,44,17,43,90,11,8,68,83,48,17,75,86,65,67,94,19,99,95,0,39,67,28,61,40,12,42,4,58,93,48,86,89,66,85,7,17,18,1,15,48,20,11,98,99,38,0,53,88,16,62,11,87,9,18,54,49,16,30,29,15,81,65,48,65,2,4,80,35,62,85,60,12,39,46,37,98,94,75,94,31,38,93,44,74,47,43,93,28,19
10,61,25,94,41,10,39,75,30,44,78,41,92,90,97,33,11,62,48,40,13,13,75,4,16,56,93,33,56,71,78,66,58,87,94,17,64,85,24,7,4,36,28,94,66,66,0,60,79,97,42,77,94,21,57,92,3,46,56,58,39,0,63,49,39,41,27,37,18,87,56,48,11,95,79,36,90,66,92,96,16,26,60,96,55,40,76,4,8,66,48,100,18,66,26,71,37,43,45,84
58,17,45,42,80,82,43,25,50,31,39,5,44,4,74,57,78,64,27,68,55,40,32,99,36,52,55,33,69,4,30,37,59,48,32,6,38,63,27,6,61,99,74,81,59,93,78,69,0,10,100,80,81,15,42,17,49,73,81,92,40,86,25,69,35,79,68,62,55,48,41,43,16,18,26,50,84,7,32,63,79,57,53,34,58,35,50,74,93,96,46,77,80,27,93,82,23,40,37,97
42,17,90,89,92,69,7,63,68,92,62,42,88,26,9,34,97,26,24,33,46,58,90,91,99,11,54,41,32,39,67,27,44,94,8,73,10,62,2,56,69,62,78,0,94,74,60,53,69,45,73,0,49,22,89,9,49,11,90,55,17,9,77,26,13,57,85,92,1,7,14,79,76,49,57,21,27,54,63,23,77,93,73,75,70,73,16,100,29,80,4,33,87,5,92,47,6,93,63,2
86,56,52,46,15,0,61,56,63,28,14,88,86,33,49,72,50,37,7,65,94,36,78,75,53,79,14,21,59,53,12,52,45,24,66,93,97,54,31,74,76,77,79,43,72,42,42,42,19,40,89,76,55,34,20,61,78,28,49,36,82,88,57,37,96,81,31,13,83,72,15,28,61,40,2,85,91,57,98,54,27,0,35,64,44,60,17,43,10,87,7,83,65,24,24,62,69,100,92,37
87,24,47,15,17,48,81,24,5,69,28,29,14,90,13,16,54,49,3,10,83,50,69,25,89,31,87,50,23,34,52,36,88,22,21,14,10,58,77,88,19,100,48,14,55,73,95,95,18,84,83,73,26,47,49,85,11,59,12,44,12,91,86,77,25,35,25,90,97,58,2,47,18,4,43,35,21,34,63,89,15,60,63,78,21,21,84,60,18,13,77,55,73,29,22,74,57,79,44,39
55,31,77,13,93,35,17,13,68,53,91,82,83,1,100,52,43,59,1,76,29,55,67,28,31,8,58,59,31,41,29,63,73,9,58,60,14,27,86,70,89,28,39,5,61,41,74,4,7,59,36,95,8,44,48,89,94,71,54,3,45,88,96,74,29,3,2,33,9,44,19,40,27,12,0,20,68,80,6,12,80,52,52,60,50,92,58,17,39,4,7,29,95,37,4,34,5,78,18,1
23,11,53,64,86,71,56,63,18,94,14,66,23,8,15,19,37,42,41,39,91,53,44,72,51,10,70,65,21,73,80,87,71,30,98,70,82,3,35,19,96,30,78,56,21,36,79,60,13,20,9,33,72,9,76,2,27,31,85,75,74,14,43,26,26,36,0,43,50,4,45,93,58,85,46,2,66,52,76,8,58,54,84,51,13,96,45,93,79,21,19,45,37,25,39,84,7,69,8,21
93,54,10,42,42,25,7,42,45,93,60,17,75,42,62,95,21,70,1,24,10,28,82,77,18,10,93,17,16,60,61,43,22,30,38,19,97,55,57,40,74,98,5,49,67,88,13,13,55,27,27,37,97,85,58,49,65,71,8,18,24,70,40,39,69,50,88,31,73,24,68,47,21,11,42,93,32,48,45,40,72,18,41,18,52,68,4,84,23,62,41,57,0,15,28,44,11,86,21,93
54,9,83,20,6,8,59,28,17,52,5,96,95,7,85,69,32,86,18,69,45,95,74,57,86,70,71,46,70,89,85,62,50,25,99,0,48,5,91,48,6,35,3,26,97,58,24,10,6,49,39,21,36,59,65,89,85,67,100,5,67,52,41,14,61,78,33,88,92,51,89,60,100,74,41,80,62,98,64,8,94,83,58,67,57,93,99,56,17,0,52,55,92,11,53,29,17,29,37,32
56,23,100,36,52,86,75,90,73,91,98,24,57,3,20,28,36,7,52,41,9,37,35,67,99,19,61,47,87,41,93,11,52,23,46,12,43,28,100,58,69,15,69,46,63,47,3,28,2,9,65,17,34,62,49,54,11,15,60,90,91,9,23,12,100,68,76,35,84,96,60,64,79,62,8,27,71,98,18,76,94,52,35,52,55,79,97,30,93,13,72,76,31,53,85,82,33,73,61,61
57,70,25,55,39,78,52,3,90,90,70,21,94,3,6,10,81,26,98,70,33,100,26,94,47,78,51,36,51,12,61,16,90,77,25,43,65,13,35,87,78,8,81,33,41,12,33,9,21,70,75,32,83,52,75,21,54,97,83,16,75,56,59,70,2,33,91,84,83,16,52,3,82,75,17,86,61,50,12,64,38,49,5,97,32,62,58,71,34,94,55,8,58,53,76,61,17,94,74,79
64,75,24,83,86,14,0,46,24,54,62,90,94,73,54,75,61,83,52,87,13,8,57,24,94,79,58,20,98,34,49,32,43,45,15,31,11,99,94,25,61,56,33,99,88,68,5,9,68,92,60,18,68,78,85,40,11,83,86,97,5,93,91,62,30,64,72,58,79,19,7,48,70,93,88,21,27,91,7,14,84,93,19,93,86,70,5,100,77,92,31,63,64,46,73,90,64,86,88,48
65,21,2,9,9,60,2,57,96,8,38,50,10,32,6,0,58,17,85,26,89,89,83,54,49,7,44,38,2,78,47,29,55,80,47,84,40,63,74,3,61,15,75,5,13,21,94,54,93,37,55,93,71,19,93,92,89,55,59,92,3,66,97,67,21,78,82,1,68,16,61,39,5,100,6,73,26,6,92,82,70,42,29,17,25,84,67,82,28,39,19,68,11,55,33,98,29,62,58,76
53,48,24,17,38,75,37,81,64,93,53,43,36,51,77,71,98,3,92,23,3,51,36,93,57,81,26,92,9,25,38,4,79,21,18,29,16,14,98,77,85,87,13,6,90,66,96,65,65,16,58,3,59,61,9,24,90,36,60,67,80,55,30,31,93,100,2,14,75,17,38,44,22,66,44,72,23,71,59,28,54,14,87,84,83,64,82,87,73,92,54,38,36,12,66,55,12,32,17,55
6,35,98,23,39,23,20,36,68,36,4,0,81,46,88,11,45,36,40,75,45,61,65,24,43,34,36,4,90,22,88,40,93,63,96,31,53,50,23,80,95,86,9,40,17,11,4,8,14,55,51,23,54,98,6,6,2,19,10,87,18,95,67,2,44,70,29,93,58,55,6,75,45,25,34,54,48,52,99,82,40,9,32,7,69,89,28,36,14,27,42,96,1,21,96,44,17,17,47,39
87,83,0,80,30,95,90,35,14,90,57,78,19,59,23,52,80,96,72,60,25,56,63,52,55,30,9,35,88,67,54,83,43,10,58,32,42,46,98,11,71,62,66,98,80,1,15,58,41,84,96,93,51,76,5,31,62,8,29,13,20,38,16,6,40,35,91,2,49,88,77,90,3,61,47,4,81,100,84,22,25,72,74,65,70,91,6,76,84,89,41,48,42,40,90,56,1,4,29,15
77,57,66,93,19,51,64,62,35,10,39,31,9,15,40,40,88,35,7,55,18,16,34,6,6,69,35,100,89,99,48,51,44,65,99,68,70,37,35,66,79,36,54,94,62,62,68,20,0,70,74,13,88,49,92,27,21,12,85,21,4,31,42,47,74,16,11,33,35,36,89,7,33,64,72,54,43,33,54,67,10,81,39,58,68,11,83,15,28,46,59,66,19,58,20,4,31,0,9,22
94,70,46,14,34,66,58,1,78,46,15,26,38,6,79,72,35,48,96,96,97,69,25,67,59,92,69,38,37,55,58,79,49,60,57,27,15,71,72,40,42,93,21,88,50,31,60,4,91,28,48,56,85,15,85,24,68,0,96,2,32,35,13,84,61,73,51,10,16,86,67,40,71,60,49,21,15,23,18,25,13,88,45,66,1,86,16,52,64,3,57,9,83,28,46,63,63,86,76,84
32,28,0,16,4,24,4,5,74,77,74,3,26,88,85,45,20,41,63,2,53,3,39,9,85,93,70,97,60,35,36,37,63,99,72,14,49,8,72,64,41,25,46,94,84,76,40,64,83,49,83,53,2,47,66,78,34,46,67,40,50,39,90,6,15,3,40,48,97,0,22,38,10,32,80,64,25,72,61,80,57,64,65,82,46,67,8,63,44,41,8,66,46,94,76,88,74,12,40,63
65,18,71,13,63,32,80,99,39,41,5,89,12,6,43,45,78,81,84,84,68,90,96,25,93,65,7,67,26,88,89,18,39,70,10,76,69,7,25,18,20,17,68,44,58,73,98,15,53,50,14,35,4,92,27,98,58,73,93,1,2,48,24,4,45,46,81,73,85,84,34,95,42,5,96,13,28,34,33,60,76,45,43,85,77,31,18,6,34,3,96,39,7,7,93,40,99,73,85,89
59,65,25,59,64,32,18,13,71,1,90,9,3,4,11,20,58,83,95,46,56,71,0,38,72,66,12,80,41,35,25,28,25,40,99,42,61,21,16,40,36,16,63,7,84,86,57,19,77,3,7,70,76,57,2,3,13,9,81,87,35,12,32,56,48,23,47,38,35,94,27,10,12,77,64,28,33,97,68,87,57,33,93,23,8,4,39,11,98,24,40,65,82,28,9,99,67,10,11,99
96,14,26,11,2,74,52,50,47,14,70,97,27,13,38,62,96,85,90,14,81,46,93,98,54,52,70,28,96,15,27,74,86,20,35,61,6,27,25,57,20,29,83,52,24,57,82,47,96,78,94,89,82,4,34,47,99,53,49,80,80,68,82,52,33,64,9,62,33,23,25,64,57,47,63,58,27,49,5,89,67,28,70,3,0,38,3,35,23,29,64,35,29,76,36,22,66,37,58,40
40,59,10,93,6,39,50,72,97,66,1,10,14,97,26,82,76,12,42,80,41,99,55,9,17,86,60,71,84,82,34,35,71,54,69,90,91,43,61,98,80,75,47,36,60,84,88,96,97,31,73,46,67,3,40,60,57,90,71,72,98,28,37,35,14,62,5,3,89,83,27,19,89,35,52,92,62,44,100,28,68,99,28,22,21,24,90,10,87,76,77,74,40,20,88,31,29,23,1,38
84,29,20,93,13,98,84,33,83,65,34,98,88,51,13,31,29,82,23,19,51,80,7,44,28,96,20,27,18,66,91,88,51,39,24,51,67,14,50,58,34,23,32,36,25,1,69,85,49,59,36,55,2,26,16,71,81,74,57,69,68,4,88,38,81,0,69,14,46,80,28,41,34,98,24,2,3,58,66,3,31,46,82,55,52,68,42,46,61,46,94,87,43,75,88,11,73,87,27,33
56,23,18,53,36,17,97,32,96,84,1,30,43,38,48,65,9,41,42,80,97,58,50,17,36,17,67,7,0,66,36,59,79,81,43,14,19,71,13,67,75,32,48,47,98,100,21,64,67,8,89,83,61,31,89,79,48,69,6,71,72,2,55,97,89,71,30,17,67,3,90,23,65,24,98,92,37,77,77,18,45,99,70,78,26,81,15,78,25,75,9,47,68,61,45,32,4,36,57,45
60,67,11,36,10,36,21,54,62,96,36,6,32,67,25,67,75,97,16,35,28,98,15,88,82,45,8,91,7,55,58,59,2,47,66,36,21,40,56,8,61,14,30,26,82,81,95,80,53,72,10,5,30,69,46,92,78,34,97,1,41,36,12,92,54,24,98,4,6,97,20,9,88,93,37,99,100,58,79,90,97,26,100,77,2,65,52,42,84,37,35,10,53,64,46,66,70,98,4,93
35,91,97,52,89,40,4,17,67,5,100,40,24,13,66,21,39,17,96,37,88,5,31,19,16,74,33,16,55,61,16,53,25,15,89,57,81,12,46,99,1,51,38,31,58,97,24,32,43,31,96,49,39,42,21,24,46,33,46,11,29,5,24,96,94,39,83,87,66,34,41,50,67,99,80,49,50,0,17,18,44,51,55,41,77,3,91,56,39,3,79,11,68,94,49,87,70,84,34,95
1,91,99,95,57,70,7,73,73,63,61,81,40,98,73,39,82,91,62,42,88,11,82,76,1,73,95,100,76,6,71,21,31,32,42,11,43,43,38,92,22,49,17,62,100,59,27,67,33,95,14,59,35,62,63,83,92,16,58,43,29,36,63,55,31,36,3,29,44,58,94,64,54,25,5,70,39,91,24,11,69,62,56,90,46,75,85,38,95,50,70,26,23,74,84,47,69,26,96,76
31,89,29,86,10,59,77,1,75,54,42,87,71,18,75,11,77,27,33,99,8,35,35,21,94,71,32,53,67,69,65,95,7,65,37,96,89,1,47,11,56,71,32,52,43,77,19,79,55,87,36,50,57,63,0,100,1,21,75,71,45,72,73,9,58,12,15,66,12,26,42,20,65,30,5,64,68,15,45,75,43,57,24,80,90,33,41,34,52,56,9,8,62,50,9,43,32,26,22,23
67,21,10,16,40,13,38,84,60,89,92,83,80,7,56,61,42,44,97,57,0,85,44,32,85,33,79,54,78,89,71,97,89,50,30,48,91,75,56,22,77,93,54,10,28,59,34,87,18,83,79,14,58,20,53,49,71,22,97,81,74,50,9,24,16,98,19,79,3,49,60,64,63,33,1,96,26,79,82,99,13,85,71,3,36,76,28,49,20,94,9,87,1,35,65,87,47,56,96,20
97,97,19,60,39,96,38,32,27,53,60,9,47,0,25,29,83,87,35,87,13,96,90,31,66,38,74,66,75,28,82,15,89,59,70,52,15,82,4,60,30,94,88,34,56,26,82,49,15,6,60,55,72,49,45,15,80,65,90,83,99,97,3,61,95,59,50,37,81,23,38,66,6,38,58,39,24,9,4,59,27,34,48,8,34,93,21,65,16,70,0,80,54,38,96,17,61,37,25,62
1,32,78,21,52,45,89,99,8,30,74,24,26,92,96,13,88,26,58,36,62,35,51,63,41,6,67,93,17,26,39,80,61,0,84,93,28,51,40,91,15,70,45,78,47,59,38,63,5,73,91,74,71,38,80,68,2,54,63,30,37,57,25,24,77,80,100,31,33,59,10,72,69,16,38,75,66,49,9,39,16,97,23,20,38,7,44,71,83,32,25,35,79,19,50,68,31,77,70,42
2,53,42,62,10,65,21,96,35,50,95,79,41,60,92,42,68,86,61,99,49,29,63,24,75,61,40,55,8,38,7,69,97,53,87,76,20,33,83,37,74,58,81,22,89,25,28,72,92,5,61,69,90,60,5,9,85,13,57,59,22,27,91,57,44,10,17,30,66,70,41,2,83,76,89,32,21,11,22,64,18,5,50,19,85,23,73,79,3,34,20,0,49,82,38,56,63,76,55,32
14,19,84,46,15,35,92,100,73,27,91,45,32,64,48,95,32,41,34,71,4,25,38,34,78,42,42,62,46,98,80,6,41,64,99,52,17,40,17,78,47,64,1,48,81,44,64,82,3,14,100,65,51,96,84,65,84,95,92,42,28,19,67,51,25,6,47,77,43,85,26,55,50,1,1,76,78,82,60,41,44,9,41,84,95,8,82,72,26,78,12,27,97,90,57,48,76,82,96,69
20,14,5,24,7,60,0,91,35,81,93,23,54,19,92,26,56,20,53,30,65,30,78,7,56,95,43,34,66,21,54,79,38,86,8,38,86,14,45,20,78,91,69,33,91,59,57,77,87,57,77,23,2,9,46,94,4,74,15,41,12,80,59,41,55,9,48,27,67,70,65,52,83,33,20,10,42,19,50,12,98,13,65,20,15,41,98,10,37,80,35,28,77,91,52,62,38,60,61,2
68,86,79,72,88,43,13,50,80,17,18,43,35,56,59,87,38,10,31,68,100,76,36,52,35,18,54,96,17,15,64,10,93,55,2,19,3,14,30,35,60,49,19,99,23,7,77,92,71,37,81,97,81,64,30,63,31,93,31,29,55,70,2,3,66,78,0,97,46,80,96,36,37,75,55,30,0,97,56,50,53,46,96,14,7,5,89,47,30,43,66,71,89,81,5,27,84,25,42,62
85,39,97,51,76,66,95,73,55,17,78,69,48,49,13,57,92,43,82,3,89,16,36,74,77,33,79,21,31,19,85,79,89,72,21,58,75,97,47,35,66,21,91,31,51,97,21,10,87,0,75,3,31,62,79,98,24,76,64,60,8,69,33,10,68,78,29,88,69,89,72,35,69,23,49,42,54,41,92,54,1,74,18,49,51,44,80,24,66,69,42,96,43,27,18,46,61,55,60,43
83,42,68,89,6,82,24,27,39,61,86,40,50,29,44,38,74,74,60,77,82,17,63,31,7,60,55,7,5,74,31,42,31,78,18,78,47,69,31,1,8,54,36,92,6,38,76,27,26,40,18,99,10,71,78,1,62,74,11,14,93,43,34,3,0,100,47,90,38,74,40,2,17,89,33,83,41,91,8,87,72,7,31,2,13,56,72,97,3,52,39,26,56,67,9,76,17,33,55,39
28,83,54,11,65,77,3,44,71,82,33,1,57,71,31,6,98,20,33,8,20,20,70,38,4,13,85,17,77,1,88,59,37,24,35,45,43,72,75,63,15,75,72,3,7,17,79,13,42,13,74,93,38,15,0,77,0,23,91,10,89,11,20,76,58,15,87,64,8,4,25,98,83,62,8,62,28,80,52,95,75,24,5,80,4,60,58,62,60,27,100,77,50,28,1,34,47,10,24,88
77,28,4,9,35,10,64,91,55,7,34,82,68,93,0,48,52,67,60,50,25,43,98,50,49,13,96,38,27,22,100,35,95,17,7,10,12,7,38,61,68,22,9,34,63,29,79,34,65,63,3,5,9,46,29,10,48,60,22,69,72,70,25,43,14,55,34,37,48,48,4,83,16,24,33,58,16,36,65,48,18,80,37,99,66,4,84,33,59,55,69,62,15,1,56,10,13,16,86,46
91,25,87,81,88,48,13,72,44,66,14,67,18,87,98,40,99,17,77,41,7,46,93,31,68,4,100,90,50,0,97,34,27,66,84,96,9,33,62,99,94,2,51,13,44,63,30,34,36,19,10,34,80,15,100,4,12,50,84,8,39,61,63,25,86,50,77,52,73,34,97,23,43,35,0,40,78,13,69,47,3,76,15,99,23,11,12,79,35,41,3,6,25,79,74,8,31,29,55,24
75,56,25,10,82,49,49,36,65,90,85,52,83,99,0,47,83,64,65,23,31,11,88,21,94,13,44,84,77,6,7,97,59,59,45,84,46,17,62,6,71,2,83,52,5,22,38,35,32,0,80,48,36,94,95,69,79,63,86,1,81,42,39,17,100,97,15,97,42,23,70,83,97,53,62,94,32,37,49,59,56,11,52,20,98,57,2,89,47,53,34,24,3,34,97,65,11,94,51,19
86,100,48,5,83,9,10,30,72,80,100,78,0,76,63,86,63,43,81,82,99,72,77,41,36,14,39,43,21,43,77,51,84,0,21,93,50,56,95,41,74,81,93,86,58,78,67,1,20,46,39,27,73,12,70,69,84,82,64,2,37,58,30,4,8,79,1,24,83,44,5,4,40,57,88,51,99,68,20,42,27,65,21,63,75,47,72,18,48,55,75,66,51,53,100,20,18,2,83,7
13,98,67,3,16,47,5,65,86,13,87,79,89,29,37,75,29,92,3,96,33,42,82,92,65,54,16,47,24,56,74,45,51,83,29,87,90,27,47,10,77,2,86,56,80,63,65,1,55,60,64,69,0,46,4,17,13,42,42,56,60,84,32,64,6,96,28,7,48,25,43,0,5,51,47,11,74,15,0,18,63,3,82,91,16,58,60,89,1,98,52,18,10,65,73,91,88,8,10,15
52,30,47,44,35,88,85,97,28,99,8,12,100,28,63,52,63,61,85,40,11,83,68,85,12,39,30,95,7,66,96,62,55,72,62,85,16,57,89,30,30,60,45,45,79,62,44,91,60,1,71,81,8,72,81,44,75,94,41,31,47,41,26,90,42,80,44,82,96,14,77,18,9,5,56,50,23,16,55,12,95,91,6,84,57,41,99,15,98,37,96,31,56,84,92,73,56,52,38,2
47,7,74,61,89,8,11,3,51,17,68,57,92,68,32,68,49,54,50,43,72,56,3,83,26,87,29,60,51,91,30,70,31,15,53,51,6,12,69,41,92,41,23,0,97,20,43,46,19,71,15,38,55,62,29,100,12,50,26,96,39,48,85,9,40,85,1,65,36,87,52,17,54,12,70,17,33,91,91,50,35,93,91,20,56,9,86,73,19,6,31,44,97,24,22,73,70,97,34,79
27,12,36,14,57,5,60,19,62,48,65,1,73,35,83,37,20,79,46,22,32,33,62,31,45,48,93,93,41,58,99,99,86,74,63,26,67,41,57,47,40,98,73,56,19,10,45,46,57,66,76,87,82,23,43,16,88,51,66,87,64,38,48,10,64,52,99,14,36,54,47,35,32,63,53,22,89,56,77,3,28,42,5,32,89,34,54,34,50,57,47,20,60,65,37,85,96,70,57,94
67,52,55,60,54,44,65,0,61,33,59,79,52,65,6,80,33,36,18,44,15,28,17,46,46,55,46,94,27,75,10,5,27,93,90,96,27,56,62,50,33,22,72,3,11,93,15,6,47,27,18,10,60,64,23,95,79,66,75,74,99,24,33,57,16,73,39,94,9,39,94,11,100,74,37,52,21,52,87,58,92,68,52,48,55,39,83,49,6,14,88,57,68,60,18,24,80,37,84,15
34,33,17,35,88,70,93,40,46,77,38,13,67,55,93,90,83,31,90,35,30,41,65,0,83,59,59,10,85,47,94,98,66,38,46,68,32,52,60,1,38,73,17,31,3,96,12,78,98,18,95,2,38,37,99,6,21,17,61,87,47,92,68,46,3,19,81,48,40,21,65,65,65,43,73,78,29,32,13,51,85,5,4,14,31,91,63,33,65,60,3,48,85,49,17,42,33,40,87,58
95,12,83,99,76,60,5,13,58,23,63,84,3,56,33,27,95,74,60,0,69,75,73,72,41,89,99,65,48,92,11,50,39,54,22,62,81,66,71,1,93,97,95,21,19,70,93,85,86,13,78,90,68,62,31,94,69,9,69,66,63,54,44,68,21,55,77,26,75,43,50,27,30,64,26,85,42,12,42,37,56,8,54,61,87,71,72,52,83,78,97,54,74,53,46,50,54,76,6,25
81,56,1,33,96,5,92,76,43,60,73,12,20,40,87,34,15,18,71,56,11,37,71,45,5,94,69,29,60,36,97,38,80,16,59,96,90,51,86,55,34,39,12,67,25,6,4,19,92,17,48,71,78,42,38,21,30,91,72,67,64,87,24,39,33,52,91,65,16,64,70,82,3,62,67,72,47,47,7,68,33,24,31,68,97,52,78,16,35,44,46,4,90,51,59,93,7,73,70,21
40,26,55,79,64,64,55,86,84,75,8,32,28,90,83,40,58,45,73,46,51,61,19,50,85,28,31,89,76,23,62,89,68,86,5,47,49,89,50,68,60,51,77,53,68,93,16,17,76,20,99,83,77,10,72,50,60,100,43,35,20,74,39,16,32,11,50,100,91,58,78,82,85,89,68,67,56,74,58,18,79,21,7,3,46,34,8,83,24,53,97,75,46,29,16,5,84,90,74,31
43,94,27,82,96,82,73,100,12,68,53,30,25,33,44,69,13,71,14,35,48,34,11,77,34,5,53,84,48,98,94,44,20,18,63,94,60,16,62,1,72,0,8,25,48,15,10,34,88,48,69,88,35,49,95,96,52,7,83,18,3,0,19,29,83,76,10,54,99,10,11,36,26,5,45,15,63,70,82,27,23,89,62,1,34,12,0,54,74,47,16,94,38,22,71,10,4,46,31,98
69,40,12,65,33,3,16,16,79,10,96,25,8,41,60,35,74,61,67,31,70,52,72,93,96,98,14,17,71,32,69,99,81,87,22,27,60,24,52,64,33,49,78,95,6,28,81,37,10,90,17,98,80,85,92,96,56,44,31,64,4,1,30,33,81,19,19,16,83,30,57,85,23,99,50,99,89,64,36,28,73,17,34,68,95,8,7,69,47,3,51,97,56,43,29,66,61,9,58,52
34,43,49,13,34,76,32,2,39,86,32,64,29,47,15,3,49,19,74,38,1,58,54,18,72,5,35,17,18,26,60,77,26,82,17,30,68,50,52,61,62,49,33,72,44,28,34,14,56,30,92,36,32,41,91,83,35,69,86,69,20,56,17,12,64,50,58,77,7,2,24,34,55,40,27,17,6,28,3,79,38,11,38,53,13,94,0,67,43,63,25,90,37,84,100,44,7,86,25,74
43,65,0,28,86,77,63,66,98,33,93,86,17,41,27,8,60,24,34,13,95,92,59,68,60,18,76,50,22,79,49,64,9,60,67,59,7,100,62,93,100,31,89,12,33,12,50,92,89,19,33,4,97,17,89,69,43,23,16,81,62,48,14,67,63,63,78,50,79,57,78,41,84,6,30,65,90,15,35,59,13,10,21,78,46,27,42,2,37,100,45,55,95,10,14,94,73,23,62,75
15,34,5,15,49,83,94,64,5,95,89,19,5,40,21,32,100,19,82,100,37,32,81,99,62,17,58,39,19,68,20,76,9,75,93,0,75,14,47,51,44,18,1,35,32,32,44,84,16,92,34,32,98,13,53,32,84,4,7,95,25,40,62,23,43,67,19,14,99,54,78,92,88,60,34,70,31,42,44,44,34,11,66,92,47,80,56,26,18,91,23,68,17,87,79,45,75,12,40,86
71,57,79,75,45,94,15,100,66,91,14,8,20,78,96,65,60,91,71,9,1,85,2,15,45,75,16,76,78,14,63,87,61,39,44,58,42,31,17,83,28,73,92,74,18,52,67,68,45,67,31,4,2,89,60,60,66,97,90,80,14,14,4,96,37,45,98,20,32,65,10,49,20,8,54,73,100,29,62,59,76,63,54,25,87,21,88,57,13,37,91,14,64,25,53,96,77,1,45,28
91,74,18,39,99,35,83,40,22,31,91,64,22,25,58,31,94,22,84,52,42,93,17,39,31,54,86,27,55,29,20,7,81,63,34,73,74,94,7,78,73,79,26,76,16,84,63,46,66,5,92,74,55,59,93,35,37,74,80,41,2,84,94,68,78,12,58,49,45,90,21,17,6,13,99,74,62,42,47,72,54,92,31,48,96,55,98,22,65,19,40,49,33,63,21,45,33,40,37,90
91,17,97,98,99,88,26,90,99,29,76,40,63,58,79,26,31,45,37,54,17,35,65,69,42,16,15,76,5,96,62,89,35,76,64,20,4,32,81,8,62,85,57,56,70,84,65,77,25,34,90,91,76,59,59,31,62,82,58,19,71,62,17,97,50,99,2,89,21,74,37,17,89,88,76,93,75,76,86,58,78,14,91,73,53,74,48,20,10,98,11,51,14,100,83,68,63,21,79,12
10,3,56,68,16,1,64,36,29,89,90,82,15,30,22,8,50,89,31,75,45,58,89,24,43,3,59,46,26,81,26,23,47,25,31,1,20,29,96,36,72,73,52,4,89,28,56,3,12,8,26,15,7,51,70,31,75,2,62,25,0,20,78,61,30,49,84,72,87,95,85,40,1,46,45,92,34,57,7,52,0,95,94,34,16,77,46,34,38,90,15,70,21,46,40,62,64,23,76,30
100,57,33,10,95,78,99,93,85,8,75,62,24,45,0,5,1,54,50,98,53,97,100,45,30,100,47,91,41,23,25,92,12,98,17,32,1,88,39,80,47,54,1,34,20,53,66,65,42,42,8,59,33,29,97,26,4,70,89,60,50,31,36,17,11,94,41,4,47,91,87,5,56,1,92,60,12,23,6,92,68,37,73,47,51,39,63,69,92,27,36,95,76,59,47,23,33,73,79,10
83,35,64,87,72,37,29,90,2,71,74,81,2,61,53,33,52,79,100,32,24,10,13,79,5,8,35,100,55,57,76,58,64,76,34,20,96,47,3,53,90,50,65,34,40,90,48,70,96,13,57,89,98,8,96,89,85,46,51,10,24,73,79,7,37,92,82,91,24,14,11,90,97,33,16,7,41,88,93,43,68,21,73,21,33,35,76,13,5,48,81,57,59,75,71,73,83,35,60,91
46,92,49,39,94,21,76,14,90,92,65,32,84,56,65,31,48,20,82,93,55,11,71,14,85,73,80,31,10,40,56,36,59,52,54,98,64,18,72,83,98,81,85,8,39,61,68,19,99,8,40,82,53,54,47,34,90,51,81,93,67,83,2,22,28,82,72,24,66,39,60,65,16,76,65,90,75,21,91,37,50,57,100,37,35,10,42,57,14,94,10,78,68,76,72,42,6,37,1,41
8,10,15,58,24,9,47,42,41,88,16,41,47,15,99,40,36,38,97,3,62,57,75,29,89,9,36,26,64,36,16,83,0,37,90,45,82,19,38,90,32,52,82,24,86,62,52,36,2,24,88,78,33,36,80,1,33,54,15,40,13,77,32,54,45,63,44,41,71,25,15,1,82,94,66,82,47,58,32,72,92,97,91,69,50,47,11,57,88,10,85,72,81,16,79,34,95,54,15,73
16,43,78,75,29,15,70,8,77,99,43,100,72,8,61,4,51,99,29,93,20,3,12,61,83,29,94,58,1,49,46,49,81,57,48,44,40,13,82,81,9,76,1,20,69,66,20,54,10,91,71,76,88,47,59,89,15,74,40,18,15,97,24,20,48,93,67,92,56,36,99,18,38,20,21,32,85,33,0,11,55,36,44,24,90,43,87,52,4,74,81,6,7,1,8,56,85,99,83,78
90,89,47,90,99,27,99,4,5,64,90,38,95,29,73,87,44,82,16,98,23,39,62,68,41,9,37,66,44,35,34,67,69,94,45,36,55,28,32,43,49,7,96,39,33,31,64,15,28,29,5,70,60,25,30,96,34,35,22,33,43,18,3,49,41,98,24,42,71,44,38,75,93,33,39,78,13,24,69,8,56,46,86,63,54,94,87,2,25,92,89,8,84,69,3,37,33,45,48,24
56,55,39,71,16,61,70,43,68,90,63,47,67,23,38,28,63,9,54,8,22,59,48,25,55,51,71,24,82,54,92,7,94,97,83,37,53,12,19,95,100,82,90,42,23,82,60,14,43,20,51,87,22,17,13,12,50,60,61,88,22,45,49,86,30,49,98,21,72,77,88,9,77,39,15,56,54,95,66,22,44,86,93,30,89,63,97,84,78,72,10,19,77,89,9,46,76,14,79,25
3,9,15,49,17,55,14,7,0,2,79,21,37,10,45,11,58,75,43,66,66,2,39,44,86,87,66,42,10,38,95,28,60,8,75,66,71,35,18,19,77,89,89,95,64,6,59,25,59,93,90,77,44,26,78,89,100,54,12,76,74,28,0,64,17,86,96,99,43,73,40,28,3,3,34,97,40,18,84,56,94,19,25,9,96,37,75,36,5,53,7,13,43,81,71,53,54,41,41,40
87,66,89,54,91,2,93,54,53,77,36,16,29,9,59,96,46,76,86,63,98,98,2,23,68,10,24,29,90,12,11,55,17,69,60,6,30,88,1,98,31,75,34,72,23,54,84,35,0,100,95,93,42,13,6,28,68,91,80,57,89,93,84,44,72,100,28,40,17,6,9,100,99,67,96,11,59,60,62,59,24,57,17,32,79,40,33,48,28,50,13,2,33,43,62,82,80,77,33,51
43,77,8,53,88,67,32,73,62,62,37,11,10,63,12,23,96,34,11,18,98,19,22,82,68,12,80,62,57,15,49,65,34,27,65,7,55,37,37,21,32,50,5,60,27,74,85,33,34,42,64,90,26,90,63,85,93,70,47,4,30,16,69,84,87,47,13,31,19,27,34,24,71,73,10,72,19,39,80,3,27,10,97,69,17,48,47,86,36,33,50,88,5,61,6,76,26,20,60,93
69,56,30,78,5,31,82,23,90,1,25,50,1,38,74,79,2,32,68,73,43,72,2,0,62,87,35,62,5,47,36,69,17,91,0,89,78,71,100,28,98,91,31,57,2,7,56,74,88,70,55,96,66,58,84,29,91,97,67,2,11,20,14,69,96,66,7,60,59,98,28,43,48,11,28,30,81,69,14,79,49,85,84,16,66,51,90,8,70,94,1,83,82,44,21,3,100,83,31,54
25,95,65,77,59,26,27,34,67,94,45,16,9,2,72,81,95,12,28,16,89,4,12,44,81,46,28,43,17,44,35,28,8,20,6,87,7,18,81,36,56,3,48,6,16,8,30,94,61,75,9,32,33,14,52,59,35,51,92,89,49,48,82,51,1,68,52,78,28,1,69,53,23,56,67,25,29,58,25,23,31,46,90,21,26,0,51,22,28,88,11,27,40,66,67,63,4,91,60,18
31,1,67,45,47,71,96,63,50,95,12,22,12,91,66,27,89,19,22,78,49,5,29,9,30,24,65,18,60,94,35,96,42,17,54,37,60,79,0,3,47,28,24,17,9,20,9,19,97,46,81,93,3,77,54,81,50,68,46,37,83,70,65,66,69,53,16,38,71,34,44,65,7,32,0,61,52,12,85,13,36,12,82,87,65,1,82,4,6,28,3,10,77,15,100,32,11,60,37,45
24,95,26,91,82,62,53,39,21,34,99,70,5,55,63,84,23,56,1,32,37,69,38,76,6,76,5,71,52,46,85,34,28,39,39,87,69,69,89,87,40,80,52,40,30,39,96,99,89,88,82,55,75,82,98,10,55,38,41,25,99,58,15,91,54,62,55,42,89,61,94,58,47,5,73,88,74,45,67,56,39,7,22,88,28,39,5,52,19,70,43,40,23,14,11,87,86,42,53,11
30,4,100,90,57,87,86,3,95,54,70,45,84,25,91,42,21,12,15,93,67,18,70,70,93,8,98,77,16,26,44,9,8,50,88,29,80,52,45,39,24,16,67,65,31,68,61,41,65,23,92,86,79,12,78,59,7,46,27,20,21,17,66,52,67,8,26,32,50,84,36,90,8,1,76,17,69,16,90,82,98,75,54,58,29,32,97,16,27,54,75,44,2,99,2,44,2,20,64,20
26,84,75,14,87,2,89,77,23,12,30,27,74,82,32,88,45,39,52,3,82,69,8,6,69,45,66,86,93,95,72,9,5,86,14,1,71,83,85,47,50,42,14,80,83,84,34,84,62,46,81,39,41,66,75,85,51,26,45,78,7,64,1,2,86,32,8,45,54,39,23,65,60,16,16,61,6,4,5,88,10,99,51,13,86,96,6,18,61,12,78,51,1,100,44,83,82,1,21,76
43,4,95,95,38,51,0,46,39,47,9,51,51,6,77,71,56,45,37,91,77,60,66,58,52,87,4,10,5,83,21,62,70,87,52,72,39,16,68,23,23,89,61,45,23,18,93,40,7,46,27,99,45,43,82,68,39,71,79,25,100,91,12,65,12,9,30,45,50,8,43,81,51,64,71,73,90,93,77,10,73,23,18,94,90,99,98,12,86,99,50,47,86,65,57,77,49,13,37,64
92,17,45,21,3,79,33,93,41,69,0,91,31,78,93,60,66,2,92,76,51,13,32,21,78,80,63,18,67,36,8,90,11,1,90,83,32,57,40,85,84,70,14,4,63,76,28,18,72,61,84,22,40,64,68,18,27,30,28,60,57,0,57,62,77,59,79,46,94,1,8,66,63,84,2,60,4,6,23,61,95,50,96,57,85,77,71,79,95,12,74,48,32,78,53,78,99,9,95,9
99,54,58,21,68,17,22,70,3,86,47,44,1,33,65,6,52,65,33,75,12,67,6,72,72,83,97,48,65,57,61,2,70,81,14,62,100,8,52,36,37,82,35,76,98,86,58,53,10,23,13,20,54,27,10,48,38,32,87,72,94,58,66,11,53,62,25,17,16,36,10,51,68,43,4,69,93,25,34,72,43,52,5,68,26,7,68,27,82,21,25,91,99,6,13,38,52,34,92,75
2,78,46,59,28,79,3,13,34,87,43,63,44,38,34,80,23,45,19,82,1,6,6,28,64,16,97,17,30,2,82,63,70,45,86,95,38,82,31,61,6,33,93,13,6,72,25,72,38,41,92,13,6,45,57,65,38,54,74,65,4,46,47,100,26,83,20,23,8,40,99,52,77,78,3,90,10,8,53,35,57,63,54,42,100,92,9,66,45,84,85,48,31,75,65,8,60,75,80,46
47,56,30,41,55,86,96,5,84,24,11,22,35,92,25,60,15,71,58,82,21,88,10,93,52,24,14,62,82,65,8,76,65,86,87,100,81,1,92,16,0,95,28,10,47,90,86,56,89,14,93,44,18,76,34,24,78,6,85,84,82,32,65,51,48,34,43,35,70,39,5,16,13,22,11,88,98,79,5,80,93,98,44,55,76,77,23,27,27,48,82,32,67,1,76,3,65,96,97,96
74,18,79,34,64,22,72,74,89,64,22,71,18,98,57,33,57,9,87,95,58,64,8,63,55,90,33,27,1,48,63,28,94,86,93,14,47,49,44,99,38,16,100,95,4,60,67,10,63,22,54,29,28,83,49,35,54,46,77,19,57,56,45,88,27,72,46,25,39,53,81,94,38,57,49,4,73,56,24,19,49,35,61,48,92,54,2,40,64,11,22,74,86,49,77,68,27,71,95,81
95,86,57,48,15,6,60,84,30,74,78,18,53,55,96,17,47,44,85,2,89,67,19,41,15,78,14,81,60,21,47,12,96,70,47,94,63,86,51,77,54,41,29,83,22,33,93,93,93,61,52,53,61,62,1,59,26,89,87,98,23,70,90,40,6,3,19,0,66,10,75,23,40,94,59,17,32,89,47,14,86,11,87,31,63,3,62,21,14,25,11,55,44,74,92,65,89,29,47,65
25,90,40,88,80,97,16,78,4,39,51,46,0,24,3,93,1,93,59,73,36,97,36,34,43,26,22,0,6,61,76,1,66,66,58,96,38,87,44,4,95,13,82,62,30,8,64,22,85,65,75,6,40,40,35,28,99,19,96,87,32,40,3,40,25,92,12,33,19,2,86,6,32,90,37,30,28,1,30,78,79,78,5,60,36,17,61,78,57,23,35,49,75,18,56,11,14,65,62,36
63,23,35,44,8,55,9,19,95,41,68,62,69,62,23,91,27,74,99,95,17,10,32,84,48,77,30,12,4,32,50,45,8,74,90,7,46,24,65,18,21,84,39,48,70,56,72,69,88,75,7,15,23,40,50,12,93,20,79,11,41,7,15,17,72,8,49,42,36,96,21,13,70,47,95,40,18,57,48,68,96,96,54,0,74,70,71,52,59,74,21,88,59,86,91,84,72,76,24,55
31,8,38,55,59,95,63,73,89,84,40,89,31,9,11,94,2,7,85,15,3,99,87,60,71,14,26,47,61,93,31,100,54,63,17,50,18,69,0,69,40,78,100,0,49,61,48,40,27,23,34,86,11,77,30,85,90,30,90,33,20,34,23,80,58,64,58,93,25,82,27,91,41,45,94,31,82,20,74,65,29,91,75,48,24,98,29,99,42,46,92,45,31,69,10,46,92,78,47,80
41,63,13,85,67,85,38,41,44,91,12,26,97,66,1,69,50,60,47,35,64,66,55,0,15,88,43,47,70,88,88,26,52,38,55,13,92,65,40,52,12,51,21,86,52,74,28,63,26,40,89,26,73,27,3,100,100,86,87,86,16,80,70,46,93,40,14,10,62,55,48,23,87,77,38,2,25,94,25,95,92,0,93,9,77,91,27,55,67,84,16,94,50,87,91,60,21,31,4,63
12,98,100,26,60,6,36,43,26,29,74,26,88,71,52,1,57,5,50,56,71,90,15,37,25,92,50,16,8,73,6,27,45,54,54,63,70,15,27,45,45,22,80,81,67,43,8,25,37,84,53,2,49,62,59,84,44,64,52,51,4,7,21,58,55,43,92,78,77,84,30,47,48,34,13,97,93,51,78,36,11,56,79,51,98,68,83,31,41,54,54,40,47,2,12,66,56,38,93,100
47,76,25,98,97,5,23,92,0,89,30,26,96,76,59,88,8,16,51,55,93,25,70,94,50,28,43,54,97,9,92,71,6,34,84,23,35,49,59,90,87,56,91,91,91,57,99,85,81,64,9,89,33,2,19,55,63,34,43,15,60,94,41,90,61,56,10,31,44,83,92,57,87,43,18,14,98,59,86,39,14,79,88,91,80,35,99,52,22,41,24,53,87,25,64,85,88,86,37,96
2,68,46,95,37,11,12,93,84,79,82,57,69,51,14,42,75,100,9,36,85,82,67,7,41,70,47,95,87,2,52,31,78,3,59,98,48,18,93,52,97,40,13,34,67,70,44,67,24,100,79,82,89,19,19,30,47,99,29,55,83,48,89,75,82,68,98,9,100,55,57,56,61,63,7,67,85,34,97,58,79,36,97,59,79,23,79,57,3,14,82,16,47,40,53,50,8,87,28,93
34,58,52,46,2,14,65,48,93,8,24,81,9,31,15,82,47,63,27,100,40,96,35,47,74,35,11,8,87,82,83,41,90,41,74,43,25,68,43,49,87,44,34,85,88,82,79,5,52,58,33,48,91,19,66,79,20,89,93,36,82,48,36,83,95,45,12,8,64,66,73,81,5,31,93,94,1,25,36,53,99,27,3,25,9,82,32,19,94,47,92,40,18,47,31,80,80,32,10,28
6,0,83,47,26,70,57,21,24,49,37,19,15,86,0,28,92,56,86,55,8,16,38,37,92,17,56,61,31,87,38,70,90,32,90,44,89,25,20,99,11,26,36,100,32,65,60,7,71,85,92,35,100,99,50,48,58,80,72,41,80,20,78,13,53,41,41,51,9,47,64,61,48,32,74,90,84,4,32,54,11,32,8,66,75,96,94,71,11,88,49,53,27,37,55,11,60,73,45,87
63,100,49,45,8,65,98,14,63,39,14,38,50,77,90,2,98,35,88,11,41,100,15,100,29,40,4,38,28,51,20,19,29,77,45,60,82,52,60,11,47,36,21,33,91,46,95,43,13,64,99,100,95,23,74,17,88,1,7,38,58,84,50,82,66,24,2,98,56,66,19,96,100,30,37,89,6,86,7,17,34,93,65,51,77,64,94,72,29,32,2,77,46,60,73,36,52,66,48,72
92,80,99,50,7,48,25,24,75,76,38,6,74,6,9,45,3,95,86,32,78,51,2,80,36,90,80,19,93,55,52,97,55,66,62,53,4,4,60,15,13,67,67,36,21,33,84,6,1,54,56,10,69,11,0,55,96,2,59,95,17,63,52,55,47,5,31,16,75,58,50,72,94,8,93,30,40,70,99,9,8,43,4,13,15,49,73,8,21,2,21,21,47,13,20,43,61,58,28,90