95,17,40,89,84,97,15,50,51,74,19,93,91,1,84,79,11,79,65,61,79,78,2,100,20,59,40,88,90,41,25,42,23,83,58,79,50,13,32,27,71,87,10,0,52,47,20,70,2,76,37,5,66,86,71,86,45,4,32,33,68,98,47,25,97,33,73,83,77,49,3,54,24,2,1,87,36,65,43,86,37,85,58,42,93,59,59,14,80,33,40,39,88,7,93,84,2,60,60,42
93,81,6,34,18,31,59,31,54,33,100,20,42,79,96,84,92,100,78,57,96,15,81,65,32,76,77,66,39,18,42,63,18,73,2,3,19,27,52,55,84,63,91,38,47,77,39,46,61,17,74,6,43,47,75,53,39,36,12,89,23,16,21,34,0,5,78,3,9,12,2,21,18,4,67,36,75,24,12,42,72,39,85,22,13,23,38,57,48,40,30,85,27,12,60,77,90,91,66,57
44,18,23,8,95,52,75,58,56,27,63,50,73,89,66,38,45,90,99,92,12,29,65,69,38,21,94,77,16,22,0,14,72,6,75,72,38,61,80,39,43,8,99,48,35,23,30,37,40,3,81,81,34,48,90,93,52,45,72,64,55,31,51,13,12,91,41,80,35,50,38,14,20,42,19,79,41,19,35,29,41,3,38,13,26,97,35,93,72,9,0,40,13,8,21,5,38,47,54,33
4,9,36,77,64,56,4,83,69,0,100,91,9,99,100,44,22,21,35,8,72,3,5,81,32,72,70,92,52,78,47,30,66,58,54,20,7,70,50,56,96,33,66,69,80,59,29,94,27,70,37,18,25,84,65,94,14,72,95,18,90,62,69,6,72,83,42,61,96,74,83,65,71,75,38,15,100,16,58,69,89,75,80,11,96,57,87,27,3,73,42,87,73,74,72,25,79,22,69,39
94,76,40,57,12,66,81,88,33,40,86,97,18,16,35,56,21,23,48,12,18,3,1,3,40,34,18,15,31,95,18,4,24,25,53,13,12,18,100,39,36,39,70,82,75,36,59,53,94,95,30,9,62,20,80,19,84,99,20,42,29,20,100,79,44,78,17,84,6,81,62,64,14,87,80,81,51,97,26,92,34,79,78,49,42,66,83,51,16,55,87,0,43,85,58,20,32,66,90,29
60,22,97,56,45,1,48,32,84,78,45,48,34,34,71,66,45,37,93,76,99,32,93,29,65,40,80,16,68,97,94,15,59,13,98,86,58,52,0,11,79,16,21,96,75,85,18,46,86,80,100,57,100,61,15,59,70,48,65,5,2,81,88,33,57,100,54,97,77,95,1,92,74,4,31,78,27,94,18,98,89,42,56,4,87,63,4,26,84,26,95,93,9,97,11,0,54,37,2,62
25,1,72,53,60,64,35,9,52,81,60,52,75,16,30,43,53,13,83,76,25,5,9,56,18,3,29,8,25,93,68,58,59,21,62,95,20,34,94,83,7,62,27,82,36,56,91,46,87,65,4,48,39,96,30,30,91,96,49,43,24,37,18,91,42,84,45,13,55,26,93,65,5,1,47,88,5,79,3,75,82,80,88,31,45,38,53,79,29,82,99,84,2,81,93,76,73,62,63,51
92,80,67,16,43,59,20,64,0,24,13,26,3,14,66,6,89,44,26,76,71,76,30,96,87,40,3,4,41,94,90,76,66,14,58,58,65,91,87,11,30,81,85,100,44,62,96,67,56,10,0,88,33,36,86,35,68,23,26,92,81,84,14,0,51,86,26,83,7,30,14,71,65,10,38,46,55,59,43,91,62,14,42,12,15,100,50,42,61,46,26,1,85,25,69,13,91,12,43,18
57,59,63,12,76,43,74,41,87,96,79,35,42,45,0,100,31,93,73,14,84,94,87,66,33,19,9,57,35,80,47,12,91,22,4,87,35,71,58,49,98,72,95,47,34,51,53,90,37,1,76,20,7,71,80,59,64,23,25,6,42,52,67,18,68,47,73,0,12,3,87,37,24,54,8,23,97,18,94,60,70,29,44,15,26,67,75,49,90,41,88,81,92,17,90,11,34,80,5,22
5,58,71,62,71,19,10,40,31,48,51,10,18,98,46,12,34,13,8,73,74,32,98,1,0,36,17,63,85,80,31,1,54,46,52,57,42,18,77,91,100,90,17,4,32,40,56,92,100,79,30,100,89,57,26,68,34,76,53,96,97,73,84,54,24,71,45,71,91,32,68,93,82,47,65,74,74,27,41,23,39,66,28,6,62,92,70,88,11,96,13,48,6,12,48,64,71,99,69,95
78,77,51,39,68,2,35,98,85,83,53,91,82,97,57,91,51,69,53,4,61,23,21,37,43,100,59,98,79,32,14,13,23,8,13,48,61,5,70,98,55,25,0,73,26,31,3,94,39,58,41,37,70,31,48,28,41,8,72,83,63,58,91,7,51,77,92,66,18,16,71,5,68,60,96,38,45,7,90,95,88,58,52,93,71,60,12,48,22,15,47,5,22,20,19,53,49,86,74,85
80,100,89,71,67,21,72,81,55,41,55,14,42,93,0,27,81,37,51,95,44,83,23,61,16,7,51,91,96,58,27,68,86,57,40,69,67,58,77,19,4,87,38,3,88,90,32,48,48,23,19,32,35,97,25,57,8,0,78,3,76,24,35,38,17,99,54,28,56,39,61,81,17,66,30,75,71,18,90,84,37,76,81,74,74,9,50,49,25,4,13,43,11,33,72,99,29,32,34,18
69,32,51,65,39,81,15,52,73,85,30,77,74,4,61,62,6,53,93,87,83,33,68,63,70,1,93,27,53,54,74,57,73,72,17,14,94,87,15,19,15,92,35,9,30,7,45,24,21,81,42,38,40,45,19,78,76,34,73,4,10,7,4,44,54,45,20,34,96,61,55,64,78,18,36,14,26,70,3,2,83,42,58,72,35,60,95,13,11,72,64,22,79,78,36,81,93,21,21,41
96,72,19,45,48,4,65,39,81,7,5,36,98,90,97,57,97,45,59,26,78,15,7,89,9,35,99,56,92,74,66,20,80,8,90,66,35,41,40,52,65,78,46,27,36,11,0,63,56,49,100,30,1,14,70,46,50,32,67,33,14,89,23,13,60,17,93,19,93,36,74,8,86,48,47,87,75,26,15,34,8,59,12,17,10,16,41,91,39,73,44,58,56,75,38,39,93,25,37,2
40,17,39,3,39,56,37,9,13,9,85,87,75,60,69,75,76,3,14,8,57,91,14,28,39,39,10,56,37,74,10,94,99,87,36,14,53,22,71,47,68,66,84,33,70,54,23,51,26,47,32,24,53,86,70,64,98,43,82,89,32,34,47,64,49,49,32,23,87,69,63,90,52,96,13,90,63,97,11,28,53,26,36,16,56,79,21,91,62,71,18,50,88,42,21,66,98,87,33,37
16,37,81,72,8,87,70,88,99,77,78,21,72,13,68,35,89,41,30,42,53,95,54,16,44,43,73,39,20,43,61,43,18,29,23,10,40,14,2,29,83,10,28,41,13,87,17,79,58,66,61,28,49,45,22,6,66,62,98,71,24,37,34,11,5,7,27,29,52,25,80,92,25,43,57,39,76,23,20,45,51,31,10,9,30,2,27,86,79,92,79,41,61,95,11,61,54,76,9,43
38,90,30,39,51,31,97,48,45,5,42,89,86,67,95,94,39,51,92,57,22,0,16,92,30,52,19,66,32,96,69,8,91,14,76,35,53,88,89,68,20,84,14,30,96,64,61,94,1,52,33,49,91,31,19,82,6,88,41,91,48,52,95,65,63,21,45,77,10,84,65,85,52,16,21,41,71,33,75,75,38,72,96,24,92,51,6,58,97,67,64,86,68,66,77,90,13,63,28,11
50,67,76,87,92,61,59,10,19,94,61,94,39,34,30,23,87,88,22,60,53,65,78,60,8,36,78,68,80,36,56,9,70,59,89,98,11,86,65,85,4,7,2,86,43,52,96,91,91,88,60,76,83,8,25,52,67,41,37,15,61,77,61,32,82,60,4,68,23,43,87,96,48,23,42,58,90,56,1,33,9,90,93,11,7,17,75,3,5,100,76,28,15,77,30,62,74,81,52,56
2,56,55,38,82,59,52,20,70,84,82,83,96,35,66,26,46,36,84,13,7,34,40,85,3,48,19,42,19,18,62,20,60,40,82,82,67,83,35,36,14,82,88,43,78,51,42,28,36,35,81,35,60,54,55,46,29,42,20,35,44,48,68,20,95,67,28,68,20,48,21,72,28,83,93,45,92,31,10,61,30,5,85,38,49,65,98,51,70,55,19,12,86,57,35,100,24,87,90,70
20,16,28,3,66,90,12,94,55,89,60,7,18,2,95,81,3,77,89,5,44,19,29,56,5,85,41,36,43,25,27,11,42,29,45,82,23,32,93,35,30,35,3,94,52,24,7,90,51,13,55,98,92,27,94,59,74,20,40,18,27,65,4,37,46,43,49,79,54,100,64,88,39,36,65,6,23,84,95,29,30,60,51,51,30,93,51,4,87,82,63,1,63,89,66,66,78,47,48,40
85,90,30,76,11,86,90,35,12,87,55,85,33,14,96,46,5,45,26,34,2,0,56,3,51,13,86,63,59,100,43,1,41,55,30,47,23,99,37,41,92,71,98,34,38,74,11,77,46,91,15,78,61,25,74,78,81,38,66,78,91,29,64,67,6,28,43,40,34,72,60,57,19,34,20,13,100,49,74,10,38,30,14,96,84,69,81,73,42,30,31,73,48,52,61,83,15,52,65,25
59,77,96,14,6,85,51,66,21,29,88,36,56,61,28,100,24,12,78,10,24,28,4,46,71,26,8,44,94,99,48,54,20,27,31,52,66,26,48,84,79,17,22,2,50,18,83,54,45,10,74,89,3,13,73,71,98,75,88,37,32,93,58,92,8,45,47,93,45,73,74,74,90,32,20,40,41,12,47,22,60,82,20,62,43,81,60,76,94,66,70,61,56,70,85,97,94,15,29,74
25,47,30,41,47,70,27,12,92,37,10,56,76,30,16,100,50,16,30,9,83,40,93,2,32,18,5,16,33,17,58,22,61,86,21,58,95,46,82,11,62,51,24,33,25,55,87,91,72,72,72,54,95,81,26,33,11,55,67,26,97,60,61,77,22,6,81,29,96,8,96,85,14,5,17,42,2,92,46,59,52,80,89,51,5,56,60,61,7,12,35,62,75,84,52,38,46,79,1,53
31,15,41,99,68,1,91,57,18,44,74,34,11,13,1,66,23,51,17,35,72,42,20,100,97,12,43,18,15,29,22,4,92,37,10,86,25,93,76,66,61,99,30,34,79,76,2,29,38,77,89,68,95,13,69,97,89,65,30,55,55,63,91,49,82,36,72,90,99,23,66,52,2,6,48,30,69,25,64,16,42,48,0,83,98,69,83,63,77,96,92,30,100,86,84,63,49,63,53,43
86,81,89,84,30,62,35,74,78,13,8,74,62,90,26,69,12,61,61,37,96,70,79,9,34,67,54,62,25,60,99,39,37,26,91,3,72,93,9,6,58,49,60,83,33,0,77,2,40,55,0,73,19,41,35,93,2,32,15,76,37,4,20,84,84,70,60,3,99,12,33,62,49,24,79,5,73,24,39,6,30,76,7,42,2,56,24,56,9,45,40,23,36,15,23,19,16,46,63,16
85,5,91,21,63,13,86,35,100,94,72,37,35,55,87,71,3,79,69,93,60,92,72,7,96,66,92,77,26,51,50,55,74,14,44,15,6,78,10,12,100,25,54,88,24,6,2,48,30,38,53,34,5,3,68,5,61,66,51,47,45,40,25,85,73,0,72,0,18,60,73,62,86,38,75,55,35,53,13,30,47,31,8,71,88,84,68,94,19,97,6,80,65,20,56,24,85,86,76,17
73,37,48,80,34,19,43,4,90,60,66,61,17,99,85,48,47,35,0,68,10,70,32,77,48,55,63,5,78,99,0,69,33,24,16,87,68,37,81,68,71,10,28,14,10,91,38,7,62,70,24,99,96,88,80,12,30,52,77,82,38,8,20,32,100,35,42,25,51,39,68,60,46,53,63,87,20,2,37,71,92,47,78,45,58,72,93,22,93,35,17,20,27,11,10,8,16,1,97,50
51,42,80,13,80,40,8,62,24,10,30,55,85,25,48,89,60,59,44,12,74,21,82,25,79,16,15,77,79,20,14,3,14,50,26,30,48,46,54,94,83,88,13,42,27,17,26,26,94,10,97,28,15,27,59,34,78,21,96,7,45,57,49,10,75,9,89,8,24,61,93,1,65,57,7,51,44,52,78,49,62,7,48,34,92,69,62,31,66,18,73,100,15,97,87,24,7,30,75,37
89,68,35,70,68,61,86,46,38,2,10,65,87,26,95,75,91,49,52,52,12,64,48,21,81,28,26,95,66,86,16,84,16,73,22,86,24,78,93,42,61,48,94,51,85,0,13,27,97,66,17,76,12,93,41,52,80,56,66,60,5,61,58,87,88,76,17,2,40,40,55,65,76,86,55,88,31,85,4,86,85,38,8,62,4,50,6,59,89,47,23,5,51,52,95,9,2,36,3,51
40,65,98,56,45,73,20,0,14,44,23,77,91,83,39,16,47,74,1,17,93,65,5,76,12,63,47,25,30,78,33,65,9,13,20,40,83,19,43,48,8,45,39,50,38,100,67,60,41,45,41,1,25,7,36,2,40,0,78,52,62,40,23,83,72,50,99,32,28,47,99,56,58,3,35,98,69,80,2,12,44,14,60,27,72,20,31,5,44,28,11,27,35,28,22,100,22,53,18,36
48,92,83,7,52,14,81,99,39,88,48,75,56,20,94,60,35,88,67,22,13,25,12,50,31,36,99,40,12,67,59,98,20,100,33,73,33,73,80,58,55,68,43,62,16,51,84,20,88,85,14,96,31,25,8,28,18,0,6,95,82,46,67,34,8,39,73,38,88,15,39,98,0,30,63,93,48,72,91,31,13,65,12,28,7,78,60,18,80,39,28,4,60,52,57,88,45,96,70,76
52,81,27,4,57,93,82,29,63,4,25,4,86,0,48,27,74,11,18,50,82,17,72,63,71,52,28,4,93,46,43,4,53,90,55,11,3,15,35,9,40,72,62,12,33,39,51,46,59,16,77,23,99,87,7,76,72,49,52,94,88,48,84,70,94,49,38,49,2,5,56,53,79,5,42,1,62,3,89,80,15,67,76,59,16,58,68,60,46,17,7,4,76,44,3,22,48,35,75,45
40,50,67,98,4,39,98,36,50,27,61,99,36,43,13,99,44,27,27,21,12,70,92,76,20,14,71,37,54,19,15,44,36,63,44,18,59,80,53,62,70,19,57,22,2,1,0,26,90,54,1,91,95,37,73,9,54,56,100,58,82,3,80,72,8,44,14,62,36,50,100,9,38,82,13,29,25,3,9,11,1,18,9,77,92,67,75,61,58,51,57,82,39,26,65,88,25,34,23,15
71,32,24,27,96,98,45,80,49,98,70,52,99,3,71,76,99,54,65,83,81,57,86,78,46,74,64,0,14,86,83,89,5,22,97,55,66,58,15,19,15,77,9,61,9,22,75,15,13,26,83,4,40,48,82,84,64,16,10,74,41,64,18,50,65,28,62,97,58,13,95,89,44,0,8,55,16,82,87,71,92,30,82,30,7,9,22,6,72,74,44,82,35,29,24,32,30,37,96,0
42,85,96,35,98,90,60,71,72,51,30,91,82,77,22,28,82,47,37,7,100,30,54,57,74,82,71,72,52,53,65,9,87,90,36,79,37,36,6,0,68,49,4,30,83,19,58,26,24,22,24,25,92,27,5,63,66,47,47,36,0,57,74,68,90,72,94,99,40,42,22,27,26,45,59,19,73,32,70,10,72,93,89,71,99,11,52,92,58,78,16,9,83,17,96,9,30,100,15,3
75,51,13,53,47,60,11,46,48,19,9,22,79,90,46,17,62,42,19,89,73,31,4,19,79,85,75,13,89,93,2,11,87,31,96,40,96,70,85,4,3,44,14,11,43,9,42,76,69,13,2,17,34,52,17,5,85,79,30,62,3,49,78,73,78,80,72,83,90,38,6,97,17,48,41,18,90,89,1,49,71,92,42,33,99,98,92,8,80,47,87,83,31,3,76,5,97,96,94,93
45,29,59,50,54,27,21,65,66,31,3,36,72,94,90,43,73,11,60,40,99,90,59,41,96,100,25,73,7,83,91,63,9,27,39,0,6,46,88,98,29,23,76,13,93,3,21,55,50,12,92,44,34,32,65,16,27,40,5,62,90,67,81,61,90,90,24,23,88,40,13,21,30,12,29,43,61,90,81,13,11,62,61,23,1,98,76,14,87,95,8,64,76,15,11,23,43,96,38,81
94,28,38,31,95,6,35,66,0,36,24,12,77,71,12,96,9,71,100,6,6,30,93,64,65,50,24,16,76,90,22,9,34,30,40,79,44,32,2,61,64,81,72,83,21,93,43,20,91,6,54,21,39,77,67,17,38,52,99,69,54,18,50,35,60,52,33,48,70,72,17,52,41,6,75,77,99,37,90,48,40,45,6,93,46,21,57,36,82,94,17,8,69,72,46,96,71,98,20,67
19,78,75,11,97,20,94,70,59,45,21,14,17,67,27,51,47,99,44,14,19,31,71,43,62,31,81,100,12,90,6,35,96,25,34,61,32,9,80,46,79,2,59,31,54,90,10,81,44,25,85,24,50,23,10,57,62,55,65,67,89,52,78,2,42,55,77,96,74,76,68,7,96,62,57,46,100,77,24,37,68,55,57,7,45,30,8,49,55,19,50,9,99,83,71,93,25,26,26,48
3,85,0,4,91,24,42,25,97,14,80,76,31,93,23,68,97,69,90,73,40,63,100,38,58,17,20,69,88,47,53,21,55,84,73,1,58,79,34,70,94,5,98,41,36,67,75,95,5,52,17,7,86,73,51,86,90,63,68,48,99,10,93,33,38,93,47,92,16,55,42,79,40,62,95,71,17,87,73,85,44,37,23,42,27,5,39,68,61,92,96,12,45,42,15,68,53,55,90,8
78,76,6,89,43,63,82,71,79,81,99,31,89,45,19,55,34,92,65,100,89,40,31,33,94,35,74,27,40,60,56,48,80,58,89,7,40,96,86,1,44,2,37,37,93,29,6,62,16,91,11,96,1,88,89,65,39,47,42,85,20,97,69,100,55,14,2,82,20,82,61,52,72,36,33,3,63,58,70,52,15,60,3,17,32,69,10,3,97,21,70,41,13,52,32,9,24,2,19,71
32,68,28,83,77,40,93,73,86,13,60,44,16,78,18,54,99,64,39,72,30,15,16,56,49,6,73,91,45,37,100,65,59,76,0,81,1,82,92,79,63,93,34,16,60,5,19,38,1,82,55,1,1,60,4,88,98,5,49,60,67,91,66,83,61,58,39,53,74,51,86,68,0,60,34,14,83,52,40,95,25,11,54,67,73,89,42,57,58,62,54,57,94,68,76,97,12,14,40,42
99,84,87,18,84,77,7,47,2,32,91,44,87,29,18,71,99,22,85,100,67,29,97,17,35,19,8,59,9,73,29,63,12,16,22,10,8,76,30,97,29,0,64,77,44,71,56,3,69,72,57,35,42,92,63,8,93,86,85,78,11,27,9,35,27,34,21,60,12,22,50,48,24,28,36,89,48,69,90,14,60,5,85,100,19,2,90,4,43,26,54,32,0,15,37,4,28,51,96,60
89,50,2,55,96,96,23,43,41,84,14,84,23,90,25,92,24,5,91,71,2,0,75,6,98,70,0,35,33,4,84,58,2,35,7,36,33,22,84,11,24,18,9,97,37,21,58,76,7,89,63,29,24,16,94,91,97,25,70,97,52,31,87,55,17,80,36,40,81,9,34,72,28,59,94,9,8,46,35,50,6,2,40,88,87,77,6,36,64,32,90,42,57,12,40,61,18,37,4,66
28,40,67,71,49,60,0,65,54,53,54,60,87,24,79,85,9,0,50,12,68,50,85,77,84,24,65,28,28,41,92,67,36,62,0,59,70,21,96,30,24,94,65,62,63,2,67,68,52,64,59,45,27,68,25,58,54,86,33,52,28,21,6,27,93,70,47,67,92,75,16,56,3,69,86,80,66,50,67,34,53,49,66,15,38,62,100,62,46,44,99,8,76,23,26,80,51,38,90,80
15,23,27,14,73,92,64,35,95,46,11,83,37,69,36,82,97,10,56,90,88,68,43,57,86,3,32,36,28,21,25,69,70,30,90,53,2,52,27,67,72,15,73,78,100,16,16,71,85,76,23,13,35,50,33,93,58,88,41,62,7,100,10,42,71,89,90,46,8,34,85,90,100,66,96,24,21,39,89,91,75,78,4,23,74,80,57,41,0,65,36,76,99,6,41,99,56,65,36,92
65,30,2,31,67,6,12,32,18,40,75,26,33,29,83,97,71,8,4,98,61,84,82,47,29,62,91,50,14,68,52,59,95,15,4,85,0,46,14,82,47,53,54,13,25,37,36,47,78,30,61,60,48,37,84,6,72,42,45,33,70,100,72,2,62,55,14,91,18,29,45,4,96,9,74,9,94,5,41,62,95,26,77,54,68,52,7,77,14,49,30,7,38,78,59,27,35,24,40,37
58,13,86,46,6,30,86,43,57,49,36,4,79,70,22,53,89,73,98,10,70,25,96,22,49,97,29,97,57,95,76,24,44,46,88,13,26,0,30,2,41,28,9,56,98,91,99,97,18,45,74,88,99,87,37,33,3,30,82,93,78,20,84,17,42,16,36,38,48,50,17,61,32,28,40,5,13,24,93,73,28,95,27,63,33,46,40,65,41,70,47,24,70,12,40,39,68,63,88,25
42,46,52,21,50,26,34,84,4,4,33,86,7,65,88,31,9,44,24,100,65,43,50,90,31,67,19,18,76,4,66,36,15,21,98,0,76,30,60,54,32,12,70,33,54,82,72,37,75,47,18,54,65,52,8,80,46,79,62,81,33,87,35,6,74,86,96,45,28,0,67,78,81,50,68,98,50,46,5,70,18,39,71,67,81,79,41,24,80,36,8,99,23,48,1,74,45,99,65,69
46,98,56,33,89,40,55,84,18,68,12,34,3,75,32,15,3,60,5,8,93,64,19,34,59,85,96,70,37,47,66,3,14,61,53,14,55,77,78,40,69,7,61,2,4,91,45,24,54,10,75,59,71,0,73,92,3,90,9,35,59,10,40,90,86,69,23,24,40,26,81,21,38,59,80,15,62,96,46,9,5,27,36,72,5,82,97,53,84,2,43,39,66,22,31,22,91,88,24,26
79,25,1,44,15,75,49,16,24,2,14,91,44,90,75,79,76,75,55,55,30,35,19,33,13,97,53,61,40,63,46,59,24,47,25,68,56,50,64,33,35,74,82,72,3,61,79,18,56,8,50,58,64,43,88,28,48,2,9,27,67,50,29,64,11,44,31,50,64,82,59,96,93,79,21,64,70,100,5,34,49,13,99,96,39,16,36,50,80,87,46,54,32,55,55,40,60,44,40,52
97,0,21,43,64,7,67,61,1,58,49,59,86,56,61,72,82,96,13,11,28,50,43,97,51,15,61,90,71,27,33,71,91,37,85,57,33,94,30,78,76,92,20,2,94,90,80,30,88,98,59,98,56,74,76,13,60,51,33,18,32,12,53,74,35,14,2,44,54,47,77,36,63,97,44,37,60,66,98,92,51,39,34,25,94,69,86,94,16,63,59,27,30,20,83,2,59,53,34,14
72,34,76,97,51,57,59,71,89,52,74,62,39,12,23,62,81,28,57,23,60,94,91,62,94,28,24,77,28,72,31,2,87,61,0,66,1,80,97,6,28,35,84,52,71,98,81,16,5,93,4,34,94,56,90,95,13,68,73,6,1,54,11,90,68,84,15,37,44,89,86,81,76,12,50,59,40,97,64,87,52,75,59,43,85,10,65,44,35,63,36,37,83,53,67,91,35,79,59,53
17,32,76,9,89,77,90,76,11,3,48,70,84,90,43,77,0,86,18,28,1,61,53,18,82,12,93,19,6,55,61,6,59,14,4,4,41,40,64,31,100,50,76,74,96,94,45,38,16,21,72,62,16,69,15,9,83,43,35,68,88,33,6,16,23,16,17,71,10,41,78,37,26,26,39,6,72,53,79,6,87,32,50,54,65,96,85,34,65,33,75,13,39,27,47,23,76,19,17,60
41,27,40,37,93,77,15,42,27,29,75,38,6,55,6,21,11,72,98,35,43,12,68,28,24,97,23,24,23,79,86,79,59,82,92,30,76,29,16,70,21,95,94,68,42,80,84,39,83,56,62,42,99,68,94,78,54,63,87,40,63,88,75,58,47,90,44,72,61,13,81,38,6,10,23,47,91,67,24,8,71,96,80,74,76,45,22,64,52,65,26,88,74,13,31,2,8,97,6,76
91,55,41,26,27,42,7,57,9,95,91,5,49,81,3,40,81,29,31,59,98,79,91,4,0,32,60,65,1,17,36,83,74,82,50,25,2,34,37,40,75,80,70,41,85,20,26,63,67,79,47,67,25,64,73,98,71,92,84,40,97,15,47,16,69,8,62,49,43,86,52,44,5,2,33,52,64,28,37,89,45,94,51,30,46,18,70,75,23,7,32,48,10,62,51,78,3,44,53,46
89,0,59,15,32,2,83,70,27,20,43,58,96,25,52,27,32,33,86,92,94,84,89,56,5,39,36,8,52,13,31,48,8,20,8,25,41,16,11,58,64,88,11,29,20,10,29,42,58,77,100,0,72,34,46,92,18,54,26,83,64,33,56,90,20,97,65,82,61,48,16,63,52,36,50,19,59,98,89,98,63,89,78,54,20,36,54,24,5,45,87,88,28,100,5,13,19,28,51,60
5,52,64,83,1,37,51,50,76,22,72,30,97,83,48,39,43,51,33,92,67,57,100,6,19,29,19,24,43,84,47,96,26,79,11,46,63,16,38,92,50,53,41,7,91,25,30,22,66,12,21,1,72,77,87,51,46,75,11,60,52,46,95,17,43,8,69,93,11,22,46,46,84,71,77,0,5,30,43,65,99,52,3,14,7,74,51,48,5,94,57,13,5,7,69,84,31,62,91,31
8,43,46,36,98,14,52,57,7,59,74,6,27,81,8,73,31,44,35,14,1,97,78,16,63,99,10,5,91,22,29,94,93,82,24,96,26,12,61,15,10,57,74,45,40,58,73,74,32,19,37,51,17,87,60,71,36,89,35,0,94,43,42,94,31,57,93,66,100,53,66,92,44,71,6,77,44,67,34,79,74,100,3,54,40,96,26,76,88,54,8,26,71,62,90,34,6,21,82,75
100,44,18,19,81,84,48,18,42,51,26,27,42,24,63,50,4,20,49,63,85,52,75,98,69,77,32,85,48,97,23,8,32,57,86,36,53,13,90,56,3,94,89,91,79,78,93,91,23,66,43,42,55,80,85,0,34,98,21,47,53,50,47,17,35,21,7,4,2,19,28,86,16,7,41,8,71,78,62,89,44,90,81,36,11,60,26,28,9,70,34,52,64,95,85,82,72,24,63,32
71,81,62,70,39,19,33,25,25,81,41,92,37,11,42,57,47,82,81,83,49,33,36,14,12,98,16,20,50,30,48,43,8,42,52,85,60,85,48,54,32,49,36,90,95,14,56,53,99,47,59,39,25,71,78,56,35,41,89,40,55,84,66,13,14,17,9,76,62,76,84,79,40,50,27,79,58,28,87,74,15,55,6,40,36,88,59,40,82,35,94,36,16,61,81,70,65,22,21,45
4,58,88,57,61,71,81,3,26,99,86,24,87,17,10,77,50,17,4,72,55,22,52,93,5,96,17,96,7,14,52,59,2,83,16,41,38,99,85,91,23,97,62,25,39,20,12,68,56,99,18,69,58,65,67,40,18,9,98,50,47,95,0,5,46,48,83,44,92,42,55,99,84,48,7,29,22,87,10,3,30,45,41,17,65,69,18,25,18,90,7,4,8,24,31,18,44,54,73,84
20,81,48,77,78,99,50,57,0,57,59,17,95,65,95,11,42,5,94,50,7,94,1,16,28,54,72,98,76,67,86,54,16,86,11,79,54,11,65,85,36,83,100,31,26,91,57,42,86,98,33,96,68,58,44,92,12,26,47,67,84,28,35,89,23,16,45,22,75,66,29,10,70,72,80,58,27,38,36,98,73,83,78,31,83,80,56,50,47,40,36,64,22,87,44,75,50,15,40,2
88,61,20,73,43,54,99,4,28,37,98,76,62,40,37,16,61,48,99,0,4,38,95,43,59,61,15,71,96,25,76,47,1,39,35,21,90,90,61,20,20,16,21,53,77,38,45,19,40,75,49,12,92,58,11,81,29,90,22,83,20,69,10,27,55,41,10,86,79,25,57,57,3,11,86,56,98,60,63,73,64,96,99,82,92,52,98,63,18,3,79,24,64,96,38,52,40,46,23,12
70,45,93,70,73,99,78,17,48,85,32,97,83,47,46,44,6,45,73,93,94,59,28,30,94,40,74,71,25,73,63,20,63,56,58,38,78,47,56,49,0,30,16,87,83,49,87,36,15,27,97,12,87,17,74,65,2,59,37,23,46,76,48,89,10,90,21,22,30,56,68,29,14,88,62,42,84,2,97,7,77,26,17,11,83,80,83,3,53,12,19,69,97,38,94,37,100,98,27,51
18,30,86,96,22,54,98,56,71,59,23,54,14,54,49,51,64,3,70,99,50,5,11,24,32,26,10,24,15,0,30,30,48,51,87,66,86,79,75,51,63,76,39,4,3,40,3,56,66,44,42,43,46,75,97,71,14,55,42,26,63,83,73,5,28,92,29,27,71,41,18,22,20,87,0,34,43,37,53,49,26,95,66,36,68,21,15,5,8,0,94,43,65,23,33,11,88,8,57,54
87,72,62,78,73,60,91,99,57,91,7,7,78,94,74,54,77,36,90,18,12,28,14,1,85,7,64,24,19,63,44,13,97,13,50,80,58,83,49,91,8,21,84,9,51,97,19,35,5,15,32,56,7,49,81,60,7,27,53,10,27,31,78,32,91,69,45,27,22,59,93,6,43,7,53,45,85,54,96,51,96,22,76,3,20,97,84,99,70,85,65,13,12,85,25,29,52,94,29,7
27,46,6,11,30,100,81,80,13,27,15,80,100,85,69,18,57,63,27,50,73,58,17,78,80,7,8,59,28,76,25,2,21,52,94,57,52,86,98,52,55,97,27,43,61,47,21,63,31,18,33,68,69,58,21,29,97,19,99,97,27,98,39,86,31,45,41,19,2,11,42,33,66,80,9,8,96,2,5,79,40,87,51,90,40,24,36,31,75,60,46,94,23,12,19,15,42,27,9,86
54,12,31,30,49,96,100,11,48,42,43,46,36,60,7,70,80,92,45,6,66,46,51,16,95,26,38,26,75,45,42,96,70,33,72,28,98,18,92,39,32,18,18,72,89,57,77,45,17,41,95,91,30,78,38,54,53,46,82,30,28,5,48,97,16,62,62,38,6,27,16,82,92,16,54,23,93,26,23,80,38,71,97,58,95,96,80,38,68,6,66,82,9,77,57,63,2,74,50,91
14,33,2,18,38,63,34,21,26,44,11,75,55,6,7,69,71,2,96,40,9,74,74,35,56,38,73,38,94,50,89,81,24,49,0,92,95,21,49,36,37,51,21,12,41,20,37,54,100,76,38,44,77,20,69,1,93,34,35,14,12,12,73,88,69,10,96,94,93,0,16,50,67,1,71,5,50,39,11,15,51,78,67,24,1,71,55,79,55,7,33,71,93,20,58,3,61,90,25,75
42,48,82,84,39,58,57,50,95,48,64,91,58,54,65,85,30,13,94,59,25,13,45,42,76,21,11,75,10,9,52,73,85,20,18,6,22,53,22,10,92,43,30,29,9,14,54,97,95,52,95,18,17,100,84,26,14,8,70,49,54,23,45,69,72,56,49,2,71,12,85,25,30,89,86,81,57,94,32,4,29,54,75,47,94,6,27,40,60,0,92,37,78,75,38,55,73,21,97,49
75,85,58,21,92,88,47,100,31,74,41,73,7,18,27,15,73,95,61,73,23,1,48,88,66,92,13,20,54,15,12,59,65,39,50,13,45,22,56,49,85,7,9,48,91,64,98,31,74,90,97,62,100,57,26,7,61,0,53,52,64,92,48,19,53,97,100,80,98,6,55,80,61,23,91,85,76,22,29,38,74,63,69,84,3,39,13,47,15,67,97,53,2,32,59,28,11,45,12,57
48,17,10,5,6,55,44,38,0,63,30,37,95,23,72,56,47,28,36,89,56,29,41,20,65,72,35,51,35,49,12,76,86,55,49,75,9,26,31,77,20,47,58,67,86,35,50,70,94,17,0,62,24,81,70,82,81,87,21,45,63,37,95,21,78,94,59,29,4,80,65,52,20,2,78,88,80,41,58,42,52,87,1,80,73,24,36,16,53,32,67,66,33,85,1,44,52,87,52,43
45,5,84,60,88,58,30,44,17,61,3,85,6,90,96,52,46,32,29,10,35,43,1,27,70,13,74,40,65,78,18,60,5,30,64,43,23,71,18,8,67,97,95,28,82,74,47,24,42,11,38,2,24,92,43,61,75,45,96,42,59,98,85,12,22,80,72,17,46,19,54,94,61,40,5,12,40,100,77,10,31,69,12,57,30,99,20,27,57,7,43,82,61,92,61,92,95,5,74,11
61,71,95,73,88,86,70,41,51,24,24,37,74,21,44,9,12,70,80,65,79,64,7,23,18,36,59,62,82,94,60,46,17,51,85,71,22,68,99,92,68,79,71,0,40,32,15,72,57,97,41,69,21,4,53,57,78,17,30,60,56,62,58,73,82,98,28,54,58,3,46,74,80,63,32,50,13,75,12,94,71,16,84,45,33,21,97,17,94,90,49,3,49,62,7,60,76,1,56,2
55,87,51,84,39,50,81,97,60,50,13,73,28,15,20,58,33,6,76,52,43,23,72,53,2,28,57,99,73,27,54,86,9,71,51,98,83,46,31,63,16,10,30,96,12,50,64,10,97,81,63,56,96,10,96,40,3,99,14,88,8,68,28,40,85,94,27,33,22,20,43,21,74,34,59,49,50,3,14,48,23,97,49,64,21,94,13,35,12,50,50,65,3,53,6,9,89,35,82,3
66,89,20,79,97,41,32,92,95,68,20,35,61,23,89,12,40,93,45,56,26,15,73,48,55,78,66,98,35,76,63,88,93,87,83,41,89,42,71,18,23,11,90,46,97,50,5,15,8,29,97,66,87,87,82,6,63,99,75,64,10,50,50,93,13,59,12,22,89,57,36,5,92,53,83,74,33,13,97,87,50,86,57,90,39,97,55,35,86,85,27,6,17,100,34,15,48,14,83,62
86,85,6,97,56,72,48,0,82,94,14,79,83,9,90,93,47,12,7,0,33,34,56,79,0,7,56,30,81,90,23,39,51,47,55,90,94,52,95,65,68,63,22,81,85,63,27,10,36,0,78,38,64,42,85,96,57,37,37,67,76,80,58,7,7,90,31,93,52,80,88,61,58,28,47,10,90,14,97,27,57,68,0,22,47,56,39,77,51,18,7,38,93,71,68,92,27,100,73,62
23,67,35,45,8,97,22,99,100,48,17,34,53,18,81,73,53,55,69,47,40,9,20,69,68,22,32,71,54,54,63,8,27,28,98,18,87,11,30,69,45,5,0,62,12,6,46,78,52,12,50,44,51,47,76,88,28,85,24,56,64,59,4,60,79,89,58,93,84,55,17,2,1,36,49,40,67,72,99,24,3,98,52,11,82,66,32,56,8,69,14,24,72,11,46,88,79,41,0,7
69,97,13,25,19,62,94,37,49,3,62,56,98,8,84,80,87,91,83,85,46,92,95,3,3,39,93,92,32,29,77,39,73,29,75,28,77,16,11,0,95,13,96,93,92,11,41,91,99,16,25,85,82,22,54,93,60,86,15,92,26,65,76,36,15,68,8,42,11,71,77,53,3,98,21,81,21,56,51,31,49,61,41,20,13,7,40,11,12,29,11,66,66,92,67,61,24,48,7,4
98,44,44,48,16,22,60,2,88,48,48,12,45,93,15,71,50,66,45,55,69,77,51,44,35,69,3,65,80,19,87,63,2,69,8,62,53,51,38,100,25,7,67,37,96,66,29,32,45,62,56,87,80,67,68,7,85,38,26,38,49,72,59,43,30,80,6,89,53,60,78,43,28,42,65,55,77,34,77,53,17,51,1,33,26,83,63,67,16,31,32,3,19,73,81,33,37,69,56,94
52,14,86,53,58,44,37,41,35,97,91,71,84,65,24,83,5,23,82,85,76,20,46,68,33,95,38,9,8,81,23,8,55,89,36,9,88,71,37,91,12,96,98,15,82,16,90,46,32,84,25,95,26,55,0,1,46,35,17,26,53,63,0,76,52,25,19,6,52,66,27,62,100,23,21,92,80,100,5,79,92,85,0,19,16,100,28,54,1,11,60,33,18,46,93,35,86,29,56,84
17,24,62,10,24,1,6,0,14,77,86,75,65,27,16,42,70,67,34,78,47,76,95,18,21,43,70,17,65,40,74,35,100,21,77,56,96,56,29,47,16,79,81,52,40,84,45,10,52,41,24,9,50,89,28,66,36,54,49,14,82,12,100,78,29,61,7,55,70,92,30,86,4,29,16,55,83,19,100,71,37,66,20,30,14,26,53,15,28,99,77,73,29,80,81,15,37,17,68,12
70,29,76,27,86,52,71,61,86,15,25,55,41,2,19,82,100,70,96,90,88,14,25,67,47,64,87,13,63,8,82,41,21,96,46,3,17,94,83,35,47,80,96,96,32,60,55,46,97,82,34,89,64,21,80,14,33,98,23,32,66,79,37,37,26,46,2,92,13,6,92,89,12,51,28,43,92,43,61,55,27,14,26,77,36,14,33,4,49,46,52,60,89,80,84,88,44,3,39,28
71,29,25,76,23,3,100,17,52,41,48,56,49,37,30,19,52,81,92,51,29,92,85,74,72,13,16,48,34,94,37,40,58,5,48,50,56,7,0,43,44,88,67,34,33,77,10,4,81,68,55,70,80,100,9,14,42,27,39,27,97,3,49,94,31,51,67,22,45,8,83,56,92,48,45,20,26,68,34,19,21,4,48,57,25,81,25,22,48,91,20,31,24,62,91,69,87,8,56,11
37,77,87,28,39,93,8,26,6,13,91,9,86,42,17,94,75,57,64,76,89,8,10,74,47,47,32,70,33,26,35,67,4,85,82,43,51,26,95,46,6,69,53,17,83,10,17,36,8,82,48,34,75,24,63,65,98,49,69,13,36,13,45,22,58,25,71,36,2,86,54,50,69,66,79,77,18,25,64,28,81,35,81,7,42,16,14,33,57,90,48,1,81,59,43,67,1,20,86,89
56,21,54,38,87,98,46,56,0,37,39,87,24,14,82,96,1,52,34,57,8,36,84,61,4,5,57,89,21,82,38,50,13,12,3,20,19,13,35,100,48,93,82,9,7,36,38,65,44,38,39,57,31,22,100,95,69,23,65,6,56,43,83,17,67,11,98,18,82,19,36,88,40,96,87,24,75,16,86,56,25,91,65,4,73,32,96,89,48,93,19,61,58,90,93,43,85,43,95,64
64,48,38,48,95,94,33,74,35,22,90,3,87,48,51,12,38,84,82,66,55,36,76,39,11,7,69,18,32,71,8,52,96,69,11,92,55,9,63,94,34,80,93,86,27,16,6,0,92,35,93,27,30,16,11,23,66,25,96,59,66,27,53,88,64,74,75,100,41,45,81,44,37,65,86,97,7,27,31,19,15,58,93,43,99,17,55,50,66,37,32,57,41,31,3,15,17,37,22,33
87,88,100,76,26,89,22,25,66,89,28,11,63,44,76,17,19,25,62,45,45,14,63,16,24,70,17,21,34,87,67,13,82,99,12,57,0,46,94,57,73,45,61,9,60,100,77,66,23,35,72,81,12,65,0,48,45,42,9,25,26,16,51,35,73,96,10,79,51,71,87,18,46,30,78,90,25,71,37,44,20,50,18,83,45,100,94,13,83,65,27,5,13,87,37,3,80,2,90,70
8,67,15,19,10,27,21,91,16,44,48,73,74,8,5,38,78,55,32,72,41,74,76,45,23,0,2,35,96,42,96,97,51,52,2,78,84,22,54,44,3,39,24,8,38,17,95,6,69,41,32,70,29,65,28,29,66,20,61,68,1,90,57,23,67,29,9,0,4,97,13,54,57,88,37,53,60,76,74,6,6,43,7,84,42,2,70,90,24,94,50,12,49,97,43,1,89,2,37,4
47,34,50,31,40,39,19,44,0,28,68,0,87,75,81,42,81,44,6,30,90,99,18,50,56,52,79,78,51,17,52,3,57,77,6,73,33,14,81,58,46,29,43,50,79,10,35,89,28,64,35,23,87,13,27,66,53,14,77,28,64,32,21,6,57,63,9,34,95,19,8,93,73,4,17,58,82,3,88,12,18,18,68,54,89,11,70,45,41,8,15,8,14,72,7,9,54,97,45,87
81,58,35,19,48,34,29,75,43,57,75,66,2,46,38,61,8,80,35,21,24,56,61,49,89,18,23,42,24,72,74,31,66,15,4,29,62,61,84,70,22,69,23,48,93,35,39,71,65,36,28,74,58,80,57,38,36,11,26,19,43,89,26,17,40,23,88,12,0,77,2,94,67,87,63,72,63,78,66,10,77,42,78,51,93,33,3,8,39,27,56,28,33,14,88,40,22,8,8,1
76,73,11,92,89,9,79,32,88,82,27,1,74,95,51,68,23,63,79,48,8,74,75,51,99,44,0,22,31,70,29,65,61,61,42,1,15,53,47,30,17,64,43,76,59,45,51,45,23,58,83,12,1,7,20,43,25,80,19,80,17,0,90,32,47,90,40,63,17,67,49,85,76,93,76,42,16,84,38,67,96,39,17,75,93,24,70,14,22,87,20,41,45,34,22,4,8,20,86,59
29,35,78,60,1,97,52,18,20,19,95,37,44,6,98,69,81,5,46,74,59,44,31,38,7,18,100,22,64,43,38,64,8,41,38,28,22,9,97,22,16,51,9,57,2,36,44,71,33,2,97,84,89,56,3,58,60,4,77,50,2,89,41,68,35,67,44,92,85,11,23,34,76,17,93,82,69,17,63,22,12,72,50,44,50,21,28,16,71,49,12,94,51,17,45,29,26,46,35,90
50,3,49,81,80,9,0,64,9,38,47,72,6,95,8,85,88,73,67,23,37,43,49,75,50,53,75,96,61,30,64,2,78,15,71,89,14,71,72,49,55,30,90,3,75,45,49,8,28,97,99,34,29,24,68,77,70,39,41,60,19,10,4,65,67,80,36,77,8,15,4,64,25,97,49,46,36,43,22,52,15,47,48,53,19,60,10,98,21,47,75,80,68,32,21,82,6,69,18,57
52,48,86,11,14,3,83,78,27,34,51,59,13,19,5,99,98,74,69,34,60,66,100,60,36,45,33,16,33,57,90,100,24,63,69,86,71,41,27,67,40,10,65,29,66,39,79,36,49,36,84,41,82,1,18,23,43,84,70,63,23,25,31,61,4,21,3,3,58,36,36,69,31,42,55,6,62,92,55,16,5,43,2,98,89,71,83,58,81,71,52,100,38,90,13,54,79,25,45,21
90,38,76,66,6,52,23,37,13,64,81,17,35,24,18,37,0,13,92,72,75,7,78,81,14,78,65,57,97,80,45,97,52,91,46,83,66,44,25,34,39,72,89,93,73,48,43,35,79,91,11,68,100,74,49,94,99,39,24,16,77,0,58,49,86,31,5,29,13,70,73,96,37,17,70,15,31,33,42,9,19,95,100,96,79,32,13,54,98,27,77,66,46,4,43,14,49,37,56,9
12,16,57,30,81,4,97,45,16,27,22,44,38,56,11,90,88,24,57,23,0,36,18,34,92,76,5,38,36,62,16,33,46,3,90,17,33,68,7,34,63,4,45,1,49,19,82,57,79,33,98,27,37,31,11,18,69,38,72,34,46,11,25,42,83,57,85,26,94,72,65,2,14,44,87,11,97,46,11,51,75,34,44,100,76,5,91,40,47,7,5,99,98,44,30,32,91,56,86,65
87,10,42,32,17,88,83,10,77,64,27,88,52,9,70,3,59,97,4,57,4,38,45,0,75,68,23,89,90,99,12,52,27,82,52,87,2,99,49,50,55,67,100,44,6,99,45,1,77,57,94,90,23,97,48,30,71,34,14,51,13,17,75,25,12,23,15,59,18,85,5,5,80,30,51,58,43,37,56,34,41,46,18,89,74,17,53,35,44,71,61,95,13,11,72,46,75,7,84,37
68,51,65,88,22,38,21,76,52,25,76,99,56,92,81,90,76,82,82,46,38,3,89,97,45,11,60,94,74,70,70,72,7,54,76,4,78,50,68,40,26,39,65,92,10,14,12,29,49,74,70,83,47,96,53,6,37,75,95,53,27,41,26,16,13,90,60,10,62,86,96,35,79,75,43,47,23,64,36,24,39,76,26,11,52,5,66,95,42,98,46,19,47,4,7,79,98,96,32,1