72,88,27,17,10,57,49,16,84,0,74,30,79,7,45,32,66,82,95,3,10,39,69,41,85,54,70,50,49,61,90,62,64,13,97,36,16,51,100,50,83,54,90,40,90,94,34,2,4,69,34,48,4,81,32,63,12,59,19,54,97,14,60,73,63,24,42,78,67,1,5,86,19,97,33,34,96,9,0,61,76,90,35,24,54,67,51,90,72,37,61,46,77,79,14,3,27,46,67,76
28,31,25,27,24,65,56,57,89,9,47,16,10,26,31,42,9,42,31,70,24,0,94,24,35,96,91,95,48,16,68,37,12,63,92,88,55,33,77,93,63,18,81,5,13,77,5,35,85,96,35,40,18,0,72,36,48,54,46,96,92,38,32,24,12,61,87,29,7,56,9,29,74,10,63,41,22,24,84,84,99,57,71,75,36,68,79,14,31,40,34,7,27,94,85,18,10,12,32,27
40,91,67,22,48,78,1,66,94,3,46,84,68,34,83,81,82,89,42,13,96,18,96,72,25,9,94,29,31,62,54,54,11,52,25,32,66,27,8,38,13,80,46,37,23,89,5,5,91,37,21,89,62,100,73,20,16,100,34,81,36,91,1,76,71,63,63,25,84,27,37,87,0,23,80,15,85,96,66,92,31,34,89,99,54,49,94,63,100,42,96,93,46,95,41,19,5,57,18,88
74,22,50,46,22,54,35,41,62,84,35,0,2,74,69,72,84,45,15,87,35,35,78,65,36,16,99,46,79,59,51,44,21,40,17,70,84,63,85,74,52,27,49,69,47,50,43,11,74,1,56,81,95,65,23,43,96,26,94,48,5,74,59,14,44,24,40,77,56,68,77,34,46,85,78,49,41,84,15,13,46,20,8,77,1,41,72,46,58,9,76,70,18,14,26,20,72,40,93,97
63,66,33,21,55,68,47,72,61,68,81,23,66,87,62,80,30,34,46,62,51,73,69,59,7,100,52,57,65,33,54,38,64,85,29,91,93,25,55,32,58,70,72,49,64,86,10,62,26,34,89,25,20,58,37,59,46,73,70,33,88,36,13,56,92,57,97,38,12,91,39,9,20,31,92,23,29,82,36,58,20,17,90,68,72,65,64,8,29,56,87,43,69,17,52,44,80,53,71,81
44,99,44,31,9,35,52,20,3,77,27,23,52,64,92,55,21,69,92,51,57,74,63,83,35,90,61,12,32,74,55,85,53,73,43,95,33,8,16,18,14,51,78,11,93,97,9,28,14,95,74,39,52,7,3,51,32,41,39,18,97,47,70,64,21,55,25,13,20,63,4,48,35,97,70,51,33,87,87,5,28,79,88,44,13,64,36,87,30,31,25,46,31,85,10,6,17,45,42,61
33,75,30,39,48,92,34,69,67,21,33,50,65,85,45,9,96,60,40,15,48,35,96,75,24,31,16,58,51,57,3,20,36,64,40,74,44,67,24,96,37,11,16,59,46,100,15,28,10,66,13,90,16,88,17,87,78,80,67,23,58,48,58,87,93,11,20,63,95,18,21,48,34,37,25,99,92,38,94,50,47,45,48,4,48,83,49,60,97,10,45,48,4,1,24,85,84,4,84,72
91,50,57,37,3,96,31,54,20,41,31,38,95,71,52,45,58,2,35,1,43,64,53,3,36,22,38,98,79,64,76,81,68,34,18,33,23,59,55,54,29,92,53,5,33,5,53,87,34,79,27,40,71,36,43,50,67,35,63,29,16,41,28,84,60,72,73,1,55,91,13,98,28,73,0,43,1,71,44,51,6,33,13,11,37,35,53,39,7,97,63,33,12,77,25,7,52,75,11,32
4,68,27,92,100,72,49,21,85,93,44,39,52,77,86,5,49,65,4,0,55,41,85,91,60,36,81,27,90,81,77,52,93,96,64,59,80,41,27,4,10,54,7,72,16,30,21,52,46,78,0,13,83,5,69,25,91,89,65,38,15,17,84,84,43,24,16,30,37,85,22,57,88,7,39,43,2,45,58,44,4,81,46,39,99,29,31,96,41,85,98,15,14,76,100,21,2,18,33,95
22,60,17,22,71,84,78,45,25,43,75,39,63,66,1,68,91,30,61,43,81,18,2,75,1,31,42,59,83,32,87,49,72,63,73,96,32,90,19,54,79,57,45,33,23,77,89,71,40,26,69,3,58,76,87,14,86,34,76,85,54,5,63,81,84,27,4,15,8,17,47,87,27,33,78,2,34,5,27,85,85,68,54,40,59,78,52,4,5,61,52,90,29,55,10,83,10,31,84,30
79,22,54,3,64,75,86,13,32,42,41,14,43,92,51,28,96,54,54,69,6,31,76,2,34,91,44,47,39,91,16,14,81,90,61,29,0,10,2,67,42,10,78,8,30,84,28,82,68,69,70,98,71,12,11,90,72,27,88,68,58,42,70,25,95,75,13,46,70,16,15,79,22,44,35,10,60,30,37,74,57,76,34,0,76,77,10,98,23,48,37,73,70,84,77,9,49,96,98,99
23,0,52,53,72,47,31,51,95,0,25,52,68,13,10,85,66,46,91,36,24,11,38,42,54,21,6,83,0,49,40,1,47,6,48,83,28,28,12,59,59,52,72,45,77,25,59,26,69,73,90,19,83,51,67,79,34,30,98,66,19,40,46,88,50,30,20,63,96,58,17,55,67,23,20,10,48,49,90,37,50,67,68,2,63,91,31,53,9,65,8,40,80,15,0,62,54,94,30,15
47,6,9,91,27,26,24,26,89,51,67,82,41,25,50,76,14,66,92,69,80,13,9,68,57,25,37,49,94,67,47,3,84,49,21,62,59,7,3,90,72,87,55,21,35,21,27,71,33,95,31,16,1,45,59,51,23,95,50,55,10,23,93,23,98,81,51,1,69,61,55,43,93,69,94,7,25,30,58,39,58,17,70,0,81,53,95,34,83,86,91,40,93,50,89,2,12,75,85,63
96,70,47,15,93,91,90,76,98,3,41,83,65,25,66,82,3,62,44,6,13,29,88,62,82,61,96,94,22,2,87,20,3,36,15,92,84,14,37,6,60,29,72,14,65,84,90,90,51,55,12,8,28,36,37,0,44,97,58,3,4,38,14,56,85,19,25,39,49,61,35,41,10,86,42,46,46,7,49,59,24,77,34,87,31,1,87,1,38,38,20,64,75,45,94,79,38,76,60,94
92,66,41,89,75,77,32,100,13,26,9,50,98,40,66,95,74,75,30,48,54,46,5,9,62,22,55,23,67,91,46,95,8,73,93,11,5,57,21,95,33,35,69,80,61,32,73,7,38,91,14,73,11,58,20,52,13,88,56,98,82,92,24,98,59,10,53,10,75,13,35,37,19,49,87,34,74,21,42,82,100,61,55,86,27,32,99,79,48,44,86,62,75,7,42,23,78,40,1,13
45,96,9,64,3,81,3,54,8,22,48,95,25,69,100,35,82,96,33,35,32,59,100,48,94,93,7,92,37,40,89,4,36,38,4,16,94,10,27,96,27,33,47,20,38,11,15,91,36,24,22,55,7,75,81,33,87,69,35,42,76,81,36,30,28,60,60,39,34,69,41,5,47,14,12,0,43,34,61,31,47,65,38,10,27,100,62,73,97,90,87,24,49,12,13,37,81,66,71,29
99,60,57,97,50,62,3,63,82,87,96,14,76,36,18,20,18,49,79,7,97,48,25,96,50,8,33,50,79,8,42,80,54,28,18,45,20,72,64,64,32,89,20,98,20,34,43,44,38,64,65,50,78,22,17,36,32,65,78,9,68,85,18,55,47,74,42,41,56,11,8,34,74,61,78,28,97,80,74,54,77,25,69,17,44,30,57,44,27,91,13,31,59,86,15,4,4,46,74,5
68,77,53,11,34,57,46,78,20,42,92,25,98,53,92,64,75,4,29,86,87,63,32,26,81,92,81,35,66,44,23,34,13,64,21,18,35,91,70,40,84,39,10,99,1,63,10,68,76,1,94,97,90,61,43,73,77,2,38,63,43,39,19,19,54,60,14,27,31,45,6,37,82,99,50,6,11,69,93,47,10,41,30,94,88,0,22,55,11,92,62,51,83,91,11,31,88,56,73,92
3,12,99,22,95,91,19,71,5,73,21,58,46,7,47,68,36,54,64,20,73,96,94,93,71,83,73,55,86,64,24,68,54,85,79,96,45,14,6,80,73,56,63,65,84,76,10,56,6,6,76,33,65,100,91,9,24,88,69,80,70,99,3,93,18,35,89,99,55,30,82,60,20,63,53,12,21,39,17,38,90,61,73,42,60,46,50,71,26,63,65,89,92,90,94,48,26,69,30,85
89,44,51,47,30,81,65,74,92,84,97,81,53,17,91,55,82,8,0,96,86,58,58,99,45,9,19,94,58,98,66,28,18,39,23,0,36,65,48,80,20,80,42,46,29,75,35,73,54,9,52,44,40,24,85,45,93,7,47,86,7,87,29,86,49,61,4,79,33,32,7,82,13,39,32,89,27,37,48,31,68,88,88,72,100,43,64,27,14,13,9,0,19,96,32,36,77,10,96,36
49,75,13,100,98,1,92,34,18,73,59,49,38,40,74,88,10,0,32,29,99,89,73,10,17,65,24,23,69,46,76,37,98,50,94,36,3,0,8,19,68,35,80,9,92,88,50,29,70,35,93,64,58,86,67,90,34,86,53,91,31,86,68,75,4,48,64,14,65,91,34,50,55,100,12,8,95,0,67,61,66,9,19,46,73,82,87,75,30,30,6,3,47,19,92,6,40,75,19,48
86,7,8,100,73,15,44,4,13,29,20,95,29,73,64,66,82,76,24,53,79,82,1,23,32,50,41,51,8,45,47,70,33,5,20,31,88,2,90,97,44,69,81,15,47,58,63,54,43,81,90,13,8,97,38,9,11,43,65,47,95,27,64,12,51,25,24,20,40,30,98,12,47,25,35,67,20,1,62,27,4,7,13,68,15,25,21,64,36,79,91,82,0,98,63,79,7,91,37,54
45,62,50,48,66,85,5,4,67,49,68,62,90,1,32,96,9,30,77,46,13,57,15,28,16,1,7,58,8,90,42,60,35,45,9,87,77,8,44,2,53,65,12,99,47,76,14,13,85,71,0,71,16,0,48,56,99,21,38,32,13,52,93,43,94,75,51,24,37,91,57,75,56,62,39,79,2,32,0,15,54,38,29,31,92,68,66,35,77,21,98,78,33,75,89,96,77,22,46,72
36,100,3,33,97,42,40,9,77,64,47,6,42,77,13,94,13,43,29,67,11,14,68,43,33,86,87,68,45,34,71,55,8,51,70,10,44,40,74,82,71,7,50,70,30,44,87,86,95,6,91,39,34,91,57,33,10,16,38,8,59,69,0,4,72,84,92,21,63,48,87,95,85,53,47,92,69,72,12,44,58,89,93,18,27,0,65,69,14,27,59,75,73,69,54,96,54,85,21,81
41,11,63,26,64,91,44,14,40,80,0,28,42,88,54,38,65,91,69,100,28,34,29,23,19,12,34,13,54,37,4,47,16,22,96,56,10,5,72,82,16,68,91,5,74,52,54,49,3,46,39,41,5,92,99,42,48,92,8,90,15,92,9,49,22,44,94,64,69,96,90,11,14,8,70,41,9,97,10,39,28,35,95,26,24,96,71,0,23,19,4,53,23,91,64,86,33,0,48,9
48,33,66,84,38,87,57,26,45,51,97,63,35,81,67,70,58,62,80,34,65,69,86,21,37,78,64,98,6,10,54,64,34,44,69,28,53,4,74,15,60,38,40,34,64,50,92,82,93,52,75,86,4,65,50,31,99,34,97,26,4,11,14,62,0,58,18,4,74,73,65,78,96,84,24,80,68,43,36,8,64,70,12,19,52,38,46,22,39,22,23,63,45,81,21,67,23,62,26,81
13,86,10,10,97,28,76,78,46,6,81,4,25,43,2,26,15,94,84,90,57,91,90,14,92,53,74,87,96,39,93,11,48,68,85,81,41,47,39,4,13,80,0,22,99,71,72,63,45,22,43,29,14,67,96,22,75,60,50,1,40,78,40,2,72,44,29,37,70,9,62,66,53,33,82,0,61,55,73,69,48,12,52,29,64,22,59,99,51,24,75,67,42,64,46,10,20,2,74,8
14,10,81,56,61,15,57,40,62,35,24,14,35,71,79,28,6,28,87,0,47,29,80,73,89,91,67,85,92,9,81,91,89,87,53,2,10,65,22,24,55,90,69,8,17,89,91,68,0,19,84,73,39,6,74,65,33,83,26,5,41,47,86,69,1,50,31,8,47,92,8,46,88,79,69,29,20,10,34,99,93,56,56,42,82,100,14,41,39,21,89,32,90,6,54,49,9,63,95,24
15,19,50,36,16,15,91,79,100,34,55,44,62,35,62,60,36,6,21,14,10,28,28,3,57,52,74,94,83,21,34,56,32,52,81,65,34,20,28,89,29,40,78,74,72,49,53,23,47,94,63,99,71,18,42,78,89,36,14,15,55,19,28,28,68,38,15,28,70,26,49,7,20,100,80,31,69,31,65,14,33,41,26,28,8,15,7,74,17,18,2,93,96,46,53,38,41,26,33,55
44,45,44,92,9,73,52,79,50,18,12,94,17,62,13,26,88,22,41,11,45,54,92,51,52,97,52,5,90,88,59,55,17,81,99,77,52,32,89,70,93,68,65,15,82,40,89,51,16,94,43,38,30,34,100,12,6,22,60,81,88,94,10,21,12,43,94,51,5,61,16,77,94,4,89,96,93,48,71,71,11,41,16,59,90,40,8,58,65,98,31,37,52,49,29,20,4,34,23,78
51,58,81,48,65,14,20,66,98,51,11,32,67,92,95,84,71,16,23,97,2,75,13,81,64,0,31,19,32,0,30,95,66,62,8,54,87,81,89,20,83,97,16,12,37,13,27,87,0,50,68,38,98,61,59,96,18,16,92,40,66,52,11,21,46,96,44,84,75,19,20,66,52,95,67,39,34,42,90,45,42,41,7,29,22,88,49,76,82,88,38,58,25,44,3,55,76,74,17,43
78,24,66,19,58,67,75,5,17,51,13,55,50,70,91,47,11,73,16,59,77,22,8,55,57,47,5,52,83,23,70,95,17,15,94,77,52,14,80,93,86,82,61,49,26,20,60,85,5,26,22,82,9,68,31,83,38,0,0,46,1,59,35,95,90,26,90,99,96,4,32,35,53,78,32,9,37,76,75,32,63,20,18,45,13,29,11,33,69,72,65,41,51,62,70,14,9,3,10,25
17,26,3,6,18,13,18,46,20,59,83,19,3,18,78,8,36,85,67,42,37,42,29,95,52,48,51,55,68,97,98,60,77,70,3,92,33,27,89,91,90,65,0,34,46,86,47,69,56,63,81,35,43,50,46,19,12,90,82,71,30,29,66,64,23,30,87,31,15,38,14,82,22,39,69,10,29,62,32,92,93,0,95,11,8,42,1,39,1,65,47,85,0,62,83,79,59,65,15,56
64,6,49,26,65,9,23,33,65,60,7,15,0,31,52,4,62,26,20,3,16,56,11,56,77,5,59,16,50,15,30,48,80,22,22,93,54,84,81,85,57,36,59,62,9,87,36,25,90,91,74,59,57,86,4,91,19,89,10,27,82,31,53,45,0,87,84,27,89,66,59,9,95,38,16,14,73,36,66,78,26,95,80,64,53,11,99,97,48,72,79,81,47,71,74,55,79,22,69,74
6,17,70,75,2,32,11,7,35,34,67,25,16,82,5,81,49,43,35,89,88,87,36,70,82,38,15,69,51,27,16,92,61,75,69,95,24,10,30,27,95,72,14,16,79,37,89,17,3,72,15,99,53,79,76,21,17,56,37,54,64,6,90,2,94,38,9,24,55,34,85,20,66,18,9,0,88,17,95,72,99,53,78,97,33,13,74,54,1,13,14,68,59,4,52,45,35,26,86,61
50,66,22,7,58,55,60,11,88,3,79,53,87,60,57,84,88,51,7,66,60,18,43,98,50,63,24,94,88,30,91,21,72,38,52,83,14,96,74,100,43,86,31,5,30,4,15,90,74,40,2,6,38,31,57,17,52,2,10,76,1,94,50,70,87,45,1,56,79,65,36,66,73,53,53,50,43,86,10,42,43,69,69,40,77,64,40,86,16,1,47,65,4,9,42,33,31,45,72,73
10,57,27,92,19,28,48,34,94,97,72,87,71,77,68,52,32,92,38,49,3,14,57,76,34,75,30,51,72,45,26,83,2,37,47,30,3,62,86,60,58,1,50,23,30,39,40,99,90,90,76,48,86,100,57,82,62,49,22,41,2,57,0,81,38,18,22,12,15,44,32,25,34,62,96,97,39,36,18,5,60,50,36,71,81,7,57,5,75,72,93,18,73,30,3,73,53,86,59,9
50,32,82,56,67,34,38,22,1,28,5,81,99,99,59,79,87,98,0,22,45,59,97,48,95,67,20,44,24,20,93,73,3,82,16,45,20,70,3,74,74,89,13,49,86,82,15,61,91,51,12,61,59,44,61,31,51,77,93,18,91,23,49,39,29,29,19,87,2,44,54,0,20,47,100,26,47,53,36,57,40,95,71,72,8,48,58,14,18,8,43,28,94,94,42,66,2,66,12,13
8,90,42,82,66,14,89,15,56,29,74,34,12,89,36,2,87,65,38,100,24,26,84,85,47,84,98,6,75,89,34,52,27,46,94,37,36,64,45,14,93,16,65,96,71,44,8,4,7,42,92,23,27,69,56,41,43,68,43,40,53,61,81,1,59,43,27,8,87,83,10,39,97,7,63,29,86,53,48,79,38,61,100,89,7,50,22,2,11,41,92,86,18,80,96,60,78,63,1,70
0,73,90,66,62,100,62,85,17,0,58,83,18,21,79,17,37,84,14,52,31,86,72,13,45,70,33,37,85,97,79,61,14,83,5,68,72,42,63,46,9,46,0,90,17,49,67,59,6,25,69,26,59,63,56,60,94,61,86,45,95,37,95,78,0,89,88,17,69,6,28,9,39,8,41,76,46,16,60,92,68,45,1,17,42,89,45,83,41,0,11,39,79,8,94,9,86,88,63,0
94,6,73,51,12,10,7,66,68,59,12,61,44,25,35,54,80,98,9,83,78,64,14,81,72,49,61,49,83,9,55,39,17,71,66,21,85,72,100,37,1,72,5,3,48,81,84,29,71,50,84,35,100,45,16,35,97,32,59,31,48,42,9,87,25,0,57,26,64,74,31,90,33,42,46,87,68,50,45,59,17,9,45,23,9,27,2,96,100,23,38,85,37,95,43,54,67,50,10,58
34,80,28,70,16,86,68,57,10,37,58,23,45,1,38,74,53,70,1,2,9,94,77,75,97,99,47,23,20,52,64,5,92,32,3,32,46,85,48,57,47,46,64,42,79,92,83,9,87,41,62,2,46,37,28,56,33,79,11,61,28,84,68,27,18,82,60,89,45,68,74,19,27,12,12,53,18,53,59,0,93,48,30,67,3,7,100,41,34,67,39,41,19,27,76,7,59,64,2,23
25,67,41,33,95,100,42,23,83,11,92,12,20,28,94,21,70,68,13,73,43,64,26,79,27,47,52,95,71,67,48,86,69,58,100,57,22,28,68,85,86,21,54,74,87,5,49,59,68,82,49,44,21,30,2,38,10,4,33,47,30,44,18,32,0,55,75,60,13,58,22,29,76,9,53,59,82,68,58,74,79,45,44,30,69,36,95,62,38,53,75,52,20,1,65,64,3,73,74,5
92,6,88,66,4,57,51,77,84,3,58,66,89,70,82,20,6,70,45,99,38,59,43,42,77,92,12,86,37,80,20,80,52,56,39,72,47,27,85,55,89,12,63,81,37,83,14,41,28,12,6,57,96,27,77,17,81,5,87,9,57,61,25,31,22,88,75,87,39,85,54,88,90,83,53,9,7,12,76,77,25,53,47,28,85,100,34,0,89,55,12,86,42,56,29,46,25,36,56,93
35,44,0,98,73,74,66,2,78,64,28,79,84,5,38,73,69,13,58,74,92,9,35,92,40,75,82,66,10,76,83,24,45,13,42,3,100,34,7,69,39,81,21,25,19,45,21,57,61,57,81,50,88,81,29,9,7,34,67,25,5,66,51,50,31,32,0,62,45,43,82,73,71,51,98,97,93,95,52,81,52,97,4,16,83,43,9,58,6,74,15,89,22,48,21,70,30,13,76,18
68,7,38,79,2,3,76,40,11,43,4,15,70,66,19,84,26,29,58,81,1,76,81,0,43,68,97,88,40,41,35,47,75,44,70,78,50,21,75,37,84,98,20,58,22,99,88,15,9,94,15,33,50,2,49,76,2,55,68,70,92,15,56,80,81,33,48,3,32,76,9,22,6,77,13,52,65,100,74,88,22,3,34,98,8,85,16,90,55,12,28,12,35,17,39,90,69,44,37,51
20,66,46,72,46,87,50,93,49,51,34,3,27,28,14,24,6,51,81,74,11,29,46,43,51,19,29,82,7,64,94,27,76,55,83,22,84,54,55,64,49,8,45,88,42,54,5,68,47,43,80,8,36,56,43,39,40,9,82,90,82,36,32,85,26,59,97,99,81,53,2,6,73,81,33,33,41,92,87,99,50,23,21,3,6,26,81,32,31,34,31,30,23,54,16,68,18,85,99,67
6,96,20,34,43,98,88,99,49,97,20,24,25,15,8,86,51,99,45,35,34,18,38,10,36,15,18,28,68,16,83,69,37,31,98,12,72,84,54,26,60,30,74,76,39,89,42,66,100,64,97,83,87,64,62,59,69,34,98,36,66,42,81,76,89,21,38,71,42,44,14,44,22,62,46,85,6,78,81,82,100,42,34,75,40,3,31,39,42,61,48,94,76,43,3,20,91,14,50,13
7,33,83,41,21,38,70,40,71,85,64,36,47,9,69,56,39,47,25,77,94,31,52,2,15,99,3,83,73,48,43,12,88,96,50,68,95,32,69,1,31,84,22,1,26,31,92,81,88,85,20,82,41,55,46,0,13,25,68,61,4,28,11,50,59,95,83,57,57,43,21,4,76,63,96,22,97,51,27,20,95,50,96,41,47,36,99,75,47,26,30,19,39,52,25,98,56,17,24,26
76,58,28,11,85,82,98,16,57,59,8,87,50,68,7,55,66,50,62,45,13,94,53,39,80,57,44,54,52,77,97,79,85,56,20,89,40,19,24,22,92,84,22,9,72,28,38,12,47,39,9,61,5,89,30,75,51,44,95,54,95,33,46,24,18,44,89,53,0,91,29,49,23,65,63,59,3,17,78,62,43,1,13,6,48,80,46,34,20,3,82,19,20,24,25,14,53,86,13,84
10,4,73,95,27,71,75,65,79,22,30,77,50,91,90,61,17,78,77,92,0,49,77,22,84,36,28,97,92,83,90,0,95,24,70,30,54,47,38,68,66,48,42,43,60,75,87,55,47,74,68,77,59,42,98,65,18,28,15,52,90,18,44,70,27,4,16,89,37,71,95,93,100,29,91,21,47,68,85,0,94,10,28,78,65,99,73,74,32,82,62,62,41,0,30,96,24,87,10,63
54,86,11,3,43,70,77,54,17,39,57,62,0,66,86,70,88,62,92,26,70,56,3,87,2,17,58,57,27,58,80,26,6,95,86,96,4,89,16,99,52,100,15,66,75,69,55,62,39,21,46,68,44,28,8,38,40,45,35,1,65,45,55,99,5,12,4,10,52,3,23,44,92,94,17,22,44,52,80,47,1,14,95,2,20,58,16,30,26,63,11,29,5,92,79,41,91,39,14,1
75,98,89,19,21,31,81,4,52,20,8,11,34,90,84,88,39,8,48,100,47,82,52,97,6,95,44,50,42,9,34,74,26,68,54,71,72,74,74,94,57,9,93,85,24,67,92,74,28,54,49,88,14,20,0,39,54,26,14,93,54,27,15,18,89,15,41,37,27,7,87,71,28,45,73,35,64,11,40,73,26,22,55,85,23,62,43,12,70,11,93,12,45,73,47,42,63,54,70,28
2,91,81,94,93,41,100,19,12,71,40,0,25,38,29,49,48,57,35,39,87,50,56,70,76,4,39,3,17,63,51,71,40,13,3,29,13,39,12,99,35,94,39,61,43,80,100,42,14,11,62,15,52,1,87,65,79,68,84,30,79,11,77,67,32,39,32,100,88,74,27,33,70,81,29,59,66,93,3,54,35,90,95,26,52,25,57,57,28,68,37,29,85,39,58,96,82,53,10,98
8,50,89,53,63,77,64,48,69,69,77,88,26,87,30,47,95,14,89,61,12,32,62,38,34,67,66,14,54,49,36,74,49,95,75,88,40,76,96,16,55,72,69,11,90,83,15,64,4,13,10,90,85,53,86,63,4,46,92,33,55,10,54,83,5,86,64,6,6,90,6,36,12,24,50,84,83,77,32,7,89,90,82,40,89,17,69,67,42,5,55,52,9,20,43,23,39,70,53,54
9,73,66,38,19,24,20,12,79,4,91,17,57,76,84,86,85,34,21,76,31,57,77,9,73,13,56,79,76,53,73,32,95,46,84,6,28,88,0,9,10,69,16,41,11,12,94,28,66,80,77,10,2,7,84,49,47,50,46,73,18,44,31,43,11,46,46,36,49,63,70,58,93,4,79,8,44,19,68,78,41,85,39,6,60,10,73,81,46,69,93,68,38,51,99,11,16,39,8,53
67,73,62,3,76,94,81,23,10,9,76,22,73,60,48,76,100,43,21,98,100,37,87,24,80,26,53,10,27,11,53,18,5,27,32,25,90,13,31,41,69,82,98,77,12,53,5,58,31,15,25,17,50,67,37,79,33,79,8,35,10,92,77,65,100,78,2,32,22,9,24,68,42,25,77,83,95,11,15,34,24,88,89,52,57,14,51,35,34,2,16,14,38,63,44,20,42,25,99,95
3,13,21,44,1,24,10,69,9,73,41,58,4,93,19,74,59,61,89,85,28,83,52,34,82,93,67,4,62,98,18,13,15,9,3,76,28,37,83,40,75,57,0,8,48,80,99,37,31,3,46,72,34,37,98,61,33,78,89,93,95,4,31,28,45,42,35,5,90,22,1,4,63,44,55,58,14,29,90,3,94,33,43,61,24,52,57,31,81,34,1,5,47,91,10,62,65,38,52,73
76,80,72,48,30,66,33,74,62,2,34,39,12,27,74,26,5,23,52,46,77,7,84,63,78,50,11,97,27,44,71,41,66,90,22,43,73,59,33,10,37,96,30,46,92,22,45,71,63,16,5,45,33,63,77,51,78,17,7,19,49,80,69,40,100,13,70,41,82,53,36,81,80,71,80,53,31,5,18,11,36,38,55,69,96,4,78,34,32,83,12,41,66,47,67,8,44,74,40,65
92,81,15,40,46,36,73,22,58,61,34,88,25,41,63,68,80,32,51,16,15,99,11,78,55,97,63,86,38,24,32,9,69,61,39,16,13,23,83,74,98,98,78,57,85,12,88,83,48,17,50,54,3,29,8,2,92,73,20,100,90,100,29,74,92,80,66,57,17,36,61,92,32,65,44,80,37,15,47,13,36,68,63,86,61,39,43,66,29,9,31,21,42,58,70,6,58,39,68,14
31,43,35,4,42,11,22,28,56,40,56,61,46,52,43,20,45,13,86,38,19,10,86,36,35,54,41,80,8,61,98,93,82,58,32,98,69,60,95,23,83,0,87,57,17,51,57,88,84,85,73,44,75,96,39,34,85,83,99,77,14,81,43,82,79,56,44,71,15,84,100,85,4,94,99,5,76,0,6,5,66,46,52,3,75,9,13,68,61,57,5,8,32,62,80,38,73,20,50,35
91,2,100,60,15,62,82,5,64,74,70,88,72,36,17,32,89,71,1,5,66,0,79,73,65,64,55,42,5,88,17,12,94,56,61,60,63,52,8,70,67,95,16,55,78,3,51,51,86,88,66,62,92,29,29,31,49,70,84,65,78,77,70,47,3,49,2,72,19,50,68,33,42,16,75,5,97,40,14,26,77,55,53,95,86,63,41,44,48,7,61,38,19,87,1,81,10,40,41,8
26,20,58,84,17,56,87,63,34,49,95,52,36,72,36,40,6,73,92,27,74,59,22,25,81,15,17,34,4,48,47,55,55,15,58,86,70,5,50,37,39,67,0,34,74,75,99,38,99,19,86,26,46,20,24,58,53,27,74,17,43,5,67,45,24,53,93,22,13,64,75,27,54,57,15,83,80,56,98,12,48,28,100,28,43,37,24,5,90,73,57,21,83,66,89,39,81,81,95,41
86,28,4,42,44,92,16,46,99,83,49,81,33,96,5,71,55,60,81,77,78,78,87,88,75,94,33,71,97,58,74,73,54,27,43,17,2,18,33,21,4,57,0,90,96,58,80,93,83,51,0,60,2,24,34,60,56,32,98,86,84,40,99,46,20,92,36,83,44,72,5,71,25,73,36,49,20,4,80,60,98,92,82,96,16,26,52,94,27,33,73,57,21,62,0,15,80,17,10,98
77,37,37,14,7,75,89,75,80,68,48,4,35,98,57,75,64,31,77,28,28,65,63,7,16,61,56,49,80,18,26,86,36,92,35,20,47,58,91,19,51,53,81,19,12,27,77,96,76,77,75,70,0,15,99,21,11,9,6,49,46,25,50,15,67,69,1,36,81,59,92,34,10,29,64,52,20,14,33,10,100,49,87,39,51,43,90,62,20,44,98,72,97,70,100,79,85,1,43,62
21,54,10,42,48,44,27,21,71,80,4,31,11,63,30,19,75,80,13,35,70,96,43,13,19,8,78,17,80,57,82,53,56,54,37,59,40,95,13,41,59,31,30,58,21,46,41,57,37,85,48,45,41,87,16,51,97,12,74,54,90,33,76,39,70,76,77,35,2,39,88,5,77,16,33,91,83,4,76,63,13,9,22,47,100,2,47,39,1,29,33,41,85,8,81,8,100,11,68,83
12,35,88,18,36,26,72,59,36,8,52,75,36,32,12,27,6,22,1,31,83,96,70,69,7,74,8,62,39,76,43,78,32,3,11,86,27,87,44,18,4,65,55,70,31,3,11,32,42,83,13,23,97,3,9,4,38,70,95,24,49,53,50,92,34,93,65,36,51,49,3,54,42,9,88,17,96,29,21,57,29,23,56,51,93,84,62,58,92,43,65,12,16,63,82,29,35,75,58,98
60,11,71,34,24,49,83,67,32,81,89,7,9,26,17,2,56,26,84,24,32,14,83,66,11,8,76,24,46,12,84,30,86,91,30,72,2,68,39,89,71,58,68,35,8,60,23,83,39,79,51,58,2,26,64,75,11,12,20,14,36,90,65,81,85,60,75,81,60,59,52,40,97,12,90,2,1,13,80,100,98,8,28,9,38,29,53,18,74,92,38,93,30,96,14,47,98,55,97,85
25,64,34,7,16,64,7,33,41,80,25,93,80,84,4,52,41,6,11,60,3,74,20,1,16,5,97,88,89,14,51,67,84,38,83,56,74,77,63,53,48,8,19,74,67,62,72,92,32,93,68,74,43,6,37,26,37,79,13,1,22,49,66,6,70,48,54,83,6,93,45,75,4,91,24,56,55,40,98,9,53,12,58,92,63,13,53,79,74,99,1,35,59,91,74,54,85,54,82,73
98,80,15,20,46,81,15,13,24,96,48,100,33,25,23,95,53,23,99,55,27,0,13,36,98,44,60,10,78,43,91,59,3,38,31,34,63,80,64,46,73,89,63,9,58,0,18,13,45,9,56,91,44,90,12,4,54,57,86,97,59,57,97,25,29,17,38,73,11,46,18,15,37,30,17,50,42,3,21,54,58,25,27,89,45,95,97,88,78,69,49,67,60,36,85,26,12,50,69,73
35,78,1,97,6,74,97,12,93,41,58,33,41,74,46,47,73,62,82,93,29,33,73,29,76,88,4,67,4,52,23,45,23,20,20,94,88,30,74,32,57,81,93,89,44,65,15,90,53,47,93,40,58,70,5,84,37,4,5,49,91,97,58,82,47,88,19,50,85,70,22,80,99,27,3,45,93,94,12,58,43,22,79,90,60,62,32,50,97,55,25,49,22,80,98,16,83,85,37,60
41,60,32,5,68,2,82,93,49,79,2,7,71,56,91,25,59,56,3,59,36,45,15,66,68,45,68,29,1,94,74,45,20,90,92,12,18,4,55,76,69,90,4,67,99,59,29,85,50,1,12,82,31,83,41,23,95,91,80,1,21,81,68,87,37,26,11,70,73,56,0,44,47,99,23,92,67,83,93,46,43,65,25,76,86,72,29,8,42,23,25,95,51,48,40,90,44,42,98,32
36,84,47,13,30,81,46,24,84,12,13,9,20,66,91,0,28,72,34,87,45,53,33,98,66,73,73,21,98,12,19,52,2,46,61,36,82,93,67,90,96,95,10,87,88,92,9,60,49,12,29,27,29,44,2,12,26,26,79,86,31,18,13,67,67,56,2,76,52,28,83,30,59,65,33,73,22,50,29,61,91,21,41,4,72,78,70,88,46,37,56,43,21,51,2,25,88,33,94,63
22,22,95,17,95,83,93,21,97,61,49,92,21,26,8,60,20,63,17,79,77,43,55,1,25,86,28,41,89,52,69,26,100,44,38,95,56,26,63,93,98,83,77,63,64,68,59,49,72,36,26,40,6,7,75,59,83,80,74,76,0,79,92,76,26,23,77,59,55,34,5,43,51,27,75,57,93,85,16,70,51,77,39,34,9,66,88,97,49,73,98,15,82,1,44,16,48,77,57,79
67,60,3,89,29,13,82,6,69,71,8,66,87,61,27,77,65,24,83,5,86,80,63,22,36,94,84,9,92,40,30,72,69,96,46,21,6,33,19,12,90,71,48,87,12,8,20,52,39,77,43,36,52,69,64,9,7,98,89,76,69,99,70,58,29,82,36,40,20,33,8,43,23,50,22,78,10,32,69,91,8,76,19,15,71,59,70,25,14,54,52,65,0,50,84,78,23,73,82,97
94,15,79,63,15,48,36,35,1,17,2,62,86,56,47,70,85,18,15,21,75,72,5,12,71,78,43,56,67,29,58,25,5,7,61,6,53,96,100,97,21,11,16,90,32,25,17,69,58,66,72,85,77,47,98,84,72,12,76,86,50,97,48,44,38,8,20,45,9,0,64,2,44,0,20,19,75,31,70,96,10,100,5,92,85,11,54,0,14,0,65,42,15,70,34,26,3,53,40,15
27,79,57,76,92,18,42,6,11,85,35,54,1,60,38,95,49,67,89,44,20,23,54,55,26,98,67,42,89,87,73,28,31,44,7,75,23,12,30,16,0,7,66,45,4,9,33,62,61,87,30,0,85,13,78,26,30,12,81,84,53,56,86,99,89,49,74,78,47,47,43,61,74,50,73,81,11,61,97,35,85,96,61,91,82,86,10,38,57,68,87,30,86,16,38,73,89,66,75,4
82,85,80,76,32,10,32,61,71,6,15,5,88,70,57,72,94,1,0,26,94,0,91,23,23,52,80,99,99,68,6,23,71,93,65,12,72,68,40,47,7,99,37,74,80,90,19,69,61,90,36,99,19,71,61,24,98,78,43,58,32,10,82,25,6,42,15,56,84,55,24,65,2,72,29,87,98,6,95,38,40,40,10,15,32,9,10,54,30,13,50,70,100,37,46,14,11,36,94,82
93,23,38,5,13,29,15,63,79,34,97,71,1,27,64,12,57,29,45,13,85,10,56,59,24,7,9,11,93,9,17,88,58,9,26,17,79,81,93,20,21,68,47,60,42,68,54,20,98,38,79,40,27,8,64,93,18,44,83,18,11,58,14,1,10,40,73,16,85,12,29,66,71,46,17,23,68,53,86,2,3,14,75,68,96,78,78,21,55,96,53,28,96,34,3,60,90,8,11,97
40,49,60,17,23,70,49,66,78,62,62,15,26,96,96,0,54,38,24,72,23,50,4,92,82,74,49,47,12,19,80,79,56,6,88,77,66,91,6,66,83,38,27,34,64,22,87,47,57,0,59,30,86,80,13,31,32,56,20,76,26,94,24,20,21,81,24,50,56,32,7,85,48,20,61,20,69,92,18,81,6,2,1,47,22,56,1,46,47,44,21,0,80,44,22,39,21,3,19,100
22,89,30,46,82,85,35,51,33,68,100,49,59,22,79,58,87,8,29,7,69,38,64,12,42,3,51,69,71,33,49,90,42,48,63,84,68,93,66,74,79,83,95,3,83,18,1,89,5,28,42,21,82,50,2,44,100,91,88,96,11,45,18,60,23,69,86,39,13,9,6,18,61,83,87,50,9,36,73,34,92,20,29,23,42,73,42,24,38,24,90,68,27,100,22,67,70,23,15,5
15,96,63,87,13,86,89,6,58,51,64,3,63,76,24,22,54,97,45,32,93,80,15,11,86,21,0,86,11,31,81,75,50,2,62,86,93,11,52,56,65,20,19,31,9,13,78,40,42,42,60,76,44,50,49,58,12,42,5,63,45,28,56,48,47,71,68,34,17,83,64,45,62,29,81,37,21,42,93,91,6,91,62,48,43,59,60,24,91,54,68,91,27,58,24,32,95,77,51,90
52,39,65,91,19,58,64,36,55,33,81,23,14,35,84,15,8,94,39,55,46,46,40,89,19,84,75,25,2,45,61,85,56,26,61,65,3,62,60,85,53,27,50,61,72,65,52,30,74,18,19,26,80,31,49,64,82,56,3,75,10,95,41,79,29,13,96,24,7,64,17,57,32,87,86,58,51,96,4,53,51,89,65,78,9,88,9,81,69,79,62,21,21,72,24,61,100,28,68,28
30,91,17,84,72,88,9,32,98,82,99,11,33,48,10,88,15,44,54,7,94,38,33,33,62,14,60,47,16,10,59,99,33,5,55,45,39,45,92,64,48,44,13,59,43,71,6,41,27,45,31,44,82,2,5,13,70,2,19,85,30,27,62,6,1,91,49,1,100,3,89,76,61,80,29,16,62,1,63,47,49,18,93,34,9,42,87,81,68,37,42,38,94,36,91,51,41,49,0,77
85,10,6,45,80,24,46,28,100,100,41,66,76,28,70,82,27,30,95,18,65,95,7,96,17,20,83,60,92,49,63,33,68,19,94,88,60,58,23,72,53,21,64,49,100,3,23,33,11,29,24,67,17,34,61,84,51,3,89,31,99,23,72,88,32,95,48,99,37,20,36,77,28,47,41,91,70,0,49,64,40,88,32,92,65,10,94,90,36,75,3,77,73,81,71,10,58,6,94,20
82,100,4,15,20,2,99,93,92,68,15,24,16,49,70,77,1,51,68,67,88,28,60,37,82,54,17,18,55,26,89,39,79,36,31,95,25,46,39,43,24,62,15,18,100,52,74,38,3,15,44,62,51,0,16,51,36,100,9,54,27,69,12,17,40,22,11,54,47,8,64,68,17,39,86,46,90,20,97,15,27,76,80,99,37,32,29,68,18,90,85,62,93,94,65,46,91,82,30,43
71,66,48,6,75,60,7,15,40,63,29,32,38,12,76,96,94,51,36,28,100,83,36,20,24,14,25,100,11,52,16,27,57,53,69,34,61,56,82,54,85,11,63,65,64,19,16,32,44,89,57,29,44,83,8,91,33,100,30,49,70,52,15,15,46,54,59,49,50,39,5,13,91,79,29,25,12,32,78,24,51,89,0,1,38,29,42,91,59,61,41,26,72,44,6,2,74,5,45,95
81,62,43,12,87,0,30,84,91,8,49,58,63,45,29,32,3,9,42,21,97,18,39,5,42,20,48,26,9,28,1,12,76,12,2,86,56,88,20,7,51,17,22,11,74,73,29,49,90,37,87,23,68,16,70,6,98,77,54,56,64,22,52,4,45,16,60,93,76,4,34,67,55,86,66,30,47,5,8,45,54,61,0,60,91,55,98,46,50,26,69,67,96,94,89,62,24,58,60,41
37,84,89,52,23,65,88,11,83,60,47,42,25,99,4,22,78,4,1,22,95,21,58,18,58,3,19,12,23,46,23,48,58,96,77,13,13,50,12,9,59,52,45,85,83,99,44,17,82,98,49,11,48,25,55,60,3,76,3,99,47,15,42,13,69,87,39,85,71,1,12,63,20,24,29,20,57,87,79,33,32,84,67,6,6,89,61,28,53,84,35,39,4,75,31,92,34,65,86,43
74,94,26,77,46,87,64,13,80,31,13,53,61,87,79,35,63,92,14,66,14,82,71,22,14,49,34,46,56,53,4,66,72,40,35,34,81,69,80,24,90,31,16,36,33,43,72,54,23,44,13,37,0,81,25,34,88,93,0,60,26,92,27,26,67,75,29,87,75,100,79,60,6,18,39,69,45,71,72,53,6,86,87,26,13,67,9,29,68,2,47,41,46,19,5,69,39,33,42,47
2,28,38,58,28,80,93,53,56,13,19,66,75,100,52,85,60,85,29,40,39,42,99,62,14,88,63,56,48,45,28,9,69,36,32,8,96,93,84,76,40,47,10,78,54,4,86,42,37,43,35,65,45,74,36,69,46,77,10,13,90,62,16,58,33,15,30,59,41,35,26,15,46,0,60,90,60,92,23,42,72,20,16,97,80,29,44,3,74,72,34,81,29,92,29,54,14,21,91,67
80,28,17,65,63,42,43,49,4,37,40,47,83,1,82,41,49,27,29,7,17,87,16,86,49,87,5,2,18,26,29,96,54,50,18,98,34,11,66,54,81,94,57,78,81,55,15,9,3,96,28,86,17,9,8,100,100,26,9,43,25,9,45,82,83,29,100,77,2,12,0,40,78,76,82,58,25,47,45,42,43,64,3,14,74,49,44,69,42,27,36,9,70,6,51,26,3,100,76,56
71,98,50,11,59,88,17,35,16,0,79,46,24,73,88,41,56,34,76,90,65,17,4,65,78,96,37,11,39,33,27,6,37,68,70,98,41,42,77,44,60,74,88,8,71,63,25,39,91,44,63,0,39,4,76,86,13,71,30,23,36,23,79,84,18,32,77,98,62,30,96,58,82,91,58,63,27,44,48,20,9,82,1,58,75,53,2,86,65,36,28,20,56,29,69,29,23,16,14,11
15,84,89,37,98,89,35,2,88,18,82,32,22,15,8,62,95,54,17,34,31,26,55,27,65,39,43,30,38,63,67,19,52,96,9,59,70,36,66,46,7,16,46,86,86,22,29,3,3,0,59,82,0,90,77,84,67,88,17,43,60,12,74,1,94,12,77,68,29,6,72,0,79,81,88,13,3,26,28,46,67,50,52,12,40,78,57,84,87,44,80,7,74,23,7,9,95,66,12,71
57,75,99,47,91,51,58,44,10,16,58,75,16,55,83,45,38,25,25,13,44,3,33,37,39,54,81,41,36,8,2,80,91,44,21,2,75,55,82,55,89,28,88,13,67,20,89,83,65,30,69,49,0,75,38,3,82,65,96,38,35,55,50,92,46,78,65,59,50,15,33,33,46,92,40,74,70,62,98,75,57,49,64,24,85,16,53,51,16,17,71,38,29,56,49,19,79,12,47,78
96,73,57,16,21,30,70,86,44,41,17,49,93,47,72,35,91,91,20,72,78,81,85,92,25,49,48,97,12,72,46,21,46,30,2,81,89,22,84,2,19,84,70,31,45,67,66,10,70,46,48,53,45,12,88,12,4,21,66,32,90,3,40,46,27,66,34,61,2,25,97,97,12,65,66,9,22,44,41,17,45,4,62,86,30,71,26,46,4,46,81,71,95,97,6,0,48,46,42,36
87,89,51,10,40,93,45,52,52,20,7,73,65,9,15,72,68,89,0,51,83,5,26,17,76,61,42,69,47,91,84,57,41,58,63,49,16,17,2,45,10,72,84,56,0,19,81,12,97,36,88,19,20,86,99,64,34,100,16,50,74,36,9,41,88,31,98,32,65,58,22,100,52,95,77,54,85,81,55,62,20,15,69,2,11,69,10,77,40,33,76,77,27,20,95,88,33,95,87,48
71,6,36,26,95,100,5,32,87,81,7,28,29,21,59,67,26,22,51,49,75,72,97,80,8,48,27,22,100,33,60,14,95,23,74,96,76,73,59,53,47,55,32,7,85,40,40,16,69,17,54,96,54,19,67,63,81,39,12,3,65,6,65,95,50,0,79,38,98,65,73,85,24,70,16,70,95,39,7,80,2,35,59,91,32,93,99,21,63,93,98,66,89,26,61,74,50,25,37,24
50,92,57,100,40,89,90,45,4,45,54,80,58,68,11,61,68,47,1,58,28,68,52,70,12,43,95,54,93,43,12,81,85,85,6,69,99,72,42,56,8,15,34,87,20,2,67,11,7,25,34,99,58,93,22,4,63,41,2,54,14,36,62,43,3,9,48,32,41,24,44,32,25,13,14,51,29,23,30,14,6,10,6,41,13,66,40,51,28,3,81,65,74,92,98,91,12,89,51,72
56,16,26,78,53,49,0,90,95,58,40,60,87,27,65,100,29,99,86,79,1,3,92,88,53,90,44,61,33,34,39,89,19,27,97,39,85,24,100,25,61,72,70,12,16,69,60,80,47,30,30,83,98,69,42,81,14,74,14,96,6,10,25,32,82,34,70,81,47,99,72,74,22,67,22,16,49,35,6,78,13,2,70,28,57,97,61,85,13,25,10,45,8,26,60,72,61,19,84,84