10,92,0,69,51,50,50,11,92,24,18,81,98,99,72,15,47,24,14,30,25,91,17,75,25,15,61,69,38,63,44,35,30,49,40,75,18,4,89,31,84,80,31,36,28,29,87,57,7,71,95,51,57,77,12,3,4,72,41,23,71,23,95,96,68,42,12,57,16,92,10,23,61,41,57,18,31,92,70,6,44,62,88,1,66,16,56,69,91,9,51,92,94,57,4,66,98,17,97,66
38,15,50,51,97,74,35,94,52,10,17,54,78,72,60,94,98,70,98,84,83,77,83,68,73,67,61,91,33,2,49,92,32,38,17,86,66,22,73,5,62,79,88,43,50,49,29,33,49,91,98,57,33,48,8,8,90,16,79,8,21,90,13,48,58,24,99,16,42,47,76,65,3,36,96,90,65,5,48,76,73,78,87,64,12,55,60,26,87,88,51,41,2,100,81,29,29,89,86,98
54,60,71,85,49,72,86,20,62,36,97,64,62,68,46,41,38,3,19,100,59,33,97,14,74,97,74,57,55,21,4,97,5,13,71,7,98,10,17,62,96,69,90,97,91,9,100,34,46,94,1,42,37,39,25,93,92,37,21,55,2,19,80,15,14,74,28,35,58,72,74,82,58,20,49,88,97,81,40,77,46,84,71,51,5,29,62,88,7,46,80,25,0,41,89,27,74,46,19,94
55,64,21,79,53,71,83,1,25,30,84,37,7,93,51,88,10,83,54,54,28,71,59,17,47,92,75,24,58,22,75,52,82,37,32,60,43,60,5,100,43,77,48,70,92,6,67,78,56,78,14,14,61,83,97,76,13,58,87,94,84,18,12,63,25,86,35,80,32,72,4,12,96,13,35,29,13,35,51,1,39,9,23,27,78,71,85,76,70,30,74,3,22,16,0,91,89,72,13,76
21,50,63,43,98,68,23,86,6,0,70,61,26,85,62,39,0,59,44,76,35,45,33,56,0,92,81,22,96,52,53,45,96,2,88,56,51,95,77,3,67,93,74,21,87,59,90,79,72,33,0,86,89,92,93,18,33,35,75,2,66,39,13,38,0,71,43,45,62,31,74,97,41,29,82,89,33,6,84,37,46,45,63,63,44,94,72,89,83,98,74,59,38,24,70,0,14,15,62,89
25,72,49,58,28,100,9,58,96,74,88,45,55,14,97,90,86,21,73,29,43,92,53,53,64,69,51,80,30,54,42,41,30,2,44,75,28,13,71,11,100,74,77,81,76,77,22,91,3,98,80,7,82,34,48,50,30,73,51,71,7,36,41,52,61,38,80,13,42,74,68,93,2,36,48,36,12,72,87,37,19,55,21,90,15,29,83,3,93,27,44,66,10,33,15,12,57,80,20,66
62,40,93,13,20,86,95,91,97,63,42,15,30,49,83,75,17,4,37,35,48,33,40,59,61,11,73,70,32,92,68,78,43,7,68,14,27,82,56,65,48,32,81,36,32,98,73,74,1,20,94,87,3,87,60,47,46,32,39,88,7,31,8,71,26,66,2,0,65,91,85,37,5,26,66,90,16,88,92,61,24,94,40,84,24,79,30,20,83,10,75,98,70,3,47,20,55,91,1,77
41,41,32,37,7,17,45,92,8,65,73,14,33,95,45,7,8,58,68,70,61,23,1,76,58,88,78,19,9,66,49,69,53,39,7,51,51,81,93,0,23,23,3,37,69,27,91,3,47,50,28,88,18,43,77,72,26,43,34,5,87,97,91,99,48,70,58,41,87,65,84,36,65,13,52,99,46,28,78,54,8,45,80,6,95,13,72,45,98,20,27,38,0,44,97,38,44,35,18,94
90,38,27,23,56,73,23,10,47,1,7,96,44,70,80,51,87,43,61,82,60,29,12,68,2,24,63,37,17,43,8,87,21,29,51,99,31,61,77,75,87,84,40,65,42,67,25,12,16,18,63,73,69,8,60,69,9,0,11,79,42,28,23,93,51,70,35,97,18,22,82,32,65,11,70,61,78,72,37,79,51,62,29,41,98,71,84,73,64,85,80,23,34,98,36,96,44,88,41,37
39,56,73,22,4,11,4,32,9,8,52,34,3,6,56,52,39,38,79,19,30,25,56,27,21,32,39,24,34,70,95,84,77,0,41,100,78,56,35,22,84,8,69,92,89,84,68,89,11,10,89,7,62,87,92,28,17,19,81,68,13,15,96,54,69,92,28,65,85,41,45,91,42,1,23,95,23,98,41,48,19,48,71,36,84,8,85,31,85,12,79,20,44,98,11,76,8,81,26,81
80,64,91,32,0,29,27,69,97,24,50,78,69,74,29,34,43,64,28,55,9,52,17,40,39,73,10,59,6,28,47,65,68,42,24,3,7,45,18,31,59,50,65,12,56,57,85,65,43,2,68,96,33,83,35,69,32,7,71,14,20,2,11,30,27,58,55,59,8,43,80,7,72,29,98,64,48,59,9,66,20,68,77,68,67,79,1,63,81,27,84,80,7,52,11,57,57,72,28,23
88,97,60,19,8,82,68,8,60,7,88,83,51,17,57,35,0,90,33,74,21,14,53,47,40,13,71,16,86,38,4,13,3,65,66,23,86,33,42,43,20,37,33,59,33,83,37,60,97,13,35,78,12,81,8,4,77,65,56,63,19,63,91,95,82,20,10,15,15,25,32,2,7,40,74,95,25,22,28,79,4,84,50,52,88,25,77,56,68,6,36,17,60,39,50,44,78,96,57,3
90,86,0,56,73,79,44,98,98,74,21,43,48,21,8,75,24,53,69,76,48,0,75,89,87,71,79,10,9,85,40,32,29,38,62,80,72,67,45,3,44,22,80,25,73,6,60,28,49,15,43,12,1,9,1,8,9,97,48,31,80,25,36,54,25,9,36,47,77,11,68,65,92,16,50,14,78,94,86,12,16,45,68,26,35,46,89,58,30,95,76,58,97,85,17,53,6,31,70,86
76,5,54,8,31,68,79,21,69,78,5,20,40,98,62,69,68,62,65,24,92,80,2,70,64,66,89,11,98,84,38,53,27,83,11,35,41,48,52,54,6,49,2,67,40,1,69,72,23,75,34,77,11,70,65,43,95,14,67,50,83,63,68,81,39,4,43,83,52,5,26,38,45,40,84,3,33,60,17,53,94,14,97,52,88,84,38,94,5,98,54,6,93,68,97,59,27,11,68,34
46,70,85,21,33,2,65,1,94,90,38,84,19,53,1,30,65,19,65,46,96,10,10,25,18,17,76,33,28,74,79,96,1,74,54,71,20,26,77,9,57,45,46,22,81,15,75,14,52,27,70,22,46,30,73,64,57,19,1,92,19,12,38,3,72,33,53,13,39,10,58,86,56,95,84,2,81,97,39,25,29,8,64,16,33,74,45,20,1,54,98,37,93,51,86,15,96,41,48,15
30,59,87,20,80,17,45,19,93,46,44,46,97,18,20,76,3,71,50,12,90,70,26,64,48,2,58,99,65,15,88,31,57,69,56,95,91,92,83,82,12,17,55,90,67,55,16,48,36,9,18,99,15,26,21,62,86,95,96,37,47,47,79,34,58,39,18,98,91,89,44,58,95,64,49,90,59,6,61,76,52,39,44,92,2,97,93,91,49,34,76,40,91,13,31,50,50,40,6,66
95,38,38,86,68,27,76,26,75,12,41,74,68,62,99,1,63,57,30,0,35,40,7,77,56,64,83,28,37,19,24,0,14,48,48,10,38,98,62,42,1,81,44,71,70,3,1,66,24,35,27,98,6,91,9,4,7,25,50,36,37,61,6,70,89,63,18,19,96,22,42,65,74,70,83,37,49,96,18,61,14,68,43,10,28,79,75,41,62,33,59,49,69,39,91,16,8,12,97,84
78,17,2,33,57,61,62,50,18,14,55,62,56,19,50,59,49,44,28,8,20,19,26,36,9,81,90,49,49,5,75,28,2,51,86,59,94,30,69,60,19,69,38,5,30,4,30,0,9,87,92,13,44,83,77,47,6,13,98,67,52,59,35,45,44,60,86,13,40,33,83,21,84,65,16,33,2,48,3,18,84,89,23,69,52,38,48,32,47,4,77,23,60,18,76,72,84,99,31,45
29,60,6,56,41,39,76,54,63,8,16,92,15,96,7,64,19,38,0,37,83,8,15,31,3,58,75,10,68,98,70,83,65,13,53,48,35,94,9,50,15,7,93,34,88,85,87,43,59,14,20,47,85,76,57,44,23,99,25,1,63,30,51,11,20,15,40,30,68,39,96,91,69,90,76,65,21,40,65,39,38,54,88,95,89,5,50,63,5,42,91,71,54,86,66,98,96,45,29,47
64,13,54,19,54,6,62,78,81,42,81,95,50,16,58,56,15,77,15,100,45,92,26,40,67,72,83,68,82,83,65,26,31,94,58,13,47,64,88,16,49,16,34,68,98,16,52,19,34,43,35,48,84,52,33,56,36,54,74,77,81,24,6,51,74,22,76,25,34,77,82,7,92,48,81,10,63,96,72,27,88,62,50,89,33,98,90,82,4,83,80,37,47,36,31,84,51,7,75,6
61,79,98,3,61,51,64,46,79,80,34,59,20,0,51,24,90,29,97,39,81,9,55,94,100,28,41,57,66,63,10,84,69,92,96,97,2,14,96,42,37,5,49,55,25,84,26,42,78,99,52,54,74,18,3,50,27,74,26,95,47,86,84,21,9,30,75,49,13,51,4,9,3,30,16,4,21,73,2,53,89,80,83,81,51,80,8,36,57,24,88,100,99,6,52,47,14,66,41,56
21,71,77,62,20,59,93,62,1,0,40,91,30,68,72,69,84,21,86,66,42,14,12,14,38,84,67,69,37,42,93,83,12,50,52,37,100,36,42,62,74,40,65,51,73,16,29,85,13,93,18,23,30,69,9,10,14,62,66,67,62,2,42,76,94,69,3,38,88,37,0,83,52,24,37,57,39,69,69,29,37,52,79,21,32,11,11,71,53,31,96,6,55,2,97,72,44,5,85,28
68,67,97,48,30,33,68,55,30,52,86,66,56,68,39,55,95,82,0,30,44,42,5,38,62,15,77,11,91,10,72,57,18,25,61,89,88,57,77,73,98,49,93,27,45,51,56,48,15,51,21,87,15,59,8,59,86,40,21,11,89,100,97,57,9,56,98,31,61,38,31,39,7,63,6,90,19,46,84,10,91,71,99,92,86,9,75,71,45,16,89,9,37,80,73,75,14,15,75,92
5,88,85,25,79,99,35,56,41,58,61,14,60,84,41,10,6,67,64,87,83,37,0,77,40,74,85,19,6,2,88,80,97,26,1,95,71,60,92,58,25,11,55,33,19,89,54,47,43,71,86,5,33,82,74,42,95,89,75,86,19,66,75,36,72,91,67,59,54,46,2,47,6,58,26,11,64,80,73,33,58,86,91,39,1,54,8,66,1,0,100,69,15,39,37,57,48,97,31,28
10,30,27,13,93,54,66,41,98,59,29,28,72,72,43,45,12,88,15,22,44,58,71,95,98,19,0,57,1,61,77,93,10,56,58,13,12,47,80,96,88,15,31,0,24,20,46,66,42,9,28,21,2,44,77,45,76,33,13,69,100,25,19,18,69,74,92,90,79,26,73,48,40,26,15,30,5,56,13,73,31,72,70,87,42,13,39,61,15,86,32,57,92,43,87,5,72,50,6,99
14,61,58,2,99,10,77,89,93,15,67,58,47,88,71,91,19,17,53,1,12,60,24,76,56,0,96,26,74,77,72,18,33,29,60,19,62,44,26,69,30,100,10,44,25,19,14,10,15,4,33,11,58,96,95,35,41,100,67,24,33,26,52,25,41,64,35,90,48,28,1,76,63,77,90,47,60,23,76,48,16,46,37,9,18,23,25,20,36,28,53,6,27,51,59,8,85,43,14,66
64,98,19,71,66,21,92,1,93,26,44,27,97,32,63,13,94,45,9,50,11,57,17,81,43,33,62,54,37,29,7,3,40,55,24,67,39,32,87,63,42,90,37,57,4,96,69,15,17,29,38,7,86,68,98,81,87,63,52,88,96,20,40,2,98,59,65,95,35,14,22,93,92,59,62,11,42,9,41,5,67,97,64,3,31,45,72,24,65,52,7,8,32,98,47,10,44,81,5,40
84,0,61,17,18,34,44,90,20,73,98,81,31,94,83,20,21,37,20,97,6,82,15,28,28,58,37,8,75,24,40,48,1,67,12,6,92,68,5,1,57,92,22,90,55,4,98,41,73,37,96,59,47,37,91,66,87,32,30,56,58,100,35,94,94,2,13,100,77,34,67,41,66,18,47,26,84,53,62,56,69,51,7,45,83,44,23,62,81,55,71,89,90,48,58,52,90,3,43,42
31,90,58,58,43,56,3,72,50,38,93,99,87,52,35,60,60,44,1,51,27,54,87,37,22,39,69,51,10,58,77,72,84,44,11,99,30,69,88,36,81,40,16,59,61,94,75,15,61,37,89,57,59,94,12,55,76,11,57,42,38,39,22,57,3,19,49,90,42,55,27,32,29,64,83,96,89,46,71,89,17,16,33,40,48,99,70,65,100,59,88,25,62,20,3,81,50,87,31,0
98,92,28,0,2,77,37,13,61,40,39,22,61,79,51,84,45,31,79,38,39,10,5,34,47,27,95,36,10,60,48,72,84,27,24,88,54,30,99,60,68,92,16,17,77,30,15,76,4,92,18,29,82,96,47,43,91,25,37,72,36,69,59,10,100,59,63,72,75,53,76,15,88,95,0,72,40,37,23,56,32,52,43,9,70,82,46,62,65,7,32,33,96,76,32,64,45,78,23,13
82,3,42,42,97,86,45,58,13,30,8,73,31,16,65,2,2,66,68,34,88,36,57,52,79,26,9,11,45,15,60,95,16,13,22,43,50,57,54,35,48,79,90,53,12,15,55,36,45,41,91,3,6,63,30,51,26,12,7,3,22,35,11,28,91,52,52,67,68,82,83,69,5,47,1,62,21,3,94,16,20,34,79,34,33,89,56,6,23,85,76,64,12,50,33,18,58,68,75,45
96,61,34,72,34,31,17,22,52,31,63,98,88,72,56,86,7,34,66,78,52,79,8,6,94,16,1,11,9,80,36,0,28,76,44,16,4,9,87,27,70,72,6,40,33,54,34,21,65,10,25,90,10,16,65,65,57,32,38,24,98,98,3,21,94,82,71,19,97,66,38,78,73,76,55,54,10,68,74,85,96,92,57,74,51,38,24,65,41,88,73,72,78,64,35,55,94,77,27,70
47,21,3,20,69,50,84,50,56,0,21,60,6,11,34,32,21,46,84,83,22,72,63,76,69,80,31,56,98,98,82,53,97,7,100,75,53,28,88,15,75,21,10,99,98,43,39,39,92,32,36,33,0,90,58,59,7,55,89,62,91,63,88,85,72,88,39,26,17,34,13,68,66,12,54,35,94,4,29,51,4,17,18,10,77,39,99,88,52,89,28,1,98,81,45,20,64,2,3,65
31,51,44,79,33,35,61,17,15,70,88,62,79,38,58,49,77,26,99,16,58,66,69,41,11,54,44,2,96,58,73,78,94,48,18,84,37,93,27,82,36,97,99,88,81,60,46,38,37,33,56,80,70,19,21,48,11,49,65,98,97,61,4,21,32,20,15,95,59,17,6,91,18,78,9,15,63,53,44,48,24,11,42,34,91,29,59,6,66,28,56,42,65,72,53,61,46,98,76,47
94,43,9,9,96,92,17,4,64,33,18,25,31,62,69,29,64,46,99,17,16,38,27,0,86,83,86,100,90,66,93,72,49,86,65,66,91,18,35,82,54,58,63,55,89,50,29,51,33,86,61,75,100,52,49,4,75,78,34,78,98,84,73,67,8,69,36,40,64,69,99,56,50,36,96,8,47,15,99,50,49,39,67,43,26,5,63,39,22,9,94,78,38,8,78,84,80,71,46,36
62,12,53,38,1,79,12,12,90,47,15,86,44,87,79,5,0,48,10,19,67,47,19,38,14,98,11,85,92,83,72,61,63,51,27,24,77,1,64,32,38,0,88,47,51,7,77,75,16,71,30,36,23,99,1,33,80,94,62,81,5,83,91,22,9,87,78,31,91,6,68,1,27,61,15,22,36,23,62,91,71,97,54,51,90,22,24,47,19,41,83,17,75,27,39,40,87,66,2,50
26,65,21,49,93,1,68,99,74,65,8,23,63,32,19,65,80,38,82,44,41,17,18,86,63,92,85,73,44,71,66,8,49,49,57,7,68,39,48,99,44,31,75,10,6,17,100,63,9,23,46,33,76,17,1,60,36,58,95,45,45,96,34,80,61,95,99,3,72,35,19,72,65,0,22,38,92,64,14,15,86,14,44,24,71,18,67,3,9,14,15,71,45,22,58,78,0,42,94,95
49,77,62,88,29,83,8,18,33,80,47,38,61,14,54,38,71,3,29,88,54,34,74,51,0,62,13,88,95,78,65,26,38,51,64,47,35,76,65,59,38,31,23,62,8,22,31,34,68,42,26,57,86,79,62,47,100,59,88,51,39,11,91,4,1,29,7,62,68,3,51,48,56,72,98,1,23,29,51,98,39,7,93,5,85,90,2,23,74,64,64,5,16,63,90,72,38,54,43,31
62,63,59,46,67,26,71,48,56,69,9,89,67,30,72,28,92,87,64,4,89,48,48,2,48,76,50,27,8,74,46,42,100,26,12,74,35,49,97,24,80,2,38,27,87,61,80,97,34,38,11,46,22,76,83,45,91,50,44,53,38,35,63,50,57,23,87,64,41,94,92,5,49,82,30,76,63,54,34,73,15,88,10,68,26,7,91,94,89,4,90,6,36,51,14,59,13,89,50,1
46,3,76,33,33,72,68,100,32,93,78,64,1,16,37,51,67,46,84,51,52,30,10,48,80,93,34,89,39,27,17,78,74,93,72,94,93,20,22,35,62,35,46,86,85,7,79,37,12,18,16,25,10,82,72,40,55,92,47,23,62,88,89,30,90,19,0,99,28,54,56,24,49,53,96,65,85,35,97,45,84,95,75,30,67,62,4,91,1,87,40,17,31,24,85,64,79,52,97,11
93,1,23,96,50,11,48,35,51,61,15,31,9,92,45,12,93,7,25,45,21,68,14,94,68,15,93,30,34,77,24,24,22,100,68,5,72,86,24,59,21,26,41,97,17,94,96,69,96,95,69,97,19,48,89,56,96,86,25,36,4,94,61,63,34,48,39,38,12,66,53,47,100,81,6,79,33,48,85,66,81,39,19,76,0,99,44,45,76,35,53,20,34,95,32,40,45,47,92,39
46,41,21,2,42,46,0,0,98,52,4,11,53,47,12,64,90,18,48,53,83,96,1,68,44,84,50,79,43,24,49,62,76,84,40,94,30,68,41,46,49,62,75,96,74,49,65,89,50,21,15,70,87,25,79,76,62,57,14,32,21,11,79,50,22,5,86,26,59,58,15,20,23,12,59,57,97,80,29,78,47,93,1,17,57,1,82,54,69,90,42,65,53,95,27,12,25,15,18,11
55,30,38,9,90,1,35,80,63,9,44,73,44,23,31,33,75,34,90,22,57,55,25,76,54,58,22,88,85,83,41,9,60,71,95,42,39,18,59,6,29,56,72,77,69,80,57,60,5,27,84,3,74,30,73,78,17,46,5,84,27,49,85,99,79,54,22,19,92,94,3,13,96,91,9,56,35,58,16,76,26,3,67,46,45,21,90,93,70,58,19,56,11,51,73,82,97,76,19,10
43,58,5,5,81,85,78,3,86,84,68,54,28,93,87,66,51,43,37,84,100,99,93,83,69,11,42,67,30,46,60,11,4,37,8,57,66,95,58,92,71,50,85,53,19,7,43,13,65,6,54,99,37,96,78,94,66,64,52,42,87,16,16,63,5,33,36,26,18,44,76,16,24,57,26,82,10,53,70,49,15,48,28,3,63,54,51,35,67,56,7,3,40,58,59,43,26,48,20,12
12,85,82,6,81,94,45,12,48,14,9,32,60,5,95,3,6,41,5,18,95,38,82,90,0,92,67,69,31,74,28,98,93,5,90,19,44,95,91,97,17,54,37,76,48,65,43,91,55,69,62,7,73,71,16,12,54,12,78,22,11,75,0,64,74,68,36,98,86,9,97,60,26,22,19,88,81,34,21,54,48,78,4,68,66,97,46,93,94,47,74,29,46,52,27,48,26,29,24,24
32,58,67,72,10,88,58,2,46,98,51,96,65,44,70,31,39,95,87,52,46,73,87,43,88,89,52,16,1,89,77,72,28,83,4,26,51,29,25,6,5,72,70,35,82,86,1,39,33,16,100,42,93,11,20,85,83,66,31,43,88,13,52,2,48,78,39,85,40,51,72,45,63,10,75,26,90,89,46,10,80,28,12,64,18,96,32,43,25,17,8,13,80,76,77,43,31,7,4,83
73,99,89,100,68,65,97,73,80,40,18,41,37,37,98,32,76,97,3,56,97,37,94,83,1,75,14,19,68,95,48,72,5,55,55,42,23,46,71,4,65,55,21,40,97,98,49,17,15,44,4,2,76,64,32,19,63,15,87,46,36,62,43,53,47,1,19,45,88,4,55,94,55,65,16,88,4,16,79,28,81,83,37,97,97,62,78,9,81,35,70,32,78,79,86,66,49,76,10,20
66,29,48,9,7,82,63,48,53,96,61,40,21,86,88,94,10,16,48,37,95,85,57,78,94,50,77,71,19,63,58,13,83,69,58,7,40,66,92,6,68,16,14,3,56,100,59,84,76,23,83,57,10,19,89,42,76,39,12,31,21,22,30,87,82,2,36,32,96,52,44,81,55,29,38,84,83,51,60,93,57,62,50,71,81,43,51,10,52,42,58,59,3,63,27,53,38,53,48,89
14,23,25,43,8,60,40,24,81,25,30,29,36,36,64,73,64,66,16,36,46,85,15,37,33,7,54,11,75,70,38,3,29,91,30,46,21,71,27,86,40,43,39,22,12,1,79,19,29,82,76,96,59,33,94,50,14,42,73,35,94,62,69,81,69,30,17,70,77,34,38,83,82,5,67,16,51,36,9,84,60,34,53,91,42,28,15,58,98,99,33,85,50,94,40,61,25,45,75,75
79,76,31,0,100,86,49,67,78,72,8,69,83,60,35,84,26,71,7,37,99,18,47,11,60,56,40,51,46,17,10,100,94,95,23,81,28,90,58,66,42,46,56,52,19,83,11,85,67,67,32,86,10,92,11,98,65,51,80,85,32,40,13,69,77,73,34,44,38,61,32,15,88,20,64,85,18,96,29,37,40,1,19,55,3,41,99,42,75,34,30,14,92,22,8,70,24,21,36,3
72,94,44,13,25,90,63,13,37,74,24,89,35,14,81,54,37,2,92,46,24,95,48,9,95,72,99,82,22,4,44,83,17,100,27,45,0,49,58,32,44,4,86,87,82,93,92,93,35,73,25,46,30,31,87,85,88,88,63,94,66,67,79,87,4,47,85,95,29,76,96,45,46,52,38,31,75,70,41,54,45,79,38,84,78,6,92,53,78,41,44,13,18,99,90,13,35,90,63,67
15,28,46,24,29,17,96,59,42,99,64,69,22,26,23,75,18,8,29,58,90,21,28,63,67,73,31,54,97,66,70,51,38,73,83,100,29,43,73,14,87,87,51,52,96,41,7,2,38,52,75,70,51,43,90,39,7,98,53,5,81,19,94,7,56,75,8,54,64,75,92,82,9,18,32,19,27,63,93,42,3,6,2,15,87,22,21,6,10,79,6,64,90,27,37,6,94,9,75,1
3,14,88,68,43,57,80,82,92,45,59,62,96,29,32,22,20,74,100,79,42,76,38,57,25,30,98,85,27,40,56,9,51,81,65,34,9,59,40,84,37,67,5,14,28,25,0,12,9,16,67,5,55,80,95,58,81,18,2,87,35,67,78,70,84,51,72,5,46,80,73,82,6,22,55,87,75,17,42,20,32,32,27,53,60,46,84,41,88,62,89,96,85,91,6,38,2,53,32,81
18,65,54,56,63,5,2,57,99,53,57,22,2,40,20,8,4,38,86,86,26,44,6,85,78,72,12,95,32,63,87,1,38,77,66,79,37,35,99,48,33,26,3,72,44,53,14,40,5,46,17,96,20,87,22,11,89,61,1,12,41,44,64,52,4,93,35,72,46,14,71,26,36,34,83,96,43,71,4,86,97,85,58,82,31,12,68,93,19,2,50,35,19,52,90,47,7,18,72,27
3,80,99,36,39,5,28,42,53,27,62,18,92,87,76,29,1,97,21,51,13,75,9,64,43,77,3,100,10,55,48,33,64,74,42,76,16,91,81,86,63,11,31,84,63,89,57,64,13,8,44,68,40,12,59,32,28,80,85,48,95,14,94,10,31,28,68,42,38,69,13,8,80,49,94,15,10,33,42,98,91,41,15,69,55,47,14,56,55,39,8,62,42,52,19,86,6,68,8,5
79,26,75,70,31,34,62,3,54,21,16,59,41,1,43,25,19,15,58,15,13,57,52,6,39,48,79,55,36,40,21,44,19,69,96,52,24,14,66,92,8,4,92,16,59,79,44,97,12,55,77,89,11,54,17,44,95,29,29,37,68,59,37,2,56,29,46,62,32,65,57,18,74,83,75,39,0,28,76,22,68,40,45,58,62,54,26,52,60,19,60,76,23,9,79,37,67,87,7,34
83,69,38,4,9,98,19,80,14,42,26,81,56,95,3,38,34,50,62,84,38,5,44,43,90,48,66,85,86,38,57,56,97,21,50,48,31,88,12,58,67,87,58,66,44,3,83,6,2,84,62,55,97,32,26,12,17,89,44,28,71,84,60,42,95,6,63,9,94,75,79,29,32,56,3,93,62,58,49,48,34,73,80,15,8,33,100,66,37,13,51,47,82,90,15,91,22,21,2,32
57,44,36,4,32,23,53,80,81,89,34,56,53,28,86,54,55,14,61,75,70,2,26,77,71,84,48,5,63,7,64,44,74,32,57,36,86,37,49,24,55,52,50,54,11,10,91,0,11,2,16,39,63,45,98,25,35,58,72,7,62,16,35,52,48,33,0,61,49,99,79,87,68,63,19,36,77,25,47,26,65,37,22,19,83,36,30,63,18,1,56,50,2,68,50,4,23,72,61,45
63,39,96,88,46,35,60,62,71,44,0,27,66,0,88,67,50,71,42,6,83,83,3,31,54,84,3,67,91,82,38,98,69,13,3,20,74,66,29,60,4,6,95,77,86,51,87,44,50,4,28,44,75,81,82,16,40,5,66,91,76,73,13,11,9,27,86,49,11,45,68,87,9,24,24,18,81,39,61,98,68,43,55,49,34,20,100,39,41,86,76,33,83,29,69,95,17,59,89,81
5,13,66,42,49,57,29,70,3,15,2,3,60,47,69,89,53,6,10,89,94,31,47,93,22,99,79,96,61,25,21,86,91,47,54,67,11,88,33,47,66,28,54,71,17,18,37,94,63,63,31,100,45,32,28,67,3,15,73,72,74,85,40,88,52,55,33,74,6,15,0,33,48,65,28,0,8,98,26,83,10,82,84,92,56,36,8,5,55,15,10,53,61,23,9,13,53,84,100,92
75,11,62,100,84,60,41,95,28,3,20,81,20,12,74,40,86,71,92,64,94,73,39,96,75,72,6,21,35,89,5,0,36,37,5,7,81,98,94,61,5,24,20,1,0,62,35,10,17,73,80,68,77,23,67,2,29,72,13,1,34,1,36,72,24,84,99,23,33,21,61,13,33,30,71,22,30,39,50,66,73,60,19,2,66,12,1,23,9,20,13,44,98,65,46,46,33,42,30,45
89,75,14,61,7,56,63,67,32,62,47,82,11,47,60,79,5,50,33,90,0,94,49,28,7,56,26,90,45,34,81,33,69,69,3,47,30,50,88,91,61,82,45,35,36,71,24,8,20,83,36,30,6,58,19,12,38,69,40,55,88,78,18,82,89,48,79,58,99,13,1,98,69,84,58,50,100,37,97,37,71,20,52,53,79,48,89,78,40,67,49,35,59,69,62,62,67,64,38,62
22,34,92,7,19,0,68,22,34,46,69,60,79,2,87,35,8,40,74,30,37,50,56,42,40,48,90,100,6,17,16,5,15,64,3,92,45,90,30,96,46,80,94,78,16,74,96,90,61,67,66,100,18,60,63,37,21,90,9,14,72,49,70,15,80,35,67,93,57,5,76,85,81,84,25,53,26,13,92,82,56,83,85,56,39,4,86,51,67,50,43,68,22,90,96,14,74,29,4,12
100,38,46,79,51,39,65,78,16,90,48,96,58,87,13,78,60,44,61,47,1,55,39,1,64,92,31,96,41,21,90,95,13,24,74,18,37,82,78,23,29,19,41,6,15,14,42,77,43,98,2,1,37,10,7,43,54,47,19,67,39,63,34,59,61,8,89,23,87,37,53,25,35,16,73,51,75,13,48,16,75,2,8,20,68,46,93,24,15,84,17,74,77,7,87,95,11,4,12,73
91,78,16,39,68,27,36,11,35,67,15,6,63,59,42,67,84,55,87,65,66,82,14,9,62,58,12,13,90,39,1,99,41,62,4,34,31,62,0,86,48,71,73,80,81,13,46,52,9,24,40,85,1,7,33,44,47,33,33,87,57,6,96,33,19,79,93,92,70,28,66,44,26,63,84,5,70,33,6,39,81,4,47,63,29,75,56,39,90,97,5,33,93,40,87,13,55,66,82,74
93,16,91,57,45,48,79,96,58,11,67,36,53,67,77,69,64,43,37,73,94,60,98,20,47,38,87,91,87,42,81,10,91,23,15,10,68,55,68,0,26,12,33,30,15,68,43,50,69,1,61,25,77,22,53,89,74,82,8,38,80,30,17,27,52,10,69,62,66,65,43,65,60,11,77,84,59,85,40,59,18,95,99,37,100,8,8,5,32,0,57,82,44,17,27,73,67,59,31,18
76,48,27,23,4,66,81,96,15,45,19,20,27,80,38,35,48,37,55,60,45,98,99,89,81,17,81,16,85,72,29,19,67,38,30,2,32,42,8,52,32,78,40,2,24,99,87,61,50,24,91,76,90,18,6,93,83,13,28,67,85,34,49,64,48,0,38,66,34,82,89,82,19,32,28,76,90,79,13,4,66,47,36,39,25,47,22,93,5,71,34,49,52,24,48,100,10,12,84,60
5,31,85,27,12,58,26,64,75,96,33,69,99,95,62,86,57,75,99,20,64,94,92,85,13,83,51,43,74,34,50,48,17,52,29,24,96,80,11,72,7,23,49,25,44,5,71,16,21,60,78,26,57,45,10,33,96,86,46,92,79,84,76,19,61,55,96,82,12,91,6,30,17,86,39,22,96,60,27,20,57,63,0,45,23,71,24,45,71,24,50,23,86,97,27,93,82,28,66,49
41,92,9,38,30,8,47,84,34,12,4,31,92,6,56,86,56,77,4,77,75,9,87,12,52,45,11,84,29,81,92,72,79,7,39,50,46,95,7,54,15,8,16,33,52,76,91,9,35,7,82,51,0,100,59,40,35,96,96,28,50,76,23,25,98,1,8,88,98,18,22,80,62,77,81,27,16,34,30,23,29,40,10,24,48,76,38,44,84,35,57,8,59,98,42,51,34,69,37,58
23,30,71,96,62,64,6,32,53,68,22,51,100,50,69,79,73,18,56,75,99,99,82,63,69,37,41,24,56,75,95,14,52,26,63,24,90,100,41,0,57,65,40,80,25,12,89,2,65,38,92,75,69,52,14,39,56,89,95,83,74,19,43,40,43,4,81,32,84,81,99,60,21,25,58,16,37,11,1,81,54,19,68,59,73,23,86,27,95,27,31,41,50,1,89,84,72,84,75,37
80,33,40,80,11,48,22,93,98,25,66,83,36,72,98,20,76,48,57,36,0,34,98,91,26,93,18,45,66,20,33,5,96,91,83,55,99,85,61,54,66,53,93,91,26,18,80,29,19,49,94,97,92,72,69,2,36,61,76,66,80,96,95,30,94,11,47,66,76,11,36,94,42,13,30,75,7,87,98,57,24,27,30,11,44,55,85,3,62,69,87,10,67,97,27,69,24,92,72,44
20,62,86,26,22,92,97,62,59,19,44,3,69,17,72,47,60,36,79,5,61,69,8,53,51,82,44,4,22,88,79,12,20,96,10,33,69,86,82,29,7,32,13,27,93,5,48,61,73,68,17,34,28,21,96,37,0,1,84,52,70,22,99,45,58,21,30,39,38,39,17,57,38,95,57,88,87,60,70,56,29,54,75,52,71,31,8,69,59,12,39,24,24,35,9,55,59,99,54,62
33,13,6,75,80,32,33,100,62,94,92,54,74,91,28,35,62,98,42,66,83,40,72,44,91,92,5,8,41,92,4,46,75,43,63,13,23,7,19,47,8,45,27,7,61,77,26,67,52,6,75,13,38,61,60,18,69,5,41,72,40,45,67,65,16,23,21,76,52,26,18,13,67,35,69,57,35,73,82,31,53,56,70,16,44,58,94,25,35,99,56,7,1,47,21,35,78,61,64,94
6,25,97,83,26,59,63,45,45,63,34,94,84,40,26,42,53,89,50,47,97,82,71,68,71,66,36,83,86,50,18,85,24,43,49,59,1,14,62,9,49,8,0,81,91,39,57,8,59,22,82,90,69,18,3,44,25,56,13,77,58,86,55,40,25,77,68,93,0,14,76,37,46,85,96,26,92,3,25,99,88,63,83,43,18,18,78,87,25,80,19,83,70,91,15,26,4,46,83,90
73,9,68,100,36,31,39,97,31,93,41,53,71,65,31,69,89,30,20,88,56,25,23,46,24,60,32,46,51,1,81,81,8,16,91,38,21,29,72,57,62,53,44,45,32,2,90,63,39,99,33,82,84,56,65,54,16,24,60,58,15,88,13,93,43,80,82,33,70,100,47,89,1,54,16,83,51,24,42,45,38,13,28,26,40,21,85,35,1,96,11,31,20,81,70,13,52,89,71,21
31,42,35,45,65,43,33,57,52,83,66,14,65,95,13,82,10,77,8,66,41,7,93,87,99,83,85,66,90,10,60,84,39,78,86,84,35,69,33,9,33,96,46,100,12,70,65,9,39,82,73,21,58,55,79,8,99,94,31,54,98,90,34,71,3,64,38,22,18,99,1,96,53,97,61,34,22,35,64,39,3,59,62,42,19,79,63,94,13,58,95,14,42,6,8,44,89,90,94,51
65,79,6,30,72,50,38,21,7,8,72,67,78,7,49,66,40,40,17,60,61,63,62,39,63,90,77,21,48,33,46,68,85,48,43,92,49,17,93,23,89,51,9,8,90,32,36,79,83,21,10,73,74,82,48,41,53,4,51,11,77,0,27,0,29,18,31,6,49,100,7,41,14,77,78,80,20,97,85,55,43,58,27,65,57,0,34,84,45,48,92,85,12,30,50,41,16,93,90,60
53,48,78,98,77,83,48,90,56,90,65,20,61,97,35,41,19,19,62,78,26,97,93,80,87,61,84,21,21,65,41,12,12,22,54,33,25,51,34,31,2,33,2,69,42,92,18,97,49,25,16,56,30,59,39,21,2,23,30,56,6,9,71,86,32,21,43,71,64,21,69,50,68,11,75,55,26,75,43,95,40,75,5,65,43,19,74,69,4,38,38,3,17,12,62,71,83,83,10,41
61,82,53,37,31,47,54,73,26,50,40,4,0,86,86,41,60,29,23,98,78,77,14,88,49,29,19,83,63,30,0,100,61,18,6,75,31,25,40,45,16,76,31,17,50,3,87,78,28,92,87,80,65,71,46,2,92,11,50,25,45,15,47,95,4,66,63,65,46,21,8,64,25,17,27,61,56,64,85,49,86,67,2,45,66,87,84,77,2,53,94,22,97,36,72,6,71,78,1,75
73,2,26,100,33,21,29,7,28,94,93,76,7,61,34,72,55,78,13,73,5,35,86,57,30,27,16,2,39,64,75,82,60,92,21,23,57,95,92,8,93,31,44,38,53,23,8,74,10,60,35,90,87,98,13,58,82,41,72,77,48,14,33,88,11,45,39,8,100,51,54,58,14,97,21,65,55,44,75,30,76,0,28,40,47,11,95,83,46,97,92,43,1,6,27,3,12,9,9,0
51,83,25,12,13,35,71,2,5,30,38,34,90,26,78,38,21,78,19,82,4,4,22,62,40,22,59,74,69,20,35,86,19,78,52,50,89,38,76,35,3,86,32,93,2,58,50,1,97,2,21,74,19,9,54,29,20,23,84,4,58,97,50,8,55,71,29,35,31,50,33,87,97,19,7,95,64,1,97,78,73,60,75,24,25,68,62,82,35,93,14,30,96,99,89,32,59,59,18,15
88,21,49,39,27,6,69,85,43,38,10,18,5,77,87,31,31,57,59,16,66,32,82,89,29,77,95,29,61,81,71,98,34,93,90,65,89,69,46,11,94,23,82,14,32,57,36,7,12,84,55,82,29,35,12,54,53,73,36,59,79,77,4,62,51,44,63,95,31,65,34,48,81,8,20,11,23,1,71,75,28,66,99,46,29,18,29,31,3,10,94,32,72,28,50,74,70,49,55,1
26,100,26,86,62,20,89,1,70,89,5,30,63,92,23,9,35,80,90,79,12,70,13,97,91,30,5,95,35,78,61,24,74,55,38,39,21,95,71,48,26,36,26,66,29,8,62,57,77,25,29,20,37,52,69,5,97,0,70,60,98,11,32,48,87,70,22,33,44,67,65,96,2,43,87,24,39,52,16,40,99,70,5,18,83,17,63,2,20,20,87,19,4,94,8,10,89,84,43,24
30,14,72,63,66,38,51,49,54,64,19,46,22,45,98,51,31,8,56,17,12,34,84,60,47,26,20,31,62,87,38,70,21,59,52,29,88,32,6,66,93,14,37,85,59,88,40,17,40,8,87,12,45,44,31,34,13,14,16,85,15,27,87,68,71,89,15,70,28,0,70,98,76,44,87,9,55,40,13,27,45,8,83,31,28,35,84,24,57,67,99,10,43,73,45,46,98,82,32,29
95,51,33,97,57,93,83,54,69,89,60,70,79,2,90,97,79,54,19,86,85,3,53,13,10,73,10,8,40,84,29,2,66,48,26,89,19,76,61,53,45,7,45,1,66,44,29,33,45,100,64,77,86,79,58,94,81,7,58,75,2,54,100,43,42,35,44,27,69,46,32,26,51,35,14,58,44,44,76,80,12,77,37,22,40,24,99,98,54,59,48,66,21,29,13,73,78,77,0,14
27,36,45,82,50,27,36,94,18,15,72,35,0,46,25,87,62,28,83,15,71,18,17,1,38,41,31,50,34,16,98,3,57,20,15,41,74,26,7,83,63,48,39,67,20,15,46,19,38,69,29,73,51,61,21,30,98,88,62,25,11,21,30,94,1,58,88,84,31,20,99,68,47,99,79,61,32,3,30,7,56,53,54,40,35,42,31,85,7,70,54,37,68,100,30,87,100,84,58,76
74,62,75,22,46,3,79,89,67,97,99,20,78,84,3,15,86,10,74,45,4,27,15,37,67,72,70,7,46,51,49,3,84,80,34,83,70,60,64,99,78,68,3,91,100,4,46,47,48,12,34,89,15,42,68,39,16,24,81,12,35,75,67,71,90,52,36,71,66,94,79,90,31,12,59,61,64,55,55,82,7,83,100,52,64,21,94,87,65,49,5,58,45,65,50,88,26,44,71,10
89,84,38,93,42,14,45,78,90,50,67,12,72,54,12,87,44,44,95,40,27,98,71,39,25,15,64,82,40,84,2,6,44,86,66,32,5,56,22,38,79,72,89,38,57,71,68,23,92,97,76,5,95,8,33,5,81,40,35,0,29,100,16,2,15,66,65,27,5,51,67,16,74,99,70,16,28,30,35,91,45,53,12,25,73,63,53,64,51,97,16,73,21,63,3,91,60,7,70,53
47,56,25,11,92,20,62,82,16,12,37,81,81,94,36,77,1,85,49,64,40,2,99,25,87,47,22,57,8,52,94,62,89,83,80,68,66,22,70,88,18,26,53,87,65,45,84,55,64,37,56,51,14,71,7,33,69,82,85,45,46,18,94,29,49,83,10,79,68,0,14,32,24,92,76,34,20,85,3,12,67,46,27,94,96,21,68,93,92,40,45,0,53,37,68,15,92,29,11,47
20,66,34,64,93,64,18,51,96,74,6,0,26,72,13,41,24,30,85,57,61,42,67,8,90,68,90,41,82,87,28,51,35,53,77,59,2,42,7,46,62,33,44,21,39,76,82,48,72,27,8,29,92,92,51,40,35,11,97,93,7,28,28,63,91,45,48,5,44,75,14,92,64,28,94,84,19,86,11,89,37,82,58,38,52,45,87,57,60,61,55,40,22,68,11,98,0,42,41,61
80,84,30,4,16,24,90,25,46,50,79,52,95,70,2,98,73,90,94,77,32,56,3,5,14,49,15,0,9,45,26,43,8,57,53,37,26,93,81,89,10,30,83,78,88,39,87,59,88,100,44,69,38,35,39,19,18,47,47,38,50,63,81,100,22,80,75,61,99,89,37,93,38,73,89,58,4,42,25,2,31,47,69,65,11,7,64,43,41,5,21,89,82,95,55,82,0,19,19,46
29,70,24,17,58,51,15,65,5,36,17,74,90,61,27,36,28,82,6,70,80,83,12,80,99,5,41,44,20,72,13,11,85,53,8,98,56,100,94,85,77,86,86,87,32,18,45,75,19,54,47,45,26,68,94,54,34,39,33,3,30,98,60,23,30,40,19,78,3,54,75,96,19,7,0,50,42,75,25,95,99,62,51,12,49,61,50,50,26,30,51,34,29,34,57,56,1,90,34,34
60,21,77,47,28,3,54,0,79,12,98,73,62,9,46,43,99,68,14,55,3,63,78,80,79,10,1,61,93,16,35,60,62,95,37,49,89,58,50,25,27,90,63,27,70,75,64,54,11,50,45,30,66,34,47,100,22,93,92,20,75,43,54,66,99,74,49,36,0,52,2,53,45,12,20,18,86,31,0,36,87,100,1,36,41,1,53,29,68,63,3,37,22,80,40,73,73,15,33,24
53,98,27,0,75,72,71,84,5,78,26,31,3,15,13,5,92,60,85,1,97,79,0,80,73,45,64,58,94,68,25,48,72,77,47,42,47,74,68,63,13,86,27,64,95,35,8,10,37,11,52,49,68,79,97,82,80,30,2,58,42,63,62,83,62,40,87,49,32,22,10,72,74,42,77,45,5,53,77,100,44,12,58,75,75,68,99,93,95,19,20,26,53,27,41,43,72,3,39,34
41,26,29,93,48,77,73,8,35,60,66,58,41,15,70,94,30,36,83,58,67,88,8,89,51,54,23,36,31,26,73,75,79,31,62,79,48,94,64,87,33,1,45,69,48,40,88,62,82,66,0,65,22,92,32,95,89,8,5,18,93,20,26,93,83,49,76,12,67,44,47,77,83,24,64,15,80,94,82,23,15,81,57,68,5,71,16,17,38,8,31,19,4,60,13,56,91,64,42,90
37,45,73,32,66,96,46,39,96,41,97,83,9,62,45,45,0,46,83,22,77,31,31,8,77,28,32,36,23,67,1,87,21,72,28,41,68,75,8,62,25,62,35,36,38,94,69,29,35,99,3,55,97,17,25,99,5,49,17,91,75,19,58,97,75,57,64,13,51,25,1,40,37,34,75,37,3,10,63,15,92,44,15,47,37,61,90,76,35,0,51,67,58,16,32,94,13,91,7,0
89,45,76,30,24,18,21,17,46,3,99,87,62,24,5,89,27,53,77,11,10,41,80,8,53,15,79,0,87,14,86,43,30,42,26,1,30,51,77,44,13,54,93,76,97,16,48,42,55,5,62,74,68,56,27,94,30,39,73,42,84,93,32,6,81,32,0,26,87,23,77,72,9,36,16,69,23,75,98,28,82,25,81,33,51,63,97,49,66,92,64,31,0,79,51,49,70,66,72,89
80,77,94,24,62,15,95,43,27,80,93,88,72,88,71,99,22,74,16,5,54,77,62,74,80,84,80,82,65,28,44,75,43,38,92,82,4,50,93,77,37,1,66,42,47,25,99,21,22,26,93,41,27,25,83,70,78,66,96,70,21,48,18,58,18,4,98,56,4,25,25,41,3,58,95,58,8,22,61,100,18,60,20,93,99,42,90,91,3,78,20,96,25,12,47,4,77,95,72,36
81,33,6,8,99,16,71,86,70,98,20,36,77,79,89,20,61,11,56,53,78,7,67,14,38,42,86,37,87,7,99,13,89,24,63,65,82,64,57,96,79,87,31,4,21,9,4,17,97,18,93,99,17,93,91,29,82,6,23,20,14,38,47,16,17,10,82,76,23,78,79,45,100,8,54,100,92,97,0,53,27,95,97,27,91,16,62,21,58,67,60,100,70,9,3,19,93,38,30,88
58,70,63,31,73,67,7,41,91,37,53,77,26,95,87,95,76,98,0,99,60,13,83,48,2,43,93,50,66,21,19,59,24,61,36,30,22,51,35,18,0,32,62,8,71,3,18,51,19,43,9,27,62,25,80,99,33,3,32,65,9,28,24,85,72,42,62,82,35,28,10,12,0,23,23,48,18,15,4,24,27,100,2,54,93,75,48,39,9,58,53,78,0,93,16,35,3,88,57,14