10,81,0,43,74,93,18,17,36,26,12,59,71,49,79,48,82,55,60,66,2,20,45,39,15,80,73,46,23,66,38,27,15,47,47,55,65,96,63,35,89,31,40,46,20,91,64,36,84,18,49,36,36,49,42,30,64,88,8,57,95,9,29,66,43,85,100,9,21,85,96,88,42,23,8,71,100,1,92,76,33,5,0,2,27,89,67,8,37,24,16,70,15,65,87,65,96,99,26,34
89,73,43,71,17,14,50,80,4,49,57,81,18,97,80,84,18,60,64,3,27,67,61,40,57,98,24,88,20,72,79,71,9,95,47,69,24,10,79,11,29,89,96,1,32,82,18,60,28,62,2,88,60,5,8,57,58,73,60,76,28,39,0,29,1,31,1,83,60,24,80,84,8,62,47,70,15,49,23,21,29,12,48,42,88,17,52,22,92,96,4,24,83,28,25,42,91,34,2,30
74,16,61,38,13,13,68,3,53,38,10,1,12,93,26,10,89,69,81,91,2,33,94,90,92,35,25,87,83,31,90,13,0,19,89,16,37,41,92,98,45,39,63,64,19,79,28,49,88,38,73,43,81,61,48,4,73,98,92,10,3,14,96,96,69,35,65,64,31,47,23,64,54,37,35,100,72,0,44,82,33,67,77,2,99,89,59,52,46,28,24,59,7,95,2,71,13,71,13,82
23,2,39,20,64,20,32,62,33,0,45,8,61,58,97,51,78,88,0,24,42,98,5,78,15,82,77,84,30,7,85,27,12,28,5,42,8,7,34,48,28,87,38,56,25,30,34,48,49,13,35,34,97,51,43,77,40,63,37,70,35,36,64,59,51,34,76,49,42,94,51,55,67,75,63,14,84,26,99,48,33,31,38,72,48,10,91,18,72,1,28,98,15,44,67,46,43,35,2,66
22,68,8,39,47,1,20,11,82,22,81,37,77,51,80,34,45,65,43,9,75,59,62,91,35,51,76,100,32,11,4,96,19,69,89,73,33,95,21,64,96,27,68,46,68,74,25,81,90,78,16,42,18,33,44,31,2,31,16,21,96,12,65,33,75,38,7,51,5,60,1,91,45,58,90,62,47,86,30,60,6,31,71,13,72,60,42,51,8,26,84,84,66,100,59,20,95,18,91,32
82,49,94,40,13,75,71,15,46,25,66,62,87,41,12,53,67,91,16,63,97,71,68,8,53,39,5,61,15,90,89,99,60,55,95,56,36,40,82,37,70,74,34,43,68,17,59,2,95,34,81,59,57,61,31,79,93,72,89,45,73,34,48,88,58,70,10,86,95,58,80,46,2,14,80,98,65,56,47,55,96,28,68,46,63,59,14,76,65,0,64,12,56,16,41,67,88,85,52,0
52,78,88,54,70,78,88,40,22,44,92,6,73,72,23,21,63,54,58,91,2,40,48,36,18,20,81,72,83,15,85,14,48,85,98,96,71,7,46,69,41,43,16,9,82,72,71,34,76,16,28,27,42,75,19,93,7,5,41,55,25,70,49,54,82,29,80,83,70,88,95,1,59,28,74,90,38,49,81,79,23,22,35,3,9,38,15,72,34,95,5,92,73,34,84,19,81,63,15,25
48,35,70,34,26,72,20,15,6,89,69,65,10,100,42,46,25,31,81,1,38,3,18,65,49,80,69,76,25,15,23,34,59,17,96,54,29,83,62,84,10,74,99,62,67,96,91,29,44,95,80,95,79,43,63,65,90,51,92,89,60,88,72,62,100,38,19,15,78,26,48,86,29,85,53,24,88,84,65,67,73,97,80,25,52,22,8,99,80,33,22,9,39,81,3,49,73,45,100,91
6,43,90,70,7,23,94,65,58,14,48,36,68,45,69,55,59,16,57,72,90,9,65,84,1,44,22,58,18,78,62,28,70,78,91,94,26,17,51,5,31,17,5,95,73,32,77,3,26,77,59,8,62,70,0,8,27,17,66,10,15,6,5,86,1,15,24,96,48,41,78,72,55,62,78,8,84,100,79,44,80,40,26,44,90,43,37,60,67,72,19,35,38,30,37,1,62,6,58,69
61,29,6,29,91,97,49,71,87,66,60,42,54,36,21,91,21,25,32,36,6,20,100,57,83,11,14,86,63,74,27,15,64,78,49,70,21,6,80,92,59,79,30,46,10,17,83,89,41,86,5,14,42,23,80,92,46,93,80,98,51,2,57,16,76,8,0,63,29,3,61,30,12,26,87,22,87,10,90,19,90,43,8,55,41,7,24,55,43,54,12,47,35,52,62,42,78,51,55,22
62,22,96,35,84,82,65,72,52,61,64,69,7,60,39,94,45,20,18,89,16,54,37,60,32,36,76,58,21,74,59,87,11,81,93,12,15,19,27,33,15,44,93,96,91,90,44,72,56,2,84,83,40,26,89,32,93,68,84,61,84,14,38,60,85,51,84,69,57,24,12,49,56,13,90,18,75,74,63,92,86,8,40,82,80,6,94,7,23,28,22,20,7,16,94,23,16,1,9,40
97,84,4,7,59,1,59,70,11,2,73,57,38,28,89,0,9,40,7,37,11,28,85,39,14,75,86,91,57,19,11,3,96,47,70,36,20,86,85,22,7,82,59,10,34,39,56,92,28,1,91,30,91,33,25,55,85,79,47,100,24,83,80,27,10,90,18,21,8,60,62,5,39,26,44,97,1,69,8,86,48,90,99,33,61,35,64,3,34,97,4,80,11,12,73,79,75,58,35,8
38,96,11,13,23,42,47,8,22,69,55,94,40,59,69,21,44,94,67,31,84,2,17,1,16,42,37,74,89,6,60,22,2,100,18,94,98,87,4,14,39,14,6,7,71,12,92,74,80,59,86,84,47,98,54,4,25,50,48,67,29,73,59,6,41,22,26,28,6,60,26,27,36,18,41,85,25,65,2,10,64,57,2,71,39,94,7,90,17,79,3,69,29,68,87,30,29,81,48,48
14,54,42,52,54,93,97,24,40,19,26,57,83,11,51,57,19,33,87,44,77,67,12,83,97,35,70,78,61,55,78,74,95,38,10,69,71,16,87,44,83,97,61,17,53,59,1,94,70,2,96,78,62,79,6,57,67,80,42,87,52,88,65,10,4,37,95,2,94,74,45,37,54,49,70,40,50,6,47,47,44,57,24,19,61,47,56,1,81,14,38,84,31,82,58,37,59,93,24,93
28,1,47,31,59,97,39,13,86,6,39,43,67,45,78,3,61,54,9,31,76,37,25,95,57,22,60,100,59,69,51,25,3,89,24,7,54,100,45,88,22,2,74,61,4,16,82,65,90,97,66,1,84,8,77,33,21,35,21,12,96,25,55,86,42,86,48,94,70,56,55,55,0,75,19,5,94,97,4,58,45,64,6,83,89,18,15,51,72,45,68,94,44,99,97,13,67,59,50,55
18,4,25,58,7,60,64,24,31,9,98,49,67,17,57,92,21,9,81,9,3,19,40,84,41,87,14,3,70,82,8,63,7,5,78,70,63,58,30,15,98,27,6,75,55,33,33,80,38,100,58,22,6,95,61,9,89,20,96,24,86,8,36,2,67,88,85,71,61,54,21,66,52,13,47,66,84,26,4,14,90,78,40,8,68,75,74,86,15,67,81,67,83,92,83,21,69,22,64,54
73,63,19,66,83,24,97,96,54,23,1,42,98,5,65,100,41,19,48,41,68,55,52,14,78,81,16,11,71,47,64,43,21,86,88,56,84,65,84,71,95,24,70,89,65,51,0,70,82,97,0,36,21,35,12,35,28,6,56,71,92,24,10,66,66,68,12,64,52,83,27,31,70,24,15,63,71,63,47,69,52,61,71,12,48,64,59,21,99,88,74,62,76,74,10,25,89,90,20,83
3,50,2,60,99,51,89,70,42,85,59,56,44,94,21,51,26,33,9,96,20,3,71,4,12,95,33,86,32,85,43,43,56,83,12,46,92,46,23,28,38,100,51,44,59,18,3,59,94,77,32,7,57,58,88,18,81,80,68,46,7,30,84,81,26,15,27,71,68,50,95,24,22,59,68,72,53,15,60,26,65,90,8,6,95,46,28,31,62,78,3,95,24,67,15,24,88,70,60,64
89,87,7,44,57,56,19,96,90,54,18,8,17,94,95,79,82,96,36,58,99,63,63,83,58,91,80,7,71,0,20,6,6,55,21,35,50,56,35,33,91,96,30,43,58,16,51,56,26,47,8,64,90,29,52,95,11,18,8,82,13,20,78,29,87,92,23,54,32,63,92,93,92,98,25,76,84,79,20,75,68,4,84,20,9,93,40,73,61,0,34,28,55,40,83,2,66,47,91,97
46,14,35,61,81,14,90,67,40,96,86,14,2,34,85,32,25,23,8,100,18,68,57,24,38,44,37,62,11,20,28,95,46,33,0,98,70,67,91,46,73,100,96,56,63,6,27,12,38,36,64,3,90,75,66,58,57,18,46,96,84,31,15,60,47,2,73,1,41,63,51,11,86,8,98,66,60,3,29,54,87,29,78,76,61,29,62,48,4,19,99,71,64,10,26,6,3,82,82,74
26,28,10,22,28,24,28,6,32,98,54,60,8,27,54,38,16,49,6,53,63,77,61,16,25,3,18,53,47,49,94,94,25,46,40,91,21,11,26,17,27,13,89,14,36,81,22,28,22,1,69,39,48,52,7,64,19,100,16,73,95,92,11,34,92,14,60,94,70,12,13,13,80,29,96,1,50,90,29,18,32,55,35,78,75,41,79,54,90,93,36,28,13,93,2,30,11,70,83,100
11,19,24,69,5,30,37,5,64,32,58,51,61,54,80,12,76,91,59,52,28,43,61,4,10,95,0,81,84,55,21,65,54,86,66,31,73,37,77,96,62,14,29,18,12,70,69,15,99,69,6,88,26,47,13,7,74,71,81,11,85,81,97,94,17,32,70,66,78,21,81,33,38,81,79,46,45,65,78,61,39,32,30,67,29,38,24,40,59,22,37,84,18,7,24,78,91,78,44,83
31,62,71,50,92,10,19,89,34,99,13,94,37,24,7,99,3,66,43,12,72,94,21,72,72,42,57,28,88,48,59,33,92,12,47,88,67,10,96,37,85,61,54,89,18,10,39,92,66,43,89,75,89,21,65,13,53,12,9,76,70,14,83,15,69,14,68,25,43,77,88,26,11,59,49,17,95,75,96,89,39,41,89,95,64,72,22,43,31,89,71,11,89,25,20,26,64,20,67,92
31,4,62,13,48,68,92,38,74,31,92,65,8,67,94,84,71,59,94,23,90,12,62,91,75,74,88,8,42,11,76,84,36,34,46,71,58,97,13,100,51,71,15,22,73,53,50,58,99,29,82,41,80,12,32,42,66,98,23,27,84,51,5,12,67,65,84,40,68,48,15,28,97,60,31,85,63,6,69,44,50,55,18,74,6,82,32,68,82,36,27,80,71,98,39,97,33,47,86,50
75,81,14,4,43,41,87,17,15,68,80,82,52,64,72,24,97,52,100,91,16,96,18,72,63,89,66,88,90,74,56,87,81,10,10,6,84,19,59,95,51,52,57,97,33,67,86,67,81,55,24,91,59,24,61,60,13,89,63,63,35,82,73,63,65,38,54,75,25,71,74,21,26,40,20,76,65,75,76,51,84,83,10,59,62,31,94,21,15,91,59,1,35,4,63,91,53,10,71,87
13,79,89,46,34,64,23,91,62,65,72,96,65,1,99,65,56,63,22,58,56,82,22,58,4,35,69,96,86,47,3,11,27,53,66,48,0,7,82,57,18,61,43,29,43,90,31,96,34,74,67,21,31,35,38,65,16,63,23,68,8,90,41,4,14,73,37,73,11,61,5,46,61,16,51,71,65,27,64,64,89,30,50,21,42,57,74,83,100,43,17,82,44,55,5,38,57,28,66,33
80,3,95,74,24,59,25,9,59,19,49,64,56,50,68,62,62,20,70,7,93,58,24,66,35,62,16,11,10,74,46,44,68,66,65,10,75,71,98,47,65,66,99,16,75,72,76,3,95,42,56,15,20,95,62,53,66,24,49,53,100,71,13,95,48,32,23,67,70,74,43,24,71,3,64,9,17,9,28,51,42,41,18,64,13,15,1,26,73,89,8,100,48,46,4,57,69,31,24,82
93,15,17,77,59,37,5,50,21,6,22,77,46,50,60,14,3,2,35,45,52,42,29,47,11,100,87,8,10,25,47,42,37,9,72,10,22,85,2,43,77,62,53,34,17,28,98,96,99,86,13,27,95,67,20,74,14,41,15,86,52,2,9,91,15,64,32,81,70,39,11,53,52,34,83,66,84,9,89,59,6,46,19,2,70,74,23,56,97,50,66,75,39,29,15,25,14,87,83,89
3,67,38,73,71,42,46,90,80,0,16,71,56,82,37,88,50,95,39,74,62,0,29,94,41,87,0,81,82,46,47,30,57,36,16,91,22,82,57,17,16,37,100,15,18,91,80,23,14,60,60,79,86,68,99,69,48,76,69,65,86,28,41,28,21,26,51,28,37,60,40,57,14,35,92,89,80,67,44,100,85,41,84,78,74,53,98,43,42,71,61,80,5,82,28,94,37,50,11,38
11,4,6,80,71,88,71,35,44,35,80,61,70,21,53,28,99,26,1,24,29,7,99,61,8,92,87,6,90,89,93,55,15,61,49,7,44,79,36,26,39,77,11,99,52,19,8,48,98,45,59,14,25,97,67,39,64,14,26,48,21,73,10,55,26,64,58,10,35,79,39,56,5,54,78,95,14,24,73,70,96,59,1,15,51,78,44,92,96,71,51,2,39,66,96,16,27,76,4,58
58,27,94,67,79,97,76,77,40,68,29,86,69,64,80,17,15,86,77,52,23,44,26,41,99,38,66,13,16,21,40,49,7,92,84,29,3,39,90,35,59,56,50,66,53,34,91,49,64,63,69,33,38,41,35,63,76,48,84,43,48,93,49,42,32,34,53,38,77,66,96,15,9,6,43,26,70,41,78,44,55,7,56,98,67,0,33,53,39,76,5,54,24,97,72,48,15,12,59,19
96,14,9,30,57,44,81,22,90,22,92,73,1,3,92,5,74,65,12,39,42,39,52,34,41,90,19,19,50,89,81,30,86,58,1,71,39,38,80,11,78,47,38,34,72,17,20,53,9,81,75,81,82,84,70,28,37,66,97,68,7,1,33,3,96,13,9,70,80,68,8,17,33,70,50,70,92,16,95,64,26,7,55,16,47,32,16,79,59,18,100,53,6,16,52,11,56,36,25,39
81,96,20,63,52,69,78,55,40,78,95,27,45,41,28,35,37,16,86,97,22,84,30,45,81,84,77,56,49,60,28,47,39,35,51,90,16,7,99,20,93,33,46,15,85,69,33,19,55,82,23,13,26,45,50,74,65,77,16,9,27,38,75,63,83,59,84,17,29,66,41,16,90,87,66,51,49,92,54,96,78,89,29,14,82,29,8,94,10,85,94,11,95,82,82,23,34,31,44,78
72,74,22,24,91,3,36,38,85,46,58,54,25,0,40,25,74,54,91,64,55,100,93,85,97,64,8,37,50,54,78,70,2,0,16,48,2,95,72,2,79,8,67,92,55,52,87,63,30,63,96,29,58,18,15,90,34,6,74,64,49,53,23,44,30,36,80,50,45,84,53,36,28,35,9,77,3,43,34,88,46,97,2,63,45,85,19,49,20,62,90,29,29,79,96,16,26,60,8,40
92,92,59,96,55,50,55,35,4,11,6,24,72,1,51,15,78,23,86,66,5,45,97,74,6,84,70,40,64,36,76,13,59,61,26,48,31,39,77,98,13,99,51,22,23,39,49,1,45,37,21,44,34,91,5,4,85,38,70,67,84,12,80,66,35,27,24,83,98,55,67,44,93,37,12,11,4,36,68,52,25,79,61,33,88,41,88,86,24,11,65,68,91,7,65,65,78,5,21,5
11,62,1,98,44,38,18,38,90,51,32,44,83,27,21,45,98,42,36,82,52,47,89,36,88,75,83,84,27,69,96,72,16,42,44,93,1,78,55,66,49,1,75,14,62,33,71,11,72,8,71,44,76,1,5,72,54,93,22,49,52,5,2,35,95,83,81,100,87,86,93,54,57,40,77,33,32,97,60,88,6,35,65,16,92,48,54,45,40,43,62,71,99,65,33,59,79,89,1,61
0,7,17,77,66,54,89,10,98,52,74,85,5,43,50,3,7,43,20,99,56,96,31,1,86,71,57,14,9,31,58,33,90,28,3,83,4,72,30,69,29,52,30,16,59,22,64,28,4,77,41,20,18,47,60,79,73,23,48,77,92,16,38,41,36,2,66,99,84,58,20,39,11,0,47,44,62,36,65,86,16,49,96,34,16,49,43,82,54,62,76,45,94,60,94,4,65,80,13,56
58,51,46,73,16,78,40,52,75,70,87,2,30,46,34,53,45,15,75,40,62,7,71,53,61,47,47,57,35,79,64,5,79,28,18,90,20,56,32,9,55,8,15,2,92,70,10,10,37,71,31,83,89,37,19,44,72,49,36,55,89,35,39,31,89,61,82,87,83,30,62,14,94,10,74,37,19,66,35,99,59,93,94,59,74,83,64,5,31,13,25,67,49,22,8,96,22,76,68,58
32,29,61,8,31,40,27,1,69,78,4,73,79,10,9,80,35,11,70,78,97,43,29,82,23,29,32,99,38,11,35,64,85,70,22,7,26,0,68,14,34,0,52,94,48,70,51,83,56,87,46,34,94,42,72,8,68,81,30,23,66,82,8,63,4,81,70,38,7,95,99,4,15,66,53,52,59,29,77,32,96,19,16,2,26,26,94,4,25,26,47,98,98,86,75,69,88,56,53,14
25,98,68,52,42,53,6,73,92,82,6,86,2,34,85,76,67,83,100,6,80,76,91,57,74,78,5,77,30,20,28,8,73,66,66,72,52,81,14,63,43,15,69,52,12,65,86,58,91,24,57,18,85,69,80,61,60,31,7,70,59,80,71,76,47,96,44,87,72,61,67,41,16,33,64,88,33,90,27,30,85,16,48,99,91,100,16,71,69,78,56,14,38,18,71,76,19,0,41,51
39,32,62,83,87,97,87,32,69,85,37,41,50,98,1,19,56,79,53,95,86,35,84,88,33,79,17,76,70,78,24,33,81,72,78,94,13,24,22,36,20,54,0,38,5,33,22,47,56,25,13,46,61,21,16,58,55,61,68,49,77,75,52,49,32,57,1,93,7,66,17,54,79,5,76,5,76,46,65,14,99,43,28,23,85,70,7,24,57,22,30,59,100,28,74,67,22,85,38,8
32,86,29,14,8,17,48,43,4,46,85,41,24,98,17,62,22,21,99,68,66,25,5,3,40,44,84,34,57,22,67,86,60,17,97,30,18,26,53,10,62,55,31,20,4,56,10,90,25,10,17,35,5,38,47,81,80,75,41,18,98,76,81,37,60,20,72,30,27,40,58,80,15,76,10,55,85,100,70,39,51,51,77,85,52,71,39,24,30,12,70,31,9,19,58,98,36,13,17,27
57,41,28,71,18,87,20,66,72,40,8,11,43,27,92,68,54,15,43,98,90,50,90,0,60,46,3,55,26,17,76,69,89,6,20,37,37,55,83,80,66,87,45,50,53,99,49,83,34,53,31,86,97,83,84,7,36,29,24,2,35,30,10,59,9,45,96,65,48,38,23,84,13,83,82,70,48,76,3,30,82,30,12,9,85,6,72,34,4,65,43,77,15,65,93,18,63,26,36,28
70,76,49,76,99,38,82,9,3,96,67,95,24,3,79,68,78,75,53,98,82,3,33,42,26,6,64,5,36,86,18,29,4,12,64,0,48,93,10,37,17,85,19,99,25,21,67,4,5,85,7,28,38,97,70,21,78,43,28,31,11,20,20,55,96,17,64,88,20,8,53,59,82,88,64,1,26,67,12,91,78,30,39,63,37,87,9,78,50,14,68,57,59,72,35,86,49,9,50,27
67,47,90,46,79,55,80,97,59,12,66,31,99,88,1,80,89,47,88,2,2,43,36,39,17,67,33,7,23,22,80,74,58,27,37,2,8,60,67,64,37,41,15,44,47,83,6,51,5,85,7,27,56,59,10,65,32,79,3,62,74,55,1,68,19,50,66,83,79,91,79,67,77,28,60,66,76,50,12,46,48,15,31,53,24,2,88,4,40,50,73,55,53,100,46,78,95,17,14,10
69,68,51,81,92,5,34,4,95,68,4,72,26,24,69,83,68,26,44,89,61,100,19,13,94,26,48,88,11,8,44,17,75,95,13,3,59,37,11,83,49,95,92,21,35,40,69,43,36,27,25,30,99,66,31,7,71,87,37,83,84,87,59,52,10,43,12,91,21,22,98,34,94,18,37,85,17,36,47,5,87,55,86,31,38,51,63,87,26,80,98,66,25,47,32,90,55,55,10,54
88,5,84,23,6,29,71,48,80,6,76,92,91,28,89,77,55,70,54,85,36,38,31,17,70,28,0,48,52,82,40,63,97,6,26,44,25,72,25,44,29,49,77,93,17,14,68,3,23,23,73,49,5,6,72,15,50,17,33,89,57,62,89,41,26,100,60,5,2,63,39,1,78,52,40,45,68,95,15,66,72,64,83,96,27,79,51,83,6,28,71,2,31,86,96,95,37,29,76,88
39,9,89,87,97,55,19,87,94,66,30,9,53,60,12,75,9,23,67,75,79,19,67,95,52,90,22,82,84,3,44,14,76,58,90,40,53,47,35,71,65,33,69,7,5,40,92,62,85,1,90,16,15,25,64,23,85,93,70,34,98,66,82,8,50,66,71,3,78,76,49,95,26,18,70,49,64,77,62,65,61,10,71,81,30,40,26,63,8,32,1,95,38,73,44,55,53,17,14,87
36,66,3,56,26,67,68,65,80,60,32,27,7,74,15,47,86,29,1,21,3,78,77,61,19,32,86,85,39,24,0,56,30,76,24,0,26,85,8,30,7,59,56,99,14,53,93,26,55,42,1,75,85,78,36,37,34,24,92,93,46,29,2,50,35,78,64,26,100,6,99,32,70,71,70,2,62,87,74,62,28,33,25,20,28,60,79,0,78,45,32,55,95,84,50,61,54,40,41,59
16,76,59,37,29,23,9,15,63,43,85,87,4,91,12,45,59,100,97,40,87,21,81,37,98,7,62,32,78,46,44,43,20,25,40,33,9,1,3,23,26,22,26,89,23,91,71,27,12,58,82,26,49,34,24,13,21,81,92,77,43,15,28,95,24,39,52,29,58,54,21,74,34,58,90,77,20,16,73,60,63,30,90,59,24,51,96,22,96,89,72,9,94,53,19,100,68,49,48,87
31,16,48,93,74,97,1,86,66,62,53,88,20,90,43,62,67,40,12,84,56,9,91,91,30,91,57,91,23,47,80,14,70,79,66,35,42,80,57,57,65,61,86,85,58,86,96,2,18,1,32,97,63,49,75,55,90,6,6,3,85,10,98,83,82,3,56,100,66,20,13,50,23,59,57,62,85,27,87,34,71,12,60,98,72,28,68,40,38,48,92,16,74,65,44,45,50,18,20,87
97,71,89,55,24,70,60,19,98,35,94,20,57,82,62,34,89,66,82,9,9,40,70,22,73,31,63,24,83,62,92,84,93,32,5,32,9,78,19,39,92,49,42,81,95,90,69,99,56,28,88,41,24,53,87,34,82,11,54,71,89,38,2,3,26,65,89,96,100,71,34,48,15,64,28,90,47,14,3,49,27,97,78,9,66,74,47,67,14,53,43,43,63,26,59,7,12,11,90,93
36,89,25,19,19,96,47,8,43,9,76,38,63,0,11,20,21,43,47,79,87,17,24,70,26,36,99,17,0,32,41,68,36,61,52,49,89,0,87,14,46,26,42,41,93,64,56,56,46,51,77,70,9,21,10,62,52,33,63,99,51,75,4,1,65,11,99,5,28,17,76,43,37,89,16,98,35,35,67,78,47,30,44,42,60,98,72,47,38,31,60,54,90,21,21,1,28,9,77,99
64,93,9,69,92,77,76,25,42,8,67,88,99,28,11,1,88,21,47,98,23,34,47,27,1,61,70,0,92,89,7,7,85,51,51,63,44,82,55,80,67,39,56,7,13,63,74,36,92,0,68,41,65,6,59,45,19,42,76,57,41,51,57,50,24,85,95,100,55,72,13,29,52,33,22,46,79,50,23,59,37,8,78,22,23,68,61,42,95,30,25,81,4,89,4,19,61,97,65,98
51,82,79,26,37,63,61,53,62,62,60,46,22,21,87,31,25,14,34,82,76,99,32,12,29,91,74,87,1,72,35,21,27,29,83,30,59,97,43,29,49,100,21,53,69,80,48,17,38,41,59,3,21,73,74,96,3,45,5,37,96,30,75,10,69,35,92,33,35,60,7,31,68,30,74,85,57,95,51,14,43,16,90,98,17,25,21,21,63,70,83,51,6,73,43,29,69,66,0,92
74,47,58,16,28,92,69,62,60,50,55,79,14,41,0,61,62,1,50,81,14,47,30,27,6,44,62,92,59,32,80,50,32,92,46,2,87,78,15,30,47,45,20,62,43,82,91,65,83,90,43,25,76,88,86,76,4,27,49,26,88,10,3,32,76,56,99,67,95,72,23,74,35,67,33,29,42,97,89,86,38,70,60,26,4,40,16,99,5,42,55,99,31,45,47,7,0,91,57,43
11,18,9,83,13,53,33,53,90,99,83,74,80,2,1,37,72,75,12,38,42,93,46,5,33,49,53,37,10,67,94,27,3,0,14,68,78,41,95,15,81,80,86,83,86,90,83,65,98,4,56,73,30,96,45,28,71,81,39,79,84,38,50,75,14,55,36,88,84,27,88,78,10,80,43,33,73,10,8,26,24,22,89,27,13,68,43,87,57,44,2,82,77,97,66,4,25,9,48,89
43,9,100,14,78,61,26,79,6,34,79,21,70,95,74,12,100,98,95,14,48,11,35,86,58,88,88,55,41,18,77,79,14,71,45,51,22,34,19,93,45,36,90,83,65,8,60,5,13,75,95,8,8,5,78,88,15,94,37,14,70,3,79,82,18,49,35,7,33,66,37,68,81,23,39,90,93,59,15,56,91,93,84,34,46,33,78,63,55,40,91,51,89,34,54,43,90,38,39,57
55,6,24,87,41,6,53,21,46,59,87,2,67,34,30,55,82,0,59,95,70,30,30,3,12,74,55,87,82,68,90,54,12,23,47,44,12,31,51,29,92,60,76,16,14,13,61,20,17,64,83,39,36,69,94,95,26,71,28,86,96,26,64,67,23,23,82,5,20,23,71,67,29,28,78,74,43,47,60,43,52,15,84,67,26,92,33,22,63,14,91,30,26,88,17,23,31,80,72,85
99,6,12,51,97,29,12,57,55,82,81,13,77,95,18,85,87,9,95,12,86,66,78,31,4,56,94,76,36,81,31,2,69,11,39,94,92,89,59,96,97,85,19,99,7,79,36,61,66,17,86,5,54,17,61,25,75,29,43,4,98,3,61,98,45,46,16,50,94,36,31,46,74,71,39,76,82,49,33,98,7,9,65,9,57,73,8,85,32,92,67,25,55,52,26,60,26,65,19,36
32,37,44,37,71,27,80,46,99,72,7,24,35,53,89,4,75,37,3,79,70,43,31,34,44,11,43,19,10,79,83,89,69,69,58,70,31,94,64,56,51,30,13,77,68,82,87,4,65,27,22,9,12,65,45,31,38,91,73,26,32,95,2,48,45,33,33,12,21,47,85,14,12,56,80,48,39,90,61,62,29,12,42,53,64,30,79,36,75,8,54,64,29,22,8,50,11,89,95,91
33,54,63,64,90,27,58,53,63,79,99,78,73,70,22,36,11,10,92,77,76,5,0,34,50,4,46,51,30,64,98,16,20,57,89,3,82,41,31,57,98,26,59,54,13,3,72,77,50,41,39,13,90,56,44,19,38,3,44,70,83,28,12,75,8,78,99,3,23,76,19,42,96,75,83,82,69,69,40,55,3,96,65,78,24,90,98,19,0,69,71,47,54,11,28,35,70,73,75,97
44,17,38,68,23,14,61,93,51,77,38,52,88,76,69,81,15,68,59,41,62,56,15,57,50,91,92,99,23,46,95,22,58,48,73,32,58,38,48,26,25,45,17,0,17,46,9,89,45,11,0,99,73,61,22,31,71,97,100,8,91,91,84,89,0,28,6,94,77,99,83,36,39,8,91,49,34,35,94,87,90,53,15,14,51,32,72,40,2,91,97,72,46,63,17,71,37,89,40,12
34,82,80,53,32,16,60,2,40,95,100,79,68,38,87,78,58,12,5,36,11,16,71,84,97,94,98,78,51,25,27,29,42,55,37,15,55,3,83,4,54,98,47,76,3,53,58,94,90,56,31,91,33,33,59,86,74,96,38,33,20,99,71,14,76,61,6,94,44,62,21,95,48,11,93,43,70,68,90,9,26,83,98,60,77,45,79,26,22,17,97,52,89,63,31,92,59,93,53,85
6,94,97,44,85,35,97,67,97,96,26,13,5,68,95,71,49,19,88,69,89,4,16,36,24,22,53,46,5,3,85,93,98,95,54,58,8,48,71,49,12,53,83,35,37,64,90,88,77,22,62,32,85,67,82,10,19,32,90,64,46,54,31,2,81,98,92,84,83,37,20,65,35,13,18,46,75,38,10,31,57,63,77,59,9,35,93,21,11,27,91,38,95,26,80,53,69,99,96,95
76,71,54,60,57,74,49,39,19,87,18,48,58,25,69,10,47,13,39,19,19,54,16,26,73,26,68,71,98,46,78,92,60,71,85,86,58,87,84,57,50,87,34,77,7,86,74,55,20,40,52,75,23,32,65,56,70,65,22,69,90,98,33,64,6,86,22,48,88,33,90,24,26,65,32,32,42,98,43,21,79,75,11,58,49,19,37,88,79,93,99,44,93,27,17,64,91,83,61,39
74,25,60,5,55,30,82,69,68,58,77,23,44,17,46,71,92,31,33,30,41,68,30,17,27,66,38,23,17,84,59,78,94,69,6,68,12,17,63,34,67,1,42,93,40,71,76,68,43,0,16,36,11,80,54,9,94,27,99,91,90,1,38,19,34,37,9,88,30,87,24,44,19,15,28,27,55,42,65,82,66,75,16,16,54,41,23,28,91,3,51,17,2,39,20,42,23,4,30,50
87,45,16,18,8,96,50,6,62,16,12,98,32,84,88,6,72,0,91,6,26,76,33,24,45,26,73,56,99,90,86,95,70,68,56,99,12,57,0,7,64,47,96,36,100,57,36,39,64,7,52,2,60,26,99,69,97,7,28,94,78,46,55,56,86,4,78,77,90,76,39,25,27,79,96,21,0,95,41,100,40,70,61,28,1,62,72,5,42,44,72,49,98,56,48,62,80,80,86,36
54,8,27,17,31,35,37,3,8,10,19,49,16,75,13,47,14,89,13,58,19,13,59,63,41,16,90,69,22,74,52,17,12,72,59,86,99,10,89,97,7,75,90,35,31,54,85,84,46,12,94,80,85,27,12,65,98,88,66,15,59,31,39,24,44,76,72,43,36,16,93,11,48,15,18,29,83,41,99,74,31,82,95,65,34,48,37,85,15,53,18,77,3,53,84,63,53,53,11,48
97,69,85,92,41,56,9,30,42,69,27,89,54,14,73,30,57,5,12,58,12,77,68,76,85,24,46,64,25,44,51,1,35,77,15,71,81,61,54,15,57,14,0,13,25,96,97,41,51,68,97,83,1,46,82,22,0,48,1,48,85,51,50,47,12,22,71,66,75,93,59,73,66,6,73,21,72,41,61,77,70,81,64,40,34,10,49,51,80,45,39,50,51,68,13,46,39,89,27,100
13,81,0,26,78,75,13,87,96,7,12,6,66,51,46,57,92,34,2,52,32,29,6,69,18,80,10,67,92,10,58,67,39,37,2,58,77,12,93,56,30,92,75,40,28,35,75,24,9,52,41,96,54,7,52,44,80,57,79,38,72,86,49,39,89,64,41,69,7,73,1,18,18,97,48,42,26,99,33,21,92,96,64,49,97,11,71,38,24,38,30,94,88,8,7,61,85,68,87,67
21,39,17,49,38,6,2,54,14,13,3,99,7,50,28,17,39,77,96,45,5,42,94,38,76,53,84,40,12,20,36,51,98,29,8,52,25,2,43,58,87,81,8,85,4,98,60,51,68,70,37,58,63,36,35,44,94,39,31,99,52,19,49,94,67,56,62,20,70,19,43,95,15,95,94,76,88,33,77,86,12,11,60,13,48,46,3,74,6,47,25,12,31,51,3,4,33,56,95,41
72,84,40,80,57,62,16,5,11,53,50,36,42,64,59,54,83,33,59,27,46,30,13,32,43,84,99,81,21,62,57,4,54,16,69,5,43,19,3,40,99,79,45,11,75,48,84,82,90,58,13,23,71,77,23,58,51,8,16,92,35,11,58,39,15,59,35,99,10,45,50,39,67,9,3,84,82,83,65,70,10,95,73,56,32,15,39,15,51,15,49,53,79,5,38,22,22,78,52,33
42,78,99,45,61,73,52,69,25,34,46,48,32,11,83,53,71,38,87,46,95,81,41,91,61,89,45,32,14,46,17,77,10,67,12,94,34,76,46,76,16,51,6,71,23,37,84,42,97,4,100,63,63,51,87,100,31,18,7,11,46,26,7,11,78,24,61,80,99,71,8,44,6,77,100,94,58,30,87,61,100,26,90,88,58,61,15,11,64,74,77,39,99,55,9,2,65,27,44,52
51,29,69,63,87,53,90,8,19,74,92,74,99,64,78,8,64,70,19,42,51,16,82,79,48,50,8,38,17,14,17,32,100,94,35,84,2,36,85,66,85,18,90,79,15,42,16,49,16,22,36,26,54,11,17,56,28,70,30,68,15,9,89,27,87,63,68,2,85,88,69,88,43,85,79,70,22,85,15,86,19,55,74,41,7,42,37,37,60,44,37,44,58,94,65,2,25,66,88,93
96,82,83,31,77,47,75,82,43,89,13,38,27,65,46,71,96,15,86,16,15,83,73,15,7,49,30,2,63,64,46,35,34,12,70,73,89,41,82,84,40,20,99,60,29,83,54,99,48,19,72,9,19,10,69,80,90,50,1,65,46,47,72,93,80,90,3,33,39,24,77,49,94,87,74,78,27,78,68,23,9,76,61,66,46,44,16,48,94,50,10,93,36,97,14,20,51,18,23,78
40,83,19,49,35,52,29,14,84,65,16,30,59,13,89,37,88,34,77,13,52,63,49,52,44,57,41,16,36,3,95,55,61,96,97,68,20,14,26,60,86,21,57,64,56,96,11,92,89,10,44,69,85,1,57,16,38,89,31,86,74,7,35,2,75,74,32,10,58,60,11,72,94,60,64,6,25,36,10,90,28,48,100,24,31,82,0,35,7,15,62,30,39,11,37,3,76,91,20,56
47,41,2,10,4,85,61,96,32,0,50,9,35,92,27,69,17,77,80,81,41,58,96,97,57,57,2,12,73,28,29,44,24,34,62,51,13,53,71,1,21,10,55,8,83,44,89,8,53,26,58,91,91,72,56,85,60,85,33,11,97,90,33,57,70,36,61,4,75,56,42,13,72,85,4,51,70,70,82,65,69,35,38,19,55,69,34,93,32,86,21,0,59,41,33,3,68,43,95,23
66,50,23,30,91,84,52,26,4,68,13,85,82,45,47,54,14,86,71,6,55,95,72,14,93,88,94,66,43,60,26,36,63,29,50,50,22,45,19,89,46,81,88,33,13,43,69,27,57,20,81,66,49,51,18,1,35,70,94,28,10,37,29,10,34,24,40,3,84,57,49,27,42,87,44,50,64,93,82,75,76,1,70,21,76,23,90,34,5,67,84,35,54,7,89,61,39,72,32,67
78,62,46,79,63,29,36,36,6,29,14,12,47,26,6,100,78,57,86,23,96,97,82,97,80,40,74,71,41,70,24,41,29,73,39,30,67,67,56,89,66,37,64,56,97,21,7,74,86,70,55,55,31,69,2,58,75,98,69,28,50,94,99,86,73,97,32,78,93,98,30,96,33,21,29,31,11,65,91,3,26,18,73,47,79,57,5,80,88,79,27,41,82,20,86,41,25,47,81,26
46,73,73,16,44,7,82,88,72,5,37,35,31,9,93,95,4,40,54,83,24,87,36,11,100,6,48,24,62,49,12,5,99,90,59,64,71,29,79,52,21,37,73,33,1,80,20,91,40,61,25,56,63,36,69,55,87,5,63,88,22,58,9,32,62,35,1,59,76,82,82,31,100,2,61,68,73,1,33,41,88,4,87,7,92,72,35,83,44,71,27,42,71,13,60,60,35,28,86,16
67,41,73,100,52,84,71,82,18,52,22,86,13,94,0,58,29,71,99,16,59,55,37,66,79,32,87,55,2,78,50,35,34,29,83,26,58,26,14,14,5,17,48,27,11,37,37,69,9,78,46,7,59,16,20,84,10,87,24,33,99,14,75,8,61,49,54,38,97,49,72,94,44,74,12,81,43,10,4,80,7,64,9,57,61,31,99,90,39,17,43,20,87,70,78,51,88,89,40,69
71,32,72,40,0,25,82,72,27,34,83,32,0,13,36,55,54,10,71,19,51,14,19,5,37,30,9,32,17,51,69,100,55,17,34,23,38,36,50,53,78,61,76,92,19,20,43,26,50,35,18,18,37,2,55,8,24,75,36,63,97,78,21,85,36,99,100,85,13,77,100,80,71,74,20,19,52,96,7,20,61,83,40,82,12,24,66,89,78,15,74,100,22,32,45,33,6,97,91,68
76,58,54,64,98,16,91,85,45,15,19,56,92,13,57,73,55,5,65,44,36,42,2,5,31,79,88,52,17,40,5,47,38,62,2,70,52,91,12,26,42,49,75,43,39,28,23,24,55,44,8,53,35,82,95,80,82,81,69,86,72,76,20,40,59,27,67,12,88,29,27,83,49,12,9,56,53,4,64,59,36,3,77,26,71,2,50,20,26,99,59,87,86,80,40,96,92,18,97,23
27,55,2,62,16,12,17,94,4,58,78,36,77,95,68,44,56,19,81,48,54,99,38,79,24,21,87,81,73,79,37,79,69,87,1,81,95,44,75,68,51,79,96,16,41,8,5,42,34,34,21,20,75,16,80,82,50,43,34,26,26,31,6,91,26,18,38,75,31,86,35,6,41,40,56,86,75,38,25,27,20,94,89,75,17,6,81,47,86,94,40,56,98,85,19,61,93,26,46,67
22,89,55,87,19,95,43,31,57,67,61,37,37,37,65,53,91,16,87,57,47,55,7,97,90,10,59,42,7,63,3,59,30,90,42,7,92,28,48,53,49,19,58,100,46,25,57,38,64,76,38,5,81,72,58,54,82,51,9,22,40,68,68,85,83,2,49,7,68,47,72,12,22,42,24,80,5,31,0,64,60,40,81,69,47,86,66,71,49,79,78,76,66,19,93,8,13,92,12,66
15,53,80,34,8,52,23,49,5,67,62,86,73,45,23,55,47,62,42,71,75,79,2,57,12,97,2,70,45,75,20,53,46,75,98,55,82,42,17,70,80,12,61,88,28,47,85,23,39,29,7,16,98,62,7,24,93,74,30,98,88,59,61,62,69,50,95,12,20,65,65,98,81,86,48,14,95,81,49,41,26,91,10,41,27,30,32,35,67,82,79,44,80,85,4,57,69,82,8,92
92,82,87,33,9,68,71,62,97,47,65,73,32,97,5,14,11,53,62,99,96,43,71,77,45,58,18,9,74,2,7,8,40,43,91,27,37,96,45,46,82,48,33,16,53,53,12,69,29,5,98,99,100,53,63,30,3,33,39,36,12,43,61,39,85,44,12,81,67,70,60,7,12,22,41,88,67,17,75,45,52,70,14,66,2,20,39,87,90,11,17,59,25,32,94,64,26,25,78,18
62,24,62,71,93,87,17,31,22,90,43,73,80,0,11,32,31,62,54,11,77,14,34,23,42,65,70,95,54,59,18,60,61,94,2,22,77,38,19,72,77,7,14,99,96,34,63,52,88,38,81,43,13,78,66,47,71,9,90,98,3,73,35,0,69,86,52,26,61,80,29,10,68,89,26,73,4,14,23,32,33,14,80,19,69,30,74,14,57,21,97,6,51,31,37,87,94,42,24,94
3,14,64,62,44,88,97,80,35,55,73,21,92,34,70,93,95,7,49,27,84,80,91,95,55,22,55,35,89,52,48,43,37,33,66,67,54,13,65,15,15,51,85,77,37,53,76,23,79,3,91,94,65,90,28,50,58,82,14,9,40,3,41,85,25,98,98,73,77,62,76,18,97,20,99,46,14,47,1,40,93,39,4,80,50,73,66,5,28,49,91,64,37,90,38,23,19,23,1,35
95,35,8,45,98,73,33,68,35,15,50,77,49,77,38,47,64,27,13,62,83,69,13,35,25,56,1,48,57,52,80,30,27,71,2,44,86,38,1,65,93,12,26,71,93,50,63,81,21,83,34,63,16,10,6,88,63,77,4,80,22,55,23,67,13,61,12,13,82,82,20,6,44,56,50,83,74,47,98,100,11,39,45,54,74,48,97,16,16,51,39,64,14,91,11,40,38,8,74,50
26,23,86,97,3,15,72,23,56,42,47,13,89,80,77,70,1,56,96,87,85,92,38,61,26,40,73,84,100,80,79,1,8,38,12,22,53,38,66,8,48,67,99,1,76,1,89,79,2,72,31,88,39,2,99,44,98,39,41,97,90,63,40,4,46,38,26,78,6,10,55,55,97,95,71,99,63,50,31,65,60,69,82,48,21,59,26,73,62,84,8,65,26,49,73,91,10,13,87,93
86,48,81,5,65,82,34,97,5,12,0,64,10,24,56,63,9,2,46,69,50,64,12,17,19,7,45,61,19,60,58,43,92,48,22,52,5,84,98,11,50,55,49,49,98,32,40,21,32,1,29,34,50,23,64,9,91,32,23,15,69,30,53,40,19,87,95,44,31,15,75,4,64,4,61,13,37,88,70,73,71,49,29,43,99,72,75,91,67,66,87,54,73,50,99,11,53,94,54,64
9,85,61,21,78,68,22,10,51,22,66,39,10,98,13,69,93,32,41,11,55,14,24,40,10,14,76,93,37,35,40,5,58,71,69,19,15,59,40,46,3,25,66,79,54,64,39,36,48,81,34,76,38,82,25,54,75,22,0,73,86,4,62,93,55,79,86,1,74,41,87,59,51,22,43,54,71,18,57,43,45,77,28,91,38,30,94,65,30,94,85,99,100,3,7,67,87,41,95,85
13,16,88,92,10,78,44,99,17,82,37,36,81,47,90,79,12,17,18,96,76,90,98,50,25,30,73,26,38,59,26,76,47,50,70,1,41,69,25,15,86,40,12,80,20,49,65,25,36,37,97,40,40,29,78,10,99,66,13,87,82,90,32,5,32,61,69,90,86,50,29,86,13,6,75,81,29,52,47,66,0,25,63,32,1,49,90,59,60,78,89,31,90,49,100,52,12,13,58,94
40,77,83,45,61,19,82,75,54,10,51,15,14,85,8,62,74,39,2,80,71,11,72,72,45,61,47,50,64,86,10,13,2,49,51,74,56,26,73,52,27,91,4,16,10,9,4,91,26,53,99,19,11,12,97,31,42,63,100,78,47,47,70,85,67,40,99,5,63,11,79,0,31,37,45,95,7,19,59,71,87,5,64,55,98,14,58,2,85,78,29,24,26,4,52,76,14,36,4,4
47,32,46,47,94,0,16,15,26,39,77,84,24,32,68,95,16,3,42,92,60,69,37,99,72,20,71,77,52,8,31,5,31,36,76,59,73,76,37,15,3,19,81,71,38,14,7,22,26,21,84,15,18,92,57,87,53,48,87,62,97,67,34,71,93,93,36,60,11,43,99,97,48,57,82,57,88,19,90,19,52,99,11,41,0,79,31,100,50,29,51,57,34,86,24,22,68,43,69,72
36,9,43,15,45,87,77,56,54,91,11,49,39,82,50,84,72,10,33,37,36,98,29,85,81,8,96,68,40,15,8,74,88,88,95,35,46,21,94,79,43,69,79,9,85,44,17,79,8,93,67,79,45,5,6,47,76,73,1,93,66,67,79,49,85,84,57,38,37,8,34,97,51,55,79,92,45,32,16,36,97,51,49,34,98,46,17,55,5,77,56,24,0,97,12,2,1,15,1,97
26,29,41,100,29,48,74,78,90,48,23,85,33,84,29,39,92,28,59,58,28,48,78,51,70,74,82,51,86,21,94,1,38,68,0,98,19,97,72,63,30,28,67,99,30,54,60,58,37,34,8,91,85,28,9,98,41,94,62,45,55,74,15,30,99,4,76,26,30,64,98,74,35,83,7,3,64,95,60,55,15,89,28,21,12,2,73,86,29,17,69,91,14,10,26,11,86,68,91,6
46,2,68,68,82,7,89,9,89,76,75,75,77,68,66,67,85,95,93,54,38,17,33,41,60,17,25,66,59,38,3,43,48,99,56,59,87,66,93,35,78,2,88,42,89,75,98,64,91,11,9,35,41,59,4,18,54,42,91,74,28,12,35,70,18,90,30,28,40,39,24,44,81,27,18,54,100,44,44,58,50,31,94,19,35,53,45,91,92,59,85,36,23,48,10,94,11,47,88,3