93,0,51,31,86,54,60,64,60,57,69,59,57,88,44,80,9,53,58,18,10,100,71,37,80,58,31,0,84,43,39,66,74,23,95,94,12,88,4,97,47,87,46,26,28,71,24,88,26,48,5,50,52,33,56,63,21,19,68,61,94,68,49,62,8,12,76,97,12,6,2,26,41,26,66,3,12,67,40,65,82,29,5,37,9,28,61,29,17,31,95,20,75,82,23,4,8,6,14,16
99,9,45,8,53,0,31,100,30,41,13,23,8,67,30,68,69,98,29,46,96,61,65,64,20,53,27,47,32,28,21,75,55,72,51,89,10,44,29,19,28,34,46,13,78,19,24,49,15,34,94,78,55,73,89,21,95,3,42,100,90,25,63,17,47,92,53,19,100,3,58,4,85,97,88,48,60,25,5,55,45,57,63,84,84,64,36,10,8,99,94,19,83,35,18,45,96,89,94,83
45,25,42,58,30,51,36,15,0,36,98,39,0,71,68,29,31,42,98,35,100,72,81,48,24,22,45,100,50,24,78,42,35,60,96,50,83,3,93,28,70,18,98,82,55,76,11,92,82,85,28,71,22,90,16,22,80,16,88,17,69,3,37,1,29,34,41,32,71,53,74,66,23,3,62,92,71,48,44,90,33,1,23,2,1,27,5,81,46,7,49,24,17,69,88,37,84,88,39,16
61,21,19,18,83,41,43,81,4,55,96,20,70,99,68,2,29,12,34,68,2,17,40,92,90,71,38,0,77,14,72,91,71,41,88,3,76,46,64,27,5,59,51,83,74,56,48,85,66,38,49,29,37,31,90,98,1,43,98,0,93,34,45,53,64,1,99,24,36,15,14,30,99,90,13,92,43,83,7,7,52,74,35,96,4,36,88,66,19,89,48,88,88,73,72,88,97,12,16,59
4,99,8,36,4,40,15,88,91,64,98,57,86,54,17,72,27,87,82,58,69,52,60,94,93,46,70,37,10,15,96,84,49,30,99,16,66,56,44,93,53,62,20,51,52,70,99,69,95,75,74,23,14,77,72,95,68,46,55,77,86,100,33,35,60,86,8,13,40,88,98,77,88,33,85,23,68,71,83,65,71,66,85,30,85,73,95,91,59,45,95,5,83,24,29,24,45,68,12,82
92,70,48,7,10,3,94,37,3,92,20,0,61,55,35,13,70,42,64,98,49,23,89,51,71,44,85,81,93,29,58,23,69,99,69,9,75,80,66,85,34,29,41,15,15,72,72,74,42,53,21,27,59,72,97,84,52,40,21,62,19,90,47,9,83,10,50,8,55,42,45,75,14,73,37,17,26,46,91,43,55,52,56,35,44,60,5,41,7,90,65,13,28,47,67,90,85,81,32,27
61,40,86,87,13,69,79,90,62,61,67,78,31,4,97,77,88,24,56,71,57,56,47,84,86,52,29,24,75,55,28,16,19,58,15,89,34,65,55,0,43,42,4,84,75,93,99,47,91,76,2,4,41,96,86,11,25,36,82,35,54,16,85,22,49,97,4,9,97,8,90,16,39,69,62,49,25,60,73,30,93,83,66,22,100,40,60,92,55,41,28,69,59,20,74,55,39,30,38,77
84,8,62,6,51,54,69,3,69,96,4,81,69,79,100,61,56,56,19,15,11,6,35,44,68,14,92,80,74,92,58,79,81,26,34,57,80,15,45,11,5,2,1,34,36,38,53,8,52,7,40,55,6,15,66,36,30,48,100,19,7,25,96,37,95,32,11,18,99,19,31,97,78,91,69,42,52,8,21,48,60,6,17,49,27,63,86,57,91,33,1,38,41,9,43,21,29,25,2,80
39,75,38,58,59,58,31,28,77,60,92,10,60,92,3,81,52,40,73,10,76,11,100,14,37,17,10,83,26,56,23,70,20,60,19,32,84,77,35,61,1,83,56,12,54,31,53,69,3,80,99,6,34,49,75,54,57,85,46,89,49,10,25,80,55,65,2,82,95,32,78,89,78,7,32,94,78,31,58,19,56,26,14,25,7,10,88,29,68,80,0,28,96,87,23,52,57,27,7,15
52,43,15,37,69,53,57,32,30,46,62,16,65,58,83,51,65,97,27,43,42,35,96,65,25,21,50,57,12,57,81,3,38,4,72,24,85,21,74,73,51,33,92,12,5,40,57,33,52,65,77,86,100,45,50,79,17,30,11,46,45,29,57,85,1,33,97,50,38,89,52,59,81,10,38,88,73,94,85,56,89,54,59,63,36,39,22,61,50,54,68,43,31,84,1,75,68,60,89,48
76,15,66,8,66,4,54,74,8,45,88,39,92,53,46,34,88,17,3,26,9,24,88,49,6,80,28,16,10,81,29,88,42,69,6,0,85,97,87,9,3,96,88,87,34,23,19,74,27,16,40,42,87,96,69,89,89,71,91,67,59,0,72,94,41,78,58,66,8,5,38,16,97,6,75,12,32,45,95,54,72,81,31,21,67,23,63,96,46,39,74,53,96,100,5,31,95,23,38,29
14,17,81,2,88,42,81,78,16,55,15,50,0,75,77,40,21,6,71,65,53,70,48,48,34,10,8,44,15,82,57,18,68,45,86,80,22,29,96,76,17,63,36,9,46,24,69,55,100,33,86,19,24,89,19,100,8,28,64,6,66,23,0,14,51,12,73,20,9,24,24,26,39,5,39,9,47,15,24,46,34,63,75,59,76,50,3,39,11,14,72,53,31,91,87,5,59,11,45,6
22,95,57,85,20,60,62,10,55,11,27,62,83,88,78,50,55,73,17,12,34,73,83,74,0,86,51,61,13,3,34,99,98,83,38,6,42,10,27,100,42,92,79,86,62,48,74,38,22,13,12,9,15,100,87,67,33,67,75,65,62,66,59,75,7,5,58,87,80,59,23,60,79,45,37,59,12,45,55,32,79,87,22,67,98,91,97,72,76,19,88,28,9,77,100,61,43,60,92,100
13,2,60,53,39,60,63,30,91,68,76,91,91,29,64,3,42,56,31,46,64,60,0,1,96,81,41,55,58,35,16,79,98,14,68,82,41,59,1,50,50,2,14,20,79,7,74,6,49,36,39,84,40,3,18,2,9,69,82,28,11,78,98,12,19,35,100,20,76,60,82,99,49,18,57,99,3,71,85,33,70,27,14,6,100,100,60,13,90,53,51,78,2,95,96,47,51,66,25,99
63,59,30,68,97,5,59,64,68,52,8,93,78,98,87,32,89,13,72,19,75,35,16,78,50,8,1,46,13,27,21,37,87,75,32,83,59,22,5,59,28,60,20,62,79,79,93,28,38,77,58,89,23,48,37,39,0,43,93,0,10,91,62,24,96,9,80,95,24,29,59,63,89,7,58,83,94,49,98,42,73,33,16,42,47,43,95,56,94,78,21,4,19,81,46,18,79,6,37,92
73,55,0,0,75,25,68,56,29,74,63,4,89,53,57,58,8,79,1,1,45,61,31,92,87,100,98,34,25,32,97,23,70,39,86,48,55,1,95,10,93,95,75,35,33,93,75,64,43,63,56,68,8,61,46,5,91,70,22,66,43,35,42,50,19,2,95,41,83,11,100,8,59,29,98,24,95,33,19,3,9,86,5,89,23,17,30,86,99,98,56,27,47,7,83,26,82,67,40,40
6,22,29,2,48,24,5,39,91,41,26,26,95,2,8,88,79,53,24,67,100,28,37,7,59,56,26,71,37,55,31,71,1,61,74,22,6,45,39,53,69,22,32,0,50,7,88,88,53,42,41,11,84,79,58,0,23,43,75,63,53,93,68,45,6,6,52,58,77,13,36,43,1,25,40,99,85,51,86,26,92,91,22,66,53,9,34,67,35,91,15,55,19,22,75,36,27,26,21,35
1,75,39,40,25,22,7,88,8,95,20,85,12,67,59,32,86,39,6,80,19,7,4,40,12,44,33,0,8,2,33,0,46,92,27,97,83,9,5,90,21,64,48,59,45,54,25,57,98,48,5,45,7,76,38,6,79,63,7,85,0,56,98,7,89,18,44,86,70,68,42,30,82,38,41,73,84,13,40,66,95,60,75,84,18,47,21,64,94,22,61,62,41,54,63,11,45,92,52,67
65,58,82,64,8,2,4,30,62,55,59,57,69,63,86,63,28,54,22,58,71,56,100,75,19,33,24,42,71,52,8,95,94,15,46,66,14,3,3,77,10,7,7,95,39,42,100,18,6,8,23,13,32,2,57,66,50,71,95,37,25,42,100,96,19,30,58,84,3,25,89,78,97,33,45,45,94,10,31,83,0,52,5,11,95,96,18,39,93,83,95,42,4,59,95,20,33,89,14,100
26,32,5,65,72,12,98,93,47,14,74,46,62,54,63,17,76,86,67,12,15,0,12,24,22,17,87,16,100,14,59,29,99,13,54,91,98,100,53,13,69,64,29,3,50,25,78,25,61,50,59,15,68,80,61,96,80,69,46,56,46,98,22,61,53,8,28,22,86,70,94,69,21,43,23,58,79,50,30,80,62,2,18,22,100,40,78,85,53,59,65,2,71,2,25,71,53,68,58,68
31,100,93,74,73,61,29,81,1,14,92,45,100,97,12,91,6,15,7,1,41,60,69,86,56,77,28,91,80,26,2,65,75,52,17,34,5,56,19,13,91,55,47,73,28,17,49,37,71,17,12,5,87,1,49,10,32,62,24,66,44,56,61,76,41,13,5,34,30,9,59,39,74,79,52,50,56,68,9,65,20,14,52,47,2,52,25,23,93,38,97,54,91,18,48,38,100,59,37,97
26,44,81,69,50,88,84,63,75,89,25,34,9,16,43,9,71,49,13,86,48,76,5,75,29,38,62,47,36,16,57,31,14,34,91,51,85,66,25,76,79,76,75,93,89,35,48,61,58,64,94,59,73,22,0,71,13,21,20,3,94,61,57,51,54,7,15,54,83,32,78,60,46,47,8,47,17,67,35,11,5,45,80,18,66,8,13,57,7,90,49,21,64,46,98,76,7,26,26,18
48,64,42,39,38,97,98,37,35,32,59,94,99,34,37,96,98,73,54,18,42,69,98,58,14,53,45,81,82,74,74,80,11,30,95,86,37,83,47,49,40,45,88,66,54,36,23,100,25,58,26,15,91,75,2,19,97,21,41,1,16,90,6,91,41,5,67,77,45,69,74,92,83,56,16,25,38,9,51,33,54,67,67,58,11,41,83,100,66,98,70,67,21,90,88,97,16,95,87,41
28,77,20,97,29,28,37,89,41,68,80,10,93,97,37,21,35,42,78,91,1,83,99,44,81,5,29,56,21,22,94,28,78,48,47,74,68,50,81,31,30,4,4,66,22,40,93,69,40,16,89,69,11,0,47,16,65,98,73,33,87,92,95,19,12,1,85,31,9,99,77,90,69,52,55,89,88,52,46,60,48,14,56,79,30,80,39,48,34,87,59,81,33,80,22,77,69,62,96,44
10,97,71,42,98,27,79,0,10,45,10,5,76,30,80,31,22,50,64,74,58,93,90,61,41,16,63,58,32,61,67,83,81,21,34,72,25,9,39,91,85,13,91,83,32,99,22,73,29,74,92,57,73,6,41,44,10,22,55,20,26,4,4,62,54,54,49,14,63,29,21,25,98,58,3,33,21,33,63,27,73,16,19,40,81,8,57,53,87,32,42,94,79,43,30,20,32,43,26,85
14,64,48,28,100,90,64,0,26,20,75,37,49,78,66,21,84,7,88,67,54,78,99,63,33,68,61,62,77,37,43,58,74,12,21,29,48,61,15,100,77,40,56,84,33,30,30,48,95,15,80,74,39,19,95,18,42,71,69,63,10,83,83,23,95,67,86,55,49,100,63,79,51,30,6,60,0,94,72,22,5,54,52,41,35,71,95,15,59,65,98,20,61,1,36,64,42,8,13,45
4,74,63,57,34,50,21,33,59,80,20,9,76,41,43,64,93,72,24,38,29,57,85,48,16,95,8,9,62,5,69,50,3,34,63,66,47,59,76,83,81,74,75,47,78,39,80,78,7,82,70,89,48,40,45,87,39,1,52,88,65,13,62,66,85,96,22,50,15,93,26,92,18,1,7,37,32,52,80,42,19,70,9,97,23,26,69,85,28,0,32,72,2,75,22,40,93,87,11,15
43,36,24,53,21,39,8,60,52,42,29,38,58,55,34,83,58,88,45,29,9,38,67,43,97,22,65,28,72,45,88,70,3,76,82,29,62,68,37,14,48,77,61,41,29,97,9,62,66,98,38,88,9,55,88,53,95,3,75,54,64,10,87,29,7,72,25,6,98,94,27,68,94,22,39,22,42,98,67,66,86,14,80,47,40,100,50,77,42,78,12,86,59,18,91,84,92,91,68,69
30,94,42,74,41,75,87,57,93,5,63,4,80,51,63,13,76,35,69,0,78,62,7,70,66,51,76,91,53,43,73,18,70,51,88,98,99,44,51,5,7,66,27,13,19,64,81,60,34,95,84,95,78,16,2,40,31,88,58,26,48,80,70,29,24,18,77,5,97,63,21,96,6,29,5,19,25,49,36,56,6,91,47,31,45,98,1,47,18,30,59,10,31,93,69,1,21,53,70,14
45,96,31,28,1,86,25,83,19,87,77,39,65,63,86,71,59,0,9,8,47,74,82,98,1,99,26,13,11,24,38,46,6,48,33,17,44,91,26,37,75,2,66,13,59,91,25,40,8,58,4,97,15,99,4,29,89,95,36,23,32,39,74,46,89,24,0,49,29,30,80,33,23,69,95,46,74,25,46,92,6,51,8,45,69,17,100,48,96,31,46,18,54,32,93,9,37,70,84,51
89,88,28,57,54,79,71,56,48,71,21,72,2,67,46,96,91,48,79,80,35,33,58,1,95,3,57,13,63,7,31,43,97,31,47,8,100,92,53,85,99,56,8,13,97,58,89,20,51,42,88,82,78,38,49,62,83,17,59,58,77,35,46,39,1,11,82,97,52,20,42,83,27,99,54,82,76,63,91,50,20,47,89,86,0,56,96,14,30,25,69,66,76,44,47,48,48,92,81,27
17,81,82,54,8,19,17,14,37,28,38,41,30,75,19,1,97,17,29,99,29,97,71,83,43,24,19,35,30,12,70,60,78,49,87,12,26,31,33,35,79,28,97,58,80,19,38,4,60,35,58,32,34,46,88,96,41,87,30,69,41,88,17,27,36,16,84,52,26,79,4,72,95,70,75,34,84,74,42,7,61,11,85,9,98,22,100,82,36,15,37,79,85,2,72,12,65,30,77,88
65,48,65,13,51,2,30,44,70,69,36,32,9,17,92,75,83,3,3,96,69,10,52,18,10,62,46,76,25,85,0,29,97,1,72,36,45,93,9,16,53,81,0,23,63,22,39,83,36,23,15,24,59,40,60,4,25,50,45,77,16,95,50,33,44,56,22,9,40,14,3,57,72,79,87,6,21,77,4,94,61,30,39,42,98,15,44,30,92,51,9,25,73,5,62,67,89,63,38,27
76,43,3,35,45,81,88,36,92,23,21,61,74,68,43,99,70,63,55,92,13,66,31,22,61,27,25,100,62,33,47,40,9,60,64,14,0,38,59,5,44,35,12,33,36,40,89,26,70,38,74,52,89,73,13,74,7,95,59,35,16,98,53,54,73,58,37,100,3,56,15,97,31,0,61,3,89,58,96,38,24,66,21,30,95,81,46,57,91,75,56,46,8,32,75,37,35,29,91,66
32,36,78,33,0,24,72,99,95,64,38,87,46,43,11,27,70,58,7,72,23,7,27,27,94,99,45,15,23,34,31,98,80,97,78,51,24,68,81,9,54,47,88,12,87,14,10,86,33,64,83,85,72,35,95,69,34,74,1,68,97,78,46,50,14,60,93,12,89,45,61,84,89,3,14,40,96,12,46,72,94,75,35,40,55,21,13,39,98,97,99,30,73,26,68,11,95,85,54,45
11,17,8,99,54,54,16,24,92,94,55,35,40,56,82,38,53,83,40,62,32,39,5,17,86,44,24,69,76,88,86,47,10,6,78,54,37,37,78,73,35,92,44,21,9,98,60,41,12,24,60,81,10,21,77,64,11,60,6,53,80,16,89,86,84,77,94,23,67,45,65,78,70,83,89,50,27,9,41,59,10,73,49,69,32,52,86,95,76,34,11,28,11,80,70,48,39,29,9,71
77,16,83,35,1,68,48,30,62,15,37,49,12,38,62,54,84,54,16,26,72,5,29,12,48,84,24,5,89,82,53,94,24,18,37,18,83,79,85,1,70,40,12,39,59,22,3,41,43,71,0,99,11,68,51,97,20,40,62,46,68,18,27,2,2,16,10,18,74,21,71,24,29,66,33,31,49,47,69,38,83,99,95,41,32,53,7,79,78,44,37,83,27,31,61,15,83,89,45,29
43,65,3,14,46,96,97,76,24,21,70,15,65,43,8,10,76,39,77,28,49,2,20,97,76,83,83,0,59,46,91,14,47,6,2,62,66,28,7,43,17,100,70,94,96,11,80,58,60,52,96,40,78,19,67,85,16,55,86,14,48,16,51,78,8,66,39,42,97,86,25,0,74,71,77,71,78,45,71,83,97,15,91,16,85,89,65,61,61,60,9,99,2,10,86,96,1,42,50,44
62,22,45,14,99,60,54,40,41,30,70,4,62,36,34,10,1,82,15,4,82,51,5,80,28,65,39,50,8,21,67,50,6,36,32,98,42,54,23,63,21,78,32,0,95,43,7,100,99,17,75,86,63,79,31,50,85,20,9,77,91,39,2,85,33,9,18,79,37,97,96,41,9,100,7,36,52,45,74,27,40,35,99,64,75,5,8,44,100,57,8,57,27,73,36,58,51,6,91,33
17,5,87,88,38,12,35,12,88,48,42,54,5,92,55,60,76,60,97,38,86,26,72,79,64,25,89,45,33,86,8,72,7,49,45,82,11,21,66,45,53,0,25,83,36,33,68,38,12,82,79,20,89,38,81,23,47,91,45,39,68,97,41,70,60,59,38,14,16,73,65,90,90,82,93,76,78,15,64,94,21,8,54,62,75,43,36,50,62,93,39,99,28,77,24,6,13,67,35,49
39,39,2,22,57,42,31,62,45,100,38,3,4,21,95,59,92,18,5,43,96,62,92,30,40,66,63,84,71,100,28,48,2,52,75,66,99,49,35,22,79,1,46,11,40,49,46,60,64,61,46,21,35,44,34,26,73,3,23,32,22,17,19,86,57,28,75,36,45,50,55,50,98,46,0,46,89,91,22,67,88,1,60,38,5,96,62,63,71,5,94,31,75,80,47,7,22,48,80,64
32,100,66,64,52,45,84,30,16,54,25,21,96,15,16,40,5,2,89,12,41,1,80,57,8,28,26,32,59,58,10,21,42,80,19,91,4,57,95,1,18,78,74,87,1,20,36,26,22,38,8,28,55,31,47,97,79,50,37,42,71,70,12,11,44,45,9,5,85,7,69,21,41,38,61,95,64,27,8,41,8,85,49,5,13,64,18,14,70,81,27,72,55,82,53,48,0,69,34,30
58,14,4,83,97,89,33,32,38,36,44,49,40,37,71,19,0,45,29,8,48,65,89,28,5,72,15,10,20,4,84,77,44,32,50,15,70,61,34,24,97,100,29,23,55,42,30,24,84,67,77,85,42,2,60,90,16,86,82,4,75,95,80,93,6,97,42,37,45,80,57,17,39,81,62,35,99,87,32,7,83,55,3,72,44,30,79,70,36,75,2,67,41,95,50,81,26,18,9,12
67,20,75,90,14,69,40,23,38,53,17,9,19,19,70,36,1,10,81,4,78,30,15,76,68,72,68,25,64,71,92,80,50,56,43,17,36,1,3,11,82,95,86,61,6,47,71,91,58,90,50,63,52,36,58,83,85,98,7,78,6,73,62,57,6,69,90,100,68,68,18,19,67,31,94,41,6,9,52,26,84,73,80,23,17,82,14,19,72,5,71,34,68,78,94,66,12,100,85,85
46,13,100,66,89,100,62,6,79,25,93,33,99,58,54,63,94,66,13,91,64,22,27,13,5,56,2,71,49,84,74,59,72,19,30,82,59,56,64,89,13,9,58,35,54,8,87,59,66,92,96,8,71,80,91,21,70,1,56,37,92,12,27,53,56,17,79,95,50,9,27,7,72,46,34,24,23,70,42,13,14,100,58,9,83,21,82,87,36,58,29,55,16,77,59,94,49,44,19,83
15,71,84,51,89,36,32,61,21,76,44,32,37,47,31,4,54,69,97,69,69,28,71,40,66,32,51,55,39,39,62,96,61,60,85,82,1,42,78,15,53,81,41,49,18,85,56,94,6,86,83,34,97,20,38,23,96,83,46,47,40,63,23,39,7,60,4,19,24,75,24,77,80,9,93,64,70,6,8,9,63,41,17,7,90,1,33,31,66,50,2,92,18,23,13,47,22,29,93,95
39,0,25,28,16,37,77,81,88,12,23,74,27,73,55,67,89,30,18,95,24,80,58,29,43,77,19,22,86,69,58,100,96,36,71,82,41,66,70,35,12,68,69,67,38,14,16,48,54,6,37,43,57,0,78,88,59,69,100,9,14,74,8,13,49,51,75,17,96,89,67,5,92,59,87,45,82,88,37,53,65,58,30,33,81,47,2,76,54,49,98,37,19,62,57,59,86,69,58,80
67,93,76,53,49,10,42,32,28,23,61,82,24,45,32,100,17,16,79,14,87,92,18,71,91,12,14,63,28,67,39,40,24,59,95,71,27,38,68,36,55,19,90,99,21,28,97,32,79,63,26,76,69,71,22,16,24,65,39,8,20,73,98,51,23,57,32,64,60,6,30,96,80,40,5,31,42,14,25,74,67,52,1,51,22,15,47,41,77,37,49,95,51,0,22,51,45,38,6,34
41,12,50,27,52,70,61,30,9,85,87,100,51,43,10,52,62,96,99,62,42,63,75,77,22,63,51,78,45,31,100,37,14,19,4,19,86,19,51,21,69,29,29,23,84,81,78,50,85,75,99,18,94,91,17,5,98,45,84,20,33,30,40,70,16,99,34,10,84,9,17,98,71,22,61,35,81,48,85,24,26,88,3,0,74,96,76,80,2,26,24,52,25,71,36,87,59,83,57,76
61,73,46,78,66,57,61,59,15,78,0,7,63,76,28,50,22,80,54,47,31,3,81,16,59,43,48,34,86,34,25,100,58,72,36,76,58,31,37,13,73,6,16,49,69,55,52,9,95,87,17,31,25,31,1,45,37,41,34,74,34,83,63,59,9,45,83,48,42,39,32,18,62,50,78,66,57,12,8,91,53,61,30,2,26,39,15,10,92,15,56,58,97,71,1,41,28,71,18,62
11,81,51,65,42,50,53,13,79,52,4,64,79,12,54,6,13,0,42,52,37,21,21,27,66,48,96,61,14,2,25,50,86,94,61,62,99,94,4,74,61,16,92,1,18,33,87,73,81,68,23,69,29,14,18,11,60,54,94,87,38,95,13,48,84,39,55,65,77,85,63,53,79,90,67,65,59,19,6,87,76,96,56,91,0,91,49,17,29,65,17,88,82,71,53,53,97,59,1,43
73,33,18,38,73,32,53,44,5,21,89,37,71,37,68,60,28,86,32,43,31,60,95,91,2,91,13,62,3,73,13,9,28,5,20,68,16,26,69,34,35,21,94,62,72,37,71,53,99,82,94,95,94,79,27,24,22,52,0,11,1,91,29,67,27,33,9,34,72,55,29,90,86,59,1,47,59,16,73,59,72,55,20,53,87,96,26,72,79,59,3,91,30,43,56,60,45,38,10,1
34,34,88,11,21,55,81,63,62,51,27,27,36,65,92,42,78,30,65,51,72,68,65,58,58,19,22,52,69,69,45,24,11,94,22,42,78,6,28,14,67,31,72,25,35,60,33,21,10,56,97,15,6,70,70,17,29,68,41,19,77,6,36,95,38,60,26,99,56,24,75,65,91,18,93,63,2,87,87,73,87,22,5,21,18,64,18,34,70,50,71,85,95,13,72,95,94,43,24,37
70,9,44,89,88,14,15,46,38,79,39,25,71,72,1,9,52,54,71,94,58,28,36,93,61,82,34,96,56,97,57,30,45,15,1,80,52,80,78,82,97,30,87,1,87,70,71,16,65,5,38,37,13,6,20,89,50,8,52,50,56,89,95,81,78,26,9,15,60,19,45,83,59,98,1,72,25,8,23,79,47,68,73,85,96,66,51,28,7,62,35,20,78,50,82,21,34,72,78,6
9,3,8,9,50,17,3,25,65,3,98,55,23,51,35,17,49,18,82,8,74,49,100,29,29,25,31,0,91,71,76,90,0,78,60,36,51,85,26,46,46,55,14,55,88,33,14,30,6,69,83,17,8,12,84,9,95,17,87,77,5,9,28,73,73,33,90,19,54,60,71,88,60,57,82,24,94,3,18,54,88,63,55,17,47,2,21,30,84,87,23,21,99,31,59,74,10,62,50,53
79,11,10,25,82,9,48,72,46,53,3,16,19,90,52,76,58,29,94,4,26,28,37,91,24,39,60,95,18,83,50,46,20,40,68,48,43,21,18,37,93,22,59,11,76,80,16,40,100,49,26,84,4,85,16,74,70,66,64,87,35,66,14,89,56,27,16,86,44,73,44,45,69,96,33,29,70,48,6,47,29,3,59,7,46,54,84,87,69,57,38,47,58,27,44,31,62,13,93,51
99,33,73,45,63,95,98,67,7,76,24,46,56,53,18,79,27,2,4,73,6,40,4,39,53,2,19,78,98,19,43,21,53,16,25,47,89,65,82,98,22,3,81,2,51,80,49,1,16,71,2,33,56,49,19,29,97,74,83,77,0,73,11,23,5,100,71,92,17,2,27,67,95,75,0,70,94,5,42,23,51,25,23,89,57,49,52,1,86,32,4,78,92,96,91,27,68,96,54,64
92,63,71,24,93,91,48,69,73,84,88,75,50,7,13,10,7,71,89,31,4,10,78,65,39,26,12,21,53,22,57,18,33,1,71,32,4,69,42,61,50,11,49,94,35,80,14,79,17,77,79,2,11,29,75,18,72,87,21,65,84,3,89,18,2,100,55,50,37,94,95,21,59,73,96,18,92,31,59,52,83,42,51,20,75,40,37,49,38,49,29,86,59,82,61,84,67,41,68,46
72,4,11,91,5,96,6,50,28,27,66,86,39,90,49,17,42,13,91,26,5,19,73,78,47,54,3,77,18,36,78,70,69,72,32,72,100,90,44,9,83,42,38,60,44,100,78,46,91,10,92,41,58,52,19,53,70,41,21,90,26,32,37,89,35,64,10,84,79,3,93,47,55,12,66,52,55,77,32,74,13,36,63,68,13,25,17,38,9,26,44,5,59,19,35,54,40,12,48,26
0,49,95,81,98,8,27,78,5,26,37,21,61,42,65,60,22,98,73,84,95,46,22,19,7,17,27,92,21,43,11,96,29,71,54,56,50,20,62,4,99,53,40,100,16,39,13,51,16,97,53,9,23,62,38,86,6,1,54,37,60,13,94,100,53,67,55,34,48,13,67,68,70,7,92,94,25,83,34,11,4,89,11,76,49,14,67,66,30,61,35,8,89,24,22,54,64,17,97,36
91,9,59,15,18,96,44,9,48,77,61,59,73,68,90,49,58,16,90,94,53,49,17,33,68,83,70,58,37,81,95,10,98,44,16,56,37,71,80,98,37,86,19,29,90,58,90,2,46,51,63,41,30,91,2,4,66,4,61,17,69,31,26,28,53,80,94,57,69,25,3,81,33,5,100,28,17,22,8,79,30,11,22,25,82,64,61,38,15,13,11,78,32,58,6,46,48,97,20,54
48,8,8,31,22,68,3,99,87,70,40,88,55,2,42,41,42,78,92,54,62,68,97,51,53,37,93,62,98,6,11,98,72,11,2,90,21,39,98,23,3,11,55,3,100,21,28,29,39,90,92,23,87,85,91,26,16,16,84,1,76,67,22,27,41,44,67,5,20,52,18,16,93,74,58,63,42,58,49,85,57,34,93,16,94,64,65,55,96,88,84,90,99,49,78,64,76,82,52,83
1,17,37,27,41,86,44,45,56,59,0,31,52,30,58,13,6,86,8,47,64,71,90,1,77,3,63,24,51,77,50,27,27,41,92,35,67,51,97,39,86,16,52,97,89,40,70,56,71,38,28,9,85,71,42,23,53,62,83,66,19,72,44,44,53,37,17,40,82,99,85,24,58,10,44,28,60,58,35,39,21,6,69,59,23,28,73,82,98,73,83,66,26,36,83,11,39,1,78,52
41,53,48,90,42,64,87,29,48,36,22,66,23,61,44,51,79,43,76,50,83,29,26,24,92,67,79,41,43,19,91,24,5,41,67,96,36,92,71,26,17,49,29,69,52,29,33,20,40,30,52,25,33,87,95,89,71,72,41,78,40,60,45,23,85,33,66,46,80,34,66,46,23,62,10,67,76,70,29,89,2,33,97,27,89,12,29,11,57,98,58,22,65,67,42,29,84,99,71,69
99,72,72,89,47,69,61,87,69,98,33,82,42,92,51,71,8,55,74,56,81,49,76,44,0,71,77,76,39,32,25,40,5,21,44,19,75,85,33,32,94,67,72,83,89,60,43,51,29,52,17,17,17,57,60,80,0,36,32,46,31,8,1,47,53,98,47,52,71,44,81,95,56,66,26,24,91,45,77,79,0,96,23,17,1,85,92,49,21,50,6,6,15,8,22,32,58,97,3,74
77,46,37,77,42,38,40,50,33,16,65,52,54,85,65,51,41,77,30,12,85,63,18,94,57,93,67,82,1,11,33,6,38,24,99,99,63,34,73,61,64,59,54,90,75,89,55,9,32,40,91,82,10,89,88,1,93,49,85,10,5,98,65,57,14,1,11,71,9,58,27,98,55,99,62,20,10,73,79,27,89,90,73,62,68,83,83,59,100,52,17,4,0,77,10,77,2,84,71,67
81,43,57,61,54,21,49,52,58,88,66,88,91,33,23,98,13,20,55,3,15,74,89,93,16,5,1,67,48,6,69,68,88,37,98,33,96,95,95,76,7,97,88,10,79,41,82,52,48,49,97,24,51,78,83,73,73,36,28,100,56,35,25,100,1,23,77,39,45,39,63,79,94,57,92,70,41,25,3,43,58,3,49,16,15,55,2,90,72,51,42,9,59,67,36,61,34,97,78,83
14,82,68,24,21,44,77,47,79,12,70,85,0,34,86,37,53,23,46,18,55,3,94,81,10,39,47,2,79,75,10,72,6,34,80,96,60,56,42,12,69,65,14,97,51,62,45,83,2,56,58,68,50,77,26,85,74,21,28,9,6,9,1,15,10,63,90,23,1,1,8,62,12,81,42,38,22,67,46,48,36,9,70,57,45,49,71,79,94,49,48,31,9,87,30,4,11,13,16,81
77,79,14,72,67,41,36,26,77,13,11,16,13,49,64,29,3,93,6,21,56,82,67,63,71,72,30,21,17,60,69,22,19,72,70,45,40,61,74,84,5,41,0,38,95,54,86,96,22,36,5,50,60,15,19,58,1,9,37,78,75,16,10,83,42,43,96,99,39,17,98,51,39,6,12,39,96,2,86,80,13,78,61,80,90,0,37,19,42,56,20,96,8,27,21,37,50,49,4,88
28,97,23,8,34,96,19,47,20,62,30,71,82,1,59,32,58,100,71,63,3,67,94,12,55,75,88,37,42,16,44,97,12,39,39,16,69,84,83,48,13,84,7,91,42,44,22,32,56,49,59,62,18,55,27,13,42,34,10,63,98,0,17,31,30,57,16,96,61,61,73,84,74,31,76,86,22,66,9,80,1,40,67,99,36,26,36,81,78,12,25,12,58,62,50,41,32,29,62,55
45,42,83,75,58,84,30,43,55,83,41,99,69,71,34,73,49,70,45,46,65,97,51,59,66,83,21,67,55,43,9,0,95,17,76,55,51,48,96,98,49,37,17,43,90,21,95,23,89,44,33,67,4,100,53,64,67,40,66,28,58,75,97,4,5,16,59,1,86,78,79,78,10,4,8,92,68,21,86,56,9,64,78,96,57,44,84,68,34,76,59,18,2,9,89,68,89,5,43,77
8,36,63,47,7,38,55,88,44,6,9,78,26,86,38,93,68,95,35,67,46,1,21,53,83,31,38,97,17,47,96,37,86,74,65,55,73,99,14,68,94,82,89,14,97,32,96,14,97,17,81,53,45,16,27,33,77,20,53,63,80,31,91,93,58,42,53,58,91,19,7,4,71,71,58,9,60,15,29,23,60,69,24,42,32,77,86,59,73,60,84,95,59,53,39,76,60,12,90,64
60,69,41,53,43,52,74,11,96,37,88,49,69,16,41,51,84,33,74,11,22,49,64,32,53,11,76,52,12,42,89,23,72,13,34,54,62,76,88,17,81,52,78,46,36,42,42,59,89,27,98,61,87,2,43,46,31,26,95,32,67,35,45,87,14,79,91,12,75,30,52,10,22,29,5,54,30,12,47,44,74,8,99,0,49,9,83,75,28,86,56,22,14,36,83,49,60,70,49,92
60,43,93,69,26,6,74,47,16,8,92,59,62,49,92,50,37,43,8,40,23,62,54,93,11,79,87,28,67,32,55,68,18,28,36,90,51,43,68,11,35,67,51,87,71,33,1,3,1,41,82,76,27,70,12,57,97,87,43,65,28,37,27,83,83,0,95,55,41,13,22,69,48,31,96,66,29,83,23,32,16,70,15,45,22,92,61,11,14,65,9,40,95,74,54,3,99,47,88,12
42,42,39,9,52,34,3,97,50,48,7,22,11,20,52,44,26,18,73,88,36,87,54,53,25,80,54,0,77,1,4,32,94,80,88,58,83,60,10,43,7,17,3,90,89,49,84,68,26,81,20,63,48,57,23,48,93,42,95,56,22,37,36,14,41,64,54,1,99,38,22,32,26,36,44,43,74,48,31,83,3,91,52,31,81,41,37,36,55,21,95,13,4,85,51,57,19,25,27,17
2,95,64,15,89,87,2,53,95,69,36,55,90,99,40,51,33,54,31,64,40,32,10,21,26,33,63,15,46,39,58,5,59,95,22,26,0,11,49,72,24,76,33,76,99,42,18,53,23,75,60,48,38,55,60,57,66,27,14,97,28,65,81,79,34,71,91,9,32,46,57,38,75,26,82,77,96,21,63,19,86,52,4,22,82,64,83,30,42,83,87,100,16,82,93,96,48,10,91,66
3,50,80,18,32,90,86,100,91,86,97,6,69,41,97,70,78,3,33,11,86,37,95,96,57,69,73,72,58,51,39,37,99,86,96,37,25,22,84,59,7,71,52,68,95,60,35,43,40,16,64,0,68,84,34,21,36,41,98,23,91,53,88,89,50,46,59,94,8,56,66,85,62,17,45,65,83,74,84,92,54,91,52,63,10,85,74,55,6,64,99,9,11,87,47,13,4,45,2,76
12,50,10,96,100,22,85,65,34,85,21,31,71,25,3,50,87,39,83,85,77,59,87,42,94,59,48,14,88,43,33,49,23,79,35,89,49,37,30,35,91,72,48,62,16,41,14,28,90,38,72,60,74,5,44,35,24,62,1,72,82,89,89,73,63,79,96,17,49,6,87,68,63,38,20,20,44,45,15,8,65,56,86,37,61,34,98,54,88,18,2,79,23,11,10,25,43,84,56,94
81,86,57,22,89,34,84,72,70,61,32,26,80,10,47,43,10,73,78,5,7,58,60,53,12,72,63,65,45,82,47,52,100,74,36,99,89,79,44,29,14,54,78,58,100,75,20,50,44,64,1,17,56,91,70,91,83,41,19,21,18,37,76,99,2,55,30,95,46,2,76,22,58,26,64,87,83,39,39,98,52,70,13,38,2,15,79,92,94,45,8,44,13,29,76,43,70,69,80,8
75,2,92,15,43,100,76,59,66,28,17,15,84,45,1,67,32,22,36,91,33,39,54,88,39,59,51,54,20,50,66,31,46,53,51,90,62,100,47,79,89,99,13,73,63,19,33,76,0,84,90,65,64,63,30,32,65,88,23,53,5,6,43,27,8,29,30,19,6,64,36,29,78,65,16,20,6,42,99,69,79,21,68,98,98,78,4,92,37,1,88,28,26,19,63,19,60,98,63,7
48,60,73,96,92,83,97,89,68,6,64,65,65,66,8,32,95,59,17,7,5,28,95,43,92,46,0,5,14,60,36,78,33,33,49,85,35,59,35,88,23,82,89,60,93,49,46,63,52,48,69,94,83,99,100,83,21,20,94,6,45,63,18,23,91,99,68,84,42,88,20,40,12,86,69,83,89,93,73,57,65,66,88,59,67,19,92,99,21,3,24,93,92,12,23,0,22,55,98,13
36,23,1,57,15,39,43,33,11,53,11,26,52,44,6,14,100,66,55,25,61,82,37,26,82,94,74,40,20,43,68,61,100,37,55,13,65,94,21,95,97,86,30,82,13,43,27,14,41,21,45,83,82,40,60,8,37,19,41,10,86,39,69,41,52,3,94,31,28,100,61,61,8,81,73,84,69,67,0,65,24,52,38,80,70,28,39,23,10,89,84,99,95,89,22,68,45,27,19,68
59,42,78,66,71,17,95,70,2,73,55,10,55,6,13,83,100,62,12,100,91,56,37,72,58,84,48,49,65,71,97,77,72,28,98,14,99,70,99,75,85,82,4,34,9,2,0,89,86,22,43,60,61,30,32,18,87,24,65,11,70,15,38,57,21,46,49,71,24,73,63,36,40,16,44,76,41,88,28,83,59,82,56,50,43,45,35,35,38,5,40,88,81,77,78,4,66,86,1,100
62,20,97,21,78,35,34,22,76,55,95,1,73,30,97,57,82,46,40,76,70,84,34,15,100,22,4,81,30,49,23,14,44,38,31,6,93,66,13,39,30,2,6,35,63,67,8,98,2,81,45,84,60,25,1,7,98,90,56,18,78,37,93,94,40,86,67,63,45,16,73,90,33,71,45,24,21,61,35,43,61,30,100,26,65,38,75,42,21,68,89,5,4,18,19,94,61,9,25,13
73,3,25,2,89,64,58,38,99,11,79,61,72,10,6,34,69,0,36,66,36,4,33,51,22,61,33,79,62,29,67,99,18,61,33,58,56,13,66,20,91,29,24,40,42,0,58,88,59,25,42,15,40,76,92,64,52,1,45,45,86,20,31,1,46,22,61,56,78,4,59,34,54,40,56,65,72,69,74,36,15,31,59,4,49,15,77,79,8,91,97,13,56,86,69,79,9,59,62,100
86,15,58,30,94,85,73,58,17,33,7,46,26,93,98,4,29,36,89,43,17,3,97,40,66,22,46,14,23,44,4,99,35,45,73,2,91,50,86,69,2,71,51,48,35,84,90,53,45,87,39,72,92,9,10,9,26,46,34,81,14,98,2,70,59,98,21,38,91,44,22,94,3,6,42,60,50,87,82,33,32,38,39,50,38,21,41,5,96,27,55,56,82,75,72,0,24,62,82,11
68,35,96,28,11,13,25,68,69,99,31,97,58,99,10,64,29,46,87,56,62,88,87,62,25,9,17,98,94,34,29,18,48,14,17,28,10,90,8,69,30,85,7,23,55,83,54,62,7,46,98,9,22,59,31,1,93,83,16,76,35,70,52,35,58,54,71,34,87,12,40,42,48,59,66,93,67,78,80,16,34,39,10,50,0,39,27,21,50,30,19,28,19,51,46,87,20,88,25,8
77,31,28,58,42,22,17,6,65,10,42,60,58,92,92,1,21,14,7,13,52,92,63,71,20,69,42,59,45,48,10,77,40,3,76,86,14,33,33,3,32,95,82,3,22,8,11,73,42,81,21,13,82,29,37,87,94,15,60,73,59,33,20,4,87,88,4,15,23,26,74,87,73,73,38,77,80,100,49,57,82,39,2,53,96,33,86,22,25,57,52,38,40,14,55,86,21,76,80,2
15,92,79,57,30,29,26,9,29,47,32,62,39,42,64,23,33,32,89,98,10,8,58,21,72,46,60,99,55,64,48,57,60,56,83,79,18,51,49,52,43,44,21,47,53,75,51,23,98,54,9,39,42,32,23,8,12,34,24,47,64,15,91,71,82,26,10,100,36,36,19,51,90,72,77,75,100,69,65,94,51,52,74,96,83,59,69,4,13,29,96,71,5,29,49,1,91,58,88,87
14,61,14,38,93,35,2,81,11,11,34,19,23,96,14,4,99,31,58,90,86,92,65,4,70,27,47,10,90,77,50,99,76,93,71,57,78,84,70,69,15,8,15,34,47,47,3,49,67,3,3,56,87,17,57,44,69,63,55,82,23,92,41,97,58,31,91,35,10,87,70,65,1,98,23,71,52,21,38,78,91,60,54,58,65,26,30,6,91,22,88,38,23,35,19,26,90,75,88,43
2,99,30,72,24,78,48,34,29,74,76,32,65,45,29,57,5,10,42,52,57,25,98,49,55,72,24,9,27,46,11,44,6,76,4,55,69,88,60,75,30,32,87,74,4,73,37,16,55,40,85,84,38,18,98,13,75,37,46,42,66,6,27,78,37,29,41,88,35,95,22,42,52,53,37,87,2,46,95,27,88,71,6,23,63,26,92,97,45,75,82,53,53,25,18,29,61,96,61,1
43,8,64,39,75,95,22,89,12,70,44,21,1,68,61,38,18,5,22,49,77,7,65,52,69,95,13,27,40,54,20,69,72,63,51,89,50,30,83,46,10,64,4,49,92,65,0,46,77,13,29,61,43,51,91,88,97,84,35,84,32,41,76,8,94,44,5,85,84,82,74,47,57,43,50,63,43,92,40,17,12,94,41,56,99,24,98,92,61,7,71,30,39,36,90,87,18,15,77,11
51,16,48,74,71,55,55,53,51,34,29,90,42,49,40,89,66,56,35,59,36,4,82,59,76,91,85,72,30,12,87,85,89,55,64,1,65,12,39,64,56,41,76,57,42,98,45,16,39,1,88,4,17,0,92,15,84,34,77,15,33,3,35,25,21,93,69,4,20,32,84,61,8,57,52,95,27,62,84,52,73,53,71,13,17,34,62,87,59,62,41,98,99,21,23,90,53,87,77,100
32,72,48,83,57,16,6,66,10,2,75,58,37,33,41,93,59,86,91,16,11,11,96,36,62,77,29,62,17,47,65,47,18,51,68,19,77,66,26,63,75,66,36,86,8,93,100,49,32,89,13,80,86,60,50,9,91,60,39,45,10,92,62,40,14,75,40,25,50,42,72,80,63,58,38,90,18,2,75,18,11,86,40,42,61,46,51,58,24,65,94,57,32,88,73,70,80,48,77,62
48,6,35,15,14,86,69,71,79,47,78,54,63,9,48,1,39,39,96,36,80,63,28,38,64,30,10,26,36,75,72,96,29,61,0,26,12,3,13,2,18,37,2,74,78,18,23,97,65,53,72,88,58,38,3,80,88,18,50,96,38,41,86,69,17,85,83,18,86,94,70,1,100,53,84,37,53,66,29,80,46,46,49,65,89,33,66,10,25,53,76,22,6,2,38,73,47,18,47,53
83,0,30,62,29,9,61,95,43,96,38,70,64,55,92,30,70,95,15,56,59,17,50,61,22,41,73,72,60,28,58,35,84,87,94,49,38,53,78,63,25,73,27,50,33,97,99,88,2,12,28,8,12,4,34,58,98,94,12,52,76,71,54,17,76,48,34,86,36,22,43,61,54,58,6,12,60,81,11,12,17,48,79,16,61,22,9,64,79,3,28,46,78,77,52,5,20,29,78,38
12,85,38,21,12,0,37,83,24,30,15,23,48,39,65,30,1,100,82,3,69,12,26,69,7,32,78,23,99,63,9,46,92,87,87,64,15,57,19,57,17,1,70,33,61,8,23,98,7,5,38,61,65,91,17,96,92,62,56,17,70,74,89,90,30,19,7,47,62,13,56,89,18,96,58,25,29,46,99,33,25,62,54,60,12,53,0,3,18,15,50,75,81,93,7,55,22,54,4,93
88,8,74,77,99,55,44,0,39,74,22,9,61,9,90,54,61,15,96,11,95,16,57,0,7,92,2,23,60,21,35,64,53,19,14,85,40,8,90,69,99,71,85,74,50,27,52,4,87,32,51,27,70,44,71,76,13,31,84,78,48,95,78,83,10,19,54,59,9,28,58,87,73,51,22,69,65,66,89,4,34,37,98,59,4,30,68,82,51,29,40,53,41,95,41,84,51,45,6,69
85,13,5,33,7,83,64,83,95,37,84,5,84,59,58,80,2,8,14,84,73,30,97,40,96,50,100,55,88,70,17,78,25,36,31,92,68,38,80,8,76,64,54,12,50,20,59,1,44,79,76,54,31,72,45,96,95,84,95,81,53,74,15,90,13,69,48,65,62,26,71,94,34,72,67,85,56,31,64,61,1,11,42,93,31,56,40,24,95,21,19,73,41,33,28,12,50,94,90,39
99,2,84,37,20,85,54,95,85,84,49,25,97,12,55,73,94,42,78,59,81,49,10,58,91,18,71,91,61,41,47,23,44,52,67,33,57,85,99,73,41,62,64,62,86,25,29,25,18,91,45,25,5,4,19,62,17,21,10,7,84,60,4,87,65,74,26,55,64,72,21,56,15,40,11,27,86,88,25,32,97,40,18,11,65,22,64,93,93,95,64,95,87,31,86,75,7,54,84,41