93,59,2,18,49,66,51,16,37,97,18,90,90,13,40,15,1,57,48,14,47,66,11,0,93,51,52,36,69,97,64,10,87,38,49,18,78,67,73,30,77,5,31,100,75,70,60,3,65,59,99,40,49,39,40,59,94,54,0,55,91,80,25,32,69,73,50,91,19,75,96,26,80,15,92,24,68,10,12,80,71,37,43,70,65,49,47,76,3,57,0,4,50,70,72,31,13,8,14,12
52,14,73,79,87,82,52,86,44,79,97,32,4,43,31,9,11,95,1,59,71,83,22,77,75,46,18,33,72,38,14,82,33,69,80,4,44,19,97,95,33,71,74,55,85,66,49,64,94,75,28,3,78,89,43,88,81,91,6,7,30,30,89,68,52,26,6,55,61,15,25,30,58,12,84,27,17,60,70,77,51,29,87,55,0,38,100,17,0,9,94,65,98,3,95,4,42,14,75,50
56,69,55,2,78,30,34,76,11,9,3,41,93,70,2,15,76,23,87,56,22,23,68,72,23,24,69,58,7,32,12,46,11,64,9,19,71,16,1,14,34,29,50,60,80,45,90,44,47,6,90,88,54,87,7,55,99,83,9,14,30,87,51,34,37,33,57,95,29,59,51,76,14,89,47,83,86,92,27,70,10,38,67,78,50,40,21,51,10,66,19,5,81,65,67,29,40,65,34,13
2,59,100,1,82,5,56,5,80,23,33,42,21,19,79,73,84,27,68,38,93,14,14,5,86,10,66,6,80,22,55,85,39,61,30,43,33,62,97,18,56,47,8,54,33,88,13,30,60,58,79,8,35,39,51,7,43,73,30,96,34,89,96,44,56,4,88,66,10,75,7,11,23,16,99,96,56,39,92,81,39,23,83,53,22,73,94,28,71,7,66,27,21,63,96,41,38,67,84,88
64,21,5,88,58,56,8,62,50,86,7,80,62,62,32,98,78,2,3,33,30,31,21,90,93,69,96,11,27,2,43,30,20,6,28,12,37,51,91,21,79,32,34,49,19,84,12,73,71,96,56,95,35,69,53,48,49,98,8,80,91,8,96,17,35,34,65,43,3,31,58,91,27,96,8,24,18,78,44,99,69,54,7,43,42,60,73,65,36,65,46,24,12,22,78,21,77,95,91,40
29,50,23,84,99,48,50,46,38,98,12,4,24,84,6,20,38,49,19,1,81,81,5,1,45,90,21,21,56,100,56,33,90,70,46,45,37,84,34,75,5,97,76,100,34,43,56,7,85,72,91,39,19,85,80,31,54,75,33,43,66,54,72,22,26,10,43,68,97,42,1,67,35,64,48,33,99,92,35,39,69,62,50,97,2,89,66,49,27,73,45,73,15,10,39,19,35,91,15,19
66,65,33,24,50,12,100,93,95,24,9,62,36,59,30,64,34,71,58,80,31,27,59,76,6,45,2,83,85,98,77,81,21,84,62,84,75,88,94,96,20,54,62,12,18,11,74,98,25,34,65,41,94,37,20,77,75,16,53,36,45,93,3,80,65,100,57,70,32,3,86,84,12,17,66,45,15,35,64,77,24,59,33,18,31,11,17,89,52,46,17,92,39,49,48,12,97,80,69,92
53,84,25,59,32,66,97,5,41,49,77,34,79,63,8,5,98,75,62,52,95,74,12,37,12,45,25,92,97,89,35,52,2,28,9,40,91,26,74,54,52,23,74,43,61,40,40,9,93,86,31,51,2,31,35,95,74,94,69,31,4,13,4,41,55,92,54,50,18,57,30,44,47,40,24,55,65,96,67,34,0,6,18,34,33,92,98,80,38,85,31,67,36,27,20,38,0,80,67,84
87,60,86,25,19,20,35,55,37,100,85,41,85,17,15,84,40,46,8,39,98,12,22,42,58,51,2,0,90,62,47,12,49,7,72,64,53,99,64,67,53,40,90,8,19,75,74,35,39,89,7,39,8,70,49,55,94,55,58,11,84,23,98,92,10,99,32,46,92,98,79,72,79,40,1,11,12,54,41,25,65,88,1,46,8,56,41,6,29,74,9,52,88,39,44,44,77,37,76,64
25,9,33,5,76,76,8,24,51,22,95,0,43,71,73,81,57,97,35,81,68,72,96,23,13,57,98,68,17,71,82,63,91,64,59,63,84,11,66,54,59,89,9,54,8,73,51,26,6,56,87,8,73,55,82,91,59,57,73,31,5,51,90,47,86,90,97,65,87,36,78,44,85,9,4,20,45,81,72,81,8,27,85,56,55,48,86,67,35,72,11,4,67,1,89,88,48,30,25,21
75,36,18,83,93,22,62,31,15,27,72,96,80,0,77,98,46,58,64,15,77,32,39,48,96,3,58,61,20,81,90,63,79,1,61,96,18,91,12,99,99,25,82,14,20,70,95,2,34,49,90,36,64,93,94,63,62,92,59,60,73,98,14,81,6,82,45,50,73,50,64,50,28,44,18,18,42,85,51,23,8,82,63,99,42,17,2,74,20,92,62,27,64,20,59,55,49,98,23,12
0,67,55,52,81,96,15,42,74,4,27,57,99,52,46,67,29,80,80,95,8,48,31,35,36,74,71,15,42,32,95,71,71,49,90,40,100,93,63,88,91,53,60,66,58,38,32,65,54,29,57,39,83,55,89,35,5,19,77,55,95,94,16,34,25,46,93,4,49,52,63,90,97,69,8,37,1,81,18,89,87,74,77,28,19,48,99,20,77,27,68,78,70,18,99,81,73,38,57,72
61,13,19,7,67,32,99,12,7,58,38,53,81,1,0,94,27,55,63,85,56,35,24,5,54,66,51,22,31,73,48,26,52,33,47,81,29,47,95,31,73,36,24,64,53,50,81,9,10,83,0,70,52,43,9,94,41,6,46,30,57,39,64,86,17,43,63,46,59,42,8,52,64,98,46,0,36,82,26,7,34,9,50,9,63,57,97,34,35,33,4,10,98,5,82,32,96,65,86,43
61,96,96,85,52,90,44,11,98,72,31,9,85,69,93,58,71,85,74,1,25,3,50,0,28,84,50,91,96,2,53,38,10,83,85,67,12,22,49,41,95,69,91,78,75,84,46,84,19,72,85,32,69,32,9,41,45,42,53,35,86,91,45,11,2,91,32,65,76,17,21,90,7,62,57,76,45,56,48,13,58,71,26,46,100,89,96,24,59,63,15,84,91,82,75,38,62,10,22,77
4,88,16,40,30,39,56,64,56,80,82,46,66,66,100,39,58,2,18,0,4,57,29,14,78,12,36,63,47,73,69,61,16,64,86,74,12,91,88,93,19,24,38,15,12,23,32,65,41,54,21,66,7,62,38,15,62,28,0,14,81,0,14,2,48,44,85,39,2,58,8,66,99,68,18,75,69,3,19,84,50,58,47,91,2,90,94,33,90,5,76,90,69,2,23,16,13,59,25,97
10,39,42,68,89,95,31,1,75,68,13,89,51,68,20,3,11,93,53,73,28,48,83,16,76,20,24,1,62,71,52,50,99,56,76,79,48,44,59,98,94,69,94,60,24,86,86,10,97,85,80,92,45,50,44,10,22,57,74,64,62,53,34,18,21,100,63,14,76,66,76,27,0,59,14,50,2,58,41,23,29,83,51,10,71,13,19,28,62,35,67,7,23,45,49,1,59,98,32,3
63,59,63,62,68,84,22,11,42,40,92,49,69,77,60,94,4,34,87,8,82,18,71,57,77,49,52,79,53,37,79,75,6,20,86,46,87,56,3,99,11,16,71,24,34,55,19,8,49,6,92,79,27,95,36,7,46,10,39,9,19,79,62,28,74,83,83,46,94,78,37,47,4,49,8,95,28,75,33,79,2,62,61,23,73,57,21,33,61,35,97,14,89,89,32,78,19,78,9,12
8,73,13,38,15,19,28,90,79,42,38,11,14,78,29,57,95,96,53,46,45,58,48,20,5,33,46,80,84,84,91,28,70,98,92,87,75,7,87,55,86,13,37,60,98,11,86,9,54,76,68,56,90,93,81,12,98,81,60,53,93,58,82,55,75,82,10,49,38,99,51,32,51,45,96,53,93,49,70,96,33,32,76,5,15,55,45,13,99,72,52,99,44,56,32,78,57,73,33,15
67,66,84,42,84,20,29,92,75,60,63,35,17,55,96,18,95,33,23,75,64,48,80,26,76,46,95,22,0,30,21,31,53,34,0,8,68,93,12,69,27,58,84,25,57,82,81,23,15,84,81,76,82,70,86,0,45,63,70,38,42,67,3,8,82,9,16,4,81,29,29,7,10,3,7,23,18,92,22,99,32,23,46,85,18,28,80,3,20,85,91,21,72,72,20,5,77,26,13,30
44,20,63,87,88,40,40,8,55,75,69,96,87,74,10,70,67,81,31,76,86,6,90,88,10,0,47,73,92,2,96,72,30,76,54,60,98,60,51,85,52,23,52,82,66,28,63,85,55,90,55,24,80,38,6,96,72,53,71,48,14,5,61,1,84,86,58,58,42,35,36,67,21,15,40,57,69,85,90,27,8,2,46,8,54,40,8,55,72,15,1,64,57,55,38,34,61,66,52,27
85,70,59,32,52,50,83,100,57,56,99,87,36,66,38,73,98,78,69,14,43,60,39,8,53,24,61,83,80,84,75,88,73,38,4,98,79,72,76,6,28,26,68,81,67,49,65,95,57,82,57,55,23,1,37,83,6,11,37,65,89,49,47,49,57,26,43,22,64,25,64,60,79,89,48,71,37,50,13,14,11,71,79,24,60,99,63,93,37,17,3,80,92,24,93,65,28,7,94,88
46,18,20,26,15,33,89,81,81,89,45,78,22,64,96,100,60,12,81,95,23,51,52,56,2,38,12,95,29,15,53,86,5,86,6,62,53,49,88,83,94,29,11,5,49,71,27,79,77,31,46,65,3,66,77,70,25,76,20,95,95,0,66,90,95,90,40,56,37,90,71,99,45,34,74,48,18,24,18,86,39,65,19,48,90,7,6,53,5,33,1,100,36,36,24,43,26,77,12,13
65,11,0,40,30,72,35,20,14,61,84,86,40,40,42,83,27,74,7,20,33,93,16,82,10,4,23,27,80,28,69,37,9,100,28,39,92,74,89,80,81,17,13,66,53,73,41,63,18,85,70,23,76,43,4,83,75,51,42,27,57,49,99,63,86,12,98,44,32,44,50,26,38,38,44,1,36,74,32,30,91,49,0,22,74,21,33,33,14,86,77,58,62,51,25,27,73,15,60,8
68,12,52,85,57,18,19,98,48,60,5,49,24,88,96,67,31,47,16,63,22,62,94,42,98,48,18,98,95,77,24,85,88,95,20,0,28,90,32,43,11,93,75,44,5,94,90,56,52,90,12,24,91,53,62,53,93,71,93,86,63,5,18,86,23,56,94,43,58,4,57,65,81,49,90,47,20,71,2,93,85,80,20,70,91,63,85,52,40,88,92,84,83,95,91,28,58,49,47,50
47,39,41,0,78,45,39,64,99,36,18,1,41,67,2,64,12,27,61,95,8,48,47,33,84,89,73,93,57,69,15,82,94,39,77,8,56,67,56,3,94,26,78,9,25,94,82,17,77,55,47,86,33,75,7,90,63,82,29,36,47,40,59,65,43,60,62,79,8,60,45,37,13,70,90,26,85,6,8,81,16,65,26,4,39,31,9,26,39,34,10,64,15,52,39,36,22,47,4,98
56,40,80,3,56,59,60,76,71,17,32,2,56,17,10,68,5,8,22,14,88,78,4,15,27,90,25,62,27,80,57,85,73,42,68,26,60,48,75,31,27,6,6,100,97,51,24,68,40,50,54,94,52,7,45,44,42,45,4,96,87,51,97,79,12,56,81,8,35,5,89,98,2,49,10,34,17,42,27,81,58,31,53,81,12,52,64,61,75,66,39,42,53,5,33,96,49,7,41,37
22,17,55,55,53,87,56,17,29,36,51,53,11,76,19,24,26,40,83,35,47,0,82,74,26,81,74,79,10,70,24,66,79,79,90,83,26,99,58,30,33,78,17,82,92,67,100,1,92,34,44,77,68,21,32,16,64,13,5,83,81,100,59,85,46,34,99,74,30,35,8,90,69,33,70,91,90,12,20,93,73,22,13,94,6,87,47,69,1,97,7,10,18,93,27,78,31,40,15,70
15,10,12,6,34,6,78,7,23,22,45,35,55,95,73,76,8,75,80,11,16,4,46,88,82,46,24,56,78,32,3,23,67,40,1,18,97,34,76,61,68,19,77,35,89,32,21,71,56,77,47,59,99,32,40,12,19,35,29,58,12,54,63,46,67,37,42,50,85,40,7,87,2,33,31,72,31,34,92,42,38,23,40,41,39,76,86,57,75,76,55,85,0,26,92,73,78,51,37,24
91,22,86,73,43,71,22,25,95,12,78,57,85,95,62,49,45,91,53,0,15,94,84,72,84,43,92,50,31,16,29,99,12,57,50,85,31,60,72,15,61,74,96,9,99,58,67,38,41,49,46,8,28,1,87,13,22,63,27,21,97,36,67,61,18,30,1,64,17,66,33,9,7,6,32,38,6,5,30,87,32,55,10,89,20,79,55,8,88,99,96,48,42,98,27,46,48,89,31,95
75,19,89,95,15,75,90,75,18,31,24,95,32,13,9,82,91,23,33,70,92,60,20,82,5,71,34,24,71,90,28,77,98,63,32,70,68,29,14,94,10,9,64,25,92,51,12,98,34,35,88,57,22,26,19,49,97,94,64,42,57,82,56,43,4,76,33,5,100,33,14,72,46,10,9,79,72,25,45,0,1,68,64,17,35,87,55,10,9,86,9,9,68,61,48,17,44,18,99,59
97,63,76,66,79,10,18,53,96,6,22,77,66,48,8,42,100,45,92,4,73,73,78,79,8,9,56,48,59,16,79,47,51,72,9,3,76,98,77,35,3,100,19,0,28,11,82,31,46,93,99,89,18,72,43,90,96,12,18,81,83,59,55,22,69,31,21,49,44,59,71,43,65,39,66,6,69,48,72,34,38,34,13,17,97,63,41,12,36,44,76,40,6,90,49,1,8,21,89,30
3,14,59,30,76,22,10,93,24,96,13,90,20,3,79,33,65,17,99,59,74,21,30,44,49,85,45,24,71,18,71,21,87,84,80,77,45,78,24,2,14,55,38,53,59,79,75,30,48,43,4,24,84,46,67,99,16,38,97,66,71,12,89,14,32,52,41,45,97,33,50,61,84,83,17,89,83,34,26,32,1,71,44,38,1,89,7,56,20,73,32,28,12,26,77,23,91,86,66,22
27,88,58,81,40,10,3,87,8,2,32,89,36,27,19,25,31,4,88,56,99,83,1,100,54,69,34,53,44,35,23,52,100,50,86,53,24,9,64,92,13,11,42,53,22,17,100,10,87,100,60,88,85,73,79,0,60,42,56,30,68,73,25,25,8,14,1,95,69,80,48,35,95,45,21,32,5,18,42,49,51,87,57,23,0,83,91,36,59,87,5,43,44,84,31,100,14,95,42,87
61,8,12,54,78,5,83,66,16,66,52,25,74,72,44,8,73,69,8,83,43,99,88,96,56,69,61,67,59,88,43,52,80,74,88,88,69,81,39,81,74,8,5,42,24,78,79,60,7,48,61,14,16,95,0,32,45,51,5,70,64,33,9,84,10,64,14,12,81,80,89,85,50,11,21,73,33,35,77,34,28,99,58,44,32,14,3,5,1,50,37,39,73,23,31,85,98,72,82,13
100,29,40,14,71,45,45,22,0,92,6,6,58,31,28,8,95,32,80,84,96,65,93,35,72,46,53,13,53,23,29,82,76,73,55,21,15,98,38,7,26,72,44,45,42,99,12,61,97,55,83,100,63,78,47,76,27,71,3,29,49,38,21,45,19,73,81,56,37,44,7,8,2,89,41,24,1,60,49,22,54,54,30,66,57,6,95,29,71,94,4,54,90,52,57,38,76,30,44,32
71,66,2,59,7,10,85,96,54,39,50,33,9,27,43,7,57,84,48,92,32,27,4,93,16,38,71,83,67,74,66,50,92,9,23,14,86,84,8,5,94,86,23,73,67,64,44,21,21,78,46,47,1,78,18,74,84,77,66,29,30,54,75,41,15,45,58,67,38,62,85,56,77,0,65,89,31,21,21,75,44,71,66,6,17,51,38,91,46,69,42,60,66,75,17,56,71,60,12,37
12,32,41,96,29,6,51,23,38,78,74,24,100,48,40,57,14,93,32,77,37,33,79,30,57,100,31,14,3,2,33,30,39,26,52,92,25,75,79,89,77,94,44,50,93,22,26,82,29,61,2,28,76,35,77,48,50,37,96,88,13,56,68,21,21,67,52,46,40,56,62,3,61,89,90,91,32,4,81,91,8,48,7,90,26,76,8,59,56,45,96,100,45,93,97,43,83,83,2,29
27,38,12,93,79,98,84,41,92,19,29,15,46,12,76,54,41,7,96,88,50,6,48,58,95,53,29,67,59,10,28,73,82,77,36,89,38,81,9,97,56,24,25,42,33,58,0,22,20,21,31,85,61,55,45,2,82,34,35,46,33,20,15,26,88,85,23,44,36,45,97,34,71,95,6,82,3,60,39,60,11,13,43,32,95,37,90,54,16,58,57,14,89,93,25,44,53,51,37,41
49,87,15,34,72,71,46,6,52,28,56,65,63,78,88,15,95,12,78,5,67,63,86,99,85,82,89,99,11,63,35,43,51,77,29,100,27,43,50,91,20,4,50,91,39,27,0,45,99,69,57,34,77,43,39,58,0,1,63,87,96,46,32,11,24,92,35,75,88,57,48,90,92,8,67,64,0,62,47,76,78,24,59,20,83,18,34,91,94,67,56,54,61,15,48,44,79,7,89,26
12,8,74,43,31,44,44,85,64,61,46,82,92,62,77,23,50,96,19,18,25,12,52,55,93,70,30,95,59,96,25,14,3,60,86,45,74,92,64,94,87,0,69,70,30,4,48,38,90,31,51,27,14,66,39,98,72,35,91,8,51,33,36,5,63,52,45,61,100,95,98,27,81,24,49,31,86,7,15,34,10,68,18,95,82,6,70,32,41,79,17,42,39,95,71,58,84,30,96,90
33,85,28,11,69,70,54,82,38,88,47,56,71,4,13,36,43,60,62,41,49,58,4,46,13,5,49,48,82,14,15,28,59,40,78,53,8,3,49,74,70,58,76,67,77,35,10,50,31,77,27,51,99,47,4,51,96,16,10,90,26,69,24,31,6,94,99,73,75,15,25,68,69,23,29,36,72,87,15,21,21,14,70,93,20,96,78,24,88,29,1,59,37,27,35,67,93,20,64,29
93,69,84,43,99,21,66,31,31,53,95,98,83,5,42,29,41,64,70,89,25,65,77,73,18,12,21,6,58,70,97,98,43,15,55,52,56,57,0,93,17,75,79,48,96,55,54,86,100,15,96,15,39,60,92,42,56,83,67,70,14,81,18,36,3,4,25,17,94,19,69,73,5,66,34,45,89,72,97,12,81,24,66,23,12,86,93,39,39,37,74,38,28,30,85,31,88,5,16,79
8,39,49,44,92,47,30,75,90,31,46,69,53,86,17,32,48,46,83,75,59,84,52,68,0,90,57,84,32,49,91,66,36,53,61,71,5,27,93,98,22,52,79,75,26,24,78,46,35,63,82,30,38,36,87,90,12,86,48,69,15,78,20,64,67,5,88,37,89,24,9,10,79,75,50,54,27,10,32,64,7,19,19,73,68,33,21,9,78,37,98,73,80,58,11,31,54,79,36,70
42,99,99,51,4,17,22,1,62,28,73,68,10,63,83,85,96,65,81,51,90,38,83,45,73,23,54,32,2,24,53,66,54,5,88,83,0,1,5,29,32,100,83,100,21,23,0,85,66,67,32,13,99,7,73,41,37,61,20,90,8,72,47,60,79,85,5,61,5,64,1,82,39,90,44,7,32,9,32,41,50,65,55,98,31,95,39,80,80,15,18,24,75,43,8,35,11,80,2,86
96,8,1,41,78,22,87,43,39,4,62,23,14,90,79,74,0,43,44,14,35,39,49,43,6,85,69,12,91,92,8,29,34,37,35,27,86,22,47,88,56,28,56,35,66,47,61,71,69,82,47,14,39,83,37,12,53,84,63,72,15,61,68,37,28,95,99,67,26,95,95,93,26,85,79,79,42,91,54,64,6,46,6,59,88,56,76,30,59,92,20,74,29,11,7,48,6,84,79,75
2,18,8,63,97,70,40,91,91,1,25,78,12,41,26,93,71,16,73,88,43,20,71,41,89,21,39,13,70,75,64,46,82,8,96,10,86,52,5,4,29,60,16,21,100,36,5,31,99,69,12,66,80,4,56,63,16,84,36,18,91,32,16,86,25,76,30,69,16,0,57,95,55,99,31,53,55,28,54,76,23,99,28,72,27,53,70,5,34,35,58,62,26,32,57,95,64,2,82,28
24,65,50,19,88,75,26,88,7,65,46,80,71,9,58,90,12,1,4,0,46,81,39,86,38,40,0,12,78,4,94,38,59,54,70,58,60,33,12,18,31,59,71,45,3,40,92,36,94,94,80,15,30,70,53,1,83,21,81,56,39,14,63,89,62,66,92,81,83,55,93,18,62,0,21,56,100,40,42,55,5,97,25,26,26,4,60,66,28,100,33,68,26,61,54,95,99,26,10,84
9,35,38,32,75,75,12,93,24,33,11,59,95,13,20,1,24,82,57,32,31,12,100,80,22,10,33,55,35,4,66,7,57,35,14,45,8,83,91,77,17,2,8,35,11,81,99,89,92,24,45,46,21,55,18,62,19,74,65,20,46,73,55,25,27,39,32,31,74,9,65,72,56,47,3,59,59,49,8,52,91,10,85,83,38,78,8,3,67,9,56,92,33,66,33,5,41,7,62,56
49,16,26,18,82,12,46,93,73,36,61,92,45,29,70,74,33,53,64,21,58,37,72,26,67,53,67,8,47,26,94,32,76,67,11,46,0,39,24,27,69,1,60,75,0,29,13,14,16,53,47,35,95,73,76,86,78,78,4,39,17,60,94,81,33,66,72,9,84,51,31,5,40,10,100,11,69,28,72,91,93,19,72,11,34,45,57,98,7,48,15,89,69,100,10,83,23,49,18,52
36,9,19,82,79,43,17,76,85,100,18,43,7,35,40,67,79,54,48,9,66,84,65,39,92,35,68,29,0,7,97,77,6,28,35,50,45,44,27,31,10,85,8,75,43,36,72,62,80,9,79,2,12,19,92,66,3,93,95,94,45,76,19,42,16,18,75,91,76,36,35,10,64,9,43,28,19,9,60,14,22,92,86,81,98,40,23,11,66,23,54,45,76,70,9,59,25,99,24,92
35,76,58,53,11,61,15,61,7,94,29,96,48,63,48,84,10,39,70,44,81,33,32,79,76,47,26,58,45,29,48,57,91,91,87,64,66,26,52,57,60,54,96,46,92,78,20,52,72,56,51,61,81,95,90,3,37,37,38,4,14,10,82,75,23,85,10,75,64,83,61,59,4,27,55,62,51,66,1,46,86,8,20,44,33,98,9,41,65,57,64,53,91,57,43,32,47,73,50,46
79,44,31,46,50,79,96,27,69,65,24,81,68,30,12,86,4,25,8,80,19,31,79,16,25,35,92,97,46,45,85,6,34,27,21,41,12,81,67,99,44,99,3,55,12,69,58,88,38,38,62,29,59,0,94,0,22,73,33,64,22,6,7,51,78,32,95,84,54,25,18,48,56,4,25,91,79,24,27,6,95,72,79,42,54,72,58,7,62,98,2,28,90,79,18,46,77,87,64,84
46,15,48,79,9,21,24,87,96,96,91,45,78,24,17,96,65,16,96,51,85,64,40,88,21,19,53,9,77,6,85,95,63,11,37,69,61,25,51,4,47,95,6,15,98,5,23,49,78,88,88,86,6,34,84,92,26,47,24,43,22,57,3,100,7,19,12,38,32,62,38,84,97,63,51,59,6,69,26,61,54,72,41,58,97,45,85,67,8,17,58,86,38,30,49,69,83,59,75,16
63,53,5,73,36,9,60,59,20,86,83,19,71,16,44,29,6,12,84,89,22,8,36,54,52,75,16,32,7,48,73,69,44,0,22,79,86,82,29,61,91,90,22,74,46,74,8,49,36,33,63,27,36,82,56,45,39,47,93,21,6,80,85,38,35,96,2,9,52,53,95,32,86,25,95,72,70,0,40,23,72,70,57,81,60,75,95,20,2,43,13,27,39,14,39,29,18,7,31,82
88,81,60,5,30,1,52,74,37,21,4,97,54,85,24,10,90,82,76,71,72,99,89,19,92,81,17,63,65,4,69,89,32,24,32,11,26,86,81,51,59,72,70,97,38,38,28,27,69,15,57,42,27,25,28,7,49,8,19,53,54,62,60,57,20,49,64,5,32,19,100,65,4,91,98,1,53,21,50,75,45,3,82,37,35,97,90,20,93,31,89,61,1,65,20,44,76,47,25,37
64,66,94,71,41,69,0,89,5,33,53,42,24,5,95,78,53,90,30,70,19,38,64,90,60,89,79,29,20,45,65,13,20,25,9,50,43,14,15,63,1,26,28,49,53,25,74,64,2,11,35,21,55,1,99,9,22,28,87,9,46,99,69,33,79,6,32,46,6,71,29,28,34,9,71,55,99,72,60,66,39,28,48,2,1,89,25,89,39,50,55,73,30,56,74,48,27,83,37,49
98,40,26,31,2,64,37,81,62,26,43,13,13,45,25,88,8,16,46,25,35,14,31,64,89,25,17,24,68,91,55,99,8,40,55,18,83,62,16,76,31,43,69,91,64,68,67,60,42,2,61,41,76,50,28,22,33,6,15,22,72,96,92,30,40,12,48,9,100,20,49,87,51,73,29,54,97,92,82,100,70,0,8,9,12,5,30,15,1,84,1,11,35,15,3,79,13,64,22,68
39,64,81,52,45,28,37,64,43,69,18,3,95,16,48,18,92,80,48,63,74,6,37,13,17,21,13,59,70,40,35,88,62,30,92,71,39,49,72,53,94,99,45,50,66,15,35,34,51,79,40,37,13,91,8,11,98,35,90,72,37,20,92,56,98,6,65,24,71,34,3,29,85,9,76,66,63,68,7,27,71,30,70,52,33,41,31,88,82,30,52,79,96,52,17,3,41,91,23,24
3,34,57,83,22,28,33,47,73,0,11,16,89,19,15,75,34,21,1,15,3,91,30,28,7,26,59,35,52,55,26,86,36,20,71,79,64,18,23,91,16,50,26,83,47,99,16,60,60,42,50,31,50,43,59,93,89,33,17,49,36,100,80,15,17,93,99,10,60,60,55,1,51,28,11,84,4,86,12,75,80,14,98,79,22,45,31,89,32,91,8,75,11,58,64,76,49,67,64,49
29,5,88,63,29,99,63,95,42,73,63,90,96,41,85,91,95,27,37,58,94,73,53,5,1,35,88,20,99,81,24,94,4,30,58,76,90,0,11,73,86,100,39,82,51,63,93,71,98,34,8,100,93,98,89,100,8,74,36,4,33,95,38,29,30,11,54,21,77,65,40,94,46,62,80,31,43,85,92,13,11,69,23,37,47,4,29,30,83,15,0,73,7,36,56,57,87,37,91,9
88,52,85,4,21,66,79,76,81,47,73,57,95,32,26,42,66,48,30,69,44,39,91,35,44,61,71,10,72,58,14,9,40,27,48,15,25,64,88,96,30,65,10,92,76,72,37,46,68,55,11,19,42,44,70,69,74,41,52,30,34,72,29,5,85,40,15,81,1,0,48,67,71,81,12,63,0,45,44,54,100,59,31,59,45,5,51,52,33,47,16,58,26,89,98,31,71,89,71,24
65,12,95,71,53,90,42,33,45,13,11,58,25,4,90,41,95,99,49,52,7,10,74,39,29,1,78,88,68,71,69,58,63,69,71,72,36,87,91,38,12,86,26,98,13,89,59,63,84,55,78,58,96,67,67,97,31,100,29,92,40,47,93,50,40,72,5,39,40,80,63,1,40,23,90,58,96,11,3,7,26,98,10,44,15,13,49,56,91,89,62,25,39,55,6,76,66,25,40,90
40,23,39,89,32,3,36,84,83,96,87,34,36,35,6,65,31,13,91,4,25,22,54,51,94,13,43,55,31,77,58,1,54,21,24,92,7,28,100,9,37,31,66,28,23,58,67,29,13,78,39,51,6,79,83,63,5,88,60,31,46,88,27,57,51,54,44,9,47,30,82,77,6,8,74,15,87,7,87,36,7,84,37,76,71,10,53,18,29,50,70,44,70,12,70,33,84,28,16,54
5,26,100,71,94,85,19,84,95,99,60,48,49,20,30,97,89,16,60,42,88,81,37,100,69,93,91,37,30,90,42,25,46,39,61,67,52,82,21,87,89,55,29,41,96,18,100,62,58,100,14,42,81,60,14,65,78,89,17,88,28,20,17,67,61,72,5,55,15,43,3,33,92,65,46,38,66,78,96,83,4,18,94,9,50,94,46,11,12,48,41,11,62,48,81,90,29,82,74,40
92,50,74,41,52,38,85,55,23,86,85,46,57,80,58,26,99,83,97,0,91,94,35,1,67,1,49,47,69,51,59,27,57,99,44,51,49,76,32,0,58,35,67,24,39,58,53,20,97,57,65,58,13,46,36,57,61,98,44,15,56,10,4,35,29,25,78,94,37,63,61,6,18,21,5,70,24,62,8,7,83,62,63,36,93,71,62,92,96,18,82,91,78,67,7,9,30,40,28,90
23,97,91,86,84,5,54,79,61,32,80,7,93,33,95,62,61,57,7,89,93,64,56,31,34,64,21,59,34,77,25,23,45,3,32,27,38,8,73,52,98,40,70,39,90,19,1,55,81,90,96,31,85,3,81,49,24,25,92,96,79,80,97,24,86,83,85,33,73,2,95,25,76,79,24,90,23,59,53,49,18,26,27,27,46,97,51,52,43,30,9,2,6,62,68,37,80,43,6,32
25,26,37,26,35,27,95,83,86,50,91,98,93,52,3,78,1,25,25,4,48,77,93,0,99,3,30,91,60,53,85,55,78,54,89,8,49,41,92,18,70,96,31,28,84,30,70,34,4,87,5,85,29,81,26,65,97,93,26,53,55,1,35,29,73,92,83,90,46,47,89,33,87,6,53,96,50,9,92,21,87,85,77,78,33,6,17,34,6,72,52,30,55,96,4,8,40,36,63,8
65,37,10,73,0,86,91,21,42,60,32,6,19,71,72,47,98,57,37,8,35,97,1,26,35,99,52,99,50,10,31,96,34,93,73,31,90,25,70,45,81,26,0,48,92,11,5,17,10,21,30,46,29,74,27,2,95,1,41,27,89,58,68,39,71,33,40,23,27,24,90,44,1,92,58,38,0,59,61,65,46,15,89,36,98,11,33,61,18,10,26,94,87,81,30,78,85,73,97,6
78,91,6,75,100,86,2,1,11,55,31,8,82,42,21,56,58,7,100,50,40,83,28,68,9,26,6,88,34,11,15,21,95,85,30,66,88,72,57,42,76,26,97,57,19,65,55,80,81,30,46,19,45,30,66,68,34,90,82,28,37,84,29,62,92,69,11,30,69,68,95,54,96,23,18,9,33,99,31,69,91,67,13,13,31,89,84,39,87,8,18,1,15,61,93,16,29,33,55,78
71,33,59,60,75,77,15,70,92,4,18,33,89,91,85,41,58,32,67,22,10,77,42,12,70,34,69,60,4,21,23,83,6,97,99,24,37,13,65,38,95,23,53,37,60,7,15,20,23,9,9,4,82,87,12,94,37,6,30,74,73,68,27,57,67,71,20,77,13,82,5,56,28,32,37,88,40,25,37,65,88,26,35,86,74,29,61,48,54,46,96,31,31,14,26,54,88,95,84,21
92,78,66,2,93,54,15,35,33,44,8,84,50,6,6,72,77,34,77,88,77,98,40,6,9,26,63,93,23,34,66,1,86,32,72,8,11,1,46,7,27,53,22,25,4,75,16,48,69,49,83,56,29,99,20,84,66,94,44,100,74,96,87,12,95,35,85,98,100,55,59,27,28,82,47,63,15,76,98,75,43,49,63,61,95,65,27,26,58,79,51,80,94,91,3,87,36,53,62,74
90,17,92,51,25,39,58,42,92,99,42,56,61,8,72,69,76,68,7,9,96,39,1,46,84,81,4,3,89,80,68,1,53,59,28,3,13,96,99,28,90,74,68,22,57,63,81,57,29,23,81,93,39,72,99,35,31,12,0,46,20,40,86,49,85,32,29,37,7,86,37,9,60,21,52,97,56,35,64,26,92,75,11,97,7,91,42,22,87,33,97,19,1,5,85,19,77,88,45,81
77,89,61,44,35,97,68,12,46,80,67,51,99,60,31,70,80,19,20,74,75,81,13,97,2,53,2,55,1,70,14,8,76,65,91,39,46,11,55,68,100,65,67,25,83,48,78,45,37,59,23,72,37,95,96,18,54,77,87,32,55,80,46,20,6,73,45,30,90,37,46,8,91,43,93,84,37,38,49,80,92,8,44,9,54,11,75,34,37,41,24,68,17,71,46,24,42,73,28,67
7,84,17,55,74,53,59,11,25,4,44,47,47,81,82,50,4,51,54,57,8,4,44,79,70,79,54,36,76,94,81,51,45,68,21,54,99,62,79,29,59,71,2,22,21,16,71,18,4,83,1,24,95,16,38,96,16,81,66,82,28,94,76,24,76,14,35,55,25,4,45,54,24,96,45,100,77,16,77,96,90,19,76,0,40,65,86,52,24,27,53,81,50,25,64,70,35,32,1,45
46,58,37,65,82,57,74,90,72,49,95,9,43,1,69,30,33,83,25,66,80,0,13,23,36,49,7,58,51,34,95,88,2,22,26,91,7,5,20,59,31,41,76,30,13,70,5,83,74,38,25,86,61,83,5,93,9,80,6,37,75,97,5,25,52,80,87,90,79,74,63,6,65,100,97,46,3,34,49,84,71,75,76,43,41,81,7,65,65,51,57,12,18,16,48,3,6,95,58,38
74,8,79,11,32,41,45,42,25,52,50,29,76,24,71,23,63,73,75,58,92,45,8,78,46,53,57,7,54,5,92,42,24,14,15,35,19,21,78,22,40,29,81,8,25,3,65,19,95,83,89,87,77,28,57,55,71,68,29,47,42,38,93,71,34,3,90,82,72,54,11,65,27,22,98,78,71,70,34,27,61,38,83,10,98,63,89,8,58,11,54,68,3,93,62,75,16,54,17,3
14,26,63,15,6,49,60,49,36,14,69,7,44,27,14,54,0,82,41,68,93,45,5,76,0,57,98,58,59,27,83,93,24,89,0,36,41,38,11,26,4,65,88,45,64,35,41,8,18,76,45,45,78,40,8,19,41,20,65,52,78,34,14,18,48,34,90,59,44,21,25,49,78,52,3,69,94,74,14,26,12,93,23,86,40,72,61,43,65,41,92,39,5,39,54,18,17,31,74,53
30,67,49,96,13,67,28,51,44,4,74,57,14,41,80,99,35,60,47,35,42,56,41,75,91,64,85,73,55,18,4,68,48,90,53,62,12,14,43,34,45,71,60,50,88,89,98,97,25,20,58,8,58,68,54,19,14,36,2,90,92,79,7,78,4,45,5,9,96,62,36,52,31,50,17,96,47,36,62,41,22,86,69,82,88,52,64,53,57,81,34,10,34,27,46,23,10,21,62,27
89,35,64,90,81,11,7,4,45,68,54,34,98,72,94,94,14,57,95,75,51,75,82,31,100,23,61,81,43,32,39,84,64,88,58,31,81,95,81,27,87,72,9,36,17,51,34,59,99,77,87,19,66,47,45,70,8,36,40,9,40,49,97,17,52,31,11,75,70,57,40,9,49,62,99,55,70,64,18,10,33,18,56,74,21,80,71,17,77,58,72,32,67,67,48,99,25,32,16,53
99,31,3,54,31,21,39,97,39,24,2,60,31,43,23,24,12,41,15,44,27,46,62,87,39,23,68,26,78,7,12,69,6,98,81,82,15,33,78,40,56,3,57,82,80,53,53,58,10,29,95,90,34,89,87,76,34,67,18,3,60,10,19,53,4,67,67,95,38,38,32,35,17,41,55,21,1,100,10,84,37,29,58,46,80,31,15,69,27,95,56,47,51,83,87,42,97,34,23,80
18,82,38,38,61,33,48,65,55,42,77,64,80,20,89,80,6,69,22,57,25,42,63,54,50,79,39,89,6,86,99,32,96,49,7,57,70,43,95,32,4,59,20,82,15,26,24,3,34,33,43,94,88,79,20,88,44,98,66,85,10,70,100,63,98,5,65,52,37,68,68,2,69,81,70,47,11,60,1,76,70,38,5,67,77,50,47,9,81,52,1,64,80,70,73,47,76,18,52,45
9,26,19,41,69,37,28,32,55,67,86,6,59,4,1,97,5,28,36,41,64,37,86,51,82,39,78,45,66,1,16,51,23,3,47,51,6,80,20,49,75,88,68,88,65,77,58,25,12,5,36,6,68,75,100,0,95,38,53,40,60,55,9,2,56,84,96,45,37,80,55,45,55,52,84,68,15,71,68,29,74,69,18,5,23,72,13,60,3,39,94,74,94,37,22,31,70,4,27,3
11,54,69,37,8,27,4,11,70,92,88,8,51,17,45,47,36,85,47,1,3,87,34,45,40,66,36,73,96,30,18,48,78,43,16,31,3,19,77,53,48,83,19,24,39,49,13,100,14,12,95,100,86,88,51,64,94,54,41,63,33,16,29,86,8,14,94,0,0,25,69,35,11,66,19,9,99,4,48,11,33,12,68,29,84,21,71,82,49,74,40,78,41,73,18,16,37,13,97,27
6,44,75,65,13,20,82,77,59,18,62,26,93,1,29,94,29,78,70,42,80,55,94,46,31,84,84,69,82,92,89,55,60,88,35,46,53,43,42,99,40,63,39,32,99,62,50,15,69,77,62,14,94,40,63,56,22,32,86,19,24,31,77,83,24,33,24,24,88,0,10,5,71,94,99,69,46,13,74,40,4,27,0,21,36,36,0,17,23,0,93,15,100,46,79,82,76,87,38,41
98,79,76,99,91,46,24,33,0,52,23,59,86,93,61,68,25,52,62,57,98,8,6,24,18,3,19,16,78,10,58,93,69,36,16,12,77,85,70,58,48,36,86,39,71,64,13,85,26,2,88,40,12,88,96,67,91,87,23,88,11,4,52,59,15,83,88,5,100,8,42,100,51,27,36,82,22,32,1,85,12,4,97,22,46,27,37,42,59,2,96,15,100,41,18,87,89,23,53,94
1,84,3,53,7,20,74,45,47,78,47,12,31,61,14,59,31,42,31,80,41,4,13,15,95,50,86,59,82,94,20,46,51,49,48,91,63,41,14,22,49,78,37,92,44,68,62,9,44,68,91,13,57,75,13,89,45,34,84,70,92,25,71,5,53,68,51,91,47,90,18,54,14,18,12,23,29,50,91,50,77,13,86,50,84,43,100,49,40,20,41,18,59,86,70,49,26,35,44,100
42,53,5,95,68,50,4,41,21,69,59,21,85,2,78,69,76,30,1,95,93,9,35,39,82,79,26,85,39,98,33,95,58,3,5,0,41,96,33,36,77,46,80,98,56,28,68,26,95,92,36,26,30,97,9,62,32,27,70,29,6,1,15,13,12,63,91,65,98,50,83,40,23,22,86,15,85,15,81,1,57,83,12,19,2,77,79,9,27,75,11,35,95,44,84,55,53,56,58,80
2,22,0,67,68,1,34,33,56,100,87,9,77,81,12,31,37,39,93,35,10,66,58,20,50,70,28,51,78,48,25,84,58,51,53,51,19,44,81,68,33,67,94,5,41,25,27,5,33,50,40,97,44,30,6,0,87,97,63,27,97,92,51,95,81,71,67,78,51,92,51,13,26,66,23,42,55,99,20,79,28,12,57,4,16,58,87,94,25,39,16,18,71,10,16,25,65,38,57,84
17,1,81,88,66,2,90,98,70,87,36,78,16,22,97,77,48,78,0,97,44,75,75,93,96,19,74,69,24,31,14,58,88,23,89,88,27,30,20,96,3,1,17,34,75,77,14,47,79,14,53,35,81,94,20,11,75,74,70,33,3,47,32,57,55,31,60,54,1,36,61,65,100,7,18,57,18,0,72,38,14,78,42,71,26,63,66,58,80,6,75,61,94,59,63,38,34,39,77,40
87,63,76,57,8,37,78,88,14,36,18,36,47,22,45,56,46,91,17,92,39,45,16,64,4,30,24,22,6,43,1,73,93,70,77,93,0,15,20,94,8,96,54,77,21,49,25,8,45,93,79,48,28,94,54,51,50,18,22,60,10,7,61,51,27,68,46,92,87,16,4,83,48,60,68,50,30,13,46,75,57,71,36,13,54,85,89,25,62,98,28,28,15,56,13,10,71,52,64,34
68,80,70,59,45,75,72,98,60,81,67,61,87,79,27,74,93,36,34,9,47,85,48,9,15,48,97,34,91,75,6,4,37,21,21,56,96,66,100,12,18,43,93,64,14,42,29,7,42,98,31,7,87,98,83,60,4,58,81,14,31,22,29,61,67,46,81,85,52,38,93,38,87,61,56,48,38,71,49,61,92,75,34,79,97,80,88,18,0,20,9,19,6,50,53,35,2,30,38,56
15,16,20,13,25,74,82,66,65,85,73,67,15,73,32,73,44,86,97,69,42,88,23,36,38,14,90,68,72,55,19,95,28,13,51,3,25,79,90,51,1,38,8,13,18,48,66,11,71,64,46,54,32,88,30,48,74,25,36,73,88,78,94,13,48,41,48,32,85,29,95,45,7,23,30,95,33,12,21,25,71,65,31,3,72,39,2,89,45,22,90,70,10,69,12,98,96,74,78,81
91,19,47,55,19,95,16,43,11,39,80,49,11,64,12,87,22,92,79,75,100,17,37,33,50,88,73,11,77,54,78,61,68,3,36,0,40,45,18,11,59,73,67,80,64,94,39,45,21,93,36,66,6,22,13,27,99,69,65,39,87,81,62,17,13,48,96,96,97,26,93,30,92,18,61,3,58,86,51,80,68,59,81,8,83,34,22,37,18,13,41,22,15,37,8,91,93,6,60,5
64,98,84,99,83,23,56,24,82,12,87,89,82,65,70,43,56,41,51,77,85,5,66,62,87,49,84,85,37,75,27,28,41,63,66,60,35,2,74,93,13,92,56,99,89,38,12,83,48,92,99,60,13,90,13,29,45,15,26,39,34,97,21,65,27,69,98,59,29,37,8,46,39,12,40,38,25,59,67,22,89,35,74,70,75,31,24,93,13,63,69,16,38,41,61,63,51,64,48,80
90,69,85,80,34,46,38,6,19,62,19,30,48,32,82,66,50,17,73,28,30,71,64,48,88,63,23,18,20,1,29,38,72,56,7,95,28,89,85,54,84,40,84,41,63,49,46,64,40,21,22,15,60,81,59,28,67,50,93,55,81,60,93,36,69,67,64,86,94,44,79,79,30,55,4,58,48,38,14,30,50,54,31,45,46,58,10,5,9,27,50,64,88,72,71,17,35,21,20,12
89,100,39,21,73,26,25,23,82,49,71,4,37,78,81,57,21,35,34,6,36,91,22,7,25,72,86,71,78,2,23,89,81,33,88,40,41,41,11,30,94,86,70,52,73,76,95,79,52,85,62,77,98,16,80,79,40,12,17,26,25,52,59,73,41,92,55,12,8,1,5,56,21,54,99,32,46,34,25,0,96,78,49,35,5,34,60,74,62,92,89,79,20,35,73,3,9,93,45,26
40,51,55,85,1,45,2,36,39,0,13,97,46,5,55,23,37,7,72,30,80,97,50,58,13,78,27,69,64,12,2,24,72,10,76,98,53,28,44,22,44,31,34,19,82,75,79,69,97,4,72,5,48,50,3,93,64,33,80,52,55,68,70,12,78,70,12,100,28,82,82,14,75,10,47,58,3,8,54,52,83,78,94,97,80,92,53,60,5,21,38,19,61,92,40,53,23,18,43,73
99,72,8,100,72,28,74,30,41,53,1,72,88,14,7,30,24,82,82,80,74,44,80,61,45,94,84,31,54,40,45,91,52,88,33,39,21,59,89,95,79,1,81,10,50,27,4,30,53,52,77,97,91,90,84,99,10,51,77,21,9,67,77,33,38,35,93,96,55,22,48,67,35,2,19,48,82,71,24,14,41,43,53,80,24,57,99,11,20,9,85,77,97,8,7,74,1,51,89,43
58,26,1,36,92,35,31,76,40,89,33,65,10,20,85,91,9,5,91,53,93,34,74,62,92,72,10,78,83,79,20,91,33,80,10,12,93,77,74,30,58,41,89,58,12,26,20,94,86,97,17,49,25,52,69,23,15,85,78,26,52,24,99,5,70,3,20,28,20,25,33,41,15,77,2,97,95,75,28,53,35,48,55,57,15,56,93,31,54,54,45,29,3,11,52,93,100,54,66,53
49,17,30,96,33,91,55,39,57,71,39,38,49,18,40,18,84,75,60,12,4,30,17,95,57,83,95,83,83,45,11,61,91,55,45,44,92,76,34,52,41,57,54,42,80,77,83,100,13,10,27,83,16,50,80,38,86,16,78,16,85,49,58,50,3,14,61,33,14,5,77,39,37,81,30,100,10,36,48,93,86,74,71,16,74,44,59,60,41,45,24,14,67,73,18,82,17,45,33,27