77,99,8,88,60,56,79,53,21,14,51,7,78,92,88,20,30,52,9,59,95,60,54,75,12,64,33,98,51,37,62,63,65,47,79,45,92,88,41,85,40,63,48,96,12,92,6,2,77,7,17,36,96,17,69,8,95,4,22,66,21,6,70,88,1,28,3,77,48,10,48,49,84,85,90,79,55,21,85,45,53,95,60,16,25,88,73,90,71,93,66,46,26,100,13,38,15,39,10,0
98,56,97,2,83,15,79,69,20,14,48,89,30,75,53,94,7,23,88,37,81,29,11,91,5,81,47,54,47,37,27,29,45,40,1,17,77,36,2,59,38,96,0,61,30,31,55,91,28,42,92,20,96,44,94,86,19,69,64,98,87,20,42,32,3,49,66,56,16,56,31,100,84,72,72,59,75,5,94,43,67,66,16,7,1,3,85,21,96,64,34,27,41,97,97,88,97,41,21,36
68,7,51,74,42,75,30,95,12,5,52,31,58,20,43,7,0,16,59,39,45,48,35,65,8,60,59,81,9,21,39,67,71,78,55,29,57,36,75,41,59,88,53,44,51,56,91,53,94,9,7,10,18,18,19,100,52,24,14,51,76,55,25,0,31,6,73,88,60,70,28,82,89,68,41,8,38,38,37,30,34,56,43,63,81,6,80,75,76,20,34,51,46,38,57,62,12,14,85,9
22,3,71,96,69,14,91,97,9,28,3,68,94,37,29,68,44,21,14,36,12,76,54,94,41,55,29,42,11,95,30,33,9,52,50,39,42,7,81,17,96,58,61,65,96,52,87,13,30,63,98,43,58,86,94,32,65,39,29,96,57,17,47,86,53,74,6,85,67,58,84,10,90,81,34,50,40,81,1,57,57,99,39,9,27,32,74,37,84,83,73,25,16,39,96,27,50,3,9,42
99,88,97,18,60,5,70,95,89,89,52,47,23,87,9,57,77,87,16,43,14,39,4,53,70,66,34,61,39,56,85,90,30,17,66,66,94,27,38,55,14,6,48,43,71,54,56,94,0,98,93,95,62,45,12,17,35,98,45,84,87,94,51,46,31,15,18,57,11,88,14,2,25,31,21,61,5,82,24,92,38,65,38,89,15,69,50,88,67,58,39,53,69,56,20,45,66,55,91,50
30,23,50,41,76,57,18,6,41,78,38,26,12,88,12,23,87,99,16,92,35,8,39,27,30,99,40,94,72,66,10,78,89,5,22,75,69,35,95,76,76,42,67,86,3,43,6,88,79,13,92,50,50,81,74,54,44,76,36,37,99,33,29,67,14,2,58,42,95,36,62,97,40,42,52,5,82,12,10,93,85,51,14,5,6,2,26,22,80,79,12,29,92,5,15,65,46,84,100,56
62,63,92,76,3,56,96,93,38,6,40,77,54,68,77,90,69,35,91,41,92,83,13,83,3,78,11,1,71,12,76,42,57,10,99,61,59,19,73,75,79,89,49,55,100,61,55,72,72,94,100,82,4,50,19,81,73,85,1,96,68,25,75,52,75,84,33,5,17,53,73,4,13,49,11,68,27,78,3,55,6,9,32,79,53,66,29,45,19,68,30,74,60,97,61,41,86,100,31,74
38,32,62,86,76,31,25,5,90,21,46,2,44,80,79,87,94,58,22,65,59,13,41,55,25,65,28,60,61,54,56,7,81,5,52,42,18,29,20,20,60,45,28,33,50,44,10,80,91,75,41,72,63,10,43,65,51,32,78,3,9,99,43,33,41,79,8,85,23,99,74,8,64,47,5,60,98,44,76,52,29,81,75,82,15,30,42,85,96,58,6,90,37,28,91,27,78,15,88,92
100,88,20,86,43,26,80,98,76,83,24,71,8,28,16,79,86,81,36,74,59,68,34,85,60,53,34,58,88,53,18,16,49,6,90,27,46,68,98,5,35,7,35,2,90,24,0,63,2,85,37,87,12,71,42,51,31,11,97,10,17,64,100,19,33,79,45,65,54,81,35,50,1,23,35,25,66,62,57,9,29,94,19,3,53,64,86,75,57,81,92,80,48,29,18,92,13,84,56,21
69,49,70,51,77,25,38,15,53,56,14,94,98,30,50,61,48,41,59,66,94,35,81,53,39,17,47,66,2,76,59,33,43,5,18,46,63,46,95,39,97,45,11,100,18,39,10,4,7,26,4,20,46,19,95,91,72,7,31,92,31,42,66,86,90,41,41,82,92,69,57,37,47,74,59,15,5,60,84,81,90,68,2,9,78,62,81,22,49,38,95,96,60,91,90,23,51,29,28,51
14,1,89,62,64,53,57,50,10,25,18,45,76,42,45,62,59,99,15,48,57,17,37,39,18,42,1,81,80,18,20,12,28,80,37,81,37,88,46,91,56,79,13,34,48,71,31,54,7,57,56,63,76,39,62,44,17,37,95,43,27,18,95,99,82,65,49,35,75,95,46,17,77,11,7,90,24,38,11,0,33,88,23,82,69,56,35,63,6,57,16,65,14,74,48,46,72,17,93,31
48,57,51,82,6,1,0,45,61,77,5,31,68,41,19,91,26,70,28,40,5,14,98,15,82,79,80,38,73,49,77,1,52,26,65,100,73,33,5,51,74,59,37,27,89,34,4,69,76,84,5,48,30,43,23,17,71,30,30,50,42,29,38,22,2,3,5,29,27,42,92,67,20,16,73,16,90,75,4,10,70,92,36,83,90,85,85,29,46,52,3,91,91,10,22,93,63,6,63,33
88,46,58,16,9,21,2,76,53,41,7,49,49,44,33,25,91,66,32,92,48,3,13,84,84,92,43,69,80,17,26,99,42,91,37,39,90,84,78,70,39,99,15,99,88,10,90,82,14,63,10,20,8,91,55,83,44,1,90,60,85,38,96,2,31,56,63,9,35,0,51,35,38,44,27,39,55,69,74,32,46,83,0,36,43,13,27,12,0,11,100,93,54,45,28,70,96,67,55,80
27,75,40,29,36,45,36,72,88,27,45,96,48,33,94,34,28,29,91,91,34,63,12,37,84,100,68,8,27,11,72,56,72,79,63,43,10,12,87,9,15,28,98,36,22,37,87,23,51,39,20,66,29,84,47,40,51,35,79,97,83,74,5,6,47,54,100,79,40,21,17,92,18,28,63,91,45,37,87,93,74,97,35,24,35,51,25,71,31,65,0,9,19,60,63,6,30,60,82,16
100,70,100,10,41,41,8,29,48,58,5,77,80,40,47,92,65,65,5,89,20,29,23,97,16,1,34,85,84,1,71,91,76,44,75,23,91,82,76,14,71,34,20,58,12,68,78,18,76,12,3,31,74,74,6,0,0,72,26,96,68,87,92,14,53,34,41,36,23,17,65,70,27,44,6,29,98,69,24,11,29,40,15,1,10,20,31,15,60,57,5,40,8,6,17,77,45,93,41,60
35,34,3,69,6,36,76,48,61,41,17,78,47,71,28,84,4,88,96,95,81,20,3,57,52,13,11,52,4,29,25,9,68,80,29,4,54,80,35,0,59,28,64,18,39,92,98,78,36,39,31,89,52,30,62,79,29,4,44,52,16,43,91,24,55,48,73,40,57,34,47,37,6,87,52,72,23,42,78,17,4,35,8,49,44,56,13,34,28,74,65,11,91,96,69,45,57,70,63,66
93,30,85,39,8,2,73,28,52,6,74,4,24,64,31,2,10,98,45,64,96,48,12,29,79,91,37,25,43,0,29,74,42,97,81,16,16,20,77,23,27,23,62,54,61,52,97,85,72,59,53,61,12,97,65,7,43,46,91,95,62,83,96,9,42,27,63,88,95,24,53,11,57,22,10,5,64,77,19,29,82,17,10,34,13,16,14,8,3,82,92,23,22,24,2,73,69,6,28,89
11,38,2,84,46,87,55,14,99,78,78,3,18,73,16,98,51,99,4,89,63,73,65,6,39,13,52,54,42,57,13,48,26,73,89,70,99,94,94,64,91,82,58,87,89,18,77,35,72,50,3,33,68,27,94,54,59,55,35,78,79,29,31,87,89,30,72,82,46,61,3,61,4,74,75,70,5,72,12,21,29,62,47,4,42,66,94,18,99,99,10,64,47,36,33,39,3,51,24,78
30,62,77,15,86,8,78,28,2,52,23,97,22,10,93,41,88,32,14,80,19,72,90,76,19,68,15,14,62,90,0,75,78,82,16,55,87,27,80,27,2,31,72,39,0,44,52,43,29,78,82,34,25,26,89,26,35,66,30,36,61,55,92,28,56,89,95,2,34,28,55,39,29,1,100,86,96,18,15,58,14,27,60,51,74,3,15,36,19,39,45,5,56,65,78,100,18,49,95,72
4,100,68,22,68,4,75,31,75,40,14,64,67,9,96,45,90,56,97,3,7,39,6,82,74,46,56,87,79,75,56,62,31,39,41,99,1,1,71,78,48,33,1,7,38,25,80,46,26,21,33,90,48,36,43,92,17,23,78,95,75,87,62,94,89,80,55,40,45,94,19,94,13,0,42,85,78,59,86,66,95,18,44,15,17,0,71,25,23,65,24,54,74,88,24,97,53,70,26,19
27,66,33,20,63,20,45,41,96,43,73,85,51,96,72,31,67,74,89,96,42,63,46,70,100,55,85,82,88,87,42,57,12,72,10,16,46,49,5,27,81,87,43,61,92,63,91,25,72,7,35,99,53,75,6,24,14,7,35,98,0,99,15,17,15,21,84,27,60,71,67,2,60,26,5,35,3,17,19,41,71,65,57,66,42,54,64,81,64,92,89,64,84,70,8,79,59,11,56,77
52,72,18,72,75,26,69,44,46,58,23,0,69,15,67,50,0,4,80,27,57,76,4,16,22,70,19,28,67,9,80,70,86,51,62,21,53,95,28,37,21,79,89,67,100,6,95,54,13,84,89,57,14,80,99,79,88,39,19,99,86,21,100,90,57,62,63,19,20,36,29,2,18,24,70,55,27,35,22,42,9,77,30,56,58,75,71,74,24,44,40,10,50,18,1,77,40,96,53,59
69,60,99,75,77,37,31,79,11,36,76,74,35,72,53,76,86,82,79,56,25,52,33,76,6,50,14,96,25,37,5,15,39,37,87,58,41,22,44,7,40,18,45,11,23,61,93,92,71,99,76,71,56,61,32,49,50,3,72,31,58,30,80,23,16,84,22,9,54,60,17,57,45,61,55,0,19,11,54,96,99,84,78,49,50,78,93,32,91,77,35,24,38,93,73,92,91,53,93,74
44,5,17,32,32,83,83,10,98,39,61,78,34,47,92,46,67,57,51,55,97,45,49,46,58,97,98,99,74,55,33,42,20,2,22,61,76,45,15,18,59,81,63,85,8,45,60,56,35,53,20,96,36,7,74,2,99,2,29,39,99,39,32,66,7,65,68,80,48,39,94,67,7,48,58,61,42,11,12,11,69,27,7,2,52,18,77,10,42,63,75,68,5,53,23,33,76,12,11,51
56,90,100,7,18,13,15,34,6,53,86,35,39,66,100,78,24,34,55,69,30,87,58,14,18,32,88,29,42,86,94,12,24,86,22,0,93,6,24,0,12,39,56,26,47,17,97,7,1,56,80,73,35,28,6,76,17,46,53,99,25,93,32,71,92,75,12,0,77,22,57,0,83,43,99,50,97,48,17,28,13,34,38,21,79,70,56,98,89,79,7,63,30,83,22,81,31,50,96,49
81,64,58,0,26,8,94,85,85,74,75,11,28,59,48,22,28,94,79,33,23,15,54,15,86,34,44,52,34,29,40,58,78,80,43,21,30,0,74,13,19,55,66,70,27,38,18,15,64,89,57,47,52,100,55,68,42,38,13,81,85,5,68,87,55,68,68,66,28,55,97,9,92,50,32,27,35,36,31,23,95,35,77,40,57,3,2,41,13,70,79,15,9,86,29,38,80,92,11,21
97,2,89,4,16,31,32,76,89,68,85,28,13,90,91,86,60,14,2,94,26,21,66,27,71,41,89,17,54,55,96,12,3,11,19,17,19,56,28,20,91,86,30,12,53,66,74,40,1,39,59,52,36,50,29,22,97,93,20,52,31,15,67,68,1,19,38,68,98,15,90,73,39,69,87,86,29,82,15,28,33,18,15,58,96,39,91,55,67,27,88,63,40,66,90,73,66,88,100,28
40,35,18,57,64,49,6,31,69,11,25,73,11,64,17,100,90,37,86,41,6,25,66,46,84,82,50,34,42,71,0,2,99,49,87,90,37,42,68,61,14,75,75,80,96,29,78,27,62,83,59,71,76,88,37,32,89,6,54,59,42,7,33,7,6,8,24,81,99,16,48,79,70,14,12,78,89,82,85,98,16,4,51,94,61,18,63,5,3,36,92,49,42,75,15,93,73,37,41,88
91,66,63,40,91,99,83,82,91,3,85,73,65,30,29,69,26,99,69,4,98,57,79,73,23,67,78,88,41,14,11,46,93,20,83,88,31,28,27,11,15,66,38,27,18,56,28,63,35,77,62,90,29,66,76,19,23,42,85,97,63,65,9,52,24,85,62,67,42,5,13,0,56,84,42,64,38,12,100,64,15,48,1,87,15,65,64,77,13,54,90,52,7,36,14,75,47,97,54,45
29,28,77,8,51,70,62,29,44,83,12,32,13,66,32,55,32,18,10,29,60,24,99,74,85,81,94,28,26,52,3,30,18,99,69,72,89,64,28,2,53,99,17,59,96,93,15,68,54,76,14,75,94,42,82,23,36,57,23,68,93,65,15,70,24,69,72,38,96,1,23,93,49,71,19,48,24,9,44,95,23,94,96,58,99,44,43,19,19,71,75,75,10,46,67,97,68,20,11,90
71,1,88,93,33,40,47,39,63,58,11,38,29,80,23,52,3,93,23,92,44,43,100,47,34,44,10,54,14,34,24,6,40,30,69,11,60,57,13,18,98,39,75,18,51,10,34,61,90,36,18,6,79,61,18,4,72,48,8,83,41,15,48,5,74,59,77,87,83,84,30,14,65,68,48,88,4,96,89,35,41,97,4,3,58,22,14,87,74,3,40,93,53,40,35,10,22,6,31,19
72,48,5,64,70,90,74,98,88,56,34,43,21,60,61,47,61,100,98,16,95,66,13,98,23,64,37,14,100,73,83,14,26,46,16,20,25,98,12,68,46,18,96,62,36,87,11,33,2,5,83,4,24,14,75,20,39,71,77,40,32,82,13,51,100,31,36,54,1,80,55,44,11,93,82,10,73,81,2,36,91,78,23,68,43,60,66,81,36,11,31,50,44,44,78,62,39,72,96,8
9,100,65,33,51,73,15,17,43,10,9,80,81,67,67,11,28,100,29,78,22,64,69,85,2,97,35,71,56,11,59,34,24,48,38,8,42,41,13,95,11,19,61,42,81,26,6,80,64,81,35,33,73,47,65,67,20,49,56,2,47,62,34,91,30,2,82,5,38,23,59,87,50,64,48,43,89,97,39,6,26,93,17,17,16,7,16,39,41,32,52,82,27,62,16,3,49,35,89,17
25,28,72,43,88,88,63,69,69,7,57,68,100,95,4,3,21,11,7,80,25,0,75,49,10,15,68,69,22,98,23,62,30,9,90,67,9,96,30,58,58,72,52,62,65,54,43,43,24,78,25,20,67,19,83,41,23,82,27,20,97,95,55,18,38,41,7,80,58,94,43,45,59,26,12,61,10,13,5,63,57,99,100,8,78,81,7,43,38,41,81,20,60,44,64,28,16,65,68,46
35,65,29,97,14,36,81,27,82,28,0,26,4,33,50,80,15,38,86,60,92,66,46,18,10,65,73,33,54,2,53,37,87,61,63,37,70,57,47,19,56,47,3,63,88,21,39,71,63,33,30,63,71,27,70,56,51,64,98,56,62,1,59,99,71,34,15,85,83,76,66,92,2,19,40,85,19,71,47,96,42,4,73,12,60,1,27,12,13,15,2,12,75,78,88,31,36,63,64,78
9,32,56,42,60,6,1,25,28,41,66,77,54,41,77,61,34,94,85,14,90,14,27,17,33,71,45,46,74,87,78,8,29,40,68,74,85,25,39,39,8,20,88,97,20,75,41,58,64,76,7,89,57,48,6,2,24,19,66,52,19,43,17,81,45,21,89,24,8,44,3,88,27,48,83,85,54,23,100,89,44,36,4,34,95,55,14,45,43,19,37,17,20,50,56,86,12,85,48,73
41,15,72,49,90,56,91,14,76,60,91,90,14,42,84,41,15,67,80,29,44,6,63,37,98,81,8,53,74,56,43,37,91,11,86,77,63,30,24,65,74,96,18,12,99,7,93,49,60,70,89,7,79,15,56,52,35,28,93,35,64,58,27,55,30,72,4,25,0,47,8,9,50,69,23,65,58,13,37,97,46,5,40,41,31,93,23,10,8,100,7,81,4,10,59,33,72,76,39,54
66,58,72,27,27,15,79,50,74,22,5,54,3,62,100,21,35,5,100,28,24,60,35,26,32,54,32,47,7,39,55,68,3,1,41,55,61,95,43,29,82,84,95,48,15,15,15,74,83,20,68,44,89,59,57,0,86,23,9,34,26,38,22,10,82,76,34,41,90,13,62,94,70,60,23,86,20,33,9,92,24,89,79,4,95,86,1,67,16,75,33,55,87,73,55,61,74,81,94,24
80,10,44,54,100,55,3,16,25,83,52,2,40,23,79,88,26,82,59,71,10,66,11,57,34,76,43,85,64,39,0,96,34,40,53,30,3,51,17,27,56,43,64,0,51,11,18,25,26,16,48,94,71,41,10,56,78,69,51,4,38,97,9,86,100,10,25,12,80,10,33,50,63,58,25,91,2,60,5,24,36,90,84,21,57,82,91,58,70,52,53,19,47,57,95,65,14,67,55,61
28,74,83,39,90,78,84,89,81,62,75,50,52,67,80,27,77,50,27,34,55,98,27,32,45,95,49,78,4,13,94,33,38,37,73,96,75,6,47,91,69,26,80,62,44,96,82,29,73,80,37,0,78,31,49,99,88,94,40,37,78,41,79,3,87,57,18,1,95,47,48,13,55,30,100,73,92,18,5,31,24,48,73,61,68,45,48,91,0,16,32,24,31,52,73,18,79,74,88,96
91,59,57,67,97,69,49,0,1,55,82,72,79,59,78,83,64,35,46,49,5,41,18,85,35,7,9,6,56,25,98,85,49,24,29,50,61,47,89,71,74,13,29,29,67,74,22,99,16,81,78,4,58,9,86,2,92,23,57,7,55,44,16,76,94,80,95,2,66,61,85,22,11,14,61,15,74,100,69,65,72,22,77,40,44,68,42,1,1,24,59,45,49,2,8,84,64,93,45,98
70,65,36,33,42,12,84,47,90,55,75,93,6,92,20,81,55,14,76,24,9,46,9,85,84,31,42,36,73,42,72,11,40,50,71,30,19,47,39,13,18,46,48,14,64,35,34,77,56,56,34,61,54,99,13,56,43,10,26,41,95,10,9,20,84,92,4,21,12,65,43,8,35,49,31,74,52,89,56,13,95,71,5,89,1,45,19,85,82,94,83,6,3,62,79,66,53,41,88,89
76,97,66,73,78,27,69,35,67,40,0,7,75,32,51,14,49,79,39,82,76,66,74,23,64,55,76,51,43,90,96,93,10,83,3,51,13,41,92,51,59,31,52,78,37,5,25,48,55,22,45,28,17,39,1,35,97,25,97,57,8,82,72,8,30,23,56,42,74,23,7,40,39,74,64,65,32,3,2,50,4,20,29,70,95,12,63,65,12,41,30,76,96,19,59,13,12,63,26,29
26,14,67,2,39,7,65,29,21,39,9,67,51,1,80,7,51,27,48,12,16,23,6,83,36,100,48,25,98,5,37,87,91,46,92,78,33,28,14,68,37,12,85,82,79,27,60,91,6,51,17,1,16,78,67,70,65,73,71,2,65,55,76,50,11,90,1,25,86,72,87,87,77,96,72,91,20,1,49,24,80,69,12,82,24,39,57,32,95,19,58,13,71,49,74,70,25,7,84,79
28,44,52,31,63,44,93,61,72,19,89,54,35,80,62,87,35,55,67,55,97,81,30,84,49,90,46,72,91,61,54,52,91,72,37,32,1,31,34,5,59,88,76,30,80,77,25,11,35,75,56,72,27,68,62,22,13,9,93,94,92,88,98,11,63,58,62,43,38,93,7,94,19,78,68,81,16,63,25,20,69,21,26,13,48,86,15,33,63,10,17,65,81,87,67,79,36,95,74,95
45,2,9,74,91,41,6,21,43,23,97,36,70,90,21,38,87,6,65,33,67,91,73,78,57,12,3,2,48,80,38,90,63,49,5,86,69,31,46,35,81,71,35,65,43,55,59,61,40,64,92,53,54,12,83,67,49,51,64,65,3,40,96,91,40,48,90,36,84,78,23,22,16,41,11,83,32,13,20,26,50,25,85,79,58,25,89,23,25,7,55,63,21,95,54,11,47,12,37,67
90,69,55,71,56,2,86,90,80,36,11,58,87,28,50,31,51,94,37,87,5,99,88,13,35,22,53,41,66,35,69,80,24,90,89,56,24,10,82,75,72,3,57,7,93,96,26,5,44,98,17,86,34,5,1,12,67,43,15,35,53,41,87,55,38,55,98,72,85,49,20,91,67,68,2,95,16,37,46,46,97,29,67,46,92,66,52,69,14,57,97,65,65,67,49,8,16,98,29,80
85,38,84,87,82,26,17,16,2,38,85,62,32,75,26,74,48,67,4,34,26,51,74,8,100,80,55,77,28,25,60,38,66,85,61,35,54,58,16,81,17,50,81,15,84,89,61,58,14,23,74,49,81,91,21,34,85,41,33,13,43,65,64,57,10,46,79,22,84,69,43,30,68,76,36,65,53,50,44,29,35,20,62,53,5,20,100,81,62,88,84,54,35,29,75,13,81,56,95,31
50,30,56,98,13,1,40,32,81,83,2,13,37,48,14,77,48,86,96,38,76,47,96,87,98,67,50,64,55,39,94,60,47,81,1,86,34,69,57,79,55,39,19,43,67,52,78,15,49,59,7,71,97,26,47,4,46,64,22,88,52,82,29,74,54,19,10,85,60,39,82,50,91,43,28,81,72,92,96,39,49,28,60,45,42,98,19,27,42,98,15,25,32,18,76,62,42,92,72,53
18,50,55,18,21,40,19,13,39,15,81,10,32,88,60,48,43,20,20,75,67,13,26,74,53,89,43,58,2,11,4,28,12,43,70,85,51,20,98,44,32,69,95,46,5,0,29,41,83,11,66,2,6,6,56,13,17,20,82,59,11,87,0,90,96,28,11,51,81,97,20,61,68,63,38,40,40,27,59,53,30,84,33,93,12,66,21,78,4,42,71,85,25,3,89,100,6,80,16,4
19,81,97,97,58,13,6,55,50,18,88,56,56,91,5,13,5,97,72,11,49,20,22,53,90,29,37,5,73,99,20,3,81,38,84,24,56,66,28,24,49,52,53,68,7,12,30,8,19,86,81,89,18,22,15,86,89,39,23,14,97,80,6,82,98,70,59,70,76,41,100,44,64,59,85,36,57,29,1,54,86,22,30,68,2,91,70,76,38,69,66,26,73,78,31,35,52,49,28,100
97,73,8,1,78,60,91,61,74,17,48,31,78,43,7,30,0,82,26,77,95,44,84,68,53,52,66,52,21,16,41,0,32,45,15,42,4,14,92,30,45,81,29,28,26,22,38,55,40,22,53,100,58,40,2,76,42,53,64,46,73,80,49,45,83,65,27,46,42,33,76,69,96,59,34,64,93,37,45,54,82,3,42,73,74,15,72,75,46,98,77,80,4,82,21,90,55,51,39,43
56,48,70,96,20,59,88,89,37,42,42,86,17,6,16,7,47,95,22,2,55,84,3,59,3,83,2,99,55,55,32,53,21,51,38,98,72,4,21,55,81,61,56,54,47,11,98,7,33,64,49,92,80,38,53,63,37,0,74,15,78,3,40,14,11,31,26,55,7,85,24,96,42,24,35,54,11,24,2,74,43,100,72,22,61,8,79,50,3,76,97,16,65,54,32,100,71,97,61,51
71,58,93,57,12,11,79,63,35,38,73,11,8,9,86,31,19,52,19,55,11,1,98,57,99,39,52,12,9,46,23,78,61,89,72,40,68,33,92,73,22,92,23,87,91,34,53,2,9,8,59,15,96,96,24,66,32,81,50,3,48,55,7,91,14,31,84,89,27,80,24,52,51,80,61,90,39,45,69,52,9,10,62,59,24,17,26,94,34,9,60,0,95,93,5,89,16,96,74,0
51,25,61,57,81,55,94,52,79,65,60,42,70,11,82,29,15,45,10,26,71,60,53,23,70,60,70,8,12,79,63,45,10,27,73,92,41,51,31,67,8,16,34,88,41,49,92,99,28,73,8,64,41,61,20,73,1,74,32,88,18,29,22,47,73,38,74,54,6,100,11,19,97,41,46,63,100,65,6,24,32,15,45,55,67,20,91,94,60,12,49,61,7,10,24,92,99,18,87,89
41,20,20,18,19,40,95,94,13,82,40,35,5,22,98,36,81,81,62,0,15,79,15,9,79,15,77,75,14,30,79,16,27,24,49,69,57,42,36,1,60,26,90,10,71,22,41,41,6,2,29,10,25,29,0,56,100,72,73,47,28,50,79,64,6,2,6,71,51,93,47,60,49,68,69,38,30,19,74,72,67,26,28,59,44,15,98,3,63,19,49,5,51,30,27,92,33,100,16,56
19,96,84,50,57,41,49,30,43,47,67,61,24,36,10,20,58,55,98,62,83,92,15,82,84,51,34,45,94,96,45,22,66,99,72,90,58,71,96,50,93,59,42,92,54,8,77,18,64,67,16,44,98,9,22,4,14,81,19,60,24,8,90,21,60,54,47,61,36,89,61,41,70,65,5,24,0,84,94,63,89,79,9,52,98,60,5,67,0,15,43,14,1,11,65,54,20,76,34,94
64,86,100,80,4,63,16,17,53,97,42,90,80,65,93,84,8,2,20,54,20,57,16,37,39,69,40,18,39,75,17,85,61,9,8,55,83,90,74,31,81,100,61,15,57,36,26,71,35,4,10,70,34,100,16,0,71,77,90,69,87,73,5,98,50,63,84,73,32,32,25,3,87,94,93,67,83,62,62,74,42,94,76,30,47,17,68,15,38,1,41,68,98,60,63,19,53,28,68,15
56,78,58,96,3,29,51,26,100,87,58,69,95,8,25,91,76,71,21,28,46,33,43,44,11,18,25,72,47,20,67,64,78,39,78,28,93,89,43,83,53,6,71,67,11,87,95,13,7,56,12,75,85,20,5,28,67,100,87,20,70,79,13,72,45,68,69,50,65,99,14,65,55,70,88,87,30,31,10,89,13,26,44,65,15,88,33,29,57,39,91,88,63,15,41,47,23,3,9,23
27,11,90,26,38,78,93,91,45,92,79,34,69,25,62,69,89,51,90,76,68,47,82,86,80,12,5,29,14,20,42,6,25,67,45,82,78,12,10,58,24,63,94,32,79,53,15,52,4,49,12,86,62,95,93,84,27,81,20,37,24,77,26,7,29,66,44,75,86,88,15,41,91,8,67,62,28,35,25,56,47,32,20,97,61,59,73,80,45,74,20,55,10,90,70,0,38,95,38,31
18,43,76,100,73,45,25,83,54,29,41,55,20,53,21,77,73,67,18,53,83,44,99,77,51,27,96,6,91,42,37,88,84,55,9,21,55,69,57,17,16,0,65,23,34,72,90,90,11,92,68,39,88,89,12,47,40,66,84,95,32,56,71,100,52,66,82,76,59,73,69,18,93,78,81,55,24,59,42,10,1,24,31,31,15,35,66,14,87,14,5,72,59,24,16,65,46,91,61,7
46,7,81,89,51,37,1,9,31,81,79,17,49,87,5,40,93,23,87,34,20,58,81,30,44,9,81,46,38,96,8,55,18,62,52,10,32,69,65,44,55,97,51,63,53,51,10,78,24,82,24,13,56,19,42,41,43,96,27,1,92,30,32,13,11,19,11,64,73,41,11,19,54,49,63,48,14,62,24,40,25,4,100,44,18,73,84,68,14,37,65,90,0,64,9,78,17,45,4,73
67,99,64,59,63,23,59,10,41,68,74,94,27,21,61,69,54,88,17,19,12,78,64,8,28,8,47,53,5,14,60,88,8,33,21,52,31,66,87,90,1,75,98,67,20,76,36,61,15,87,10,93,88,75,77,83,77,80,91,18,50,94,50,8,100,42,84,42,10,94,80,66,99,94,6,59,56,78,43,1,20,7,20,64,49,7,77,80,89,39,72,27,19,100,86,99,66,97,53,58
17,54,67,57,15,46,62,32,36,1,76,1,1,17,81,49,94,61,99,15,21,21,17,44,79,49,76,41,82,20,27,42,42,83,90,25,20,0,24,5,27,7,15,69,89,21,71,91,62,83,35,93,96,34,13,91,34,62,97,76,74,64,18,40,84,24,60,81,79,26,2,94,35,85,10,13,9,94,49,35,20,66,38,6,91,25,27,84,87,11,70,94,27,47,100,11,80,62,41,24
53,81,34,18,73,91,67,17,61,34,42,64,90,81,58,89,24,46,20,53,69,49,50,17,33,4,41,82,37,67,32,68,99,62,4,72,31,62,93,33,57,79,48,12,72,32,78,80,44,24,81,20,71,1,71,17,53,51,76,2,53,46,33,52,99,97,88,55,14,86,64,29,85,47,97,89,2,21,72,12,87,80,76,66,31,99,64,92,56,95,22,33,29,60,12,63,42,63,3,9
9,46,32,41,94,16,16,45,56,69,16,62,38,65,66,88,21,82,21,17,61,98,15,18,46,40,37,78,11,10,77,90,54,2,93,29,69,25,20,98,45,29,2,26,32,2,12,15,23,64,99,27,60,50,1,79,99,84,45,68,6,82,76,61,34,27,92,42,36,92,31,58,13,55,21,97,53,8,37,99,46,22,19,99,41,67,61,45,50,81,18,37,0,15,45,68,42,47,54,37
83,26,18,3,98,12,97,89,95,83,75,19,24,65,11,16,36,4,26,85,68,30,25,79,89,49,4,60,100,17,59,92,1,56,88,0,15,88,18,78,25,78,59,71,79,88,96,53,65,41,45,80,10,93,13,48,57,28,92,100,17,96,82,17,59,26,31,66,80,84,15,7,8,93,71,63,65,0,96,45,38,49,72,89,44,16,98,79,34,69,9,45,55,58,100,87,30,77,20,16
17,28,0,73,29,19,75,90,2,15,64,11,38,69,32,18,19,73,79,73,80,91,86,8,67,87,13,53,86,98,51,51,80,18,62,29,35,62,1,41,56,13,39,90,63,32,35,36,62,52,69,50,100,68,31,20,99,81,14,50,71,100,10,91,1,83,62,30,3,91,20,90,45,72,57,32,94,49,86,8,73,49,6,14,82,80,79,53,16,35,61,38,70,67,82,61,58,65,54,39
29,100,17,95,44,77,64,59,87,58,89,96,62,85,51,53,70,32,21,94,64,65,30,43,28,8,40,91,38,6,38,5,71,65,0,47,3,33,24,7,42,90,92,75,18,77,11,14,65,61,28,9,93,35,13,64,83,22,7,41,45,70,51,46,7,48,12,85,46,52,49,11,69,68,59,7,88,8,54,100,54,47,31,46,17,85,75,91,33,23,21,86,93,48,91,18,77,1,32,12
19,95,71,25,10,91,11,25,51,85,66,10,36,81,4,51,67,22,99,6,81,32,27,1,12,31,51,74,16,40,70,15,26,50,17,64,42,27,39,52,16,42,85,18,52,83,10,29,10,21,74,76,74,48,33,60,40,78,62,88,28,3,59,46,100,22,59,77,24,47,48,65,43,68,16,84,31,51,9,39,29,18,48,9,73,77,44,35,23,75,96,69,34,66,13,31,86,23,37,89
24,84,19,22,18,92,76,98,43,40,99,73,79,82,31,70,77,99,96,72,92,96,53,41,59,89,11,61,23,4,48,70,75,72,90,100,51,92,46,85,89,40,6,34,11,60,72,57,17,52,99,7,90,28,8,50,74,31,100,45,82,45,17,88,42,25,21,81,36,19,20,19,99,25,84,43,68,48,83,24,76,7,63,99,94,12,20,76,66,69,8,25,6,90,88,82,49,81,60,62
62,47,39,95,3,24,91,23,76,38,48,69,69,56,38,18,93,74,37,67,34,57,71,57,95,23,45,47,78,44,57,23,41,77,91,71,22,40,71,58,10,91,57,85,52,79,30,36,14,44,88,19,44,49,18,68,24,25,63,71,38,34,62,8,82,78,7,19,96,62,29,15,36,44,53,38,50,41,95,43,65,93,19,98,2,56,83,82,96,79,38,6,21,74,57,85,87,3,22,55
67,9,32,9,14,29,32,45,71,81,48,3,66,36,20,19,54,62,36,87,55,18,92,27,40,85,99,21,64,30,14,56,90,35,74,25,99,2,8,80,29,37,50,73,32,49,6,2,93,87,99,30,15,59,59,48,84,90,23,81,61,16,35,49,15,44,49,29,30,25,19,46,64,19,0,16,44,21,22,64,7,49,90,11,75,71,58,51,68,70,17,61,39,74,90,78,43,0,16,75
74,7,32,100,27,37,56,27,76,39,9,66,48,57,80,45,17,73,62,56,54,41,19,62,11,25,72,3,100,75,93,52,3,31,53,58,17,37,10,28,50,7,100,56,25,43,15,63,43,9,100,73,2,93,25,22,91,11,64,13,37,48,52,50,90,30,40,76,19,95,1,42,8,75,37,5,60,98,37,63,26,41,79,16,82,26,84,47,86,18,83,35,36,76,94,55,60,16,100,42
15,81,8,33,38,87,9,36,85,26,51,23,23,44,56,48,27,22,54,22,6,61,29,69,44,61,37,91,48,99,26,99,31,84,65,31,59,58,26,4,40,70,3,8,80,77,81,61,61,28,82,46,62,6,51,23,21,91,55,72,44,53,30,33,66,5,93,7,62,87,86,64,31,9,83,77,31,47,94,62,41,20,38,79,42,39,84,57,5,72,0,1,78,40,44,20,55,80,78,42
24,68,86,10,60,19,30,61,4,49,21,57,54,85,86,87,46,29,5,54,7,47,24,24,83,80,28,52,71,14,11,80,55,47,9,57,70,100,34,94,50,82,35,11,88,52,67,85,83,44,11,79,11,44,15,40,31,9,93,7,81,98,64,24,82,68,55,41,79,51,16,50,12,66,12,56,17,59,56,54,22,82,51,86,2,46,43,100,34,34,23,16,23,32,51,92,25,78,16,22
83,80,53,88,4,73,36,7,15,35,29,77,45,39,47,95,21,10,23,1,73,98,96,85,31,55,48,34,86,19,88,69,28,75,59,30,14,73,55,53,15,99,100,61,88,47,92,0,73,35,54,86,7,25,32,99,31,90,59,94,47,11,54,33,36,1,32,29,70,51,21,31,89,35,59,73,10,21,2,71,75,97,16,57,31,74,58,97,89,95,2,55,76,5,78,52,79,45,31,57
78,42,82,67,23,56,35,7,27,83,49,47,12,97,23,92,47,42,65,74,81,0,93,49,35,3,73,67,70,86,13,97,88,74,80,69,100,3,25,7,56,62,86,48,16,68,3,31,30,26,64,40,22,6,46,10,15,32,26,0,61,88,9,23,27,94,90,22,84,13,29,29,61,62,58,35,78,79,7,50,57,1,1,53,69,51,69,96,93,14,22,66,94,40,82,27,52,3,67,38
13,14,47,63,90,83,6,69,25,96,73,79,97,64,4,59,11,8,42,49,69,64,31,44,13,48,57,21,23,0,96,60,12,30,30,46,1,100,28,6,52,53,42,14,37,49,67,50,44,72,47,74,100,27,36,42,54,27,17,22,58,35,53,100,5,60,100,89,19,1,48,75,80,22,69,86,30,36,24,51,94,17,28,51,34,1,14,54,1,56,28,56,72,12,4,81,41,2,19,30
95,86,79,90,56,33,34,33,1,18,94,13,79,78,89,95,10,85,79,6,38,86,1,0,7,80,46,36,72,42,99,90,82,44,49,74,54,3,88,90,35,81,42,93,33,69,68,7,55,41,97,50,89,88,89,16,90,25,1,55,91,34,65,87,81,53,71,23,20,98,68,48,72,100,48,93,82,6,24,80,25,29,73,19,19,0,71,25,93,21,42,56,78,27,15,59,48,87,80,34
45,32,86,26,92,73,73,7,2,20,68,54,75,34,83,0,37,88,17,15,49,55,69,41,44,77,92,40,24,88,16,18,54,64,91,47,26,82,59,57,17,88,79,73,20,15,54,50,55,72,51,32,56,76,24,38,47,42,64,66,66,97,56,36,23,54,51,1,59,10,98,20,13,90,28,74,56,33,70,86,6,0,88,71,76,32,8,96,11,64,56,16,11,41,12,95,63,14,54,87
34,38,19,26,52,7,20,65,100,27,17,7,21,31,78,71,48,19,77,71,5,48,42,99,81,42,82,29,46,18,79,39,48,73,3,89,88,23,24,53,98,61,13,53,46,35,88,91,14,36,91,41,89,8,63,34,89,6,93,45,50,65,86,6,62,51,22,5,29,41,85,16,57,12,2,37,35,99,28,79,7,24,26,30,84,90,12,77,9,7,31,95,21,51,63,92,65,99,32,90
3,59,6,20,50,59,17,69,41,49,30,52,36,77,94,17,16,84,57,51,85,40,44,45,82,37,5,20,71,3,59,18,13,17,0,42,84,89,19,91,54,74,77,36,49,57,62,60,82,78,16,31,94,91,5,7,37,10,21,24,83,38,86,17,68,57,29,8,16,81,68,61,78,21,24,97,27,90,47,63,18,79,61,10,32,15,54,38,10,93,8,3,70,54,68,96,0,32,33,20
73,96,8,89,29,30,36,80,10,48,51,94,78,100,48,35,4,38,5,90,82,1,53,22,48,4,60,79,20,13,81,100,67,11,44,41,12,47,67,44,41,19,14,18,28,6,20,64,86,14,62,69,68,94,94,12,10,94,98,3,44,43,71,10,53,64,73,10,36,0,51,34,15,57,88,92,2,57,17,83,23,17,80,14,73,61,75,68,6,97,31,76,29,89,47,40,49,33,60,58
42,5,74,70,79,97,64,50,80,41,47,24,48,42,5,6,63,20,60,61,34,31,51,21,71,21,92,4,47,44,46,29,65,30,85,55,78,27,90,88,61,79,31,93,6,4,72,60,79,26,18,79,7,32,11,39,55,48,77,34,67,61,5,83,66,93,92,75,88,54,44,76,25,99,92,29,58,24,51,0,68,40,15,29,13,52,44,37,57,25,52,47,28,29,41,60,40,96,84,87
67,70,87,31,34,93,6,38,19,16,73,36,2,53,60,3,12,71,7,75,83,55,22,90,52,89,12,52,56,96,69,79,16,88,67,85,85,67,34,32,62,64,68,71,14,67,24,46,5,22,62,52,66,45,62,4,27,45,81,19,36,48,94,64,85,9,27,85,58,95,52,78,84,45,94,52,62,48,82,78,4,35,10,89,22,12,49,46,49,34,90,13,60,67,29,64,1,50,32,16
22,97,51,87,65,64,4,65,7,8,31,11,96,5,17,35,51,52,100,81,13,0,30,37,44,97,60,15,100,71,19,80,27,57,27,11,50,43,83,93,27,31,69,47,32,89,25,32,26,15,28,97,79,52,3,90,99,23,14,83,73,67,53,75,43,99,16,75,81,76,12,83,42,32,98,24,0,66,7,100,80,22,14,28,79,47,63,85,28,49,98,17,53,80,24,65,62,93,46,61
4,54,65,61,8,48,57,50,68,88,2,12,97,34,38,4,55,39,66,10,66,55,11,17,89,45,54,84,41,2,65,63,21,94,25,3,16,77,14,72,84,86,75,29,73,54,89,40,17,69,13,43,75,49,84,51,9,51,81,32,51,73,85,75,37,64,98,56,80,33,47,44,71,90,48,19,29,15,48,22,2,65,71,59,93,62,40,74,5,100,30,49,38,99,28,72,40,33,8,87
55,35,38,69,52,64,80,83,25,58,35,49,83,15,37,4,32,55,51,37,74,19,54,8,98,20,99,22,94,84,43,97,34,33,14,71,68,10,19,91,6,42,60,30,94,70,41,50,27,3,58,14,96,4,63,42,11,60,89,70,35,23,97,4,55,79,50,10,89,71,52,92,23,19,49,22,70,39,98,74,20,58,56,46,48,55,28,55,90,80,59,11,52,28,73,73,51,79,52,66
5,86,91,24,12,53,14,33,72,98,2,64,0,38,86,61,35,24,70,45,78,74,9,29,61,1,19,86,75,89,46,44,96,71,2,58,83,55,2,8,41,57,37,83,2,61,54,74,30,1,30,24,53,36,71,73,24,95,7,32,81,27,73,22,31,47,37,88,63,70,14,66,21,66,36,8,8,61,0,8,99,98,69,76,25,67,95,60,99,84,3,23,91,98,28,10,36,15,53,93
70,35,87,56,4,78,0,92,4,49,52,61,38,63,80,56,60,35,60,48,24,19,75,17,8,79,30,77,4,74,52,36,2,36,18,10,13,70,41,74,87,28,46,46,50,37,45,56,57,1,84,96,78,1,42,39,34,83,16,73,38,90,62,15,6,52,23,61,91,73,17,68,54,74,33,74,100,16,21,52,91,38,45,48,28,75,5,19,86,52,88,17,69,48,89,29,86,67,86,61
11,98,12,38,94,87,27,58,53,83,56,24,77,47,19,18,91,90,76,93,31,25,86,42,11,95,39,55,4,29,60,90,63,30,26,88,43,11,56,10,97,1,80,57,8,84,86,34,70,30,79,93,10,69,84,64,31,78,0,43,87,59,98,98,53,75,84,59,81,99,11,40,86,66,35,19,94,50,30,68,56,90,11,77,73,33,88,98,6,84,82,93,41,55,18,93,5,39,34,98
45,96,64,83,51,26,51,8,14,8,19,62,74,73,55,34,38,52,4,60,77,11,59,6,75,32,95,66,46,44,56,96,84,29,22,87,7,86,67,88,73,4,40,59,94,59,4,18,43,63,31,76,64,89,51,10,72,30,40,30,37,62,85,15,49,85,58,4,96,28,64,52,47,18,45,36,91,17,68,63,99,7,35,98,2,75,11,61,100,70,76,87,50,14,6,1,10,68,50,77
81,18,83,87,42,95,98,49,25,70,84,64,37,0,56,90,81,20,89,86,46,2,78,3,71,25,23,41,88,27,66,4,68,67,4,78,18,13,81,12,83,82,59,2,82,100,75,0,69,58,57,48,41,32,75,55,86,81,0,71,51,17,49,10,57,27,81,40,1,16,35,73,35,91,100,81,17,23,93,93,56,84,5,52,30,79,31,94,26,49,35,99,89,68,17,88,92,14,98,73
31,79,85,26,23,85,48,95,12,43,46,22,66,85,100,85,59,82,13,50,95,97,0,76,5,55,58,3,22,34,35,85,49,8,88,40,53,46,68,1,97,60,7,39,60,28,38,46,24,26,10,29,80,1,78,31,51,35,20,12,96,90,47,97,50,9,9,37,39,57,21,2,1,88,32,11,18,1,77,75,34,19,19,94,86,70,83,17,13,14,60,80,51,58,58,54,74,1,31,43
55,89,0,79,55,66,0,38,29,45,27,20,62,48,38,26,1,15,10,81,71,25,79,52,81,97,47,3,85,87,97,25,67,15,4,97,25,62,44,72,21,79,25,37,18,48,73,28,22,66,99,12,78,39,69,55,72,85,90,43,97,78,74,16,21,69,28,19,5,14,64,76,17,62,98,11,39,36,61,47,53,72,95,53,74,14,9,87,45,17,52,97,33,25,70,94,25,92,19,0
98,11,88,12,60,58,42,59,54,85,38,19,95,15,65,30,91,50,31,67,42,31,97,21,61,51,57,51,53,21,34,52,99,66,51,86,41,85,81,89,31,70,21,32,57,53,70,0,95,82,33,20,65,40,66,100,91,72,3,98,56,93,64,45,27,11,22,96,76,1,12,16,54,53,35,57,35,22,23,75,37,79,46,14,70,93,37,5,33,59,82,3,52,95,33,55,79,9,100,93
32,4,49,21,53,0,58,43,49,5,37,24,60,40,67,64,43,80,97,35,49,2,95,11,14,53,42,5,3,18,82,20,90,49,92,27,84,56,25,97,97,5,80,75,62,65,1,63,84,74,24,33,59,72,70,41,52,16,8,46,45,89,42,46,39,51,9,92,80,75,67,56,17,17,95,84,62,49,80,8,45,27,59,37,90,73,99,34,28,32,34,19,90,63,2,28,19,35,16,5
32,28,82,83,66,75,89,70,95,12,49,95,6,61,67,79,98,19,78,76,12,44,13,48,87,9,28,13,69,53,13,28,71,39,56,31,13,80,30,100,28,21,44,26,81,24,99,37,16,26,48,85,0,4,21,73,35,90,14,38,78,34,11,51,58,53,30,51,73,45,78,65,66,90,13,5,51,45,81,82,76,62,92,80,86,75,17,56,82,59,21,64,6,23,71,2,98,70,17,6
49,84,67,14,94,63,41,30,5,33,41,95,42,23,74,60,53,60,58,61,60,40,82,56,17,45,100,93,90,4,20,95,98,4,0,7,14,5,60,20,78,15,62,19,5,42,34,64,5,42,100,24,69,83,94,83,56,58,53,37,56,13,10,80,54,61,36,46,46,80,85,40,97,83,57,79,55,4,67,79,39,54,30,18,52,63,65,10,6,15,54,98,70,31,25,24,43,39,34,68