47,29,12,19,50,72,80,46,78,40,85,71,84,86,48,18,56,28,21,34,89,44,21,56,24,0,24,73,13,27,27,21,59,9,22,50,85,70,97,9,76,22,77,100,97,29,7,65,63,80,34,38,98,32,87,35,65,78,88,29,12,34,41,13,37,46,14,14,68,66,92,39,51,33,9,53,28,50,66,68,25,77,17,19,59,32,36,36,85,3,93,36,29,22,12,13,26,3,47,79
27,42,58,50,5,50,57,2,15,56,64,50,27,34,38,70,87,17,8,75,43,23,29,2,73,60,57,93,52,33,11,93,57,32,64,36,72,12,45,70,42,84,6,74,2,81,91,47,80,73,71,36,38,65,4,83,15,80,70,54,55,2,93,11,71,20,89,27,81,48,57,26,12,47,54,39,43,63,31,62,99,69,21,25,48,36,90,66,93,31,86,66,27,16,95,6,68,63,96,82
46,25,83,10,79,34,50,10,62,7,40,88,32,81,38,26,31,59,34,57,39,84,40,88,88,77,16,11,71,2,5,83,91,65,67,64,88,46,10,57,1,33,13,93,31,8,28,82,4,19,71,54,65,35,66,35,4,78,50,2,7,9,52,12,34,53,87,77,90,51,79,99,93,58,74,17,19,58,27,20,68,68,85,30,34,76,65,36,46,72,5,31,49,66,93,37,97,11,79,27
63,83,82,25,80,93,32,64,13,54,36,4,24,13,36,32,64,100,99,87,96,8,14,80,96,25,87,64,95,75,30,50,53,69,1,98,14,3,50,73,10,91,73,91,4,31,5,70,17,62,27,68,49,52,91,58,51,15,20,74,87,74,73,45,95,96,1,93,2,23,89,33,99,41,39,100,52,2,46,2,91,2,53,10,35,67,11,58,81,53,15,78,2,53,61,85,10,22,44,99
41,47,66,23,45,59,77,63,31,72,72,14,16,12,4,10,66,54,4,17,85,100,72,54,14,97,61,98,22,49,7,23,49,20,57,89,88,83,45,37,66,80,15,76,97,60,6,43,66,53,26,74,12,65,40,65,94,90,50,90,42,86,96,92,22,45,44,1,43,0,48,20,84,11,90,83,89,80,94,16,54,91,38,16,85,73,1,57,91,0,41,81,31,30,35,90,32,39,12,78
13,36,9,94,34,39,45,15,12,86,55,66,90,34,53,27,4,10,61,89,40,17,45,58,81,90,71,95,59,90,23,26,47,10,21,16,2,1,20,83,78,81,79,42,70,35,66,95,95,42,75,94,81,73,81,77,18,80,55,63,72,47,74,6,69,89,0,88,81,32,76,56,32,81,89,10,68,68,97,65,82,93,60,88,3,30,36,72,62,74,11,92,91,4,4,35,42,99,43,33
66,27,60,48,89,32,61,33,61,86,73,25,65,31,43,8,76,8,31,48,71,76,82,89,11,49,87,62,67,3,1,50,18,39,35,11,75,49,41,65,87,28,14,93,79,45,55,87,54,93,87,71,49,51,95,100,91,79,98,9,55,72,45,24,17,84,67,73,30,90,3,70,100,11,24,74,38,53,28,24,44,89,36,82,81,11,82,77,73,51,51,32,55,65,3,100,71,92,4,48
74,11,46,39,65,7,34,6,45,87,51,64,8,7,42,25,5,77,21,49,68,13,63,22,22,67,49,2,8,32,52,4,90,96,63,56,70,34,100,29,47,25,36,22,95,26,21,80,53,61,89,14,4,62,91,59,94,85,74,81,77,84,57,24,0,83,49,54,82,57,80,14,58,9,69,63,30,34,65,98,37,4,16,84,11,27,11,66,95,68,75,23,36,80,59,72,98,41,51,75
33,91,38,98,41,79,23,92,77,32,80,69,45,66,6,2,55,95,68,50,18,18,71,84,80,0,89,98,54,8,55,0,85,50,3,57,58,75,88,37,44,11,6,52,17,87,1,65,90,8,29,93,30,42,23,13,59,3,37,54,48,19,80,55,18,34,21,56,65,100,87,99,28,30,48,54,9,87,13,62,93,89,34,11,81,1,19,66,13,53,42,11,4,23,36,36,66,1,82,87
37,91,75,25,81,93,3,72,2,67,6,95,88,91,46,97,11,47,36,9,90,68,35,98,65,52,52,52,69,88,66,17,75,5,16,83,59,86,26,18,32,37,76,79,93,59,80,70,30,43,96,55,8,96,55,89,71,1,61,17,26,86,25,36,80,64,80,24,43,70,29,64,55,82,53,60,78,95,54,91,39,35,87,83,54,62,48,76,40,33,88,44,68,3,45,12,18,46,56,33
58,23,41,59,43,29,72,2,41,67,53,34,1,72,77,75,93,27,2,42,43,56,41,89,85,23,73,43,91,51,4,58,36,19,89,36,45,90,42,49,34,51,28,58,42,41,13,30,5,96,12,46,49,0,73,81,6,84,39,63,42,4,75,1,59,42,51,76,32,83,1,19,79,9,58,26,97,3,56,7,23,58,1,84,99,65,77,60,5,41,95,25,29,47,40,100,14,52,29,20
27,55,6,76,73,67,7,94,43,67,25,40,85,55,50,18,86,62,91,57,63,72,23,3,86,93,76,53,73,89,58,99,52,52,84,51,21,33,28,41,80,25,34,12,14,12,48,65,7,25,27,100,73,95,36,56,29,81,75,7,63,23,2,79,57,31,57,68,40,95,44,36,61,88,48,23,85,39,86,58,25,70,57,53,85,67,76,59,50,93,84,99,8,31,9,98,30,23,22,53
95,52,31,70,60,1,35,18,16,96,5,61,55,70,97,70,21,28,57,12,76,76,83,56,67,5,29,82,49,5,95,73,34,68,76,15,5,13,12,55,2,67,11,10,50,64,36,39,99,19,70,20,98,4,7,34,27,4,5,64,46,53,37,10,4,35,78,34,83,84,42,35,13,64,74,24,84,92,37,60,100,77,47,35,43,50,96,31,30,14,4,10,53,49,88,63,27,66,43,81
48,31,90,58,69,66,30,73,23,70,93,93,35,24,69,98,41,24,49,33,43,74,63,73,19,9,91,90,22,6,54,61,60,75,92,95,11,98,64,46,20,80,59,6,23,86,71,94,55,94,71,65,33,41,10,38,81,98,52,24,98,20,85,97,77,0,31,99,67,16,35,66,30,74,3,92,13,75,97,10,11,83,9,92,11,91,27,27,61,92,74,40,13,6,58,0,86,38,9,99
44,63,16,27,21,41,8,24,86,58,75,48,30,29,83,37,20,46,64,83,48,6,8,14,62,85,16,98,6,90,5,0,25,93,68,57,86,33,16,48,13,58,58,33,6,94,3,78,94,54,98,38,61,61,9,89,13,63,89,66,31,52,73,0,36,13,22,77,49,24,54,37,49,66,77,2,80,0,1,49,2,90,65,13,78,0,4,7,56,51,58,30,65,7,64,94,66,67,69,45
8,48,45,3,50,74,76,38,10,26,81,9,42,76,37,86,98,24,59,54,96,55,74,11,23,18,1,36,68,74,80,81,9,93,41,82,99,61,74,43,97,29,84,61,34,29,3,83,19,29,21,0,56,36,73,96,21,27,24,86,7,7,52,82,34,93,54,3,45,40,49,6,66,29,20,81,18,16,41,53,62,54,97,83,44,55,72,46,46,89,77,98,2,11,46,25,16,79,69,32
80,14,58,11,71,75,16,5,64,43,64,24,54,62,12,8,31,88,98,85,22,31,57,96,27,60,54,70,72,86,38,77,84,90,83,39,40,44,21,46,46,56,79,11,86,88,50,72,7,50,39,52,83,82,21,49,54,93,79,5,68,76,34,88,24,20,80,9,66,100,11,50,51,34,8,60,37,64,82,93,25,23,51,75,81,62,11,86,75,57,74,14,10,44,91,26,33,44,79,83
39,41,34,98,8,87,17,82,41,24,42,94,52,10,85,99,38,55,49,63,60,42,43,63,66,50,50,59,77,59,94,97,33,28,0,92,44,52,82,4,17,47,19,64,18,27,71,100,10,88,53,51,57,68,12,3,93,90,46,82,78,47,63,96,85,99,81,15,50,37,25,20,59,55,40,27,95,63,23,5,43,80,16,15,28,19,70,16,28,17,73,32,66,36,3,81,68,85,57,62
65,75,98,21,34,65,0,38,2,94,92,84,35,83,88,79,94,28,5,0,30,35,63,22,81,13,42,13,29,68,23,60,59,39,18,46,74,32,55,21,67,15,21,80,13,50,43,75,17,4,93,50,13,64,9,88,10,51,58,4,22,77,2,27,47,8,77,61,23,98,49,92,57,77,83,57,42,89,11,72,51,92,61,88,71,3,6,87,60,24,57,29,89,65,37,90,63,47,49,75
28,86,20,96,84,75,24,14,83,98,10,56,79,15,89,99,76,87,10,66,100,11,39,7,38,59,30,70,71,35,0,13,30,32,71,11,39,75,6,73,97,48,57,38,54,87,86,72,59,79,69,0,21,8,96,90,3,69,39,62,79,32,56,97,5,80,99,22,51,22,97,47,17,37,86,47,33,95,34,85,15,10,27,92,10,13,73,44,100,83,21,23,48,93,44,49,11,76,49,18
90,94,33,31,75,15,51,100,86,21,28,57,32,6,92,69,48,14,59,58,80,66,81,9,11,80,11,41,23,78,22,48,99,9,11,98,100,76,43,68,59,27,24,24,59,3,18,92,86,45,83,52,89,33,3,33,29,10,73,23,80,33,34,60,35,8,9,15,17,13,42,99,1,14,67,14,60,89,23,39,95,88,92,35,61,32,56,46,12,13,49,67,61,48,81,97,36,8,58,38
32,83,39,93,77,52,91,24,86,10,98,27,50,58,85,85,24,73,24,10,58,46,91,76,42,100,54,19,22,66,58,39,11,11,75,82,45,7,70,25,95,93,15,4,34,12,37,34,76,54,91,95,66,93,24,55,12,33,21,48,21,4,54,22,45,91,93,33,35,30,85,19,98,66,91,75,75,69,91,83,95,63,73,99,9,9,62,89,89,69,47,87,28,79,22,92,25,16,64,35
53,52,34,77,16,28,30,40,60,91,79,61,89,15,28,90,58,77,78,34,24,81,27,33,43,14,67,21,29,15,24,42,59,57,49,82,63,99,46,76,67,37,41,63,21,11,84,80,78,98,73,34,89,28,27,61,16,57,41,57,77,14,48,1,91,52,70,77,29,0,46,85,15,19,85,12,57,31,41,67,95,34,59,33,75,25,43,14,11,19,79,90,62,48,42,66,27,52,56,37
19,52,93,13,3,86,1,72,80,7,94,63,100,88,78,44,16,87,90,5,65,67,42,53,24,21,45,9,95,78,19,90,8,17,76,26,86,22,63,33,64,26,9,80,39,78,26,12,93,18,77,76,67,42,51,95,74,74,33,28,66,28,69,70,19,59,71,59,59,70,36,87,44,50,9,12,60,43,34,83,29,22,27,52,78,74,4,48,21,78,59,19,79,99,23,35,55,95,95,73
34,94,71,49,79,31,55,39,25,19,96,47,53,6,74,3,23,92,59,26,33,97,61,34,38,57,81,17,78,90,47,51,22,37,95,92,17,71,1,79,0,84,73,69,10,74,95,7,73,91,9,68,55,16,36,12,18,43,48,88,30,98,55,40,55,84,64,2,82,60,80,39,92,0,87,100,61,22,87,96,92,3,71,41,77,33,87,0,21,76,23,51,60,52,75,62,41,24,33,40
31,92,11,43,32,13,98,61,21,30,8,12,4,9,93,34,61,31,0,34,71,29,1,24,98,83,74,44,7,56,67,25,87,64,25,60,7,1,92,13,45,31,83,70,9,48,75,19,81,36,83,40,17,80,70,97,57,29,71,2,64,13,30,46,16,20,41,44,78,80,26,14,15,49,59,1,54,45,14,47,48,51,11,16,97,8,21,16,57,10,61,25,30,88,87,46,16,72,35,40
89,87,13,14,58,91,89,85,97,27,78,84,8,65,9,72,64,49,63,56,81,0,70,65,33,78,85,74,7,13,21,28,85,51,0,41,61,40,80,64,96,63,88,6,50,94,53,29,55,10,16,7,42,18,77,3,48,79,2,28,6,81,70,47,92,24,64,2,9,41,78,55,52,76,26,58,86,29,33,43,63,8,68,95,47,70,76,39,48,76,79,43,77,22,69,67,90,29,60,7
98,40,42,78,14,24,78,99,38,87,19,32,41,55,19,55,26,72,12,83,100,26,78,16,51,40,3,54,61,0,87,43,65,50,15,67,97,80,44,94,55,76,77,89,72,17,13,42,80,19,10,91,25,2,36,10,67,4,57,60,1,94,17,29,30,86,64,34,92,27,2,83,24,43,18,48,90,15,67,30,95,26,55,10,23,32,66,16,2,87,51,99,97,77,25,38,5,22,83,39
61,81,46,55,45,84,42,27,0,33,16,78,13,82,9,16,6,1,67,60,90,16,88,69,48,5,16,16,73,50,11,83,50,59,37,91,93,16,52,6,10,56,65,70,3,31,32,34,53,52,29,17,17,11,4,93,20,40,78,3,23,76,11,49,35,65,86,81,5,17,2,78,95,67,92,55,77,56,3,54,25,93,41,82,89,24,80,56,98,67,32,66,74,14,7,42,2,36,45,42
62,9,28,75,62,86,59,7,86,76,52,77,14,43,4,36,26,36,75,26,91,18,93,63,48,8,52,54,28,61,40,27,53,44,18,43,6,33,87,80,14,1,55,21,30,12,52,35,93,98,49,33,83,89,39,12,50,84,47,35,20,28,92,99,38,50,71,89,34,31,18,77,75,21,1,11,37,41,59,9,66,19,3,63,24,84,22,50,70,91,97,81,45,65,4,94,36,7,61,6
58,48,63,73,50,54,37,55,65,22,7,92,28,72,66,13,83,75,22,28,18,92,29,83,52,20,86,79,59,20,67,3,94,67,56,19,94,13,94,37,82,20,93,98,54,22,50,72,15,50,64,47,87,14,78,58,90,26,15,52,51,13,72,91,7,59,35,28,33,50,30,6,85,87,58,42,94,47,13,71,33,99,39,10,86,75,72,69,23,25,80,19,12,62,28,58,45,96,84,2
18,18,56,82,96,98,93,88,90,47,73,12,65,50,71,98,86,72,75,81,13,83,34,72,99,44,58,2,100,96,24,40,99,36,6,22,0,23,47,44,47,97,10,3,52,56,74,71,25,43,80,68,85,61,57,23,45,26,80,88,61,16,10,93,85,92,30,29,73,45,62,41,63,30,99,86,32,91,35,23,82,74,0,80,42,17,13,58,94,50,99,33,82,68,66,10,67,17,74,34
92,39,42,89,63,90,50,40,6,31,94,89,93,73,36,59,39,20,42,39,75,47,99,88,86,69,35,43,7,88,37,92,69,84,89,9,40,17,12,22,62,70,2,28,19,5,63,7,58,60,97,42,29,36,85,79,81,91,91,90,8,20,45,83,58,70,16,18,10,53,86,63,39,68,6,11,5,60,97,59,68,61,14,58,38,67,96,38,36,48,46,41,100,70,14,1,68,68,76,80
76,66,83,91,54,56,72,43,14,99,90,96,24,81,2,70,51,23,19,36,29,24,92,9,14,13,11,34,90,26,54,86,98,29,44,16,17,33,78,30,81,90,98,42,23,68,33,51,61,71,77,86,61,42,55,22,89,69,48,21,30,2,57,30,48,99,33,87,69,51,6,12,64,76,13,56,46,66,66,71,85,32,41,55,33,35,23,27,25,68,63,20,13,98,60,27,90,9,63,42
14,48,41,21,90,52,3,10,70,23,94,23,50,52,24,29,16,91,20,65,34,80,99,28,79,46,93,33,61,34,79,10,86,69,88,57,95,41,67,87,36,14,85,49,95,78,33,68,44,64,39,80,42,6,23,4,82,47,22,7,50,54,98,50,48,30,100,26,6,19,43,30,71,70,48,88,88,26,28,5,45,12,10,97,30,13,4,73,100,55,94,28,44,72,48,100,74,64,85,96
17,5,88,2,98,3,1,97,3,100,98,80,65,32,36,21,19,29,38,42,17,44,42,41,24,53,21,26,98,27,47,6,26,64,91,5,54,70,41,64,58,49,11,87,98,80,78,34,63,0,52,94,63,61,0,71,39,18,3,94,70,2,45,8,67,60,35,22,61,25,11,33,24,61,43,52,35,64,46,23,23,44,2,28,76,78,24,75,38,49,7,53,25,8,28,31,70,52,22,0
55,6,2,18,1,2,42,75,1,76,62,17,22,6,59,44,7,88,28,23,93,8,32,6,77,88,72,74,20,26,5,100,42,93,79,15,1,7,87,24,30,9,19,34,19,51,48,64,90,34,67,46,70,67,94,98,34,94,98,58,89,100,100,72,18,90,3,86,34,53,2,11,39,44,88,63,57,52,99,88,52,73,16,89,86,5,75,2,92,75,76,92,20,4,35,94,27,51,30,64
53,80,11,20,90,87,92,33,56,44,80,92,99,11,50,42,16,35,1,54,14,51,11,63,14,84,98,56,95,51,50,45,54,27,3,59,61,84,32,2,92,82,99,55,54,62,60,19,71,39,23,50,98,8,71,21,79,90,21,34,7,11,64,65,82,13,53,84,34,85,78,5,38,82,88,19,21,94,7,34,72,10,11,24,13,22,42,7,50,32,78,1,10,24,82,75,67,3,79,65
42,42,6,75,58,36,9,83,55,65,58,11,10,65,85,47,77,59,71,19,84,44,50,57,75,4,67,6,67,35,93,68,75,15,68,76,75,19,78,58,51,11,74,39,6,18,81,29,96,81,48,75,32,90,13,80,43,7,68,100,29,95,69,35,21,50,17,30,4,69,93,12,87,14,69,50,43,78,42,41,6,10,51,14,98,20,36,22,84,24,99,50,43,51,50,44,82,17,53,75
16,72,71,27,83,50,25,96,45,84,13,50,36,39,39,23,32,83,46,41,55,6,7,10,31,65,9,50,57,55,29,23,57,24,52,63,26,74,14,26,8,45,99,85,19,67,75,80,53,56,89,37,35,97,29,72,95,81,68,44,51,20,11,83,17,54,46,71,83,60,20,88,98,3,30,71,48,83,71,8,60,93,15,57,68,0,79,54,66,79,85,32,43,28,43,42,10,80,100,71
85,56,62,75,1,66,71,92,68,33,30,94,96,24,35,16,9,90,36,39,48,34,11,24,62,81,25,8,87,38,86,68,93,26,65,40,67,80,88,25,62,75,66,29,77,36,99,25,73,62,80,77,46,74,88,37,1,12,3,83,50,82,44,65,34,57,16,94,64,80,4,54,62,91,27,4,14,41,98,45,11,0,22,62,53,39,42,90,55,30,11,86,21,41,64,23,64,73,35,19
98,68,80,67,78,78,21,49,5,54,22,34,8,70,71,44,39,66,64,40,57,23,46,86,26,38,41,49,86,25,56,74,8,26,24,49,87,72,21,90,70,44,93,30,35,66,6,71,55,37,30,90,95,83,53,94,56,33,42,62,93,78,86,63,65,49,37,71,34,56,93,6,74,99,28,89,18,7,54,77,18,49,48,9,74,82,0,16,30,78,57,55,89,62,53,72,9,41,64,87
1,8,14,91,62,61,18,1,29,30,97,26,6,22,50,96,11,98,4,98,81,70,13,48,71,6,60,48,2,32,25,88,74,43,50,82,37,13,24,58,71,62,31,93,52,4,24,100,67,8,14,29,28,0,66,25,0,71,90,48,72,41,74,99,98,23,76,22,65,0,74,92,17,3,5,84,46,90,35,40,31,52,10,25,58,67,93,32,16,84,18,92,37,57,86,38,54,21,31,59
13,79,19,95,60,9,86,90,65,100,10,35,61,41,53,52,49,82,72,68,56,97,60,88,17,65,95,72,11,58,98,63,76,32,12,19,55,54,25,92,2,76,35,68,10,83,2,62,56,2,7,53,58,86,18,11,15,67,7,50,15,49,17,43,23,92,79,47,44,22,14,95,32,53,89,86,45,11,89,29,12,8,87,55,18,74,84,26,64,79,73,17,72,90,25,22,24,66,27,23
88,43,66,45,24,70,56,27,68,33,99,19,70,38,23,10,85,9,78,35,93,64,43,78,48,10,48,77,90,7,38,48,80,32,56,82,80,73,48,22,30,88,18,24,8,26,37,100,61,26,7,31,63,70,93,15,3,57,36,26,67,20,54,82,83,26,94,86,18,29,24,9,38,67,67,96,86,60,83,69,85,52,46,94,48,25,10,69,52,4,74,46,5,74,39,47,41,14,21,44
12,76,5,97,89,97,96,37,70,12,13,72,89,65,52,42,52,76,63,59,57,76,18,63,89,57,72,41,25,50,41,38,79,38,8,39,48,54,56,19,87,73,33,36,52,100,20,51,51,82,90,23,76,26,46,34,80,76,50,11,20,63,64,4,48,83,5,56,39,36,94,18,43,50,99,37,96,44,27,40,69,80,74,26,62,64,66,19,85,12,5,93,52,28,49,81,6,24,36,32
8,21,88,58,1,71,99,100,90,82,14,62,88,86,30,75,69,94,15,52,8,3,51,41,70,85,93,39,59,99,38,86,42,24,90,57,35,17,18,22,77,85,16,84,54,2,80,78,70,80,76,68,79,39,19,22,67,64,82,24,27,95,72,43,74,26,61,33,68,12,17,7,64,81,85,31,50,94,100,63,36,73,88,43,87,24,80,72,96,86,52,61,68,80,10,53,16,95,46,51
40,70,45,19,43,37,95,54,68,37,30,57,54,97,92,9,75,90,14,75,0,31,84,28,76,66,98,45,17,52,98,8,26,60,41,54,99,79,91,72,29,69,87,94,96,30,31,12,56,42,78,53,0,38,89,63,75,82,26,82,93,14,11,51,7,24,91,17,61,58,61,21,5,17,4,39,55,5,3,57,87,61,35,2,11,63,2,42,42,16,15,12,72,48,45,95,45,16,40,35
100,90,53,61,87,54,86,73,72,53,10,34,69,67,20,95,86,61,42,11,59,33,72,33,82,77,69,23,89,88,70,20,34,95,82,52,98,70,40,63,14,31,59,73,84,54,88,53,18,47,86,28,72,65,35,86,97,47,94,13,13,59,79,24,89,26,39,72,30,7,51,59,37,16,77,83,71,24,27,38,39,27,24,13,41,68,80,12,50,83,59,15,90,59,14,67,20,28,16,31
71,71,89,35,79,40,76,85,28,67,38,27,24,8,48,98,50,62,75,7,61,85,70,35,97,91,96,50,90,73,71,91,33,11,34,58,39,39,15,74,1,79,97,75,11,11,80,83,43,45,59,72,98,63,71,54,87,23,95,74,55,64,78,18,16,22,0,51,49,1,56,17,80,78,35,83,91,18,48,77,90,51,20,42,0,71,39,84,99,9,56,3,6,93,3,94,59,15,53,52
25,9,80,31,91,4,92,73,49,87,18,60,72,80,1,91,53,78,49,35,8,24,62,26,35,61,4,48,18,37,57,68,77,34,74,90,63,26,25,60,20,53,2,36,12,6,55,41,81,7,62,55,93,62,44,43,70,44,3,0,74,53,92,21,91,18,19,5,57,49,70,51,65,44,69,90,97,7,61,0,5,27,94,3,94,82,8,7,93,53,9,84,53,62,80,80,81,66,3,98
39,75,58,46,39,12,21,36,51,1,89,87,36,72,59,1,59,76,46,50,51,45,28,98,86,76,29,75,37,72,52,83,92,40,27,59,6,46,63,16,15,92,36,14,77,57,65,66,25,67,97,63,38,79,39,18,32,59,96,90,79,15,50,24,7,51,6,31,29,65,43,96,77,81,85,81,22,32,98,81,82,32,79,41,21,66,22,77,7,16,21,30,25,3,18,98,46,27,100,26
81,37,7,89,1,73,68,63,47,94,84,19,7,19,69,68,80,88,52,6,64,47,66,85,72,0,92,41,87,56,58,15,21,91,62,95,61,93,57,75,59,75,88,70,85,65,85,3,95,21,64,30,27,24,76,100,73,57,59,51,37,32,5,85,47,21,90,8,20,54,4,41,12,88,16,39,26,70,69,2,76,60,37,48,19,27,65,87,49,64,43,94,71,49,87,48,22,18,62,52
66,76,37,82,35,53,70,78,17,98,8,76,40,24,47,58,34,24,41,87,80,47,76,95,21,38,98,40,8,6,77,79,91,5,99,10,68,42,95,48,28,27,12,41,52,42,84,15,55,55,19,49,47,48,16,29,19,1,88,10,29,76,89,72,50,82,12,72,23,49,9,21,66,72,2,3,49,24,44,89,56,68,35,33,64,43,66,60,82,62,10,5,77,91,2,70,98,68,14,90
80,37,82,75,98,65,78,36,78,23,23,43,12,72,36,14,42,47,80,67,56,46,7,96,61,93,96,21,94,78,59,66,47,85,21,85,38,53,37,69,11,46,41,85,25,95,75,96,44,8,67,56,36,63,6,56,85,42,5,30,0,29,4,1,24,53,67,14,17,23,56,55,18,21,47,33,12,11,69,65,16,46,86,66,82,53,51,98,63,85,2,72,42,43,89,59,78,78,43,23
76,49,35,100,6,89,5,95,84,91,78,60,19,67,90,56,33,79,25,74,98,81,50,21,62,31,52,87,48,84,9,19,79,76,72,67,47,97,97,36,81,36,41,54,95,77,89,15,96,91,24,20,67,24,59,40,68,6,74,23,17,70,49,0,49,7,65,86,35,97,17,40,47,63,12,71,40,62,65,71,39,72,12,61,42,62,1,69,18,76,30,67,72,91,1,20,81,34,93,55
80,54,97,5,35,8,56,18,25,2,19,23,1,65,79,81,66,36,14,63,32,9,17,57,69,12,71,32,11,72,43,89,9,74,94,39,63,3,67,82,66,88,28,17,30,93,24,35,89,57,24,81,86,40,68,33,88,41,62,34,13,68,50,55,17,97,9,40,6,62,1,86,94,74,19,36,4,6,58,78,60,45,35,64,55,85,56,87,1,62,89,67,9,35,38,82,31,72,4,66
96,39,48,47,66,63,61,82,37,18,78,84,44,31,21,82,58,24,37,92,33,51,42,64,94,44,59,67,55,22,25,75,91,68,71,3,33,14,91,21,11,82,65,46,10,79,2,87,83,52,63,79,2,64,32,76,48,51,48,98,41,100,6,65,43,18,27,64,24,6,79,98,63,40,66,65,3,18,82,71,52,48,45,14,4,15,44,100,24,73,100,71,13,37,46,77,3,33,5,41
67,4,85,33,67,55,32,20,20,28,21,65,21,53,54,97,76,68,89,1,39,9,55,13,36,5,84,74,92,50,30,86,23,74,0,31,60,73,66,97,58,36,65,6,37,98,1,0,9,75,6,0,57,60,100,74,16,10,99,13,69,69,87,92,17,91,29,30,16,86,59,49,84,53,64,79,63,5,35,71,15,10,77,51,26,19,68,33,50,85,18,81,96,63,43,81,99,33,90,93
79,37,12,4,69,56,59,26,65,93,4,60,48,77,80,75,34,7,36,20,72,44,98,71,16,74,23,0,69,89,83,81,98,97,7,4,38,68,54,0,15,57,96,60,15,83,63,7,45,2,29,78,12,98,15,96,1,56,80,27,77,64,36,22,84,39,68,61,48,57,1,29,61,41,6,53,35,55,76,69,72,86,79,82,78,36,35,60,34,70,18,81,26,12,51,39,52,84,46,19
99,55,59,70,98,99,64,63,88,93,72,54,29,48,13,85,7,88,47,98,66,25,14,85,75,48,15,57,29,45,0,56,67,15,80,23,44,42,60,2,99,96,41,44,84,21,68,99,22,7,34,73,49,24,1,28,28,73,82,88,13,47,20,92,51,15,52,28,78,67,60,2,76,30,92,31,14,8,23,55,20,50,26,90,75,56,4,39,69,38,72,91,68,56,48,68,37,11,5,38
92,55,12,60,36,48,16,45,80,54,47,41,98,93,91,58,61,79,23,36,86,58,91,27,71,12,52,30,44,78,11,77,54,1,32,39,22,42,8,34,21,55,23,81,90,23,14,10,1,71,69,43,18,20,11,75,12,88,8,51,71,95,90,84,7,20,70,66,5,76,0,59,16,99,96,58,32,58,49,76,32,54,67,61,37,79,96,78,84,82,61,79,92,57,51,73,47,85,8,20
24,12,81,80,66,73,10,81,86,6,85,77,38,72,4,32,26,18,51,16,97,91,10,44,3,3,19,27,52,66,90,66,19,62,56,26,76,24,66,34,45,15,75,98,90,69,73,22,91,48,69,18,15,49,4,38,47,92,57,4,6,83,89,39,13,65,2,30,16,43,8,27,23,60,54,4,12,92,33,63,45,43,13,52,80,54,2,50,37,75,37,84,2,23,53,92,96,67,1,47
1,96,98,33,20,9,90,85,28,18,88,76,99,18,33,18,92,97,26,99,66,85,83,50,91,60,98,92,6,31,85,93,8,41,31,89,16,84,37,36,71,97,26,15,83,82,53,99,5,28,96,19,9,5,90,80,83,17,22,44,87,0,1,7,71,89,87,5,34,26,75,84,90,22,93,21,53,15,72,75,39,9,32,94,54,21,64,57,25,100,29,51,46,6,57,3,97,0,71,61
86,43,9,91,21,52,32,39,13,50,7,60,97,61,44,43,18,91,27,72,2,74,88,97,77,39,73,6,27,24,23,79,4,81,11,99,83,60,74,50,100,77,13,25,72,99,81,13,85,31,55,31,84,90,65,58,73,8,63,24,19,55,39,47,67,13,22,92,60,32,75,40,78,96,94,64,73,91,44,92,52,20,63,61,23,0,34,39,35,98,28,18,95,34,86,59,5,49,66,30
11,12,52,6,69,42,66,37,93,95,87,37,63,55,74,2,99,40,63,70,37,37,82,66,46,38,48,18,60,32,68,41,19,59,38,25,60,31,85,66,59,95,15,84,95,76,74,6,59,78,20,15,79,85,47,92,84,90,91,48,65,87,25,67,99,10,61,23,54,70,96,34,80,45,90,15,59,90,94,100,2,54,58,20,10,75,50,70,74,6,25,11,43,20,69,14,38,77,4,43
9,17,79,77,43,35,4,21,46,98,34,83,14,31,60,9,5,0,43,90,67,57,42,13,62,70,12,58,40,63,61,33,4,60,37,63,5,12,5,19,99,84,76,19,34,46,9,74,4,28,48,26,67,18,58,3,6,84,13,28,74,2,57,76,78,48,23,94,38,99,100,76,23,37,37,73,49,39,16,17,67,3,81,76,23,35,74,1,8,21,60,98,82,68,20,31,70,91,27,66
64,83,32,69,43,60,99,51,31,54,22,71,40,37,71,42,99,73,58,73,87,49,21,26,73,14,30,42,67,95,59,19,11,0,98,34,66,63,8,76,81,35,13,62,34,56,4,96,32,46,43,49,44,70,3,51,5,60,56,36,51,63,79,30,0,63,48,32,11,9,30,15,38,65,17,43,8,12,75,22,66,55,68,56,56,49,44,28,23,52,45,69,20,70,21,99,90,28,82,81
37,47,21,63,70,82,4,30,33,77,14,66,1,62,19,27,18,70,25,6,20,80,97,21,88,27,39,66,53,9,59,41,62,47,50,10,4,29,22,27,84,82,16,20,99,79,3,60,21,60,25,41,12,74,39,91,9,65,96,7,80,54,34,10,68,83,67,85,54,67,26,3,27,1,48,55,51,46,92,74,94,17,98,16,34,52,16,78,8,85,58,82,11,35,15,34,89,31,61,74
29,78,5,94,98,27,14,91,25,96,33,26,2,89,9,93,0,57,98,46,34,13,57,92,69,13,93,50,13,10,0,85,78,73,59,62,69,93,62,2,99,84,94,89,48,13,48,10,51,12,59,95,80,12,98,69,88,87,31,63,37,93,41,28,54,17,87,82,100,97,68,25,63,70,54,36,56,88,48,16,98,68,46,77,8,59,21,86,96,0,32,8,85,86,4,24,5,80,50,16
68,66,71,62,82,9,74,17,83,36,39,37,14,1,59,89,69,50,81,78,44,27,51,40,58,39,37,21,66,53,35,77,97,6,79,6,52,42,31,1,9,70,57,32,94,66,86,84,62,3,43,15,73,80,56,53,82,59,5,57,88,2,25,36,60,55,73,64,80,72,7,5,91,58,53,6,94,16,85,33,89,0,44,38,42,95,63,58,37,50,8,48,12,64,76,24,1,56,71,54
26,88,81,67,16,27,99,1,26,58,44,74,5,44,70,41,37,86,52,43,15,46,5,36,17,86,35,17,11,70,50,84,55,46,32,31,100,46,82,61,7,31,37,52,98,87,42,37,40,42,32,56,39,76,19,81,93,78,42,15,49,0,97,87,54,67,18,0,91,75,23,9,27,23,22,41,51,50,24,22,78,85,69,89,51,48,1,40,9,86,89,66,57,81,33,7,16,64,9,45
82,5,56,72,11,60,66,48,3,65,41,24,78,43,76,40,98,54,19,50,98,58,41,48,45,79,33,94,45,16,44,72,89,19,33,91,46,97,4,31,17,67,77,5,89,45,89,89,81,12,70,91,23,64,69,81,95,60,91,3,67,17,100,92,39,31,18,26,21,14,36,47,77,47,27,29,40,14,82,32,54,50,8,25,35,36,46,19,18,5,30,75,26,32,12,34,89,76,81,42
10,0,72,51,45,20,63,63,52,37,41,33,67,86,42,60,43,92,73,95,90,80,30,41,2,9,99,21,0,41,16,45,51,8,2,68,29,33,43,4,49,100,19,95,9,78,50,72,13,41,9,82,14,12,22,49,16,32,26,90,59,21,92,59,91,46,100,91,14,2,42,19,94,22,26,55,87,97,54,87,63,19,11,74,49,9,45,5,4,50,16,55,82,58,93,51,58,60,24,34
42,20,30,15,0,93,22,86,22,91,43,48,18,39,77,3,10,4,27,56,30,59,33,73,78,10,6,58,16,63,17,1,70,10,35,44,26,3,51,51,23,14,8,80,94,82,37,75,8,47,21,64,62,66,74,17,89,3,60,7,31,67,7,88,53,46,69,36,49,78,11,69,36,27,36,48,67,32,50,77,65,10,0,40,55,89,64,47,57,11,91,60,9,6,84,66,82,100,89,92
37,75,91,80,77,51,82,1,51,37,66,41,81,72,9,93,85,72,28,38,7,1,42,12,37,49,47,85,19,30,11,27,19,45,38,99,82,92,100,40,36,74,56,70,67,36,62,31,79,42,74,51,46,35,22,100,54,56,97,63,46,90,6,83,11,85,44,98,90,40,55,81,96,65,74,63,57,13,70,76,14,17,29,98,12,38,5,77,53,19,42,49,39,69,8,73,95,73,75,1
42,56,23,47,53,44,18,18,8,2,79,34,20,82,37,41,55,60,45,42,9,86,76,37,59,28,100,13,38,24,92,99,72,34,48,93,28,60,45,45,5,88,31,97,65,14,17,26,77,21,52,55,94,21,84,7,11,43,81,22,81,73,77,99,82,3,90,84,51,85,49,67,85,20,45,27,63,68,25,24,53,23,24,57,93,8,83,2,79,65,0,13,52,93,2,57,81,7,20,57
97,3,41,70,30,47,93,56,83,66,58,3,49,39,80,20,77,90,90,65,80,27,0,75,16,33,43,100,30,34,20,67,1,79,17,42,6,93,53,37,54,86,65,72,25,23,100,58,89,61,37,57,10,11,16,18,76,96,15,80,28,17,73,17,2,63,3,80,33,12,55,80,25,49,6,76,7,60,77,52,70,82,42,90,24,77,3,53,93,83,62,52,1,41,66,24,67,24,11,34
4,7,54,82,77,42,18,29,19,77,77,65,39,83,38,26,91,13,98,55,12,51,88,98,80,13,80,11,47,27,59,89,79,29,21,23,6,67,0,18,70,61,40,39,6,70,53,13,25,0,67,33,83,51,96,48,79,61,21,9,13,63,26,13,58,8,25,93,17,35,8,40,91,59,100,82,83,1,72,40,100,33,0,46,10,0,11,29,59,82,74,86,22,13,52,60,58,71,24,78
19,94,42,56,22,52,54,65,84,60,33,87,89,33,16,22,55,50,16,5,36,42,43,32,6,42,36,91,41,2,52,60,59,25,54,27,99,27,55,92,50,7,34,94,74,53,41,63,83,14,84,1,63,98,13,65,25,58,39,87,22,1,95,96,92,89,24,52,51,75,67,56,22,77,9,31,88,73,95,54,81,43,30,84,69,37,88,80,34,29,14,15,42,63,77,69,80,2,89,28
44,63,67,49,93,80,8,74,72,42,99,18,95,26,73,11,13,86,8,55,57,25,52,29,11,12,31,73,100,73,40,37,87,19,43,24,63,67,72,27,0,93,33,84,23,4,99,89,43,69,14,3,73,58,40,49,87,84,60,45,3,54,79,67,93,69,59,97,52,43,47,74,77,52,4,69,44,17,36,79,94,71,98,27,81,76,76,78,5,25,57,38,46,43,84,18,81,10,89,92
2,94,34,48,24,13,57,20,10,74,90,13,27,80,86,55,58,58,12,9,51,8,85,35,85,42,18,50,51,98,82,25,63,13,66,31,67,40,37,45,58,22,38,4,44,65,17,28,14,8,76,82,16,80,47,0,43,50,91,41,53,43,84,13,19,79,66,72,0,30,49,71,79,49,9,43,96,53,95,71,45,81,69,51,0,29,52,89,8,51,79,18,16,7,31,52,19,75,23,37
74,85,49,83,46,35,63,65,30,92,97,85,97,32,2,17,9,25,0,29,33,2,3,9,38,87,51,46,39,83,55,10,41,20,89,89,26,22,84,60,40,70,36,68,77,63,75,39,83,42,77,21,43,15,98,89,9,92,12,25,70,45,83,74,47,30,27,9,81,63,75,2,39,100,55,36,90,42,93,24,26,22,49,25,11,39,13,36,92,98,78,15,58,56,4,29,32,55,64,8
57,15,50,95,48,87,11,6,97,68,82,82,12,73,16,38,91,11,52,3,63,13,39,14,60,86,52,28,17,49,49,55,4,72,7,86,13,59,10,92,61,47,55,8,28,15,92,75,84,2,78,78,75,92,66,19,65,98,15,15,87,85,50,58,4,68,76,38,63,92,46,34,93,49,96,59,37,13,6,55,10,71,59,83,26,62,63,30,41,0,45,91,37,15,80,7,18,58,80,26
60,98,19,78,78,78,8,99,43,51,93,70,22,42,60,76,73,96,64,12,79,99,81,6,60,45,48,11,93,60,95,10,60,12,19,33,95,51,61,87,17,94,94,24,63,70,91,55,86,94,59,29,95,34,89,96,58,52,88,34,69,44,40,24,20,45,4,91,94,42,31,33,52,74,55,67,71,100,61,50,96,35,36,48,92,92,27,99,47,0,56,28,77,47,15,10,80,10,51,88
32,86,4,15,99,29,46,42,34,8,36,83,78,44,22,82,56,81,27,4,71,21,4,66,34,75,67,68,52,82,22,92,84,27,76,26,57,55,67,39,14,25,77,82,95,91,22,99,31,81,6,32,91,48,96,2,14,5,95,88,55,5,76,19,20,51,34,51,62,66,56,74,17,58,4,45,16,24,4,21,24,83,100,23,19,12,27,56,46,84,85,40,96,57,80,27,17,10,58,46
1,99,32,39,51,27,8,18,3,31,61,48,99,53,18,51,28,40,80,72,13,2,23,42,48,48,53,35,7,1,51,22,19,39,48,87,58,19,19,12,10,94,5,61,24,33,48,0,17,52,19,78,32,59,55,59,77,30,46,71,88,15,22,67,16,23,47,57,87,86,12,71,16,46,81,100,42,69,11,87,72,21,1,63,28,49,0,65,14,13,17,44,46,87,49,15,4,86,47,17
77,38,82,98,51,5,35,22,2,16,18,78,59,49,73,27,28,55,16,67,65,91,47,22,36,18,40,48,66,34,30,74,80,17,57,58,72,9,29,69,47,69,15,1,1,89,27,88,11,61,0,27,93,89,60,47,29,38,29,2,57,0,96,26,15,80,19,66,67,79,95,10,72,7,45,16,66,95,46,78,77,95,29,32,33,80,64,53,26,63,44,57,4,80,35,88,42,39,48,67
19,82,92,31,27,33,39,39,56,8,28,68,45,57,2,14,96,59,37,29,40,46,21,23,77,45,90,93,33,65,63,98,81,53,10,3,42,70,13,73,34,43,38,64,48,53,55,10,75,98,87,75,27,81,20,99,22,59,22,25,32,8,91,73,1,54,94,39,43,77,10,92,48,45,9,97,35,14,96,73,2,34,20,52,52,38,13,54,82,88,43,8,19,21,39,60,78,18,20,84
99,25,46,20,43,76,23,47,87,90,56,5,48,28,68,23,38,17,12,20,18,32,78,51,89,27,21,34,45,84,60,98,80,46,9,93,91,19,3,89,60,82,26,69,70,76,26,21,21,34,11,47,77,24,0,26,27,68,57,59,65,94,52,47,14,18,43,96,79,88,27,73,82,2,59,60,76,77,89,86,50,98,71,38,29,65,76,85,83,99,82,71,95,99,68,11,79,97,1,47
70,29,45,23,89,100,32,17,33,26,20,41,97,97,93,87,35,80,20,85,78,14,81,8,44,26,49,95,67,35,43,69,15,13,39,41,61,5,80,35,41,78,34,94,11,75,61,43,78,60,75,35,99,40,95,62,19,79,3,74,77,75,12,12,8,100,19,65,63,84,11,75,88,49,61,21,27,36,38,80,93,8,7,34,26,24,33,92,80,96,51,29,15,99,99,21,42,61,20,22
23,57,76,50,43,7,52,55,5,42,45,6,82,20,8,10,7,23,74,25,49,43,86,27,98,96,67,10,4,68,79,26,64,7,4,16,61,1,66,67,90,37,49,0,48,8,83,79,4,60,87,20,82,33,84,1,68,100,6,12,9,1,69,66,81,13,98,39,72,72,24,75,37,21,89,53,96,56,76,31,8,11,93,46,32,10,89,81,18,68,11,96,14,43,43,15,35,96,2,96
87,67,29,98,25,81,89,74,15,9,53,88,44,97,84,17,85,68,39,77,9,0,55,27,22,41,22,11,17,15,95,100,29,67,31,89,82,40,14,29,73,37,45,52,97,67,74,26,40,93,64,50,24,94,94,8,97,84,28,4,71,4,51,43,57,38,92,83,59,7,52,95,96,89,60,82,65,47,22,68,2,34,65,89,8,84,49,45,87,71,51,14,1,60,8,79,100,86,69,28
79,11,70,77,0,2,96,85,1,22,19,100,97,58,33,36,2,66,97,37,89,25,1,57,11,0,30,22,48,27,30,13,5,88,87,9,34,88,20,66,67,46,91,18,40,13,46,19,88,43,77,66,84,36,92,6,100,15,63,75,87,32,28,80,54,41,89,57,30,46,4,28,98,41,35,71,78,44,55,12,33,35,67,39,9,8,60,37,70,6,94,72,46,15,84,51,4,25,89,9
81,82,27,7,26,7,68,96,25,49,53,80,34,43,4,42,97,96,44,3,52,58,34,56,76,36,59,53,75,90,19,83,16,30,13,15,42,14,95,62,26,47,51,85,4,64,50,34,31,94,96,42,9,29,34,47,1,64,53,59,67,6,48,17,13,86,34,49,45,25,66,12,93,94,60,74,82,23,39,48,41,97,100,91,18,15,69,17,27,11,77,27,42,22,61,77,10,20,80,7
18,93,85,86,53,12,37,69,15,29,70,58,40,28,22,15,13,42,26,12,33,24,41,16,20,2,25,8,60,85,56,100,18,27,63,30,4,95,72,80,79,16,92,56,74,25,18,74,45,42,23,6,20,7,81,39,61,55,19,21,39,28,53,41,43,70,19,47,54,8,36,39,52,65,87,37,46,65,78,98,26,40,41,81,14,68,28,86,26,84,22,50,57,85,29,28,14,96,75,75
12,16,87,27,13,28,76,8,70,22,85,62,30,9,71,53,58,4,88,51,68,46,56,34,9,38,8,28,4,41,20,21,16,6,87,24,74,88,2,92,21,83,1,6,95,18,68,76,96,47,81,51,80,46,63,69,60,4,66,53,33,92,78,36,26,34,62,44,11,10,16,1,17,55,64,84,54,100,80,30,4,67,75,15,9,7,73,82,82,31,18,15,9,88,73,70,21,94,71,3
87,1,79,50,94,50,98,94,12,71,80,0,1,96,32,11,69,13,84,37,62,84,61,22,16,72,24,24,14,48,72,63,6,54,42,91,24,27,58,89,89,61,96,97,40,8,35,63,80,0,48,48,14,33,11,93,24,74,90,0,4,34,39,95,70,91,46,25,93,81,67,28,94,93,27,90,56,35,52,45,95,79,21,11,7,42,77,13,41,94,75,1,36,54,37,43,13,78,65,64
49,70,19,24,24,21,8,64,45,51,31,84,28,34,93,64,92,45,15,91,20,97,33,32,89,16,18,85,83,76,11,1,79,16,53,68,2,50,85,73,81,81,33,35,70,97,49,10,6,3,17,80,57,21,36,46,3,36,63,57,99,30,53,68,18,96,12,45,87,39,93,36,85,68,98,4,4,17,43,57,32,76,81,33,69,0,31,49,65,97,80,36,5,89,94,90,41,75,2,100
2,68,67,92,57,68,74,91,14,90,30,11,58,87,71,52,30,78,65,49,81,72,37,26,4,59,17,66,22,28,40,21,74,63,35,40,51,94,85,65,90,3,91,87,80,46,62,24,86,23,95,25,58,95,93,90,15,17,5,100,1,31,13,50,29,82,59,12,59,75,67,80,54,98,91,17,71,28,52,85,66,5,35,13,35,82,25,63,73,17,42,41,41,27,85,93,73,95,5,73