4,42,9,92,55,62,17,94,43,50,15,14,90,52,29,42,98,12,29,90,10,42,28,20,25,80,67,42,77,87,63,35,91,26,78,85,9,7,2,66,49,82,11,83,23,3,77,32,19,76,80,0,84,97,57,43,32,33,73,71,20,87,11,16,32,46,63,19,13,51,97,74,22,59,46,1,83,92,12,2,51,94,49,47,57,75,13,82,21,76,63,79,11,100,55,43,70,9,73,63
87,57,6,11,84,36,51,51,33,61,11,93,0,77,34,50,4,35,93,64,58,55,96,55,59,98,38,100,93,95,97,18,0,54,62,68,98,32,46,31,49,46,51,20,89,41,6,96,68,48,23,88,68,94,83,35,72,10,75,2,68,6,69,9,63,1,63,47,1,90,31,1,2,88,11,85,10,89,81,79,38,30,99,83,19,95,45,83,35,61,79,49,8,96,83,3,34,76,82,37
81,88,39,91,68,73,44,53,55,71,57,32,97,39,96,66,14,23,20,60,66,46,30,8,79,44,98,61,15,31,69,20,99,16,1,50,95,86,0,86,7,27,45,67,13,30,90,30,15,53,54,95,8,78,73,72,6,63,40,84,50,74,75,53,29,85,66,87,87,94,65,46,15,15,7,52,49,31,45,13,36,36,65,5,69,2,15,15,31,8,17,63,73,7,1,0,13,71,86,43
2,60,63,4,40,15,74,88,97,20,9,77,89,46,2,32,52,77,88,1,88,27,38,22,55,10,55,91,89,40,97,46,51,11,83,79,18,96,10,96,5,87,58,49,14,17,21,91,100,61,24,27,57,96,71,14,12,48,18,46,62,47,21,34,83,83,48,8,23,84,49,14,62,43,97,56,82,42,2,12,17,0,79,97,93,87,69,12,60,2,70,68,86,38,99,21,10,43,35,27
100,72,83,44,1,83,13,63,47,74,41,21,67,97,13,27,41,69,10,33,10,19,4,3,59,50,99,32,32,12,33,19,36,91,83,36,12,61,42,92,47,55,32,62,55,75,28,92,57,11,34,78,90,59,33,33,58,77,75,72,36,59,39,69,29,31,20,85,58,49,57,56,2,14,9,90,77,97,21,75,49,82,77,44,83,27,32,39,33,11,60,89,9,13,45,40,20,83,3,66
5,40,60,61,26,1,40,99,5,80,58,42,31,65,3,68,58,53,16,65,56,94,56,31,29,17,92,76,47,79,15,60,41,56,47,4,58,40,12,27,0,75,49,37,32,6,60,88,21,95,2,59,60,7,52,49,13,64,17,27,59,88,39,59,49,17,84,8,73,82,79,15,24,6,60,24,23,71,14,67,74,2,60,64,3,90,21,58,96,22,48,75,39,74,64,25,32,78,43,85
1,95,46,71,0,75,83,16,99,5,4,45,15,79,21,97,98,95,30,92,7,100,37,47,14,22,46,62,68,49,30,84,87,13,88,13,9,14,49,94,43,3,24,95,56,96,56,22,74,98,28,64,62,49,76,77,64,14,41,16,58,24,5,85,96,30,97,58,94,49,16,73,92,3,39,39,27,47,5,32,24,53,0,30,34,0,9,10,32,86,0,14,59,59,86,28,26,76,95,45
95,19,38,0,39,55,73,58,36,10,21,87,39,97,42,90,13,60,18,76,98,75,35,40,45,15,15,90,15,62,37,39,15,85,93,37,41,37,0,11,21,65,99,47,95,81,83,92,19,7,87,35,11,18,48,32,73,76,38,0,95,88,92,66,86,18,19,85,18,67,60,92,5,77,3,95,4,82,5,82,39,25,20,77,18,41,4,99,24,65,35,38,11,89,41,91,24,10,20,19
65,64,69,32,51,5,46,48,69,56,24,17,66,61,71,74,99,7,39,20,96,88,43,86,33,24,18,89,66,26,94,38,19,75,5,66,51,19,73,20,75,13,97,31,17,78,81,9,31,62,2,4,98,43,53,93,29,83,22,69,85,6,82,0,77,26,21,60,90,67,1,33,10,77,67,89,59,36,24,67,64,37,66,62,76,94,48,6,95,2,67,67,19,82,47,96,0,50,58,26
10,50,93,18,90,45,63,60,56,4,88,26,69,41,94,44,33,57,65,70,81,43,52,62,25,100,63,22,45,5,62,57,92,49,93,48,90,73,17,39,0,7,74,94,47,26,33,73,23,25,42,20,0,2,88,32,79,96,1,61,32,60,18,68,75,49,53,41,71,22,58,69,30,18,9,49,100,9,66,25,79,24,95,52,16,5,78,24,16,25,85,8,28,50,97,93,85,88,51,8
10,54,50,7,89,10,100,44,41,1,14,48,73,35,32,17,66,17,71,96,27,71,26,41,84,20,61,44,48,18,0,41,97,65,16,59,29,81,51,98,73,37,24,59,20,97,18,20,63,0,4,38,64,21,38,99,99,77,4,49,34,9,4,54,67,10,67,92,72,37,14,42,13,59,72,61,15,92,66,37,46,9,81,33,69,41,76,36,71,85,39,89,65,47,84,34,67,4,67,20
17,46,78,25,10,51,80,4,48,46,98,70,1,3,77,4,23,11,87,68,24,10,4,83,19,76,98,60,54,37,87,2,72,44,28,72,38,81,16,51,69,44,42,78,60,9,31,54,60,100,4,42,37,13,71,36,54,43,22,93,87,58,39,25,76,30,64,7,7,48,21,94,54,41,60,29,25,3,26,91,21,45,51,57,16,29,31,87,1,31,23,55,66,79,31,15,82,70,29,71
81,100,65,49,1,25,61,8,95,66,3,53,34,57,74,97,49,15,13,42,26,24,98,5,44,72,92,69,48,18,26,99,66,71,67,35,46,17,91,8,1,83,57,7,90,79,64,57,18,71,55,96,69,51,7,51,70,98,65,76,99,65,65,97,33,57,62,71,64,30,95,81,12,0,65,11,97,78,93,72,60,2,14,38,25,30,91,18,44,33,100,100,26,80,63,68,58,15,18,17
12,97,3,65,10,36,43,47,25,30,7,1,46,97,75,28,83,74,82,42,81,99,80,36,65,98,39,9,84,69,79,77,97,22,92,52,79,46,100,85,63,1,93,11,76,9,77,44,99,24,95,1,61,37,31,29,3,4,70,2,79,77,92,41,5,100,9,36,57,60,98,91,48,4,54,32,24,52,24,87,6,24,23,92,63,10,27,14,28,95,70,94,19,60,27,58,33,1,30,45
10,73,38,38,96,0,30,42,27,32,93,2,11,15,17,44,0,39,6,66,16,34,0,15,46,50,2,72,90,46,28,55,93,6,48,57,100,64,86,9,86,7,66,23,73,64,99,1,14,60,45,84,22,86,91,47,99,92,79,85,87,48,80,55,68,57,67,98,23,27,63,6,60,27,43,9,2,77,48,68,99,18,98,25,62,38,29,57,49,87,43,57,32,23,28,49,18,68,65,78
21,87,64,92,99,73,74,41,57,97,23,59,20,79,44,36,19,31,98,75,92,45,53,61,39,69,65,88,6,75,76,46,86,7,7,52,37,84,4,36,65,23,65,3,69,96,60,67,77,29,10,39,49,37,14,23,87,33,47,1,30,94,83,44,11,78,1,96,95,30,27,10,78,41,57,14,72,100,14,0,28,24,67,40,5,55,79,78,35,31,65,44,28,29,73,86,84,88,75,50
69,45,34,38,69,5,29,3,34,62,9,57,28,36,45,87,90,86,85,17,19,50,67,39,63,57,27,78,92,87,16,10,78,28,58,5,33,88,64,97,89,7,12,44,79,21,33,93,34,26,98,0,23,23,46,63,31,97,43,4,47,76,72,92,13,39,90,44,74,65,29,60,56,44,69,66,20,70,58,86,1,47,28,65,95,65,11,33,23,92,95,54,3,13,10,17,7,11,10,10
77,94,77,78,97,47,17,63,61,29,86,61,89,83,47,21,72,12,7,60,6,91,70,58,56,52,22,70,7,8,41,85,56,71,60,61,26,35,13,41,48,74,49,76,63,63,92,66,1,0,58,68,15,63,94,45,0,20,23,86,73,64,91,35,86,54,3,39,28,7,89,100,73,57,58,43,56,41,53,82,75,29,36,15,17,61,41,71,63,19,50,10,17,77,99,96,28,75,66,15
58,45,25,44,98,77,75,50,73,79,13,3,98,44,68,100,0,28,61,0,78,41,89,58,26,84,67,4,7,45,87,54,65,26,84,90,49,98,62,3,86,11,37,90,61,43,73,43,66,86,18,26,37,66,43,42,53,26,75,59,23,83,19,24,53,72,47,27,81,26,87,71,14,81,3,87,4,53,68,64,17,90,47,43,70,87,37,27,52,43,9,87,68,45,95,55,56,19,68,72
50,36,20,37,62,56,31,12,42,0,46,51,26,45,45,87,87,92,84,66,72,95,80,97,64,93,83,46,25,58,95,18,60,89,89,12,73,55,47,43,63,5,25,4,19,13,14,53,62,77,38,60,22,26,77,26,56,54,85,7,99,18,69,72,78,48,18,56,73,27,23,25,66,46,7,29,0,39,19,74,81,18,19,81,43,85,59,34,12,55,63,5,91,89,32,60,35,56,66,9
98,12,2,91,64,10,26,42,33,72,99,60,52,82,58,55,48,10,96,19,80,40,90,90,78,0,91,32,9,87,92,7,2,42,8,21,74,48,4,96,52,94,19,57,41,12,52,74,0,77,55,21,49,86,91,100,8,96,79,47,90,84,49,73,13,99,97,98,72,3,29,19,36,51,79,18,23,51,37,95,29,31,76,72,1,39,15,55,8,28,49,23,49,64,72,10,93,26,97,23
54,92,63,45,55,29,21,42,83,9,74,46,93,31,56,67,88,67,33,68,90,27,21,20,77,67,63,2,87,87,29,45,48,62,82,94,37,16,14,88,85,67,33,68,26,37,91,100,78,38,77,12,42,20,49,82,22,73,94,84,18,4,59,60,76,43,13,53,98,39,1,84,48,18,82,32,83,75,24,49,94,42,82,31,58,26,46,62,64,25,90,52,50,82,4,20,60,44,87,20
73,85,41,65,91,79,36,39,79,39,32,75,9,22,24,32,71,32,69,98,51,30,85,97,10,12,82,19,71,45,32,1,27,97,96,93,19,55,16,4,15,91,91,11,82,72,60,83,63,67,92,96,42,58,49,64,67,38,34,10,5,94,33,67,48,77,63,60,40,20,10,27,7,50,50,7,64,72,85,29,7,100,23,76,53,91,4,44,81,85,30,47,63,83,77,95,78,20,36,54
59,68,52,13,35,76,0,38,4,80,57,0,94,19,29,14,21,99,5,56,89,86,15,6,13,24,5,42,92,62,61,53,36,33,83,18,96,10,64,64,65,99,21,37,49,78,82,58,5,69,93,63,18,96,55,53,5,100,74,21,65,25,95,54,15,78,30,36,43,73,78,54,55,50,41,76,7,29,62,38,59,62,33,62,99,80,5,14,100,37,68,78,52,70,53,88,91,44,33,31
23,58,32,35,3,94,39,1,37,77,35,39,90,53,7,22,34,67,55,52,28,17,62,63,27,7,86,68,34,48,39,23,70,20,40,54,27,48,40,44,69,43,55,62,91,6,82,16,45,75,98,14,12,78,59,94,26,63,41,21,25,57,66,69,91,42,85,74,47,100,45,23,79,92,0,35,58,47,94,77,89,6,28,36,1,53,33,74,16,97,68,54,94,16,9,20,46,10,24,30
22,12,69,94,94,96,73,44,75,34,50,97,63,4,15,31,16,74,70,82,3,92,84,60,61,18,14,45,11,90,70,22,75,97,66,78,0,0,0,80,52,10,30,59,38,66,98,10,63,5,87,62,18,54,64,60,94,42,11,23,98,69,45,61,37,13,38,78,33,48,33,36,55,47,97,88,53,84,56,34,97,45,6,65,17,27,85,30,62,42,45,83,81,13,36,10,3,84,77,96
5,27,88,56,5,15,21,99,10,28,84,100,72,48,8,60,48,95,39,99,59,58,3,15,19,29,43,10,54,42,69,84,84,61,21,48,76,88,49,53,97,47,15,5,84,76,100,57,28,73,20,47,18,10,54,42,5,34,70,12,77,2,12,13,65,66,15,93,6,18,81,32,84,98,40,75,82,4,70,32,19,4,0,4,42,83,84,98,18,33,17,51,43,16,82,43,89,98,8,60
50,50,76,79,23,54,3,18,93,95,15,88,24,0,42,51,87,79,33,5,19,57,40,43,3,11,84,9,53,58,38,54,12,5,18,42,29,75,26,88,58,78,4,56,46,1,23,19,97,10,43,26,32,63,35,83,30,23,65,75,18,54,42,17,64,9,76,29,63,30,92,57,74,13,24,38,58,22,77,77,93,78,23,73,41,21,95,100,72,8,20,87,78,14,53,30,10,95,48,27
60,23,21,65,46,21,87,93,56,83,15,88,1,26,84,97,43,26,16,51,76,50,61,47,13,53,1,97,16,36,62,17,73,88,38,57,4,13,63,34,42,87,30,62,55,61,65,43,26,27,23,46,74,64,94,47,82,13,3,40,100,67,74,91,17,25,100,48,91,76,73,83,21,21,78,5,44,21,75,62,73,23,82,36,62,54,51,37,13,66,62,2,21,53,12,5,84,7,97,69
64,86,83,67,86,21,44,19,19,57,100,77,0,15,74,83,80,90,83,1,55,23,69,77,11,31,43,53,20,16,70,90,57,94,59,84,3,22,94,23,45,61,73,13,31,21,86,81,93,92,66,22,17,80,2,36,79,10,93,95,79,46,3,71,94,22,51,36,42,65,64,34,77,14,88,57,66,6,26,46,12,35,51,8,19,57,79,58,49,12,76,86,32,3,52,74,88,6,14,56
93,65,88,68,68,54,32,67,50,62,18,55,73,51,41,26,89,84,70,54,16,21,72,22,31,32,93,63,57,98,26,50,29,70,81,85,24,40,42,32,30,0,74,45,83,34,32,73,59,5,63,43,73,6,0,28,36,42,55,59,62,45,35,23,57,89,73,83,21,14,45,47,62,71,73,98,97,15,30,76,14,92,93,100,70,31,89,24,4,17,25,84,52,84,94,28,17,33,67,2
79,85,26,50,10,70,80,42,22,63,35,35,80,53,86,89,69,41,99,23,100,4,88,82,43,33,20,60,15,10,38,68,32,90,40,74,20,75,80,98,84,42,27,90,10,45,20,54,47,12,69,26,62,92,90,57,95,99,100,5,19,10,89,25,54,84,35,86,30,33,57,55,84,8,39,79,50,23,94,99,2,65,14,77,36,2,60,36,10,51,11,68,2,45,78,48,85,88,55,75
86,30,11,28,89,27,68,89,9,80,45,98,90,25,35,14,73,47,61,84,20,5,83,77,41,100,65,12,76,92,27,37,29,77,71,12,22,8,92,73,34,83,71,30,37,6,38,25,58,66,68,59,35,88,5,86,25,93,62,43,38,48,3,6,94,45,5,69,31,1,52,44,31,93,29,0,24,54,35,10,92,63,93,23,12,84,96,67,21,63,50,82,22,62,87,52,21,49,97,69
98,24,8,34,30,98,62,94,87,31,9,37,23,86,20,2,59,97,96,45,71,83,44,45,5,31,49,26,59,1,10,42,90,64,33,90,4,11,58,71,28,4,46,29,22,80,99,64,78,52,95,7,78,54,10,25,11,79,15,47,78,91,42,24,92,49,71,5,54,82,92,17,29,79,67,25,1,18,37,86,23,93,45,15,4,87,92,47,98,24,7,12,44,20,4,58,100,9,66,5
20,79,90,5,24,96,18,2,75,25,21,4,29,75,88,82,46,54,20,49,45,54,54,79,99,21,31,15,57,67,16,15,61,50,19,30,84,61,4,16,8,78,83,63,68,60,71,46,24,55,71,96,13,31,65,62,92,91,45,96,33,40,25,90,74,65,3,76,22,91,21,93,90,57,59,13,97,0,21,75,82,67,73,45,10,43,91,37,32,68,64,34,32,99,82,55,48,11,66,38
62,19,69,76,24,30,0,26,90,66,35,0,68,15,48,77,64,9,13,79,80,55,37,0,92,42,61,94,77,75,85,90,74,21,34,23,61,46,16,24,21,71,98,30,64,47,57,84,89,79,94,87,97,64,83,21,6,56,69,6,11,21,46,70,21,50,66,16,15,36,27,82,66,32,67,18,14,13,50,40,95,100,34,16,23,98,0,97,81,86,78,59,94,25,59,64,12,24,52,37
11,25,44,21,22,83,7,40,66,12,11,64,14,92,15,17,97,70,51,2,31,49,83,52,81,70,62,23,42,21,27,77,68,24,37,5,77,88,35,100,15,30,70,30,2,95,3,13,82,9,81,56,50,22,5,38,97,50,63,6,86,25,45,93,45,56,49,87,17,37,59,91,59,79,9,97,12,45,93,43,77,91,63,64,82,3,66,87,34,92,68,34,94,45,55,45,17,96,90,76
5,12,64,85,19,27,35,64,23,9,19,28,25,76,86,37,72,1,46,68,44,64,84,55,47,67,27,32,50,50,9,64,52,29,54,50,78,5,62,72,18,78,100,71,86,20,86,27,8,93,100,24,12,84,8,52,59,3,87,58,53,69,94,20,61,35,1,80,52,42,5,99,82,60,49,6,80,78,72,84,100,0,17,90,1,10,88,27,47,1,92,3,91,63,12,66,0,70,14,43
88,11,44,19,30,22,74,99,7,41,62,0,79,90,64,81,67,45,77,53,75,52,54,86,3,31,36,55,68,11,54,11,77,80,13,71,43,99,67,30,92,7,75,72,17,80,9,48,85,41,59,78,99,49,8,14,97,0,86,44,85,78,41,79,84,17,56,47,20,57,45,99,42,51,16,65,93,32,19,89,31,40,95,29,70,60,7,47,42,70,53,89,72,0,40,87,32,18,69,67
1,69,41,59,67,15,86,83,64,52,73,68,87,100,36,8,42,0,82,100,95,81,79,93,51,64,95,34,6,79,56,53,21,92,94,17,86,38,81,62,21,33,83,20,23,36,79,58,49,72,84,23,79,96,38,42,32,57,71,91,90,91,73,38,43,91,66,59,44,96,58,35,27,3,33,64,37,42,18,38,98,88,7,39,72,9,33,25,27,44,6,57,85,32,78,90,48,9,67,86
42,87,90,89,38,51,72,76,30,37,42,71,36,4,15,62,45,96,15,17,28,70,29,89,58,33,89,47,6,27,96,54,17,76,78,77,89,7,79,100,66,87,20,86,74,60,75,5,56,48,86,23,90,5,72,65,92,43,29,99,77,16,7,45,11,82,87,8,50,2,70,90,14,0,3,96,89,77,22,9,57,20,12,15,0,34,46,27,73,46,15,75,79,56,9,35,23,86,34,21
57,74,61,29,33,47,15,49,43,41,14,56,83,65,51,99,70,45,29,59,59,71,4,50,4,64,42,9,83,34,78,87,21,62,21,3,53,27,17,81,39,35,23,14,17,16,63,78,29,55,17,54,27,42,83,25,33,29,57,20,1,17,96,45,73,24,16,83,38,59,77,49,6,14,49,98,16,37,49,66,45,67,86,22,6,92,79,8,89,20,83,22,47,42,72,52,55,89,1,99
72,70,11,32,56,1,57,7,41,57,43,50,32,3,11,27,31,79,75,2,43,6,42,53,97,26,51,28,79,16,68,17,35,35,37,38,49,71,84,2,78,17,89,31,95,48,76,59,68,12,87,81,39,89,96,43,56,33,68,12,54,67,44,92,55,29,25,29,99,74,2,12,36,27,89,63,61,85,19,17,10,26,4,25,72,25,6,32,77,73,19,4,24,74,37,56,84,92,64,0
93,26,96,39,18,25,34,10,4,17,8,37,60,60,47,36,84,71,6,60,83,53,48,91,19,37,29,13,65,25,26,85,23,62,11,22,16,15,58,13,27,2,57,81,78,15,22,20,7,92,92,32,100,90,35,14,92,67,99,89,88,66,36,65,98,67,3,29,20,58,20,0,55,79,50,59,87,73,12,89,44,92,86,83,14,53,90,83,45,88,79,9,48,19,3,98,74,34,69,76
42,79,7,90,38,39,35,53,80,60,57,83,56,57,43,67,23,2,7,72,46,18,71,46,55,22,27,73,19,25,64,42,3,35,12,98,71,80,21,47,57,62,33,4,63,3,18,28,7,48,99,84,59,98,16,80,56,91,71,28,34,59,44,31,47,4,24,28,21,30,28,46,81,88,53,16,79,10,61,66,71,36,21,28,46,60,64,62,11,76,34,1,36,58,46,55,48,32,26,86
84,0,92,90,35,32,71,44,52,98,23,15,19,57,50,33,11,95,17,32,51,9,77,31,65,69,16,88,6,62,32,42,12,23,72,19,100,73,87,41,65,55,36,47,48,21,67,7,85,5,72,57,1,73,60,28,79,18,49,86,100,70,7,84,54,82,53,60,76,61,32,87,34,57,80,2,45,27,0,68,37,98,35,53,22,88,97,30,68,80,57,53,29,84,75,11,87,43,14,11
27,36,48,95,96,43,71,84,40,20,27,18,27,33,84,100,15,36,31,27,69,98,16,84,50,22,19,28,94,68,46,30,86,19,83,47,32,16,84,5,49,20,83,20,49,10,36,56,76,83,18,76,72,83,61,77,54,86,96,56,45,41,7,83,55,84,41,33,2,11,93,100,98,17,81,62,55,29,47,33,77,82,36,39,73,30,43,54,32,75,45,41,35,51,82,57,38,72,100,82
2,23,73,73,73,2,12,7,21,15,5,45,43,19,56,57,88,67,43,58,97,90,34,33,39,60,92,53,90,73,40,80,95,76,62,29,55,65,32,78,97,8,84,25,99,52,85,40,86,86,57,21,34,95,100,70,7,21,14,42,28,19,27,39,17,27,6,94,73,33,38,21,19,57,54,38,49,52,99,37,61,29,55,95,31,100,67,45,91,45,89,37,16,97,82,85,28,44,61,59
57,27,32,72,62,68,33,21,2,95,72,72,46,86,69,54,44,49,21,78,95,68,15,41,14,33,72,96,8,61,96,73,24,79,11,29,62,76,34,75,60,98,44,30,92,7,78,68,57,11,99,77,51,56,59,26,82,27,99,36,82,24,66,83,33,30,100,19,56,71,98,82,31,52,93,55,94,53,41,95,68,56,90,30,60,85,86,47,66,19,25,95,33,33,77,45,92,21,53,100
59,33,6,7,1,71,48,50,47,58,38,91,78,81,83,98,96,33,15,8,100,4,89,90,58,95,16,59,32,33,100,31,16,4,75,66,31,5,4,89,83,64,93,70,92,60,82,50,42,17,70,15,54,23,69,11,99,18,14,42,69,20,58,9,94,78,57,38,43,36,74,54,32,91,91,86,54,74,34,36,98,67,73,98,3,48,54,51,0,19,22,71,58,37,21,27,6,6,27,90
6,41,94,49,89,77,87,4,53,83,83,25,88,60,2,82,4,42,27,90,97,9,27,59,37,45,22,20,27,39,4,15,62,91,49,23,70,99,12,34,37,20,67,96,28,97,4,89,47,94,58,54,96,0,22,7,12,34,90,21,5,65,68,43,59,52,43,30,69,16,36,58,61,63,30,52,63,97,13,23,34,97,80,8,94,60,5,64,91,10,93,35,12,78,2,53,22,69,66,64
60,0,23,23,70,82,20,30,79,44,80,65,80,64,81,97,31,67,48,2,15,52,69,65,79,87,78,83,31,46,38,51,76,92,60,83,31,46,17,46,16,94,58,71,78,60,46,48,86,46,50,99,71,57,13,75,61,4,62,9,0,62,97,23,67,52,34,80,16,83,56,0,55,96,64,72,14,89,53,94,55,25,92,69,53,3,8,96,28,62,58,96,81,72,47,83,0,11,68,41
75,8,1,46,66,100,73,73,31,6,97,9,2,27,47,22,71,68,42,59,61,8,24,58,76,53,25,96,79,9,62,45,69,45,14,71,59,100,32,79,42,55,76,88,90,46,99,50,74,7,3,23,80,33,14,13,16,35,16,55,47,69,41,47,27,96,47,59,89,45,19,98,74,85,3,74,23,23,83,37,90,58,97,42,75,14,36,91,14,35,92,85,72,79,97,90,82,74,21,65
63,9,31,16,76,3,5,38,31,57,70,47,83,100,1,7,15,41,94,61,52,66,25,66,0,12,58,89,46,36,33,66,52,7,64,16,42,57,46,72,25,60,7,50,24,55,80,60,13,69,17,26,53,46,47,22,58,7,15,55,52,85,36,21,3,99,66,92,38,35,93,38,80,92,60,83,78,67,86,23,38,34,84,42,57,44,39,9,89,89,24,76,87,70,98,51,96,95,10,45
1,69,47,94,6,39,65,39,75,27,61,2,45,25,73,15,11,21,95,45,4,55,61,58,2,42,53,4,88,85,13,60,53,75,64,42,63,36,70,82,50,39,97,79,75,42,23,0,41,80,69,39,78,6,74,12,88,46,72,37,100,70,100,85,14,47,56,67,32,32,53,8,52,15,62,94,45,53,17,95,66,26,65,32,14,31,79,79,49,26,14,95,31,20,24,19,6,40,65,11
7,70,81,1,64,37,10,11,83,86,52,18,95,87,39,36,100,42,64,48,1,42,14,87,6,7,15,75,99,9,14,76,90,89,87,20,62,40,54,23,42,13,32,85,8,98,39,52,12,33,15,1,71,88,80,5,25,17,50,100,20,36,73,0,89,38,32,54,98,63,87,64,37,7,15,31,47,8,2,75,9,72,7,55,38,16,93,75,81,3,87,18,32,17,16,41,51,3,39,52
20,76,28,9,21,78,48,82,81,56,91,2,14,5,51,59,75,37,19,87,91,2,27,89,85,9,30,79,53,24,36,21,85,26,77,84,64,6,77,85,68,5,75,83,74,59,23,33,24,7,81,52,1,79,70,67,48,50,16,48,18,67,23,74,71,95,12,19,6,26,39,80,39,17,40,2,87,63,98,18,6,51,58,45,24,38,75,82,48,30,25,56,32,29,68,10,78,16,94,25
34,58,18,94,23,77,12,59,63,96,28,10,12,75,3,49,67,23,20,51,5,30,61,95,46,34,57,37,49,99,68,23,42,98,42,78,11,88,84,27,5,3,15,11,96,88,82,52,94,91,42,62,14,89,48,66,82,27,64,60,69,26,79,87,15,95,20,56,4,64,35,38,81,53,43,9,18,91,82,98,68,54,95,64,91,22,62,54,31,74,25,38,93,93,74,51,5,34,48,67
0,72,59,100,90,99,50,28,64,71,36,78,98,23,20,41,98,84,59,55,92,68,92,67,10,98,69,75,56,6,94,89,93,31,75,50,39,46,57,98,57,85,64,49,95,31,36,22,93,61,47,51,97,89,71,94,100,10,78,73,93,15,60,1,9,58,60,37,6,71,49,58,20,21,37,8,90,3,99,72,27,40,51,35,83,90,86,94,45,7,53,77,39,91,71,88,66,43,8,7
46,9,15,8,41,37,11,80,82,70,75,81,58,99,0,47,20,65,67,70,63,88,48,47,95,17,26,51,15,63,16,85,80,83,95,40,72,51,89,21,94,23,33,21,57,96,35,38,16,72,8,80,92,32,63,11,33,26,48,65,64,19,74,73,67,37,32,19,12,57,74,43,30,37,67,45,43,91,6,49,43,22,84,83,85,67,48,92,58,47,27,50,88,46,96,15,72,75,27,85
66,82,61,97,7,43,45,80,17,55,31,76,44,43,15,11,71,29,72,77,23,75,3,90,11,14,56,9,58,46,90,53,82,7,36,14,34,46,69,87,36,24,89,47,70,78,68,8,5,45,83,57,40,63,22,98,90,44,65,57,57,32,59,18,20,35,35,90,16,4,32,59,32,11,79,90,76,52,48,51,75,29,24,13,29,34,41,43,11,100,44,82,74,3,12,71,72,2,88,79
26,31,2,91,12,16,91,2,47,89,31,10,22,7,19,22,87,17,61,45,81,61,1,94,48,88,55,8,84,49,43,40,49,53,30,72,94,77,97,90,3,43,91,19,76,97,94,91,1,10,79,10,77,43,26,67,70,55,100,47,30,0,10,78,50,6,76,80,81,95,87,89,80,9,28,32,24,90,47,61,18,17,63,3,52,43,11,84,55,36,85,33,33,36,97,95,92,70,40,88
20,50,57,6,97,2,76,81,23,66,84,53,6,18,6,90,92,53,70,43,58,20,38,65,17,71,28,73,93,10,6,24,61,92,28,81,3,67,8,12,64,22,74,39,55,99,62,38,47,80,29,30,87,18,48,62,74,72,60,43,89,6,1,99,40,13,78,73,8,37,92,97,51,84,9,59,52,68,23,67,55,31,49,38,39,57,17,16,42,5,76,59,38,0,26,32,68,6,58,10
62,12,43,26,82,17,68,39,51,55,89,54,17,17,44,52,80,4,72,3,31,43,27,32,67,36,9,50,64,91,77,82,69,77,56,67,23,46,14,68,65,82,68,24,35,64,20,46,49,15,90,31,28,34,71,61,59,23,80,5,96,89,23,6,83,77,17,80,92,31,71,49,6,67,84,86,59,55,88,84,72,50,2,36,11,89,74,84,4,98,40,39,37,36,46,86,74,64,24,0
40,28,50,52,33,77,51,72,58,46,90,53,35,12,86,55,52,53,43,57,91,17,84,70,66,88,41,89,47,11,17,66,58,57,2,2,89,86,67,40,1,76,21,7,5,96,46,79,34,19,62,53,18,83,14,35,2,91,66,16,12,67,91,44,95,37,43,40,39,62,75,45,59,26,51,25,60,99,46,58,92,79,85,33,43,53,12,45,69,44,81,76,81,13,97,66,46,93,100,50
47,24,38,7,37,3,45,32,30,45,62,3,81,99,36,86,43,100,72,74,85,14,54,84,9,37,69,76,37,78,74,77,49,53,80,37,8,7,35,37,46,40,85,31,55,70,20,40,40,95,76,82,45,23,22,47,76,71,84,69,8,2,43,14,99,15,34,64,8,70,14,21,100,57,68,29,21,3,14,3,54,33,67,9,68,0,84,3,45,27,20,41,15,58,56,61,2,89,78,11
45,100,29,76,61,49,17,69,24,13,50,42,1,39,7,18,95,72,93,41,57,51,37,62,34,62,24,36,99,35,72,14,71,56,98,75,45,33,97,61,99,39,77,62,99,23,46,18,90,9,100,35,70,95,41,17,11,27,49,75,63,12,23,23,5,93,64,36,78,32,10,18,27,77,58,70,40,62,14,2,6,97,15,11,29,50,73,41,5,91,13,97,7,68,39,1,6,27,95,97
1,45,93,87,99,6,33,17,25,68,65,84,45,6,71,65,14,39,1,0,9,14,82,46,49,3,40,97,87,69,77,53,94,89,36,59,17,45,35,100,33,99,65,78,18,55,94,58,35,48,57,62,2,56,1,38,41,29,51,81,91,98,22,43,33,57,94,42,83,89,29,45,27,64,20,24,57,83,46,58,81,24,17,65,43,7,32,82,84,6,25,14,86,88,19,43,10,6,10,21
15,80,63,92,45,96,39,55,46,7,100,35,61,8,50,14,63,61,6,16,80,79,84,70,50,79,96,33,15,98,20,10,6,68,4,32,91,78,41,4,12,31,75,11,15,97,54,29,44,24,6,50,45,99,0,9,36,27,24,26,0,78,52,78,51,82,17,50,24,2,62,56,53,3,58,30,35,20,63,75,58,92,22,60,4,79,87,79,29,4,82,27,23,45,41,35,20,45,6,94
72,43,2,98,73,82,59,56,15,38,67,96,43,9,60,72,53,54,72,78,17,88,93,59,57,76,76,78,21,29,45,1,58,53,50,54,30,81,89,52,21,90,38,34,62,40,20,53,89,10,85,98,94,9,49,35,92,24,2,99,81,6,59,42,60,70,61,82,43,59,30,96,18,21,99,4,23,77,98,8,75,42,66,8,42,90,95,94,58,6,29,54,69,13,83,41,21,81,42,10
88,7,77,14,31,52,82,16,79,23,12,30,92,97,14,60,51,28,84,59,17,91,40,69,81,41,58,1,76,85,85,75,22,97,92,47,79,7,74,58,57,40,22,54,49,23,67,62,12,56,2,68,28,38,14,81,62,31,50,39,69,81,60,6,29,94,98,99,66,92,4,72,6,21,2,92,73,22,26,36,31,45,16,62,74,46,31,76,27,54,11,28,39,32,33,0,7,7,80,42
22,15,22,76,33,39,96,9,30,44,32,38,87,79,20,50,59,35,32,65,44,25,1,75,32,69,9,53,34,71,81,65,11,56,67,73,1,69,32,26,66,29,8,63,47,39,39,85,35,23,54,24,80,0,18,22,94,11,14,31,73,10,7,0,21,18,70,0,46,49,53,97,94,59,8,55,59,7,56,97,52,18,78,45,99,70,23,44,86,84,73,47,1,71,85,28,98,2,39,15
19,67,12,47,6,93,42,43,10,72,37,3,0,99,25,83,34,68,11,5,40,81,86,33,49,100,86,79,44,26,49,85,83,29,98,91,21,22,91,54,40,0,78,100,57,47,78,49,28,26,27,90,39,13,36,8,51,61,26,78,55,10,86,86,39,69,31,7,8,1,18,75,11,73,59,81,18,58,46,4,12,48,33,100,88,9,64,34,81,50,10,17,34,39,71,3,45,33,74,21
23,63,67,88,28,79,51,99,1,50,54,46,91,35,73,27,78,58,76,5,3,23,14,19,9,89,19,11,11,61,28,98,37,57,55,13,71,36,24,79,30,25,17,3,17,47,31,77,96,34,92,73,64,47,91,47,26,1,73,9,90,22,15,57,92,48,1,37,42,72,8,84,78,73,97,78,7,6,97,73,31,5,88,32,11,84,14,43,14,67,2,8,28,1,81,22,8,51,41,87
4,65,59,60,3,95,86,84,63,46,57,97,86,18,40,60,71,37,84,39,73,40,31,38,57,56,5,51,4,29,78,80,69,24,25,16,29,38,22,37,83,15,35,9,32,77,58,42,85,60,72,61,41,78,70,64,33,21,65,87,17,1,0,39,18,77,21,73,12,18,41,0,98,76,70,54,61,41,40,21,95,64,68,100,60,23,88,76,88,45,0,54,18,51,57,41,73,15,46,49
96,0,0,1,9,97,46,45,7,30,94,34,52,39,68,57,54,51,46,93,0,16,79,84,28,11,2,78,89,85,99,31,47,44,30,94,59,16,48,98,69,77,47,13,63,14,36,4,35,15,86,5,30,80,28,52,55,92,33,34,27,31,4,33,41,83,97,39,69,25,9,6,2,10,77,71,3,0,75,87,16,89,74,92,73,4,13,32,23,100,68,72,19,29,44,94,81,24,36,84
50,77,50,59,99,13,30,91,27,53,39,36,56,56,94,99,49,36,67,44,50,33,92,67,79,91,39,24,14,24,50,13,90,25,47,28,83,81,95,28,23,8,24,69,9,67,50,8,79,50,75,10,86,40,24,25,93,94,52,30,85,53,67,49,17,24,41,27,23,98,40,89,21,22,16,43,57,94,89,27,27,72,90,16,81,24,70,62,33,22,87,16,27,1,97,97,73,50,98,47
0,97,91,90,13,92,54,81,46,91,51,34,100,70,71,89,43,50,88,69,7,17,61,94,75,8,23,99,27,66,38,66,33,99,9,42,25,18,47,16,78,8,84,21,13,3,62,96,16,18,54,97,79,33,96,46,84,58,91,63,17,34,100,47,34,82,14,61,56,47,92,86,14,16,50,6,11,13,6,30,52,91,86,71,3,73,29,23,87,68,86,94,8,99,76,61,27,80,44,75
67,53,78,60,40,21,23,77,26,75,16,74,2,88,18,42,82,27,78,7,2,5,60,21,79,98,75,53,5,40,80,59,98,45,82,5,67,11,74,84,88,29,28,97,97,34,49,96,82,10,14,25,0,13,56,19,60,99,14,66,86,90,15,57,24,74,50,16,1,27,93,53,23,0,50,10,32,68,42,4,38,83,92,40,74,18,55,52,17,27,2,27,64,92,31,56,62,25,54,27
6,45,90,58,81,83,62,85,76,93,43,75,99,85,28,26,37,52,25,91,68,18,5,64,36,84,33,67,39,37,54,56,84,38,39,38,28,94,82,59,56,28,35,99,92,38,14,59,90,7,10,87,67,88,92,61,98,27,79,64,72,82,11,46,18,96,50,7,79,86,37,7,10,92,53,29,16,80,71,23,82,39,99,12,17,78,0,91,45,76,50,43,60,72,38,97,15,94,20,62
95,6,71,71,61,16,30,56,39,88,73,8,59,90,78,50,54,44,12,50,64,37,34,68,11,85,25,58,3,25,76,10,83,21,72,29,10,33,17,59,4,84,97,33,90,17,93,7,11,36,11,3,9,29,40,41,56,79,42,47,18,83,50,97,41,15,25,12,12,20,1,75,8,84,74,28,100,91,27,14,29,79,40,41,100,59,25,32,66,20,52,94,95,81,96,37,55,69,34,75
69,60,91,13,73,32,79,60,52,43,5,36,12,98,90,46,19,55,37,55,83,29,58,16,82,63,69,98,67,57,78,93,17,0,22,16,44,32,62,50,23,31,83,34,75,20,96,34,39,51,16,53,17,49,15,54,93,73,86,98,22,51,62,56,62,35,96,62,34,7,14,75,35,71,50,66,27,46,64,54,11,39,80,88,71,75,44,3,59,8,23,4,9,36,75,92,53,21,18,90
63,15,78,44,79,48,16,21,36,80,92,73,7,79,88,95,48,0,67,99,87,60,52,93,57,51,38,58,96,86,21,22,52,7,3,38,51,84,14,5,72,41,6,28,80,28,15,4,79,96,94,37,2,66,10,2,24,35,51,27,47,64,18,18,12,16,15,74,77,69,60,99,26,77,45,80,42,12,98,10,73,43,85,80,70,29,4,93,82,50,57,5,78,78,38,41,22,29,12,52
89,70,52,65,52,3,54,99,78,27,26,13,21,28,31,31,91,96,94,72,79,92,88,20,36,59,42,47,4,31,39,45,70,1,75,38,32,22,95,59,85,78,74,44,97,6,13,31,76,35,86,36,89,83,40,70,33,3,89,14,80,72,71,59,18,4,52,21,89,46,83,33,83,84,26,31,73,26,47,39,11,33,63,12,21,94,35,100,70,43,65,29,41,63,29,76,59,52,54,32
19,15,45,31,91,54,21,18,73,87,10,72,22,22,32,21,29,10,50,11,81,59,57,13,33,7,7,62,62,5,69,44,47,70,88,16,2,73,38,27,81,40,32,49,8,29,64,59,87,23,93,49,21,42,94,96,84,97,47,53,45,45,24,2,65,15,77,75,37,9,12,66,47,20,69,15,46,99,21,92,18,6,68,68,70,100,8,33,69,54,77,52,78,58,15,65,3,46,66,7
41,99,30,44,65,67,35,27,91,58,84,89,97,97,20,6,20,74,41,14,52,0,5,66,13,64,26,94,99,8,16,92,3,56,3,79,38,16,63,25,20,43,1,6,6,28,13,13,86,30,8,34,51,20,10,18,31,92,50,87,50,40,14,73,3,15,22,4,96,42,74,29,26,98,84,48,19,74,13,73,24,94,7,6,74,14,11,62,43,7,73,45,4,56,49,92,54,35,55,67
94,31,28,81,48,2,14,66,65,28,43,5,92,98,91,45,7,28,83,58,31,37,44,7,59,89,12,54,11,90,14,95,32,62,20,89,47,24,41,40,27,35,27,72,14,41,3,16,73,95,72,49,81,35,31,64,38,98,20,100,53,37,57,38,37,6,58,44,17,21,26,71,100,70,1,100,67,3,52,55,37,88,49,51,36,73,27,82,98,61,76,47,10,83,16,73,48,8,52,28
98,81,97,79,55,28,76,69,89,90,30,58,60,55,52,81,93,57,56,78,42,85,66,46,58,24,12,14,18,56,49,97,76,60,86,67,97,93,38,55,23,5,9,39,85,68,45,81,63,88,58,13,13,62,62,63,61,5,15,15,36,75,99,30,13,31,85,11,3,16,31,68,2,82,96,42,44,73,0,69,29,30,22,94,58,74,48,99,39,95,83,21,32,64,22,81,86,72,93,54
32,78,1,23,94,55,74,27,64,38,95,1,90,87,90,90,100,80,82,74,24,88,1,61,68,65,67,93,53,34,13,65,26,69,82,5,35,69,1,11,57,20,95,91,14,82,23,90,16,97,67,90,1,55,87,48,91,52,50,21,32,1,28,3,32,74,35,82,72,42,47,99,45,85,34,76,25,50,32,6,54,79,68,34,12,51,3,86,48,82,36,3,56,79,2,70,43,37,62,23
41,49,55,85,98,53,0,63,41,94,75,61,44,52,47,15,47,38,31,60,67,55,54,69,75,88,63,12,88,74,90,98,74,59,32,92,83,3,67,12,93,81,61,17,26,90,23,78,9,21,32,75,18,12,82,30,22,5,44,13,87,28,25,9,58,37,27,84,72,35,72,58,79,22,81,19,10,8,48,5,98,76,98,69,99,49,46,12,50,7,40,26,66,9,13,36,43,49,57,27
49,62,92,57,8,92,30,42,13,15,4,65,78,42,80,78,95,96,85,14,77,81,56,60,40,42,42,76,6,22,64,11,3,60,95,14,3,80,7,67,25,95,65,18,81,42,14,6,53,93,21,7,27,86,28,23,40,2,20,88,9,20,99,60,17,38,53,54,91,47,80,35,27,30,9,32,14,64,76,73,92,3,28,0,18,83,50,38,44,52,70,32,68,70,59,89,84,65,17,22
16,80,40,43,57,16,58,93,23,23,60,60,98,35,39,60,44,53,58,55,75,21,59,93,3,8,49,98,30,98,24,89,76,84,77,35,6,76,60,23,59,56,69,52,10,55,14,58,24,53,39,44,49,49,1,54,75,39,29,48,26,20,67,55,17,8,92,10,23,10,62,12,51,65,96,47,34,96,77,86,15,89,8,61,97,48,36,67,27,74,20,48,40,100,39,52,13,59,59,4
29,21,56,82,27,26,24,30,38,66,75,88,89,64,48,91,15,99,8,52,52,90,38,83,41,13,24,23,66,76,28,18,88,64,57,28,72,82,54,4,25,52,36,29,91,50,76,39,66,45,68,3,75,17,27,81,40,48,23,20,89,29,50,87,61,58,98,94,68,59,76,31,31,39,38,95,17,48,5,99,73,29,20,88,10,64,25,63,46,6,92,40,20,9,37,88,27,52,83,88
77,58,18,31,81,45,33,52,61,70,35,92,2,25,75,62,46,57,44,7,43,23,76,34,65,61,59,28,55,15,81,47,8,28,13,28,81,47,67,19,51,9,17,46,71,48,86,59,9,33,67,35,71,79,94,7,18,53,91,37,68,32,56,92,44,91,9,22,0,28,44,92,66,15,47,64,89,70,58,27,76,21,1,81,6,65,36,64,65,51,19,7,94,74,65,88,84,40,60,94
44,33,25,25,70,20,57,85,76,64,95,41,68,39,22,63,50,97,27,3,14,62,18,35,27,97,81,83,86,27,34,30,81,37,8,54,76,68,0,98,40,7,13,1,69,61,22,7,87,31,46,0,36,41,77,23,43,14,70,46,51,17,71,89,83,16,34,9,91,2,76,25,27,80,73,39,2,2,98,0,89,57,90,60,5,61,100,54,36,52,50,68,56,68,28,70,18,18,89,38
68,31,32,12,100,24,17,93,60,11,72,95,70,74,0,100,0,30,6,10,63,37,23,40,41,25,100,56,71,97,42,34,33,36,27,98,42,14,6,12,27,73,34,31,75,44,28,59,6,69,70,96,71,78,27,44,100,85,24,56,21,5,3,78,97,28,75,99,19,51,100,91,13,71,37,5,38,69,67,19,94,64,80,62,66,20,7,23,46,58,100,52,56,20,90,14,32,26,99,50
17,91,39,26,7,26,75,40,40,29,94,2,64,11,79,53,92,39,47,37,80,31,8,12,82,44,57,45,64,14,93,46,71,97,43,39,42,51,97,1,32,53,89,84,9,53,78,79,69,15,71,9,81,94,43,65,62,35,4,91,27,89,56,79,15,90,8,2,92,29,8,76,15,27,66,85,49,18,32,38,82,86,69,69,44,32,72,68,46,82,20,39,73,97,4,16,7,73,69,49
60,78,91,67,89,99,25,98,33,22,55,66,71,81,21,34,96,24,32,97,26,15,17,3,64,98,41,77,23,26,27,9,8,75,88,31,41,72,42,64,96,92,6,35,81,54,37,12,67,89,57,54,15,88,16,44,28,46,83,12,52,45,35,94,60,19,17,94,51,79,55,41,90,15,51,69,81,46,43,62,60,80,68,69,21,26,35,15,84,53,46,8,13,93,0,62,21,91,16,0
39,27,81,69,1,0,7,44,16,21,65,25,65,50,92,37,55,56,57,47,39,80,58,70,41,67,91,12,42,0,59,22,64,66,22,0,27,11,66,93,48,31,66,94,60,78,13,42,68,55,67,82,41,38,43,41,56,91,76,54,8,55,100,45,95,54,63,63,58,2,25,54,77,62,96,61,27,28,27,7,49,22,66,50,100,4,17,95,58,46,96,13,32,28,34,2,71,32,16,23
41,77,37,55,65,53,1,74,4,26,62,37,29,48,43,55,95,92,8,52,65,75,36,95,41,77,29,54,54,2,68,32,27,47,44,19,55,35,18,89,49,0,62,22,93,99,50,76,21,30,78,96,0,68,60,6,69,94,51,1,100,74,48,98,58,56,24,59,13,6,30,67,10,1,0,12,39,5,96,99,89,6,48,8,39,82,72,9,76,52,29,71,48,33,75,12,51,21,72,76