82,90,23,2,4,62,89,94,90,48,42,79,48,54,81,81,42,80,36,34,45,12,44,38,25,61,41,15,20,76,94,53,93,46,41,81,55,29,66,76,38,33,47,63,68,88,16,72,8,17,69,17,29,51,36,44,5,39,93,68,90,21,7,5,54,59,8,23,87,12,91,99,1,32,8,27,18,14,92,8,63,79,9,49,96,42,98,92,35,63,21,95,88,6,64,36,45,9,97,78
32,98,41,71,27,53,34,1,33,5,71,66,12,36,35,94,48,38,12,79,56,47,24,21,25,48,42,72,66,48,81,41,28,13,67,79,50,100,35,75,26,64,19,75,28,42,1,86,59,66,68,24,78,54,53,31,68,3,55,46,53,15,44,7,76,95,100,28,5,38,17,6,37,51,42,4,83,88,99,63,35,2,27,48,49,45,32,8,72,67,30,100,92,81,30,93,54,45,64,95
87,17,44,85,72,27,86,20,89,49,24,98,97,88,4,79,15,29,97,62,69,76,50,58,20,54,37,1,43,95,10,15,71,41,63,49,6,2,83,8,24,33,54,79,87,29,59,24,78,84,24,70,76,61,64,1,72,66,63,50,43,67,97,55,14,9,61,19,49,17,65,1,98,44,93,26,19,71,34,44,91,60,32,42,36,87,8,53,73,9,20,5,84,11,19,11,28,86,76,5
92,58,50,30,91,92,35,48,19,22,29,35,72,71,59,21,41,37,74,55,79,12,45,66,26,28,65,85,88,88,54,33,7,7,28,25,34,51,36,42,77,72,84,93,8,8,57,78,77,98,71,38,78,30,79,75,1,22,21,49,89,87,24,86,62,70,87,20,88,1,7,17,2,11,58,57,15,12,10,23,91,99,74,24,37,95,91,67,31,61,34,10,19,7,42,92,81,45,62,66
49,77,54,86,40,0,23,40,74,38,23,73,85,1,29,84,1,21,96,100,42,89,18,60,41,91,32,42,55,97,36,11,84,20,44,88,17,71,46,51,88,48,43,43,3,5,76,43,97,64,4,9,63,56,94,4,93,100,28,97,56,32,37,55,87,93,72,5,88,100,5,16,2,21,72,63,86,50,33,43,6,12,69,76,0,58,54,91,79,12,59,85,64,73,70,87,83,40,77,57
75,31,52,17,93,80,52,52,99,62,92,14,36,68,9,20,83,25,20,35,18,74,58,70,91,2,4,21,16,26,8,91,22,84,34,5,59,7,92,60,15,94,95,86,4,57,0,60,12,69,61,81,91,4,49,17,20,98,20,41,25,11,52,50,94,88,60,55,24,17,37,100,64,41,29,6,48,63,68,89,33,0,10,41,89,17,46,38,62,80,96,29,66,16,96,92,83,29,34,63
90,9,54,45,56,65,63,52,80,2,22,10,40,51,30,58,26,92,71,47,19,88,27,93,43,55,31,21,45,82,45,97,77,43,97,27,75,35,13,61,9,3,76,10,86,79,52,89,32,5,68,61,74,56,19,95,43,15,18,100,71,73,5,68,64,13,58,54,37,75,94,18,67,62,59,20,90,84,57,54,14,62,51,29,89,86,33,41,66,100,99,64,86,95,49,5,75,68,79,29
6,92,9,42,37,56,18,60,43,33,12,36,82,31,43,28,35,42,53,43,42,25,81,5,12,51,0,78,9,97,25,0,8,6,34,87,48,83,85,78,91,13,75,59,74,80,52,80,58,92,27,50,84,6,38,70,19,82,6,51,96,59,38,17,12,27,38,44,65,49,20,84,84,24,39,51,95,5,78,46,89,83,39,54,28,88,43,72,96,100,29,64,50,94,98,85,21,50,8,26
17,15,95,68,14,89,70,12,7,24,27,24,29,9,25,50,58,1,36,11,52,50,40,30,91,54,53,47,64,28,49,43,42,95,29,56,31,11,93,15,42,82,97,16,55,69,95,76,80,82,15,69,9,92,63,31,47,73,94,93,34,48,32,55,99,59,62,47,55,21,16,96,63,8,52,14,87,11,81,93,100,20,34,16,53,24,47,85,25,84,77,86,28,52,37,77,14,24,74,85
14,9,67,17,88,62,93,97,86,76,68,99,91,18,53,44,59,82,77,29,60,16,0,96,72,35,64,9,21,79,65,49,46,69,46,51,18,91,64,95,69,44,18,42,97,10,0,50,53,88,79,22,49,47,59,67,81,98,30,32,13,24,14,48,13,82,68,6,68,11,47,89,5,33,12,22,79,17,41,65,76,27,65,86,88,88,60,54,99,10,47,14,72,36,19,49,93,45,67,81
94,65,27,50,58,64,13,51,51,15,63,37,70,0,5,18,66,52,66,36,77,94,35,10,22,37,3,13,10,94,13,6,25,89,19,75,30,69,54,41,84,66,27,33,82,38,26,60,63,74,44,97,77,84,95,55,59,63,19,91,40,35,48,87,47,34,55,34,28,76,85,32,48,77,6,99,75,71,79,39,23,2,62,3,1,21,48,31,90,59,77,6,15,64,39,99,36,98,75,79
58,57,16,54,48,25,2,73,58,6,47,26,98,59,94,32,80,54,52,82,32,42,31,96,35,29,17,85,81,5,54,86,80,99,40,56,4,20,19,67,49,2,94,98,22,70,67,87,86,19,64,9,33,98,36,14,35,1,83,9,8,87,8,6,4,61,71,84,35,13,79,23,84,15,56,24,3,22,18,65,86,98,41,22,0,76,25,80,53,93,16,71,45,44,11,23,77,83,3,52
89,38,50,74,84,73,38,57,30,10,11,70,29,47,71,13,84,26,16,81,38,38,18,10,15,82,71,23,98,73,0,6,85,15,53,26,4,94,66,12,18,84,56,47,52,70,37,56,17,80,30,74,60,2,73,0,87,66,58,45,81,6,74,71,57,16,7,18,48,100,5,88,51,99,67,23,65,52,82,37,51,72,29,66,75,55,43,62,73,17,16,85,48,77,62,84,54,5,79,97
96,79,72,18,1,8,99,19,19,35,78,24,81,87,57,60,84,36,39,58,53,6,96,40,2,32,29,23,48,83,23,92,52,50,79,15,21,100,43,78,67,16,92,5,80,50,57,22,63,38,54,67,35,78,55,18,30,88,10,66,1,62,82,16,20,95,43,12,94,46,59,96,88,18,62,34,9,51,34,38,72,56,95,49,93,20,76,74,99,1,35,8,45,68,82,24,73,85,35,14
76,100,38,13,61,50,26,3,83,30,27,27,96,30,60,58,0,21,69,88,86,19,66,53,25,62,27,61,40,6,66,88,25,52,92,64,74,45,7,12,62,26,86,79,56,75,1,87,84,68,79,15,56,42,4,14,46,64,16,8,72,13,48,13,70,92,3,80,33,43,96,20,83,36,9,94,30,10,96,27,66,87,16,7,45,40,99,72,47,78,95,60,23,90,27,87,63,14,9,39
52,85,64,45,27,26,70,62,96,87,53,36,1,70,56,89,31,41,39,5,20,6,0,47,37,64,63,82,35,80,85,67,51,62,89,82,84,38,65,19,67,79,4,93,69,67,55,32,76,13,58,0,78,1,38,14,39,21,26,90,73,18,77,14,50,72,64,100,15,97,42,89,47,84,90,98,49,85,99,2,81,4,11,48,13,1,45,42,9,48,20,8,25,7,52,89,8,83,84,95
99,42,62,26,67,62,55,73,7,26,95,55,79,1,30,40,47,52,13,92,96,57,29,63,24,70,73,84,63,47,11,21,9,19,76,83,95,12,65,55,48,76,99,35,94,6,89,48,71,64,49,37,74,90,7,83,77,78,89,88,11,78,59,87,5,68,85,45,51,24,65,38,82,59,81,64,10,18,46,74,83,34,90,31,51,83,63,1,32,52,41,51,54,80,2,37,1,26,74,8
62,76,40,63,74,73,51,3,9,85,39,54,34,11,92,62,44,61,12,92,55,38,23,96,60,29,49,49,15,77,8,58,31,80,5,17,92,1,53,97,0,55,83,82,22,36,49,86,72,70,34,19,60,14,28,16,25,8,88,90,20,62,50,84,93,67,51,17,15,72,81,61,20,83,97,78,92,22,73,59,86,90,47,56,6,17,62,12,12,32,69,27,30,75,71,24,21,65,26,7
93,72,3,94,37,98,46,86,71,30,72,89,24,49,76,36,1,70,87,42,2,28,33,80,31,65,80,19,73,21,6,3,38,100,66,54,50,92,57,58,86,45,9,51,16,80,18,47,53,73,12,75,75,95,52,61,50,91,52,80,100,25,100,24,84,61,31,38,71,3,43,38,72,38,18,53,78,20,13,11,99,91,47,27,11,13,62,18,99,46,85,5,58,63,32,53,68,68,56,85
54,4,48,25,50,34,50,11,75,88,49,80,90,32,73,7,28,100,16,46,86,26,33,58,62,60,88,49,69,74,61,58,18,73,92,72,60,91,83,32,83,56,75,30,59,72,66,67,23,75,61,79,74,8,75,61,97,92,89,22,78,48,12,97,69,51,25,50,55,32,73,17,7,23,45,95,63,100,73,60,32,65,22,38,63,49,52,26,47,9,10,91,62,82,65,83,73,72,51,83
54,53,15,61,8,23,30,63,29,86,4,73,16,23,40,93,39,16,8,60,50,7,63,85,25,49,3,70,95,43,46,13,1,8,2,33,21,5,49,2,52,12,99,82,67,97,79,65,79,27,26,4,80,1,22,39,51,80,96,41,80,99,29,30,4,73,24,19,54,66,70,59,42,15,72,56,90,94,84,14,82,62,53,98,21,24,61,75,46,100,56,51,73,48,49,17,3,88,84,51
62,9,63,66,65,84,3,50,64,42,51,90,58,79,35,26,44,48,73,99,40,68,43,13,79,90,1,83,84,72,100,30,84,70,13,55,25,42,73,94,44,59,1,25,9,38,86,64,15,70,39,100,83,93,46,96,74,22,28,86,59,50,22,86,91,90,85,12,10,56,23,84,70,18,93,49,87,100,41,11,27,58,81,46,66,48,38,53,70,53,12,2,44,95,9,9,83,41,69,36
89,12,34,86,99,89,5,43,46,18,29,38,20,84,6,79,80,65,45,29,79,65,26,0,93,95,70,17,39,27,35,9,95,57,98,43,87,0,35,12,80,65,26,50,72,38,93,42,4,9,6,99,56,27,55,92,11,31,71,14,13,51,96,17,36,35,76,63,7,86,44,92,70,28,92,96,72,35,62,15,72,74,67,33,41,25,82,17,16,20,72,82,31,100,54,80,15,64,40,56
8,34,30,62,39,2,72,43,66,56,70,77,33,97,40,7,15,57,32,42,53,47,25,16,58,99,11,86,72,97,1,0,2,25,31,57,93,51,9,75,93,70,61,41,64,77,18,11,14,64,98,63,53,2,92,76,59,43,32,37,10,86,25,14,87,22,94,50,58,7,100,98,45,23,12,18,46,70,7,50,19,99,8,67,87,19,85,75,52,50,7,39,49,7,13,67,0,61,87,71
16,35,6,90,28,58,59,74,41,91,84,11,82,88,60,77,89,16,54,22,59,26,33,27,38,78,40,26,3,20,53,16,49,20,88,11,23,2,57,94,9,91,86,22,36,47,80,9,99,9,78,14,48,54,32,20,3,67,4,92,62,53,21,18,87,36,49,23,58,76,38,32,73,7,28,53,8,88,27,79,2,29,69,77,33,90,32,40,18,45,5,75,71,10,2,98,35,76,47,35
25,2,29,37,88,99,19,98,33,39,38,94,33,30,14,41,64,15,52,33,42,11,97,8,88,88,11,97,59,98,58,90,77,45,13,1,14,96,41,43,31,75,22,74,53,68,15,17,26,29,42,55,58,26,39,1,65,63,99,33,31,39,91,43,29,49,81,26,78,61,2,22,4,58,67,85,85,49,60,15,19,42,57,36,90,2,2,35,32,31,45,93,66,75,25,33,4,76,67,43
96,78,26,82,70,75,92,99,1,20,83,84,94,80,82,52,56,84,94,65,15,57,54,92,33,77,69,43,92,65,1,46,93,10,16,90,70,84,35,54,92,12,15,20,47,25,96,4,77,83,40,96,91,8,34,17,78,57,57,6,6,86,63,5,68,100,67,82,52,62,32,32,72,8,67,98,36,73,29,57,71,74,63,0,88,35,5,88,53,39,48,45,98,56,9,7,44,32,38,32
36,64,18,91,24,55,88,70,75,99,25,94,80,5,78,74,62,73,27,36,98,70,40,20,66,14,79,76,67,16,29,25,90,9,97,4,4,61,16,44,47,73,17,97,56,83,72,11,90,93,93,20,76,57,47,90,59,58,53,72,68,54,67,66,37,71,3,25,69,53,41,3,100,70,16,55,17,6,78,24,40,82,47,49,92,57,62,55,64,64,43,100,70,100,62,2,41,6,99,35
20,58,29,54,19,54,22,74,100,16,78,29,71,80,50,75,80,13,49,48,37,48,82,72,13,80,84,62,6,52,60,8,57,97,32,5,72,3,83,26,63,61,38,82,25,55,90,91,97,78,46,8,21,1,82,68,45,50,58,29,5,84,17,64,83,43,81,33,5,76,75,82,64,97,45,87,61,48,30,82,31,0,47,49,62,12,54,55,2,99,58,97,69,8,11,41,65,64,70,53
40,93,90,60,37,39,17,58,30,53,25,69,2,11,90,71,31,27,49,34,73,60,80,65,10,9,47,85,25,85,69,72,87,84,17,84,89,97,71,25,85,40,56,1,84,38,71,51,96,45,39,34,25,81,2,73,1,11,94,86,55,56,25,62,11,39,94,55,96,34,39,2,59,15,37,94,19,31,75,11,33,57,3,11,30,55,29,25,24,90,14,95,95,44,47,57,73,61,68,66
29,20,79,44,40,37,36,77,54,36,96,41,49,50,45,77,82,16,26,75,22,29,18,56,57,37,35,72,90,18,73,82,81,12,69,36,48,44,93,57,18,36,94,62,15,63,65,94,37,90,92,47,88,2,26,4,71,95,82,49,91,9,74,73,27,98,76,90,44,28,46,19,36,47,48,78,40,42,96,80,13,77,40,28,14,34,29,3,85,69,0,15,65,88,32,53,99,59,41,96
97,62,32,41,46,41,16,3,0,48,78,59,82,3,73,54,53,30,76,74,80,34,25,60,60,50,59,78,16,51,96,26,6,57,43,49,71,61,91,3,16,82,43,55,14,97,21,72,48,40,52,38,26,62,48,6,56,0,79,10,50,67,1,71,7,12,53,60,29,51,72,9,97,51,16,38,42,24,30,81,69,40,62,67,39,21,23,45,75,0,38,73,27,100,10,68,96,65,44,33
16,78,17,61,89,28,17,32,19,39,18,72,93,7,76,71,39,47,22,14,76,90,41,72,43,85,95,8,34,99,47,60,40,54,8,1,46,64,17,44,25,5,70,36,0,35,95,30,69,9,25,88,48,96,95,80,69,31,48,22,33,59,99,2,19,24,70,43,28,77,23,73,52,61,74,41,71,28,99,61,7,41,45,1,82,78,89,9,57,65,50,99,38,40,20,90,39,79,47,39
13,14,1,13,69,41,6,56,86,22,29,44,17,32,63,16,76,90,97,42,59,5,62,28,27,80,50,87,19,32,78,46,17,85,30,82,95,69,33,26,72,19,52,98,80,18,40,52,76,60,48,2,96,39,20,32,76,60,51,95,39,76,98,90,50,12,30,15,94,30,9,20,35,86,82,97,44,19,7,22,48,60,49,45,63,51,83,5,85,48,3,0,84,12,27,59,61,28,70,34
98,6,86,32,79,52,66,9,37,68,35,27,2,17,11,56,26,79,28,67,33,16,60,78,91,25,0,93,26,2,42,46,81,70,2,59,31,65,35,99,6,13,65,3,92,73,52,99,43,8,0,42,4,13,100,40,32,9,58,32,57,41,13,17,89,88,62,54,69,100,27,36,92,78,49,40,41,66,49,17,87,33,9,27,19,89,90,99,87,31,22,31,70,68,87,8,99,82,9,98
40,13,91,75,10,12,6,82,20,21,59,56,73,38,87,84,45,34,31,26,86,81,14,94,16,76,96,35,89,48,62,8,18,44,1,24,31,60,11,1,72,48,78,97,20,98,72,9,84,30,24,38,29,100,55,16,3,32,57,58,80,20,98,8,95,93,80,51,23,88,49,27,41,61,69,92,41,61,6,58,43,24,85,10,56,24,92,4,27,9,62,0,93,82,1,51,91,26,9,4
87,30,96,13,88,34,34,82,26,14,99,41,34,22,85,50,96,88,36,99,92,75,2,65,95,15,66,89,56,5,14,17,82,17,23,63,8,65,49,9,43,42,69,80,55,15,59,67,62,76,51,56,72,10,70,99,95,84,71,6,55,51,69,79,55,98,96,62,49,59,19,87,6,67,87,74,66,97,46,60,58,91,49,17,83,96,21,13,39,100,75,43,86,0,22,9,64,84,31,28
68,31,49,86,15,40,6,42,24,62,21,6,56,55,53,21,84,95,35,27,4,5,100,61,43,82,22,63,72,28,23,73,35,66,94,41,44,0,41,98,80,94,49,28,5,18,68,73,21,34,82,39,90,9,44,55,95,44,90,25,29,90,42,19,86,4,11,70,20,71,14,20,87,9,37,86,83,51,20,4,57,25,56,5,66,19,47,58,95,97,26,70,2,39,45,53,46,93,65,57
68,15,11,4,56,14,94,89,73,35,26,59,70,41,27,47,81,38,4,66,46,89,53,39,21,84,36,76,34,27,62,33,37,83,21,75,1,70,51,19,30,59,3,82,85,69,33,25,88,53,92,32,80,40,58,12,74,42,61,50,81,53,48,11,15,46,87,80,51,22,21,100,3,61,96,75,73,67,91,41,33,40,45,41,85,75,85,42,77,65,17,59,89,82,61,7,77,99,16,67
66,26,68,71,9,7,69,38,36,16,84,40,19,56,68,19,28,80,79,62,35,35,88,69,64,22,19,99,63,55,97,91,78,27,42,42,55,97,83,71,77,97,79,95,57,52,94,50,45,8,93,18,61,90,96,42,3,17,44,81,38,74,3,94,65,83,22,91,71,61,3,45,97,19,86,88,3,19,17,77,51,1,16,71,87,72,9,52,40,83,100,29,5,96,71,72,36,4,13,21
72,51,34,23,40,68,26,19,43,90,73,94,90,17,72,20,7,60,58,68,43,14,92,94,42,7,16,86,8,46,19,2,91,71,11,3,71,69,12,23,74,55,79,51,31,53,55,4,39,32,44,33,21,49,84,20,42,80,59,16,4,70,34,77,92,36,69,89,51,64,17,29,96,95,17,66,75,60,1,62,11,61,7,55,99,19,84,25,6,75,51,33,72,92,86,62,44,68,85,47
76,21,92,0,64,81,41,0,0,33,46,30,65,57,40,20,54,46,28,50,58,35,16,40,18,37,76,80,100,95,8,25,2,90,14,62,6,80,15,91,71,83,47,99,14,50,27,56,74,75,15,72,39,30,38,94,12,79,29,92,63,24,13,25,25,24,87,77,97,65,99,77,98,9,25,35,36,55,41,68,66,75,35,51,89,46,69,85,88,97,29,52,13,39,60,59,51,79,30,63
34,78,10,90,31,86,57,72,85,55,54,17,23,52,35,20,43,87,37,79,16,76,80,57,68,97,56,60,62,74,87,80,53,87,71,28,29,81,58,69,54,94,98,18,22,42,93,13,67,88,32,3,37,10,28,2,41,6,62,10,50,39,35,80,97,26,34,62,22,11,60,31,46,80,2,39,43,6,33,48,45,6,2,2,1,14,42,82,66,11,31,83,77,84,98,82,8,75,15,70
17,14,21,7,1,43,16,51,71,16,44,82,77,14,3,24,66,25,71,50,47,83,56,66,99,56,81,20,61,99,48,20,82,32,14,34,40,64,34,51,47,66,24,5,48,4,84,3,76,47,10,42,78,78,25,58,94,40,66,34,82,81,18,63,54,75,60,9,2,10,20,11,68,65,58,93,23,8,99,74,1,79,85,25,5,80,58,16,80,57,68,67,56,47,87,85,52,94,30,79
71,3,25,94,27,45,59,96,92,12,94,97,54,66,70,69,22,10,34,25,64,33,74,51,51,39,99,72,71,24,4,24,8,81,98,37,8,12,27,44,79,10,75,87,79,55,45,14,39,78,45,27,81,4,27,13,40,84,71,45,97,34,97,60,40,42,35,39,49,46,25,4,60,48,20,23,58,72,36,5,84,32,65,53,8,38,57,15,65,91,28,20,100,92,80,76,13,37,26,71
44,46,25,40,11,40,75,5,62,88,9,59,7,79,5,53,73,74,7,63,91,63,50,84,9,95,55,93,62,48,37,17,85,58,3,100,15,58,77,6,70,33,30,87,30,19,37,32,99,12,41,60,96,39,44,83,17,25,91,94,24,32,99,33,9,47,96,33,53,47,0,38,22,44,17,99,84,49,63,16,29,92,77,39,99,50,81,28,82,30,55,4,12,29,100,5,81,48,37,96
62,96,42,23,59,5,79,59,76,54,47,40,27,75,9,99,84,59,96,91,51,2,17,88,45,22,67,100,14,50,47,58,54,60,15,37,77,1,39,30,81,15,79,54,84,61,66,20,57,46,25,7,64,73,40,1,84,63,86,86,41,32,61,15,42,21,28,16,53,67,63,89,53,60,1,30,98,8,7,31,21,41,38,3,27,76,96,79,4,89,90,53,68,71,99,16,23,35,31,39
40,34,64,10,50,12,82,50,66,73,23,42,12,44,7,0,6,39,29,72,56,73,2,74,52,22,72,91,56,68,93,97,16,94,12,43,77,21,45,71,35,73,52,68,28,10,92,99,15,12,25,1,32,74,1,39,73,70,72,13,42,83,14,98,57,16,79,61,4,42,23,69,26,37,89,76,79,26,72,100,37,6,46,90,80,97,16,9,72,72,48,67,3,41,97,12,99,99,85,34
23,72,27,40,88,19,55,43,27,47,14,85,9,54,2,7,70,8,84,20,16,41,70,83,37,72,56,21,48,51,56,46,21,89,61,28,44,48,94,99,39,81,10,42,53,50,28,72,100,32,17,58,2,33,69,63,95,32,77,12,64,94,38,90,19,22,61,12,4,93,98,86,8,100,35,98,65,10,36,80,0,63,5,61,63,6,19,86,50,49,18,58,1,3,39,14,58,23,54,83
22,97,74,24,15,68,23,62,8,73,77,62,75,41,75,56,80,1,5,60,28,66,12,76,19,19,35,74,15,40,68,27,54,97,67,30,13,71,4,44,34,61,22,35,43,34,32,82,71,52,26,54,66,85,17,46,36,61,32,73,43,88,40,30,31,20,25,21,41,86,64,83,96,73,85,3,44,58,20,2,86,47,33,63,23,43,26,94,18,65,38,3,13,16,11,47,49,62,88,18
37,90,79,18,35,39,73,82,97,49,61,31,40,48,88,39,82,15,63,80,85,32,60,51,3,24,14,81,83,32,95,50,67,3,36,15,39,51,87,93,65,90,14,79,75,92,19,66,95,82,29,29,80,12,55,48,46,66,49,3,76,24,32,40,28,15,81,33,61,31,8,70,11,44,66,22,96,42,56,78,88,89,7,58,54,30,6,88,12,91,91,59,95,21,57,53,73,42,29,26
14,24,21,44,12,62,65,25,49,17,90,74,43,14,10,24,67,50,62,19,72,26,77,7,92,27,28,100,26,5,83,75,35,98,99,56,47,69,26,11,63,51,7,97,19,54,68,49,50,39,87,80,95,89,27,10,29,84,88,62,54,74,34,88,79,92,15,87,39,84,36,85,94,100,30,90,54,80,97,59,16,56,40,99,2,81,94,33,92,25,67,63,23,88,23,67,84,87,27,75
31,72,63,18,46,57,16,54,65,77,49,13,8,88,67,18,93,66,94,71,94,20,50,47,37,48,57,36,46,84,90,14,78,10,24,22,32,6,43,88,76,29,7,73,83,11,40,73,34,23,25,34,84,63,10,19,56,96,27,79,0,23,43,2,25,21,55,69,75,24,97,17,34,25,90,60,25,95,98,56,17,6,96,50,57,53,79,96,59,68,9,79,100,67,79,60,71,10,96,78
33,53,32,6,39,57,76,60,96,2,24,11,59,86,62,84,49,33,3,89,52,61,35,100,60,60,69,77,10,48,73,18,41,33,33,54,84,30,61,15,9,89,73,26,56,53,78,1,0,44,87,14,36,65,14,21,32,41,14,14,26,31,31,35,73,85,80,92,1,28,50,7,41,55,30,30,2,9,64,49,76,97,32,68,19,39,17,63,67,78,96,36,83,26,81,27,72,78,9,4
38,76,46,61,16,85,71,16,67,58,26,26,82,50,63,12,21,43,37,59,53,40,78,7,13,85,44,15,14,61,79,85,65,70,68,84,83,58,19,54,97,34,65,48,22,0,5,58,84,64,80,55,39,34,86,99,62,16,94,17,61,35,57,12,5,85,57,84,27,38,61,51,96,87,84,61,34,91,42,14,60,46,3,14,67,66,80,85,95,84,47,80,30,44,13,93,77,63,32,32
45,52,12,42,88,33,63,12,36,55,35,49,28,79,43,85,75,99,39,6,23,21,0,64,63,47,95,24,70,8,74,8,86,91,85,73,7,18,12,48,28,57,43,39,4,40,18,19,35,42,9,32,63,56,80,48,39,86,96,97,42,15,30,48,76,72,5,67,0,88,99,3,26,48,45,9,16,40,31,76,88,45,65,39,19,37,96,28,78,92,48,16,94,70,1,17,20,54,75,90
32,67,93,39,65,36,2,55,93,0,94,58,21,7,6,43,80,22,88,74,45,68,76,85,19,30,6,100,39,7,5,69,28,90,19,52,36,34,81,44,13,53,63,51,59,8,44,82,20,16,38,60,49,96,27,30,21,26,51,91,31,92,93,88,37,8,42,16,19,47,8,91,82,67,72,86,51,91,63,55,70,81,10,6,75,80,3,25,7,33,72,20,93,94,20,85,96,11,64,52
18,54,35,54,28,56,78,46,54,22,66,86,96,8,58,6,64,26,27,58,40,29,77,83,75,33,17,82,14,37,15,23,38,93,53,50,27,80,78,87,73,63,30,44,34,75,83,83,71,71,71,53,25,5,51,52,87,31,43,7,60,75,35,79,77,19,97,24,52,3,68,86,87,68,94,36,81,20,31,20,82,6,99,87,15,46,16,84,35,82,38,10,51,17,21,100,13,14,90,84
48,86,78,49,1,52,92,78,67,63,82,57,16,19,41,24,32,71,35,91,43,93,94,85,34,93,96,46,0,93,85,82,74,31,15,56,22,88,68,21,62,14,78,12,33,41,36,33,56,43,97,34,70,43,76,23,35,86,51,13,22,70,79,77,14,19,32,55,49,44,59,35,93,16,32,54,75,54,35,70,46,74,63,85,71,62,75,99,43,23,69,68,40,75,43,68,96,0,76,62
80,84,41,98,44,2,55,91,15,71,46,37,55,15,37,73,43,61,95,61,82,22,69,15,65,30,57,90,97,57,16,65,24,27,92,15,45,30,27,21,72,71,49,79,6,72,65,63,33,48,10,34,83,63,99,84,65,38,93,31,52,58,10,97,69,38,43,41,96,95,10,7,77,60,73,1,25,63,49,17,92,81,22,72,64,3,46,11,6,83,69,14,33,98,75,33,30,98,84,0
84,67,87,23,29,24,77,100,6,48,70,72,74,41,95,63,23,51,41,31,93,35,26,64,77,12,24,47,41,92,44,47,53,55,83,59,98,39,73,61,31,62,80,73,13,18,17,27,25,76,51,51,73,56,44,38,89,68,70,85,49,38,82,62,10,8,30,30,74,76,69,51,76,35,93,81,34,41,15,70,20,50,26,86,69,59,12,47,94,25,59,60,41,38,56,41,82,5,69,10
14,29,68,6,72,59,38,54,49,70,49,1,22,54,27,69,7,73,81,48,54,37,23,51,64,25,90,38,4,21,86,43,72,30,14,78,40,23,66,10,90,20,48,2,6,96,75,33,92,75,27,56,45,54,38,1,31,19,63,38,15,89,42,45,78,22,98,23,60,59,23,57,99,94,33,49,2,44,50,71,35,4,49,57,33,55,67,59,57,86,73,5,36,86,71,62,41,100,1,44
14,9,16,67,2,25,36,20,27,73,42,48,90,31,98,86,66,71,14,78,98,26,84,13,96,69,30,18,23,35,100,43,32,40,26,40,92,77,35,98,44,9,65,24,32,32,89,15,87,95,39,15,14,80,88,10,37,83,100,30,37,55,65,32,61,89,22,78,66,84,32,80,49,32,22,31,31,81,44,43,78,3,65,32,71,68,53,10,27,41,41,90,3,15,80,60,86,47,45,83
41,52,42,91,94,51,57,46,51,99,34,100,45,97,31,62,94,69,66,73,35,15,83,33,44,27,44,93,99,78,40,99,35,56,96,65,63,30,16,58,11,92,60,20,57,17,35,72,94,36,17,61,61,97,57,79,55,7,3,31,33,7,34,6,43,61,45,36,90,57,17,0,13,99,7,53,69,27,91,40,4,45,7,38,84,76,21,88,47,83,20,2,83,49,2,63,89,66,69,59
67,86,73,76,31,92,50,16,67,42,73,11,91,19,28,87,57,2,73,39,97,4,6,49,84,10,46,11,22,56,83,76,55,29,90,89,89,2,96,28,34,62,90,98,29,53,69,40,40,68,100,38,36,54,57,40,95,18,19,23,34,12,4,76,73,98,57,2,89,82,50,80,44,4,52,64,55,65,56,100,29,44,10,18,39,62,16,12,59,66,14,14,90,16,59,1,38,66,90,74
32,75,91,20,86,5,14,58,45,61,52,3,82,76,21,24,34,8,53,38,78,20,6,19,93,81,40,54,81,70,18,43,30,35,22,20,7,32,73,10,84,81,47,80,5,26,16,83,97,80,74,86,71,88,67,47,38,13,100,6,86,68,64,31,93,58,33,18,24,94,79,84,57,25,17,61,7,92,47,41,83,36,66,42,66,85,49,26,62,81,83,53,2,59,33,37,25,41,1,98
56,74,41,78,21,67,57,69,47,38,60,83,97,28,27,15,96,37,23,100,6,85,15,77,20,86,68,27,13,7,76,72,65,66,47,98,71,2,97,54,40,18,31,28,13,92,28,22,95,83,3,31,92,56,68,67,54,22,3,51,80,64,38,47,97,32,96,78,24,25,19,41,67,41,44,70,70,7,74,92,63,70,47,68,69,29,66,58,29,8,4,51,65,67,100,57,24,91,17,74
100,92,8,18,69,72,78,42,30,51,94,72,29,92,49,88,100,60,98,32,7,65,70,76,78,67,25,93,3,64,89,73,25,47,26,41,58,3,36,10,51,50,13,2,51,64,30,10,92,77,59,38,52,89,78,83,42,91,2,40,41,0,27,68,72,24,77,0,30,51,42,34,73,84,90,26,58,63,47,67,45,70,38,34,36,76,42,99,0,6,2,64,31,78,32,17,99,82,6,57
49,52,42,72,13,62,53,86,75,82,94,41,56,27,7,55,48,67,99,82,81,16,74,77,95,71,21,93,78,16,23,9,4,84,42,5,75,18,54,97,97,27,29,82,71,56,69,96,98,44,49,54,13,97,10,9,62,41,46,3,8,81,90,10,25,30,13,92,40,78,43,26,73,73,47,7,17,45,98,47,76,52,77,55,25,78,31,64,45,87,59,49,12,81,3,90,4,58,52,87
47,97,79,82,97,37,71,83,82,84,1,16,18,66,60,96,1,72,63,51,64,64,79,44,50,1,71,98,98,9,86,63,23,83,2,42,31,60,33,63,78,25,28,61,83,60,49,97,18,74,64,66,94,70,81,31,2,89,78,6,86,88,7,70,17,61,16,46,80,47,50,32,72,78,29,35,17,78,60,37,78,51,57,43,36,44,100,93,21,80,47,68,9,37,27,50,20,82,19,54
28,38,18,18,89,19,24,22,62,3,50,91,25,81,71,76,1,76,73,95,66,56,36,20,19,17,100,58,2,97,81,29,27,6,96,62,28,94,31,74,78,96,87,80,53,32,100,68,100,66,10,99,8,55,40,25,45,85,98,71,7,76,32,61,58,60,60,58,64,69,82,80,50,0,48,50,7,47,87,26,99,11,94,45,57,57,29,38,91,31,49,12,46,40,20,85,35,32,60,40
1,6,87,21,11,52,45,52,77,51,52,74,15,99,81,47,91,60,50,20,84,5,37,85,92,14,2,72,73,56,62,38,75,54,18,6,99,35,89,78,65,38,78,52,51,10,27,24,22,69,57,9,15,43,33,88,11,33,84,71,96,13,15,5,69,66,57,46,26,73,1,17,1,51,61,17,86,71,76,53,94,14,20,52,41,17,52,42,37,13,55,81,99,36,6,17,79,31,91,47
66,32,89,99,64,82,30,57,33,43,6,87,44,16,92,48,68,41,11,29,40,57,91,61,47,55,46,31,62,85,85,74,76,91,40,63,96,48,81,35,27,86,61,75,2,16,72,62,92,47,91,83,60,10,66,48,78,73,85,65,43,74,70,89,79,60,49,59,68,61,26,99,90,35,37,15,60,17,42,61,31,5,52,97,24,68,71,90,54,14,46,17,58,59,11,24,61,88,61,14
85,23,85,8,53,87,86,28,20,90,32,37,15,37,26,18,43,90,2,48,37,76,35,97,11,22,55,41,23,32,29,28,94,25,3,34,30,89,41,68,43,29,68,26,43,56,40,91,8,79,41,95,6,63,87,86,28,74,63,32,48,70,46,35,36,98,35,15,5,43,87,44,33,74,99,42,45,28,53,15,77,9,42,26,27,59,55,34,88,80,32,7,19,5,37,86,41,97,12,46
27,99,73,92,72,65,90,62,59,96,44,69,18,3,41,26,40,74,2,99,18,62,13,17,76,77,0,69,45,46,60,42,13,26,80,92,19,95,41,38,45,68,99,25,9,59,94,47,3,19,45,40,64,65,38,71,70,54,11,57,18,70,44,8,82,3,41,23,30,2,82,47,77,74,94,0,6,67,48,91,78,88,77,32,2,54,2,7,53,5,68,43,18,7,28,11,91,18,12,64
27,76,64,99,86,87,92,47,51,30,92,43,16,50,56,32,40,29,66,43,71,81,61,51,92,57,72,74,74,12,13,22,88,66,100,94,30,42,61,8,78,43,50,22,62,86,79,81,57,95,53,70,55,13,13,57,74,33,88,93,60,6,13,45,30,54,61,82,41,62,81,22,40,46,68,36,2,42,1,32,78,1,3,95,61,58,36,77,50,65,51,79,59,41,80,28,6,7,12,19
78,85,75,61,27,83,73,13,82,51,12,35,83,80,45,72,0,57,14,94,55,45,54,33,81,15,81,24,53,39,13,0,48,16,45,44,74,14,78,82,74,85,48,5,36,9,62,32,34,66,15,1,65,62,35,77,91,70,22,77,19,35,30,93,17,15,73,39,52,0,91,28,80,70,55,90,86,87,48,10,93,94,98,17,61,4,26,73,26,41,72,34,94,27,90,71,11,51,52,64
22,60,74,6,77,59,68,100,39,100,68,53,24,95,22,71,32,79,91,80,64,21,69,17,57,52,24,21,33,84,68,91,32,9,24,8,14,40,63,30,93,66,42,64,92,28,43,0,52,66,79,14,37,8,72,60,83,51,82,46,91,37,83,87,61,79,26,83,31,7,21,55,15,97,24,68,50,61,32,15,27,45,54,83,31,52,97,94,8,6,45,9,17,2,2,28,34,60,64,70
79,81,61,95,80,11,93,99,26,4,18,92,50,60,20,77,39,35,40,55,63,18,6,19,82,42,88,72,1,87,7,2,29,85,79,39,28,74,53,78,85,15,36,27,66,80,53,95,40,99,32,9,25,35,40,74,94,93,43,51,44,67,26,79,64,13,40,86,8,77,29,77,8,86,61,80,7,40,40,91,82,81,17,52,66,97,99,75,21,97,83,73,67,41,4,69,98,62,99,7
81,58,58,60,70,35,27,52,2,33,21,98,18,25,45,47,11,66,41,60,14,47,13,58,31,67,38,72,62,76,98,84,13,79,13,48,6,81,5,99,6,78,54,64,98,7,30,20,51,80,36,59,83,81,77,59,6,70,0,80,97,15,100,85,21,23,69,88,10,88,60,100,68,87,6,78,27,37,11,50,28,32,64,26,38,16,64,12,87,40,83,4,27,30,81,80,47,19,67,30
91,90,64,22,71,8,66,41,34,65,30,13,45,10,10,60,17,1,26,68,70,6,98,89,49,15,85,3,63,16,94,56,65,99,12,39,39,99,99,71,68,90,71,65,98,57,42,0,52,8,0,31,0,16,36,34,42,47,57,49,94,66,8,52,47,85,8,74,37,11,98,91,0,55,71,53,79,11,57,41,56,94,56,84,88,12,83,86,59,21,57,45,32,20,90,4,30,38,42,13
85,21,8,90,95,1,89,26,81,68,74,29,80,95,35,18,4,10,59,36,19,57,21,89,56,19,98,65,43,45,75,18,100,18,19,41,69,54,14,99,72,75,81,40,27,29,46,31,35,26,20,85,51,55,80,83,58,32,3,48,77,41,73,30,94,37,22,81,13,83,33,99,47,11,88,41,98,53,80,23,70,100,48,87,39,14,31,50,25,45,31,42,78,1,1,31,91,57,6,34
18,70,96,7,67,36,92,79,51,58,39,20,28,0,56,36,27,80,11,34,2,10,85,48,68,83,100,36,34,30,98,2,43,31,18,22,41,99,15,56,61,9,18,47,74,37,55,43,97,16,89,10,60,21,92,27,9,85,31,85,10,44,43,87,35,74,66,7,30,5,20,14,85,89,91,82,83,18,61,41,57,13,45,84,82,16,45,44,73,65,46,44,100,43,78,2,59,36,71,58
41,23,87,37,99,95,40,84,38,55,89,55,56,63,1,46,89,45,23,85,45,88,78,52,59,52,69,36,29,22,58,63,96,96,4,29,2,18,75,88,44,71,28,35,42,77,4,73,36,86,57,86,42,94,6,76,80,92,55,76,53,37,66,73,87,14,21,4,40,14,100,77,49,51,37,1,48,84,61,39,76,1,53,3,71,62,63,82,80,26,78,47,5,97,7,78,51,91,50,35
24,24,93,19,45,14,10,34,20,53,14,70,52,31,97,22,5,92,82,82,43,11,51,32,87,61,89,78,8,87,7,46,27,99,6,45,23,68,36,69,3,75,10,45,2,24,15,100,32,92,51,53,26,51,55,29,93,48,71,34,52,28,85,2,30,3,32,17,15,74,17,93,0,20,93,77,21,60,91,22,82,60,92,40,15,65,21,70,45,67,62,59,71,94,26,3,74,59,61,7
61,71,30,70,12,87,90,58,71,67,60,62,99,34,31,30,67,61,12,69,69,51,25,69,17,99,18,34,23,85,52,12,33,42,9,87,22,47,58,85,57,32,20,82,66,10,37,61,61,61,90,79,48,12,30,62,70,88,19,6,30,59,44,32,71,18,94,3,57,31,58,42,41,32,22,26,8,28,40,71,91,99,81,63,4,11,15,10,35,46,45,0,88,6,77,9,60,1,28,94
47,14,58,69,92,27,38,15,69,79,55,59,67,66,64,43,37,39,27,14,77,100,74,13,1,63,48,81,39,29,31,29,23,19,34,57,17,76,23,85,97,41,57,45,68,83,84,5,78,78,22,23,28,37,51,16,9,55,36,81,13,26,43,47,11,20,27,61,34,20,26,86,60,77,4,98,12,40,52,47,75,48,30,83,37,28,96,79,66,17,34,64,40,80,11,3,27,46,48,37
90,70,81,8,81,0,52,74,73,36,9,79,54,45,70,8,66,95,89,11,13,18,29,61,6,62,86,82,32,83,34,30,96,1,67,53,95,98,74,55,81,15,64,26,16,15,26,32,19,73,38,60,75,39,25,56,80,23,91,8,80,73,23,71,13,68,25,41,11,67,13,38,57,48,55,12,47,30,100,13,12,43,81,65,95,28,41,53,78,54,91,63,57,78,60,3,44,70,86,64
58,39,10,81,56,70,12,71,41,73,34,98,94,19,35,97,0,48,2,35,80,87,67,90,72,76,22,65,78,64,69,42,96,27,43,26,33,27,96,31,87,81,95,97,60,93,97,60,11,28,67,79,17,6,39,38,68,37,51,88,2,18,15,79,78,5,56,31,44,73,25,92,70,73,30,55,24,94,52,94,61,17,18,68,30,10,75,49,85,11,85,44,25,45,97,90,14,3,25,20
18,34,89,6,90,3,89,50,88,99,27,75,23,32,77,45,73,63,81,51,90,13,23,25,61,17,7,64,32,87,23,28,93,100,91,30,97,70,65,19,26,82,35,83,37,16,22,39,91,41,51,16,2,68,79,99,97,99,74,34,84,97,14,22,48,61,16,42,62,45,42,13,83,45,70,72,54,85,92,54,87,32,27,13,44,41,57,36,48,69,78,47,22,83,68,23,80,75,23,73
9,46,49,81,23,13,42,6,2,78,73,18,77,99,90,96,62,57,53,91,57,68,36,7,57,0,13,69,41,37,19,45,18,71,83,96,19,84,1,37,6,47,32,67,9,82,78,23,5,62,3,14,11,86,77,30,78,36,91,99,31,76,27,45,25,85,64,22,15,77,40,11,4,59,90,80,95,29,21,18,40,30,75,8,75,50,39,82,25,97,10,78,70,46,86,92,7,83,15,56
53,6,47,56,49,99,36,26,41,34,9,30,98,64,82,88,23,19,68,19,92,42,92,12,25,78,15,80,70,7,89,56,2,53,60,86,16,62,21,11,42,1,47,6,33,13,15,18,44,2,57,95,86,60,68,81,18,41,15,22,87,42,60,7,8,95,3,20,33,73,5,84,36,8,37,31,14,42,32,17,72,10,45,96,78,30,57,72,26,88,48,39,10,17,63,11,36,19,66,2
16,68,23,37,42,44,27,39,72,18,6,60,31,52,63,28,67,67,39,8,41,69,8,68,10,88,15,87,6,72,44,15,45,78,35,54,39,61,79,68,76,24,1,8,45,68,76,4,7,66,95,53,90,62,5,80,0,33,50,92,94,51,78,7,93,68,63,31,1,83,5,19,49,20,65,43,94,12,14,80,40,89,86,80,73,23,80,6,7,98,64,32,3,2,35,3,27,65,73,82
12,15,40,77,38,98,51,24,44,50,62,89,36,23,5,31,26,34,27,81,89,76,53,48,62,88,87,84,91,30,62,78,43,29,63,66,25,83,21,37,44,25,92,96,18,89,12,62,100,81,46,4,4,90,36,39,41,23,78,88,94,90,70,34,73,48,45,19,42,54,18,72,46,50,92,10,10,11,49,34,75,92,62,88,72,71,37,87,42,20,32,6,17,68,65,66,47,19,27,61
91,97,7,28,91,46,86,34,15,53,24,52,65,35,94,36,4,24,91,13,87,51,97,86,42,41,85,48,10,37,20,31,88,16,2,29,67,97,97,8,100,93,21,92,36,0,90,11,40,23,0,75,97,46,55,68,43,48,88,62,26,62,69,15,34,70,87,60,41,86,73,53,98,39,40,2,73,33,59,7,19,12,60,11,77,37,50,55,61,27,40,52,67,100,31,31,53,51,64,45
16,55,10,8,8,69,89,20,44,60,92,39,0,49,83,16,19,69,18,53,75,20,35,82,77,11,85,99,25,91,67,80,42,66,12,20,92,21,83,53,4,11,99,57,87,29,67,73,69,59,21,75,74,61,75,97,80,0,96,6,79,39,6,15,63,95,67,76,92,44,73,87,43,93,51,28,29,50,51,79,60,65,15,29,82,80,8,77,2,64,37,19,48,5,87,56,100,33,30,12
88,3,24,60,82,89,78,55,41,82,3,55,71,20,92,96,36,25,74,7,73,68,67,36,77,92,19,86,51,10,4,23,40,1,25,64,36,50,52,77,100,44,68,23,95,7,34,11,41,4,60,94,69,53,15,1,89,66,98,83,28,7,55,99,97,26,75,37,88,19,78,26,24,3,76,44,4,7,7,86,33,99,92,63,62,31,1,72,87,59,45,70,66,9,87,96,79,30,73,80
52,46,10,16,26,52,87,53,100,56,30,78,59,15,71,9,8,58,8,68,45,74,40,44,98,91,88,26,68,38,43,80,10,23,74,92,87,18,28,25,98,44,26,72,43,69,78,68,17,25,27,1,91,72,75,57,65,69,22,9,100,51,88,60,54,82,7,48,81,97,1,16,22,17,37,60,63,28,26,88,2,66,58,64,70,62,7,6,8,0,17,2,46,76,25,70,76,32,79,8
96,37,36,19,61,35,13,47,17,100,84,89,40,87,33,86,18,64,31,12,15,26,47,34,13,11,33,95,53,83,8,82,100,65,44,52,1,12,63,62,82,82,13,12,1,62,40,100,16,56,85,11,100,12,27,90,24,7,44,90,85,92,8,96,52,1,80,93,59,49,11,38,23,13,40,8,29,69,16,43,82,32,97,62,93,26,74,79,51,59,19,40,19,14,37,28,23,44,45,73
41,52,30,23,63,4,8,78,76,67,62,39,65,86,42,60,2,0,84,44,99,67,58,46,31,27,13,9,55,31,89,42,82,45,22,85,83,29,11,26,33,69,74,58,81,30,69,73,46,21,86,7,59,64,75,63,0,37,14,36,8,7,76,31,91,35,72,70,93,71,69,37,73,79,93,88,95,46,55,73,92,81,80,96,57,13,53,100,90,54,0,91,41,77,88,7,45,64,99,26