77,79,79,86,10,54,87,20,66,60,5,41,34,79,84,86,47,25,28,28,30,93,8,75,96,64,1,92,93,34,69,25,67,37,8,52,6,41,60,3,40,38,8,49,39,4,12,17,7,3,29,76,10,85,53,22,69,2,3,87,91,43,73,36,3,58,34,43,36,93,96,78,43,63,38,22,77,19,9,8,86,94,97,69,70,72,19,42,38,44,81,88,85,81,93,44,60,43,11,15
89,17,50,87,57,35,95,25,26,40,33,92,18,84,34,58,85,15,2,56,61,12,59,92,4,83,95,4,59,96,46,47,12,93,18,84,69,84,20,57,83,61,71,85,74,93,18,94,72,2,45,34,59,19,80,10,87,30,45,34,46,80,82,15,11,14,0,74,67,64,30,2,23,81,21,76,7,69,4,80,63,95,80,85,69,58,89,13,76,28,17,74,56,98,0,72,24,6,17,50
43,65,33,81,18,5,2,87,68,37,97,99,37,13,22,9,44,52,95,43,18,64,26,24,54,94,53,2,42,54,63,62,70,80,66,4,76,70,67,87,5,29,11,6,80,72,5,55,92,71,35,22,22,67,49,55,11,36,3,81,71,7,92,13,51,77,91,13,20,50,75,59,14,1,45,44,31,14,12,50,8,40,94,6,11,53,48,64,93,74,12,41,1,94,67,27,57,6,16,20
23,36,29,35,93,24,68,66,75,1,46,68,80,55,57,20,32,53,54,36,2,93,90,11,53,57,82,56,65,100,11,47,81,15,84,49,19,67,90,30,20,26,3,28,23,11,20,90,48,5,56,42,12,99,65,33,98,82,43,98,15,3,75,34,74,40,31,88,17,59,33,6,59,84,9,61,73,26,39,57,43,67,53,89,91,35,44,70,86,40,63,30,53,53,40,51,73,32,54,58
64,14,53,77,30,89,85,100,93,68,81,42,25,32,49,67,48,80,71,64,35,83,12,99,85,94,3,91,37,29,80,31,44,94,41,90,10,38,57,49,10,75,22,24,6,27,7,32,3,55,98,64,59,80,65,71,24,34,6,60,83,54,39,75,98,23,94,47,83,29,26,56,76,22,86,34,40,53,88,60,37,21,74,88,79,11,66,61,37,9,48,7,25,81,90,38,69,14,89,89
100,68,4,57,84,43,98,45,25,38,81,17,63,11,68,6,50,16,34,53,8,66,52,97,100,48,15,55,68,55,97,70,81,6,11,57,28,91,84,33,53,13,49,85,85,66,23,64,96,88,68,71,20,69,80,15,31,77,53,65,76,80,38,32,29,72,93,50,56,81,52,22,40,66,0,66,50,0,75,89,95,53,10,86,43,42,47,72,15,17,54,91,46,75,17,2,55,88,75,27
46,22,47,66,15,73,72,31,28,12,26,58,45,0,4,97,15,0,26,86,92,30,11,28,10,29,8,3,69,4,79,59,31,20,10,5,36,52,4,49,72,82,0,24,52,15,48,25,85,34,63,46,83,42,79,53,35,69,4,42,87,65,63,85,45,46,35,8,58,71,47,15,59,100,0,85,22,5,36,10,56,24,46,94,13,43,19,30,95,73,83,63,92,75,96,9,91,28,63,47
65,54,24,96,54,74,70,44,73,50,91,13,91,14,37,42,73,97,57,36,96,63,17,12,34,51,33,2,25,89,1,32,10,78,94,42,47,77,20,6,55,3,17,37,26,74,28,41,71,18,45,92,13,55,20,23,56,9,41,66,67,68,85,100,97,26,69,98,98,51,91,84,24,14,17,47,38,96,68,0,76,22,4,88,24,10,42,40,84,73,1,15,64,44,2,40,94,69,11,55
47,81,100,92,76,71,80,4,21,86,100,32,83,80,91,34,43,51,13,58,78,41,95,78,67,92,75,23,50,88,14,4,10,64,12,36,65,11,61,1,26,15,84,68,69,75,30,61,98,65,83,79,19,23,36,12,46,85,1,1,25,47,35,54,36,27,87,69,72,41,8,69,46,11,66,15,64,27,5,6,49,52,60,10,36,78,21,64,64,2,50,56,40,59,78,12,9,6,89,43
19,81,29,74,55,41,85,1,21,70,93,11,78,45,51,71,16,93,37,25,87,86,23,39,55,40,69,28,27,33,39,11,11,35,57,32,30,69,100,24,59,25,98,100,18,42,71,90,83,9,33,27,90,52,61,53,52,77,35,19,75,84,13,15,7,4,56,47,76,55,4,21,37,86,88,32,89,64,69,81,27,28,30,97,91,11,48,50,44,51,66,93,38,59,44,62,9,29,85,90
11,11,66,92,32,17,99,14,61,57,13,79,79,18,19,37,63,42,53,40,35,24,70,57,59,71,100,62,50,35,26,59,13,0,61,60,61,95,60,91,50,63,75,66,74,48,60,70,12,44,51,65,71,3,10,70,69,36,40,50,59,12,19,65,43,84,18,54,99,0,77,97,42,51,27,66,29,42,62,55,69,77,67,80,100,10,64,20,78,58,91,27,91,36,53,21,18,65,50,89
62,25,91,3,39,46,28,65,69,48,92,48,81,20,75,38,91,51,24,29,26,95,55,68,94,88,85,98,5,20,14,42,30,40,73,70,99,92,40,59,7,96,60,48,92,7,73,75,96,58,45,58,100,80,68,99,22,44,37,15,94,49,78,67,21,79,77,4,63,40,70,40,19,7,59,12,75,7,74,22,46,49,68,36,77,80,5,24,18,35,87,8,17,74,89,33,6,72,98,66
32,99,48,9,16,23,6,38,25,55,80,24,51,87,74,94,25,60,36,83,57,34,89,48,24,65,86,85,67,54,24,1,14,55,43,1,18,41,28,76,70,37,100,32,13,96,21,16,9,92,35,56,87,81,100,35,9,72,65,65,27,98,0,85,36,18,4,25,41,20,29,53,8,60,33,80,30,14,16,27,29,3,14,25,12,21,74,58,73,42,45,79,56,74,53,24,20,9,10,42
72,50,49,42,99,66,18,14,83,71,44,88,80,0,63,94,90,32,68,89,95,32,44,20,51,27,67,78,8,43,35,11,5,56,53,67,26,83,86,39,55,68,79,1,23,37,81,27,35,80,21,59,81,35,77,62,78,98,71,46,7,15,39,91,80,36,46,22,38,94,41,53,12,95,2,99,67,21,76,39,72,83,86,92,11,4,51,12,92,53,26,91,88,71,27,65,94,85,33,88
53,89,67,5,11,96,20,30,51,6,17,9,31,58,67,67,60,98,21,53,67,42,83,93,96,11,100,79,81,98,96,88,13,49,98,19,19,16,70,16,50,7,57,55,29,99,50,84,99,26,98,32,53,31,6,15,80,21,21,42,44,52,45,71,76,60,70,55,69,29,35,86,47,52,64,5,55,54,57,6,40,37,41,46,82,2,68,55,39,30,42,72,71,35,53,23,71,23,52,35
51,70,68,75,42,29,5,7,73,79,30,73,22,54,50,72,17,94,88,79,43,51,71,64,12,84,7,6,87,16,89,96,58,25,91,28,10,53,50,57,5,5,91,91,96,92,75,1,4,7,81,12,39,6,51,88,54,65,67,99,5,38,12,85,74,97,74,87,41,89,12,4,90,6,19,90,16,8,84,88,81,24,25,23,76,92,8,48,69,44,56,86,12,86,13,26,98,41,22,56
84,51,78,21,35,44,9,34,8,67,71,38,73,34,83,23,90,10,5,34,26,11,11,16,91,47,74,99,30,18,81,5,31,37,13,13,97,97,85,92,21,19,15,3,25,56,64,87,30,73,51,20,94,56,49,65,41,62,84,47,66,49,40,24,21,82,59,0,10,27,29,4,46,11,79,18,13,86,59,28,28,24,48,46,48,38,100,88,57,27,40,9,38,3,97,57,8,49,72,15
72,91,29,71,55,72,6,7,100,96,8,31,43,55,23,3,17,3,53,26,66,12,18,63,1,22,28,96,87,60,0,7,89,42,38,100,9,77,70,90,31,29,95,29,56,61,71,32,58,35,29,55,32,33,87,35,84,7,79,100,55,91,41,35,65,12,54,8,27,39,82,88,54,3,7,51,96,57,93,19,7,50,98,9,21,8,46,86,32,32,17,88,3,81,71,77,47,19,7,14
22,24,1,14,80,42,43,95,85,67,27,26,38,51,48,76,67,25,51,26,52,27,71,84,18,47,40,2,86,20,100,62,81,4,53,35,73,76,98,33,94,83,100,53,48,60,38,67,41,81,89,85,4,96,38,55,85,6,30,98,25,57,68,52,42,23,6,1,2,11,47,33,4,14,38,79,25,2,85,47,17,34,9,67,83,95,96,48,56,37,70,31,44,91,12,13,58,80,98,18
95,92,54,87,91,5,27,25,55,15,96,85,9,91,60,82,6,25,27,79,63,89,11,92,1,24,74,99,67,17,12,87,10,18,72,22,59,73,2,18,51,56,22,10,70,14,43,87,70,41,73,21,73,80,16,65,65,54,2,92,49,59,2,49,27,65,65,92,40,34,53,25,99,15,51,32,45,21,14,98,76,99,9,66,51,33,97,0,8,49,30,71,84,11,35,23,90,96,12,19
26,43,56,22,8,4,4,75,85,70,83,89,16,71,59,55,69,60,20,89,25,58,90,34,63,56,18,18,87,23,76,92,32,86,51,34,68,1,95,82,53,92,24,80,54,38,49,29,34,21,78,15,28,6,96,55,71,76,37,80,74,88,26,57,24,48,59,34,98,90,57,70,0,87,95,39,20,100,93,19,52,64,17,37,5,100,4,35,77,73,96,2,50,24,76,96,25,83,92,6
11,6,36,81,64,98,24,83,76,47,30,3,15,57,74,81,61,64,29,42,23,37,80,62,84,26,11,53,91,36,37,74,74,55,48,4,73,15,50,30,89,2,72,91,2,14,52,12,40,45,24,15,80,18,26,3,94,50,74,36,72,48,46,41,71,8,21,9,21,94,38,97,23,48,55,56,99,51,78,17,89,24,16,77,44,9,36,55,28,65,68,31,64,76,63,40,87,10,65,89
36,38,62,23,74,4,83,90,1,85,23,60,28,47,24,97,38,19,61,91,47,99,22,83,13,80,72,48,46,80,44,36,64,76,71,17,2,63,56,87,42,82,72,49,53,8,13,31,14,79,47,38,8,81,8,64,87,42,56,94,38,70,6,9,13,3,86,99,10,50,75,39,26,81,71,25,59,53,36,64,15,39,86,80,43,33,17,12,57,36,96,78,99,21,32,53,39,79,20,15
91,13,28,22,97,55,30,41,27,48,40,44,41,78,25,0,79,74,79,82,75,58,40,3,93,69,78,79,47,28,58,9,91,45,87,40,19,14,68,20,60,17,46,73,77,98,8,16,75,64,83,84,53,66,20,44,31,75,48,12,21,88,50,59,19,38,77,93,11,19,80,80,97,58,57,10,66,31,29,58,37,95,17,12,66,57,14,25,95,84,12,47,91,51,20,87,99,79,48,37
36,56,22,91,66,48,97,29,83,28,53,83,19,82,3,40,4,16,95,92,48,0,85,27,100,44,10,91,50,2,76,61,59,11,63,100,19,31,15,40,0,34,0,51,5,91,86,28,26,92,20,58,47,62,98,32,82,58,93,13,3,77,47,89,69,26,88,26,67,71,5,79,70,26,29,57,63,36,13,5,27,21,74,35,37,75,76,57,35,26,85,58,11,62,65,1,20,43,49,0
6,14,59,30,61,57,33,71,92,1,79,85,30,83,2,70,91,16,89,80,40,20,73,91,63,30,100,43,85,93,80,41,71,1,51,62,72,10,52,90,79,94,72,93,30,15,37,78,4,19,30,100,80,2,43,36,67,52,81,18,85,30,22,27,77,30,8,39,13,63,56,24,99,87,27,99,50,65,94,2,89,44,59,31,46,76,31,2,55,37,1,28,9,44,9,13,12,76,25,37
72,22,79,17,88,0,58,65,81,16,90,8,32,24,96,70,81,38,84,13,53,89,49,76,63,17,86,46,82,2,37,50,8,21,98,28,21,78,40,2,55,24,76,96,13,15,74,70,77,81,87,73,82,3,22,92,89,39,88,72,69,19,54,61,88,98,8,11,5,71,79,89,17,8,18,4,52,33,18,78,40,56,60,41,17,59,1,18,16,28,2,15,86,12,11,64,38,82,37,4
96,37,19,74,1,95,71,72,40,100,53,78,84,8,61,67,42,34,57,54,66,78,99,77,22,91,89,20,92,51,29,46,22,32,26,68,86,77,9,20,88,83,11,87,74,70,13,25,82,54,73,56,54,61,51,66,74,38,17,63,78,37,96,27,40,13,80,83,15,60,21,60,16,87,80,50,8,61,48,90,77,41,23,25,50,10,65,75,4,99,19,13,52,99,2,90,74,80,22,54
2,80,37,5,37,9,47,56,93,6,20,51,47,96,84,47,45,68,88,24,78,74,81,20,16,14,11,85,46,44,1,45,84,58,12,70,76,96,78,12,4,31,25,6,29,16,43,70,60,18,35,42,95,79,95,12,14,2,30,88,33,62,56,19,21,22,3,55,62,5,1,52,44,17,12,89,36,71,94,51,22,8,44,8,49,40,25,49,41,1,31,13,57,16,56,86,42,55,75,56
8,79,97,8,93,56,74,61,48,22,86,63,12,11,37,28,26,60,46,2,36,61,75,47,24,30,62,18,36,77,45,67,25,39,1,56,77,58,91,22,91,8,63,20,0,56,91,77,94,89,67,80,67,73,19,95,9,10,66,10,40,97,57,88,24,12,15,60,0,79,94,29,42,82,52,39,18,16,25,21,83,6,60,45,31,30,32,22,17,11,3,71,27,10,44,50,4,63,11,0
70,62,57,29,19,84,22,86,82,44,64,3,88,51,45,84,62,37,42,59,68,20,31,66,85,89,71,38,76,96,9,68,33,63,29,87,30,90,33,63,96,49,21,47,55,46,0,8,62,39,67,68,49,55,36,98,18,74,88,11,60,66,98,55,21,27,78,93,78,92,27,57,48,89,9,33,31,59,48,92,80,43,15,73,25,66,99,94,8,72,41,60,91,64,11,77,100,45,99,59
57,57,80,98,57,70,85,69,40,14,30,74,82,13,27,5,60,76,54,58,10,76,17,50,1,8,59,81,42,81,64,43,68,2,26,1,56,6,0,8,81,19,47,63,89,23,22,71,45,42,81,98,67,82,39,34,16,36,26,0,76,64,93,53,67,68,66,82,71,10,92,25,4,99,90,97,90,65,9,3,36,61,77,89,38,64,22,48,36,59,51,28,98,64,93,20,69,15,75,94
31,18,99,20,46,98,85,39,56,62,0,46,84,25,39,54,71,10,38,42,50,57,92,73,48,15,97,68,83,51,79,25,75,18,86,13,96,80,0,74,70,4,27,46,66,26,30,21,61,46,46,31,86,46,55,50,34,15,27,80,8,51,85,35,21,61,32,90,23,80,7,63,37,0,93,4,87,82,44,52,11,78,21,58,13,31,44,34,84,17,18,35,93,77,62,14,100,55,98,56
47,84,81,60,63,7,76,95,80,87,37,100,7,36,12,75,15,8,27,80,67,86,68,39,55,12,22,52,76,65,83,64,89,5,92,97,23,92,10,18,55,87,17,28,89,8,35,17,23,96,61,28,58,64,52,96,14,78,1,1,94,13,68,30,11,26,20,14,71,11,42,54,92,64,70,88,0,36,17,29,6,3,98,82,47,61,67,93,30,62,24,53,69,28,9,2,96,21,41,64
55,8,2,87,28,73,79,52,58,28,85,27,20,95,3,45,92,57,7,68,81,13,19,29,86,38,40,14,91,23,76,39,15,100,69,44,96,27,38,33,35,81,92,36,65,17,24,56,60,36,14,95,24,94,75,11,27,65,59,17,70,87,83,18,99,82,75,48,60,61,54,40,42,51,33,89,3,12,95,26,85,22,96,52,29,89,92,69,83,55,60,84,82,26,99,49,75,6,100,91
14,37,76,20,96,56,14,40,41,65,19,45,31,79,30,54,80,94,23,76,14,96,83,64,77,49,37,5,49,14,10,10,49,27,4,62,57,82,9,12,95,95,7,69,66,34,64,11,75,35,41,62,98,50,63,48,30,2,48,75,64,70,68,18,89,25,7,10,29,70,46,45,1,45,30,65,92,55,53,70,65,98,89,28,52,29,47,20,69,87,23,16,32,96,84,52,58,44,10,52
66,80,37,92,66,98,37,88,100,2,40,64,73,51,68,51,13,46,3,3,4,30,43,60,20,51,94,4,100,62,68,56,93,97,88,96,71,13,88,62,8,6,91,14,36,63,98,6,33,80,60,86,68,70,18,80,58,36,4,68,69,0,20,91,88,91,18,52,62,60,59,62,2,88,26,32,13,31,52,75,35,46,90,20,34,60,13,60,5,53,45,74,12,87,29,1,25,73,27,53
98,21,75,7,10,7,60,59,16,16,88,47,41,73,83,16,21,19,6,41,29,25,92,45,62,70,100,5,76,58,44,18,77,49,65,63,66,37,97,75,8,91,97,59,33,2,21,13,34,41,17,25,76,18,92,34,67,97,93,12,82,82,45,34,31,29,89,50,75,28,49,75,28,69,71,77,9,4,64,26,62,59,13,71,88,11,86,34,27,8,50,17,70,84,85,23,42,14,32,93
34,28,12,28,74,77,49,84,40,1,24,20,99,9,59,71,55,73,46,11,14,98,99,76,18,7,80,47,95,86,5,91,79,35,36,20,31,24,42,91,39,66,71,21,75,37,62,87,69,51,48,60,1,91,25,94,50,47,3,53,4,3,7,59,57,13,69,33,78,2,63,81,8,1,74,66,1,8,78,5,98,59,73,13,29,34,64,77,77,82,99,69,78,88,40,92,37,68,94,91
97,97,18,17,61,39,48,16,62,26,17,28,93,6,21,12,44,44,90,51,81,38,80,100,4,57,23,89,69,20,9,69,83,78,98,70,41,44,18,75,19,88,74,55,69,6,85,50,43,98,27,47,60,32,90,32,57,18,49,78,85,84,94,62,52,57,8,29,96,31,79,89,51,54,1,2,24,98,61,84,50,18,5,87,27,32,99,44,53,37,79,95,83,37,17,51,22,32,24,15
65,53,31,3,43,34,59,24,54,80,39,98,57,16,89,30,58,66,87,24,91,24,33,56,49,58,9,0,55,36,30,71,56,62,17,51,25,30,17,39,18,4,86,18,60,29,58,3,72,92,21,34,13,75,8,58,1,47,28,2,40,100,30,77,43,78,80,38,5,17,57,91,27,44,31,56,95,82,36,77,6,29,77,32,5,46,20,12,19,75,70,69,4,74,31,25,75,25,45,79
71,58,54,90,83,49,37,100,81,88,68,80,3,27,53,36,46,54,52,41,23,28,48,33,61,49,30,52,52,71,20,90,93,17,52,19,83,44,34,75,87,94,28,71,33,32,68,91,33,27,87,65,68,74,52,35,56,11,86,5,35,95,62,25,80,61,53,23,5,96,37,53,63,83,15,42,68,62,91,39,87,100,36,75,82,59,10,64,39,13,34,33,37,60,90,83,46,72,88,64
61,84,71,98,74,95,83,98,54,25,57,85,63,50,52,11,49,47,25,35,97,64,37,58,67,90,89,27,6,85,92,23,22,83,73,82,61,67,55,17,92,49,11,16,53,32,97,86,42,2,68,17,43,84,43,4,85,75,65,21,62,11,15,4,38,54,52,6,48,71,80,61,13,71,19,92,66,46,99,31,31,38,14,77,69,25,53,6,70,5,97,52,21,61,98,37,23,73,66,35
0,85,24,84,48,23,90,59,86,25,8,57,50,20,20,11,71,24,24,22,76,3,74,9,41,3,17,48,80,41,75,7,93,60,24,4,50,16,85,100,7,23,73,42,19,25,3,27,92,74,75,69,91,85,21,5,14,57,56,34,14,91,34,52,77,57,63,61,75,15,64,65,91,35,30,98,14,32,99,74,45,64,35,67,15,28,34,40,1,8,47,23,34,14,42,56,75,34,3,94
66,50,62,30,36,5,93,74,96,48,73,48,43,39,45,98,30,47,46,24,100,81,46,92,37,10,40,100,20,84,12,34,80,62,71,58,13,6,21,100,84,81,76,100,95,15,12,47,74,45,50,38,27,53,40,32,47,28,99,36,33,51,63,80,19,0,16,98,97,61,58,39,93,12,21,58,55,96,46,2,0,49,20,27,14,84,42,99,72,43,58,84,23,41,13,48,68,37,5,38
45,79,86,2,85,91,51,4,57,29,43,35,19,24,71,12,35,16,78,72,6,62,92,64,5,90,5,36,97,49,21,76,66,26,91,46,73,50,50,67,35,25,64,74,70,38,89,5,6,29,53,92,18,32,68,18,76,60,88,12,5,85,10,27,8,78,65,22,61,52,46,77,91,24,34,39,99,64,63,76,29,60,75,63,40,91,56,100,41,99,61,33,70,0,73,32,41,36,25,67
15,93,83,56,8,25,29,27,90,52,69,29,3,0,59,75,83,36,94,96,53,0,100,53,32,62,6,37,90,66,64,89,15,63,59,54,57,35,13,27,50,13,82,29,12,84,52,33,36,67,80,15,74,75,87,75,28,68,41,91,20,52,18,88,42,70,12,5,62,41,76,78,54,96,81,72,21,65,2,97,67,79,0,97,92,98,95,57,16,96,39,65,63,62,48,61,51,23,63,49
32,45,85,86,64,1,51,15,89,30,52,88,64,11,83,98,62,9,66,70,87,34,65,98,67,81,54,99,9,21,41,98,46,66,15,17,29,35,72,16,81,43,45,60,87,52,69,20,22,32,46,23,55,30,19,21,86,26,14,56,100,39,37,82,38,61,0,33,45,98,65,100,22,63,81,1,90,35,94,35,93,55,89,83,61,10,93,28,51,18,77,56,19,77,99,9,83,12,60,77
92,73,44,86,76,99,47,83,0,27,7,36,67,0,55,86,86,87,37,91,90,9,92,34,58,72,51,93,72,6,79,34,53,87,96,62,100,49,12,42,39,72,13,17,72,63,49,62,81,91,75,40,68,40,84,4,87,6,37,92,1,92,94,53,98,43,79,52,88,85,58,41,55,99,24,95,86,22,18,27,69,52,66,74,87,34,14,62,97,62,96,6,9,88,10,19,39,6,92,97
55,73,22,7,70,15,4,51,53,24,44,21,50,30,0,72,22,36,5,15,83,14,58,90,18,98,12,10,49,84,35,96,27,28,30,35,59,71,59,77,70,73,35,2,81,19,77,99,69,88,41,82,9,1,50,90,49,14,69,58,91,63,80,54,12,68,30,55,38,32,85,45,46,27,52,46,15,62,76,35,72,3,68,30,15,78,50,21,32,77,97,14,3,9,45,96,96,90,23,21
90,39,26,68,31,54,56,47,7,84,89,25,68,28,45,97,27,4,86,68,59,63,97,19,93,25,85,94,74,7,68,33,6,84,92,24,93,63,26,90,1,46,66,58,51,52,90,76,78,55,59,61,43,61,0,4,69,5,24,97,3,46,97,4,60,53,90,41,78,97,19,65,30,76,44,78,15,44,78,53,66,1,10,97,49,99,77,70,16,35,78,64,89,78,62,62,66,78,64,97
69,71,13,32,47,56,91,45,82,71,38,72,30,65,52,29,49,11,26,74,77,93,21,6,8,51,37,87,0,75,87,94,36,12,90,0,96,58,56,78,51,25,80,94,84,89,70,66,99,10,78,95,37,76,33,92,94,81,58,87,46,5,39,1,31,43,18,12,34,71,16,15,85,94,34,55,71,100,77,68,46,70,93,61,45,55,60,37,5,52,50,21,97,67,9,63,98,92,30,93
23,17,68,44,53,20,39,18,81,0,10,47,15,56,3,97,2,90,70,23,5,26,86,34,70,69,3,29,5,15,10,11,10,57,75,99,44,53,9,62,12,98,88,29,79,66,76,97,5,99,24,18,57,87,61,30,13,63,24,48,84,95,47,17,22,30,20,69,58,16,92,10,84,49,52,20,81,61,78,19,11,91,51,29,65,50,90,66,4,15,68,85,31,55,31,51,81,77,26,64
45,7,76,46,56,64,60,34,53,64,77,26,25,7,100,81,40,54,74,46,9,17,80,66,89,19,13,66,38,92,74,85,77,72,47,53,61,77,13,36,27,67,5,58,24,77,14,86,85,95,62,24,32,17,34,6,42,18,20,19,86,87,95,53,82,61,30,76,17,67,78,53,63,41,74,7,18,67,21,1,91,10,76,26,50,26,94,11,23,42,62,42,41,0,8,58,3,34,53,89
60,42,77,17,100,87,64,27,29,97,90,13,44,2,7,44,92,6,19,23,97,21,99,7,34,63,59,45,17,99,7,2,77,46,94,16,57,60,43,68,1,45,52,75,7,93,36,70,100,54,25,80,79,91,98,0,52,76,50,54,47,64,60,8,75,33,72,9,6,12,50,75,58,8,20,56,21,64,21,63,46,71,23,24,58,63,69,58,25,53,10,58,7,26,53,66,37,29,41,37
90,20,55,3,50,91,78,23,42,78,82,3,4,0,28,25,66,68,25,25,25,82,1,100,59,70,56,35,78,60,95,41,34,24,92,8,86,60,96,10,91,6,7,55,85,7,12,98,60,67,66,7,57,34,81,10,92,95,17,16,93,44,61,52,11,23,78,44,11,43,21,9,45,69,70,55,57,93,76,45,1,35,87,30,34,67,16,40,7,24,32,43,9,83,89,81,35,66,66,8
57,29,67,66,21,57,38,96,56,12,68,56,69,68,91,60,57,97,0,31,0,79,41,96,91,67,17,25,89,75,37,29,33,26,6,76,71,20,86,59,46,41,41,82,33,61,40,83,100,70,80,79,83,87,48,72,90,99,21,70,24,3,11,20,71,46,79,81,32,48,65,55,31,52,54,38,98,39,81,62,81,15,48,100,96,24,38,98,47,16,85,36,63,50,35,73,25,5,83,40
88,76,60,43,53,91,16,6,89,67,56,46,79,13,50,46,100,94,50,96,30,78,92,34,73,5,48,86,3,67,17,13,53,21,61,27,15,1,37,22,49,0,19,31,35,15,24,5,57,33,0,40,8,82,91,83,90,41,9,28,99,70,91,30,19,5,91,20,29,10,50,95,43,91,1,1,14,22,4,58,84,25,43,10,29,96,13,74,68,47,17,50,33,30,17,90,48,85,34,71
95,76,49,53,63,39,8,10,94,59,80,52,10,91,93,22,39,58,60,70,37,88,30,38,65,77,7,31,56,7,98,36,81,29,2,1,6,70,42,62,19,98,66,62,78,40,64,93,65,49,23,88,95,70,81,52,80,36,10,31,43,82,91,31,91,56,39,48,71,27,53,91,67,7,33,90,12,1,41,72,92,13,62,4,70,13,82,25,88,90,14,95,47,0,76,88,90,87,67,28
79,24,32,28,88,39,14,50,9,49,92,9,69,90,61,79,45,23,45,39,29,79,11,26,82,23,52,64,83,94,97,37,6,25,8,10,8,67,82,38,22,76,14,64,71,74,91,8,64,16,51,5,74,11,60,25,15,62,34,83,76,20,9,86,82,52,100,74,93,15,83,24,66,37,26,88,47,18,15,25,47,53,77,28,11,30,75,32,62,34,46,30,17,29,13,47,25,66,66,76
17,85,74,58,11,64,67,90,81,63,80,24,82,100,95,73,69,16,18,35,34,19,99,84,64,85,83,82,14,56,50,84,78,29,76,65,14,89,5,23,14,28,52,28,90,78,79,5,6,16,56,71,39,32,93,41,14,65,72,88,26,73,71,17,31,99,66,22,72,2,47,39,38,90,14,51,71,39,31,95,88,89,39,71,56,20,61,73,51,54,96,39,29,53,44,74,49,53,15,53
87,94,30,70,78,59,78,9,21,38,82,72,94,36,35,10,58,20,42,20,58,19,11,100,97,83,22,18,16,3,69,44,71,28,37,13,29,86,16,71,16,99,82,11,83,82,45,28,13,62,20,33,79,35,61,38,35,92,91,5,99,62,47,34,50,100,10,53,91,94,65,16,71,79,54,10,71,56,91,45,29,78,94,41,49,76,41,55,45,67,64,18,45,59,74,79,65,32,84,28
67,11,86,40,80,71,32,37,40,78,20,56,88,15,18,80,13,56,38,7,82,87,5,18,39,95,90,78,50,11,85,23,67,7,51,69,31,34,78,90,55,77,78,57,43,66,49,75,69,49,96,58,6,62,77,55,19,81,64,80,21,19,80,26,64,74,42,25,72,41,64,8,93,83,83,60,21,81,27,78,60,7,73,13,79,53,100,100,34,41,25,86,52,20,69,50,12,74,17,11
41,73,26,35,45,43,29,23,16,27,42,70,0,66,14,51,44,28,87,83,4,6,3,10,47,53,4,26,81,64,4,69,80,33,31,65,21,78,8,34,1,57,2,16,1,60,43,55,62,70,42,56,54,89,79,36,78,12,88,59,59,1,27,93,63,49,87,71,14,96,53,46,48,38,76,73,61,50,80,34,23,38,27,32,53,72,18,65,74,21,92,11,77,38,13,3,82,90,75,47
46,60,37,85,9,94,46,44,81,89,25,77,51,98,8,80,27,61,19,91,42,45,10,88,68,53,47,94,29,57,6,60,33,38,46,11,45,49,72,65,55,86,32,11,41,0,82,64,29,38,61,45,11,84,77,88,96,55,48,49,73,20,1,92,95,41,75,60,71,14,56,80,93,11,34,72,51,6,70,76,92,8,72,0,12,78,23,1,52,93,6,76,27,29,52,84,45,38,40,59
41,29,97,34,85,2,48,32,8,24,63,89,46,44,52,9,94,78,26,7,64,77,28,100,78,19,8,2,98,48,80,9,14,63,50,47,95,94,63,100,94,68,14,58,42,59,85,66,32,85,12,13,47,59,26,48,48,42,52,40,24,20,44,94,17,55,72,38,36,30,26,21,65,71,48,45,72,10,85,4,89,60,75,50,79,40,56,35,1,56,16,25,44,17,49,63,35,46,85,20
61,100,88,24,58,58,41,81,15,79,87,79,57,63,45,52,45,89,86,20,79,95,27,84,16,92,26,12,16,87,83,73,48,40,71,31,86,91,57,90,58,85,74,81,89,46,70,97,83,74,80,50,72,38,43,32,50,45,32,71,29,17,28,98,25,94,50,83,39,81,94,94,59,0,57,94,41,32,86,32,55,12,1,42,31,36,16,56,45,6,43,43,66,26,95,53,67,39,64,85
71,10,51,5,100,78,7,91,67,68,8,52,60,33,52,70,5,42,65,74,78,0,79,18,13,49,68,79,26,99,81,4,40,17,73,26,6,75,76,57,98,62,59,67,40,86,75,76,62,38,56,99,4,28,58,5,96,54,22,12,26,7,11,56,19,49,50,41,54,27,14,78,46,10,68,17,40,26,99,78,95,70,32,86,3,50,41,83,94,48,46,2,73,5,35,28,60,98,64,39
97,2,24,53,98,99,76,20,96,100,56,50,12,41,62,16,95,73,2,93,90,28,73,97,55,23,84,70,12,65,40,97,48,6,78,44,93,32,92,26,15,14,27,10,96,99,46,33,10,71,45,55,75,72,97,94,96,43,60,3,25,6,71,93,95,84,1,17,97,44,86,93,70,79,41,88,9,0,20,40,41,64,63,73,97,95,43,42,24,93,95,14,50,76,92,98,19,96,46,71
96,52,86,61,7,38,87,49,87,59,14,35,80,87,71,84,66,7,29,37,70,23,10,65,100,59,37,98,57,66,45,81,69,24,100,97,21,47,13,22,61,28,8,24,94,89,81,98,1,31,6,23,28,91,34,13,15,15,40,79,21,2,16,18,2,44,55,62,43,78,18,30,12,72,97,38,100,94,60,64,45,32,95,25,95,14,11,2,99,72,84,78,61,50,62,0,7,27,63,13
67,2,78,41,7,58,87,82,43,4,90,36,58,68,27,86,74,51,91,29,5,18,0,31,64,42,58,72,69,10,40,32,50,98,50,96,79,80,76,20,28,19,38,26,25,89,30,56,54,30,24,38,67,50,89,97,67,46,40,37,11,8,23,25,29,72,88,55,46,95,50,63,43,80,53,81,40,75,31,42,38,100,13,46,89,75,16,33,73,27,28,30,9,79,73,30,83,54,38,67
81,47,46,70,32,24,3,1,25,49,32,25,85,42,37,30,22,63,59,93,95,69,25,54,70,83,6,47,24,13,67,46,95,21,61,86,41,53,68,76,82,75,84,82,26,32,83,13,26,84,19,62,74,36,91,24,97,33,23,46,56,81,31,29,96,56,16,9,14,70,52,34,14,75,96,54,61,66,23,23,91,30,53,43,100,85,14,29,0,72,46,92,37,94,51,75,8,90,42,85
29,22,65,87,56,13,50,14,94,54,79,48,35,88,27,3,79,19,59,97,2,38,89,37,3,78,11,15,64,17,3,52,74,100,10,96,50,29,39,52,69,1,43,51,83,86,44,73,29,84,71,52,55,26,11,28,44,41,0,95,23,93,82,85,17,33,4,90,10,41,60,15,66,39,81,26,65,64,40,27,76,91,28,93,19,73,22,47,19,84,68,57,8,61,69,57,76,29,39,60
28,83,4,60,62,81,61,19,44,69,22,12,83,33,75,66,38,91,72,81,47,65,23,26,90,83,28,77,11,9,7,12,38,93,56,80,52,27,98,82,64,5,68,36,66,56,86,30,98,40,62,6,12,95,66,50,93,35,89,10,18,76,97,99,19,100,78,77,3,2,72,48,37,76,19,33,55,90,10,52,70,78,20,29,40,44,68,56,57,39,21,37,52,15,98,24,1,41,5,83
26,87,5,58,19,77,27,95,2,72,37,46,34,6,11,65,94,71,69,100,70,16,10,71,20,6,66,23,49,92,41,78,38,8,65,13,51,22,69,55,8,30,26,86,83,42,78,61,74,53,4,38,77,12,41,87,69,99,93,9,64,14,58,58,89,78,46,32,39,78,19,61,80,13,9,29,78,36,70,88,15,30,0,17,100,93,88,95,48,48,50,56,29,31,64,79,48,73,86,15
12,18,72,20,28,16,26,61,17,38,3,50,26,91,45,16,63,33,52,5,16,64,50,69,17,67,42,46,12,89,15,3,23,73,62,19,40,19,54,52,48,68,70,32,89,79,23,27,7,43,26,73,100,98,67,14,87,71,51,81,58,10,14,76,80,78,19,16,87,96,58,65,82,89,90,91,22,56,66,94,50,97,44,5,27,14,44,80,52,94,99,43,37,22,2,69,75,100,84,60
65,44,23,51,80,70,57,35,91,99,61,54,59,70,1,40,45,47,58,65,51,35,53,63,78,8,41,54,86,3,76,21,15,94,44,49,52,84,59,56,76,91,74,99,27,32,49,23,51,28,43,24,96,76,28,17,82,64,14,97,26,10,16,72,41,37,25,84,92,49,84,99,70,71,83,83,19,11,73,65,54,5,83,4,17,95,66,99,61,71,4,33,49,58,70,45,28,86,72,99
39,9,86,44,4,77,79,43,65,88,88,29,38,78,11,2,25,54,78,73,38,59,95,24,40,95,55,38,25,66,48,95,51,5,46,75,48,79,7,72,57,21,0,38,15,72,38,52,94,1,99,98,50,63,79,38,80,31,21,7,9,10,35,76,89,87,92,48,61,63,32,0,88,96,11,78,9,84,1,73,85,71,88,69,56,42,57,86,44,27,92,79,64,55,16,88,21,30,75,24
61,11,8,50,47,13,99,30,64,41,70,82,4,94,22,84,68,13,47,4,65,26,21,83,55,12,76,30,27,58,77,38,65,94,57,76,50,54,73,36,88,87,60,65,13,4,3,52,67,65,30,94,10,67,93,64,37,53,62,96,68,47,10,61,38,51,97,58,55,1,62,97,86,36,38,91,42,50,82,35,58,90,47,100,11,64,41,15,9,56,5,48,60,59,68,97,0,29,29,96
83,31,18,40,82,32,58,43,47,97,2,0,78,40,54,19,47,79,60,78,81,56,58,73,74,38,60,93,98,6,69,82,85,74,100,19,93,62,80,87,4,34,46,21,23,54,6,13,65,47,35,86,0,82,5,26,69,95,90,85,58,68,27,97,5,52,93,39,87,73,43,27,93,58,9,74,37,87,89,58,99,63,24,48,61,23,80,77,42,0,32,51,44,63,53,20,49,91,86,26
4,29,11,4,65,72,27,65,27,10,77,97,33,14,54,3,40,56,10,67,74,13,33,39,57,39,39,91,44,12,88,87,46,42,94,47,27,24,11,86,75,90,97,33,35,44,47,4,19,100,97,99,58,99,75,95,35,2,38,71,88,85,38,44,51,99,92,7,46,93,40,23,82,73,46,63,26,96,2,94,4,38,10,23,61,53,87,80,99,100,92,40,36,77,3,18,18,57,82,44
13,1,27,34,47,95,71,31,92,32,73,45,43,29,36,87,6,34,98,2,24,20,71,78,57,67,48,22,21,13,51,89,92,18,76,84,66,88,64,68,30,22,78,38,84,94,85,0,32,29,21,76,82,90,6,8,23,9,88,89,11,80,93,89,63,64,15,33,85,64,41,44,69,58,45,4,79,18,41,84,9,7,14,74,31,69,73,20,43,77,23,54,50,27,78,73,52,78,94,64
95,71,52,84,75,79,56,39,100,100,10,73,80,81,22,36,18,14,82,42,45,69,95,52,34,66,100,74,46,80,14,11,92,89,62,55,30,70,18,44,27,32,93,83,8,100,78,44,2,63,95,39,2,45,46,47,46,62,42,89,37,9,30,84,60,34,94,31,44,86,63,41,67,79,53,10,93,23,58,81,62,41,79,18,45,47,80,13,61,25,18,35,22,78,47,46,82,35,22,97
97,33,63,50,3,36,39,84,57,93,93,5,6,90,7,9,54,98,36,80,53,22,18,0,23,34,14,46,52,85,93,43,4,75,20,28,24,76,95,8,2,79,9,66,17,80,87,41,27,31,78,81,46,34,4,80,84,67,23,27,94,21,100,55,100,13,80,16,74,88,97,38,36,11,2,19,87,37,10,42,13,66,10,15,71,18,88,31,100,13,55,92,59,76,67,80,63,38,92,8
44,28,4,11,31,67,93,67,98,94,57,41,35,90,63,78,3,15,28,74,7,67,43,70,61,92,66,10,52,58,73,82,19,34,48,46,9,79,69,61,62,7,51,7,65,15,74,31,59,88,31,72,90,24,57,18,89,47,12,44,70,91,73,76,33,7,50,77,72,30,50,91,23,45,86,99,19,92,54,10,92,1,37,54,72,60,91,46,95,43,84,68,63,31,94,88,67,100,27,62
6,29,68,28,95,10,25,77,99,4,72,94,61,9,2,7,37,10,48,78,59,41,17,97,61,77,59,51,6,1,11,13,85,85,72,89,96,89,34,84,39,82,14,60,46,94,38,61,37,27,20,11,94,73,74,98,81,1,7,22,6,14,35,49,61,12,69,39,69,46,98,99,7,67,14,74,82,91,8,4,22,40,58,30,13,45,88,15,87,16,24,49,2,10,86,5,84,13,48,95
91,73,26,76,72,10,94,16,75,2,65,66,46,88,0,47,62,51,52,70,18,52,61,9,57,22,29,29,0,48,73,49,96,94,73,52,62,92,9,63,32,33,65,59,74,32,7,78,97,7,42,90,100,97,12,72,41,62,28,100,51,88,36,36,98,23,86,3,82,21,66,47,27,76,15,42,32,71,22,95,6,56,97,93,44,47,98,59,77,20,64,90,83,29,8,48,30,33,58,45
20,14,0,25,64,90,70,46,75,44,38,45,3,81,54,26,57,52,98,43,94,22,8,42,11,17,83,33,15,51,4,97,28,54,37,36,34,5,59,85,2,97,92,70,48,29,57,11,56,74,39,15,93,44,11,6,95,36,57,58,2,98,0,16,81,90,9,4,75,75,29,21,86,57,2,51,99,31,15,42,45,28,53,60,23,87,31,4,97,72,29,47,68,68,92,75,29,72,37,99
100,65,96,81,66,70,1,60,33,84,0,45,29,78,27,45,59,86,40,18,10,69,36,97,35,51,86,31,75,61,63,86,62,2,77,10,8,90,42,40,87,77,7,31,36,87,54,2,77,97,70,95,54,5,38,46,48,24,54,4,47,67,60,24,42,15,9,56,4,99,51,92,34,69,11,5,73,34,24,84,92,79,0,97,78,5,16,31,84,82,41,72,20,99,70,50,3,61,47,21
6,35,84,36,76,35,42,69,77,21,26,88,2,33,71,38,30,60,68,69,75,21,62,73,67,0,100,22,24,30,96,59,90,96,74,95,63,5,84,2,75,88,4,38,78,48,1,93,52,64,41,91,85,31,40,40,82,26,24,3,78,99,87,20,31,50,6,5,55,48,80,7,44,100,30,71,68,47,91,92,48,85,40,64,58,67,54,21,75,72,40,85,33,67,8,43,90,43,38,26
46,6,100,26,73,94,100,77,88,80,94,3,48,64,41,60,28,32,54,64,14,20,95,9,65,97,59,59,36,13,75,26,52,50,29,44,58,100,37,90,86,1,13,33,97,61,2,69,5,77,63,49,0,65,29,32,46,61,75,58,86,18,11,30,31,82,32,66,95,47,17,14,97,91,53,51,13,73,43,100,50,83,56,94,85,96,0,48,11,91,14,97,63,24,42,79,49,51,43,76
66,47,31,64,66,89,1,74,80,76,27,56,55,28,72,34,84,5,35,41,31,96,67,69,98,97,46,55,37,51,7,14,42,71,26,13,93,14,53,48,76,38,31,36,33,43,5,20,24,35,73,12,3,38,98,90,26,99,18,61,45,86,33,20,21,66,82,30,35,25,18,95,14,81,66,23,80,41,21,29,77,99,42,15,92,27,74,83,87,20,72,36,65,34,54,56,40,75,12,99
71,32,86,66,21,66,8,12,12,43,94,21,18,42,75,87,41,33,44,55,44,99,75,3,56,30,86,100,93,31,52,72,73,16,52,30,31,55,90,53,17,42,52,69,51,48,45,30,29,60,71,85,46,45,74,72,73,70,63,32,44,43,16,88,72,18,75,15,5,71,92,66,83,92,15,47,27,62,92,46,42,58,98,5,40,38,93,93,91,1,42,19,94,12,82,43,33,72,68,94
73,77,93,43,49,62,91,57,57,20,26,20,89,10,91,89,70,53,58,53,55,41,63,63,81,27,25,35,94,21,68,65,58,65,78,54,25,76,96,1,73,80,23,30,5,98,13,29,54,58,3,40,65,91,83,64,16,24,31,13,95,94,27,20,21,84,65,21,23,20,27,82,69,9,87,98,34,20,81,63,41,91,35,89,83,20,89,42,28,12,87,31,59,86,42,68,73,88,51,76
6,45,35,60,57,76,18,84,28,82,79,64,10,99,21,74,13,96,28,36,48,17,14,80,81,32,3,91,23,99,98,28,26,85,68,45,63,46,34,22,71,15,35,84,24,94,20,69,16,70,54,62,43,39,90,43,85,89,83,12,9,9,52,11,65,88,20,14,37,36,54,57,32,45,81,74,27,55,17,32,79,10,0,40,65,93,69,33,39,76,28,53,99,47,79,82,87,76,99,51
57,44,32,62,95,98,40,45,0,21,17,73,6,84,16,0,36,47,4,66,2,29,74,100,74,4,72,72,81,51,19,5,15,25,23,13,40,42,27,59,100,88,62,13,6,99,92,8,49,80,20,30,67,78,60,51,94,81,94,85,87,80,24,68,21,93,68,79,89,54,92,85,63,98,60,37,88,93,2,28,86,2,57,20,88,36,42,8,58,68,65,12,90,21,40,83,29,42,32,17
24,25,13,70,18,3,24,97,9,50,55,100,73,24,82,1,57,39,85,15,63,95,11,77,5,91,3,83,42,46,42,10,63,23,19,39,94,98,46,11,25,48,93,32,54,78,81,9,28,61,84,67,75,40,76,99,40,35,75,26,24,21,94,57,89,19,14,23,42,26,99,83,16,43,12,7,55,1,56,55,97,52,68,21,4,98,52,92,26,51,41,87,11,78,68,12,50,60,65,85
44,64,64,87,12,92,44,24,43,82,29,12,24,69,27,67,98,23,59,74,16,96,78,84,100,9,13,60,50,44,33,3,17,9,71,7,82,85,4,74,49,75,92,58,50,86,40,52,42,89,86,76,86,69,9,91,38,65,56,4,100,75,93,49,59,64,6,77,35,58,88,49,77,36,93,37,17,91,35,47,26,14,55,65,22,58,11,8,34,14,13,96,36,56,72,1,45,22,100,18
66,49,93,62,91,94,63,52,16,49,15,14,6,68,59,40,55,90,72,94,31,43,40,8,5,5,8,54,92,74,92,2,71,22,29,14,52,91,0,65,87,61,49,93,36,13,68,58,59,96,55,48,78,18,37,48,74,48,49,22,38,24,4,25,42,64,82,13,42,70,83,100,43,69,25,32,85,73,66,75,82,84,24,18,82,74,21,44,27,62,99,86,88,0,61,100,21,2,34,94
88,32,89,48,12,24,9,90,80,2,81,44,97,21,26,65,79,48,89,6,70,39,88,77,22,28,19,35,67,99,75,43,89,89,93,73,70,94,70,24,67,35,56,31,90,53,42,99,9,66,50,82,56,6,40,11,9,43,100,19,68,11,77,90,49,8,19,52,48,77,74,85,11,78,1,87,41,47,93,43,99,93,46,91,10,95,98,21,25,17,80,91,22,57,88,57,88,14,88,91