97,62,77,52,58,12,51,40,29,40,44,98,53,20,23,70,85,61,83,52,83,69,53,52,42,2,72,49,83,40,9,20,67,76,49,10,35,43,75,48,7,4,79,42,17,29,88,51,22,98,46,20,71,95,70,88,38,19,43,22,57,48,14,81,43,70,80,18,28,65,95,46,27,5,34,44,11,62,67,12,73,61,53,10,52,33,76,75,85,20,15,2,0,78,81,49,3,97,13,96
63,99,50,7,58,63,24,72,53,81,61,43,9,15,16,43,1,48,13,31,60,59,91,69,20,33,26,18,55,97,46,75,11,71,100,31,14,34,91,76,51,7,43,100,81,7,33,76,60,55,69,40,68,57,61,18,22,76,7,53,21,85,25,26,53,60,81,45,19,17,74,100,41,99,4,54,66,70,34,1,44,56,94,27,49,33,42,71,19,82,59,27,2,68,46,57,62,31,34,37
57,87,40,53,99,99,13,38,16,83,85,5,92,14,80,47,74,57,1,60,42,10,71,40,1,62,99,24,52,62,85,93,61,27,11,74,87,61,63,9,10,59,83,99,70,74,99,5,81,71,5,88,26,63,49,87,47,91,53,54,79,53,93,59,17,33,31,25,11,25,40,43,37,28,74,98,39,25,80,61,41,16,71,29,4,13,21,29,77,6,41,98,52,81,96,5,98,49,51,81
13,3,100,40,92,33,31,41,14,30,28,6,22,27,31,68,60,60,77,1,21,14,22,70,42,94,37,44,12,23,20,68,27,4,97,49,82,99,18,99,22,72,27,53,70,18,97,83,58,80,65,24,10,31,72,26,8,95,3,26,47,71,48,66,60,87,90,12,65,1,28,22,69,23,68,30,64,71,57,25,96,12,53,86,41,67,84,25,24,58,51,100,74,59,99,30,87,12,76,71
6,23,80,10,24,5,58,46,44,33,4,65,100,85,17,56,92,85,93,53,99,72,69,12,91,78,89,56,94,0,0,82,57,22,98,10,76,20,100,4,2,80,58,81,49,13,56,94,18,57,100,67,99,73,60,30,37,70,0,52,64,95,32,82,59,89,10,73,73,48,58,18,23,79,42,52,82,7,99,52,95,62,73,24,58,50,11,67,92,60,99,67,54,66,42,78,37,88,99,86
91,9,18,13,62,60,95,26,50,92,98,25,20,34,34,22,83,82,81,80,24,2,52,5,10,84,76,7,17,7,62,93,55,46,7,65,89,100,75,90,39,70,45,81,12,15,94,47,18,7,73,54,7,0,72,49,64,11,44,74,30,14,24,52,33,28,2,11,21,55,11,87,34,42,61,1,38,30,33,1,27,88,58,2,85,2,1,93,21,86,91,65,71,70,92,38,17,49,85,16
64,78,86,81,41,5,92,91,91,36,64,34,89,74,33,59,87,87,1,7,54,29,53,57,63,72,2,73,0,66,25,79,88,93,24,6,32,6,58,98,71,100,63,96,7,77,31,36,86,56,57,44,48,27,91,44,20,78,32,47,80,26,13,81,96,68,65,3,18,2,20,26,23,35,38,66,55,13,0,88,17,22,43,76,58,75,36,91,92,18,90,88,29,39,62,72,49,65,80,4
44,60,7,72,35,88,81,88,36,9,28,60,95,68,44,18,37,2,27,64,79,14,17,13,40,63,20,10,23,20,17,6,78,81,16,66,24,27,54,73,9,87,63,38,46,3,80,94,38,57,40,81,11,11,3,67,98,86,16,42,39,13,68,77,100,50,39,90,79,31,57,56,58,89,18,30,47,81,38,53,13,65,90,34,42,55,22,52,20,23,5,19,91,45,25,55,29,23,92,93
28,41,36,67,27,13,34,60,21,49,51,42,61,40,97,81,45,72,100,39,52,6,39,26,50,7,80,47,9,25,66,58,54,77,45,51,55,42,59,38,54,65,34,99,76,85,51,100,17,100,5,67,74,59,31,86,3,32,100,94,37,2,6,90,33,31,14,49,7,13,66,9,59,8,81,19,53,89,23,53,78,39,93,57,41,9,27,85,18,10,31,92,39,97,37,2,66,20,59,96
62,45,39,49,37,74,51,66,28,29,44,78,36,51,82,3,35,28,74,26,56,91,60,59,73,66,52,47,88,25,4,12,47,28,16,71,67,4,28,90,54,21,82,63,28,95,96,68,97,2,48,92,66,82,73,59,44,90,19,89,35,25,40,59,42,8,96,54,31,40,60,12,64,21,38,96,37,27,35,91,66,61,64,75,74,51,83,3,6,98,47,77,75,68,24,33,76,37,0,88
5,34,69,24,66,52,8,38,13,19,79,52,46,80,9,0,70,16,25,47,6,0,1,64,18,50,4,66,64,49,61,19,97,57,8,42,26,34,10,32,44,15,98,98,90,35,24,26,62,38,62,74,38,4,18,54,89,21,88,83,21,17,20,70,86,65,42,31,90,66,96,81,2,42,28,94,74,21,69,5,35,73,91,17,91,33,50,13,19,80,18,39,24,99,41,15,42,73,69,50
41,69,34,50,31,59,51,98,96,17,23,24,81,59,9,79,76,98,59,0,51,91,28,96,16,35,22,45,29,28,81,48,37,97,78,9,90,80,21,86,92,21,97,13,9,66,34,24,85,53,75,100,91,9,22,50,89,2,49,95,63,95,57,67,99,46,76,63,38,42,43,45,44,91,60,13,74,72,5,71,49,53,32,75,47,52,22,81,7,92,69,31,74,26,66,55,53,79,43,51
31,4,91,40,21,5,82,45,37,27,10,46,93,41,68,69,84,1,88,35,98,95,27,14,24,48,90,49,58,14,83,21,2,19,27,63,49,53,33,62,89,77,65,30,23,35,94,57,63,25,40,70,39,40,89,81,44,66,78,71,48,13,75,9,96,11,62,72,5,90,32,9,72,38,5,88,16,17,31,8,17,64,98,8,8,51,75,96,93,31,75,85,3,49,31,87,57,87,7,37
15,28,51,50,23,1,59,53,91,80,43,60,16,54,37,26,23,67,31,53,20,90,70,63,76,34,16,65,70,96,63,22,40,51,97,26,9,27,64,71,37,99,71,47,28,88,16,35,92,8,4,76,19,65,22,2,91,78,57,97,12,32,91,15,13,3,41,16,86,58,100,79,68,67,65,71,33,42,91,44,51,92,38,87,60,75,71,0,41,96,38,42,25,54,93,40,88,46,31,78
19,96,10,58,80,50,52,53,49,19,60,47,26,11,17,95,5,74,0,20,68,74,75,89,37,73,38,75,24,56,35,65,49,7,0,94,48,21,4,88,89,33,96,32,98,40,5,39,18,45,62,95,53,93,25,99,89,28,25,7,9,46,0,23,94,60,80,25,96,73,31,71,37,25,21,64,70,5,89,3,4,12,70,14,48,95,56,52,6,71,78,95,20,69,43,71,28,26,58,45
0,11,90,57,55,48,67,88,89,77,14,30,33,78,9,71,88,81,23,34,4,3,2,9,5,86,9,39,22,31,86,18,74,33,1,95,90,20,65,98,1,72,34,99,45,4,76,22,20,83,76,61,99,19,16,81,72,11,24,99,52,50,3,49,67,80,35,1,34,24,17,47,18,26,65,4,6,68,99,7,34,46,3,96,31,56,87,67,88,32,32,18,50,50,2,63,55,0,57,75
18,85,3,37,20,59,8,48,95,33,54,53,16,28,70,16,80,99,40,3,57,21,35,75,84,92,38,92,4,19,51,65,63,10,37,43,63,70,35,99,99,17,94,95,64,93,31,84,40,54,33,45,57,50,11,30,36,89,7,90,75,73,47,63,63,3,53,22,5,64,22,20,15,59,33,57,98,23,80,74,74,99,75,85,88,2,92,8,59,77,78,0,54,50,91,92,71,97,11,15
60,48,63,22,6,79,66,83,64,38,100,36,23,14,63,63,62,93,65,32,0,21,8,19,8,78,98,42,55,55,90,96,71,39,62,25,90,35,85,80,57,53,32,39,2,30,63,55,11,6,8,61,36,100,39,46,98,24,21,84,29,4,80,57,53,18,91,37,4,34,23,39,92,31,56,31,3,31,9,63,52,68,9,52,10,96,15,11,59,55,25,24,83,83,33,80,64,82,31,3
77,47,64,86,100,18,52,85,77,36,21,77,47,99,48,6,51,49,85,17,94,30,66,93,79,68,42,8,74,73,43,59,23,66,97,76,89,17,27,22,60,5,97,23,42,10,86,91,59,45,42,47,45,93,56,73,12,99,46,12,74,68,89,99,40,8,33,70,14,65,2,75,16,63,32,30,78,49,1,100,64,94,65,91,39,46,36,96,60,17,33,59,81,74,59,37,33,52,11,48
37,74,59,68,70,87,17,86,80,0,78,95,16,47,81,99,57,30,10,100,8,12,54,47,57,74,54,73,47,8,95,85,14,93,34,53,71,13,32,4,71,60,38,95,18,33,93,6,52,57,0,99,79,98,33,83,87,96,18,60,17,69,22,52,28,6,19,70,17,52,20,1,24,43,18,65,58,58,16,4,14,86,53,2,75,84,96,61,90,41,52,13,89,6,1,81,72,69,26,43
89,77,0,36,76,70,23,27,4,45,47,10,95,73,52,28,19,75,97,85,60,30,48,32,26,100,34,28,65,88,0,94,90,87,43,58,50,5,5,33,12,55,74,31,42,12,35,88,7,46,0,77,23,65,75,100,95,61,80,89,70,80,11,9,73,1,76,32,66,25,36,5,10,52,45,35,43,43,63,81,8,13,68,14,1,97,13,90,46,84,21,48,58,11,81,90,66,24,22,74
82,0,2,45,51,64,76,14,74,37,5,94,52,89,86,59,88,51,97,39,41,41,46,35,66,73,85,90,24,80,26,83,0,4,94,99,77,76,84,34,24,55,81,94,66,61,38,32,15,52,71,45,11,46,71,7,84,47,84,24,78,10,64,2,29,15,39,84,60,51,37,50,78,62,35,73,69,99,100,76,45,28,66,47,35,39,89,12,49,42,48,5,75,63,54,24,44,88,2,36
63,52,4,7,11,51,27,59,14,63,54,41,2,31,6,1,63,50,51,71,75,71,25,58,66,20,94,99,30,4,30,17,97,39,57,4,52,78,89,72,6,50,13,55,63,42,34,29,18,19,52,32,40,24,86,92,96,29,50,68,24,44,53,60,99,40,83,19,48,56,59,88,85,62,18,70,21,87,77,88,98,45,94,93,46,16,88,31,73,87,70,15,72,75,55,20,71,89,94,18
53,9,6,25,91,27,29,95,45,56,52,89,16,35,11,32,69,5,87,50,93,21,62,73,85,99,27,99,83,82,29,40,35,46,81,75,54,19,22,27,86,15,38,96,33,80,58,20,100,21,38,76,49,40,80,2,63,74,38,95,89,94,80,27,44,30,63,9,30,48,69,54,6,43,10,61,32,49,81,82,11,3,8,10,15,26,83,49,57,29,84,20,84,35,58,42,83,98,27,5
33,48,45,18,19,58,66,85,89,97,76,64,84,91,22,62,86,61,7,16,75,1,56,44,8,53,71,57,16,56,70,100,69,81,3,54,43,7,81,47,16,33,24,68,15,11,1,74,18,96,80,5,14,20,91,23,12,9,80,35,61,97,59,28,66,82,94,41,42,71,20,60,51,0,51,27,60,85,73,45,0,69,5,35,84,22,100,31,56,86,20,34,59,32,11,83,26,77,47,13
85,46,80,61,92,62,28,16,77,84,11,79,69,36,99,0,26,83,69,59,8,97,35,7,59,26,65,27,27,30,30,28,64,93,38,15,67,61,56,7,58,97,52,31,9,59,45,55,75,86,40,56,41,1,2,29,80,99,93,96,88,78,72,65,62,65,36,97,65,25,12,84,63,61,75,0,41,15,26,43,4,53,53,44,83,10,97,51,81,18,74,0,22,38,63,77,25,20,79,84
3,34,26,55,6,33,23,85,12,51,49,59,13,91,75,26,77,26,90,72,1,91,38,11,73,96,95,29,75,44,19,63,49,46,24,97,88,21,18,17,64,18,59,95,54,94,66,35,96,62,41,84,48,36,58,97,25,77,23,56,2,20,30,31,38,34,82,85,76,36,69,2,51,68,5,35,28,49,45,55,37,19,18,59,50,66,49,54,33,24,47,90,48,14,50,75,99,54,98,16
92,90,71,6,82,91,54,17,25,84,47,3,76,82,11,37,58,99,70,47,22,99,33,32,31,9,9,66,89,83,66,60,25,40,3,94,58,73,39,93,77,99,39,3,80,73,74,74,72,7,58,43,19,16,3,60,69,37,17,29,77,33,41,69,18,60,72,7,9,38,12,6,6,61,20,96,3,15,47,3,90,71,26,76,17,16,25,70,45,60,26,46,2,60,50,69,97,94,3,16
28,8,73,67,55,90,80,23,34,61,5,67,98,25,34,73,49,87,94,34,31,11,33,4,90,93,36,41,56,68,95,45,27,60,48,99,52,79,90,65,97,9,39,70,11,13,83,23,96,67,87,1,1,80,97,32,51,55,86,40,41,41,54,26,72,48,58,45,29,69,28,46,50,94,57,39,69,48,54,24,99,32,28,5,85,93,22,59,0,31,98,38,0,88,7,13,58,85,12,43
17,63,7,37,33,86,6,75,71,50,42,74,30,88,6,27,81,98,57,49,61,17,27,54,73,93,54,42,65,87,52,65,74,6,87,97,40,0,100,63,2,79,60,89,4,3,80,90,75,10,87,79,11,85,35,85,28,42,87,33,88,24,29,67,0,1,34,41,14,44,37,6,60,21,28,18,94,40,5,35,12,79,14,36,78,48,85,49,54,11,78,5,73,6,24,36,52,73,50,70
43,87,4,78,85,61,0,46,65,48,89,9,98,46,46,22,13,15,46,47,81,94,92,7,21,85,47,58,43,49,12,86,50,2,42,64,69,58,99,82,41,79,27,13,68,45,90,54,26,51,38,64,63,98,83,98,18,85,87,19,71,1,44,89,0,47,86,6,19,47,80,10,15,43,21,88,45,59,67,51,76,75,99,1,58,35,22,89,8,81,81,49,18,64,75,66,63,5,67,75
46,56,81,66,74,89,60,72,77,14,41,70,81,0,95,54,10,57,59,32,16,7,18,49,59,55,2,14,33,91,15,25,71,41,43,97,92,13,0,57,62,49,92,69,68,70,84,94,100,94,18,51,64,68,64,4,26,76,50,22,100,32,13,47,2,27,95,35,2,6,36,64,39,42,30,64,57,62,5,71,95,11,59,89,63,74,16,10,5,95,73,25,34,20,61,34,83,23,87,55
24,100,20,88,78,57,33,63,89,78,31,31,0,57,50,25,100,52,6,80,13,43,4,70,84,45,54,7,34,71,10,34,30,91,5,75,38,0,53,78,72,12,81,46,36,6,33,18,4,56,89,52,20,18,35,73,19,64,97,19,81,33,26,41,36,20,29,55,99,30,72,56,32,20,20,23,73,57,93,30,47,13,49,72,89,72,43,25,88,76,53,68,7,55,65,39,24,22,93,98
16,97,50,88,1,11,86,15,20,54,41,71,94,84,25,17,98,86,41,35,43,38,26,17,12,38,87,46,3,60,86,55,44,57,6,98,60,86,21,15,91,62,28,43,94,78,26,84,35,52,81,69,74,3,46,44,86,9,23,62,64,16,62,31,74,18,2,22,97,42,58,23,44,15,47,53,8,41,15,20,29,70,2,84,41,95,42,100,40,44,14,70,58,14,57,16,62,59,46,59
5,6,59,92,88,62,2,15,34,37,6,1,3,9,24,44,70,29,15,25,43,18,63,90,71,21,39,81,63,63,38,36,18,33,29,38,4,99,25,90,38,13,4,51,20,78,76,26,4,67,82,87,38,0,85,5,35,99,11,54,86,22,70,64,69,96,49,40,71,75,84,34,76,83,70,19,25,64,12,41,41,65,10,30,22,12,32,100,28,92,22,6,66,33,67,96,59,30,63,80
78,89,63,16,6,26,54,33,20,64,27,5,14,20,45,20,16,8,92,22,88,55,23,7,83,19,39,42,77,54,54,60,99,94,68,56,39,69,16,88,4,97,56,42,5,25,79,70,62,64,6,57,19,97,38,26,17,56,32,57,100,12,32,63,51,56,88,22,52,31,63,45,95,14,83,57,76,63,91,35,51,99,78,89,20,98,18,68,69,86,68,70,9,95,2,80,53,44,77,41
32,27,73,12,33,46,18,72,29,38,13,48,61,61,10,74,33,22,54,63,22,76,76,47,72,12,65,94,76,49,47,40,46,56,34,1,72,65,94,19,75,68,4,96,30,23,84,46,13,78,98,8,10,29,10,3,12,60,57,25,66,94,15,81,54,79,63,12,43,32,40,96,58,89,62,0,80,13,34,26,59,74,6,1,40,58,3,65,79,96,95,48,47,78,63,41,78,87,81,80
74,82,35,9,74,17,28,15,97,25,7,96,16,9,65,95,46,33,62,94,93,81,69,78,78,94,8,8,92,97,69,73,86,13,99,36,68,65,17,30,3,9,44,100,16,24,62,81,63,68,98,71,27,22,100,8,92,75,82,98,70,85,55,48,57,32,22,50,70,53,84,12,29,6,94,59,44,23,7,96,73,62,5,97,7,14,17,56,90,28,52,18,99,71,12,21,4,23,94,45
2,17,67,54,59,45,88,86,48,53,64,76,46,63,91,27,12,37,92,9,76,0,65,20,69,28,23,90,12,50,67,88,16,61,11,17,17,95,69,91,40,79,91,53,100,69,80,17,57,14,75,53,62,97,28,27,12,91,85,50,36,8,36,89,90,34,21,23,26,87,97,63,23,81,84,34,34,16,1,81,7,81,59,64,77,76,45,71,38,31,67,13,5,97,33,14,87,92,53,28
84,84,27,98,88,74,10,67,0,1,72,34,42,42,2,65,10,73,35,45,22,22,66,15,74,28,81,79,73,100,46,7,61,79,68,29,52,49,60,58,35,15,26,45,32,37,73,99,61,2,18,64,96,53,5,17,69,84,50,69,78,94,57,86,23,85,56,12,48,99,95,39,16,27,21,13,40,94,11,20,61,35,21,100,64,1,91,41,48,68,57,42,43,32,50,46,13,12,25,84
17,66,78,12,85,67,65,80,27,44,64,67,80,39,77,26,18,91,79,58,40,74,98,34,79,52,78,32,82,71,26,65,87,72,97,81,100,17,94,66,17,57,14,55,21,2,92,29,93,15,52,38,89,81,89,97,24,29,17,52,68,68,48,27,82,44,46,37,77,43,66,35,89,1,60,44,63,77,99,73,69,38,69,39,50,79,59,58,28,8,64,24,92,80,54,66,34,38,11,56
88,3,60,52,63,49,42,32,36,25,37,49,68,53,27,43,83,17,21,0,86,18,28,52,70,34,11,94,35,45,15,64,53,50,42,3,85,83,67,25,89,53,26,63,4,99,76,37,70,26,91,76,56,97,37,60,2,88,33,86,82,20,13,89,35,2,80,60,25,90,74,28,91,28,74,21,7,66,64,9,51,4,57,13,79,77,43,59,75,94,22,86,30,8,27,96,45,62,21,78
2,83,43,65,62,70,91,15,2,74,14,79,61,80,75,44,27,87,19,23,92,57,25,85,27,98,63,53,49,16,17,96,57,33,20,14,25,45,93,99,78,88,78,46,94,45,74,5,50,45,56,69,14,39,43,44,21,66,95,35,39,35,92,97,94,69,99,93,69,43,84,65,87,70,70,94,29,29,58,41,97,16,35,83,61,52,74,97,67,95,64,9,68,90,72,56,97,52,36,16
90,2,1,99,99,21,17,37,52,26,33,96,29,44,97,3,60,32,56,82,16,50,82,31,47,90,81,67,23,65,96,66,37,50,45,62,77,87,99,41,54,60,8,94,12,77,17,84,95,10,72,49,93,74,51,63,26,22,35,10,52,8,88,68,96,70,60,44,83,47,90,24,54,76,27,61,1,19,3,12,18,0,42,38,7,85,35,12,2,7,60,52,58,21,3,46,32,29,12,71
41,39,13,84,82,74,20,16,30,3,34,86,23,0,66,96,9,22,51,33,34,40,73,71,3,23,51,14,67,2,10,13,58,62,93,48,75,2,70,29,55,24,63,38,27,13,92,59,39,100,32,49,42,93,12,28,10,6,69,49,53,84,53,90,6,67,44,41,55,31,29,0,67,86,72,48,18,16,73,89,88,3,71,36,54,85,32,72,87,65,16,42,51,29,50,23,12,49,3,8
2,73,82,21,87,4,63,70,70,27,68,73,70,71,87,47,95,100,42,2,82,17,41,3,25,12,72,48,49,9,38,33,31,51,1,79,90,72,52,12,33,61,90,30,3,36,64,4,77,53,78,21,21,78,39,90,12,46,5,66,44,9,17,14,24,59,58,73,97,34,92,55,67,82,17,59,82,21,48,12,73,91,90,70,81,87,23,90,63,17,56,64,38,1,95,36,61,13,81,74
86,95,24,72,11,67,47,82,43,83,33,22,33,15,14,89,46,73,1,39,47,52,44,84,50,47,20,63,7,4,47,84,94,13,97,26,78,0,71,4,23,79,49,18,92,38,96,78,76,69,47,82,11,51,54,89,23,47,33,84,28,90,46,17,0,38,83,39,68,70,7,21,41,30,53,38,33,71,51,68,32,57,76,96,46,41,28,27,79,77,97,94,33,26,38,1,68,100,41,3
74,13,73,29,53,86,3,90,8,12,80,53,26,65,75,43,51,31,14,18,67,8,64,78,30,37,8,88,87,15,23,91,32,2,65,40,90,43,41,63,16,43,71,98,25,97,30,2,89,52,57,75,33,67,59,32,78,5,63,70,49,56,14,19,43,83,32,82,22,95,13,2,95,25,42,99,61,22,99,17,58,22,24,49,92,45,51,86,67,51,53,99,53,72,6,5,52,9,91,11
96,54,6,49,100,39,4,78,70,14,89,31,57,59,94,98,91,6,1,57,37,24,81,61,66,62,9,79,72,6,64,69,48,87,59,82,99,20,65,23,80,6,35,23,96,32,68,77,11,32,56,82,6,71,2,64,83,70,24,100,17,56,90,11,49,6,20,48,61,32,73,14,95,97,18,36,57,25,43,16,5,1,52,12,60,42,5,4,8,36,88,77,1,83,80,91,90,4,35,73
89,19,6,6,91,82,75,41,62,63,5,33,5,8,33,88,35,87,27,0,37,23,38,29,52,51,17,31,74,100,74,25,47,43,67,93,87,1,71,71,71,14,51,17,64,93,49,67,42,96,89,35,54,75,54,69,45,30,70,52,28,3,5,18,11,67,58,50,99,10,30,33,90,62,51,45,67,73,57,74,68,25,34,76,53,83,2,97,5,67,8,77,99,32,94,97,54,24,18,44
75,28,12,50,80,73,3,54,33,16,86,33,64,46,35,81,13,47,50,92,71,7,60,57,100,37,47,66,45,56,81,27,87,38,87,52,20,35,38,98,10,30,31,11,74,37,22,54,84,13,31,83,34,67,23,62,39,60,88,17,54,58,90,45,57,8,18,61,0,61,76,63,58,24,66,70,13,71,8,100,57,29,99,91,80,25,66,9,52,12,1,3,86,56,89,8,96,28,99,47
52,20,92,95,57,18,55,90,20,86,55,3,56,33,50,93,68,86,79,63,27,79,11,51,54,6,30,87,95,70,49,28,96,69,18,68,32,83,21,26,20,12,10,93,92,0,70,18,2,55,8,38,10,61,96,45,86,8,63,18,77,41,89,21,71,40,96,65,46,15,55,21,74,71,39,6,6,16,64,40,26,97,96,47,95,91,57,46,68,68,36,19,74,91,67,82,52,14,76,69
67,52,15,7,13,45,87,37,57,10,88,23,84,77,22,22,82,96,62,54,7,63,100,54,39,3,37,68,24,72,60,79,29,38,44,16,66,74,52,71,89,56,18,31,26,96,39,20,35,89,34,12,25,39,37,24,60,40,29,65,89,89,44,26,58,99,33,49,39,78,99,20,23,5,25,3,70,55,92,17,24,62,31,99,74,10,14,94,17,99,30,56,76,10,42,93,79,11,98,88
39,20,24,33,27,96,28,20,70,97,10,45,15,18,66,19,9,45,15,78,96,33,98,19,63,15,67,27,4,6,54,51,27,16,18,17,62,51,37,5,73,29,55,41,45,1,73,18,45,97,39,34,30,27,85,31,71,37,81,8,99,43,77,11,29,14,33,10,57,75,61,19,47,25,66,53,81,81,98,94,47,41,35,6,23,50,56,38,22,14,77,59,80,90,30,23,9,15,8,93
76,23,21,86,61,17,91,77,95,84,17,0,6,57,81,31,71,40,53,7,54,67,81,22,25,37,14,56,98,58,42,5,58,20,20,99,29,25,94,67,77,26,61,83,97,93,0,47,93,43,0,79,49,94,74,57,60,56,34,43,93,76,40,70,87,38,83,58,100,15,29,54,27,26,82,35,37,66,33,4,48,81,100,50,65,31,49,62,18,40,40,84,59,44,62,19,75,17,75,56
18,4,63,57,10,98,62,83,46,79,1,9,62,51,74,56,100,86,50,76,30,59,79,99,55,53,30,56,49,90,26,25,92,90,84,100,77,20,52,20,23,92,39,86,55,12,23,90,89,6,54,39,86,93,85,13,33,53,25,93,36,31,42,12,62,73,91,97,24,92,50,66,14,59,78,81,100,9,5,69,59,62,31,98,33,11,1,17,21,11,34,13,88,52,95,43,5,56,2,7
75,25,71,4,4,65,34,67,45,25,40,1,47,85,79,66,43,92,36,15,32,14,92,69,18,8,70,85,66,33,25,23,35,2,83,27,98,91,69,42,63,5,79,63,25,3,83,44,43,10,72,10,27,15,85,55,33,43,91,60,79,93,36,46,3,60,85,91,33,25,16,80,42,4,21,54,42,45,60,96,5,95,95,96,71,38,66,38,17,69,74,99,77,32,53,35,20,3,41,99
98,18,99,78,4,66,73,69,3,19,78,19,6,74,60,40,41,16,4,79,15,44,31,25,53,29,53,63,22,6,0,75,21,64,79,18,18,60,42,46,63,58,27,25,31,21,27,13,64,22,69,77,83,15,85,26,78,99,73,42,35,73,52,53,77,17,65,41,0,62,16,84,73,4,84,21,59,83,81,96,58,22,63,6,88,75,38,35,36,87,37,22,60,91,81,35,64,13,51,88
100,23,15,38,75,82,14,12,49,40,63,89,91,71,66,48,63,61,34,61,89,7,8,27,40,25,22,45,22,26,97,51,34,8,38,91,12,26,45,88,100,89,78,87,36,98,76,16,95,47,38,90,88,35,94,2,8,7,19,29,90,83,41,38,35,49,97,72,18,81,8,38,70,46,7,12,75,31,76,3,58,13,52,72,82,61,58,37,19,82,91,77,88,46,98,60,74,23,99,26
26,57,68,63,32,22,26,28,10,60,94,3,50,61,16,41,60,53,37,33,59,85,8,51,59,36,47,33,80,31,32,45,56,72,88,35,69,98,69,7,79,35,99,52,29,52,71,81,22,82,88,64,55,40,8,96,91,71,10,35,34,6,74,23,38,12,44,85,6,28,75,100,7,96,5,37,79,83,38,88,86,35,50,43,8,46,41,32,48,66,21,61,67,17,83,97,58,79,34,70
24,49,60,94,66,90,66,90,12,21,37,59,55,47,62,39,58,31,45,25,67,79,60,51,88,12,64,55,81,8,83,84,26,82,47,49,15,50,34,44,24,30,38,18,6,86,33,84,32,82,3,18,71,24,46,93,90,78,36,67,60,93,75,86,50,81,68,52,28,13,98,67,3,58,89,46,29,93,94,96,89,34,91,2,76,11,14,41,72,91,34,68,9,4,82,60,71,90,71,30
52,78,73,74,52,37,74,6,100,53,32,9,37,13,82,30,39,37,69,10,40,96,77,34,69,14,25,21,68,2,28,26,12,75,50,5,98,86,15,34,91,53,36,95,22,81,34,89,5,44,6,52,33,83,77,52,56,90,84,45,20,77,58,42,98,24,90,74,98,54,13,22,50,77,17,37,38,55,17,49,82,70,69,100,44,10,17,35,95,71,10,55,8,97,48,60,49,48,72,63
44,27,40,71,60,99,89,4,44,82,98,51,52,40,14,92,93,53,78,65,70,15,91,67,20,4,73,48,82,98,55,90,22,78,99,100,35,14,79,80,85,4,67,79,85,7,65,92,18,93,66,50,59,12,12,3,29,35,88,21,84,93,23,79,19,81,1,75,77,56,85,14,53,77,76,32,81,41,47,39,89,4,72,93,66,95,87,71,70,73,16,49,46,35,88,89,43,47,70,8
97,20,9,0,100,30,7,29,3,50,47,73,75,14,53,22,50,12,75,47,79,13,69,6,3,75,42,58,79,84,7,69,71,27,58,90,10,64,87,7,82,49,45,67,39,50,21,23,2,86,32,18,24,6,43,91,50,45,26,23,54,20,59,59,50,85,16,58,39,77,5,27,66,38,95,55,36,88,97,34,55,26,3,67,70,15,74,15,20,44,48,44,37,8,2,76,68,18,86,87
75,19,26,95,41,14,70,48,69,65,92,50,23,34,91,8,43,87,32,44,43,48,80,84,93,48,43,68,25,20,86,9,40,34,45,43,50,24,75,82,22,98,89,23,56,59,16,81,85,6,9,74,67,53,69,50,24,33,72,17,29,53,23,50,61,27,52,34,72,42,75,29,82,30,94,89,9,33,50,89,34,27,86,91,59,3,57,34,79,88,35,45,80,13,42,32,81,37,18,91
84,32,67,54,39,48,65,48,67,0,67,19,82,73,82,41,51,79,7,64,96,100,57,45,15,98,22,66,7,92,65,59,53,72,8,75,68,96,86,33,17,21,13,40,4,70,25,39,71,16,4,61,71,79,82,93,92,46,17,56,95,37,23,36,49,8,48,41,18,94,46,47,15,83,70,99,36,1,43,57,48,95,19,16,77,26,97,82,29,92,81,24,38,31,30,44,10,82,28,91
30,44,20,81,50,95,63,3,17,49,96,77,26,1,90,62,48,49,52,17,2,96,71,36,62,44,50,23,69,99,40,52,81,66,85,38,100,31,12,45,91,32,38,63,23,10,76,0,42,86,44,79,77,52,23,30,3,84,96,43,31,6,86,78,66,93,71,48,81,16,87,72,12,53,92,54,17,81,67,13,83,29,26,28,58,93,47,91,64,13,26,92,60,13,78,16,74,24,90,9
93,5,77,64,61,67,23,19,37,49,10,26,87,47,26,6,9,20,100,55,85,64,72,34,32,99,64,90,39,88,17,7,22,4,55,69,95,37,5,22,23,29,26,42,23,29,90,35,51,0,22,33,61,86,46,7,31,77,92,70,69,97,10,21,21,95,73,50,3,79,4,82,6,1,73,32,97,8,92,5,99,8,67,3,99,37,0,86,66,61,81,6,53,33,84,74,23,72,70,23
35,29,83,26,84,59,65,78,81,37,82,65,80,72,28,31,75,56,8,51,22,47,6,85,33,25,57,63,43,100,81,42,37,91,69,1,98,35,93,45,14,6,74,43,86,86,95,93,0,7,27,91,50,78,94,39,8,75,44,96,90,72,73,51,47,56,46,61,28,77,84,89,97,43,80,23,23,92,77,97,23,28,27,87,61,76,61,5,23,6,73,95,55,37,16,81,39,37,83,35
27,23,44,19,0,18,88,74,8,19,42,0,92,48,6,88,62,30,25,67,26,74,81,26,3,41,73,12,91,43,70,45,7,16,18,1,89,10,28,28,0,56,95,37,83,76,54,8,70,55,82,84,11,92,1,55,62,59,7,44,10,0,80,39,5,88,80,84,4,11,78,68,66,69,44,49,28,93,22,11,95,67,58,26,28,41,21,15,19,79,76,75,99,18,30,2,60,0,96,81
24,42,42,86,76,86,20,9,36,49,74,6,35,19,15,100,100,14,54,76,77,85,91,38,34,74,32,7,22,39,85,61,50,22,58,44,53,29,96,5,6,38,10,3,33,62,91,42,4,93,29,7,46,4,92,14,75,26,12,30,1,29,63,93,89,1,78,93,86,19,9,91,52,18,20,100,80,12,61,41,39,64,11,49,13,40,36,54,46,48,70,84,64,83,15,42,93,12,2,27
66,92,54,1,16,37,43,19,23,36,43,94,77,53,83,15,41,64,40,73,68,37,20,88,62,47,61,63,34,77,97,28,66,83,77,89,23,67,77,57,99,84,45,73,26,11,33,45,23,80,5,47,21,6,38,52,69,18,4,100,38,56,62,54,80,50,92,94,51,61,32,88,88,60,70,34,82,85,85,42,43,34,28,60,39,57,41,51,77,30,40,62,22,96,85,32,8,13,33,92
63,82,62,91,71,35,16,67,1,16,33,7,10,34,82,12,92,38,31,62,45,56,63,11,93,16,1,30,70,79,64,82,42,52,55,54,12,91,58,63,50,9,5,78,80,17,14,0,32,35,14,48,46,29,85,27,44,63,81,50,11,46,23,45,40,80,7,50,80,11,82,51,19,5,14,59,5,15,42,1,55,53,53,68,74,79,54,55,10,86,44,47,67,96,0,35,94,45,83,100
73,72,2,82,88,42,33,81,2,52,56,97,56,28,42,56,43,17,22,18,41,82,26,5,85,66,37,22,52,39,12,87,44,4,43,64,85,24,0,52,20,6,100,69,52,20,88,100,25,1,52,69,62,25,19,98,44,58,12,12,62,30,60,41,32,83,95,62,47,94,4,78,48,70,85,54,79,94,68,83,77,60,80,90,46,63,55,65,39,64,28,99,2,28,33,65,98,35,11,87
9,25,19,85,39,72,38,63,100,89,0,29,94,21,11,99,97,71,96,85,20,53,68,63,50,8,13,26,66,91,70,58,71,56,36,13,53,96,66,29,70,96,88,10,56,89,95,73,50,80,81,17,5,48,87,33,5,44,2,79,89,50,4,38,23,55,26,18,22,29,11,11,43,66,9,18,64,6,3,47,72,44,59,60,80,39,62,64,85,15,17,85,71,94,15,45,100,18,68,98
13,38,17,65,68,86,90,36,81,47,56,61,14,28,99,40,10,26,96,5,11,76,21,22,48,43,52,18,1,68,30,62,50,26,49,38,32,77,65,2,76,78,47,84,2,12,5,56,27,5,77,95,47,33,20,85,38,45,98,43,9,42,1,2,65,41,56,34,40,43,68,65,79,93,79,51,43,91,16,21,28,34,76,21,23,67,24,74,58,41,81,13,11,64,28,98,100,80,36,93
1,85,9,81,87,31,4,52,44,36,32,29,26,6,13,91,34,31,8,4,41,95,66,67,75,86,92,71,48,96,30,30,92,8,39,89,45,24,51,38,97,83,56,14,17,23,24,32,16,37,6,15,86,26,72,76,44,13,69,41,86,7,7,92,98,83,38,89,76,73,55,6,12,61,3,28,85,76,27,6,64,69,82,11,78,32,78,19,17,10,92,82,43,72,45,33,41,84,89,98
33,80,82,4,10,79,32,65,95,87,98,48,86,15,78,46,46,21,71,16,77,54,38,46,56,62,5,77,41,58,10,23,62,16,39,26,70,63,8,47,74,9,87,86,52,5,41,61,10,82,100,74,41,92,89,43,56,50,10,45,31,45,36,45,40,24,14,0,81,34,55,19,93,64,74,81,97,84,51,58,2,38,45,39,25,91,11,61,100,52,55,14,10,46,70,34,58,23,0,11
77,54,72,50,91,17,27,10,76,74,57,4,70,1,91,36,14,69,2,98,97,87,28,57,20,21,51,89,61,5,19,85,56,21,83,18,81,59,60,9,74,7,54,32,48,2,51,99,89,69,58,68,52,38,97,95,81,37,31,57,90,4,10,92,86,47,49,34,75,95,80,41,65,32,47,87,34,1,84,67,31,25,38,19,76,8,59,91,100,55,65,63,53,28,89,94,56,69,69,71
45,69,12,97,15,27,85,10,65,16,36,30,6,87,1,36,50,92,24,97,3,98,45,51,69,83,72,59,98,50,77,96,75,67,84,99,20,99,33,28,73,88,41,34,33,17,78,14,53,29,64,24,100,59,39,8,22,26,42,11,40,80,5,63,23,3,29,91,87,36,60,14,57,55,68,58,58,3,29,22,5,41,50,76,80,36,92,5,46,57,62,37,99,61,74,9,16,60,19,84
46,15,32,49,23,32,66,4,15,17,41,76,89,66,72,12,82,95,50,8,0,42,21,94,6,100,12,83,43,75,41,6,85,90,99,94,97,71,33,17,28,88,85,11,77,15,21,22,84,75,0,89,59,59,91,72,6,11,66,73,28,70,35,60,72,72,63,70,9,38,11,44,39,57,57,79,70,6,63,69,62,19,59,43,30,25,76,33,28,23,73,85,40,69,32,87,80,6,44,30
6,0,56,67,14,81,97,20,13,19,8,55,52,45,13,13,50,63,20,12,23,46,3,14,57,59,81,43,91,44,6,34,74,55,17,58,66,84,12,88,67,52,54,89,84,82,22,100,75,49,14,96,92,57,61,74,15,97,22,13,71,57,62,9,89,43,28,53,5,55,91,57,1,20,94,13,89,76,12,7,72,61,56,4,80,75,77,68,30,92,60,20,11,0,63,43,8,79,68,47
66,38,98,64,6,42,56,14,72,38,9,20,20,21,43,68,55,66,71,36,71,89,94,24,25,33,17,44,15,51,87,76,68,97,58,42,32,56,7,29,96,86,74,48,67,72,8,6,34,4,43,52,41,27,68,52,22,89,60,42,98,63,43,51,37,73,76,62,80,44,66,62,24,97,71,79,86,88,49,91,12,33,51,8,42,81,62,72,19,32,29,14,71,98,44,35,33,90,53,80
25,67,9,40,92,96,6,64,0,81,87,100,78,57,72,73,49,85,39,67,49,34,2,35,27,97,74,42,48,54,51,87,99,93,45,59,74,43,94,76,4,7,21,79,39,18,54,28,65,83,16,13,4,68,32,39,63,98,59,38,57,1,69,62,20,48,71,15,21,36,15,41,98,52,15,59,46,67,4,3,29,57,98,64,30,73,82,86,84,34,58,76,58,74,87,61,95,2,70,57
2,81,23,30,99,3,2,7,49,42,68,55,67,94,63,11,43,20,30,63,47,3,64,74,54,26,55,70,99,51,59,31,32,77,78,74,10,11,3,46,59,66,74,80,22,39,91,7,95,37,90,63,38,43,99,96,12,51,79,4,84,30,83,34,74,78,6,12,81,88,20,15,67,7,29,62,81,13,67,27,9,59,41,90,54,13,63,17,92,8,0,66,42,100,59,76,67,72,79,67
1,61,89,42,27,98,38,47,58,76,52,86,48,67,50,11,14,24,78,41,90,93,49,76,51,33,99,1,95,39,34,31,91,34,59,99,50,15,74,28,89,19,61,37,81,5,2,8,38,12,66,1,15,84,67,62,97,51,77,17,2,57,71,14,96,97,21,46,92,29,44,38,61,12,48,53,52,35,5,82,85,41,99,79,50,44,13,71,93,39,69,42,32,8,98,26,30,45,15,50
92,41,23,32,31,5,76,45,45,49,31,29,39,24,95,93,93,87,20,34,94,48,8,12,54,37,32,4,21,26,89,9,65,59,0,21,93,48,83,82,92,30,58,32,48,10,20,61,7,80,94,45,83,35,59,73,50,97,17,80,89,36,58,15,48,34,21,84,100,17,85,17,63,89,52,16,3,93,60,1,27,17,83,51,93,97,0,61,5,43,5,94,77,57,63,96,3,57,74,13
66,68,78,30,49,86,84,29,63,62,22,47,20,79,41,92,39,37,6,92,20,66,89,54,33,17,45,48,63,99,90,78,6,12,13,38,89,23,14,13,87,44,49,56,87,51,85,80,62,61,40,1,96,52,14,91,31,74,35,26,55,12,59,25,83,20,38,98,67,50,98,43,99,38,41,70,12,7,20,8,71,11,9,91,88,59,60,1,22,89,81,8,10,61,85,61,40,94,18,10
87,52,23,44,90,42,88,56,61,21,16,27,83,17,84,80,39,12,9,32,58,63,50,33,25,2,75,83,45,44,49,53,68,53,95,46,53,66,76,59,46,69,42,30,91,57,68,52,15,25,19,52,59,5,70,15,81,50,89,21,9,21,72,21,61,39,22,25,16,4,27,99,47,62,79,58,0,19,50,73,55,9,80,20,85,15,73,65,27,88,65,11,27,42,73,13,38,47,58,91
54,96,90,44,38,42,77,44,22,60,46,3,65,19,14,73,32,49,32,33,2,35,68,47,18,52,75,1,100,23,15,63,85,62,88,60,35,4,53,91,17,56,77,93,91,56,74,6,65,61,74,55,30,57,61,6,78,35,70,51,54,86,67,77,78,29,63,100,28,91,9,39,93,19,46,59,39,61,94,87,66,74,69,50,4,69,43,13,72,63,46,25,42,85,34,9,19,97,59,90
59,93,79,16,91,58,18,5,2,93,34,86,19,99,89,22,60,0,57,48,92,61,83,8,74,84,70,78,29,49,63,56,90,28,58,47,32,78,27,37,47,94,37,55,90,3,58,2,30,44,91,6,95,46,33,8,33,78,46,60,57,72,28,9,23,72,42,0,34,68,55,96,96,95,27,16,4,32,73,85,85,97,46,8,54,93,87,4,36,16,8,71,29,9,92,81,83,57,18,65
18,50,48,44,39,14,8,85,81,94,43,31,8,90,2,15,88,1,63,63,48,45,41,93,74,29,34,93,30,100,74,47,72,54,89,53,4,97,97,15,11,30,17,61,42,31,100,28,94,5,57,71,62,93,21,56,43,59,91,98,63,34,66,76,12,80,54,87,51,80,93,88,51,87,10,9,97,50,19,30,38,53,40,34,59,58,71,98,27,67,43,73,30,61,0,66,9,2,70,10
40,25,42,16,57,98,3,24,26,42,75,96,79,43,13,75,6,77,56,10,23,98,70,37,4,0,4,93,21,5,88,1,96,89,14,61,31,43,54,91,26,86,97,43,78,33,46,30,71,76,81,38,73,73,83,30,17,17,32,82,38,72,53,21,57,43,0,38,35,14,94,97,43,64,53,21,77,29,62,66,94,72,92,70,83,80,48,84,15,69,48,80,65,80,96,80,57,77,45,46
27,42,40,91,98,33,83,54,8,9,78,24,91,23,89,68,42,89,57,40,77,85,51,77,30,86,75,19,68,34,63,61,61,86,89,43,37,80,64,5,12,28,57,54,10,98,45,82,51,88,4,43,10,15,3,0,2,87,10,6,32,58,42,54,86,31,24,89,95,99,69,73,35,33,4,89,14,40,64,3,45,45,34,69,19,47,14,55,44,80,29,63,17,7,67,5,48,94,67,29
64,21,19,15,90,9,25,58,20,7,64,53,40,61,76,28,95,38,18,76,28,84,92,48,57,95,74,11,37,3,79,84,75,64,17,34,52,71,82,21,2,59,46,25,57,11,62,65,16,25,76,83,90,43,5,4,70,68,16,73,66,25,92,15,44,75,20,55,1,29,44,92,15,30,35,82,41,75,49,29,62,19,20,45,72,36,10,52,90,71,61,33,81,32,79,35,34,68,11,36
65,74,0,49,56,89,18,42,18,4,68,63,64,34,92,98,57,52,73,44,31,86,39,90,92,77,8,64,86,39,44,54,9,46,51,74,16,50,21,61,97,82,99,24,61,38,37,66,60,63,46,54,96,43,19,38,7,93,8,99,28,23,58,49,77,25,69,67,49,10,60,74,34,23,63,44,47,47,51,12,47,30,8,11,60,19,56,84,96,56,79,100,13,11,68,54,15,87,37,73
59,25,76,19,11,79,88,92,30,60,46,48,21,11,80,4,22,43,62,2,27,54,28,16,33,33,36,24,21,41,60,70,81,71,78,26,63,65,43,2,17,30,9,92,29,94,43,93,25,7,84,72,24,77,28,73,24,8,2,11,82,100,21,76,29,21,62,49,84,49,76,91,17,29,65,85,77,61,7,69,12,18,0,50,67,61,52,77,88,49,76,5,68,41,92,63,13,15,95,16
78,72,42,62,94,39,3,27,0,1,5,53,15,12,73,92,69,51,79,2,26,74,52,91,16,35,90,31,87,97,83,6,38,13,54,28,16,50,45,99,19,61,80,10,21,39,13,62,41,23,32,5,0,2,55,34,30,40,58,82,55,98,41,76,63,86,13,51,14,17,72,37,75,65,14,77,51,84,68,89,96,79,42,18,34,39,57,92,8,0,39,72,73,11,0,51,19,73,9,47
26,46,45,81,38,13,47,4,86,88,6,50,4,22,3,78,27,8,67,20,55,73,32,90,61,71,65,55,9,75,34,72,40,39,81,76,69,23,46,55,95,1,43,22,83,89,22,64,24,34,19,16,69,55,84,87,83,73,52,24,25,94,18,25,21,46,6,36,28,99,33,17,47,49,1,73,88,38,16,69,53,43,39,50,6,12,56,39,19,57,81,25,12,7,34,66,81,35,57,2
73,10,37,16,18,68,2,17,46,87,72,33,7,54,25,53,80,13,79,48,48,55,4,7,69,50,15,95,47,91,85,27,62,92,78,27,29,98,61,49,98,98,59,4,28,52,95,4,87,27,60,79,11,92,89,71,82,53,27,76,52,65,45,20,61,54,94,52,14,31,12,35,48,52,87,52,55,17,66,74,67,67,69,41,98,0,15,56,70,84,46,38,21,95,94,8,27,76,11,38