59,99,39,5,36,99,92,13,28,35,36,45,65,89,19,96,70,23,59,16,9,9,32,0,62,87,71,80,52,25,29,3,0,3,78,58,21,19,74,20,19,0,70,97,61,81,51,24,0,78,24,70,76,46,11,74,98,6,46,68,51,36,91,44,23,92,90,3,24,7,88,96,99,8,33,17,56,29,72,60,3,14,77,57,16,58,10,63,84,25,72,33,3,30,66,84,78,80,43,50
47,60,94,33,6,61,95,54,12,15,25,32,89,59,45,80,24,72,64,94,51,86,70,75,80,51,65,48,87,30,5,28,41,79,35,66,86,84,46,1,42,81,46,14,61,69,100,70,26,52,31,85,22,45,43,74,37,18,56,16,16,25,88,10,30,6,18,91,19,48,21,62,99,55,15,48,70,96,25,39,68,23,61,14,90,96,80,23,25,10,75,34,66,39,38,61,57,6,80,81
56,82,86,71,93,91,36,27,54,45,79,24,47,89,43,7,27,94,43,5,93,66,40,13,22,65,72,31,56,68,18,43,8,88,68,67,88,16,27,2,73,38,69,19,25,44,16,86,45,31,51,90,3,52,31,16,44,75,33,60,42,19,95,67,86,21,52,82,56,66,82,92,52,22,99,97,34,53,2,2,79,9,45,55,48,66,88,24,13,53,85,6,26,95,6,95,64,29,75,12
5,97,96,7,97,64,76,32,5,96,63,23,2,36,9,37,100,97,47,12,23,85,62,72,4,24,18,13,13,47,4,87,89,44,8,57,4,98,2,47,57,31,96,17,78,40,18,2,37,4,13,23,77,77,100,94,75,59,19,8,0,55,77,24,12,79,65,80,37,53,52,56,16,50,18,52,83,10,63,81,39,74,84,31,94,43,81,6,9,87,0,64,82,92,44,79,24,18,86,90
26,72,63,43,69,36,92,7,33,30,9,0,75,0,2,43,42,45,64,47,75,95,16,79,97,56,48,45,40,3,21,30,7,97,18,88,24,43,69,72,14,33,58,23,93,43,4,85,6,17,1,72,28,11,29,41,59,32,58,42,16,69,89,25,48,70,19,73,46,22,10,34,45,24,13,87,45,44,8,88,9,97,49,90,15,23,55,57,58,16,83,23,5,49,78,58,14,100,29,87
35,10,11,78,59,49,63,37,90,99,64,6,72,63,82,22,22,6,31,39,39,67,10,33,94,77,67,5,50,82,25,20,36,49,24,100,63,4,17,71,4,66,0,87,95,14,68,46,47,93,44,88,15,18,39,16,54,45,4,78,19,56,9,23,87,47,75,70,22,47,85,4,58,29,49,65,3,73,26,51,27,34,60,43,48,36,14,92,16,86,33,22,65,6,58,97,46,49,58,8
74,23,46,98,67,57,33,72,50,95,51,91,76,91,74,70,34,100,84,90,45,67,15,42,27,75,0,23,69,82,63,45,27,71,38,86,47,3,52,92,70,100,29,94,69,39,60,72,4,20,91,50,4,57,47,20,64,21,88,14,61,56,13,83,81,90,50,40,55,28,0,20,72,68,85,62,65,0,92,97,57,12,47,41,35,65,75,65,9,48,80,22,31,74,37,76,19,60,83,7
63,11,69,68,9,96,74,80,36,23,41,86,36,32,97,51,82,58,17,65,0,70,56,34,7,99,84,88,20,24,49,91,63,42,49,5,64,11,80,60,52,71,42,97,28,82,92,63,27,6,13,48,0,49,49,57,8,55,100,33,92,70,71,71,49,29,58,49,53,74,34,63,52,98,94,49,76,18,9,15,4,79,46,26,34,15,33,11,47,75,35,51,65,70,47,34,19,85,43,59
29,68,93,38,68,67,20,39,71,17,54,35,42,15,30,70,83,0,69,54,48,92,14,7,2,22,13,92,84,44,8,8,48,24,99,4,6,44,24,82,45,78,39,90,91,54,8,92,43,40,66,36,36,82,93,28,7,88,61,52,29,62,71,31,68,64,26,25,19,98,9,94,30,87,96,94,67,16,85,71,19,29,0,79,66,97,99,75,67,92,63,7,66,83,65,28,1,74,14,44
56,25,92,37,10,56,93,50,99,49,62,21,9,60,25,38,37,35,36,85,92,56,98,24,2,89,17,54,49,51,47,23,29,40,83,11,72,37,46,31,93,60,39,16,56,87,41,42,61,56,33,50,33,23,11,40,27,38,72,48,66,12,6,4,24,73,60,24,68,84,49,71,38,52,58,54,15,61,37,21,74,92,67,85,60,5,80,25,39,77,31,16,71,14,48,75,33,47,3,12
76,55,59,4,25,19,68,56,91,57,54,38,5,76,3,19,2,42,1,45,4,99,60,86,14,16,61,20,19,96,25,0,10,45,79,93,94,32,41,81,64,15,37,81,31,59,52,2,82,53,99,48,52,22,26,71,52,4,21,66,60,55,25,24,18,84,50,69,61,23,68,40,97,99,54,28,4,12,37,98,34,93,61,7,79,24,0,84,55,47,45,70,17,45,77,27,81,41,10,75
80,10,83,88,69,22,22,51,12,97,30,31,75,9,27,1,13,47,10,36,41,43,33,20,25,2,58,44,40,12,73,46,92,4,33,56,23,17,24,97,16,13,76,13,47,84,19,42,19,95,14,88,6,10,51,95,6,4,87,1,52,12,31,67,10,27,94,67,47,91,13,60,26,51,26,14,51,63,94,22,61,31,46,38,28,25,57,49,67,16,96,45,19,36,65,11,61,7,90,34
45,68,72,31,39,46,70,71,44,91,76,79,27,51,49,92,32,21,35,13,22,48,85,63,90,66,17,77,56,54,39,53,71,16,20,67,67,1,52,39,10,67,44,80,87,0,85,31,39,8,67,77,92,61,75,84,53,9,55,96,88,71,1,39,25,60,2,9,94,47,72,66,55,29,70,69,22,35,51,21,72,6,72,100,5,65,32,85,5,33,83,70,24,82,4,55,44,3,4,32
86,41,21,89,93,18,66,41,98,14,86,100,12,62,45,36,40,29,70,22,47,16,87,55,57,76,96,64,72,44,76,20,38,81,88,30,90,54,69,80,1,10,53,9,91,64,85,31,27,21,19,96,18,98,73,85,55,47,56,16,93,0,74,34,24,74,29,33,15,85,24,51,10,100,44,0,14,60,50,55,5,15,97,28,12,64,50,52,94,95,23,61,38,4,68,25,87,41,91,52
62,20,55,96,45,48,22,85,74,27,69,51,90,80,20,56,17,0,84,33,66,93,95,96,56,89,31,63,25,98,8,88,37,62,75,15,37,99,69,69,17,33,88,18,78,64,36,78,18,22,26,62,54,74,6,11,23,84,62,57,98,58,53,6,9,13,53,73,87,68,71,44,83,4,74,25,89,83,62,0,37,40,12,14,49,85,89,71,98,7,68,35,8,94,8,2,9,96,29,38
48,67,52,62,90,61,48,37,86,64,36,42,40,30,22,37,92,25,64,70,95,5,65,6,28,72,70,34,99,52,80,18,36,40,74,15,7,82,71,100,39,82,47,41,26,39,10,81,58,97,9,96,22,82,30,59,80,72,15,11,14,30,77,26,43,97,88,88,40,100,31,42,73,17,80,26,10,7,43,86,64,56,87,56,64,37,12,32,22,12,16,31,88,18,99,32,83,91,93,82
47,49,93,98,15,65,31,24,46,86,45,59,75,10,29,78,22,97,69,34,29,99,7,71,9,12,71,79,85,97,17,16,66,42,79,75,73,94,7,61,53,76,22,6,12,17,38,80,87,6,27,77,15,2,91,32,74,60,4,28,25,39,15,88,38,24,51,98,28,52,71,19,41,50,62,66,6,33,13,46,55,2,6,24,6,52,40,11,28,2,42,2,28,56,39,58,6,72,8,31
6,0,24,75,4,96,39,35,37,85,56,47,52,77,75,18,85,82,52,94,6,38,98,43,49,93,42,99,96,44,98,44,31,86,74,87,50,55,16,5,10,99,9,50,68,65,32,2,48,88,22,78,71,93,90,85,17,86,58,86,44,76,21,85,28,42,25,44,93,75,81,83,48,10,34,16,18,68,4,70,19,84,26,6,64,20,4,34,26,55,97,79,84,80,5,72,78,78,31,92
64,63,29,8,100,13,46,71,21,50,25,8,44,11,68,23,22,74,20,91,95,97,46,56,76,7,73,28,14,12,70,98,36,14,3,19,29,19,74,75,89,98,13,64,13,35,78,88,2,36,21,89,62,94,100,22,32,39,4,98,36,79,54,34,22,26,6,55,14,31,59,27,90,99,47,41,62,36,99,95,86,9,24,77,11,2,21,86,83,48,26,18,67,30,82,44,76,24,95,83
41,16,58,20,36,5,28,26,76,3,11,2,22,94,36,74,5,37,45,22,1,34,100,91,91,54,18,7,27,1,97,31,66,61,47,67,70,12,13,80,3,8,40,40,84,53,69,19,51,79,21,54,29,7,29,63,49,81,38,68,82,34,39,84,9,15,13,97,81,90,98,97,67,54,53,55,20,96,12,76,95,91,30,92,41,12,19,8,5,67,24,26,95,83,4,30,66,96,54,12
59,80,91,69,57,53,77,76,73,64,99,27,67,0,32,96,74,93,59,75,36,18,31,28,93,5,63,2,70,61,39,77,13,75,9,85,64,74,35,67,94,54,93,52,74,82,15,40,35,41,5,91,32,91,20,4,41,64,86,49,99,13,54,33,18,42,99,43,11,90,87,74,75,22,42,32,55,100,23,56,21,61,90,95,73,4,96,50,39,3,84,79,24,38,77,20,82,76,69,27
41,51,6,62,5,13,10,47,14,81,97,82,12,97,82,5,17,0,38,33,63,51,93,38,71,83,8,48,51,18,50,19,96,12,78,77,74,71,15,99,13,51,65,66,36,88,36,43,10,67,51,63,23,77,37,48,90,54,73,70,4,0,83,31,10,62,2,14,97,35,47,22,44,40,90,65,53,27,96,21,22,61,79,67,84,32,61,2,60,1,79,39,54,22,33,51,40,91,34,80
18,88,38,20,40,3,83,12,16,46,79,68,45,75,21,75,37,13,11,36,84,37,23,15,52,7,16,81,32,88,52,49,87,70,20,90,79,81,26,78,77,68,57,35,89,8,44,9,86,19,43,53,32,12,71,29,56,0,54,57,24,54,10,67,49,61,46,40,10,36,28,59,46,31,47,68,19,66,74,10,64,1,95,11,63,91,100,74,80,87,14,14,74,6,48,47,49,25,64,27
80,68,56,47,62,15,72,5,85,77,39,70,12,21,39,55,29,51,7,36,100,93,98,63,20,27,1,36,36,93,97,8,31,25,78,57,1,96,57,65,92,77,32,27,41,63,83,15,36,78,1,56,54,49,48,26,33,68,27,36,75,25,6,60,32,14,7,83,24,43,2,95,35,22,0,26,44,32,42,92,81,46,16,86,1,93,12,32,72,41,6,32,32,25,32,3,63,71,66,73
33,46,34,67,15,25,65,42,79,26,9,22,4,94,76,42,70,89,13,99,99,26,48,22,56,81,5,63,62,48,74,36,88,7,69,73,60,4,85,85,9,50,7,11,96,5,35,19,50,91,6,2,22,23,47,23,36,82,87,8,79,2,32,33,96,41,74,7,88,63,33,18,27,27,98,59,69,5,75,47,40,89,71,84,9,94,16,45,81,23,31,88,68,7,14,32,1,40,84,48
64,98,5,9,8,80,66,40,41,38,65,67,80,33,74,45,91,35,39,25,2,42,66,59,42,6,45,24,60,7,55,0,71,67,18,12,79,21,39,33,38,79,92,12,97,27,27,98,23,88,33,7,5,37,33,69,19,52,87,23,71,25,2,90,2,97,74,54,68,21,30,91,64,73,7,17,75,54,56,29,23,8,13,48,35,42,49,43,16,63,67,0,23,14,64,32,26,89,49,20
6,81,64,86,39,19,74,86,91,30,16,10,94,55,74,4,2,51,20,12,5,97,27,55,28,41,28,90,81,2,90,91,100,75,30,2,67,25,37,40,0,41,5,75,88,98,70,12,78,2,99,100,49,93,39,57,60,8,88,58,65,30,48,22,17,82,48,81,8,88,30,39,43,42,100,7,54,9,96,5,76,9,41,15,82,89,31,21,22,3,58,0,82,42,53,73,91,48,81,43
51,70,8,42,97,30,58,58,96,57,61,42,16,75,92,48,66,97,92,98,18,22,5,19,74,98,22,57,74,45,53,86,75,38,63,63,32,61,3,12,37,26,82,43,86,70,24,68,95,35,98,29,6,5,72,15,48,17,93,59,69,0,87,59,3,81,40,4,33,36,35,9,8,6,64,20,1,32,31,52,55,16,89,52,25,46,29,93,80,64,44,90,11,84,27,44,88,27,79,22
35,22,47,5,25,81,87,97,26,62,56,74,1,62,68,38,67,55,20,98,98,52,48,35,51,10,56,16,50,79,41,42,11,96,68,48,72,53,75,98,25,66,30,100,6,43,78,81,23,66,50,78,73,28,80,35,67,89,90,93,20,75,89,20,38,37,59,49,78,32,12,100,72,92,54,45,45,92,94,1,44,34,19,66,66,27,22,100,58,1,99,90,99,33,7,77,7,28,41,14
64,59,34,78,32,53,68,10,4,39,67,23,10,65,34,26,12,70,46,27,37,4,43,62,70,46,45,24,6,28,87,60,89,61,65,44,98,96,61,69,100,85,89,30,92,89,34,71,67,17,62,37,77,97,89,26,22,13,47,84,57,32,59,60,20,31,6,85,93,85,47,70,61,27,62,31,45,96,27,16,20,24,71,48,62,95,73,62,27,62,54,65,87,67,34,97,100,9,53,33
35,58,77,99,12,23,53,9,92,3,79,64,88,11,53,14,56,61,12,64,40,51,55,25,53,1,22,70,45,38,61,90,62,65,80,75,86,57,92,74,50,70,40,63,30,59,93,78,8,98,50,48,21,35,53,42,78,36,3,18,47,65,29,62,10,99,45,58,16,83,73,8,62,89,70,58,65,57,98,19,81,93,20,83,2,21,73,76,3,58,0,72,74,85,86,73,55,74,52,14
83,46,4,33,14,83,38,54,30,51,89,16,90,61,34,80,92,74,82,75,55,99,81,38,67,80,95,23,83,33,70,55,99,55,61,32,28,8,59,95,15,10,63,76,13,33,35,63,32,56,71,89,98,0,28,91,50,53,33,75,92,0,95,14,79,93,82,52,46,20,3,32,62,57,91,22,68,71,49,33,61,48,41,97,54,98,39,37,89,32,79,86,78,46,51,7,56,72,50,82
14,16,28,9,89,15,33,59,30,34,28,94,30,81,59,4,41,56,8,76,34,7,15,3,95,86,46,31,46,70,39,7,42,12,0,59,93,7,49,56,42,72,54,30,71,98,7,10,14,89,49,64,1,34,4,81,85,69,36,14,22,26,85,28,75,73,75,23,50,15,67,91,85,51,67,36,67,35,14,94,39,9,40,22,26,57,5,93,86,87,4,71,85,27,27,36,27,13,10,15
42,87,37,19,42,22,20,27,6,83,73,24,28,45,54,30,55,5,58,19,42,75,45,74,91,10,42,45,59,6,92,85,79,59,8,17,18,47,46,55,87,70,4,79,30,94,54,81,15,26,48,100,79,23,89,100,82,19,82,40,54,69,81,85,86,89,7,72,87,35,57,21,11,58,46,9,87,54,86,83,66,48,39,86,72,1,25,93,4,79,64,88,27,89,78,65,23,55,18,98
40,93,55,55,50,35,58,82,6,18,82,47,8,16,72,32,74,26,10,18,14,100,65,90,54,5,81,86,20,71,41,95,57,78,27,93,19,10,65,2,38,10,73,25,73,65,38,78,33,77,30,57,28,25,61,56,63,50,0,47,72,10,31,9,83,92,65,41,0,33,10,22,30,14,2,42,55,35,66,64,4,97,63,64,53,68,1,17,65,1,83,73,19,37,38,94,44,20,41,8
95,100,97,59,3,53,67,68,33,61,19,75,70,76,18,13,95,79,21,100,76,9,0,30,8,38,82,41,69,72,88,62,77,21,48,97,1,99,40,43,51,98,41,50,52,50,68,36,76,81,99,90,55,59,68,89,36,99,33,12,62,7,49,57,80,39,99,72,89,95,7,69,58,59,81,12,18,14,10,47,23,72,79,93,8,87,78,56,43,29,27,53,89,26,6,55,66,26,1,49
56,51,22,45,52,82,4,34,68,17,13,65,76,37,16,23,33,72,57,93,44,58,73,61,60,41,26,79,52,13,66,89,54,95,64,28,84,77,72,74,69,21,62,3,1,94,35,96,69,2,68,9,98,64,29,26,29,59,66,37,9,39,17,54,96,35,55,79,70,38,24,52,8,0,75,9,75,96,55,80,81,19,42,24,12,55,79,12,15,15,22,59,82,40,50,35,67,86,90,59
74,55,88,56,20,25,56,36,31,64,29,63,65,60,87,47,33,22,16,62,30,37,3,83,77,37,64,85,73,18,28,82,1,93,14,92,6,92,69,49,27,89,64,53,27,22,65,39,13,54,93,14,34,4,63,37,29,25,57,64,100,46,65,67,12,3,10,0,3,3,30,53,86,34,60,82,4,22,92,92,14,1,34,43,61,44,63,68,22,90,12,49,26,52,16,35,64,41,79,99
61,41,79,5,34,77,75,95,96,30,90,84,58,72,92,40,92,90,35,27,22,21,26,58,89,23,34,23,94,53,98,50,39,92,69,33,9,94,59,60,59,20,77,16,49,75,8,0,8,16,25,22,8,81,17,53,67,1,72,100,17,74,87,34,92,65,52,4,6,23,8,3,70,98,71,8,56,4,66,43,64,10,47,8,71,25,51,58,0,45,65,99,40,68,31,58,91,13,90,1
22,25,10,76,24,5,28,100,83,5,23,42,99,30,36,92,17,47,32,74,69,55,71,75,45,40,73,21,85,43,39,62,76,42,41,83,98,8,4,31,75,22,82,56,44,82,23,96,28,43,32,80,47,61,23,66,43,84,84,17,55,51,97,38,7,87,98,95,39,38,94,64,39,25,37,1,23,10,40,11,9,28,77,72,8,24,92,83,87,35,94,84,26,81,43,46,19,54,93,25
50,77,56,30,95,71,99,79,91,71,97,4,68,64,97,90,88,73,85,45,18,88,69,32,65,57,17,80,83,48,15,46,1,25,47,98,28,28,9,59,84,84,79,40,50,18,4,87,56,58,94,43,96,19,29,74,92,49,60,22,47,37,79,91,33,42,23,7,67,73,88,14,14,98,86,88,84,50,79,46,96,8,76,92,66,83,20,8,4,41,15,49,44,75,44,73,98,97,12,20
44,36,4,79,91,100,94,57,5,70,44,94,23,35,78,57,78,43,0,43,97,20,93,15,2,67,3,90,32,21,63,73,40,53,55,66,5,27,74,64,14,76,22,22,23,64,67,78,50,43,35,14,6,11,53,15,93,66,45,59,81,60,85,91,56,42,62,28,89,20,91,12,24,0,25,74,29,67,84,18,32,59,12,5,75,21,18,44,0,83,91,18,86,27,2,76,48,39,10,56
41,71,85,46,64,44,82,28,22,85,78,39,39,87,46,5,72,59,58,15,53,81,39,13,85,11,59,74,24,45,66,93,48,54,28,27,54,12,45,21,13,78,4,15,45,40,60,20,52,25,14,93,5,1,5,60,83,10,23,43,41,14,0,3,84,73,42,14,88,82,26,19,37,3,70,26,12,60,55,37,69,77,27,87,2,60,6,40,94,22,21,29,12,100,24,79,48,2,50,22
85,58,29,37,57,52,42,69,54,8,11,18,30,5,58,62,70,44,57,35,5,33,58,49,66,87,73,87,24,56,87,37,55,87,11,62,91,67,41,60,81,32,8,64,16,52,84,87,24,79,8,100,52,56,47,20,90,52,49,11,54,93,70,33,60,94,6,54,32,99,4,73,27,39,95,90,3,100,97,7,15,47,77,80,57,79,6,78,77,26,0,73,88,55,48,10,53,30,89,6
75,49,65,71,45,20,79,11,96,74,89,45,69,79,50,12,28,10,86,99,97,73,54,8,96,62,57,13,80,65,8,6,22,1,65,18,25,32,11,97,85,85,36,97,56,97,35,98,79,96,42,17,20,91,67,15,7,62,67,0,64,39,16,50,93,42,75,21,96,67,52,97,56,46,6,18,96,16,8,81,77,100,99,8,20,10,14,82,59,55,38,21,66,18,52,11,72,10,33,10
96,57,20,44,57,27,46,68,98,53,68,14,47,41,56,62,43,9,43,33,67,94,97,88,97,81,70,23,63,12,88,45,79,73,61,83,94,12,42,17,6,11,97,77,10,31,41,77,82,97,46,91,44,9,86,45,80,62,74,56,7,81,39,51,55,83,75,1,12,60,80,57,44,4,93,69,74,67,2,27,60,23,53,82,92,41,50,0,78,2,11,40,87,2,48,5,11,52,3,77
68,80,85,49,38,59,88,90,45,76,91,87,69,93,49,6,11,7,52,86,20,55,62,27,23,89,41,29,91,10,74,68,28,77,74,3,92,70,11,78,53,99,48,22,87,12,44,10,3,66,90,97,18,13,11,52,77,47,75,95,89,7,59,57,33,83,35,51,57,23,54,76,7,41,57,25,56,93,55,91,34,11,46,36,38,40,7,96,85,84,3,11,31,32,65,53,84,38,65,85
94,60,48,62,21,7,43,34,18,55,11,45,18,58,99,53,25,15,59,29,64,3,19,49,84,4,2,87,31,100,92,6,96,8,72,62,95,60,22,77,75,6,16,30,51,18,81,25,99,91,51,76,5,4,2,34,83,32,94,87,93,86,75,85,95,57,44,79,39,75,49,57,48,23,68,96,54,82,97,82,13,31,49,46,81,17,41,98,54,31,18,7,72,4,68,97,71,25,69,58
93,16,45,33,88,63,43,39,8,85,35,100,78,91,71,43,89,92,72,39,8,81,51,91,22,97,93,89,9,98,72,5,55,28,99,61,27,61,67,36,27,76,35,7,40,39,32,88,81,36,75,54,9,94,84,99,83,46,34,21,86,77,27,9,41,92,7,84,19,9,46,3,39,93,79,36,61,93,40,89,80,75,86,11,16,58,63,99,38,96,84,46,32,18,39,4,13,10,95,61
84,37,82,1,44,42,49,69,9,4,48,73,93,57,79,87,32,12,39,99,69,6,80,14,40,39,9,53,80,90,61,64,91,43,0,18,54,42,19,90,10,91,97,69,40,36,36,50,4,39,51,82,71,26,65,84,50,14,15,88,5,90,35,32,78,44,33,14,55,20,20,73,59,14,88,62,93,98,82,31,77,17,82,83,68,39,33,96,26,54,26,70,82,19,69,25,46,8,22,61
9,89,72,18,96,95,82,11,20,94,65,42,39,93,25,47,18,51,99,29,80,77,52,99,29,9,22,43,8,47,34,79,0,62,90,23,27,14,1,84,50,18,88,88,95,34,94,87,8,48,12,78,94,82,41,13,16,19,10,13,66,31,94,32,61,93,82,16,64,49,7,6,66,42,41,30,74,25,100,70,31,42,69,82,94,52,18,15,92,80,60,52,14,54,15,31,65,2,87,89
58,21,51,15,93,77,24,9,18,84,99,55,27,73,60,17,88,4,36,61,17,90,49,26,24,78,85,8,45,49,64,54,44,90,90,76,43,22,57,11,37,79,24,80,94,65,86,57,97,22,15,16,53,25,90,42,91,1,48,74,94,22,70,94,38,53,9,72,53,71,19,51,55,36,42,23,16,30,68,73,4,100,79,29,58,25,20,23,17,39,27,84,33,69,89,55,59,48,81,4
37,7,4,36,18,51,87,92,93,65,45,62,25,92,6,3,36,63,5,10,51,3,63,91,86,9,26,7,26,77,63,56,35,52,80,34,38,51,53,29,70,90,71,45,17,25,64,41,31,36,12,55,71,5,75,28,20,60,7,59,2,73,91,92,81,80,22,78,0,59,25,17,79,91,78,53,62,71,93,38,34,70,43,48,91,63,94,59,52,21,89,10,15,87,17,26,16,62,88,98
63,83,23,95,48,2,35,68,33,30,47,78,21,12,4,71,67,65,1,90,72,95,98,35,1,15,88,11,48,36,23,72,93,30,44,84,11,3,45,80,53,55,12,54,29,65,31,7,23,19,9,100,74,10,1,5,6,11,79,57,23,6,25,28,78,28,72,21,38,30,49,65,16,3,35,93,92,86,4,54,91,43,89,91,23,17,69,93,9,58,38,59,52,52,55,78,5,47,94,91
99,50,49,81,23,58,62,45,54,6,65,88,3,95,73,58,42,22,7,84,32,55,4,66,20,14,39,13,67,49,18,47,8,30,61,93,98,70,35,39,42,43,55,95,25,53,21,50,16,65,86,54,64,62,3,48,39,12,99,25,95,89,0,51,42,36,39,11,48,81,20,36,97,58,92,37,49,45,25,95,26,7,76,96,37,6,32,56,62,39,19,88,64,53,19,26,95,68,68,59
43,66,61,15,23,39,22,40,35,43,62,60,54,54,80,100,33,59,63,71,28,47,29,89,43,6,52,58,23,40,76,93,6,76,6,19,42,52,52,100,1,51,93,11,57,12,76,3,90,2,22,58,73,64,80,23,70,73,83,58,76,52,33,22,46,66,79,14,32,84,23,54,22,52,13,95,32,78,44,0,27,9,69,66,44,47,83,59,56,23,76,48,67,60,5,13,50,65,25,54
68,21,91,86,98,87,42,76,93,71,22,55,4,82,59,17,38,4,44,71,93,28,9,60,94,97,88,37,75,12,37,65,59,92,47,98,49,88,79,95,93,5,97,62,60,9,49,60,55,96,32,42,86,85,8,92,61,42,8,58,36,82,73,13,85,7,48,65,64,14,87,21,93,61,60,26,14,41,87,22,50,45,84,82,99,84,0,48,72,56,96,25,49,36,72,48,16,64,56,59
73,44,94,20,70,30,64,78,19,4,14,18,24,56,84,8,27,18,21,20,46,86,14,38,41,58,70,15,32,79,94,57,31,57,74,9,88,4,42,84,42,78,75,99,71,89,88,25,97,93,28,8,72,53,80,21,35,44,20,60,86,61,74,14,19,95,65,7,58,9,86,37,8,67,97,25,11,98,27,2,16,45,49,86,3,15,94,65,39,29,39,59,8,29,11,23,56,49,21,66
5,42,62,8,23,81,10,61,66,4,1,6,52,35,53,77,8,42,67,22,45,42,50,16,92,78,57,34,35,45,61,48,51,46,36,22,35,40,77,26,70,27,77,25,64,39,12,5,85,52,94,33,81,45,16,37,52,31,49,60,63,71,71,92,16,9,0,84,82,60,37,2,98,97,92,81,37,13,27,30,20,43,30,57,58,85,62,11,21,59,0,15,53,87,99,63,18,81,35,41
55,55,86,93,92,62,81,74,97,73,47,54,100,10,60,38,83,70,56,94,97,39,19,59,97,10,77,23,23,64,8,86,40,84,37,23,21,48,84,16,8,64,33,98,3,24,86,68,12,93,40,91,17,1,94,85,28,11,6,57,98,21,95,1,48,100,96,39,92,63,15,69,68,43,51,24,51,64,1,58,60,72,54,0,33,67,87,61,71,97,40,7,28,1,58,46,91,47,82,97
74,45,45,20,22,82,70,83,1,71,22,90,98,38,70,58,82,96,24,12,21,95,77,7,66,59,47,8,25,77,11,74,59,35,84,50,47,79,89,93,36,50,28,93,19,45,39,53,20,40,31,16,49,60,46,57,41,40,64,61,21,30,10,32,88,43,78,100,46,71,62,46,24,80,62,2,40,7,9,40,42,2,12,41,52,7,79,92,22,41,29,85,44,87,29,82,63,79,91,41
99,33,1,45,17,74,30,32,5,7,93,63,75,14,49,39,40,33,13,90,51,94,17,28,57,93,54,23,0,95,98,57,0,51,70,20,12,32,0,77,29,7,47,55,64,63,100,98,80,54,89,40,76,5,41,48,55,42,76,29,96,4,67,52,64,3,4,55,7,32,41,6,71,28,44,7,54,37,64,24,18,52,57,19,34,84,58,23,33,11,82,53,80,2,95,32,18,70,3,10
42,41,80,25,9,45,14,27,22,26,0,67,87,100,79,25,20,83,23,48,88,52,26,17,58,80,7,53,10,100,30,31,65,99,61,1,67,41,1,24,81,26,52,37,68,14,94,84,78,67,53,64,32,86,8,28,6,86,5,39,98,76,16,75,16,70,35,58,11,45,96,59,28,29,92,63,42,93,42,65,67,21,65,35,78,70,30,64,100,70,14,4,63,14,96,56,49,26,4,33
20,63,30,20,47,27,91,55,39,97,99,95,26,94,11,24,68,36,100,20,63,62,97,1,57,94,46,47,47,62,15,19,18,87,65,70,9,26,8,81,23,33,70,70,72,9,7,86,55,50,57,75,84,88,42,76,0,78,41,89,89,64,10,39,21,36,29,63,44,30,77,89,39,21,26,81,3,38,90,26,46,74,60,46,4,91,57,51,58,2,0,32,22,26,13,32,24,85,82,100
73,12,26,98,47,97,19,1,83,68,60,37,28,40,81,54,94,98,10,95,54,8,1,9,20,18,66,34,93,58,1,68,60,83,3,48,50,20,64,64,77,19,32,37,41,18,100,46,37,12,95,14,54,75,43,77,88,4,75,48,60,8,71,58,79,63,20,2,65,23,21,23,45,20,35,74,10,40,100,76,92,81,63,6,68,18,40,18,69,92,44,48,36,67,57,14,92,45,89,89
25,53,42,16,51,66,99,20,33,84,37,94,53,96,14,52,65,77,44,38,90,68,44,15,59,24,75,25,66,52,98,22,50,72,28,63,78,76,44,74,58,71,5,71,46,20,61,75,18,23,6,95,96,73,81,100,5,8,41,30,76,44,76,87,86,4,38,34,44,38,55,83,73,48,7,34,17,61,46,54,91,23,1,89,58,83,64,93,46,62,9,12,40,77,13,56,56,86,95,74
34,28,58,69,24,3,28,76,76,84,7,30,67,68,71,82,90,37,65,1,36,96,55,66,46,18,5,62,79,10,12,14,75,71,3,92,3,26,60,74,17,99,81,28,88,18,80,33,58,2,8,16,16,18,13,18,47,7,31,40,63,50,75,50,60,36,52,27,99,15,51,15,71,96,76,73,6,10,68,27,88,12,24,19,99,68,99,93,30,66,68,16,90,70,26,6,77,43,67,100
25,32,4,5,90,25,31,81,30,6,29,100,52,32,12,54,54,18,61,77,74,74,40,3,34,6,94,85,57,0,74,35,36,33,35,50,16,38,69,35,46,28,24,100,79,81,8,16,2,6,54,30,77,29,85,33,18,28,23,12,84,45,17,60,14,23,8,16,0,81,8,40,82,51,43,46,100,25,60,81,93,24,49,41,77,37,82,44,66,9,67,76,68,78,15,27,85,22,2,34
54,26,44,76,56,74,64,35,96,84,28,51,23,2,37,69,45,38,7,51,20,67,79,76,87,76,65,62,78,34,31,84,14,12,75,1,99,70,92,42,88,38,70,13,89,47,74,56,69,10,47,10,84,67,94,43,1,21,89,12,90,48,71,74,91,76,83,35,7,22,45,58,78,32,78,30,93,99,50,97,74,7,87,66,18,92,20,14,25,84,42,8,44,93,99,19,83,62,43,84
10,21,49,19,65,40,38,48,36,26,35,61,25,89,60,12,69,5,21,55,56,33,20,56,35,70,87,49,39,1,75,13,83,40,92,99,4,35,96,28,11,75,77,12,45,40,69,33,54,72,63,5,60,58,68,46,24,16,40,87,31,44,0,85,74,100,36,83,87,9,94,39,11,97,16,9,90,22,2,8,1,1,96,87,93,0,52,52,80,77,82,85,44,84,52,41,60,91,61,18
39,74,37,23,25,23,81,6,21,91,42,64,0,62,12,25,60,60,90,93,12,98,43,7,58,94,81,55,71,30,0,96,92,8,72,80,55,88,1,33,96,29,1,62,16,92,27,88,17,8,20,75,6,84,60,90,94,22,21,52,61,41,37,65,73,35,38,95,46,73,3,45,9,87,47,23,1,39,62,91,64,22,39,98,23,91,68,26,90,70,38,57,91,64,41,98,36,70,73,9
30,93,43,6,28,10,60,21,19,19,87,100,44,51,77,96,89,3,98,28,9,45,74,8,79,18,18,8,63,88,31,59,20,78,54,95,6,7,42,62,42,54,31,43,86,57,98,20,19,70,51,46,48,6,40,40,61,5,50,19,54,22,99,4,80,64,29,55,28,36,1,60,58,13,3,73,63,17,7,59,9,91,98,62,7,62,70,51,40,53,51,31,7,19,67,55,93,3,35,70
10,30,93,78,82,4,4,0,27,54,6,65,66,3,83,9,11,94,0,61,8,56,71,39,16,30,62,60,97,9,91,68,0,75,0,9,4,25,8,14,13,66,69,95,10,61,5,91,81,36,11,17,88,11,75,96,93,66,74,95,88,16,60,82,38,57,53,72,52,27,52,8,67,42,8,45,29,81,92,3,61,3,61,72,18,20,90,38,9,32,53,14,12,18,42,74,86,53,70,57
50,87,24,99,28,57,89,25,91,20,14,23,86,28,87,88,30,3,19,42,53,62,69,38,35,47,2,28,97,13,76,5,67,28,29,14,45,55,82,22,50,48,92,53,19,57,78,14,32,82,51,72,56,58,73,8,96,30,0,56,92,3,88,32,4,4,36,54,93,20,44,29,36,41,48,97,17,37,32,56,60,64,21,62,5,15,8,49,80,18,7,19,38,90,39,76,4,89,30,84
44,98,92,2,50,25,49,54,73,77,85,50,68,49,97,21,61,96,29,66,15,17,78,84,19,42,21,29,65,11,68,60,37,30,5,56,6,4,14,20,31,25,85,24,90,70,38,93,90,11,38,27,70,14,91,36,56,40,59,67,100,37,24,14,42,27,82,3,26,78,59,52,94,43,33,98,93,20,41,21,20,14,75,89,64,89,89,34,4,74,44,9,74,78,50,43,70,48,11,40
27,88,78,79,94,39,0,23,10,36,65,17,26,83,14,58,59,28,40,65,80,70,75,50,23,17,47,6,88,42,5,69,26,92,80,29,10,66,73,72,56,0,37,63,46,27,62,20,100,13,51,44,21,2,9,13,3,56,16,70,51,14,65,20,70,8,45,64,58,51,94,48,90,47,100,96,98,52,89,66,82,38,66,33,31,33,10,54,82,36,3,22,28,33,29,67,93,35,79,75
89,67,91,57,51,88,74,21,70,99,47,64,39,52,79,54,7,48,100,29,56,73,5,78,25,10,75,96,9,95,54,58,72,39,83,97,84,3,91,31,45,11,72,8,26,78,10,18,55,94,13,31,48,9,96,35,4,98,58,17,86,70,0,78,13,0,99,74,89,81,4,58,79,91,85,95,75,24,79,20,75,22,37,30,84,54,66,98,60,99,53,94,88,0,1,84,46,89,40,90
48,85,33,17,26,59,56,91,59,64,56,29,37,76,44,39,41,50,1,1,46,41,10,37,98,19,6,85,19,68,11,55,38,44,21,17,27,92,20,58,67,60,46,15,79,75,85,85,88,9,20,19,83,60,54,31,5,17,17,25,6,56,60,64,27,31,13,80,72,63,4,1,37,11,2,9,18,72,36,50,58,73,17,68,12,28,27,19,5,93,50,18,14,33,32,16,80,37,81,34
25,95,90,18,53,54,16,82,54,64,13,60,20,93,83,87,58,92,74,82,68,67,13,61,11,4,32,33,82,18,94,84,27,98,14,8,23,6,88,75,16,75,20,25,72,17,65,63,86,2,64,80,0,15,19,5,13,3,74,78,10,29,67,50,2,13,18,88,64,71,84,10,46,30,14,30,28,6,56,32,62,10,63,28,43,57,28,51,74,97,78,50,53,32,49,99,86,48,56,99
42,51,70,99,51,9,62,93,64,49,16,72,48,32,24,79,53,54,6,0,73,30,97,67,17,95,57,60,73,20,37,60,24,24,60,89,44,56,91,77,95,93,80,100,17,27,44,97,59,96,85,71,27,73,56,83,52,89,25,80,61,14,70,9,52,19,10,77,33,78,47,6,11,5,65,19,65,57,77,88,33,55,71,79,60,63,28,41,57,99,2,68,11,79,3,22,64,27,93,68
96,36,58,100,30,0,36,44,81,60,24,30,54,53,69,83,26,41,59,16,89,79,49,0,88,3,19,29,9,91,53,53,37,78,47,56,66,36,4,72,55,85,40,24,21,42,76,17,49,46,76,92,88,14,74,6,68,70,50,1,5,42,59,13,18,50,33,52,45,88,3,82,68,72,31,65,34,49,47,69,85,96,67,87,72,74,61,8,38,68,81,83,0,17,1,74,49,82,67,35
90,39,99,86,50,27,32,84,90,27,65,94,78,35,78,26,48,81,92,23,94,91,73,14,19,51,66,28,83,5,43,46,54,47,35,65,22,62,0,93,51,37,32,35,2,89,68,73,64,68,16,5,39,46,75,99,21,26,15,7,63,31,43,64,77,3,2,31,78,67,29,21,25,90,96,64,11,27,80,39,2,91,33,86,47,3,71,11,61,23,0,36,89,97,2,34,45,22,37,41
55,84,64,32,44,52,67,3,27,91,30,34,70,79,67,71,59,88,74,61,86,67,54,100,17,61,36,32,61,94,3,78,17,33,55,72,68,66,47,40,15,70,70,84,96,86,29,62,33,26,39,13,95,53,12,49,83,26,5,40,33,94,93,9,4,56,52,39,0,45,70,37,21,79,73,87,0,17,64,14,57,46,56,43,58,95,91,97,60,41,0,43,68,20,62,23,99,80,19,24
64,86,77,93,94,81,73,32,47,41,60,63,20,32,96,84,74,53,69,72,7,36,16,11,22,95,88,13,37,77,77,71,74,97,58,93,8,16,39,0,53,60,51,53,33,51,81,94,11,70,75,77,21,21,50,17,77,41,9,37,11,53,51,85,43,26,32,59,39,54,98,15,47,20,88,25,36,78,22,38,2,43,52,91,71,27,43,11,58,88,31,60,21,2,71,61,72,23,95,69
21,66,82,91,44,74,31,49,64,58,25,73,52,75,94,55,76,71,41,85,43,39,58,80,97,75,89,5,71,15,53,33,68,38,17,27,28,69,41,23,78,76,20,53,35,69,28,52,22,20,38,27,23,29,24,100,20,37,9,89,9,93,93,51,63,67,28,47,18,75,46,81,81,39,65,87,18,50,74,73,1,35,20,66,62,9,81,84,23,16,86,76,97,84,25,46,10,67,92,83
73,54,81,31,59,25,20,35,61,60,99,36,37,69,68,44,100,7,27,40,37,19,35,24,66,2,53,10,26,43,51,12,80,34,82,56,5,12,81,2,32,33,92,24,19,8,24,34,78,17,66,45,66,66,72,99,93,68,5,50,39,92,22,36,6,49,53,52,91,92,47,80,47,47,70,3,86,41,9,67,8,86,64,96,7,86,69,0,27,38,76,65,91,28,58,17,39,97,69,84
69,49,65,68,39,70,98,85,99,38,66,15,31,76,36,34,41,86,39,80,89,70,99,64,1,38,77,3,24,13,53,71,97,52,24,68,88,97,11,25,37,58,32,29,34,75,29,80,44,14,21,56,64,45,76,91,5,27,24,82,49,35,74,84,76,33,23,49,19,20,64,45,5,100,69,31,86,89,43,20,14,81,75,100,67,85,8,30,59,87,5,29,0,97,3,36,62,36,57,28
12,39,5,71,56,66,30,46,56,45,62,12,30,31,17,35,32,67,76,28,69,50,86,89,49,61,57,45,37,48,98,55,63,29,97,13,4,42,2,77,100,100,19,77,52,27,0,49,96,63,16,19,20,92,27,60,28,45,85,11,5,26,84,17,15,85,9,78,92,76,22,17,67,60,51,90,8,93,8,94,22,29,69,86,99,8,60,13,66,54,48,50,46,5,58,3,62,36,72,55
28,29,93,22,23,34,94,95,30,46,65,87,80,92,20,8,69,4,50,68,69,69,32,22,92,23,95,88,6,52,46,61,54,77,16,86,10,91,29,97,51,92,100,41,35,34,15,34,37,5,87,95,55,11,46,15,92,77,86,20,94,95,84,58,89,64,46,22,50,3,51,10,40,29,54,6,83,90,7,15,43,96,5,6,1,81,3,11,77,12,67,68,4,92,43,45,1,30,28,17
18,86,56,74,84,77,54,75,66,100,5,6,98,54,13,27,54,95,5,48,92,49,48,44,84,96,50,0,11,86,91,64,72,43,16,21,14,1,62,56,20,47,84,26,37,10,26,81,93,80,13,46,60,1,26,26,88,34,0,20,57,84,50,88,0,39,26,60,13,65,82,50,21,7,87,13,10,51,23,84,84,72,51,32,76,63,96,9,3,18,97,94,49,33,39,25,13,72,23,9
27,4,41,23,76,53,64,30,25,64,92,79,27,39,28,6,1,61,21,53,62,35,27,92,14,19,52,93,64,37,90,2,84,18,93,24,65,66,19,59,72,89,22,13,22,17,73,82,41,71,75,17,50,65,10,8,59,34,13,2,69,80,39,43,14,36,6,51,7,79,25,22,57,4,46,3,47,7,14,54,43,30,47,79,93,94,96,78,71,74,25,87,61,16,10,12,12,41,50,60
27,59,80,86,87,14,21,43,10,98,3,99,98,50,39,20,87,58,22,73,39,97,77,56,5,28,59,66,57,5,70,62,0,6,85,68,89,61,11,36,43,26,90,73,31,62,92,77,96,53,28,1,40,28,2,22,78,52,0,94,83,30,42,59,28,79,88,13,65,76,32,58,3,78,8,60,43,12,75,9,14,29,58,78,98,92,87,2,7,25,57,2,43,92,57,19,77,48,100,30
33,91,56,80,42,65,40,51,89,48,26,76,16,89,86,59,73,10,39,20,6,98,73,12,9,47,34,11,98,89,7,6,66,20,28,47,43,56,21,90,69,36,18,7,18,58,76,100,16,27,84,58,6,2,39,57,17,87,71,12,91,16,70,7,38,84,3,68,83,85,52,54,93,22,12,64,68,9,49,8,47,95,66,86,83,3,29,78,92,20,70,90,49,76,34,17,4,1,40,59
93,18,57,93,29,30,76,61,63,90,21,21,86,90,6,55,79,33,51,43,96,42,41,3,81,55,56,20,8,1,96,65,17,7,7,52,59,94,49,61,28,72,6,67,1,47,34,13,73,40,82,72,44,34,5,68,69,12,96,0,80,29,41,53,41,73,72,72,8,65,40,77,52,60,55,5,77,55,55,30,98,72,5,25,99,79,70,8,20,83,62,19,2,78,59,34,37,50,5,40
23,1,38,22,43,63,6,0,18,76,85,83,87,63,3,35,37,59,60,48,3,5,16,96,56,65,22,59,94,8,2,100,99,86,0,68,85,18,20,47,68,59,32,40,12,29,20,56,49,85,20,64,36,77,24,27,46,1,92,93,44,81,19,11,65,5,51,67,78,36,43,8,6,62,96,6,87,70,78,47,46,37,56,1,48,4,47,76,7,85,3,64,18,29,64,56,33,97,52,85
6,88,9,7,98,17,66,77,85,41,93,5,40,96,37,90,46,100,0,64,43,25,19,11,55,40,19,18,70,71,87,56,63,40,74,40,85,18,19,68,79,48,25,38,21,37,58,90,99,93,48,91,2,56,95,68,52,35,18,31,20,91,7,10,41,44,1,85,58,87,8,31,25,9,61,85,29,1,67,40,48,3,65,11,67,26,79,10,83,10,68,89,56,48,31,100,47,98,97,67
99,2,84,69,18,72,76,67,42,42,30,76,81,8,11,55,93,72,7,62,58,53,79,98,59,100,33,25,14,27,48,87,19,98,31,51,18,85,82,65,37,73,50,15,82,74,99,58,22,11,28,49,72,36,42,33,66,59,20,43,52,49,83,58,0,21,19,86,29,26,67,77,21,45,90,22,96,35,72,45,2,87,99,13,64,4,34,24,96,35,58,82,30,36,33,33,3,42,34,44
53,97,76,50,20,51,7,2,55,41,99,19,21,48,25,9,81,8,32,13,38,73,47,54,17,46,34,54,55,68,45,58,94,6,6,86,5,86,12,72,17,28,5,54,54,33,15,52,5,47,47,16,31,18,31,31,10,13,65,34,100,35,32,61,62,52,59,66,0,90,59,71,84,53,80,90,57,88,63,93,44,26,45,19,38,30,7,92,98,9,41,15,60,64,23,48,1,9,54,6
76,75,28,42,8,56,31,26,53,75,29,20,10,55,81,7,79,98,93,63,74,34,49,59,10,21,89,72,12,50,51,36,4,64,28,94,89,39,60,55,28,39,85,38,32,20,61,86,2,99,3,73,40,95,84,55,60,18,11,88,48,5,41,100,44,42,89,72,12,57,59,9,47,97,84,25,14,74,5,21,66,12,22,36,77,30,64,44,0,15,9,95,94,100,73,77,69,67,72,27
43,23,61,12,44,23,31,39,8,23,75,35,99,27,97,97,15,33,70,59,48,73,75,77,38,91,16,83,10,47,11,47,40,16,23,20,17,90,47,55,28,30,26,99,84,81,9,61,22,46,88,64,94,66,56,42,86,53,28,17,97,52,55,0,90,30,50,100,64,86,65,1,99,95,11,58,3,45,22,79,16,44,73,98,49,66,53,45,42,26,94,89,78,85,71,19,29,88,99,45