92,12,94,73,56,29,23,54,4,2,88,100,82,37,16,88,86,72,26,85,16,81,78,71,3,30,2,3,2,82,47,71,32,37,0,46,9,86,83,19,26,30,19,68,92,7,59,11,74,40,86,68,60,53,20,20,40,70,36,26,63,0,34,23,58,29,37,48,5,100,98,60,16,43,11,74,89,49,4,72,19,12,83,69,28,100,64,23,96,40,25,5,85,75,75,18,26,38,35,13
28,51,65,86,51,69,31,79,9,60,91,76,51,41,7,96,3,96,34,54,9,20,53,84,57,12,6,86,26,42,91,21,52,7,11,44,95,70,48,90,29,98,96,70,28,99,25,2,14,49,88,16,7,7,7,19,96,27,93,73,4,31,100,39,39,76,80,24,95,89,12,58,33,40,100,25,57,67,53,76,35,29,7,24,29,42,86,63,83,93,89,82,94,20,86,86,2,88,62,62
63,33,82,44,29,70,53,48,52,30,71,74,73,61,84,67,97,66,99,83,68,51,88,51,67,47,74,63,58,7,3,65,29,43,46,53,66,23,82,14,62,96,96,56,34,26,0,0,5,86,92,68,80,22,44,16,35,40,68,81,62,91,66,44,10,36,43,32,6,92,24,18,30,74,94,83,69,50,88,56,40,93,60,39,58,10,80,74,30,67,100,37,93,54,97,7,29,15,91,13
61,63,38,59,82,82,59,27,5,49,85,1,60,82,96,85,62,26,61,93,87,41,14,99,38,25,98,76,40,19,90,88,69,89,77,3,24,86,73,5,24,21,38,82,62,43,1,11,16,16,81,85,38,23,1,9,46,60,75,15,8,41,57,87,89,36,54,56,89,95,6,54,22,37,23,30,73,71,92,40,79,89,76,23,68,88,36,17,95,94,21,73,84,35,28,36,74,83,34,73
21,64,49,77,30,19,53,66,94,16,19,78,19,78,62,86,85,98,55,76,57,51,63,60,21,48,19,81,11,10,25,47,26,32,90,37,74,80,73,93,3,28,23,67,35,75,12,3,34,43,20,19,2,35,9,59,82,70,100,95,17,27,96,94,91,5,9,29,13,18,99,24,70,71,9,71,69,77,41,76,44,19,15,49,69,59,16,55,50,82,70,67,19,92,23,55,99,92,12,24
11,63,92,34,63,41,59,7,93,23,7,89,49,83,75,21,10,60,75,74,35,87,9,91,11,33,68,8,75,54,17,34,77,73,80,99,29,2,10,71,60,61,46,64,13,75,12,93,32,49,45,46,81,40,32,44,78,19,23,27,20,10,56,15,5,5,63,93,17,17,21,64,53,76,92,39,86,29,16,63,54,37,45,69,32,97,15,87,93,56,60,19,91,71,29,51,26,30,73,76
70,34,89,79,15,10,3,31,31,44,60,57,17,2,69,55,75,48,15,60,85,24,55,40,84,25,9,24,83,16,81,31,58,27,83,80,6,9,100,33,98,38,43,12,13,72,33,52,89,27,66,54,50,32,56,73,75,24,72,87,9,32,89,84,43,38,31,39,89,55,77,5,3,72,68,22,43,96,84,74,97,40,78,29,92,90,0,48,61,43,80,61,88,91,22,87,0,51,27,32
16,37,18,61,84,3,22,11,86,71,22,99,67,86,82,74,18,49,93,23,62,74,23,77,17,36,87,8,22,37,77,78,94,41,2,19,50,32,14,57,10,43,36,15,62,12,96,40,88,43,43,37,17,24,83,10,25,37,80,88,90,33,62,70,11,53,55,98,54,29,48,23,51,0,24,54,58,16,87,24,92,51,90,19,95,22,20,32,82,15,27,37,44,78,13,43,66,95,82,100
31,99,39,53,29,30,38,22,97,34,43,30,47,49,27,39,30,13,51,44,50,85,7,73,80,62,74,24,68,6,45,85,60,57,51,7,53,11,72,3,71,98,53,48,0,19,55,28,15,75,4,36,88,42,79,99,73,98,13,62,80,50,43,65,11,67,29,42,46,49,25,79,83,8,69,21,97,1,41,50,8,77,97,22,37,66,32,75,57,77,24,17,1,99,78,29,21,66,88,82
41,81,93,26,75,51,47,22,80,49,20,81,65,66,13,0,88,41,37,84,2,44,3,92,90,69,4,53,92,62,27,11,57,38,13,51,75,25,52,11,56,55,21,45,33,15,91,84,28,97,68,40,89,48,88,5,100,60,60,42,40,21,69,35,75,70,80,99,69,73,15,28,48,38,16,68,91,54,76,65,77,17,65,3,46,86,79,25,81,10,33,86,12,91,76,73,89,58,41,82
38,0,99,32,18,24,61,49,8,45,97,41,31,25,8,85,70,8,37,3,39,72,1,26,47,36,38,69,50,2,1,55,94,58,99,24,36,23,56,39,15,73,33,44,17,13,43,45,95,48,20,40,77,45,87,65,49,83,47,1,31,43,5,45,1,89,12,77,99,63,8,94,49,87,8,95,26,48,31,5,57,83,76,54,65,87,3,33,94,49,12,61,94,97,76,20,26,89,15,52
27,97,72,87,89,73,86,22,52,8,49,93,21,58,30,25,22,80,53,25,23,13,62,79,51,89,83,42,46,70,78,91,81,89,33,3,82,50,16,31,75,47,61,95,60,86,90,22,58,52,47,86,24,3,82,79,16,70,69,8,41,40,49,49,52,34,76,49,33,82,55,60,45,46,10,46,4,42,18,89,12,65,16,3,93,88,98,27,59,82,64,47,36,32,7,31,65,15,96,90
22,99,93,83,22,61,76,33,64,10,71,63,38,94,43,99,55,38,71,99,80,48,62,100,49,48,9,16,69,100,43,55,48,98,44,51,35,72,18,4,89,7,29,97,71,91,48,72,72,14,29,14,77,50,88,17,93,41,26,56,19,73,83,6,32,89,99,10,43,93,46,65,50,18,95,24,89,5,86,39,67,81,80,22,32,76,25,95,0,98,85,72,57,70,88,31,22,38,49,59
91,36,70,28,18,29,96,75,66,87,70,19,12,42,64,51,59,32,36,30,77,20,30,52,68,86,56,83,39,90,11,44,48,100,41,19,42,33,15,77,60,5,77,96,16,76,78,83,82,54,39,34,47,92,5,45,88,100,45,21,25,37,30,50,21,71,85,48,57,77,68,31,83,4,80,52,23,90,80,44,18,81,21,34,50,92,87,47,82,11,55,15,30,94,8,66,62,75,80,84
60,26,49,31,68,84,6,88,97,35,38,5,86,13,100,70,95,71,40,92,97,31,94,53,31,88,98,74,87,60,100,100,100,13,8,63,50,34,84,21,93,47,92,0,63,14,25,56,31,62,89,90,18,53,77,12,3,87,4,52,72,40,57,50,16,33,58,44,13,62,87,18,94,7,4,40,84,98,54,20,15,54,48,23,52,64,90,26,39,35,61,76,3,85,31,52,12,55,69,38
31,40,34,61,96,72,1,6,80,46,78,72,95,24,52,22,6,47,12,24,100,83,68,40,60,92,37,66,87,72,92,58,23,8,60,69,49,15,93,27,78,87,0,86,56,86,75,41,97,96,87,65,91,8,61,31,73,91,3,97,83,52,68,51,56,72,46,31,98,32,62,75,98,2,26,66,22,100,13,5,77,95,74,96,8,34,54,44,24,78,52,9,14,41,28,37,79,38,87,74
67,14,52,73,11,36,90,7,19,73,63,18,61,63,95,45,82,32,13,79,97,54,82,24,95,60,80,46,46,98,38,27,80,7,0,100,2,93,81,6,22,13,13,70,17,81,30,8,86,77,74,65,89,38,7,59,22,70,30,77,78,68,18,67,90,97,68,46,9,62,15,23,56,92,45,10,14,47,74,71,75,96,93,56,49,72,93,18,26,33,24,79,7,55,29,86,75,88,100,100
24,84,43,84,95,83,57,61,81,33,1,18,55,9,30,34,63,90,92,99,60,36,88,71,18,1,23,30,77,11,82,1,78,74,81,83,71,41,14,0,18,54,0,31,17,6,19,11,3,6,67,90,92,12,0,32,45,8,90,42,20,73,7,40,44,87,96,98,42,37,16,76,65,30,32,94,30,74,94,3,21,73,50,58,8,22,7,32,91,58,58,74,7,11,16,57,9,0,17,0
6,3,3,49,62,41,9,77,33,100,40,45,94,81,97,92,22,79,77,79,4,46,53,44,3,52,57,100,64,40,22,22,81,11,40,74,63,42,47,29,13,51,67,30,99,6,14,93,32,22,75,71,17,35,30,29,30,47,56,84,9,35,69,36,60,87,82,23,74,32,31,3,49,94,69,35,23,57,55,99,79,85,3,21,60,16,85,44,81,49,54,17,51,65,26,32,28,70,62,7
1,18,93,49,100,52,19,81,10,89,99,0,55,55,87,45,16,78,75,91,85,39,82,75,29,56,18,36,26,11,0,9,7,15,5,75,77,35,64,68,41,75,50,33,40,52,98,60,21,65,4,36,85,68,10,16,47,30,55,51,75,30,72,56,36,20,13,28,5,86,14,77,52,93,66,51,100,9,16,97,1,68,82,88,68,77,75,89,100,14,66,17,50,97,72,72,84,91,21,97
69,44,70,48,37,75,91,63,28,1,60,19,78,77,51,84,3,77,58,48,46,49,96,97,89,96,7,59,15,10,29,34,59,6,22,75,37,58,14,35,61,63,92,67,19,17,62,49,76,64,69,80,33,96,24,37,58,18,71,3,42,0,37,18,80,42,40,63,65,69,61,5,90,59,8,47,14,58,4,65,94,12,15,93,17,85,49,74,73,69,37,48,84,37,57,23,72,4,54,4
53,49,64,27,48,88,85,4,48,0,66,58,59,53,100,13,65,74,85,69,74,19,76,31,15,31,3,35,25,63,5,5,23,60,74,64,2,25,63,100,68,70,35,29,67,97,33,85,29,69,22,86,47,5,94,20,87,51,25,43,83,57,37,28,23,70,18,86,35,14,67,24,62,59,67,14,8,86,31,61,89,62,26,43,88,53,90,66,61,60,29,8,29,64,35,17,67,86,93,25
67,0,35,51,81,25,46,67,50,64,33,18,53,14,70,77,53,42,70,16,96,42,1,33,39,83,25,65,62,22,95,81,58,54,33,62,36,60,20,30,64,10,77,17,6,40,76,54,44,59,5,56,70,68,3,53,58,2,61,76,85,6,53,50,70,0,57,77,44,19,43,52,57,15,94,32,81,27,39,59,98,95,43,14,43,31,2,55,63,90,26,38,33,11,4,47,59,42,94,7
53,53,3,59,73,55,77,36,44,12,30,31,50,92,1,69,31,43,42,63,32,70,88,7,22,75,20,91,64,73,30,32,67,99,48,66,20,38,61,19,31,95,56,95,60,30,24,12,64,57,9,30,3,26,43,6,88,43,85,36,26,97,67,96,2,39,62,98,63,58,54,84,34,2,54,1,12,83,73,6,46,39,69,69,39,18,42,52,11,91,19,47,13,27,53,24,94,31,88,80
16,79,73,94,94,87,45,34,99,5,70,61,82,18,36,20,2,91,29,98,73,53,27,77,94,24,65,91,77,69,37,66,45,86,84,74,75,62,65,17,11,32,22,8,10,32,7,2,62,41,95,83,91,29,26,19,22,20,26,70,60,69,65,95,77,73,96,60,72,93,69,93,6,8,90,71,9,29,80,72,95,6,14,10,25,98,47,71,42,81,67,96,64,6,18,88,89,34,89,98
8,79,30,69,86,36,11,71,84,97,30,18,100,58,34,85,66,8,13,41,69,59,17,35,43,18,65,95,9,85,51,42,49,74,60,91,54,2,29,89,33,57,93,6,4,75,73,94,75,19,15,42,6,58,56,83,91,5,18,48,11,22,99,27,52,73,91,16,29,95,84,56,79,5,80,89,27,93,12,60,14,85,35,66,75,62,39,54,70,83,81,22,77,9,26,93,47,28,24,26
47,86,54,55,41,63,83,77,40,73,72,3,23,83,67,75,57,98,44,9,47,43,54,81,72,70,63,80,77,16,3,86,83,43,25,2,4,12,11,36,71,60,44,3,99,7,6,34,54,20,34,29,21,91,21,97,17,33,33,41,20,69,96,36,1,14,10,100,46,72,93,60,8,57,7,82,25,48,71,26,90,33,100,61,36,6,75,91,43,51,42,6,65,40,36,86,6,94,29,29
43,19,52,2,17,88,12,95,50,63,62,77,50,32,4,63,5,31,88,22,86,83,58,73,22,95,63,65,77,12,1,25,2,24,54,46,24,6,59,80,32,20,48,30,97,100,89,19,37,0,10,59,2,67,54,36,56,53,11,55,91,70,13,26,35,67,41,34,41,54,15,52,70,50,64,22,21,76,69,29,94,38,93,26,99,46,49,67,56,83,22,10,79,5,5,10,9,75,44,27
11,21,88,68,86,35,81,21,36,16,57,93,73,19,87,89,66,38,81,76,52,15,20,34,50,67,32,59,47,83,100,91,34,60,49,54,25,6,35,28,11,2,81,8,86,49,4,22,44,50,84,96,11,80,86,11,17,54,45,28,100,46,17,56,79,54,49,12,28,82,91,98,71,77,76,83,49,19,27,100,78,99,17,34,30,28,24,36,54,100,51,12,86,89,78,65,43,42,61,95
60,79,14,4,32,45,15,70,33,58,37,68,58,66,90,4,60,16,40,49,45,21,60,59,34,9,63,71,29,18,94,43,0,76,58,100,35,41,29,85,7,90,31,92,17,52,36,65,73,49,42,66,6,12,36,45,78,32,66,4,18,7,63,46,5,74,28,88,73,49,75,51,9,70,87,62,22,80,96,14,72,44,16,3,69,66,47,81,40,86,34,15,10,66,1,32,31,1,86,99
67,82,61,28,13,29,53,76,9,28,52,20,18,45,20,2,51,0,99,68,96,55,30,4,58,19,77,70,69,81,17,23,64,85,73,94,3,76,35,92,71,41,0,80,14,21,22,38,70,51,8,27,12,50,75,40,54,48,33,75,1,18,67,68,12,10,89,7,29,37,31,87,90,11,60,84,77,6,10,69,25,41,2,79,75,94,69,81,92,21,12,27,46,12,63,31,86,56,36,24
37,44,19,95,79,49,0,71,99,23,25,58,65,94,76,5,37,66,10,81,49,26,62,65,69,49,2,23,26,14,37,51,54,43,88,60,41,41,65,86,25,0,14,6,56,52,29,38,64,90,7,1,99,73,34,55,36,17,10,20,13,46,62,13,29,24,85,36,38,30,22,60,37,27,13,48,89,84,8,58,20,7,66,15,22,96,67,10,37,74,67,12,40,27,48,55,1,5,30,65
62,96,74,43,69,73,78,57,60,35,47,51,16,42,72,65,46,37,30,20,2,44,5,14,65,34,83,81,80,98,8,12,34,94,79,17,85,73,76,71,54,71,48,94,12,33,2,88,30,78,61,51,26,22,46,94,26,40,95,47,77,98,76,81,28,72,53,62,64,39,88,9,8,74,22,55,86,90,8,36,70,70,28,72,83,13,52,5,81,56,71,91,94,58,83,4,78,65,94,17
91,68,5,26,29,78,74,44,22,25,81,51,30,51,8,61,73,53,39,44,70,42,26,90,81,4,94,28,24,68,6,49,97,71,73,63,0,24,78,83,85,24,9,44,91,62,68,57,69,9,81,21,83,74,69,23,51,50,38,6,43,41,11,94,41,55,54,84,16,18,68,10,0,100,15,63,9,74,56,3,66,23,79,89,42,15,5,48,13,69,87,55,7,75,48,18,33,27,79,6
73,16,97,80,68,97,59,86,37,45,34,21,98,54,1,59,57,96,100,22,93,42,56,35,93,66,21,85,59,31,55,48,76,90,43,98,54,96,65,25,42,63,61,13,93,34,18,12,42,84,39,60,62,72,43,58,72,70,68,31,66,34,62,64,71,21,62,71,7,62,56,8,42,59,48,82,63,43,36,53,55,67,39,16,29,1,34,83,24,46,53,57,11,47,92,60,35,45,51,57
85,31,72,16,68,57,6,4,46,88,35,26,73,87,60,48,87,26,7,60,67,19,5,60,71,73,34,31,17,19,40,94,66,94,97,81,34,18,22,88,74,40,22,20,37,28,54,97,28,97,64,67,30,24,32,91,40,7,19,73,34,20,32,4,60,97,1,32,63,36,9,65,45,24,48,52,89,11,58,10,60,17,44,47,38,54,67,38,79,80,29,21,95,86,82,88,89,38,1,77
53,62,70,44,83,67,78,8,53,71,92,88,65,86,80,30,26,55,8,18,32,75,80,19,31,16,12,96,68,18,95,30,22,39,3,64,45,83,49,41,41,88,93,20,48,85,28,23,10,0,100,19,81,47,4,12,66,41,89,44,91,31,62,94,48,22,92,93,17,96,1,36,81,15,28,58,64,57,58,17,0,12,66,49,37,50,93,19,50,65,92,28,58,65,84,34,71,77,24,94
27,24,53,67,63,3,33,41,41,30,45,92,83,19,17,12,91,66,74,0,61,100,95,68,5,58,58,92,70,57,97,94,36,60,12,98,33,32,18,16,12,19,2,39,22,44,49,52,30,45,32,10,85,69,16,18,83,100,35,2,21,33,71,36,59,11,7,90,85,13,46,31,62,69,66,15,54,95,21,37,35,21,92,9,67,1,30,20,4,3,67,40,11,66,9,43,54,19,0,13
48,16,82,67,56,5,54,45,29,52,69,24,62,85,61,84,41,97,36,74,26,76,2,4,17,87,52,63,40,37,26,43,57,33,87,68,96,74,31,15,16,5,55,80,7,35,17,42,28,87,60,84,65,61,77,78,27,81,95,59,14,90,66,50,5,86,42,13,42,3,60,10,12,97,6,27,8,100,46,14,20,11,44,76,67,32,38,59,29,75,62,31,85,74,100,12,28,88,99,66
100,94,8,9,100,41,65,91,73,13,80,98,30,33,35,11,95,67,77,96,13,69,70,51,34,100,37,9,15,14,19,41,75,75,42,68,84,97,56,2,15,35,40,99,24,23,70,72,79,21,20,92,69,14,80,19,5,1,27,57,38,4,98,8,13,29,62,12,72,81,46,96,81,74,10,57,15,76,7,31,29,23,22,47,22,18,67,62,7,75,98,56,16,65,31,76,100,78,66,4
99,80,1,64,26,59,69,62,10,83,61,1,78,97,5,11,54,33,23,73,72,98,15,43,59,12,28,49,42,97,1,84,96,86,64,88,69,85,32,15,18,91,38,100,42,56,24,0,6,63,43,15,90,81,63,53,44,38,92,49,88,69,23,21,43,35,48,17,50,2,68,74,27,49,98,49,50,52,94,96,1,56,61,58,21,69,46,90,12,3,5,29,98,44,93,20,99,7,17,84
85,53,35,84,40,45,71,1,7,69,64,87,25,62,62,36,48,2,87,50,16,75,19,73,23,55,33,9,74,40,46,44,33,45,36,96,98,13,2,0,90,100,82,42,83,63,84,68,49,99,97,59,45,66,7,43,3,28,51,64,70,24,8,10,26,57,71,34,36,22,90,22,57,84,90,43,65,86,53,3,45,62,42,25,70,52,7,19,9,69,42,58,51,58,67,98,47,23,23,9
5,17,34,42,15,59,81,44,1,30,35,92,29,32,34,76,78,58,85,23,38,68,50,100,17,12,64,32,34,69,36,7,82,84,21,44,76,90,18,44,85,85,40,87,34,18,16,32,59,29,90,64,67,96,66,48,77,42,84,53,21,11,29,3,12,64,24,78,69,47,10,64,88,84,41,87,85,74,69,70,21,39,9,45,97,39,99,68,11,13,61,27,23,23,6,63,17,81,52,93
64,24,99,2,37,65,50,63,40,100,11,64,58,47,33,62,61,71,39,58,13,26,44,28,4,64,4,2,80,67,85,25,58,41,4,23,81,96,23,11,0,24,34,98,35,64,98,52,32,10,26,96,52,34,36,48,34,51,4,16,57,62,64,66,41,83,22,55,79,29,92,48,81,6,37,12,2,88,97,81,22,86,60,7,70,34,47,27,85,31,79,54,75,32,100,42,16,3,45,48
77,46,3,11,51,97,74,72,37,25,47,59,80,10,76,48,27,67,38,94,89,95,88,99,27,30,57,29,93,100,66,64,15,100,12,78,12,40,42,35,99,91,93,61,50,83,93,72,15,40,1,72,40,55,81,3,72,27,82,73,39,33,9,62,23,73,73,52,54,14,90,86,27,66,31,65,45,63,73,50,5,94,83,85,89,69,18,55,9,61,60,19,19,7,40,9,19,19,51,76
5,90,65,41,19,7,75,94,37,81,13,97,43,92,21,92,22,39,62,99,64,91,81,41,59,100,37,42,29,96,0,34,80,40,57,48,43,6,46,61,54,25,86,97,41,34,55,12,22,75,81,67,21,30,68,73,72,59,21,4,29,32,35,91,20,21,37,38,21,75,90,3,60,27,48,82,18,66,17,45,2,65,92,12,45,51,70,92,80,33,44,83,35,49,40,95,7,65,4,53
85,60,40,46,76,98,7,4,30,13,83,49,79,15,2,29,85,76,46,6,79,79,15,22,93,20,96,21,42,81,86,25,31,38,27,24,98,27,72,64,29,5,48,1,98,28,15,99,36,48,6,47,41,30,79,44,71,70,94,80,71,98,85,47,1,43,76,79,18,25,34,26,40,7,84,50,35,68,64,72,69,50,43,1,99,15,81,58,96,6,55,76,42,26,70,70,57,44,7,58
24,1,80,14,45,53,16,40,7,63,20,88,36,55,79,6,90,22,79,55,8,69,31,83,75,29,37,88,20,29,55,95,55,46,61,40,90,84,14,60,97,43,0,84,3,53,77,64,21,22,72,53,16,66,98,42,45,90,75,57,42,12,87,70,83,43,16,76,80,3,30,10,30,43,100,81,100,75,59,99,28,90,9,43,16,39,52,61,57,24,32,1,56,21,96,54,1,75,26,48
15,27,85,96,26,42,98,92,9,20,11,23,68,16,100,45,60,93,54,15,18,46,0,21,59,12,35,44,14,30,14,54,10,4,62,27,4,58,56,27,30,28,12,91,94,87,11,78,56,68,2,6,10,39,82,22,22,52,56,91,79,59,100,70,41,43,7,44,88,12,82,12,24,44,2,53,27,48,0,15,25,96,79,73,75,36,53,96,45,39,59,9,86,58,42,41,9,68,38,8
40,63,91,52,38,26,99,38,98,42,56,64,86,92,42,33,81,92,49,53,100,87,61,3,67,72,42,4,20,98,5,99,29,21,15,51,53,50,15,64,16,43,97,66,24,28,85,84,22,61,13,62,88,1,75,15,32,4,54,24,43,52,55,61,61,99,10,26,30,6,98,7,57,86,96,11,79,83,22,71,38,15,11,93,61,8,52,85,18,53,78,59,27,58,34,1,67,87,87,46
70,30,5,71,50,72,77,100,35,35,95,70,64,27,59,97,17,12,14,84,86,42,71,81,31,65,9,17,63,6,61,51,7,17,100,25,95,96,85,72,26,31,76,14,30,38,18,90,98,10,40,46,100,18,46,81,2,40,86,98,19,71,50,3,100,68,84,99,18,46,19,62,72,96,42,42,40,26,27,67,29,0,12,39,27,48,12,61,14,13,99,44,27,25,93,56,21,60,68,51
57,45,71,100,58,36,0,44,72,14,8,98,25,36,97,56,82,84,59,85,12,7,88,18,57,23,49,99,18,47,45,82,88,30,70,21,16,52,26,56,54,29,10,8,16,87,37,45,75,5,76,9,70,42,6,12,3,59,47,20,68,98,46,35,82,95,89,12,99,21,65,96,70,31,43,70,72,19,52,25,53,98,48,39,78,54,96,51,5,3,81,39,46,10,90,25,15,75,52,62
56,55,73,87,65,10,99,62,90,36,66,30,42,48,11,25,72,93,23,96,10,84,64,9,12,85,72,73,17,24,21,9,92,11,57,41,96,100,18,21,98,3,49,26,70,59,28,77,55,95,42,67,43,94,100,39,50,73,53,19,96,97,46,16,10,26,89,96,85,91,98,13,35,43,75,18,56,11,13,39,30,11,38,24,65,5,79,74,30,25,69,66,95,4,22,42,49,21,33,31
92,4,67,91,66,3,49,23,64,12,58,25,58,1,56,67,5,89,52,66,44,43,13,60,93,30,1,2,80,12,61,0,49,100,43,9,95,67,68,78,75,79,48,9,20,30,89,9,34,91,30,4,6,31,19,87,84,84,31,19,93,0,22,83,33,56,88,27,70,25,90,64,94,52,16,76,18,95,0,69,64,27,47,89,86,36,70,83,91,76,100,48,35,38,67,72,77,70,14,29
81,10,15,98,93,41,43,45,50,67,1,52,16,95,68,15,45,32,11,97,72,72,54,40,4,52,17,73,5,12,27,54,38,17,99,34,27,20,6,31,69,40,11,6,31,88,29,20,25,27,40,75,12,24,23,90,62,86,86,33,48,8,87,23,59,4,90,39,79,44,89,48,15,82,7,76,14,14,41,15,74,46,20,64,29,36,68,78,62,87,27,76,11,32,63,35,54,32,47,83
34,23,50,83,62,73,6,78,6,37,82,63,33,89,46,85,71,7,47,74,45,36,33,45,32,26,68,85,43,32,49,53,96,93,2,92,78,8,28,70,54,24,30,38,69,90,23,47,64,39,49,30,41,63,48,92,8,87,77,28,36,82,27,74,8,24,39,15,11,94,63,91,27,56,73,92,59,52,6,84,46,12,4,69,29,45,4,29,79,22,48,66,58,71,33,14,8,13,32,9
39,42,53,27,11,87,26,38,69,11,27,0,88,70,40,48,12,90,19,85,25,34,3,36,59,20,61,98,91,18,34,79,53,65,17,12,68,23,89,65,62,13,74,27,83,70,15,42,76,31,55,61,44,53,39,59,36,93,17,11,53,39,31,97,8,5,36,61,12,22,43,28,28,100,65,16,77,50,60,96,20,85,44,56,97,55,7,90,0,16,43,6,39,36,45,57,98,21,13,21
30,72,91,3,18,46,98,3,47,18,87,0,83,84,2,16,15,51,76,23,37,16,89,83,70,91,98,26,77,48,47,11,44,26,30,49,69,59,42,57,88,11,23,52,38,92,38,0,53,77,7,3,40,16,46,30,46,4,9,70,46,26,36,23,14,80,88,28,25,9,40,58,28,15,74,61,42,13,64,52,68,35,14,19,16,93,67,20,80,14,62,49,56,11,62,57,43,15,20,42
11,98,44,58,26,81,3,20,15,21,40,76,7,51,11,76,19,35,11,41,30,84,37,74,88,62,99,39,93,54,66,52,29,56,76,62,36,26,76,97,67,59,98,33,93,63,28,16,27,59,76,28,44,48,14,45,1,42,53,4,34,62,65,15,48,100,56,80,28,89,46,100,42,39,44,31,2,54,29,3,11,9,46,40,30,75,7,56,98,59,48,58,57,16,40,85,5,69,86,25
83,26,43,17,94,95,24,96,5,37,71,76,87,46,94,59,95,38,39,16,35,21,48,77,70,11,86,94,78,44,32,34,10,13,50,81,41,77,5,70,56,88,95,78,5,64,23,96,13,2,97,49,45,55,16,89,87,89,62,90,41,81,40,96,70,10,9,12,50,21,6,63,90,76,62,57,60,9,85,43,4,36,66,99,65,75,70,41,69,23,7,11,27,31,3,78,28,94,44,62
61,90,58,23,36,61,80,88,96,88,23,18,87,90,37,63,68,24,5,51,98,73,61,13,78,60,8,97,24,19,26,37,5,95,37,52,85,97,12,16,35,12,100,71,52,75,27,0,43,20,40,69,33,87,12,26,67,9,4,21,33,86,29,16,100,63,68,71,15,23,11,22,15,97,33,63,64,17,91,92,37,58,43,20,13,28,27,2,94,75,9,9,51,2,22,56,80,86,77,64
91,40,72,68,16,91,43,26,40,62,86,100,42,24,43,19,3,34,75,32,24,34,25,32,1,20,96,77,17,3,81,73,64,47,76,54,29,80,45,50,61,37,84,62,35,21,75,17,31,66,54,31,99,99,94,20,94,43,36,11,53,20,71,33,67,33,37,40,44,42,80,68,99,90,38,31,38,87,63,43,96,14,21,70,82,24,94,3,66,44,13,93,81,20,20,22,78,15,70,54
39,43,6,73,46,82,39,6,27,51,47,9,7,65,82,27,32,46,62,67,45,18,56,28,88,71,20,5,22,19,60,1,3,76,64,97,52,0,98,4,59,85,1,7,26,26,19,3,100,33,73,57,60,10,88,0,87,84,94,58,94,97,40,26,8,30,2,28,38,58,18,11,47,70,27,32,49,35,66,58,29,18,79,90,86,46,90,53,20,43,12,89,71,76,96,63,78,72,100,15
69,27,18,55,76,10,71,3,58,42,77,72,81,97,9,15,42,80,19,41,65,26,37,50,54,29,53,15,1,80,72,81,48,2,97,19,92,94,83,46,26,20,56,13,58,15,58,74,84,24,33,64,8,2,42,94,67,74,17,96,82,53,88,74,51,61,9,90,63,32,6,21,68,0,79,11,34,16,64,66,49,66,12,42,90,74,98,29,68,44,44,87,80,78,45,25,77,48,86,39
90,0,24,30,9,93,40,21,80,55,93,62,38,80,53,30,58,33,74,87,36,2,79,87,80,38,6,81,52,40,54,82,39,45,93,26,59,36,7,15,9,52,54,78,75,88,28,5,32,44,50,85,10,48,74,94,63,61,75,76,83,77,54,40,5,66,14,100,95,54,7,91,61,61,32,43,37,17,26,76,56,29,53,49,75,84,27,66,15,38,22,100,74,71,19,88,28,46,64,24
92,0,32,71,34,83,16,3,67,73,60,75,58,93,38,40,50,37,8,55,2,71,85,0,52,8,91,4,98,21,56,64,39,93,67,81,7,0,20,30,82,19,7,63,41,43,92,18,54,42,66,20,0,31,95,92,67,31,31,100,54,56,33,85,4,19,63,20,68,50,13,77,44,18,43,12,93,52,45,34,57,57,15,31,64,87,31,73,69,72,44,38,20,57,79,84,68,96,77,2
64,99,15,55,63,88,37,79,11,55,5,21,99,39,97,47,57,98,24,8,16,2,19,30,33,10,62,26,65,31,85,21,54,55,97,54,82,42,59,95,74,37,84,18,96,8,81,41,28,11,82,42,89,84,21,98,70,56,97,38,93,17,4,14,42,40,70,77,92,31,18,64,44,16,57,30,72,79,53,4,80,53,90,80,65,2,93,66,51,21,39,77,53,46,66,13,16,39,85,25
19,17,66,92,76,60,9,50,19,96,14,52,53,64,76,57,6,37,93,81,66,62,75,52,26,2,63,56,60,19,73,78,71,80,45,75,7,42,16,31,49,0,19,46,63,68,43,2,16,62,25,29,33,40,20,16,26,1,27,15,71,54,55,45,77,22,58,20,11,16,7,68,92,86,97,100,71,72,42,91,30,34,19,28,62,15,22,23,70,21,1,68,73,11,49,33,39,61,87,5
53,13,1,48,56,12,83,17,83,40,96,72,76,50,34,44,9,6,3,73,61,0,20,95,21,88,34,36,10,78,22,6,78,4,95,51,63,80,1,34,44,94,9,27,8,86,90,2,59,51,68,61,45,33,57,70,24,21,20,81,68,45,10,95,73,57,93,95,74,20,20,7,82,49,76,29,69,89,21,77,50,96,29,87,95,76,66,28,74,51,1,77,53,8,91,71,88,80,70,27
69,57,95,41,51,73,30,83,19,64,62,4,21,81,43,65,63,58,51,62,66,35,93,34,35,45,26,88,50,11,60,3,53,69,79,90,77,93,48,56,89,6,43,89,89,70,7,51,42,88,32,22,19,54,83,13,73,64,99,94,9,49,84,60,37,13,81,38,33,81,69,49,62,66,71,67,23,86,91,65,42,34,66,8,78,17,75,99,72,4,56,76,63,24,29,7,23,11,57,54
64,28,90,96,16,91,75,10,3,36,9,28,92,40,13,19,52,55,61,68,45,100,14,79,35,91,17,76,89,1,48,28,40,55,41,40,67,68,97,63,85,35,74,52,59,74,11,89,82,40,21,74,84,69,88,41,96,14,28,86,83,8,77,73,69,20,38,25,75,8,28,8,27,73,75,84,80,24,29,38,11,63,1,33,71,36,17,17,78,62,74,45,14,81,100,17,53,14,92,9
96,94,76,40,5,41,32,33,51,6,23,41,46,70,66,29,70,82,19,26,60,98,69,46,39,7,1,26,66,88,44,0,98,24,77,10,58,56,45,57,29,0,64,98,29,90,6,27,25,22,67,5,40,5,100,62,100,97,95,28,8,25,36,71,54,1,96,18,100,66,11,51,23,35,17,18,94,17,93,48,23,24,11,9,50,2,58,35,79,37,99,73,50,35,10,82,56,72,30,57
0,65,91,37,46,5,25,2,87,37,32,90,58,90,82,42,75,86,79,24,49,74,66,68,25,3,4,32,45,7,25,50,94,36,78,36,86,20,31,4,100,34,19,90,9,27,44,54,87,38,9,4,80,6,34,58,49,15,14,21,84,89,41,58,28,85,38,86,61,91,29,6,5,50,56,64,89,1,45,46,53,79,64,25,30,27,45,51,86,100,26,86,8,86,73,52,4,35,33,91
17,62,26,38,82,69,22,16,89,62,55,100,64,5,29,46,69,91,17,14,13,66,30,66,8,80,35,62,89,7,42,19,78,27,55,98,6,59,23,67,43,96,64,38,22,66,82,67,84,27,40,76,6,71,22,9,66,23,94,12,78,24,54,64,16,0,20,100,38,34,36,7,60,45,31,36,79,59,74,91,16,53,91,22,37,45,82,75,80,27,55,10,45,40,11,40,12,0,90,66
81,86,80,12,90,22,56,23,35,4,13,22,78,57,85,13,13,20,83,10,48,16,67,63,62,74,68,47,95,7,62,3,61,21,17,15,73,42,6,27,96,62,55,73,76,86,43,32,39,46,75,85,24,89,77,66,58,36,59,42,94,15,52,72,91,1,47,94,11,50,43,1,2,71,76,17,79,20,58,27,22,64,8,47,38,43,31,75,17,57,8,85,81,79,85,9,46,88,7,88
88,45,36,64,42,41,47,27,99,88,3,90,60,43,34,52,22,40,50,78,35,69,37,97,91,45,50,34,16,83,57,48,64,40,56,31,70,23,59,36,99,7,35,97,78,74,27,11,3,66,64,1,98,92,91,58,13,44,27,68,60,56,76,50,97,95,98,73,47,51,69,35,44,73,33,62,27,27,90,77,82,0,58,23,60,99,64,21,32,70,14,20,38,81,2,61,3,11,89,87
36,45,28,28,2,19,63,66,49,69,97,46,59,67,42,91,51,49,3,68,16,84,8,43,49,82,98,73,14,27,0,16,31,77,77,93,8,6,34,71,70,29,76,99,71,82,68,96,75,61,100,34,59,68,74,25,43,41,80,88,13,61,98,85,60,56,23,7,98,70,60,24,65,10,30,32,41,70,11,61,29,23,45,60,48,93,8,46,91,66,70,15,25,96,81,2,64,7,36,18
3,64,24,96,35,61,69,35,27,98,84,36,72,70,12,5,16,64,26,91,33,83,44,55,85,67,5,6,83,62,83,52,28,76,43,32,93,55,72,14,7,29,26,11,77,55,88,52,1,32,63,13,73,27,58,74,98,66,66,4,43,48,94,36,15,44,24,6,100,14,77,79,84,88,60,90,47,2,59,85,3,12,29,92,85,89,32,16,14,97,79,5,37,63,89,52,59,69,100,6
69,63,32,44,48,52,56,38,48,35,6,83,21,50,8,80,21,28,10,42,70,72,29,37,10,83,0,71,77,80,66,27,85,31,71,96,39,82,37,48,23,56,84,46,72,95,97,71,47,66,93,91,51,95,85,12,92,85,96,46,28,22,37,17,19,65,6,16,71,53,60,80,55,26,26,3,26,35,89,15,83,36,50,27,1,88,13,10,53,12,71,4,76,68,8,68,85,80,38,80
76,9,12,57,62,16,23,17,14,12,36,32,47,82,41,62,53,76,17,1,6,99,91,20,36,81,99,53,43,90,32,97,69,71,97,5,61,11,33,82,89,55,75,87,94,36,46,40,8,83,72,77,89,99,67,46,34,23,98,37,32,39,7,15,78,86,14,28,97,23,8,18,66,51,39,47,5,68,34,57,52,6,35,68,17,2,69,72,1,32,40,24,56,35,10,53,98,48,44,57
6,75,55,23,52,20,23,10,46,89,42,72,50,14,88,38,49,98,92,84,69,3,20,61,24,50,63,12,33,79,5,4,75,76,72,45,40,59,51,65,3,7,83,99,96,83,59,61,63,11,76,75,99,40,19,54,62,72,18,40,99,78,42,40,57,56,16,0,6,27,46,93,17,65,75,27,64,97,38,82,51,64,22,76,85,94,5,29,13,100,1,76,88,40,38,64,99,75,87,17
41,71,30,96,43,11,10,19,59,96,72,2,66,89,98,27,97,61,25,39,32,23,1,70,44,80,45,73,83,29,63,57,32,93,32,54,13,65,96,47,65,45,16,3,9,77,52,11,63,94,67,22,70,29,99,91,56,41,8,66,21,42,80,29,10,23,14,32,13,50,23,48,29,12,13,77,84,8,36,89,96,65,60,12,82,91,43,96,96,100,0,13,30,64,38,26,9,62,97,73
93,98,21,79,12,13,0,53,11,39,44,68,28,78,54,68,4,97,14,82,85,76,83,43,28,10,87,58,96,16,68,46,65,61,49,23,76,41,85,63,38,97,20,33,34,75,46,37,17,32,7,69,9,16,80,89,29,15,65,7,15,1,10,21,82,81,77,83,15,45,3,64,41,61,24,29,70,37,32,50,62,47,2,40,8,99,12,64,16,34,18,5,18,96,71,69,75,69,26,36
36,21,100,25,14,20,40,93,25,20,59,29,63,66,99,32,84,51,86,11,73,64,20,1,36,82,47,3,42,6,89,75,74,61,64,79,29,40,24,46,55,4,27,40,78,28,50,87,97,41,94,66,26,85,35,67,96,22,46,66,23,74,86,78,8,65,52,95,91,87,50,35,81,29,26,22,11,93,19,56,71,29,84,91,53,70,95,41,12,47,5,61,91,48,87,69,51,63,100,55
13,43,61,34,7,20,83,55,96,49,55,34,31,24,35,68,94,55,71,19,52,51,97,63,41,39,50,100,81,98,19,78,58,20,55,38,70,64,44,23,92,92,8,88,43,48,70,43,74,87,52,100,25,9,86,51,49,60,4,31,46,0,39,44,75,98,46,58,96,26,9,85,57,37,74,61,74,25,49,18,44,34,76,49,20,59,31,96,93,58,77,17,48,71,13,31,17,26,86,91
13,76,87,91,31,83,21,84,52,71,62,40,44,51,8,87,6,40,0,18,77,60,13,55,13,71,17,61,90,69,56,66,30,94,34,13,12,31,3,100,78,30,78,8,34,11,12,84,35,58,31,16,35,76,72,95,95,54,35,19,8,90,70,34,34,100,23,11,54,11,26,32,65,22,62,44,44,25,41,91,66,45,60,17,14,24,95,77,61,36,12,38,59,45,60,44,35,75,96,67
98,59,3,80,34,57,77,82,15,89,72,67,82,78,32,45,79,61,47,18,66,38,97,57,33,51,31,15,56,30,63,89,76,32,25,7,25,45,30,24,2,46,55,35,19,92,72,24,54,56,55,3,20,11,7,3,71,73,81,91,55,39,63,9,29,47,68,28,12,18,71,54,20,24,18,60,5,94,74,2,79,25,21,60,67,78,18,23,2,0,7,2,74,44,95,68,51,14,84,20
84,48,10,44,54,93,96,58,94,4,86,50,81,47,9,93,48,22,37,11,31,32,95,38,71,22,14,29,25,13,76,80,54,47,5,19,10,88,95,2,49,17,88,88,1,47,23,72,79,95,38,12,72,26,14,0,22,21,7,68,19,86,9,8,93,72,99,57,93,55,24,72,38,47,84,56,43,8,89,51,73,53,60,89,54,83,16,36,71,29,4,5,73,72,47,18,72,17,32,37
10,52,31,38,39,91,92,95,17,41,63,72,2,39,21,38,18,75,8,17,29,75,74,46,48,35,30,7,21,40,35,11,25,0,18,12,85,89,26,70,5,61,91,25,14,87,77,45,95,54,92,57,1,0,72,94,32,22,73,16,85,18,78,80,40,17,71,94,88,42,28,92,54,30,75,94,8,89,44,99,35,58,63,89,76,66,41,26,86,41,99,92,52,59,46,43,8,80,40,77
81,23,71,17,84,69,72,25,100,82,6,83,59,23,49,28,59,68,17,47,3,12,8,7,70,94,59,47,24,51,7,23,56,65,72,31,54,89,41,23,86,68,13,12,82,83,27,67,69,86,53,65,74,17,22,8,35,100,74,48,61,51,17,7,65,64,38,77,65,75,66,19,11,51,30,2,33,13,90,41,38,99,76,66,65,60,80,26,26,37,3,86,78,71,45,62,33,56,92,34
24,95,33,45,82,3,88,49,14,58,27,0,66,95,64,86,55,15,67,90,42,12,99,21,26,89,68,62,68,3,78,34,88,97,100,84,9,81,81,37,78,28,51,67,11,68,66,26,35,67,33,63,71,54,71,97,15,24,96,62,44,71,52,92,17,50,98,33,96,62,94,25,98,21,44,33,93,4,68,39,53,81,87,36,19,56,44,75,0,56,14,12,62,3,21,66,11,32,7,39
32,50,72,5,41,1,51,1,83,72,89,58,45,5,61,10,18,35,70,58,72,55,65,75,43,74,58,40,23,12,69,4,40,74,3,55,18,81,53,2,69,85,75,16,50,13,21,65,2,36,8,68,57,55,45,11,74,68,72,33,54,52,2,26,66,3,54,91,64,9,1,100,25,68,1,64,1,52,20,10,98,50,13,63,13,15,8,92,19,95,35,95,24,8,77,22,79,46,35,7
37,16,47,94,17,57,9,27,22,39,58,15,68,48,37,24,99,12,80,1,35,45,71,68,2,34,38,18,26,74,83,7,29,38,39,80,7,37,26,30,4,52,89,6,42,29,24,58,34,37,7,85,15,14,81,24,21,17,96,40,65,9,80,70,85,14,72,52,20,29,97,80,74,10,19,45,62,28,98,69,3,85,51,57,70,22,0,59,19,70,93,33,91,100,80,45,38,70,3,27
63,61,19,52,55,26,66,100,82,40,66,89,10,24,75,7,17,36,61,2,72,93,84,6,96,23,85,60,79,81,3,63,41,42,64,93,92,86,7,32,46,81,9,12,9,78,95,23,38,44,8,98,1,75,69,15,15,18,2,10,64,14,91,60,31,33,32,77,60,88,25,8,81,77,94,92,61,38,20,8,94,31,5,6,99,49,29,15,40,78,22,29,93,64,47,51,75,51,77,76
76,81,66,99,52,64,82,58,99,63,24,60,15,90,22,11,21,11,56,100,97,58,70,60,26,83,88,55,74,18,81,86,12,93,77,91,96,82,8,58,28,73,51,94,79,60,3,10,30,12,20,95,99,25,48,59,60,52,89,27,84,33,1,91,68,89,60,97,51,90,8,3,3,9,74,73,59,30,49,52,15,71,25,62,12,25,15,74,2,18,13,31,52,0,69,80,1,3,25,61
96,13,65,32,50,24,71,82,1,81,40,94,17,93,1,47,47,53,21,4,47,32,47,89,99,17,11,24,22,20,52,62,93,15,99,97,97,68,47,61,82,47,58,10,91,100,2,44,87,28,49,29,69,53,14,67,94,37,21,24,15,57,10,12,3,7,98,10,76,82,24,39,7,44,71,63,80,100,67,15,82,64,85,5,57,33,72,21,100,6,52,22,66,99,37,63,79,70,46,34
93,11,7,8,52,49,32,6,21,74,92,2,49,87,49,28,38,10,92,43,90,88,0,70,90,85,33,69,83,32,93,80,20,36,2,18,60,36,35,80,63,58,98,63,2,46,67,41,100,44,92,71,57,57,45,89,28,22,93,20,44,97,50,15,75,86,16,80,10,58,64,68,23,98,8,61,12,57,54,63,77,2,31,41,63,32,42,23,43,90,7,12,37,17,96,28,33,19,91,63
20,19,85,41,84,87,95,43,21,28,47,32,89,92,9,28,22,50,2,62,82,82,74,90,13,37,15,90,11,25,36,75,39,43,78,24,70,7,80,85,45,18,26,77,29,91,92,42,48,53,7,78,1,2,31,100,4,3,26,17,80,39,13,56,8,8,84,58,27,1,100,7,58,12,56,81,46,23,38,26,22,51,77,42,76,9,86,42,48,4,13,86,59,83,54,76,88,83,74,22
88,20,90,29,99,18,6,62,56,26,100,49,98,45,76,97,57,41,22,37,72,80,61,16,21,64,20,89,39,88,27,7,73,84,46,54,93,56,93,0,11,62,45,43,34,29,39,23,14,60,67,52,70,28,82,6,5,83,73,75,35,64,88,79,81,30,33,76,38,7,97,8,50,70,85,73,3,57,19,56,67,70,30,19,73,23,79,62,23,83,16,46,37,28,12,54,80,41,67,69
28,39,29,12,60,50,78,59,5,91,53,98,83,99,84,2,69,83,32,17,51,53,63,58,24,45,46,89,99,5,11,90,92,48,37,88,95,84,20,88,87,72,21,0,75,79,49,47,29,62,25,15,3,55,100,77,83,19,69,17,89,65,27,95,55,22,87,34,67,65,54,65,68,14,42,28,7,64,30,88,95,84,10,42,62,100,5,7,83,9,68,26,60,66,26,91,78,30,16,61