67,98,65,1,17,80,49,66,84,62,80,5,29,90,83,8,31,78,82,17,8,80,41,86,66,9,99,65,69,21,41,44,6,8,94,31,45,36,62,79,46,100,13,46,48,97,50,35,58,77,56,18,30,9,79,12,82,84,86,67,34,37,82,44,97,53,31,71,20,95,79,24,22,53,54,49,7,89,26,5,41,17,67,21,59,91,80,69,18,91,18,57,59,21,49,45,88,14,82,77
49,43,61,45,72,19,6,25,38,29,37,4,31,47,22,3,29,93,49,85,62,5,46,43,41,54,29,74,63,17,61,58,94,9,86,40,35,74,89,98,6,13,31,14,3,28,13,59,47,57,4,5,72,61,67,43,12,16,13,5,72,2,39,65,80,73,99,1,30,37,83,22,92,46,21,58,43,63,81,25,60,48,47,37,67,11,13,98,16,96,84,12,21,17,99,83,15,29,98,3
41,70,4,69,22,76,5,40,9,99,13,100,62,66,35,35,45,22,51,42,87,31,60,54,49,58,33,47,54,75,14,82,61,65,76,97,77,33,32,51,58,82,46,28,4,10,6,63,74,9,69,22,64,69,65,78,15,31,99,7,74,16,30,14,13,14,36,94,22,16,10,16,51,16,97,44,83,39,49,47,9,31,2,52,53,29,46,59,33,70,100,95,22,66,94,36,28,60,32,95
93,54,54,42,18,2,59,40,68,43,59,25,78,98,31,92,27,55,14,58,46,71,96,26,42,71,31,13,98,43,32,26,34,28,41,6,76,59,27,39,50,82,69,15,76,0,60,66,43,1,29,3,9,19,61,2,63,98,91,1,93,21,56,44,62,25,75,76,19,11,35,34,31,57,84,93,66,72,65,78,100,25,64,46,46,42,61,30,44,49,91,100,78,23,65,7,39,82,30,77
30,70,17,39,40,20,25,97,57,11,44,66,51,12,17,29,97,33,68,86,16,25,37,63,74,6,98,9,15,87,77,6,52,41,42,73,27,7,1,85,33,70,82,57,81,1,97,52,11,96,2,85,54,96,93,97,60,89,88,85,8,32,33,66,7,34,66,72,88,26,15,59,100,25,100,8,92,21,50,45,23,34,84,5,5,75,12,27,78,9,83,56,32,87,45,15,78,99,44,61
45,44,45,88,73,33,26,87,13,46,49,69,90,16,78,32,86,82,68,82,81,51,75,53,20,96,51,37,57,62,97,10,78,28,96,28,60,10,66,48,89,45,98,11,98,18,59,100,33,39,58,29,20,62,39,36,50,13,45,33,64,88,78,30,96,72,40,71,87,77,24,99,56,87,63,30,92,37,69,89,19,59,77,96,90,24,4,22,30,64,52,68,85,85,1,100,6,28,96,28
5,27,39,27,38,52,12,28,19,19,53,89,34,19,24,99,46,63,5,98,76,45,28,36,12,52,8,83,29,24,32,27,71,27,62,1,8,98,47,25,68,6,93,89,7,20,87,21,70,76,57,79,23,15,15,98,48,62,31,18,84,3,75,30,82,43,84,32,40,15,23,1,13,20,63,97,35,1,24,2,50,26,73,10,25,46,55,52,50,98,55,26,91,65,76,69,93,58,97,60
71,56,61,72,8,56,92,45,41,85,88,61,67,97,25,39,22,1,81,10,3,63,68,52,34,37,77,64,66,90,31,93,76,91,80,100,98,69,93,6,65,79,47,41,52,51,48,14,23,44,77,90,29,100,60,31,38,42,78,8,20,44,88,50,2,60,13,86,82,11,8,57,39,91,84,68,92,30,49,8,23,85,99,27,39,61,62,73,69,63,46,6,59,58,99,3,72,58,3,27
49,60,29,6,50,0,63,97,7,75,41,51,49,43,50,31,65,58,3,83,67,34,10,58,84,23,32,93,7,26,80,55,58,51,82,2,100,41,80,86,88,18,4,24,17,78,96,66,92,8,90,39,71,8,15,65,6,55,34,57,13,25,28,99,75,74,14,28,65,89,81,26,86,20,84,75,16,29,29,35,87,36,82,52,10,6,0,54,68,67,81,58,93,74,62,45,49,16,97,26
99,40,76,80,57,7,5,90,70,95,94,51,90,53,67,81,38,21,0,69,40,6,31,71,83,5,72,60,13,80,78,36,0,71,22,46,89,44,33,52,75,58,60,3,48,49,78,65,13,17,17,97,11,16,95,56,9,72,81,90,59,17,51,19,33,6,18,3,74,88,28,55,73,68,93,22,82,29,6,63,34,0,19,59,91,70,53,29,37,64,28,38,79,15,90,60,82,83,66,67
27,93,80,74,3,60,23,67,10,8,27,73,33,46,2,92,59,50,92,45,100,3,95,92,44,71,30,4,100,90,14,51,6,20,80,73,51,73,14,76,29,61,30,38,69,2,82,17,59,100,45,44,88,1,6,21,3,21,16,26,28,18,16,94,72,70,76,84,70,97,67,49,56,35,83,33,42,47,84,27,29,40,65,64,3,50,41,94,100,38,77,0,59,25,2,12,34,70,48,34
10,14,43,79,85,26,36,10,55,91,30,74,25,63,49,36,40,4,33,19,76,84,25,87,31,22,24,95,84,42,93,36,73,38,7,18,44,30,68,97,60,65,76,79,63,70,61,47,1,34,36,22,33,90,54,38,45,50,8,84,81,96,39,38,20,35,86,61,95,4,86,89,32,53,82,88,92,25,89,90,77,80,61,90,9,62,41,14,95,80,60,29,85,63,75,93,11,2,77,37
35,2,62,93,29,12,26,33,93,47,8,25,56,27,86,3,68,60,6,71,7,7,18,19,5,49,86,16,93,8,39,92,72,51,59,24,70,12,22,23,36,56,85,68,35,19,93,100,26,87,91,99,48,86,94,92,80,74,66,86,86,3,26,93,92,83,2,62,83,93,8,38,95,89,37,57,80,9,16,60,58,43,25,69,0,74,30,68,44,40,40,61,2,0,1,70,76,17,55,27
75,25,85,3,8,8,91,93,68,66,70,16,40,42,91,44,91,83,37,45,30,26,83,1,55,26,18,45,18,100,22,59,53,60,4,89,59,59,6,65,70,79,45,96,5,74,71,65,33,95,34,54,6,46,95,52,3,45,49,62,40,20,22,22,72,82,28,91,95,39,29,78,0,45,42,51,52,10,37,31,7,40,1,18,63,2,88,44,49,6,46,52,23,66,13,53,20,66,13,44
25,35,93,3,24,73,21,79,78,39,50,93,8,81,7,31,18,78,24,20,2,14,16,74,55,82,59,49,82,87,57,64,45,94,0,8,61,16,94,91,58,41,83,8,64,31,13,46,83,66,42,77,26,52,0,77,58,15,41,12,16,28,23,4,57,17,7,76,74,19,62,62,85,25,90,84,77,53,83,66,99,53,15,14,18,10,17,49,6,8,31,18,25,28,29,24,23,34,9,55
80,38,41,57,38,21,63,10,25,36,23,78,25,0,33,35,29,95,67,51,16,85,14,25,39,40,23,72,29,70,60,28,90,2,56,100,82,96,24,61,77,99,30,95,98,78,2,90,11,50,42,99,20,19,64,35,21,45,12,48,67,7,100,7,7,100,34,43,41,32,35,76,83,40,22,30,97,91,2,38,74,52,90,6,55,54,7,19,84,63,2,2,73,98,93,39,98,94,64,52
38,98,9,97,81,11,26,68,12,1,52,71,50,63,63,95,2,53,33,90,12,47,71,4,94,6,31,59,25,56,56,69,66,35,69,57,4,23,69,75,4,11,45,48,29,72,99,65,51,73,58,36,85,47,92,3,72,47,42,16,6,17,46,11,93,7,20,94,45,61,33,10,79,21,64,63,34,82,88,99,37,52,91,71,12,36,22,92,72,75,55,69,51,75,41,65,65,88,21,64
15,34,48,13,16,96,70,17,31,30,9,16,36,65,61,7,9,41,57,4,47,0,52,42,21,50,35,3,49,95,25,100,23,6,100,35,96,40,71,40,74,77,78,90,13,2,89,20,38,97,42,17,59,2,21,29,56,85,6,79,54,26,93,12,75,64,79,26,83,27,93,90,47,19,23,19,92,40,29,72,81,24,13,22,50,14,20,80,27,39,80,76,47,20,92,1,21,25,96,56
54,70,64,39,35,1,63,8,5,44,92,32,58,93,88,88,40,12,10,15,89,94,18,92,70,82,30,43,38,77,70,3,26,61,53,23,56,86,38,94,19,21,21,34,82,92,80,87,87,52,32,39,94,24,20,65,7,28,16,8,3,80,83,51,90,43,20,21,35,85,28,17,56,19,18,53,87,34,97,78,10,79,47,2,56,45,63,44,84,84,60,34,93,72,34,61,3,74,66,97
95,4,10,1,3,84,88,9,28,18,74,53,24,71,88,72,73,91,95,65,83,41,67,15,51,85,17,78,55,98,36,84,28,8,17,87,89,39,61,6,74,73,32,83,27,78,78,10,42,45,73,14,91,43,66,60,80,30,3,15,93,2,40,98,11,36,29,27,77,23,49,54,100,54,73,94,42,61,27,7,60,44,66,78,14,0,100,81,84,58,34,91,24,20,84,78,54,89,61,98
36,35,6,91,81,8,33,60,41,13,46,24,71,100,65,26,7,67,66,99,49,94,68,50,4,94,59,1,97,81,72,61,4,43,66,79,56,95,60,5,47,18,59,85,74,3,80,66,71,79,82,28,25,33,61,25,51,37,3,83,94,21,50,23,82,3,82,70,91,34,44,99,54,27,79,70,20,69,97,72,15,7,14,71,4,66,6,8,33,77,41,18,2,54,17,63,49,36,61,13
46,80,20,99,78,56,19,58,82,51,94,71,20,70,15,27,1,53,38,21,99,7,20,41,26,24,11,97,29,45,63,76,33,30,1,79,28,6,20,38,12,36,100,66,71,33,56,18,29,96,93,82,75,48,53,71,31,22,22,85,52,34,84,87,26,54,93,54,79,25,30,97,32,41,4,71,22,8,66,7,19,64,85,95,32,65,24,46,89,78,52,45,5,2,70,36,66,82,67,94
88,95,5,93,9,52,3,41,36,62,72,6,98,95,87,7,94,29,80,56,46,42,80,70,77,49,76,53,31,94,38,50,91,100,70,14,41,13,7,38,31,73,71,28,8,83,20,80,73,30,25,28,7,50,58,50,58,27,82,11,83,40,55,85,83,82,100,9,98,15,89,54,16,77,98,93,2,13,12,38,16,81,47,75,16,25,29,99,29,35,49,60,17,78,73,49,96,29,18,7
72,60,34,24,28,67,91,65,46,71,11,4,90,0,40,61,76,25,46,96,95,63,42,3,93,24,94,70,96,24,49,51,56,78,89,73,83,50,20,85,42,32,18,8,75,26,68,21,59,41,86,81,10,6,90,50,67,55,41,2,31,42,24,25,63,1,38,61,97,6,16,0,63,91,12,9,74,9,48,87,85,1,85,38,70,1,98,75,11,83,92,54,86,53,88,54,65,76,33,27
78,55,94,52,84,51,52,94,67,45,1,62,17,52,81,30,98,18,77,48,73,51,52,80,26,23,25,64,84,80,97,55,82,38,76,87,20,48,93,45,8,37,63,81,16,78,2,81,90,22,25,61,48,89,78,52,4,62,15,8,91,56,87,54,13,95,54,53,6,73,94,31,63,10,38,21,46,43,30,67,74,88,15,59,78,32,0,64,93,17,28,24,84,29,46,86,28,44,1,22
95,3,6,65,37,23,19,95,48,23,47,39,21,70,40,31,20,63,51,84,85,32,21,82,65,45,62,76,56,48,64,91,43,54,53,58,97,48,68,92,84,91,51,3,57,68,42,3,60,64,59,81,76,47,70,73,92,37,14,57,33,22,100,7,95,63,48,86,58,75,91,18,66,59,72,22,38,18,81,94,49,54,1,97,82,77,38,2,43,21,5,17,69,18,40,14,45,35,40,37
6,6,77,100,34,62,3,91,59,15,19,63,6,91,29,40,100,70,4,66,15,24,73,43,99,99,81,34,92,63,21,10,67,96,8,80,56,53,45,88,58,24,16,59,59,8,9,70,65,74,96,88,61,79,84,51,82,27,32,94,97,0,97,19,79,14,35,12,99,32,80,20,0,23,86,18,51,68,21,95,28,25,39,55,25,13,95,50,24,69,98,26,79,17,57,81,66,23,32,53
76,73,89,43,100,69,95,20,22,79,68,76,81,91,59,16,43,15,24,21,77,84,16,68,70,94,21,14,21,96,62,1,49,52,9,52,64,56,87,17,9,0,83,90,43,89,11,68,100,66,88,95,91,100,87,8,11,71,76,6,92,29,53,84,57,47,80,6,92,28,0,9,54,31,54,13,32,24,79,51,52,4,39,62,81,72,37,63,15,87,46,93,79,88,21,64,12,83,43,67
4,63,19,33,43,23,53,10,60,42,33,87,98,100,0,52,66,38,7,70,90,53,29,91,19,47,81,46,62,80,25,20,43,55,43,53,87,84,8,65,0,84,83,44,100,97,8,83,42,65,80,33,93,79,13,71,33,69,81,98,53,33,98,36,15,73,74,5,4,41,19,24,11,95,29,74,42,27,92,86,97,71,49,24,49,0,5,63,16,0,82,83,96,36,89,5,82,63,22,90
17,65,95,40,1,91,14,77,37,90,48,46,74,50,65,70,4,81,100,57,56,96,67,82,16,71,31,46,7,64,87,29,3,87,1,2,100,1,32,23,43,73,77,83,35,54,44,7,86,17,23,23,73,62,84,70,70,25,72,39,30,85,82,0,18,10,88,79,17,47,26,84,39,100,98,88,99,49,46,81,94,97,95,69,12,100,90,3,6,54,27,2,88,13,26,42,93,89,72,67
85,79,46,48,34,79,82,67,68,90,4,96,89,37,73,67,50,37,37,18,18,23,69,60,63,19,37,30,92,58,13,27,91,3,97,100,72,38,65,52,77,8,47,14,49,14,58,52,36,47,82,28,55,5,18,85,41,94,21,55,37,35,32,10,97,70,73,1,88,96,38,26,15,93,7,20,24,67,38,75,71,54,0,27,34,2,69,83,58,50,48,87,8,45,9,17,82,46,9,44
43,21,17,40,59,38,58,7,2,88,64,52,85,80,100,19,84,48,64,77,38,28,9,90,54,84,33,53,33,83,71,26,45,9,35,69,10,10,29,56,61,64,98,17,0,95,68,83,28,61,32,8,10,75,51,60,17,14,60,1,92,7,58,2,70,27,13,95,84,28,47,6,37,34,18,66,31,69,50,71,27,97,0,75,100,61,88,26,81,33,99,2,0,71,30,92,20,15,56,8
21,66,85,18,41,34,37,83,42,84,8,24,97,78,86,11,33,95,12,94,45,84,62,59,63,53,42,96,84,30,3,14,42,97,39,94,32,73,40,34,79,8,79,86,49,76,55,66,21,81,100,39,76,63,62,94,74,18,73,27,100,14,18,22,94,98,45,85,81,9,72,31,25,99,11,78,72,75,10,72,70,3,23,74,91,17,73,91,26,7,60,15,38,88,40,30,33,88,100,15
66,19,78,27,56,86,35,49,14,78,40,83,78,88,49,80,22,72,81,16,57,80,30,15,97,54,56,81,27,88,71,56,34,75,98,22,79,78,39,28,54,3,66,35,21,6,6,26,96,52,75,94,71,58,0,8,100,82,33,58,38,29,70,67,40,78,16,97,59,94,10,35,12,31,25,93,48,29,62,60,41,28,81,86,100,36,61,52,67,44,96,10,58,44,33,48,13,6,56,0
47,13,90,54,65,22,66,58,88,48,55,97,86,76,98,79,32,56,62,79,16,73,40,66,4,58,75,59,63,46,15,10,22,47,50,33,30,65,72,48,97,33,10,48,54,56,84,54,76,41,47,74,93,73,84,82,94,59,27,69,60,24,90,52,2,45,14,76,23,61,9,51,91,1,5,21,86,40,100,43,9,25,35,68,19,5,13,4,79,11,58,58,53,66,67,90,91,41,51,82
84,0,64,45,75,26,34,18,61,65,79,39,35,30,65,51,76,26,15,90,8,67,75,52,79,2,12,97,46,94,35,20,56,42,30,56,15,92,97,8,73,46,21,14,33,19,69,39,44,3,84,58,67,57,55,23,26,98,1,35,86,32,67,97,30,33,34,16,41,22,92,72,92,41,27,3,81,87,23,75,73,69,72,3,38,54,7,28,55,39,75,52,4,67,18,8,78,23,24,85
70,99,89,11,86,42,87,96,17,22,91,73,1,50,91,36,17,62,36,15,48,2,43,77,1,93,93,32,78,91,65,79,76,17,32,11,35,2,98,22,53,39,63,28,65,70,84,66,41,62,27,71,55,27,87,97,4,6,97,41,22,33,46,50,61,75,55,49,79,35,27,27,94,98,94,86,49,63,22,75,74,98,91,86,44,22,11,6,16,35,82,89,14,13,16,63,24,32,92,40
74,94,86,75,39,94,21,97,56,53,40,82,82,39,14,81,82,98,72,20,77,9,38,30,17,30,51,33,96,58,9,100,73,79,13,56,28,5,89,28,16,33,72,36,29,68,55,53,71,98,93,51,30,10,70,54,46,42,47,22,51,42,40,65,71,79,75,52,44,55,38,34,9,33,12,40,14,60,32,66,50,25,10,71,82,69,73,24,62,71,63,27,64,57,72,66,98,25,19,82
2,62,57,70,45,72,49,41,73,31,97,0,73,13,67,97,28,75,62,67,57,98,94,26,83,11,55,51,77,94,92,58,55,74,97,30,95,74,29,58,81,59,89,93,7,71,9,85,3,27,39,12,9,72,84,53,33,35,15,10,84,45,77,90,13,89,94,74,63,89,65,40,5,30,88,100,97,63,32,22,24,59,33,1,28,44,77,87,50,86,37,0,78,42,6,27,94,36,4,66
43,26,48,16,75,7,55,62,23,79,81,51,42,60,7,33,91,74,6,8,7,69,53,38,26,51,49,48,58,53,62,8,42,83,67,80,79,58,60,21,54,0,57,73,13,99,51,64,69,37,77,58,75,30,26,12,51,73,65,62,25,39,43,70,38,61,54,24,88,5,100,82,80,10,52,21,52,32,7,93,8,67,94,51,39,88,18,36,45,50,9,67,38,38,94,12,16,0,87,19
24,8,53,10,8,2,68,81,93,37,72,54,70,12,15,40,57,59,65,37,93,74,67,14,93,71,19,56,99,38,73,58,43,61,22,61,9,32,69,23,34,44,61,37,3,5,23,47,51,18,53,50,14,10,81,19,30,8,95,9,86,48,58,43,45,56,80,63,63,59,49,72,38,31,57,84,40,100,62,87,98,82,11,91,13,68,55,5,17,39,50,78,11,74,91,67,94,11,73,71
13,25,3,43,43,13,9,34,58,11,5,76,81,97,95,2,93,60,34,4,31,96,6,62,71,95,45,16,33,6,43,87,83,75,34,89,47,97,80,100,10,51,64,5,62,13,76,95,24,80,45,87,19,9,91,38,13,80,90,0,31,57,6,61,48,15,74,14,39,65,80,2,50,23,67,33,74,36,84,87,37,92,28,6,25,82,15,98,97,72,94,15,56,34,41,61,89,2,55,37
51,31,82,29,79,39,67,67,72,45,20,38,61,39,4,29,19,10,6,3,18,69,98,12,70,50,51,39,61,24,1,82,27,83,26,98,7,46,2,39,4,48,94,55,60,7,86,11,83,59,80,96,90,13,99,59,0,98,67,27,94,33,58,72,84,27,9,78,43,52,77,2,75,100,51,35,65,77,36,37,95,59,67,27,33,60,100,99,90,6,67,23,24,14,52,50,62,48,86,81
60,2,96,64,24,69,97,7,1,3,19,56,95,32,53,64,65,72,52,40,96,11,26,45,30,36,24,10,76,65,81,62,26,62,62,48,22,97,58,22,70,67,33,7,44,2,15,28,83,9,77,15,9,37,36,91,71,53,62,26,56,53,60,49,87,51,38,30,42,87,18,79,18,50,83,13,80,76,69,82,51,77,99,42,80,61,92,18,92,7,27,72,7,34,39,80,21,38,39,48
81,25,83,52,32,5,16,29,40,19,90,13,49,91,70,44,63,5,40,9,66,25,66,69,23,23,28,40,53,58,45,88,89,3,99,75,68,68,82,72,15,70,3,93,93,25,51,71,84,48,13,90,6,35,81,8,30,65,90,22,94,20,12,47,77,28,44,49,68,32,43,73,31,99,28,87,42,31,96,0,41,70,84,65,94,6,85,60,61,38,88,33,6,68,95,40,73,32,67,79
60,8,8,93,77,1,38,84,30,48,66,61,55,69,19,43,56,16,0,62,42,21,32,12,1,97,19,93,2,30,29,39,64,34,12,34,56,66,51,30,92,0,94,30,32,66,83,81,51,29,90,44,85,75,89,6,24,50,7,13,90,79,4,2,59,39,39,23,22,77,3,51,13,73,2,98,40,95,56,88,100,39,90,77,66,51,1,91,76,52,4,11,35,69,82,4,66,59,79,71
57,86,61,57,40,25,70,58,1,13,35,36,59,58,21,83,54,100,89,19,75,80,99,18,54,61,71,59,67,91,75,98,33,10,94,35,65,8,93,37,81,28,2,9,29,68,14,28,60,66,14,51,41,97,85,36,87,71,46,5,55,88,93,2,48,35,2,60,86,56,57,45,70,79,41,50,40,14,90,45,67,62,19,15,50,46,9,22,8,9,37,32,13,92,2,47,14,46,98,93
6,52,0,47,37,38,4,73,29,73,60,36,34,71,36,98,67,45,77,75,96,52,3,10,43,42,10,89,22,51,44,78,86,0,39,56,47,68,56,66,20,56,14,6,3,34,28,79,90,97,62,51,90,40,92,22,69,1,39,85,49,66,70,88,55,63,64,76,8,88,100,19,62,83,23,11,99,9,98,59,59,68,53,68,66,19,36,47,73,18,98,79,63,74,90,42,1,30,98,31
33,51,85,91,33,66,34,71,8,39,43,93,69,53,32,84,29,53,30,65,40,14,19,76,78,50,92,18,54,96,23,89,96,65,7,44,71,85,34,20,73,48,51,43,22,32,56,67,37,89,83,3,69,65,93,62,21,48,13,93,70,6,77,1,95,10,94,72,33,45,26,45,48,11,7,64,52,10,81,56,95,86,72,63,67,48,59,10,22,25,23,27,73,7,55,56,28,84,15,69
80,29,80,79,68,43,16,60,21,100,34,52,35,16,26,68,99,75,63,11,76,87,17,19,100,29,73,97,81,55,89,34,98,71,51,34,57,68,99,4,42,34,82,19,91,29,18,55,50,46,59,73,67,43,51,63,74,54,96,6,19,25,81,43,78,51,32,26,77,0,32,0,37,2,80,66,72,7,48,64,96,27,70,70,49,79,3,7,61,56,74,99,69,14,39,60,43,59,2,31
83,32,9,85,96,16,80,64,33,82,29,78,27,94,30,36,38,81,48,39,43,20,69,58,55,5,84,99,23,63,87,84,77,99,51,11,100,18,77,97,27,21,85,62,13,70,56,10,59,65,90,13,57,38,9,76,32,85,95,100,10,50,19,88,48,65,80,4,33,18,27,88,43,52,45,59,4,100,100,74,2,3,54,57,61,73,75,73,40,0,73,85,21,60,22,85,81,43,80,66
10,67,14,23,34,60,6,69,28,21,25,36,99,11,88,12,52,74,99,41,27,30,32,50,35,69,21,8,19,36,93,99,70,43,0,73,69,38,45,89,91,67,15,91,20,94,74,50,84,39,77,50,62,48,63,62,61,27,52,14,0,47,74,0,44,40,26,32,42,37,53,22,39,13,9,37,25,28,95,32,0,98,61,94,44,93,70,5,78,97,21,69,100,49,83,58,45,64,100,44
17,81,86,87,86,38,78,27,13,58,3,27,34,23,39,3,76,63,53,43,45,49,9,7,5,72,51,80,93,6,40,76,56,94,76,57,30,60,50,31,67,94,17,99,92,65,7,63,66,10,75,79,75,97,48,20,9,73,70,8,31,10,58,8,61,2,40,71,19,73,96,13,17,14,24,34,77,42,28,71,97,1,62,95,47,65,12,55,56,50,100,21,60,5,90,47,78,39,89,4
85,91,18,34,30,60,29,16,89,55,38,14,55,20,83,39,74,36,79,82,28,67,34,9,62,85,15,61,95,40,24,93,20,11,45,17,39,56,59,37,8,99,66,18,31,52,20,34,21,57,18,53,52,80,30,54,74,57,28,34,32,66,15,89,82,29,60,46,0,63,97,76,10,18,35,50,20,86,29,37,1,97,78,56,98,70,67,36,96,90,37,58,55,28,46,94,29,12,56,89
67,70,53,4,3,32,40,86,60,10,26,92,27,66,95,61,98,53,51,57,35,80,78,46,52,46,28,4,84,64,51,32,58,14,26,11,41,44,18,48,53,46,60,41,10,30,54,80,16,41,98,25,72,67,98,83,97,5,56,93,1,84,86,6,97,39,14,43,99,57,35,12,19,95,77,43,88,93,5,80,95,91,5,53,59,99,91,82,28,48,64,38,59,56,8,78,12,3,41,45
39,59,25,12,99,69,62,64,81,33,48,18,10,91,19,25,90,70,50,30,94,78,56,9,49,86,70,29,12,39,62,36,5,83,51,35,33,49,92,24,57,54,74,49,22,36,48,87,26,15,15,46,66,39,37,96,77,90,58,46,3,3,16,60,98,82,97,57,91,68,45,71,98,77,9,32,85,95,77,54,0,45,41,27,20,93,8,36,94,0,10,64,73,64,24,3,91,48,70,45
61,58,59,29,0,12,75,83,54,58,72,36,33,33,99,47,87,74,79,19,92,27,26,45,69,40,4,23,39,76,74,70,99,70,58,90,21,54,57,79,46,13,38,39,3,72,49,69,87,22,79,23,59,96,79,27,19,97,9,15,67,28,95,62,61,1,91,74,73,90,96,45,55,50,49,14,94,10,49,22,54,33,17,89,100,60,3,65,58,31,57,70,75,93,92,80,82,52,81,68
71,55,75,46,98,55,63,29,91,14,25,55,60,38,96,73,18,97,50,7,13,75,83,42,35,48,70,33,9,70,73,86,70,37,16,62,41,50,76,22,53,39,56,47,68,35,29,26,49,34,90,34,8,47,65,43,53,87,45,71,78,38,79,85,61,27,59,29,88,23,92,12,64,10,39,15,33,12,43,21,80,23,19,30,22,33,80,36,30,7,13,30,59,4,82,68,98,98,83,15
56,97,40,52,84,78,18,24,69,2,59,95,24,86,40,68,96,82,64,55,29,99,68,54,8,18,51,77,53,46,14,50,9,33,24,84,16,66,80,74,62,14,12,72,88,38,33,90,4,85,32,3,26,31,31,11,73,82,60,86,64,47,1,74,3,74,93,84,14,14,94,10,34,31,69,65,96,75,22,77,100,32,92,87,91,43,52,66,3,33,38,40,24,88,9,98,68,22,52,51
11,86,73,62,75,87,100,42,23,62,2,18,86,74,8,67,12,29,89,14,42,15,28,38,58,87,17,3,20,57,39,40,3,46,71,27,35,10,13,20,24,40,14,32,19,83,15,20,64,10,53,82,43,44,22,7,45,54,5,5,78,21,75,61,1,90,19,86,39,98,33,68,43,39,84,58,19,34,60,84,35,2,63,82,12,49,75,29,62,11,35,7,56,11,73,95,91,37,62,49
47,81,32,69,20,72,22,50,18,69,51,37,26,79,70,51,70,85,97,33,24,43,15,90,35,5,50,2,74,32,44,84,67,3,22,54,0,70,28,18,74,54,93,78,25,75,3,100,74,96,79,62,91,6,100,80,73,25,45,74,52,66,84,93,45,6,42,28,89,22,60,69,55,59,76,60,4,91,11,52,1,75,29,88,52,87,21,26,51,97,80,51,11,93,97,4,7,97,17,59
58,9,84,57,83,53,28,85,3,21,31,4,8,74,59,49,68,37,63,22,9,22,9,90,57,33,7,88,65,71,94,19,100,61,92,53,68,43,51,30,39,21,29,26,38,67,10,91,94,33,55,30,100,85,25,84,100,77,40,7,4,19,55,23,54,29,12,19,55,6,91,92,70,65,51,13,62,90,56,8,15,39,16,79,60,83,67,52,49,27,48,37,19,3,3,93,77,8,23,70
5,92,68,58,8,23,31,23,27,30,46,65,19,48,73,85,52,74,8,41,95,0,57,34,82,54,91,33,53,10,28,33,49,84,22,25,54,88,40,13,64,63,38,56,67,82,56,71,25,55,68,26,30,4,16,1,61,61,75,75,47,18,44,1,69,52,29,5,15,79,76,94,60,13,48,14,65,54,68,67,68,51,2,30,74,83,34,61,29,69,15,91,85,66,4,77,6,60,6,78
86,96,58,32,98,9,74,68,45,71,84,48,24,99,75,5,11,61,28,12,37,9,73,55,6,10,91,32,74,33,64,89,98,85,33,2,28,90,42,90,43,76,36,16,48,17,36,25,4,86,89,40,27,100,53,85,87,27,17,37,15,75,62,68,65,71,18,100,90,29,5,37,42,33,43,60,30,76,56,2,2,47,83,46,6,38,81,85,99,97,58,34,87,4,77,55,64,93,88,5
34,59,14,91,9,13,39,71,77,94,40,47,60,68,54,86,28,47,73,42,39,48,26,64,62,71,94,74,91,52,98,5,74,9,27,39,69,47,21,92,86,87,74,10,56,25,99,19,4,72,34,25,10,90,53,48,72,19,0,73,64,12,76,70,46,95,10,71,4,85,57,43,52,99,16,70,85,6,58,25,23,13,95,95,9,18,68,31,45,14,13,66,55,86,26,64,3,59,90,15
32,34,72,69,73,90,73,85,91,22,1,69,64,92,98,13,94,75,19,100,47,98,95,67,36,7,8,33,7,98,52,59,82,86,12,62,39,54,68,83,2,61,82,34,40,46,31,37,53,40,1,12,0,90,3,51,56,29,8,0,6,56,44,75,28,30,89,38,36,70,44,92,64,67,58,7,31,93,7,17,94,39,94,56,11,18,60,80,97,55,96,63,39,34,81,65,25,45,4,75
92,57,7,14,81,94,44,30,82,11,31,49,62,77,58,8,23,5,51,23,54,71,82,82,1,60,11,70,60,5,11,16,22,71,64,58,1,47,94,27,82,16,29,4,51,42,5,82,73,98,29,75,43,51,15,74,11,57,39,16,9,31,5,69,68,53,36,4,37,74,13,36,40,67,30,82,84,20,59,66,54,77,38,5,87,99,10,54,38,45,78,27,69,64,5,88,25,94,14,92
74,9,92,67,47,6,76,70,79,28,1,72,28,39,97,46,29,6,58,53,32,34,42,82,75,16,20,90,46,89,30,97,25,31,43,46,29,92,92,97,47,95,5,67,89,28,53,24,79,98,93,82,83,41,87,59,50,30,47,4,91,71,32,80,62,88,92,81,76,81,68,62,48,19,26,34,51,18,4,49,58,66,49,60,71,51,21,46,8,26,86,5,46,43,28,93,48,17,28,39
82,27,19,6,94,66,20,41,45,16,36,23,68,10,13,91,27,74,8,74,47,70,31,67,94,13,39,21,3,90,37,65,79,73,97,72,37,24,15,68,3,43,19,60,12,83,48,6,78,89,9,76,50,71,40,27,15,30,77,70,57,76,16,21,27,5,75,41,30,81,95,25,41,32,70,36,68,57,77,72,95,43,84,85,48,8,11,22,76,72,64,70,4,19,76,43,35,75,54,13
32,62,79,23,26,13,15,59,72,16,17,95,6,64,68,37,99,47,98,9,26,94,93,39,64,82,5,48,89,19,0,100,29,96,45,26,32,35,83,46,48,14,10,78,72,16,70,58,3,25,24,21,88,93,53,1,30,10,9,48,81,12,75,39,5,31,59,100,63,42,88,80,76,98,53,39,94,50,45,57,80,41,71,46,30,66,90,80,13,85,77,2,32,92,74,38,99,79,7,29
68,73,24,57,58,45,23,26,77,100,71,5,45,73,49,51,52,62,87,47,81,97,82,100,32,45,54,6,9,83,27,65,25,11,7,14,61,20,72,12,18,17,53,67,72,99,51,80,55,71,70,55,57,26,88,43,96,54,75,50,94,60,7,83,89,99,99,14,21,1,34,40,69,42,38,5,78,5,6,83,41,23,45,20,31,100,42,3,58,44,3,59,91,34,4,49,91,75,93,66
21,27,95,34,50,6,88,43,42,75,100,34,71,59,84,99,83,41,29,23,61,74,87,35,39,38,82,2,52,57,87,16,91,75,41,20,85,37,84,72,12,95,17,48,90,80,6,38,49,51,39,30,11,75,55,5,74,43,48,83,62,28,62,51,97,36,70,20,27,30,18,65,39,3,32,94,37,9,11,14,23,55,15,2,47,93,63,3,87,32,90,13,80,93,25,77,63,85,49,73
37,9,63,56,26,26,46,92,60,63,51,58,27,51,64,93,42,77,48,73,90,66,20,53,3,6,70,8,95,64,98,51,89,27,95,16,95,80,67,61,95,14,63,4,25,31,51,90,68,32,48,14,66,0,92,87,29,60,44,14,99,74,77,71,38,58,82,92,46,100,81,53,41,26,18,69,46,4,74,26,72,17,5,47,91,21,94,23,14,9,64,21,43,94,84,3,58,23,91,34
94,22,99,37,3,43,25,48,22,46,0,35,73,53,100,98,19,9,71,93,58,81,31,50,23,55,42,14,72,1,49,16,94,63,30,52,3,75,21,23,1,5,60,33,55,68,53,100,41,56,45,42,27,6,42,68,19,70,7,66,70,84,63,62,54,38,82,17,19,100,2,79,38,37,79,8,8,43,90,100,61,81,61,77,59,53,17,52,17,5,48,76,77,79,33,6,94,11,68,3
68,72,69,96,92,56,62,3,88,50,57,13,56,96,39,64,11,31,0,87,22,63,23,33,28,1,89,4,80,67,52,8,15,27,40,49,64,11,7,100,87,55,0,84,56,32,92,87,36,34,14,44,7,97,29,89,45,60,61,100,54,11,98,98,20,13,92,63,10,61,33,14,30,53,49,17,68,8,22,92,21,29,52,38,100,43,15,80,8,92,4,3,17,96,1,76,10,30,7,21
59,95,91,52,40,74,69,43,57,82,36,82,85,82,5,16,100,27,63,27,32,22,56,50,0,27,42,18,1,87,56,12,47,26,82,70,95,67,84,67,90,19,82,76,79,94,80,28,15,43,34,13,90,2,23,51,9,95,11,42,85,80,22,27,5,44,22,13,71,33,13,51,72,77,50,43,16,11,1,30,99,62,56,6,10,6,74,15,98,35,76,34,26,37,83,83,36,14,60,12
30,28,60,80,72,42,37,91,45,86,7,24,45,0,56,17,72,35,99,91,38,23,9,23,94,16,54,19,19,69,8,54,58,67,43,2,1,86,23,91,3,73,11,8,24,42,14,83,98,0,74,86,0,12,30,55,35,47,44,3,59,68,94,33,100,65,3,64,5,83,14,10,63,18,66,59,18,32,91,38,89,70,100,4,85,82,19,56,18,54,71,61,16,80,54,44,91,63,66,34
18,47,6,1,57,73,52,46,51,56,91,76,57,81,81,93,29,44,99,34,86,28,42,13,95,59,45,98,15,18,60,38,70,86,3,12,13,89,48,5,6,44,60,88,50,48,50,78,65,46,84,79,38,69,96,81,7,40,49,18,63,82,60,36,16,90,19,32,28,87,53,16,37,11,43,31,35,15,84,69,0,17,17,47,71,72,26,48,44,57,27,5,95,67,20,25,52,20,66,1
70,20,95,51,34,68,65,5,18,59,11,39,12,21,36,81,1,95,6,71,29,11,36,65,27,68,26,21,94,34,30,48,20,77,24,47,18,96,54,5,64,30,12,67,56,70,29,72,28,47,17,95,55,89,25,31,22,17,9,84,8,41,31,17,100,58,8,15,9,97,36,35,72,67,98,74,44,10,65,56,40,79,56,59,61,37,86,82,55,63,60,89,92,53,21,37,77,46,29,35
99,78,39,77,34,44,0,49,67,84,31,1,2,18,53,48,32,99,18,40,35,41,64,27,66,47,14,8,6,35,23,0,17,61,21,97,48,37,11,23,89,14,94,25,54,26,68,68,14,37,67,66,87,70,25,19,85,43,35,34,44,13,10,52,78,46,5,90,0,1,67,50,61,8,63,45,16,31,93,60,77,40,83,43,24,56,73,54,99,52,66,21,11,10,73,24,4,75,78,85
77,8,54,86,13,73,31,92,70,33,99,44,11,88,19,65,21,89,86,30,89,98,19,1,100,95,13,41,27,48,93,61,55,50,99,41,89,35,71,1,28,56,16,10,45,97,75,71,72,64,4,100,60,98,13,24,82,37,40,80,3,100,96,53,91,49,20,80,26,61,8,34,3,13,7,30,29,51,60,84,41,17,78,84,1,49,84,62,41,81,12,59,56,95,91,93,43,63,51,96
97,44,75,80,74,15,18,59,23,47,49,39,39,44,23,37,31,26,55,81,40,28,70,59,30,49,18,80,31,70,61,57,58,88,9,99,53,63,3,86,13,0,26,32,16,74,88,81,92,9,89,30,25,27,30,84,44,83,80,7,25,81,93,44,52,95,58,42,37,43,32,5,92,66,18,82,37,81,74,49,22,62,60,71,77,80,100,2,60,88,40,65,30,79,56,29,86,78,58,87
86,96,59,34,63,54,69,33,94,62,87,10,27,36,90,85,74,26,72,31,48,56,65,14,69,1,75,30,98,1,7,9,5,24,45,34,66,61,97,43,85,77,37,39,40,90,63,30,19,0,33,84,26,67,10,53,91,36,68,81,61,31,34,41,6,33,26,48,43,74,39,89,48,71,88,37,39,49,77,92,7,60,91,5,6,62,8,66,85,41,23,16,24,82,32,32,11,50,18,91
83,90,37,96,98,56,8,77,95,21,18,2,31,18,97,95,19,26,66,21,51,14,81,57,100,45,24,95,40,22,93,12,44,70,80,39,48,27,69,41,1,74,62,53,82,57,78,58,12,85,12,95,54,57,10,16,86,61,8,45,33,49,30,0,32,93,20,32,46,21,49,91,77,8,59,39,15,55,96,31,50,33,44,77,28,47,6,40,95,16,29,62,2,69,5,35,43,100,96,19
83,40,84,96,21,14,24,99,6,7,81,0,47,45,39,85,63,55,40,32,97,15,40,41,96,89,34,83,82,50,16,42,17,64,90,22,50,94,33,87,40,53,95,89,83,69,65,93,29,12,99,79,34,91,62,76,92,66,36,26,83,40,21,89,67,26,74,25,29,13,33,42,30,94,19,9,30,45,2,60,33,95,50,46,7,95,89,6,47,68,12,8,59,65,47,75,4,69,99,64
18,73,81,50,9,10,44,19,11,13,74,49,70,75,99,61,91,97,69,7,32,38,76,36,31,16,78,69,84,100,94,75,77,62,88,97,51,6,72,87,91,52,84,75,36,87,82,73,20,72,29,60,46,26,83,96,34,57,95,0,37,72,80,49,49,83,5,42,23,36,54,19,83,77,50,20,63,5,36,47,13,26,43,45,46,81,79,49,93,39,58,44,94,23,15,57,84,25,66,8
86,49,53,13,13,57,34,9,65,22,100,54,28,13,25,5,64,100,97,29,24,9,79,39,78,74,4,82,88,89,65,52,77,62,100,18,14,10,74,60,99,5,7,7,15,28,86,98,79,94,63,76,4,20,37,82,78,67,22,72,69,46,84,30,73,88,50,11,96,26,40,35,5,84,81,35,51,76,92,40,96,48,60,46,28,76,42,84,62,27,51,8,75,81,25,56,2,77,76,36
79,97,55,20,42,25,8,59,35,88,55,60,40,70,15,50,26,68,90,100,96,86,60,63,7,31,59,21,72,93,76,24,93,65,54,13,22,52,69,55,31,66,9,13,18,94,27,82,54,58,100,81,46,26,22,60,17,45,46,59,33,43,89,60,97,33,45,37,16,61,50,28,87,16,22,35,36,8,56,75,9,22,51,19,75,72,34,39,37,65,78,45,34,27,94,57,30,74,16,14
90,22,2,52,20,6,32,39,38,6,30,41,2,87,99,66,0,69,93,40,30,80,39,67,24,96,2,78,27,39,32,97,21,19,79,41,39,66,75,34,85,12,3,88,100,0,9,61,41,34,64,38,14,92,27,0,6,6,53,59,39,1,8,24,20,74,5,15,21,33,65,85,95,85,69,41,21,79,8,10,53,48,76,58,38,81,66,0,68,71,40,26,48,29,16,74,0,34,64,76
70,68,13,88,67,69,54,95,57,78,57,37,71,99,15,35,15,65,10,86,34,14,43,35,0,15,42,75,57,51,63,59,79,13,17,52,53,37,58,27,38,76,75,46,44,39,6,86,80,74,62,86,74,75,39,63,79,72,47,20,88,14,65,69,45,85,40,41,66,75,5,35,53,54,10,85,65,46,79,87,4,52,56,74,96,39,76,13,5,27,96,84,99,100,33,50,3,60,13,2
51,94,72,77,76,34,85,69,1,15,53,64,35,58,58,100,12,21,75,92,62,69,89,14,61,87,70,36,100,8,55,95,63,91,37,73,43,32,5,58,55,28,35,24,92,18,61,15,89,41,32,65,22,98,22,100,94,71,64,82,53,92,40,51,22,18,70,39,57,54,73,69,55,40,30,23,12,100,42,34,30,84,4,33,74,52,74,28,9,33,43,98,94,7,14,67,87,98,83,36
27,81,31,0,65,47,32,1,54,66,40,80,77,75,85,53,13,68,45,51,76,41,0,49,22,45,69,61,90,11,17,65,97,42,64,37,1,75,87,51,47,98,21,16,46,88,9,78,88,34,55,98,1,98,91,45,100,45,93,74,72,20,44,66,92,7,63,89,95,53,62,22,76,86,85,75,23,51,64,17,92,9,95,63,56,98,27,6,56,8,94,97,81,61,42,94,64,45,58,55
74,15,31,61,96,40,41,63,0,97,79,59,64,61,94,52,43,19,55,31,2,9,19,57,89,93,70,24,27,81,78,19,55,12,53,29,0,29,87,27,23,48,29,8,93,36,38,22,51,27,37,95,54,6,35,0,28,57,68,2,14,88,51,5,73,56,82,89,7,86,2,69,54,92,67,18,98,69,91,75,3,84,29,83,48,7,7,15,82,94,62,73,20,0,18,43,59,84,9,16
36,9,47,19,75,69,26,35,96,64,31,60,45,82,10,21,58,31,12,9,30,35,47,47,80,7,68,55,62,96,4,30,22,52,50,93,96,13,7,65,32,72,14,53,66,58,79,78,54,39,77,26,56,57,100,91,23,85,100,15,68,24,66,8,68,42,59,60,47,82,56,4,100,73,11,40,21,38,60,15,37,41,30,8,3,27,38,6,12,4,16,86,18,4,10,32,78,51,14,18
16,28,49,33,8,15,25,69,64,71,0,8,22,11,34,92,92,87,85,42,14,87,14,44,62,34,60,83,30,39,25,49,70,14,84,28,82,45,11,70,21,97,5,66,30,86,17,84,6,87,65,15,54,75,54,51,43,50,47,27,87,16,67,49,19,23,52,78,84,52,81,95,8,35,66,16,70,36,92,25,93,48,24,66,95,30,33,21,84,69,90,89,87,89,82,7,55,24,20,47
70,22,58,54,94,1,67,41,27,52,34,52,86,89,81,89,7,69,99,88,16,53,58,27,39,52,54,1,100,72,53,39,23,94,41,55,64,23,99,45,2,17,41,30,59,11,1,12,21,7,44,33,9,25,91,72,93,31,65,57,45,99,97,10,57,100,67,16,39,87,30,85,62,18,11,31,39,18,56,81,93,86,24,50,92,89,75,76,99,11,9,51,79,21,7,2,65,93,82,21
16,72,95,94,51,29,7,63,10,63,53,78,68,67,42,37,39,37,70,29,41,71,90,7,68,28,56,25,4,27,11,87,99,38,68,24,64,47,60,84,86,88,13,22,79,29,51,29,34,55,47,43,40,24,42,51,90,82,26,26,86,26,72,52,64,12,34,1,20,47,24,62,8,75,6,45,77,28,16,0,14,46,50,33,14,11,56,99,8,13,41,59,51,55,82,40,90,85,2,62
27,50,50,20,67,42,9,43,2,6,61,97,10,44,10,35,10,63,2,71,32,36,29,82,88,2,6,62,18,39,53,66,29,80,56,7,32,31,54,97,14,32,70,59,7,23,32,69,51,68,71,21,72,40,64,46,34,90,5,20,78,65,48,64,22,22,74,12,22,69,82,51,50,64,75,89,16,50,62,21,55,71,26,80,87,53,35,55,8,5,40,17,97,13,2,43,50,32,100,80
18,17,32,37,53,56,80,52,73,88,85,79,77,99,32,53,78,5,70,85,32,46,38,24,36,99,47,0,64,36,100,57,39,62,21,76,97,11,99,87,95,8,4,47,46,76,80,84,4,67,24,19,4,69,91,54,75,10,54,88,62,99,31,82,14,12,41,56,67,32,38,66,89,74,31,15,49,45,81,82,52,38,30,65,23,0,96,34,94,10,90,45,35,62,39,24,57,76,13,74
82,94,68,3,91,27,3,39,78,34,13,53,22,53,32,73,88,31,41,25,49,37,33,90,23,86,87,77,58,55,96,49,68,66,73,43,87,73,2,19,59,48,18,32,62,38,79,75,27,88,54,5,53,45,46,70,39,11,15,24,64,8,84,86,1,88,69,41,2,49,83,40,72,12,17,9,77,15,36,31,3,98,19,92,65,21,26,87,37,77,58,98,23,37,14,34,54,13,96,59