75,8,18,89,96,33,36,98,23,55,80,3,83,98,91,85,9,15,46,6,26,44,13,0,27,99,73,40,55,81,57,22,70,2,20,35,39,26,99,91,42,31,37,18,14,8,87,26,97,55,18,36,12,84,93,49,79,58,44,68,93,61,55,94,24,33,47,21,41,98,2,27,52,72,43,63,39,0,50,15,81,20,77,7,15,14,82,62,52,3,84,51,99,63,15,83,9,90,88,98
25,100,71,26,17,21,31,89,6,32,54,90,40,6,33,40,94,78,39,100,69,100,53,100,53,36,28,9,93,12,45,53,64,83,86,9,72,71,81,6,17,11,57,39,72,3,54,65,14,3,48,98,56,96,1,75,21,84,91,76,81,49,57,66,45,92,25,60,35,68,67,89,15,62,22,1,68,73,55,36,86,18,3,72,25,56,76,36,79,22,43,58,100,32,76,86,39,82,9,50
20,40,23,91,37,100,46,59,22,53,80,56,55,0,18,44,36,68,75,69,27,89,51,56,79,38,78,26,34,63,31,3,93,21,54,13,77,66,55,2,84,38,88,33,99,33,19,4,63,65,10,76,47,67,41,61,35,22,38,18,90,12,56,85,35,97,0,94,80,64,35,55,61,5,39,37,40,66,2,52,86,63,67,95,78,28,88,43,2,2,50,54,9,68,0,8,6,97,34,95
41,5,43,56,80,36,72,26,17,65,36,11,55,49,4,10,17,93,1,19,37,45,66,97,81,99,9,21,51,4,8,44,79,81,87,65,81,63,52,90,54,61,37,93,57,51,31,7,100,19,66,28,69,73,40,62,23,21,7,0,27,56,75,71,70,54,57,64,73,81,36,14,52,18,23,47,63,74,47,42,49,37,29,72,74,14,27,6,5,23,19,74,21,37,75,60,38,17,20,84
9,38,80,74,7,53,27,31,41,74,99,36,85,62,65,95,79,11,35,45,93,48,63,28,96,2,17,98,98,57,19,10,67,59,1,1,10,74,79,62,86,24,36,43,50,0,100,5,27,32,12,19,5,17,72,24,76,60,70,42,5,48,30,11,25,47,13,64,93,23,6,46,11,46,0,30,73,88,76,28,30,48,31,58,38,6,15,49,83,57,95,2,13,29,91,42,12,9,71,1
82,63,46,33,71,59,19,64,19,65,38,78,78,67,96,43,54,70,62,39,4,3,91,6,8,72,41,75,48,15,85,11,97,61,90,92,2,52,43,45,52,0,99,83,67,46,96,3,52,24,58,91,19,64,19,2,74,90,18,88,87,100,49,49,41,69,78,91,50,2,37,80,83,56,13,76,93,38,84,67,1,78,11,1,87,14,40,43,19,75,96,2,48,80,32,32,0,62,62,99
67,54,5,67,70,56,82,59,80,66,47,30,62,54,39,57,91,61,63,24,66,30,65,40,82,47,66,94,35,72,39,46,31,96,71,41,88,76,30,9,25,60,66,52,29,1,29,76,61,52,22,22,91,17,7,65,26,55,45,85,35,65,37,98,92,41,5,34,47,24,87,68,62,66,74,17,87,14,51,49,66,8,30,2,75,4,34,45,27,39,88,54,43,55,29,23,26,71,36,9
41,96,37,81,78,90,68,64,90,84,49,64,86,84,50,91,86,30,37,43,90,93,89,72,48,11,28,69,10,39,15,49,81,69,28,74,27,9,90,19,70,2,6,43,55,84,11,83,62,16,62,28,8,44,54,69,20,21,46,82,5,20,71,8,28,21,94,93,62,19,31,4,80,40,33,26,91,56,54,91,33,1,5,50,94,3,42,21,78,62,14,81,27,45,36,78,45,58,100,1
61,73,77,91,99,4,25,51,66,42,7,78,24,78,85,70,71,83,66,22,41,80,32,74,42,75,85,90,97,80,86,91,58,90,86,33,84,20,59,93,24,90,74,36,12,62,65,63,71,2,1,64,96,19,70,37,35,3,91,84,64,22,53,1,88,20,60,84,98,18,44,48,98,86,63,30,54,56,45,11,36,9,15,68,48,44,43,97,20,46,59,19,68,7,2,90,7,4,25,45
98,58,46,22,77,15,64,7,17,11,45,36,1,71,48,23,8,99,42,63,2,7,20,14,32,96,5,20,66,4,72,99,43,82,87,32,8,15,46,87,0,55,52,44,19,15,31,79,9,68,22,43,41,21,36,7,21,61,5,15,60,9,37,39,81,8,11,33,7,93,6,11,2,81,89,60,82,1,47,1,51,18,29,85,13,31,21,59,59,26,75,19,43,5,97,73,48,48,99,4
35,46,59,68,37,98,82,46,52,9,22,80,63,66,41,47,58,95,99,22,95,48,87,18,91,34,92,84,15,71,88,12,66,50,100,42,24,92,90,91,17,55,46,93,47,98,35,37,26,12,44,53,23,42,94,86,31,29,70,80,17,7,93,78,72,81,12,62,59,62,94,11,59,20,92,80,100,93,87,46,70,78,43,95,80,26,91,33,94,25,28,98,55,53,50,82,59,7,90,23
7,3,83,31,51,67,90,40,38,90,7,56,38,35,50,64,37,85,32,18,51,80,7,95,49,99,72,56,71,61,91,94,3,25,27,81,32,1,11,24,23,92,23,22,42,58,49,82,19,97,36,55,62,34,62,0,100,98,92,51,65,100,52,5,71,79,21,68,19,3,65,39,31,98,17,74,20,89,96,6,57,29,99,86,79,68,72,90,1,14,1,87,29,60,4,53,5,5,57,92
17,56,41,54,47,60,86,61,9,58,11,97,80,78,27,8,73,88,62,36,47,22,63,57,17,21,69,22,82,65,9,72,24,74,62,76,14,52,3,53,32,12,51,11,28,63,20,5,41,73,88,63,71,41,99,29,1,68,54,53,81,32,92,8,53,71,22,61,29,31,91,35,6,76,9,6,38,45,97,59,12,18,3,42,76,45,13,23,9,72,58,44,50,27,88,50,96,5,29,43
72,100,16,49,14,71,69,98,28,5,22,16,91,1,4,32,4,83,28,57,15,43,12,40,25,18,79,72,43,96,61,90,81,80,18,96,71,2,52,31,48,14,73,44,25,72,35,31,54,30,48,82,56,32,21,83,96,12,25,12,36,73,46,68,55,57,57,69,36,93,54,87,18,51,67,75,40,88,85,8,84,59,33,61,1,52,19,83,25,17,31,64,88,97,73,47,63,82,39,12
30,24,97,8,51,82,2,49,34,20,19,16,7,16,54,98,69,34,90,74,90,48,43,48,33,9,62,57,21,16,69,29,85,100,89,45,35,11,40,16,15,2,94,32,60,25,54,80,28,99,18,47,95,9,38,45,92,0,28,42,23,72,72,77,98,98,91,95,36,53,77,65,42,38,73,94,48,30,56,15,29,98,72,43,18,91,36,27,99,38,19,71,33,73,94,8,69,71,87,79
86,37,51,80,45,49,23,50,98,91,10,25,75,43,70,41,3,36,60,45,92,83,30,77,49,23,100,9,87,79,69,51,29,88,71,69,59,27,36,4,74,86,75,99,42,19,39,32,53,58,26,86,23,76,22,75,6,31,65,64,76,49,73,80,21,95,73,30,82,19,93,21,3,85,0,54,17,87,67,31,65,97,21,76,42,28,63,27,5,63,1,4,92,55,72,49,40,30,1,0
90,29,9,53,44,79,94,12,46,58,59,52,22,89,42,77,56,67,44,21,59,4,96,30,48,88,27,36,76,94,19,73,12,96,12,5,37,9,25,69,28,84,26,7,44,8,84,84,82,69,82,16,90,45,66,35,4,9,19,90,52,85,35,1,58,73,96,87,38,73,38,89,7,73,47,84,19,75,31,41,75,79,2,20,39,65,21,21,100,5,50,95,12,44,10,64,96,50,69,31
30,28,20,49,27,3,69,4,72,21,66,50,50,23,51,3,55,8,51,35,38,48,74,25,0,33,93,94,12,5,44,94,84,64,37,40,56,73,2,13,5,9,54,25,92,65,70,21,79,85,14,28,24,84,32,60,70,61,64,19,14,76,54,7,70,47,67,37,2,27,41,68,13,70,45,58,23,17,36,1,65,74,99,22,37,26,57,70,37,59,66,56,53,30,15,70,92,37,91,95
96,78,61,68,32,35,98,37,90,38,15,16,4,47,37,5,6,86,62,33,57,55,20,29,51,30,23,27,40,98,35,44,44,71,93,6,65,62,28,72,13,77,66,77,0,42,43,99,88,22,47,41,73,74,62,10,94,85,87,56,38,10,77,1,43,53,57,37,65,45,75,31,46,15,34,56,25,69,32,90,15,49,62,56,76,18,35,70,24,56,9,47,56,34,54,75,14,87,94,15
34,60,85,35,37,3,39,16,41,83,4,78,44,21,20,27,70,27,22,42,35,67,56,99,58,91,0,65,49,87,67,57,26,38,60,0,4,60,74,68,67,5,3,65,34,12,17,72,67,18,5,54,87,41,24,98,63,61,5,20,77,72,56,6,40,31,44,72,58,75,33,22,6,62,47,44,97,71,97,77,50,80,63,98,64,90,61,59,34,47,62,28,52,85,84,55,51,100,82,53
14,93,57,92,61,32,55,34,61,57,80,1,30,10,61,99,57,59,72,37,46,92,72,21,64,13,60,11,3,97,56,95,56,90,94,32,9,54,42,46,48,100,98,27,1,75,97,43,14,46,24,90,37,10,46,84,82,51,20,37,66,58,3,30,35,78,84,85,37,64,86,38,52,18,13,49,65,86,94,39,10,91,15,95,77,0,12,56,26,78,72,38,13,61,28,88,32,26,58,58
62,49,3,33,81,53,78,77,61,100,8,67,46,19,27,11,39,4,46,7,39,22,46,13,45,42,93,89,46,98,39,98,22,11,23,65,19,21,66,100,89,0,36,1,62,29,32,38,71,27,23,38,95,37,91,94,58,72,43,16,64,14,63,34,47,17,56,10,46,42,69,36,51,10,40,39,26,51,13,11,35,37,60,23,16,83,48,7,30,25,98,62,54,76,78,93,13,83,88,13
94,77,47,40,49,86,24,92,8,35,29,24,6,72,100,91,95,30,96,81,99,77,33,56,4,25,10,31,9,93,22,73,64,55,19,12,43,35,84,41,4,0,67,25,24,95,36,55,77,72,87,14,63,29,35,91,3,12,69,5,82,23,0,99,84,47,60,2,41,34,40,58,9,71,17,77,36,77,77,35,75,98,40,0,92,13,69,49,65,67,94,82,41,97,53,40,24,59,84,88
44,23,14,86,25,8,81,49,92,38,51,99,70,45,31,90,15,91,85,72,82,88,98,4,27,15,20,8,59,2,46,56,84,10,65,29,41,37,57,50,75,61,92,16,23,98,95,68,47,3,90,50,44,24,79,80,98,75,98,54,14,35,34,95,73,78,19,38,32,24,56,87,69,17,28,56,66,0,14,4,48,61,75,4,81,51,47,1,98,88,98,94,56,31,27,51,80,9,51,33
51,9,62,68,17,93,1,99,78,85,28,67,85,27,35,7,55,28,68,84,64,97,42,37,50,46,38,93,23,67,81,22,23,31,71,28,37,16,79,43,89,49,28,77,85,68,84,28,44,81,59,52,44,77,23,84,46,15,80,68,4,64,75,80,47,87,95,92,26,50,96,93,50,17,88,96,78,23,50,44,7,11,76,50,72,66,93,22,47,92,30,43,10,54,18,41,65,24,69,94
46,28,70,16,51,64,63,57,4,90,67,50,53,99,46,90,85,12,68,100,21,54,30,40,86,90,69,82,9,77,47,78,5,20,30,39,68,21,63,29,99,10,20,76,87,91,91,49,67,57,10,74,39,76,3,4,61,37,76,3,39,70,59,8,25,1,77,38,51,14,74,61,96,70,63,0,38,68,4,99,27,18,17,18,78,99,29,65,87,21,11,35,34,75,76,11,19,16,98,38
37,9,27,66,94,22,89,91,62,22,57,95,0,38,46,13,34,90,19,32,55,78,59,30,33,24,70,15,47,51,67,70,37,13,9,7,97,79,97,88,80,67,12,81,87,71,52,77,5,74,20,42,22,2,70,28,83,78,46,30,98,63,78,83,57,67,59,80,57,76,99,44,27,52,74,97,86,6,37,88,94,26,86,5,49,17,83,11,72,6,70,91,35,59,59,14,0,31,9,98
75,79,82,48,64,26,7,57,98,19,0,71,97,71,3,97,4,41,30,39,7,3,99,29,78,49,6,69,85,54,98,57,13,15,82,2,36,37,67,88,42,97,54,62,33,66,98,3,16,14,26,30,66,62,51,29,73,5,25,79,74,68,72,22,14,72,70,23,78,57,22,2,3,31,87,54,69,37,51,98,60,64,32,26,27,37,13,94,98,55,75,22,88,96,82,40,51,67,8,72
2,77,17,76,45,63,18,11,83,97,51,54,5,20,60,80,87,6,90,3,32,70,39,32,2,63,24,25,50,50,77,87,96,98,25,69,89,34,15,53,100,38,93,1,10,51,79,8,77,98,87,20,23,27,80,13,54,99,89,66,100,37,6,89,49,88,18,22,36,42,83,94,7,58,98,93,85,24,93,62,15,20,3,9,84,81,85,6,2,53,72,63,74,53,16,40,37,14,37,17
13,13,56,37,76,30,66,41,40,10,46,56,98,9,25,12,17,48,90,35,56,66,34,26,13,97,30,48,26,85,35,6,57,51,29,57,11,92,93,89,62,61,63,39,77,41,28,42,56,88,100,92,63,43,46,79,29,4,61,87,61,8,69,93,42,75,33,70,16,74,49,38,58,85,57,13,88,50,66,28,68,50,35,41,35,12,66,45,55,78,38,91,26,9,52,98,69,38,76,66
39,26,53,100,17,2,27,8,5,15,62,30,99,54,36,97,45,92,87,0,83,25,43,64,52,97,78,84,8,58,83,26,79,49,77,33,12,84,31,52,16,2,99,20,24,31,10,89,6,35,54,56,33,49,97,43,74,47,62,43,24,90,77,29,47,78,41,37,45,72,71,12,48,43,70,97,93,80,81,51,3,86,65,93,86,71,27,51,63,63,100,52,34,11,96,22,74,54,36,1
81,83,69,22,82,60,26,68,49,53,23,71,83,97,0,14,88,16,95,10,80,41,100,34,94,48,75,28,89,79,76,28,48,48,3,92,3,70,12,97,100,81,5,94,81,9,2,5,21,41,48,49,62,62,38,74,7,14,62,82,34,16,86,98,19,23,94,85,75,9,33,94,81,74,78,84,49,82,9,44,81,67,34,48,15,18,72,18,50,42,73,35,69,97,76,61,69,26,42,70
24,20,1,44,59,31,73,72,58,91,93,6,99,34,0,77,34,70,83,37,47,94,60,81,55,53,0,24,76,82,72,48,38,38,6,59,75,47,22,56,89,65,38,3,71,31,58,37,85,7,59,28,8,37,33,40,25,69,78,1,37,19,55,50,36,98,43,27,73,57,41,51,83,21,14,45,100,6,37,90,49,92,73,96,98,79,95,92,9,12,29,52,35,28,44,83,6,22,26,50
87,28,57,95,41,18,50,3,60,4,87,5,18,8,48,40,45,95,28,83,71,20,43,71,46,12,49,62,49,17,41,34,36,85,48,76,75,58,11,68,42,20,43,57,41,33,64,22,35,30,38,61,28,64,49,14,81,37,48,34,86,63,43,84,37,90,78,70,77,36,98,65,34,93,36,67,62,81,27,7,46,43,22,19,43,68,55,7,74,34,55,85,40,47,12,96,75,80,77,73
78,82,49,15,96,74,82,67,98,48,79,24,16,75,84,39,56,1,19,39,62,9,36,4,5,42,23,32,45,5,40,4,17,55,61,51,31,3,62,71,26,38,81,50,8,73,13,0,45,11,66,88,16,46,40,17,56,87,73,23,6,58,26,23,80,86,59,68,56,42,3,3,95,13,82,85,84,2,14,30,85,54,40,75,96,82,58,68,85,32,8,71,74,50,99,4,22,68,36,63
21,52,75,26,87,71,37,97,99,80,45,11,68,19,86,50,100,4,66,96,3,63,33,65,94,39,63,45,64,57,54,90,96,56,83,30,43,96,63,3,98,17,25,57,41,24,40,81,89,20,52,30,70,71,81,30,90,1,24,36,1,67,35,11,71,65,58,18,12,43,12,25,37,75,14,51,29,60,80,33,21,13,88,98,84,21,84,100,37,75,4,61,25,19,57,43,59,81,31,56
46,48,2,69,28,99,48,55,51,31,64,95,84,21,71,74,30,76,48,43,78,22,94,35,60,32,1,87,80,74,72,21,52,97,22,50,90,85,37,82,1,66,3,65,58,76,24,33,96,84,3,65,88,33,70,18,43,92,45,93,41,65,57,69,2,86,85,85,41,35,44,57,6,43,99,20,100,76,100,91,98,56,47,35,16,84,73,11,67,84,19,23,99,100,84,69,25,46,46,89
97,28,87,97,26,3,88,71,87,43,84,72,79,24,59,96,69,98,89,55,88,53,55,75,65,67,29,97,76,19,94,36,15,92,76,41,43,75,9,86,75,52,66,12,22,6,74,19,48,24,56,50,13,68,94,93,60,82,32,58,87,6,12,86,73,52,9,31,62,97,79,35,87,56,51,26,76,83,61,68,49,29,14,30,63,69,36,62,78,96,85,81,68,73,100,37,56,17,88,29
33,20,62,98,89,20,91,15,30,79,0,71,19,42,12,14,34,1,64,7,27,6,66,81,67,49,48,8,87,75,47,53,16,73,82,84,99,2,34,90,86,13,78,17,71,23,49,3,75,45,70,20,92,93,48,50,8,43,37,99,90,28,92,55,93,80,84,96,0,75,51,71,52,50,37,89,25,36,37,23,83,52,44,5,28,77,46,22,87,48,75,64,83,78,29,56,68,30,91,75
61,14,77,65,48,48,51,84,8,100,63,87,37,37,26,30,55,51,57,33,5,68,53,58,24,46,16,81,64,17,78,2,36,24,7,95,65,24,88,92,68,33,64,48,57,88,13,93,62,70,23,97,71,45,22,89,49,26,80,28,25,82,48,57,34,43,43,76,41,33,54,52,2,36,89,67,89,18,70,41,27,87,0,29,68,66,15,30,79,79,89,26,63,45,16,12,36,72,28,77
40,18,26,17,66,0,69,54,24,98,78,46,34,34,12,26,16,65,68,49,81,39,99,61,67,7,81,88,95,58,100,16,67,38,47,56,27,96,74,78,83,15,4,10,84,51,69,61,6,37,23,10,23,93,79,11,39,35,31,50,5,76,77,26,40,64,83,78,28,89,8,72,84,96,29,84,69,77,50,37,28,67,85,66,75,36,83,35,8,52,97,1,4,96,43,72,71,90,97,85
15,11,89,88,44,39,25,20,33,69,25,50,57,86,9,1,14,33,27,91,93,21,18,77,28,7,70,95,19,79,76,60,43,98,69,53,48,28,77,68,49,23,60,8,78,28,47,71,36,54,44,57,37,74,97,37,2,73,75,9,65,96,56,45,86,14,60,14,7,15,7,0,33,85,18,56,80,77,78,15,75,90,35,88,66,37,49,67,18,99,79,59,90,4,26,22,5,15,15,71
68,69,63,93,98,49,28,96,69,41,74,59,78,49,3,30,0,43,70,76,34,74,54,82,78,0,42,47,98,100,91,15,17,15,77,2,22,25,94,98,51,41,77,22,42,9,73,19,10,49,87,19,71,40,92,81,54,69,44,65,72,56,96,56,26,69,11,21,45,40,13,96,30,98,1,78,98,55,86,89,11,0,68,71,55,28,64,47,99,21,55,1,18,43,25,8,23,9,82,66
89,63,89,30,72,61,4,44,90,2,66,96,27,13,9,51,15,97,31,39,69,25,90,70,1,4,36,38,95,54,70,29,46,20,48,76,89,71,68,38,87,0,16,33,98,84,49,22,20,94,99,100,39,41,50,52,26,25,42,92,10,39,91,67,45,90,100,29,54,25,21,49,3,72,62,90,26,68,21,16,37,6,26,99,83,36,25,69,100,43,44,100,17,88,70,16,43,76,28,66
57,72,3,20,88,58,92,90,64,83,57,9,83,90,49,8,24,50,82,96,69,75,26,77,63,13,75,95,84,15,92,58,90,16,31,51,55,44,68,91,88,85,100,43,84,88,66,19,96,62,54,84,27,40,56,98,43,68,89,10,31,16,48,91,91,7,38,27,99,3,60,9,0,58,29,23,25,36,71,96,35,29,60,76,42,31,10,97,4,98,22,13,17,26,33,91,96,33,88,2
51,34,50,82,15,0,59,3,100,80,38,39,38,83,88,11,52,14,81,51,35,88,56,27,78,92,25,69,7,11,53,51,40,66,61,29,58,76,66,43,43,32,71,3,27,97,54,15,80,6,65,5,17,15,22,82,48,65,32,97,32,1,22,97,79,26,51,89,74,9,29,88,44,83,99,50,9,32,51,69,24,76,79,49,61,77,58,50,74,27,3,34,63,91,33,26,15,49,81,8
72,60,90,79,81,0,9,84,31,64,53,22,35,80,98,80,4,67,7,73,74,34,74,89,58,94,8,52,21,74,41,32,38,1,17,56,96,91,27,42,22,8,7,72,96,91,16,85,94,37,28,44,47,66,79,53,54,64,18,48,47,30,0,16,87,10,85,0,88,23,94,53,66,20,45,12,10,93,59,82,63,25,40,27,14,56,31,54,89,77,55,55,89,78,22,49,87,83,94,96
3,19,37,21,44,20,18,35,73,1,67,13,46,21,48,39,41,26,97,38,89,45,57,46,43,9,21,7,77,61,60,1,87,53,37,69,64,72,78,33,70,65,2,20,17,42,10,29,0,83,94,82,48,4,93,14,8,47,47,30,16,68,90,88,63,37,81,51,56,13,58,95,26,83,94,26,74,96,72,83,89,74,95,89,50,89,96,38,93,29,45,50,67,79,8,25,38,80,79,7
67,21,46,93,86,43,63,84,31,68,23,17,89,67,47,50,72,69,60,95,37,65,37,28,66,82,51,88,23,7,75,65,35,6,19,85,20,36,32,12,21,72,15,13,33,6,96,42,26,0,15,46,99,65,83,67,87,52,59,48,62,82,98,25,47,55,85,100,48,98,83,83,86,30,21,63,70,22,28,73,57,20,72,48,91,46,45,56,62,22,13,19,3,67,84,83,66,98,55,48
85,55,13,83,94,36,49,75,30,45,26,74,47,66,93,75,7,86,8,82,24,19,57,65,84,85,98,65,6,62,92,47,12,94,53,50,49,12,75,55,69,71,74,30,9,40,34,67,78,10,1,61,35,17,86,5,79,52,36,94,65,26,21,81,93,80,92,21,49,80,37,19,18,88,71,100,61,2,88,52,53,69,40,26,92,32,80,78,75,62,29,4,39,99,29,97,13,40,18,35
55,57,63,64,33,86,67,7,47,58,41,91,80,85,32,100,46,56,89,99,18,87,22,71,84,51,42,2,22,14,48,97,4,34,16,5,54,0,32,54,97,88,6,33,91,38,96,20,96,83,97,86,35,24,15,94,11,62,6,51,45,9,12,30,83,94,72,76,4,88,14,31,98,79,82,13,50,54,71,33,20,95,60,4,64,97,63,27,81,15,7,10,34,79,3,63,76,28,62,24
50,61,100,95,18,41,5,3,97,37,20,71,77,3,58,38,94,23,33,65,81,17,20,76,0,71,16,60,96,15,8,96,60,30,69,66,12,59,33,11,5,61,36,25,49,37,49,9,57,39,28,85,38,36,53,46,22,3,4,73,98,84,98,60,1,58,24,30,61,61,30,100,24,21,79,21,61,64,40,29,51,95,85,62,28,87,39,97,95,40,80,25,5,78,84,7,46,59,79,71
79,59,46,52,97,70,46,84,78,4,47,83,24,69,0,7,76,25,3,92,5,79,87,59,14,58,59,26,7,19,22,32,3,80,40,79,97,44,20,51,42,58,50,73,54,57,85,35,50,10,88,25,93,35,29,9,94,98,63,7,7,14,3,50,51,12,20,88,69,80,4,0,98,52,96,64,40,50,100,53,61,5,55,21,48,60,66,97,22,31,11,94,23,80,39,25,61,70,36,28
94,73,95,8,80,93,23,57,47,42,55,42,74,89,74,16,10,56,13,64,63,72,77,72,45,25,3,88,38,37,75,71,93,69,35,79,99,15,9,9,78,6,86,18,72,68,14,91,74,59,94,47,56,2,60,51,97,35,6,13,2,42,8,43,83,90,37,18,35,100,8,34,13,43,63,69,84,28,55,63,36,100,0,93,0,85,58,9,54,83,22,69,32,1,62,40,84,26,95,7
49,34,87,86,81,9,98,23,56,43,94,27,10,86,77,17,56,43,32,95,63,63,41,56,0,35,51,30,52,26,18,90,28,17,28,14,58,15,53,87,49,55,51,57,55,35,60,14,37,18,31,33,7,20,87,54,6,94,56,76,67,15,46,29,24,49,45,76,41,3,25,4,72,62,40,67,44,31,6,83,52,31,93,70,48,56,68,65,78,10,31,31,100,75,60,52,25,56,21,88
61,34,93,56,18,99,4,62,80,51,27,77,76,36,87,79,88,76,79,57,0,14,59,67,20,37,29,29,98,68,35,81,56,30,36,72,19,91,25,36,0,66,47,33,47,9,25,84,57,21,9,60,72,3,64,57,73,62,19,12,89,30,15,17,32,98,15,63,29,40,49,13,12,28,77,100,33,75,55,51,18,25,90,84,47,53,32,65,88,40,52,68,12,50,85,36,87,13,100,66
36,1,24,0,12,73,45,69,78,51,20,33,60,17,30,12,76,55,80,73,26,5,17,48,82,80,56,7,80,6,79,87,8,81,38,88,23,93,17,39,8,22,36,52,42,29,95,74,67,78,47,23,37,5,64,10,18,54,80,47,38,49,49,9,28,64,66,22,87,73,96,97,100,31,87,35,28,24,77,98,23,12,0,25,61,90,99,78,72,50,27,91,17,85,56,96,57,85,29,76
41,59,23,68,80,80,67,91,22,36,19,15,26,54,28,99,80,25,91,13,57,20,31,1,15,27,39,51,0,23,98,14,100,82,91,59,90,77,42,34,75,22,85,92,64,94,53,71,78,6,10,45,45,26,31,89,18,29,5,72,32,72,69,81,64,9,46,99,58,67,49,69,77,27,55,24,73,29,45,12,86,2,91,100,26,23,27,34,46,89,32,88,35,38,70,96,66,23,74,22
37,31,67,79,5,31,100,90,72,53,68,52,94,85,75,35,3,51,0,50,58,78,57,66,59,42,31,70,31,58,96,84,15,19,95,78,13,87,88,47,74,55,75,98,30,77,25,68,99,82,54,55,6,42,22,7,93,98,62,92,86,85,56,71,24,81,92,97,19,53,49,7,20,51,27,54,82,86,62,55,90,44,39,5,8,7,20,15,42,99,44,5,86,97,18,17,4,66,4,27
13,18,65,91,38,68,17,74,63,65,30,36,89,16,22,62,55,4,68,24,92,78,65,8,19,48,94,53,60,55,25,96,37,7,98,27,19,11,3,15,97,21,38,88,86,18,12,98,96,39,55,70,92,68,9,5,94,100,89,72,28,39,13,62,74,43,58,44,43,80,72,79,23,19,41,5,91,73,60,74,24,74,20,88,30,20,95,91,92,23,5,43,44,52,60,41,3,12,62,65
75,60,36,8,75,25,9,35,25,19,8,95,63,63,53,65,29,30,29,99,22,7,100,90,52,10,69,67,84,67,95,46,82,78,93,33,75,6,50,27,20,100,1,71,82,46,58,79,89,91,78,81,80,9,48,21,7,92,2,88,58,52,64,10,39,33,34,0,32,93,29,40,40,42,23,11,31,15,7,6,30,87,39,59,59,1,31,77,38,48,55,27,12,44,3,97,72,79,12,99
9,71,64,7,17,84,50,4,67,36,58,53,61,77,37,33,49,73,57,92,64,27,20,26,3,57,81,5,54,77,13,99,14,54,35,12,58,94,96,10,87,95,79,4,78,86,40,64,50,77,79,52,54,1,11,87,92,79,53,48,6,23,29,9,83,55,20,49,14,44,47,85,31,88,47,36,54,14,45,29,100,35,70,18,20,8,65,47,94,45,31,85,61,18,26,93,60,11,75,69
29,0,12,22,47,68,83,26,53,61,47,36,76,12,11,7,61,23,29,50,19,95,61,70,39,0,41,94,94,97,8,71,88,74,26,30,74,51,9,90,39,19,4,54,1,74,89,64,39,70,70,89,89,87,23,2,94,81,81,76,50,32,20,85,75,60,7,44,16,69,50,19,72,46,71,88,75,69,12,93,75,71,20,51,75,38,75,88,62,66,92,76,53,78,54,72,84,68,55,77
86,71,41,16,82,50,10,56,8,39,32,67,81,6,49,49,51,26,95,76,31,25,36,49,45,13,5,41,94,92,45,93,22,31,56,92,44,46,82,3,44,17,10,46,32,56,19,65,50,22,20,20,4,52,55,48,30,52,29,60,46,56,35,35,96,34,2,1,37,89,7,96,96,2,35,64,98,33,57,32,58,33,85,97,1,90,1,8,23,33,55,68,91,24,38,82,58,62,76,42
10,50,46,22,36,0,93,21,50,70,16,24,16,1,35,61,47,59,79,74,11,8,97,96,24,70,20,96,36,30,77,6,28,42,67,9,34,22,35,84,46,29,55,36,19,80,81,82,41,62,24,48,54,95,51,83,46,31,3,16,54,35,33,18,99,38,12,26,27,91,66,86,89,87,75,81,73,58,90,38,31,39,71,29,27,3,49,18,49,3,2,79,64,94,1,89,11,70,40,47
71,96,89,57,93,25,73,14,29,97,69,58,98,61,31,17,88,86,72,32,91,76,33,54,30,69,39,18,40,40,46,76,91,44,2,29,81,66,73,88,41,14,52,8,31,80,90,93,41,41,85,43,67,33,39,78,70,55,52,92,95,72,34,79,4,44,11,45,53,4,17,0,72,95,33,36,23,29,4,32,96,12,96,21,31,46,45,70,66,28,47,11,89,95,28,77,30,75,86,3
16,68,68,56,16,5,20,62,17,95,69,12,24,7,97,90,20,25,6,16,14,25,13,18,71,22,27,93,23,66,48,80,98,61,51,85,13,51,88,86,29,24,18,5,2,16,63,1,23,81,1,10,33,63,25,69,47,37,79,98,3,71,88,94,98,91,89,100,4,80,55,48,79,39,61,53,57,29,0,71,28,31,6,78,22,98,21,18,79,11,51,45,70,19,20,24,43,79,59,27
2,63,25,14,4,85,43,93,78,64,72,37,55,84,14,74,92,65,50,45,73,88,55,44,96,51,62,8,16,14,82,21,14,67,79,33,96,9,81,69,11,88,91,85,38,37,60,98,50,90,55,20,98,21,60,45,62,36,28,93,63,97,93,54,44,70,16,49,55,84,13,33,67,36,44,31,7,66,83,68,26,49,82,0,59,17,99,11,6,96,43,22,79,47,72,47,17,1,0,31
42,56,85,81,3,66,37,34,67,22,73,12,8,42,81,65,27,22,39,30,95,51,52,35,16,29,30,29,100,95,96,6,4,97,20,56,40,47,20,11,51,15,4,84,22,48,2,25,81,40,91,31,35,62,81,79,46,97,84,24,58,42,61,58,70,82,62,96,49,69,56,44,5,23,35,8,76,60,37,14,58,61,11,10,4,41,18,46,52,11,71,40,18,5,12,54,42,58,6,28
43,90,93,33,3,84,93,84,5,30,13,21,69,89,68,84,59,37,88,59,6,17,68,45,43,2,80,30,19,75,13,23,13,21,32,88,35,25,17,17,72,46,56,54,59,77,65,23,85,66,16,83,50,91,52,78,84,60,1,0,60,43,7,48,95,45,77,63,53,32,89,47,66,2,58,99,10,5,30,54,76,99,13,92,1,99,29,74,92,74,88,49,7,40,50,43,79,31,94,22
80,38,96,12,82,7,9,72,24,43,8,4,69,70,91,38,17,65,92,23,38,84,38,82,34,18,55,45,48,16,97,70,45,22,67,66,35,12,40,61,58,57,97,0,59,94,84,89,8,13,33,20,5,65,30,47,63,83,0,60,38,75,52,89,5,31,78,29,52,56,49,43,72,52,63,47,70,70,84,55,28,47,4,38,93,31,8,33,86,100,45,18,53,76,32,94,88,88,75,62
54,59,73,66,36,5,66,51,91,57,66,25,77,7,70,24,98,58,61,88,33,45,48,4,16,5,57,89,46,87,56,95,55,79,66,3,39,81,37,1,89,61,61,91,58,33,14,70,67,63,97,50,67,87,61,20,67,69,70,60,1,72,92,88,46,95,83,22,65,7,21,98,95,20,22,30,41,89,79,8,53,88,88,54,39,30,60,32,97,1,24,1,65,3,62,10,80,13,18,78
43,82,69,82,9,87,4,65,17,3,23,62,69,13,93,5,52,24,82,87,99,54,26,83,79,24,33,61,60,82,90,17,69,63,98,21,7,50,25,55,58,94,33,40,0,38,45,81,74,27,81,47,64,47,7,48,10,82,16,32,92,0,16,4,32,67,34,37,37,34,41,7,71,27,78,88,45,62,13,96,55,92,30,9,53,50,59,88,86,92,35,18,88,49,71,2,74,39,81,69
10,55,33,66,14,8,74,96,95,49,76,35,72,83,93,63,19,19,50,51,36,94,5,88,81,63,41,8,45,97,16,47,90,57,3,95,100,86,39,20,58,78,23,5,65,80,63,87,33,57,15,40,82,94,80,32,66,31,90,94,19,36,79,21,24,7,35,21,58,88,89,45,33,48,30,100,3,67,84,60,95,3,39,54,66,38,30,14,3,99,14,21,47,58,84,29,37,36,46,67
87,58,82,70,85,95,13,53,9,32,60,76,49,99,14,32,27,13,89,51,99,3,76,60,43,54,71,90,76,29,21,13,51,46,60,80,10,6,0,99,3,57,14,11,88,12,92,1,38,79,31,55,54,99,67,7,79,76,61,80,9,33,51,38,75,65,62,66,10,11,57,70,99,30,15,66,17,32,25,53,24,58,35,26,79,32,6,83,4,89,8,58,15,26,20,68,65,46,62,4
11,7,23,58,64,55,0,47,51,89,0,48,85,36,30,38,83,7,26,27,13,73,8,19,26,25,14,53,33,82,4,76,6,53,10,95,28,26,64,10,98,69,92,95,43,3,56,42,99,42,45,50,48,55,54,32,40,0,17,88,76,17,1,85,51,71,12,10,98,66,1,8,45,34,15,70,6,35,86,11,38,81,91,48,90,23,92,7,78,21,46,20,48,82,48,30,11,33,1,56
88,40,16,94,91,38,81,1,5,80,5,29,78,33,41,96,95,30,11,46,52,35,24,44,6,74,87,47,93,28,97,63,16,29,65,27,60,46,19,22,26,4,34,48,47,28,52,85,37,23,7,12,56,26,7,97,61,80,67,39,1,3,25,66,73,80,50,8,58,73,34,17,6,87,88,36,55,73,72,95,6,26,64,74,78,26,28,25,22,23,47,20,81,93,8,36,30,16,63,67
71,24,13,85,93,2,35,79,77,2,94,11,80,6,4,92,74,72,60,63,4,31,98,93,59,83,87,52,60,89,29,72,5,88,11,17,98,63,64,28,57,76,16,43,4,23,71,65,74,7,48,44,1,27,33,16,85,10,84,22,93,65,0,57,65,10,70,92,99,29,37,54,81,38,45,84,26,54,32,2,44,98,77,20,0,6,80,12,34,87,6,42,52,47,50,77,60,31,62,64
44,20,77,2,23,17,34,65,24,50,18,51,86,5,57,76,57,39,46,66,76,97,86,51,9,78,35,93,89,60,34,52,82,18,1,7,15,72,74,4,90,40,68,90,10,33,23,49,81,50,69,74,18,46,12,3,63,31,4,60,97,9,78,2,81,65,72,89,27,18,57,74,100,25,43,20,43,90,92,56,43,0,71,77,39,14,71,100,46,99,75,75,84,83,24,34,93,46,73,24
86,64,14,55,66,25,100,4,73,17,58,50,30,64,81,27,40,2,49,46,81,83,1,27,83,27,14,37,8,34,79,93,36,45,23,74,54,72,57,18,36,41,9,9,69,15,15,35,93,92,60,34,94,88,47,25,97,22,30,3,76,63,40,85,51,88,16,69,90,6,73,50,39,96,83,5,100,40,71,11,16,36,5,69,71,70,25,78,25,100,32,49,48,8,5,74,70,27,69,23
91,46,23,23,49,65,35,43,11,73,51,75,66,61,98,40,76,84,84,46,29,79,21,33,49,87,58,73,36,78,20,95,13,86,83,48,70,54,64,79,46,18,24,94,16,30,14,55,26,34,42,25,44,69,46,56,23,3,25,66,92,3,95,62,78,33,43,22,11,53,70,42,18,14,39,77,84,30,15,16,51,55,99,33,24,60,92,27,95,71,52,33,89,19,46,33,51,54,40,71
45,50,62,40,41,53,34,19,81,76,16,10,100,72,78,54,45,40,46,84,88,29,43,32,91,85,47,98,79,85,90,65,36,34,94,10,41,74,85,63,80,35,18,45,59,75,31,29,7,74,53,15,50,48,7,51,2,99,75,48,64,24,44,4,54,61,88,27,95,25,90,1,20,91,70,11,92,12,16,88,38,20,33,55,74,46,66,65,1,9,42,58,91,13,19,23,76,11,51,79
78,82,18,8,87,83,70,65,67,11,37,48,47,80,40,96,52,60,41,76,69,41,29,23,88,42,63,32,94,76,52,62,20,11,58,45,82,31,54,87,76,72,83,84,85,65,35,13,34,33,19,13,98,85,44,18,58,61,23,75,20,21,18,53,64,89,80,92,42,25,23,38,29,35,63,80,0,83,10,91,21,55,46,30,7,76,30,71,15,6,13,98,3,75,81,89,77,48,3,50
67,26,91,20,66,64,53,23,95,7,46,92,51,47,17,45,31,23,2,95,75,28,32,13,35,91,92,34,80,84,90,79,47,4,77,38,62,73,66,32,1,52,75,7,59,96,97,45,69,22,40,64,23,58,23,72,73,39,65,66,15,13,37,40,20,37,62,80,9,91,0,82,62,67,98,2,14,37,63,46,39,38,87,36,6,79,43,10,61,7,65,75,18,87,60,3,23,56,66,20
98,60,22,63,22,15,22,93,98,9,84,29,40,75,14,18,2,35,68,75,56,3,17,27,46,17,64,57,42,99,2,90,27,55,68,45,22,58,28,1,10,83,2,9,60,26,36,97,70,99,30,68,56,93,84,80,9,69,2,26,4,1,41,62,74,52,29,29,68,44,14,65,28,73,3,36,81,1,87,61,97,19,48,1,30,0,47,3,45,22,53,62,32,54,25,35,3,63,90,36
21,21,58,93,52,43,3,23,67,54,79,17,49,38,11,70,41,39,71,40,90,15,82,55,50,35,100,27,98,45,34,45,47,83,85,9,2,27,62,37,5,93,31,71,29,61,19,62,51,17,3,91,25,53,71,73,60,27,91,98,63,24,4,48,39,23,26,2,89,51,35,26,77,13,84,23,14,18,54,11,28,2,94,64,23,95,49,11,70,10,5,20,74,82,28,86,9,67,93,95
12,29,5,49,14,52,85,92,64,71,89,10,49,27,32,22,80,43,44,92,39,37,22,73,87,84,37,8,70,79,91,66,22,3,2,12,98,31,43,96,30,50,14,42,0,3,46,72,37,85,14,0,75,97,71,76,93,100,70,45,16,98,31,24,45,40,12,12,13,23,59,49,77,78,13,97,60,62,80,46,54,100,47,86,82,14,55,25,45,23,91,31,69,22,62,94,94,31,79,11
15,13,41,78,30,84,50,50,94,33,64,31,74,50,43,78,98,16,77,27,74,37,98,48,29,6,77,11,60,100,69,12,33,71,74,45,26,59,39,8,19,89,47,93,49,62,78,84,38,51,97,27,50,71,8,13,49,73,40,39,99,8,54,55,84,70,39,49,13,88,90,75,70,72,55,14,81,0,39,56,21,67,46,6,69,52,41,44,73,57,79,74,38,41,25,2,48,31,49,97
49,53,38,1,48,9,71,29,56,83,59,55,24,42,82,78,18,96,65,83,77,52,92,36,59,60,60,30,11,54,95,83,7,47,58,40,13,73,29,41,26,41,67,12,50,25,38,100,79,90,77,54,19,84,9,39,9,54,43,38,81,32,90,81,86,56,35,46,66,22,23,59,77,62,34,41,45,99,87,16,14,99,93,34,36,73,77,9,16,98,71,25,52,3,96,88,26,84,78,17
41,41,47,78,77,26,62,96,55,44,95,80,37,23,85,83,10,34,68,3,66,82,79,94,35,72,19,54,74,59,15,66,89,4,65,89,52,56,72,77,48,52,22,20,44,43,24,1,31,97,35,45,78,75,92,67,14,31,64,20,51,49,24,69,92,28,24,12,69,67,68,93,36,86,65,16,70,13,3,1,3,14,22,6,99,41,29,91,21,89,25,4,46,97,31,75,78,79,72,46
68,70,34,86,30,2,30,26,65,32,16,31,11,82,28,56,100,73,7,70,95,2,44,95,26,97,67,96,78,86,40,55,50,2,22,68,22,49,34,43,91,31,7,39,27,70,6,11,75,92,28,4,11,97,55,26,18,74,90,40,76,78,93,11,20,91,65,81,20,86,49,52,57,55,93,96,17,98,33,94,46,62,73,53,81,13,57,98,26,74,22,60,58,26,8,76,90,57,58,36
97,33,8,51,0,12,2,61,87,91,56,91,67,100,76,40,55,63,83,84,91,49,34,56,86,38,58,42,31,67,64,43,18,93,26,18,9,57,100,100,94,34,22,53,31,56,95,48,33,66,35,99,52,11,21,72,16,40,89,24,53,91,46,6,51,0,17,15,23,100,9,39,81,31,4,28,2,58,7,33,11,79,12,85,63,38,36,69,1,75,49,48,11,59,98,42,25,26,65,41
63,85,47,39,7,24,80,70,84,15,29,78,49,97,40,46,89,32,58,66,18,72,93,82,86,12,60,36,17,68,70,100,30,23,43,45,81,5,11,22,29,36,54,93,60,47,64,48,29,28,5,26,89,58,100,47,73,30,4,74,68,52,9,92,64,4,38,78,59,73,23,67,33,21,24,0,51,53,59,96,6,1,56,94,27,16,83,85,94,54,62,19,88,77,50,35,35,80,82,70
95,68,75,63,58,72,2,37,60,92,72,81,2,38,27,86,58,74,90,32,72,94,26,8,96,96,15,23,65,37,16,57,12,49,98,69,45,56,72,30,100,27,6,57,3,84,68,1,71,22,40,47,8,8,84,29,73,6,64,30,4,43,98,88,91,78,66,47,39,70,71,99,3,13,77,62,28,48,21,92,39,73,73,14,63,15,31,76,87,23,66,99,5,63,77,86,77,67,13,42
26,11,42,84,6,90,52,24,77,14,42,70,60,52,75,18,16,80,14,58,1,93,81,58,85,56,85,28,68,84,43,48,19,98,68,27,81,84,91,11,20,61,1,91,86,65,1,80,58,44,91,49,27,72,30,19,64,57,17,17,51,14,31,56,100,45,51,56,41,49,83,72,26,30,30,42,20,36,93,53,39,49,14,87,51,44,78,17,30,68,8,69,7,58,38,32,12,80,84,18
26,98,55,47,13,20,15,15,4,34,38,84,63,67,91,51,52,32,4,53,48,66,79,90,70,49,61,21,14,87,11,27,1,26,70,37,17,16,64,59,56,89,27,92,25,32,100,46,59,75,28,13,88,49,43,58,65,97,100,66,99,39,59,9,94,57,10,38,35,15,55,44,98,3,26,32,48,72,96,42,9,5,95,95,38,85,22,60,92,92,46,4,44,48,88,2,29,48,36,63
62,65,98,66,51,86,10,2,24,57,13,65,9,56,31,79,15,83,28,50,5,17,0,23,17,31,15,36,91,61,68,12,33,41,50,12,38,80,90,13,53,57,52,86,53,95,80,4,67,87,75,40,1,38,19,28,37,20,85,4,74,90,99,8,89,29,22,10,74,80,38,91,46,35,44,58,5,43,8,0,60,30,31,32,34,12,26,47,73,43,41,46,9,81,74,39,18,36,98,43
4,65,1,88,64,16,38,72,68,51,46,33,82,33,77,57,28,36,0,13,17,10,56,11,76,51,78,76,13,84,68,98,36,56,67,63,99,59,56,71,20,60,71,97,15,95,32,83,19,45,91,43,42,21,75,100,32,73,94,47,100,10,81,81,45,21,61,47,86,62,11,78,100,18,0,49,78,32,45,50,19,71,79,0,98,96,54,30,10,91,72,1,17,8,27,22,55,64,75,12
1,35,62,24,90,65,11,81,86,77,41,91,84,14,28,19,84,84,2,67,21,100,36,91,8,91,52,81,19,52,41,62,90,37,53,87,27,28,84,64,78,98,67,19,96,22,93,17,53,18,79,12,90,9,95,85,45,34,89,71,48,93,73,49,21,57,98,29,21,37,50,13,42,82,10,99,79,78,29,27,64,17,59,72,86,88,45,12,46,27,24,66,29,29,6,3,16,24,93,60
37,25,1,26,38,78,49,51,66,46,87,100,46,40,82,73,0,28,27,29,16,49,98,10,65,69,49,77,74,17,16,95,80,14,37,41,25,36,45,46,92,4,62,68,97,51,17,35,74,72,57,91,87,72,2,84,1,43,5,66,63,10,18,70,13,4,98,18,13,39,27,58,91,90,92,96,42,25,98,8,29,70,83,24,53,43,24,30,48,75,86,35,2,46,63,93,40,62,99,40