42,15,60,85,16,3,91,38,19,76,24,68,28,89,41,82,72,53,88,55,9,79,100,7,44,62,11,41,6,90,83,67,97,82,42,14,97,80,69,69,84,55,27,88,39,32,77,28,47,37,32,87,30,92,55,78,87,15,89,78,28,79,69,32,87,9,100,4,86,56,43,3,70,64,1,89,59,82,57,15,81,20,48,1,65,91,7,86,17,83,93,56,14,61,3,80,87,76,21,62
80,90,40,70,14,58,43,27,18,73,66,33,81,96,36,49,30,69,38,53,12,25,19,55,59,27,14,63,3,63,81,14,20,33,67,63,5,14,23,56,61,24,71,11,67,64,60,100,89,58,91,92,94,35,94,74,68,80,67,32,6,50,100,91,46,37,18,40,35,10,32,25,5,36,47,87,14,97,46,69,97,72,59,11,37,26,69,45,97,12,95,53,60,96,72,19,94,68,26,17
61,27,22,75,99,39,25,30,12,94,72,86,76,53,62,99,72,51,59,30,3,40,81,37,6,13,72,35,22,77,94,31,96,32,7,1,77,84,50,14,87,40,38,81,96,50,26,82,48,50,71,34,88,12,24,28,94,0,11,33,100,53,78,24,57,34,31,31,78,8,98,41,17,40,56,36,17,51,78,60,32,89,31,85,63,40,31,99,42,82,44,69,30,61,67,10,84,95,81,27
63,81,27,96,100,92,64,77,82,89,2,76,59,21,73,43,69,91,96,48,85,60,12,53,60,47,33,0,71,37,72,11,70,6,21,19,31,7,74,75,36,0,35,7,48,43,36,41,62,78,40,68,96,25,35,27,24,2,88,23,99,41,36,94,50,11,43,79,94,43,23,63,17,99,29,25,99,49,47,82,53,59,56,39,29,62,11,78,53,79,60,51,60,96,46,62,86,71,62,14
18,83,57,96,33,67,82,19,85,2,49,90,83,26,92,33,78,94,27,93,48,83,78,88,98,22,43,47,24,36,77,20,21,26,80,15,8,44,88,35,84,6,9,12,84,64,19,75,36,30,57,53,20,10,18,3,33,51,26,51,92,65,35,26,79,67,79,1,66,9,100,34,68,63,36,81,3,76,83,4,23,0,22,15,31,98,42,79,23,37,44,12,61,47,30,57,83,71,44,93
40,6,48,65,88,8,19,19,57,1,90,61,95,79,26,26,88,41,36,72,98,93,17,35,83,17,32,65,63,17,82,22,45,92,100,90,73,38,13,25,89,93,92,12,43,97,100,43,65,94,39,87,66,18,32,88,93,12,11,71,75,87,96,82,10,44,5,76,24,87,5,37,37,88,93,0,61,48,26,55,96,4,49,53,34,90,25,98,57,29,88,16,77,79,19,68,2,46,33,2
69,10,65,73,99,4,31,83,28,36,57,60,80,45,85,76,51,25,47,22,22,33,8,67,43,77,72,47,60,58,29,51,24,67,24,22,2,15,71,67,42,43,55,100,51,20,39,84,39,35,43,7,2,50,91,44,9,40,91,66,91,83,67,7,1,47,8,27,98,91,97,20,7,8,47,57,80,30,35,58,29,87,15,93,41,95,27,57,70,42,43,16,87,48,11,88,20,63,32,60
50,95,16,48,13,73,12,45,89,31,98,16,70,17,41,21,25,45,74,66,78,69,30,23,56,93,34,23,2,84,29,19,29,14,94,99,28,59,37,18,16,51,7,52,39,95,19,11,68,50,23,86,11,62,2,85,83,51,98,42,88,18,51,42,87,89,4,55,29,28,89,40,41,99,85,32,63,18,51,10,54,42,82,80,98,75,67,8,7,33,82,60,13,57,86,82,89,63,94,40
92,85,13,6,58,23,63,55,25,29,4,39,92,59,85,98,42,22,52,100,0,52,29,41,24,74,97,91,66,27,33,31,7,8,82,83,86,80,0,100,60,8,64,77,99,3,58,55,17,9,28,98,98,38,61,0,58,16,27,11,29,17,75,10,57,23,25,55,64,86,12,5,17,90,86,65,26,99,36,17,83,54,8,39,86,3,71,70,12,14,72,23,100,6,6,35,3,95,16,85
16,0,82,43,92,24,100,12,86,97,42,74,37,96,12,98,85,84,60,76,19,74,68,60,16,34,0,54,56,39,24,19,11,86,56,24,7,84,92,57,59,92,62,22,37,35,74,49,16,31,13,2,5,18,91,82,77,48,77,45,92,74,37,68,85,43,56,54,41,79,55,96,69,71,13,35,49,68,56,40,88,60,42,5,42,37,93,87,56,26,38,68,99,86,94,67,84,77,72,28
43,82,3,37,24,92,19,87,90,66,68,57,72,61,89,14,42,37,2,29,24,0,6,14,33,43,5,47,16,0,81,62,50,59,97,48,18,13,4,91,47,31,50,27,2,20,76,56,5,12,92,52,57,29,97,91,65,7,50,19,66,86,32,52,39,88,39,2,11,63,76,68,14,54,30,35,3,6,42,69,91,17,14,51,44,4,88,95,65,98,29,70,39,54,79,74,53,75,36,64
2,53,74,81,27,58,37,78,52,87,91,94,76,95,37,16,23,57,60,86,5,80,54,31,85,13,21,53,14,42,18,71,29,89,30,11,23,99,27,35,43,17,68,40,94,38,74,25,36,17,44,44,71,62,73,79,97,13,14,96,25,87,36,89,82,80,26,58,17,14,30,30,31,91,70,70,88,18,85,85,25,29,83,60,44,84,26,17,48,0,34,83,81,12,35,21,97,5,59,47
55,96,1,41,53,34,78,81,62,34,24,15,16,99,95,66,85,55,81,60,46,36,17,65,6,93,92,12,0,41,26,62,33,49,42,90,28,64,50,89,52,77,44,59,18,11,90,37,64,71,75,99,98,26,38,97,26,58,15,17,22,66,16,96,16,9,63,58,46,21,85,41,8,60,94,83,93,29,20,85,21,26,58,86,63,89,37,91,55,10,21,25,33,91,78,16,94,54,15,20
82,14,69,5,78,90,51,23,13,73,69,12,44,71,79,15,34,70,32,13,13,87,6,16,26,61,80,84,56,64,94,31,42,18,11,84,58,90,59,21,77,54,67,5,53,18,90,100,2,56,30,83,4,67,59,28,80,31,22,18,65,34,48,76,10,9,38,34,78,64,58,75,64,15,22,20,68,18,31,23,92,20,37,90,2,33,84,84,76,30,64,82,41,22,33,43,78,23,45,78
16,24,78,20,85,46,41,42,79,67,26,75,9,94,98,81,19,53,81,93,20,19,6,84,11,36,30,79,56,3,61,63,0,21,83,61,25,84,94,13,79,87,19,1,15,4,65,23,3,74,73,64,23,58,95,56,21,46,51,80,19,17,11,71,43,98,78,6,91,55,77,89,40,71,30,39,20,54,53,59,90,53,96,77,90,0,41,26,86,98,73,40,23,8,40,100,6,38,7,100
39,51,43,50,45,94,54,50,85,21,34,69,40,21,60,83,42,41,25,22,97,98,13,88,33,38,48,80,28,56,89,46,1,3,33,5,45,71,14,4,48,59,3,71,96,6,50,28,87,69,49,8,73,91,20,48,72,59,90,69,65,86,24,13,89,54,63,38,2,15,31,18,25,1,38,15,0,9,62,3,30,28,39,22,76,63,88,89,27,92,82,38,18,44,49,86,61,8,10,66
94,46,41,0,3,10,66,5,11,67,46,96,73,15,32,28,100,51,51,68,87,99,74,65,56,24,51,43,84,94,53,87,0,62,18,0,73,18,20,8,47,43,25,82,73,13,83,77,47,93,89,87,82,9,36,1,29,29,45,59,63,71,63,44,85,54,39,39,83,81,79,32,87,52,76,61,83,43,4,72,93,94,43,90,74,86,95,39,35,92,33,48,5,19,20,56,56,35,97,74
36,72,17,95,0,78,91,76,91,23,2,91,94,96,13,70,1,56,32,66,87,52,42,12,59,47,94,26,39,2,70,21,57,80,70,33,48,4,2,32,78,72,62,52,19,16,14,46,48,91,19,54,15,1,76,63,63,97,74,37,82,58,14,51,49,96,70,18,12,93,77,25,72,40,63,68,35,90,81,38,36,35,82,60,18,78,60,14,90,81,19,31,32,8,82,33,65,32,83,37
11,66,48,92,37,10,74,83,17,24,85,18,37,46,46,62,74,76,77,86,57,22,81,50,89,33,96,34,62,98,48,41,76,97,17,42,90,10,35,69,6,0,85,13,4,12,76,10,0,44,28,62,74,80,39,7,35,95,58,5,55,57,58,68,38,93,30,13,64,88,17,70,44,64,47,96,18,91,34,16,70,35,90,91,43,87,0,18,38,84,64,35,58,16,84,58,4,35,11,90
26,45,97,2,32,73,1,64,46,19,74,73,48,42,10,95,63,2,82,16,45,82,37,26,6,21,98,37,53,77,61,44,20,42,46,11,77,74,99,91,85,93,22,32,43,92,20,33,29,59,29,54,9,81,87,4,32,92,68,89,98,66,40,96,21,54,21,53,91,23,69,22,51,48,6,26,38,51,11,27,7,88,53,96,69,55,47,6,87,22,91,49,76,30,81,99,54,70,18,72
49,8,91,19,4,11,34,87,19,17,11,86,97,93,34,33,71,34,60,42,92,75,96,4,68,4,46,95,34,26,63,2,93,9,28,71,53,16,81,9,51,41,18,51,52,92,63,46,42,9,76,64,14,77,2,57,2,96,98,64,97,98,60,86,30,7,81,77,3,39,98,77,20,77,10,66,47,35,8,14,76,45,36,11,22,93,80,70,84,74,34,69,30,75,60,73,92,5,37,85
40,59,96,22,96,24,30,31,59,80,23,38,92,51,45,56,74,33,42,11,69,46,53,10,54,11,19,1,40,13,65,23,44,30,68,74,88,17,0,6,51,0,95,18,37,77,78,44,49,60,86,85,62,61,20,58,34,25,82,62,65,34,32,34,17,91,82,67,65,86,92,90,44,97,76,52,55,12,38,41,100,49,92,54,17,89,89,53,62,13,76,75,44,60,40,27,24,36,75,57
38,7,58,72,100,94,22,71,44,63,93,34,40,73,93,31,100,9,33,64,27,61,54,23,34,100,54,22,23,8,43,93,36,38,23,14,43,8,3,78,53,64,53,87,85,71,59,69,47,78,6,35,100,75,56,90,99,8,68,78,0,96,73,13,80,80,0,21,75,50,26,73,50,51,45,38,66,4,87,83,80,13,45,94,40,56,0,69,1,45,66,30,70,58,32,19,67,85,95,98
57,69,78,21,0,78,83,39,44,47,89,45,65,80,30,26,85,2,54,95,21,4,87,59,85,18,49,24,29,20,76,68,81,10,39,27,67,28,91,96,40,47,81,84,43,18,80,6,63,77,56,2,44,100,78,56,51,39,51,79,96,40,96,84,53,92,92,77,38,91,76,22,86,95,62,52,47,55,73,14,98,92,97,58,8,34,59,54,27,66,7,75,98,31,35,6,65,46,35,24
58,95,46,66,82,57,90,38,43,82,26,6,43,33,46,83,24,48,85,9,37,62,69,84,87,32,17,95,34,88,82,81,26,57,48,57,88,90,44,11,20,60,59,13,45,0,69,54,92,12,1,48,17,47,39,35,71,13,20,99,16,17,36,45,6,29,38,17,86,60,73,17,2,56,61,95,46,76,23,19,20,87,50,45,52,8,32,69,2,61,43,39,49,55,96,34,89,54,24,5
89,48,7,94,28,24,51,20,99,70,66,24,44,13,23,92,69,100,40,96,95,52,97,7,25,90,100,31,19,3,70,78,55,61,69,0,38,75,0,49,58,53,43,30,20,43,89,79,20,2,53,34,8,18,74,92,8,86,56,53,79,90,40,61,61,9,10,4,29,61,84,44,9,25,66,3,21,39,21,30,0,62,21,45,38,13,36,0,83,92,40,12,54,89,79,10,1,74,57,16
23,65,97,28,23,33,35,83,28,12,59,27,13,48,73,85,64,5,88,62,49,30,9,0,57,21,23,29,82,33,39,26,34,69,52,98,67,100,19,93,90,100,8,64,11,38,16,6,63,32,50,34,20,80,3,26,15,89,54,38,85,79,51,31,7,99,41,91,65,81,99,43,51,88,60,99,24,87,27,9,71,13,2,93,81,34,93,72,100,76,76,54,14,9,63,39,80,31,97,70
46,24,35,38,80,2,60,2,84,77,97,32,18,2,16,27,2,91,12,5,8,38,27,65,90,32,86,93,55,59,97,1,38,40,68,64,51,90,55,37,17,43,50,41,83,67,20,55,93,46,13,3,96,52,66,85,83,54,73,83,79,73,29,37,40,8,37,36,86,78,9,88,75,26,3,73,44,4,8,28,87,10,88,88,21,52,64,99,44,11,78,29,88,14,36,52,10,76,74,39
6,62,48,36,79,83,50,57,100,79,55,58,55,94,63,38,7,85,82,43,33,65,2,77,18,32,46,71,12,72,100,56,18,58,64,30,80,36,62,67,36,75,30,92,67,47,99,98,61,65,91,9,98,86,62,85,28,36,29,100,21,65,16,45,57,46,76,37,100,8,40,89,20,80,90,49,24,87,44,51,61,54,12,16,54,95,2,51,14,57,89,67,29,68,87,88,51,80,45,24
30,1,15,43,73,72,59,4,37,43,13,47,45,31,89,48,22,26,95,4,24,51,47,86,75,44,19,68,87,42,72,45,65,77,42,37,58,6,17,44,27,25,57,92,19,73,88,76,9,86,69,41,54,78,1,18,18,96,25,57,62,61,11,9,95,55,55,95,68,59,22,28,5,85,100,64,38,19,96,33,90,78,36,54,37,95,15,71,8,70,32,45,76,63,3,47,93,64,81,34
64,78,70,46,74,48,5,87,21,56,98,39,95,71,10,6,15,96,83,17,71,46,67,34,39,33,61,42,56,15,81,26,90,67,94,5,94,100,45,43,47,29,97,91,1,54,13,57,88,46,56,48,59,39,11,43,79,9,39,61,37,84,55,57,38,13,30,60,74,99,14,45,52,25,23,83,15,94,43,26,85,39,86,32,40,56,36,66,90,91,62,96,93,22,92,7,93,96,77,89
11,11,21,17,29,47,54,76,50,66,58,73,12,46,89,3,24,42,93,63,100,69,62,6,40,41,14,92,76,32,64,100,100,89,64,19,73,69,97,67,51,79,51,14,66,86,74,100,64,25,92,80,50,41,44,78,67,27,7,8,42,88,44,77,52,99,17,2,94,22,59,10,23,81,48,79,10,32,57,75,57,58,75,69,15,69,6,95,93,52,96,16,44,59,56,71,98,94,50,91
20,55,6,74,81,11,34,7,80,83,81,99,33,40,60,88,37,6,9,35,18,22,31,69,45,94,53,87,9,82,70,94,5,10,100,13,39,2,48,50,9,72,69,92,8,99,22,88,31,16,73,3,10,35,49,89,35,11,92,67,93,58,74,32,8,9,0,13,32,68,11,62,61,97,21,64,20,89,95,83,35,66,63,32,8,18,81,5,81,22,77,72,82,48,68,73,70,97,17,41
100,84,46,21,8,7,51,49,59,96,36,11,100,59,52,37,8,27,66,16,53,7,17,6,68,95,77,23,92,8,20,83,22,18,74,84,28,100,51,24,58,93,52,93,58,6,14,31,49,81,75,79,41,75,25,35,40,68,64,17,40,88,6,66,47,9,39,82,87,88,55,0,72,38,93,32,77,20,73,93,41,31,75,33,82,71,54,53,75,55,45,89,0,29,84,66,72,87,20,3
77,40,57,38,83,18,51,99,96,76,49,62,80,88,89,61,29,26,8,77,35,5,1,86,47,44,43,78,39,59,85,75,99,97,11,97,65,62,84,34,57,0,69,0,98,4,2,36,13,46,86,56,70,52,7,88,78,86,33,64,48,99,14,13,22,42,96,93,41,85,82,51,28,58,99,97,41,27,10,77,41,68,54,10,78,77,60,87,73,27,22,31,41,56,16,24,26,54,92,43
94,30,3,98,55,24,17,76,1,54,96,1,24,83,59,20,14,73,59,72,21,53,5,73,73,82,87,64,25,92,88,59,23,74,80,19,69,29,36,94,92,85,38,70,45,69,28,54,56,51,73,35,3,17,27,64,71,93,55,53,70,74,28,47,1,98,76,82,15,48,27,20,74,46,52,24,89,1,74,35,85,47,26,63,31,24,80,78,21,9,25,25,26,77,40,20,12,69,64,25
91,47,95,34,75,99,90,25,72,59,15,81,26,6,93,24,83,90,57,0,64,52,42,99,73,12,78,20,94,4,80,4,100,8,26,57,83,65,58,63,8,52,93,57,24,15,80,1,32,62,19,90,12,57,22,68,96,76,20,76,11,97,9,98,46,41,15,66,84,70,2,9,6,87,59,25,97,13,85,84,29,20,85,75,90,56,32,63,79,60,81,41,51,67,95,90,19,26,91,3
57,30,33,39,55,45,59,73,5,86,10,29,24,77,60,57,75,28,14,62,39,46,99,48,10,6,41,87,91,63,87,73,92,65,69,69,20,90,16,97,32,9,27,90,93,67,0,27,1,53,68,85,61,21,88,82,26,43,28,33,61,96,82,0,9,52,84,83,62,93,62,42,76,18,98,8,6,31,27,38,31,34,48,26,54,54,80,34,30,81,51,5,15,80,6,2,16,15,14,93
33,10,95,4,55,78,49,77,49,11,81,38,60,59,38,49,47,90,93,38,69,92,16,85,21,63,7,52,12,42,92,37,70,58,54,55,88,39,96,80,61,88,95,24,62,29,14,91,25,4,92,48,95,34,67,35,97,6,97,19,11,47,81,8,80,3,14,38,29,2,29,66,75,55,11,59,35,45,26,26,73,47,48,34,3,44,87,1,15,25,87,19,59,96,47,25,75,95,35,74
22,45,3,1,76,76,75,92,13,78,14,61,58,24,10,58,61,76,25,12,36,74,52,29,87,65,100,87,0,36,94,12,50,63,53,52,12,62,28,58,32,33,58,52,99,94,81,61,0,57,79,49,55,41,46,29,98,53,19,90,21,83,96,25,25,4,31,16,13,57,63,2,29,75,41,34,14,9,40,52,20,26,35,56,100,29,15,10,4,57,60,34,0,60,21,82,41,46,83,55
79,97,48,91,74,78,20,54,91,94,9,97,51,14,21,92,62,45,30,25,41,5,24,65,38,22,3,24,50,88,22,66,73,60,60,24,7,82,56,62,83,41,75,0,85,23,11,97,36,91,60,12,60,10,81,33,92,6,98,86,34,88,4,82,21,36,7,61,88,64,26,7,61,23,63,55,54,50,6,32,78,75,80,27,39,44,52,80,6,82,31,0,14,10,13,9,69,23,31,17
17,61,20,40,83,1,47,58,46,26,81,27,86,48,16,28,3,90,100,46,33,56,53,74,81,44,58,3,16,47,76,99,18,49,98,44,36,55,36,14,45,29,16,98,77,81,94,68,65,32,87,86,91,69,52,4,15,87,76,26,83,84,100,90,100,53,12,19,84,97,68,86,69,14,17,60,40,5,69,15,2,19,77,89,6,37,19,24,82,81,4,53,44,33,32,57,10,74,74,59
63,87,7,94,47,50,7,15,2,70,48,44,51,49,67,16,71,24,50,55,6,32,1,79,36,71,45,73,25,92,72,63,5,88,2,14,99,32,23,2,9,58,44,63,16,23,15,15,78,2,47,77,57,15,3,89,50,80,11,42,12,41,33,13,6,34,4,55,41,82,89,78,65,14,96,11,74,58,81,53,74,35,41,54,58,15,49,51,82,97,42,25,85,46,83,78,80,40,4,24
35,79,49,45,85,21,43,9,40,97,3,24,33,60,27,12,62,83,55,49,94,60,74,58,22,32,23,14,65,93,34,35,60,76,2,58,21,15,17,100,92,96,96,44,97,7,1,2,15,25,35,15,59,7,22,7,87,79,88,56,58,86,52,97,6,57,52,37,29,59,47,18,88,7,29,73,56,13,82,18,57,45,3,76,27,5,22,29,22,65,85,43,3,17,73,19,39,56,27,15
1,75,74,37,12,85,78,82,72,18,54,22,67,24,37,38,38,1,94,1,89,31,73,24,73,42,57,69,18,83,27,94,38,28,50,80,65,78,26,75,10,43,95,52,26,33,12,84,55,98,15,34,49,51,22,71,42,3,43,81,56,37,96,71,71,46,97,34,34,43,72,38,31,43,38,98,48,79,49,42,22,68,37,61,51,53,32,96,96,65,56,75,43,25,15,71,52,52,47,8
34,56,12,88,41,36,12,22,66,44,89,47,3,50,97,22,93,27,66,39,14,94,31,50,18,31,67,9,52,53,70,55,33,36,84,15,24,43,54,56,20,48,3,50,58,100,96,66,89,32,76,42,15,40,90,30,23,68,15,0,29,32,9,48,38,33,61,44,8,83,62,86,49,90,66,25,56,81,0,8,46,63,24,57,67,23,59,32,77,43,59,36,43,78,93,48,53,87,53,92
5,94,27,96,54,14,21,24,14,10,40,99,34,18,52,89,46,29,22,68,60,80,98,38,58,49,52,81,79,3,84,32,60,5,62,95,73,22,79,11,33,11,59,34,38,96,90,66,84,93,99,56,30,37,66,21,85,70,1,77,56,26,31,88,99,75,35,73,47,62,70,61,94,14,87,17,44,11,0,43,88,80,60,86,40,59,32,36,23,61,40,14,89,1,79,65,4,77,99,0
76,79,74,90,0,51,16,81,84,36,57,26,63,68,61,82,1,31,50,61,71,83,0,12,50,2,88,60,33,99,75,2,51,70,89,53,67,28,21,20,62,78,44,40,4,25,17,29,73,33,6,43,71,84,61,86,66,58,60,19,57,87,48,49,78,44,78,53,100,80,2,82,10,77,23,70,29,12,59,19,80,74,16,1,12,21,56,95,40,26,64,91,29,21,71,68,79,79,0,95
49,14,6,61,37,2,61,31,19,70,8,75,52,46,53,77,59,93,34,35,46,35,13,9,17,74,14,87,36,8,94,11,96,44,55,44,53,67,59,90,4,44,98,30,4,79,62,0,96,95,84,31,53,72,61,99,23,90,26,37,82,87,13,73,83,56,57,94,34,82,21,51,51,25,37,49,74,99,24,73,49,53,33,97,49,54,21,91,68,51,9,0,30,46,13,29,81,87,63,63
31,70,65,90,34,11,63,94,55,84,91,83,30,42,48,84,95,30,53,14,54,100,2,98,34,9,45,16,8,96,78,89,41,31,58,22,12,64,45,11,45,0,47,83,93,15,1,75,100,69,4,23,44,8,58,65,33,21,20,88,29,24,0,78,18,19,61,1,67,7,53,94,83,29,45,74,67,34,84,75,87,2,58,39,24,59,55,3,98,34,0,100,45,43,99,69,56,19,95,51
44,99,97,65,60,50,41,87,13,23,76,10,36,48,17,37,75,37,33,14,22,29,1,28,72,32,94,90,59,3,58,48,59,49,28,78,32,22,5,7,63,7,74,20,34,60,5,72,91,19,64,87,88,89,81,54,80,19,79,12,14,96,64,3,13,55,51,24,7,13,36,52,56,5,11,51,43,42,14,75,97,70,58,12,60,1,39,38,36,80,9,9,16,21,54,22,61,37,2,27
5,16,99,73,36,17,79,25,11,49,31,51,80,57,85,27,10,71,19,28,81,25,99,13,53,77,25,68,6,54,86,16,18,89,29,69,32,23,86,97,74,30,31,100,84,34,51,95,57,88,71,69,52,75,64,21,88,12,22,7,80,50,32,27,35,57,29,26,81,66,99,14,64,72,17,56,4,2,80,42,88,42,92,66,31,28,75,10,87,55,88,72,41,66,38,99,99,46,76,93
4,33,62,80,30,74,96,97,91,27,90,4,17,72,28,82,30,15,78,13,48,65,97,11,55,53,25,38,93,62,10,38,93,74,69,78,23,91,96,93,89,56,52,10,56,1,40,47,66,25,42,47,78,47,93,61,36,81,77,52,18,75,90,8,1,16,32,93,26,29,54,100,30,7,29,22,100,50,64,36,30,43,26,10,68,38,33,15,72,94,93,26,26,25,39,36,6,66,31,8
62,36,78,88,43,29,74,84,2,26,76,24,19,52,53,15,64,65,75,57,64,49,33,57,36,99,91,14,73,74,46,52,17,81,77,52,14,65,8,45,68,5,58,54,44,31,27,47,96,94,54,42,17,97,22,23,29,10,84,81,49,74,100,25,82,67,19,41,63,12,69,85,59,0,36,81,75,38,19,80,84,45,11,6,63,52,94,53,29,66,34,15,76,35,39,21,53,25,96,52
9,79,45,83,21,92,69,46,39,69,65,53,36,22,62,69,45,70,100,42,11,85,69,37,30,25,20,88,21,4,56,74,75,74,95,5,66,85,37,65,36,74,44,18,76,20,65,24,8,27,81,2,21,70,22,98,61,10,63,67,83,59,93,85,17,16,30,28,31,35,18,67,32,52,34,44,97,17,18,53,38,20,95,16,61,18,81,22,66,70,91,18,12,48,44,2,68,49,55,60
66,77,20,66,12,36,29,94,83,51,25,73,24,22,35,95,16,68,73,44,38,28,25,93,14,48,21,38,88,69,9,98,43,30,37,87,4,83,30,74,28,43,91,69,74,19,6,34,78,21,23,60,86,75,55,59,71,29,60,100,14,62,57,4,30,43,5,0,98,88,63,41,96,56,37,25,54,86,34,49,20,87,19,0,82,82,4,5,94,87,34,80,53,2,63,71,39,55,93,74
13,66,32,50,46,50,7,3,81,10,39,90,28,82,53,17,73,25,2,56,23,55,59,86,11,44,98,29,40,76,79,22,88,25,22,20,27,94,10,9,96,2,34,97,54,85,71,72,87,34,56,7,38,66,5,95,30,19,77,84,0,79,67,26,55,29,91,98,46,83,3,54,81,97,71,50,75,78,44,63,79,75,91,45,79,45,73,2,68,83,73,10,26,83,44,68,9,97,80,79
51,80,1,96,76,88,21,37,90,92,73,6,63,73,70,21,1,49,10,0,33,13,27,4,99,4,36,26,58,18,4,57,27,93,73,6,62,99,20,52,34,42,19,86,24,75,21,94,19,85,63,15,15,25,90,22,42,16,83,30,12,84,35,1,78,87,36,48,44,39,64,24,12,47,63,5,73,11,2,65,37,14,4,26,81,93,85,15,26,68,14,33,20,33,26,33,11,34,66,27
46,21,14,98,91,51,69,6,76,49,44,21,75,44,10,41,3,62,100,47,81,91,90,28,73,3,66,20,94,25,54,7,43,17,28,64,21,35,29,25,27,89,23,52,0,42,13,94,21,59,54,94,63,38,46,24,80,78,94,64,5,62,50,87,82,37,40,80,4,47,62,11,50,35,80,71,23,68,67,4,94,79,78,45,51,86,97,87,58,53,37,17,52,46,45,8,71,51,65,15
5,27,20,20,48,47,56,87,64,12,27,54,31,66,36,70,51,95,35,44,22,15,2,69,62,12,68,96,41,59,16,57,34,43,11,54,10,85,95,60,96,4,20,22,58,54,61,85,66,42,18,22,25,76,97,74,17,35,14,42,64,85,23,68,45,44,27,32,64,62,70,24,29,21,13,14,16,92,46,67,13,25,27,11,97,66,34,17,96,77,95,58,29,66,59,81,93,38,25,13
79,42,64,65,36,4,3,60,6,72,57,75,17,68,27,7,27,98,30,97,69,51,96,100,40,62,67,3,24,67,33,87,42,23,86,97,74,68,89,88,5,18,6,44,23,41,78,32,42,99,48,75,59,49,10,65,45,27,7,19,6,84,45,30,85,38,30,5,91,95,1,51,32,55,34,24,55,3,20,88,7,60,38,42,100,54,10,18,74,100,64,94,32,13,96,74,84,13,23,75
27,89,76,84,26,62,44,13,27,43,98,25,52,53,57,65,96,97,58,49,44,95,19,83,19,74,55,55,10,87,47,32,28,98,75,75,25,100,68,95,93,57,96,23,53,38,40,59,59,18,81,52,70,68,92,67,58,56,42,43,77,82,88,67,61,66,60,82,94,17,73,9,14,18,38,73,29,82,99,55,30,73,54,25,74,96,67,87,28,32,53,66,94,29,68,10,25,52,79,39
40,61,45,29,26,21,61,100,21,85,97,86,59,83,81,40,39,100,61,53,65,61,65,4,10,54,57,77,69,70,73,63,74,46,6,87,79,96,80,24,64,97,46,59,73,99,28,49,41,21,5,79,4,18,28,35,13,24,34,83,62,83,64,41,59,84,67,11,61,3,13,96,36,45,77,77,49,91,88,68,70,27,74,35,66,55,20,15,51,72,49,75,79,19,51,48,68,74,77,87
31,62,1,16,100,76,45,51,77,40,3,47,12,26,60,5,33,62,73,65,19,36,72,70,94,83,18,63,78,25,17,94,72,94,51,46,43,69,75,4,93,25,20,52,96,93,5,64,42,30,11,17,35,84,76,86,13,56,32,23,78,88,55,35,63,81,12,95,52,87,43,43,70,9,90,23,18,33,32,64,92,93,15,92,86,38,81,88,87,69,40,87,63,79,12,73,1,83,71,96
48,9,19,24,33,45,80,99,46,33,15,68,20,35,18,40,83,15,53,34,39,41,94,0,86,16,86,93,79,19,74,31,80,39,90,54,24,13,41,41,17,71,46,73,60,5,86,5,2,33,18,40,96,56,23,6,47,39,10,70,7,84,55,11,48,86,60,56,50,19,36,60,27,13,28,69,7,32,14,89,93,66,15,61,92,71,81,66,31,94,71,17,67,25,27,32,59,49,85,11
49,64,20,40,92,1,52,18,82,38,84,52,80,37,62,16,9,62,60,56,11,44,74,1,76,70,27,51,36,33,86,71,67,74,35,97,79,42,39,12,21,32,40,66,32,31,60,3,21,59,54,43,73,69,18,76,16,98,62,59,35,24,89,61,14,33,8,48,31,86,61,59,66,48,12,88,88,61,93,72,60,5,54,84,22,42,32,16,47,79,52,88,42,1,97,48,30,23,33,83
58,12,57,75,98,95,100,47,21,56,21,92,50,72,84,93,21,30,13,64,21,9,67,44,0,53,29,53,46,31,64,29,15,93,81,27,11,83,27,5,35,85,23,77,0,97,54,75,76,40,25,84,75,41,24,25,2,33,90,52,26,59,41,64,63,59,19,52,3,1,71,16,5,79,3,70,75,53,62,24,7,84,19,76,57,8,24,34,78,65,17,67,15,97,81,22,66,58,93,79
0,66,78,27,99,0,90,26,15,61,32,25,62,20,51,34,36,60,56,9,9,26,89,76,19,65,95,80,81,43,1,73,71,33,8,30,37,95,0,97,13,53,25,59,82,90,36,28,66,69,60,77,74,1,82,98,77,67,31,24,22,30,95,63,38,44,80,16,27,29,73,56,30,49,37,42,81,80,34,11,67,92,12,24,90,81,67,15,91,2,96,79,72,2,55,77,21,43,7,66
40,90,62,62,78,17,77,41,26,52,10,20,69,59,70,7,88,96,91,9,65,96,4,96,10,85,73,31,14,85,33,25,1,85,81,81,85,58,67,39,11,54,30,57,67,72,10,13,12,82,10,65,72,86,94,100,50,34,16,45,81,78,12,59,34,42,76,78,34,19,95,85,66,63,61,87,17,33,92,43,17,72,55,7,99,48,49,37,51,27,25,70,5,20,14,98,29,64,61,43
68,61,25,81,36,30,51,12,67,8,88,83,18,68,46,10,7,94,86,96,88,33,55,30,66,23,7,27,59,56,18,72,87,0,77,71,97,89,18,40,81,41,69,89,40,54,19,42,95,97,29,65,43,70,66,95,10,15,85,28,55,91,88,46,58,45,68,6,57,52,12,54,69,50,53,67,19,26,89,68,78,8,15,38,49,77,65,83,57,31,57,46,30,4,26,69,71,22,65,29
73,48,88,46,21,4,55,61,78,88,40,25,69,0,87,21,4,27,92,10,63,10,2,20,73,82,9,2,10,94,59,88,3,87,44,67,14,81,44,42,75,37,41,61,41,26,48,45,31,14,50,23,7,75,61,20,73,100,85,11,100,5,59,22,3,63,76,24,46,97,92,92,31,39,55,65,74,88,34,50,42,76,83,97,76,24,75,73,7,46,87,23,45,28,72,10,44,50,26,11
19,29,46,74,34,44,94,80,57,26,89,91,86,79,73,2,22,74,95,85,29,73,57,44,1,86,29,20,0,53,74,19,45,29,45,75,39,40,48,60,21,21,1,25,95,75,52,99,61,93,21,65,25,60,36,95,74,57,64,17,15,92,16,72,80,34,4,75,8,71,63,18,44,87,96,1,77,90,8,10,73,76,94,91,0,60,92,38,6,77,69,32,12,27,26,37,89,63,89,30
23,51,48,16,31,55,99,95,30,65,90,29,76,32,69,20,19,24,66,52,41,35,63,87,85,51,55,10,54,2,44,45,72,13,73,73,48,86,44,30,5,97,67,61,14,1,59,95,48,69,46,59,5,71,17,63,96,93,62,8,13,17,23,0,49,65,49,19,27,58,12,85,1,42,5,29,80,72,52,74,55,98,10,55,71,51,51,26,0,71,9,62,36,94,43,84,58,6,69,49
84,21,4,14,72,62,2,21,12,55,61,62,46,12,47,27,6,17,93,37,13,50,63,45,96,81,3,15,56,92,43,52,42,19,94,40,40,11,24,6,50,62,34,80,68,82,66,54,92,83,4,74,7,32,94,88,0,2,19,56,62,73,4,68,38,64,38,23,38,34,2,12,86,93,34,88,97,7,13,77,93,15,9,74,54,93,33,68,38,81,82,91,43,38,27,24,37,42,31,56
88,7,81,80,39,83,84,24,76,4,85,57,63,68,13,7,94,74,86,52,22,65,15,100,91,99,43,3,0,5,85,95,5,49,8,7,10,37,78,53,53,0,67,29,99,64,91,11,75,54,19,69,27,92,14,81,99,5,79,64,48,50,62,60,79,51,41,82,22,6,43,62,61,69,21,67,30,59,6,15,90,33,5,10,44,50,45,79,90,10,4,26,55,71,32,4,32,91,41,1
69,94,89,48,47,70,36,72,50,24,90,25,99,78,4,28,70,49,87,43,32,65,41,28,72,11,1,51,32,32,34,84,95,50,97,89,70,24,75,31,82,58,87,95,6,97,42,80,68,50,78,65,46,48,83,96,23,78,41,70,29,45,56,86,85,6,74,59,72,35,59,63,50,79,80,39,30,14,60,47,31,96,23,35,93,97,73,56,84,3,77,33,84,43,99,2,100,81,64,8
78,87,67,88,90,27,6,13,67,45,12,79,1,17,3,46,68,70,57,24,14,100,74,82,0,62,70,17,80,83,25,15,48,10,49,2,83,1,46,14,36,18,54,9,78,56,93,49,69,69,78,63,77,86,2,58,96,84,72,24,72,4,64,17,30,65,74,78,12,75,30,93,9,25,5,66,75,88,91,0,39,95,9,0,61,82,39,40,83,76,29,30,26,72,53,99,46,96,30,57
39,43,4,1,53,1,28,59,73,20,48,67,72,57,40,96,68,6,4,17,31,21,18,67,99,65,92,11,74,18,59,79,53,28,99,48,1,16,22,25,3,88,19,42,51,88,53,46,75,31,48,73,52,88,0,52,80,90,23,48,56,66,90,40,90,39,40,77,4,25,8,3,83,33,2,26,55,83,36,64,97,35,34,21,83,13,9,55,65,48,51,58,10,75,11,63,82,45,81,96
52,8,66,39,84,91,82,87,53,38,13,45,55,4,65,12,97,5,8,68,89,1,58,71,92,54,87,86,58,23,86,29,30,43,24,63,74,70,9,68,94,46,89,40,59,74,39,81,31,58,2,1,66,7,12,37,80,56,97,12,55,82,3,50,37,13,84,92,50,20,85,42,99,44,82,1,48,6,32,75,54,64,25,76,36,37,71,58,97,10,31,37,42,27,5,71,15,49,57,92
82,18,98,57,88,3,72,50,21,64,84,66,69,79,81,32,40,92,16,26,40,55,76,44,99,9,70,93,42,84,12,71,62,19,18,96,65,51,16,92,43,67,80,58,91,96,95,60,39,27,68,69,72,36,100,14,0,7,66,25,14,80,87,1,6,64,46,46,29,38,74,29,27,59,44,12,29,89,8,62,29,11,86,42,13,82,17,46,62,3,2,38,10,32,66,44,0,32,100,43
40,78,90,48,87,27,72,84,44,17,26,64,51,100,15,27,13,24,54,21,29,87,43,99,50,79,83,12,55,88,0,48,54,46,16,17,51,62,87,78,96,62,50,97,56,97,42,67,58,40,94,59,67,64,61,17,7,20,16,53,96,81,62,63,47,99,97,33,74,37,82,87,65,87,80,95,74,47,82,2,92,30,50,32,56,77,33,46,28,47,94,87,74,91,94,36,76,40,28,41
14,12,36,3,16,54,57,85,55,66,82,32,31,7,28,5,74,14,77,2,56,89,46,32,45,81,9,96,78,88,16,51,91,53,46,38,55,54,84,31,64,23,3,16,70,18,3,2,77,40,30,4,2,22,40,34,66,3,86,66,21,68,40,45,91,31,28,12,86,48,82,32,68,89,8,77,58,14,64,68,37,69,34,100,5,37,6,6,63,13,45,92,94,49,25,13,61,64,23,75
45,1,41,93,4,86,24,64,70,99,99,35,54,49,89,60,9,75,56,2,93,15,0,13,35,51,75,61,56,16,25,54,65,28,35,71,12,59,23,47,54,83,68,34,38,69,12,52,22,17,13,64,73,37,52,9,51,62,45,30,19,22,58,63,54,33,49,0,15,83,12,96,50,8,1,27,12,83,65,59,41,37,61,10,94,51,56,36,47,24,29,10,53,100,58,77,49,42,70,72
11,25,89,12,88,26,36,38,72,42,31,7,64,0,34,7,93,42,66,59,51,52,46,14,83,46,31,57,81,41,51,10,17,53,67,11,9,53,67,93,91,66,11,56,39,15,34,90,100,6,78,76,57,96,23,54,44,20,24,55,71,26,13,86,37,95,97,23,90,31,96,27,21,38,66,62,17,72,84,18,1,56,31,36,92,57,46,18,63,61,56,20,87,75,27,57,59,67,49,8
100,7,76,6,92,92,18,21,4,89,91,46,56,80,51,20,0,71,73,88,69,27,81,50,3,1,41,38,42,65,91,28,17,93,15,8,22,4,81,89,81,73,23,34,16,32,59,49,29,72,52,52,57,3,61,67,85,16,78,64,38,82,23,5,0,22,12,23,97,66,7,3,35,97,29,46,70,59,29,81,29,67,40,59,92,28,73,12,23,69,74,4,80,54,4,0,71,57,52,38
6,79,92,23,97,52,44,79,53,76,42,85,8,61,44,86,38,37,89,61,75,94,44,11,18,36,17,66,74,76,66,74,0,92,13,40,15,15,62,97,0,73,6,47,23,10,31,69,51,21,24,64,52,19,33,14,21,89,13,87,66,50,100,69,78,77,71,50,86,39,63,92,57,89,97,49,43,92,81,37,15,73,95,26,44,32,53,77,56,73,27,63,79,29,27,41,25,87,98,37
11,4,14,25,24,17,1,27,86,70,42,51,80,42,97,59,24,67,99,90,82,100,36,32,48,87,63,80,90,64,39,39,21,76,24,40,52,8,5,15,35,25,90,22,27,70,78,100,51,48,48,74,68,68,100,61,60,41,82,41,2,87,23,73,63,29,79,7,11,82,31,38,45,91,23,33,51,46,45,63,88,58,22,12,67,27,23,90,39,97,48,54,41,85,57,41,84,40,71,60
93,36,87,41,91,59,52,41,92,94,55,5,24,74,85,91,43,61,36,95,70,84,74,34,50,84,17,7,50,14,20,26,59,60,7,67,10,1,59,96,3,69,31,60,48,91,54,62,37,82,64,64,22,44,27,46,87,65,40,62,95,28,79,85,92,9,61,76,34,32,79,19,82,43,11,79,21,36,26,49,18,14,23,15,20,20,75,16,11,91,82,6,30,9,55,25,70,26,53,66
15,30,60,98,69,16,86,19,62,64,93,72,58,73,78,33,47,91,63,5,23,45,91,82,16,66,91,58,23,92,30,91,31,67,78,97,27,87,48,36,44,58,23,67,89,37,48,27,63,28,99,29,65,28,23,23,9,12,98,20,40,30,29,92,30,94,10,11,11,98,8,81,40,34,7,29,6,20,98,98,67,86,44,70,11,35,59,83,78,20,24,2,7,90,50,9,11,100,8,43
31,14,92,68,67,55,33,78,91,32,38,80,90,50,77,89,40,94,2,22,15,22,20,12,93,80,79,33,29,63,5,34,96,65,75,35,8,92,95,35,89,6,93,27,50,48,6,28,8,27,33,39,78,91,21,61,31,10,74,54,4,13,7,29,68,4,70,93,31,22,37,46,17,91,35,51,8,11,91,53,99,10,33,26,47,90,36,6,40,62,21,71,34,63,22,65,42,71,58,4
77,29,36,53,39,87,13,90,43,33,0,49,87,85,1,10,95,9,80,21,61,33,11,41,48,28,37,26,4,4,41,93,97,74,3,17,92,11,69,1,97,49,100,91,25,100,27,82,59,60,55,9,43,67,59,8,18,5,50,72,9,24,16,20,11,21,38,83,67,91,36,82,73,91,99,74,76,42,73,37,85,37,13,86,2,14,43,15,98,36,6,33,17,69,45,87,34,47,9,18
86,1,82,50,44,98,50,46,74,68,72,34,18,28,61,24,72,78,84,98,74,1,55,92,72,62,59,70,28,97,14,5,3,63,50,18,64,53,100,69,73,42,21,4,47,67,40,34,88,51,48,43,1,23,57,52,100,69,79,77,82,94,50,56,2,30,9,0,29,45,99,57,17,68,73,98,91,18,89,85,71,11,52,26,62,45,96,89,20,50,100,32,37,47,100,23,77,4,94,32
51,38,48,39,95,57,75,81,82,99,85,41,57,62,69,89,34,89,20,82,6,87,44,66,48,46,83,67,16,45,14,53,44,60,35,22,2,41,16,11,66,1,78,91,34,8,19,68,20,12,96,71,88,86,65,16,29,61,67,14,96,90,84,46,10,52,24,97,6,12,53,94,75,58,83,2,85,65,35,25,66,3,52,40,51,28,39,2,46,40,86,27,81,11,96,86,100,50,11,3
23,44,93,18,92,24,25,98,65,8,14,41,17,17,19,12,93,56,33,72,76,0,75,61,26,50,46,37,8,93,18,32,60,10,83,54,96,58,38,66,69,75,1,59,44,48,91,99,24,43,61,35,66,99,95,72,74,44,34,62,6,7,53,84,70,17,89,48,76,82,13,5,55,93,32,39,12,8,67,96,3,66,81,48,35,96,91,67,83,82,7,44,28,53,54,57,37,75,38,8
56,1,10,40,27,27,4,87,95,43,8,62,52,90,1,52,40,52,87,33,73,5,57,75,78,91,54,92,25,10,84,100,40,93,43,27,7,100,69,96,2,38,0,100,70,79,0,30,31,10,71,32,45,46,77,5,82,33,46,82,66,70,25,26,88,16,14,23,38,94,23,33,26,50,15,3,44,34,38,33,66,98,8,69,28,46,28,31,42,8,11,45,32,1,95,28,24,41,90,87
96,18,47,63,56,70,87,36,59,85,83,97,85,1,92,69,54,7,42,84,30,84,48,13,87,2,76,56,74,19,8,14,20,13,9,66,31,46,26,49,95,80,77,98,3,10,51,66,81,67,98,9,9,12,60,83,9,82,28,78,59,2,1,3,82,94,5,4,38,49,41,95,8,28,53,15,78,24,67,12,61,50,79,31,62,88,58,29,8,53,72,19,91,66,42,37,74,11,83,91
85,15,37,4,67,40,1,26,92,16,96,35,82,75,4,71,76,86,7,40,3,16,57,98,28,61,81,11,79,9,14,5,94,100,96,33,47,73,98,32,65,40,47,99,90,28,79,67,22,99,95,12,79,53,37,0,21,23,70,83,75,91,97,43,97,91,23,67,25,74,3,67,61,95,15,75,97,72,32,12,87,64,0,19,21,84,90,44,50,83,29,36,10,44,50,55,63,26,74,71
24,87,96,63,44,94,30,35,60,2,54,43,56,91,91,82,70,30,49,27,35,20,29,21,65,7,92,94,99,60,30,22,15,48,99,57,48,34,85,9,3,89,59,0,19,94,65,71,33,64,48,45,44,42,61,18,68,22,19,71,47,71,53,48,36,61,80,70,33,71,35,75,44,22,29,94,59,65,45,51,95,27,2,96,60,31,1,100,90,76,51,25,66,1,68,41,84,61,89,41
95,5,80,62,58,18,36,44,12,22,13,95,44,15,31,33,87,8,99,77,45,41,28,26,14,86,65,22,51,43,4,33,50,70,50,91,23,97,90,64,12,85,55,67,96,48,100,41,94,70,7,61,96,79,8,31,29,48,41,12,55,95,6,50,78,16,45,51,50,47,14,65,62,73,76,88,22,94,6,54,61,29,26,24,17,95,45,85,66,14,34,19,11,99,16,64,38,96,7,2
44,45,68,91,5,47,23,3,96,27,39,2,34,0,96,93,67,46,64,29,45,96,59,16,62,34,20,21,44,20,85,83,36,30,14,74,13,87,39,42,5,52,69,15,62,21,75,44,71,62,89,96,75,96,98,69,35,67,77,25,16,14,22,56,8,73,6,22,7,94,63,49,41,5,66,30,5,11,53,57,56,66,28,73,91,26,9,87,60,1,91,68,92,84,66,6,81,9,27,3