2,58,4,39,86,72,38,0,31,56,1,18,88,73,94,61,100,99,57,42,27,33,48,77,50,41,18,12,3,18,37,47,29,35,13,38,0,2,1,6,73,12,55,18,43,99,91,88,10,47,26,63,72,68,66,33,19,96,90,35,52,27,56,9,7,4,35,69,9,89,99,54,46,84,44,50,2,38,81,6,53,34,18,18,63,42,84,10,18,80,13,92,79,88,0,9,22,12,18,96
75,75,81,52,31,22,57,42,48,49,62,42,26,91,46,16,25,15,63,3,23,6,14,28,69,26,72,37,94,48,17,13,98,10,17,63,70,88,45,65,33,68,19,96,69,11,10,100,5,14,12,35,4,68,75,41,24,19,43,97,7,16,19,79,5,35,10,79,28,67,49,25,86,46,89,19,77,8,51,47,97,57,14,49,79,78,14,81,84,34,86,95,74,78,33,67,64,13,99,24
74,36,74,98,12,22,73,89,91,75,95,86,83,56,68,87,16,1,99,39,86,49,79,16,15,64,68,11,22,61,94,78,12,95,94,45,30,23,56,0,11,7,29,13,94,84,81,54,0,43,80,54,36,96,90,82,41,24,70,3,31,96,65,42,98,4,21,47,0,42,89,81,80,12,26,18,23,38,88,2,1,76,19,29,21,77,9,17,60,21,57,37,69,13,28,83,54,100,91,92
44,47,84,29,78,37,6,84,41,5,19,14,10,74,93,86,70,95,86,13,52,98,50,46,41,58,44,55,21,80,80,62,67,5,33,84,28,39,44,65,78,43,2,97,13,78,84,41,77,42,22,86,27,63,19,21,77,22,73,81,91,71,71,73,38,10,35,47,42,35,61,40,13,58,26,47,37,21,99,79,31,6,80,2,54,29,78,62,75,66,99,11,94,21,81,60,5,45,74,61
47,76,45,78,62,1,72,60,13,19,37,32,13,52,93,62,56,7,89,66,99,49,80,96,26,58,26,76,48,75,78,85,21,78,9,18,91,2,42,71,8,91,91,57,46,80,58,13,26,85,6,53,0,71,81,1,36,78,6,35,61,28,53,67,88,68,76,56,5,63,42,61,30,44,9,22,26,1,42,86,99,56,21,25,89,90,95,67,30,63,20,4,0,72,97,79,9,80,48,46
1,72,100,42,41,38,2,84,51,95,36,12,18,76,16,96,55,98,82,84,13,65,49,41,2,49,1,70,60,92,50,76,5,98,36,1,68,37,87,22,36,86,58,43,6,16,99,98,80,54,52,35,95,74,74,84,33,20,38,53,99,100,58,58,42,75,23,15,43,2,49,46,98,21,79,80,99,17,74,21,9,68,53,37,34,53,91,86,40,41,87,25,65,22,34,29,73,14,25,10
25,74,64,51,60,8,69,98,45,34,20,39,79,26,6,32,39,33,78,87,7,39,64,40,18,44,7,8,14,23,84,94,21,94,35,17,76,55,5,42,86,36,13,31,64,43,63,81,74,70,32,75,13,88,55,3,96,90,12,12,80,76,22,30,12,18,72,68,93,5,85,3,26,23,100,92,83,25,94,2,75,18,69,1,52,12,79,70,15,50,87,97,67,69,70,5,62,7,1,94
91,63,47,31,19,83,57,100,55,35,45,68,86,20,6,72,83,84,83,10,92,30,72,25,81,38,13,0,7,42,59,78,97,90,63,46,81,88,16,85,39,80,72,78,31,61,94,90,7,81,50,23,19,77,26,26,85,29,5,99,77,67,14,75,69,56,43,0,35,59,64,18,2,82,71,87,24,20,95,67,57,49,23,28,1,81,30,99,93,94,85,41,21,67,93,9,61,48,3,21
58,86,50,14,0,48,89,29,61,1,57,67,83,41,21,67,64,81,18,0,81,44,57,71,41,42,16,29,46,31,61,36,14,24,60,40,82,50,60,31,40,13,83,10,72,0,92,95,70,88,80,0,19,87,59,12,41,92,47,59,97,95,27,49,62,28,53,18,89,94,98,12,73,61,67,48,11,89,43,13,1,36,82,88,96,30,8,47,94,68,69,53,71,92,51,36,10,20,13,92
47,100,60,96,16,86,50,72,9,41,87,91,65,88,81,91,20,76,39,51,29,33,86,48,35,17,53,14,74,4,64,36,66,42,72,17,31,91,23,57,91,83,15,35,35,79,71,31,99,32,22,58,7,59,44,45,17,75,98,39,66,63,67,55,51,40,85,7,75,39,34,83,28,78,86,85,17,97,15,19,90,74,79,21,23,54,38,39,83,49,40,1,73,67,25,82,2,64,48,64
30,40,82,54,85,26,87,18,21,91,51,99,35,42,76,87,20,90,82,48,53,32,76,54,74,4,30,77,43,82,22,40,72,50,77,42,55,81,55,14,63,76,37,43,64,34,64,10,53,32,76,88,71,5,79,79,53,62,51,74,59,37,8,31,5,69,52,57,11,42,43,14,94,68,56,9,34,67,63,21,5,80,90,26,58,62,43,1,94,12,96,30,85,49,15,9,55,82,42,95
27,88,68,63,79,70,0,56,49,21,80,86,63,73,100,57,25,12,95,71,12,92,65,81,91,39,23,87,74,67,37,15,35,18,93,89,18,51,58,35,3,63,13,45,77,28,17,62,18,61,47,51,54,81,31,78,1,65,16,29,12,47,70,6,58,16,58,27,44,84,2,27,32,41,50,57,46,15,45,60,24,91,12,53,37,62,97,8,50,68,53,89,52,58,1,99,28,92,65,25
88,100,62,74,58,79,56,31,90,70,73,63,73,77,73,50,72,49,21,8,19,16,71,100,96,58,72,23,10,29,68,76,9,98,39,11,67,83,50,73,29,60,11,5,3,16,7,69,63,59,26,63,71,9,5,48,34,35,14,60,30,92,2,73,20,60,63,77,81,22,93,49,3,74,76,93,46,49,51,75,47,55,67,32,51,18,89,52,26,6,14,20,100,99,43,41,69,91,25,25
38,24,28,4,52,19,55,55,43,90,28,1,64,35,10,83,17,75,20,31,28,85,97,48,7,64,99,99,18,5,10,94,2,58,100,65,79,94,31,34,53,4,74,65,77,54,19,91,78,61,29,96,59,37,4,46,89,63,71,23,13,4,84,67,60,61,86,61,81,78,71,91,35,32,24,99,16,58,89,64,27,30,91,25,33,100,4,27,8,99,74,84,45,92,48,89,72,68,98,50
18,37,4,91,69,39,100,6,52,91,62,14,93,41,91,87,53,1,50,86,25,36,41,70,73,40,74,91,96,22,76,44,54,38,21,69,73,7,63,78,32,77,94,96,22,74,10,30,7,62,30,5,47,65,28,2,52,1,5,41,94,0,77,23,10,84,25,14,69,96,90,15,15,100,12,17,30,72,76,68,20,94,99,12,63,80,2,65,45,55,66,41,56,75,20,80,61,15,75,68
33,3,80,8,77,56,18,20,12,16,78,95,19,49,5,63,96,67,44,14,61,12,7,49,78,16,85,61,95,92,24,35,96,46,20,43,16,49,64,50,96,35,74,48,31,49,17,28,88,74,36,51,71,38,94,49,25,47,4,25,56,100,4,44,19,53,61,51,94,72,77,95,79,93,85,4,82,28,76,47,67,88,12,70,40,2,61,90,96,8,64,94,28,90,28,63,60,22,15,70
51,84,18,96,7,37,46,2,87,27,36,89,20,7,62,53,66,12,72,51,36,48,85,86,29,73,14,28,23,61,53,23,82,29,98,73,84,57,20,61,1,22,15,70,74,42,40,21,20,39,9,17,13,7,74,2,2,82,94,91,98,79,33,65,93,29,33,67,5,20,96,85,85,31,64,28,68,21,75,80,51,23,73,37,48,46,12,10,61,44,20,34,93,85,60,39,11,45,16,5
8,25,57,31,9,97,51,49,90,10,38,20,5,28,69,84,64,67,55,77,36,56,24,63,21,39,66,26,92,89,92,15,55,68,7,6,69,46,7,88,34,17,55,83,48,13,98,87,21,12,7,94,13,4,82,82,67,31,16,20,98,60,29,90,43,4,46,97,70,79,33,55,96,46,39,13,11,19,42,14,30,47,41,40,14,88,16,66,57,62,82,29,81,99,30,78,26,32,26,97
56,96,89,84,18,64,3,0,16,62,7,47,61,15,26,69,61,70,59,95,46,66,65,69,50,99,68,9,44,0,59,91,77,6,83,48,86,8,3,4,4,75,51,40,88,89,55,89,9,38,25,27,94,72,44,12,39,3,97,61,21,9,63,56,82,24,23,14,83,26,79,67,33,3,70,4,49,48,39,80,41,0,88,25,58,18,97,79,54,87,56,34,65,87,50,9,42,90,100,77
68,87,98,34,56,24,86,3,40,84,86,62,42,54,99,18,62,51,98,4,56,41,27,68,51,32,39,42,18,32,51,40,74,55,10,70,15,18,14,88,68,98,75,69,47,61,7,12,54,87,8,29,5,39,99,57,84,19,31,82,11,50,47,1,93,35,42,89,61,93,71,9,81,91,44,38,23,63,56,23,18,77,93,76,27,92,82,60,18,46,48,42,10,71,53,7,100,25,62,6
59,23,23,55,58,51,64,84,33,42,64,18,46,10,50,88,64,12,4,15,57,89,93,72,12,65,52,74,39,97,57,8,13,9,66,92,64,70,91,26,14,81,45,91,44,6,92,82,71,16,4,15,8,4,39,54,60,80,54,76,57,89,62,45,3,63,42,37,94,89,24,99,8,84,66,6,82,98,94,76,46,50,98,91,88,88,88,49,33,25,22,100,49,80,20,64,41,68,59,3
91,68,65,79,39,65,46,22,53,77,70,34,46,20,6,10,90,42,35,46,34,14,11,84,31,78,49,0,56,31,14,23,80,44,10,37,16,62,76,52,37,13,16,70,68,90,89,3,56,95,53,34,92,90,10,2,96,74,93,30,99,100,46,60,96,28,30,45,64,57,91,26,58,43,68,40,69,19,64,41,68,35,85,24,90,100,50,13,4,44,75,51,98,99,15,13,96,90,69,37
74,86,36,62,61,18,26,78,15,78,46,21,6,59,24,42,16,76,46,37,56,31,49,55,1,39,61,64,2,94,67,26,66,63,34,40,5,62,37,88,87,55,59,63,2,19,8,70,2,70,13,19,64,41,20,24,77,45,48,31,44,10,11,96,74,12,53,1,3,81,63,57,63,75,4,45,42,69,72,71,18,24,44,88,93,1,80,70,98,2,26,56,32,14,40,11,84,83,7,70
48,83,42,75,88,49,48,15,45,52,53,58,74,28,76,34,63,63,6,23,73,36,69,93,99,68,50,19,73,34,91,22,49,59,19,83,88,2,83,30,65,12,52,60,83,58,51,50,14,76,95,5,74,87,19,15,28,100,20,63,97,2,72,92,35,71,9,16,18,88,85,20,33,28,77,82,43,67,1,35,80,88,74,83,21,49,79,100,70,82,46,16,78,55,30,100,37,7,84,14
76,26,64,9,41,30,10,64,59,27,64,11,85,61,65,32,24,98,32,9,95,51,33,72,23,1,67,42,37,39,20,43,30,63,16,87,65,37,67,67,53,55,40,43,9,90,55,23,66,37,0,18,5,100,73,44,38,90,0,12,21,56,62,0,2,61,0,88,4,82,3,88,32,27,39,13,13,81,57,29,33,55,52,21,99,94,1,50,77,44,77,2,74,3,40,78,61,47,72,38
94,13,36,18,11,45,52,88,18,2,52,50,23,77,47,76,33,29,28,53,3,27,17,68,88,29,91,49,6,34,82,64,94,9,98,75,58,96,65,73,77,41,48,94,17,37,68,66,79,90,54,57,21,36,99,74,91,12,2,60,84,41,64,92,27,92,25,62,12,82,97,63,67,30,89,43,0,5,22,8,0,49,74,42,68,39,38,75,93,73,95,83,60,52,62,30,96,72,69,51
38,55,85,41,30,54,3,38,79,21,36,66,4,33,55,97,47,72,27,94,14,54,31,4,46,73,20,91,80,71,46,73,98,46,99,47,43,80,12,75,79,5,2,73,31,39,54,15,22,68,45,60,87,86,93,33,90,25,41,72,32,57,57,67,92,73,13,20,16,97,39,58,2,29,83,36,64,84,52,79,93,58,17,37,51,64,87,35,62,82,92,23,84,91,10,19,24,21,69,12
41,36,85,65,35,40,27,96,0,68,1,38,53,20,34,59,77,31,7,88,21,1,44,38,60,11,82,29,69,92,79,35,98,23,99,51,68,6,15,16,60,38,63,36,25,71,52,5,81,27,66,36,97,93,18,36,35,73,48,87,86,50,20,58,11,74,25,42,26,60,48,5,94,91,12,84,47,46,94,90,95,74,81,79,3,95,22,88,12,85,95,42,16,33,98,80,68,99,73,56
8,59,57,59,9,34,67,43,2,34,94,70,91,80,26,84,47,11,63,77,46,56,23,89,0,56,8,7,10,4,66,0,80,68,96,48,89,59,31,90,68,58,45,5,0,76,56,7,25,28,98,20,22,58,86,76,71,30,20,73,88,86,28,27,19,4,4,100,73,33,1,63,35,26,41,20,46,28,51,88,98,23,38,56,51,59,1,97,67,38,74,14,85,14,91,21,94,91,23,11
66,21,57,79,18,41,47,43,82,40,11,94,66,58,67,74,82,3,79,95,19,2,32,43,9,8,90,91,52,28,21,9,11,50,11,98,73,3,31,86,68,85,13,73,42,50,65,53,91,32,96,75,66,46,76,90,14,32,71,17,87,91,78,74,3,90,91,21,24,97,85,51,68,33,49,66,72,99,31,22,28,73,51,64,22,22,24,95,7,86,97,36,91,53,36,35,6,53,60,93
80,89,59,90,63,57,21,63,39,22,88,90,86,33,0,100,40,76,100,86,94,88,3,9,46,40,67,61,56,49,79,91,56,56,12,92,49,41,51,50,70,53,10,86,97,23,95,93,38,60,52,94,37,10,9,48,60,29,73,23,18,7,78,79,67,35,25,11,27,99,9,95,51,53,80,85,67,94,95,12,72,5,10,44,93,52,22,7,38,12,3,76,68,54,54,1,35,28,65,38
31,39,15,13,94,1,95,56,74,73,42,83,69,95,79,100,5,7,42,5,62,83,23,55,49,92,19,4,25,38,26,83,9,47,64,80,59,29,100,45,49,4,94,14,26,3,85,76,74,23,89,96,90,40,96,85,80,75,53,50,15,93,81,61,80,98,41,90,86,20,47,11,86,62,70,11,92,62,3,42,19,37,0,42,86,49,41,42,62,99,80,13,68,68,74,86,5,20,51,94
41,11,26,53,9,77,82,100,55,58,44,97,3,35,61,36,12,77,50,58,58,93,89,10,52,87,31,46,97,36,78,65,14,25,99,27,99,49,51,63,31,81,71,52,41,68,38,98,43,56,75,79,41,31,27,16,19,12,85,73,1,26,89,4,98,82,14,86,98,32,18,4,87,16,56,28,97,72,91,58,55,4,78,52,26,26,16,30,22,25,18,48,62,66,41,20,5,10,63,76
24,89,56,94,41,51,34,41,64,75,79,48,46,33,95,76,17,13,11,81,21,51,78,73,83,99,73,37,41,97,93,46,67,53,78,16,16,16,100,41,19,6,60,83,32,42,90,78,47,49,19,95,69,23,24,7,29,12,81,56,89,85,7,79,6,22,23,7,69,63,97,97,16,9,4,51,61,99,39,90,55,94,88,63,22,27,53,96,99,24,42,6,58,55,84,52,100,93,76,33
41,72,60,19,40,12,71,71,78,27,39,18,54,13,36,50,31,13,99,65,18,9,17,18,73,75,72,21,28,66,88,58,16,2,47,77,55,56,19,19,96,64,88,79,13,77,44,19,23,28,72,98,18,42,46,55,91,13,71,40,11,41,4,46,84,60,86,10,3,96,90,1,96,83,80,45,85,96,69,35,87,41,97,51,12,18,59,68,89,99,11,31,100,33,81,33,73,67,100,21
75,31,34,86,92,35,90,42,57,52,27,58,61,2,90,36,99,71,86,83,43,58,81,60,73,15,64,98,80,25,76,96,75,25,87,44,88,32,73,18,6,39,47,39,35,96,85,23,34,97,39,94,3,33,1,7,49,27,85,73,40,65,61,86,63,27,92,4,22,94,84,24,8,59,66,6,47,2,97,26,6,51,24,33,91,43,94,4,17,53,33,77,45,36,33,54,95,19,52,62
57,85,84,43,92,51,53,15,71,64,18,26,47,98,3,35,78,7,87,85,16,74,65,25,89,23,52,84,29,68,45,49,17,89,59,81,100,54,46,44,60,36,31,45,53,42,87,79,29,48,75,56,34,45,85,32,70,56,34,11,24,9,78,21,68,16,60,18,29,88,81,96,40,32,54,94,87,6,85,69,43,67,70,72,100,33,64,53,68,95,89,91,36,91,25,25,17,99,53,76
18,20,78,17,4,26,46,75,14,77,85,92,4,76,23,8,24,27,26,64,71,29,12,61,27,44,20,4,6,57,95,52,88,22,21,42,49,72,97,64,52,59,88,34,74,83,27,28,91,42,56,70,10,16,96,44,55,53,15,50,57,11,27,58,33,51,42,3,92,62,38,14,28,71,80,50,19,83,22,58,18,54,66,78,19,96,22,63,46,12,74,59,80,48,65,0,91,81,92,24
97,55,88,61,97,75,47,2,68,68,26,82,14,18,52,12,71,6,25,60,52,83,20,68,41,0,13,65,38,98,46,61,36,59,47,73,47,21,91,38,57,62,85,92,24,30,84,70,51,55,86,4,26,97,90,43,67,1,49,30,63,66,13,100,13,27,30,64,71,30,24,36,23,79,2,0,80,47,1,68,76,64,67,44,66,81,58,89,16,95,61,75,86,31,60,25,25,37,89,79
37,2,88,87,44,20,34,2,4,90,19,2,25,59,60,94,62,26,15,55,2,1,84,84,14,37,64,81,34,10,23,42,12,6,29,58,7,50,80,58,5,71,78,63,40,65,3,95,58,64,32,55,63,22,21,82,91,83,94,38,11,83,6,56,80,80,13,93,45,22,32,53,64,69,10,64,42,80,68,65,59,27,12,5,83,66,70,79,64,18,85,65,73,85,23,65,79,89,59,85
59,97,31,28,93,95,5,36,11,94,29,15,67,22,47,58,27,66,57,21,86,0,66,53,29,12,53,7,45,63,86,59,82,78,98,19,34,38,94,50,12,49,38,53,49,80,1,46,63,88,20,29,44,43,60,100,88,86,15,54,72,37,66,16,21,10,45,54,14,43,18,36,21,75,7,54,52,29,10,17,26,96,29,42,5,100,100,73,48,34,41,69,52,30,75,19,62,28,68,29
10,47,24,93,54,98,43,20,8,27,88,53,23,1,57,42,41,34,33,64,26,89,1,46,72,91,21,97,92,81,48,62,47,59,19,2,43,51,100,16,4,13,24,31,17,86,69,43,22,96,11,100,57,36,10,89,28,17,0,75,30,51,8,45,28,91,50,58,45,72,71,19,21,62,4,67,38,84,9,4,74,64,93,87,64,63,24,63,27,80,46,85,38,5,88,40,38,70,25,45
94,87,12,14,86,100,23,60,92,100,4,10,65,56,89,12,21,86,34,57,100,63,34,58,45,26,24,67,86,74,54,78,52,93,46,67,22,40,26,69,78,57,95,68,36,87,84,31,50,30,63,7,37,100,45,36,59,71,89,41,97,49,0,25,60,4,13,62,30,77,19,55,14,41,10,23,30,38,53,96,33,18,13,60,13,16,24,0,22,95,71,61,83,31,80,15,41,86,89,70
98,48,35,76,80,76,45,7,52,86,86,54,43,78,24,38,89,87,57,15,42,17,58,92,98,58,81,8,44,41,81,89,15,95,80,63,62,59,79,34,20,61,53,84,94,23,61,31,97,86,0,26,14,73,26,22,91,65,3,69,19,29,34,9,23,17,85,8,17,1,41,32,16,54,97,85,21,27,45,40,13,75,10,56,26,25,1,56,41,49,92,0,10,41,71,63,50,17,58,79
97,40,85,1,17,40,28,97,3,50,50,5,65,37,5,23,52,23,51,89,52,26,0,98,19,57,72,79,14,20,67,38,41,25,63,2,84,87,81,37,76,1,1,25,81,69,39,18,98,66,37,47,68,12,21,46,8,0,34,4,12,60,66,47,88,2,76,60,12,75,23,72,47,82,34,65,33,27,1,63,30,47,53,35,29,29,96,39,7,92,11,62,9,31,75,46,12,100,23,7
94,66,26,46,46,34,68,2,9,80,99,92,67,94,87,20,68,45,27,20,90,41,4,54,76,19,23,95,44,37,73,45,29,82,99,9,49,72,30,36,58,4,35,39,6,55,79,92,43,24,50,9,69,64,100,26,38,1,25,77,24,24,75,42,7,53,52,89,45,9,91,41,96,20,5,60,66,59,77,45,75,95,29,62,47,52,91,68,48,66,22,80,28,3,48,84,68,14,39,30
85,95,8,8,1,27,75,18,7,50,83,32,91,76,88,37,59,9,37,39,34,76,47,40,14,23,91,32,7,42,61,2,54,75,19,61,82,69,14,16,100,17,28,44,63,26,18,72,85,89,82,28,99,26,89,81,84,58,13,15,31,10,12,83,97,99,58,22,18,69,46,45,87,29,1,40,10,68,33,58,74,21,85,86,47,96,40,56,3,24,72,34,40,88,64,10,83,75,3,52
2,17,34,89,88,60,78,85,61,57,60,74,53,21,63,55,7,75,81,54,100,74,28,70,78,37,62,33,47,0,51,89,66,66,88,24,92,81,89,27,16,47,93,76,97,93,79,91,53,60,4,22,2,33,49,87,2,9,82,2,20,13,39,24,55,30,82,65,93,57,16,20,90,3,84,18,87,38,71,33,82,49,5,29,5,66,42,27,88,96,83,34,35,97,54,9,32,12,40,53
81,57,76,77,51,68,30,33,3,86,88,13,97,59,2,14,4,68,42,59,71,73,67,63,15,0,35,70,2,17,65,34,9,51,3,20,100,62,53,61,38,82,43,9,62,96,97,40,81,68,15,12,8,100,44,78,47,38,100,76,15,47,85,34,29,63,69,71,47,12,33,36,47,61,57,52,6,60,74,56,78,85,47,22,20,28,97,15,69,45,47,57,6,52,67,48,40,59,97,36
35,6,27,64,92,63,25,35,11,86,4,64,40,45,5,85,17,2,89,96,54,2,59,37,64,83,19,11,99,42,53,20,67,47,36,4,49,73,22,89,62,32,59,72,67,56,26,93,82,65,32,23,25,40,47,47,57,52,86,39,83,79,88,88,51,70,100,10,66,42,90,40,54,93,43,91,98,3,75,18,68,82,53,13,7,58,41,16,56,22,21,54,43,76,45,49,5,62,52,23
16,83,19,74,84,32,40,80,60,60,55,62,9,86,76,25,46,24,42,22,52,3,77,37,7,20,41,87,72,99,38,81,89,69,81,63,48,38,53,17,61,71,100,24,14,44,65,3,33,43,59,94,30,42,8,50,38,69,45,8,12,34,68,59,51,32,83,56,73,53,85,48,19,58,60,97,1,27,44,69,5,59,55,78,40,43,88,94,18,88,40,73,82,15,4,95,66,68,8,15
37,79,63,1,9,35,28,6,55,53,36,36,67,1,34,29,10,33,34,91,12,27,84,81,8,68,8,82,63,4,8,27,98,13,37,47,64,5,73,42,48,8,42,61,22,55,3,83,39,93,41,10,75,94,68,28,54,10,92,87,44,82,64,64,17,72,12,34,91,79,71,60,80,15,58,95,71,83,80,67,61,31,91,78,76,53,54,77,7,81,82,4,95,84,39,43,69,33,33,42
89,94,92,37,32,20,26,100,80,3,74,75,40,87,27,66,81,29,21,52,72,94,38,48,83,51,77,11,8,0,21,43,26,90,92,85,70,36,38,40,34,77,10,96,51,64,25,97,88,51,41,35,0,10,10,77,44,96,7,26,21,90,8,89,18,78,32,18,18,44,13,100,88,36,39,99,63,97,5,68,74,39,61,70,55,43,87,66,89,19,98,73,17,42,16,3,61,74,84,45
48,59,85,23,60,59,47,100,89,22,88,0,55,75,38,18,94,76,40,80,26,74,99,82,27,84,92,70,50,36,47,34,79,94,67,13,54,36,9,75,20,13,15,100,64,23,17,44,49,91,42,81,88,50,80,61,2,18,57,25,19,24,15,95,98,47,93,69,8,37,20,10,80,78,84,2,9,20,0,26,21,17,42,16,39,52,37,30,25,3,99,42,39,30,21,10,58,64,98,78
67,34,75,57,15,57,52,87,97,12,36,3,3,11,86,5,57,86,53,82,87,99,60,2,92,61,28,17,100,0,80,100,84,16,42,14,13,43,14,67,17,93,65,92,19,97,65,64,29,17,66,19,40,13,55,59,19,99,12,58,54,86,52,78,86,37,78,81,30,0,54,88,60,4,64,27,18,12,29,53,69,100,8,44,51,60,19,96,94,4,9,91,19,70,60,26,61,2,12,27
91,29,69,89,71,42,72,56,62,43,21,60,18,93,94,71,9,10,93,87,73,78,89,62,52,28,4,37,2,15,6,46,13,62,54,12,81,7,31,36,28,42,3,61,28,22,59,46,19,3,52,34,60,45,47,84,69,2,51,61,29,2,34,19,86,98,20,93,47,27,13,17,12,54,38,18,3,58,37,60,87,51,50,47,0,46,11,66,55,15,96,11,72,57,73,9,55,56,96,86
17,23,58,99,32,35,66,36,15,2,15,77,47,63,30,84,88,88,48,16,90,9,99,90,75,4,87,78,9,11,52,84,18,27,58,19,49,0,82,2,23,48,38,93,69,12,59,18,84,70,24,98,39,10,87,10,43,42,23,1,50,50,90,62,28,48,61,78,31,46,59,3,87,11,73,95,51,85,93,86,18,72,87,17,30,65,0,25,69,76,54,96,13,34,46,98,89,14,91,23
26,46,54,63,92,22,41,19,79,12,100,32,2,60,1,26,33,1,16,79,31,58,22,42,21,32,37,77,53,22,92,52,10,79,60,13,1,66,76,40,29,56,24,45,21,77,36,89,15,55,35,38,76,95,51,28,76,67,87,53,43,21,46,98,11,38,80,71,57,91,23,27,29,1,63,35,8,14,81,4,29,9,28,91,26,88,17,21,2,19,98,23,35,56,53,46,51,59,76,63
9,10,10,72,50,90,25,91,13,44,81,78,20,52,38,88,38,47,24,34,45,51,45,43,61,33,66,19,52,13,35,62,45,2,54,69,14,14,16,0,7,4,43,58,33,97,70,46,27,49,18,32,11,41,82,32,65,95,88,46,62,61,7,98,2,59,94,54,88,30,50,51,58,51,74,41,41,61,78,72,66,88,28,51,66,45,59,36,1,95,65,7,29,85,68,82,49,4,13,70
12,90,62,85,9,97,13,84,22,34,70,19,63,13,68,38,97,88,80,92,73,79,44,71,8,38,5,59,52,24,86,60,32,82,35,18,95,52,51,82,52,39,51,39,80,92,71,46,97,4,16,43,17,60,46,36,32,52,33,74,28,2,78,62,25,25,99,0,8,19,71,34,3,46,70,3,25,95,72,12,6,68,74,60,9,75,68,90,0,64,93,100,38,20,9,14,18,9,60,15
51,42,92,3,6,0,23,81,100,58,72,48,1,71,76,58,85,87,64,58,12,33,55,54,99,68,73,76,67,94,79,74,44,30,22,50,23,66,86,28,38,15,7,69,5,32,87,96,85,39,22,60,99,47,62,45,96,45,71,74,100,42,29,60,57,38,89,90,85,90,85,16,27,19,53,71,2,54,35,77,17,98,1,30,87,12,33,36,58,59,88,63,28,77,63,93,6,91,18,89
33,21,89,84,99,15,14,15,66,7,89,95,24,8,89,5,65,23,0,7,54,19,74,4,64,53,23,99,97,96,89,27,91,95,20,68,98,53,42,69,39,22,82,6,88,11,26,2,82,91,11,38,95,79,77,58,35,50,39,7,47,8,95,77,4,94,83,97,29,48,76,60,78,77,16,63,62,51,36,41,39,49,9,19,61,3,72,64,63,55,14,14,4,47,34,98,47,23,10,69
82,52,67,91,12,13,73,60,8,87,36,1,4,58,83,57,19,64,56,35,25,41,40,15,87,9,12,27,33,23,36,29,89,38,91,49,31,24,47,44,54,80,12,53,30,51,38,0,64,31,2,29,25,37,93,97,15,13,61,48,24,24,0,56,58,19,55,69,12,39,7,12,8,92,92,73,75,90,90,69,66,64,78,36,78,37,86,49,76,94,47,93,82,64,8,41,97,65,42,24
84,90,29,5,80,72,46,81,36,92,0,78,19,79,39,64,48,55,88,42,6,13,38,15,11,72,13,64,59,87,24,62,34,88,28,38,30,33,25,2,85,74,15,93,54,29,58,23,25,14,1,68,14,36,13,99,74,17,76,94,94,5,97,83,68,62,68,4,57,29,7,29,98,40,64,50,51,20,41,67,52,70,49,85,42,11,57,100,8,58,40,95,71,37,10,50,42,66,78,90
39,68,89,18,28,17,10,12,86,25,62,60,91,10,44,74,11,22,4,62,75,27,57,77,67,68,36,19,7,42,80,43,12,75,95,64,74,51,52,36,66,25,79,38,41,26,14,41,94,34,68,36,74,10,90,0,54,31,38,70,63,53,97,26,65,81,1,28,36,85,55,55,35,32,34,91,17,29,76,49,44,0,45,43,98,32,48,40,61,62,40,15,3,89,47,31,81,26,80,64
84,52,25,35,14,73,74,46,82,48,43,59,18,30,95,40,77,66,30,66,11,2,95,23,58,3,13,44,94,46,32,24,90,33,61,61,20,78,7,48,19,73,34,89,84,49,19,29,22,1,45,30,10,44,80,55,29,98,45,73,38,72,12,13,80,2,56,84,53,4,27,61,97,71,98,82,10,39,51,72,48,12,50,5,44,52,0,42,55,49,9,62,71,47,67,42,62,72,19,95
64,34,24,82,62,41,16,27,42,66,32,89,16,24,44,1,24,40,22,51,31,49,3,32,69,84,74,70,14,16,95,1,19,88,75,97,87,61,67,18,83,30,58,22,43,14,51,37,78,88,75,69,48,90,47,18,61,65,14,75,77,69,34,55,98,10,63,19,23,86,93,92,81,24,81,90,89,43,14,19,87,54,90,83,10,66,44,29,9,48,0,33,24,15,46,30,69,80,39,52
67,55,91,100,15,33,17,27,28,46,17,37,40,68,25,55,35,18,36,100,94,49,84,1,8,21,61,8,79,44,47,92,61,18,56,9,10,52,72,57,94,33,41,45,27,45,82,5,77,73,16,27,9,8,41,13,46,14,70,17,13,69,83,55,12,85,52,19,98,45,82,18,74,68,44,4,1,27,79,22,47,58,11,51,56,98,1,97,70,24,50,54,73,88,70,29,21,63,82,98
34,86,5,83,78,99,25,33,63,81,72,45,65,64,4,31,81,76,18,1,52,94,28,79,46,71,38,54,31,30,2,57,23,77,5,23,15,50,75,69,3,17,34,38,75,70,47,61,93,21,19,51,4,27,32,10,32,63,7,83,62,78,20,44,14,8,54,8,87,8,83,86,90,72,40,40,21,70,62,34,22,71,63,36,85,22,71,30,90,78,34,29,13,20,26,26,47,36,55,93
21,50,34,68,24,26,14,77,38,25,1,14,17,52,51,20,72,9,67,86,78,83,6,92,38,11,10,36,38,0,19,89,25,12,32,37,55,93,67,28,30,23,66,64,45,41,47,23,75,64,92,24,77,59,20,15,98,76,6,34,97,94,30,87,15,29,97,31,27,58,19,24,44,56,8,25,22,40,40,74,54,10,42,56,72,64,54,56,99,92,76,67,31,62,72,56,40,83,34,90
73,2,19,68,28,9,2,14,33,90,6,64,8,72,52,33,10,67,6,94,89,42,62,87,35,6,88,52,95,14,83,66,47,94,24,30,14,61,82,32,84,44,54,75,58,6,92,92,93,63,18,49,46,17,88,24,6,58,84,24,40,97,90,14,99,5,43,76,68,2,51,73,56,30,96,71,51,55,37,7,85,89,65,62,81,48,82,36,98,90,34,19,50,37,64,69,91,94,80,78
49,22,84,5,60,32,4,96,51,77,45,3,17,82,14,51,44,72,27,93,75,29,89,5,62,6,77,1,47,89,50,37,51,2,78,53,95,50,81,9,57,7,4,76,1,0,65,23,36,4,62,70,73,2,41,32,2,40,65,91,18,52,92,58,54,18,44,40,95,100,7,76,70,67,90,67,12,18,84,95,49,26,47,42,98,37,1,0,72,54,50,81,38,55,4,63,100,5,5,42
16,50,12,9,39,87,16,6,64,43,97,71,83,38,9,46,62,6,55,82,33,65,4,74,49,30,5,56,4,55,48,52,95,90,59,81,74,74,0,31,60,45,50,96,40,5,8,0,12,20,91,79,7,69,63,87,82,2,12,11,40,96,29,65,28,63,34,62,16,40,82,8,6,73,51,64,82,75,16,88,53,54,66,68,84,68,30,27,16,35,100,46,34,61,28,90,30,61,27,97
62,39,19,25,80,36,6,44,68,14,66,6,83,48,2,11,84,9,11,34,90,95,80,50,59,21,84,5,67,38,95,53,45,92,53,66,97,10,52,8,24,6,90,21,58,25,72,32,38,94,43,47,14,62,81,70,25,55,29,31,95,38,31,87,20,52,91,25,28,95,53,16,12,65,8,84,61,82,76,10,70,93,94,54,67,81,66,34,77,96,66,75,2,81,41,53,92,25,71,41
98,5,2,12,2,47,12,4,51,27,56,78,56,52,43,65,14,68,50,99,10,19,6,15,95,22,87,97,43,58,90,68,75,0,36,1,32,62,27,86,57,84,17,10,14,90,4,5,100,74,59,96,2,81,8,52,13,86,21,47,64,42,9,90,31,57,81,27,83,10,45,68,5,92,36,60,49,24,49,84,78,40,70,67,20,44,28,92,36,22,35,10,20,66,47,4,88,4,87,7
46,23,1,50,22,43,8,81,37,45,65,14,33,92,85,32,85,37,3,87,82,27,12,31,82,72,26,79,67,51,17,66,100,88,65,23,64,49,7,26,0,46,75,93,37,92,3,29,71,74,2,21,43,45,57,80,94,44,32,70,35,47,38,83,32,89,95,8,80,30,72,51,23,52,56,95,34,30,6,8,71,36,99,43,1,45,4,39,33,3,53,41,64,31,28,68,94,97,15,27
80,61,32,3,97,6,64,88,9,61,64,75,59,34,53,32,38,24,99,35,88,66,99,43,29,91,65,25,91,71,28,38,54,5,31,79,77,0,83,24,69,59,64,44,79,55,56,20,33,70,34,91,11,53,46,34,35,50,31,91,99,20,82,81,86,15,100,44,14,44,49,1,39,62,53,88,36,70,12,49,51,46,43,57,33,73,82,58,25,72,5,22,16,51,71,59,44,48,47,43
10,67,68,93,75,95,69,62,4,11,51,83,32,10,91,35,60,87,53,70,83,92,98,61,47,35,98,66,86,72,82,90,98,64,93,76,34,65,20,39,32,30,52,89,32,28,45,19,59,73,65,37,13,60,85,67,74,60,32,52,5,45,41,99,30,26,23,48,16,63,60,8,19,29,48,51,19,81,7,34,60,62,75,74,28,44,100,93,12,73,20,94,31,54,37,27,58,56,39,12
88,19,35,28,58,25,86,56,43,57,10,62,74,12,89,9,15,14,39,12,26,0,63,21,21,7,70,72,33,56,50,85,76,81,87,51,58,49,35,14,26,62,27,41,31,81,26,77,42,29,40,3,12,63,90,40,22,55,68,10,46,66,7,60,19,18,81,39,41,79,11,41,4,86,25,54,10,96,72,10,30,93,87,56,82,53,7,21,68,75,23,48,41,5,5,73,14,10,25,73
79,19,22,95,100,71,10,95,80,91,31,70,23,58,96,70,2,87,6,58,79,11,97,39,1,8,56,81,97,87,55,63,73,54,0,17,5,6,37,58,70,92,67,51,91,1,52,79,48,2,33,4,80,51,31,31,58,43,66,33,11,46,25,10,51,60,69,12,32,90,16,97,52,63,39,14,70,46,28,16,32,53,39,24,59,64,13,0,89,80,5,1,70,91,9,97,54,1,41,76
61,12,27,97,90,60,98,58,51,61,36,75,94,31,93,56,100,76,89,33,15,3,55,53,26,58,12,88,30,18,79,23,37,22,0,84,98,79,80,80,50,1,61,30,89,69,99,67,44,75,70,76,57,30,46,26,97,91,82,42,6,63,78,58,11,73,14,15,34,42,96,11,13,44,10,66,21,37,93,2,49,72,19,11,28,39,79,4,87,60,67,7,81,22,99,76,10,75,28,15
53,71,22,74,0,37,16,99,55,37,3,15,98,21,82,5,44,17,32,43,45,61,78,14,84,70,20,71,45,65,96,56,75,50,81,20,33,82,16,79,2,33,96,27,70,73,74,5,23,7,0,77,1,67,38,42,81,88,88,77,51,14,84,56,65,73,73,32,47,13,90,51,10,30,40,79,56,82,56,57,75,63,2,65,55,6,99,8,68,59,39,14,13,4,8,54,29,12,45,79
82,83,2,42,90,66,21,42,94,4,91,62,72,100,26,53,7,81,78,7,71,95,73,13,60,15,10,80,11,34,100,24,88,65,56,66,93,42,26,5,85,48,45,93,92,7,25,8,49,33,92,63,99,79,47,1,85,60,43,39,5,31,32,39,99,1,35,51,6,75,91,71,89,64,68,3,69,48,37,2,50,98,9,24,70,77,78,18,53,18,28,39,31,29,64,85,12,45,11,86
91,67,74,43,57,98,9,4,59,88,93,90,16,65,16,27,77,31,40,89,81,19,81,32,72,74,4,93,72,13,98,24,22,89,46,21,84,75,98,1,94,73,87,67,40,4,50,2,22,100,53,55,58,4,70,70,21,1,14,91,0,45,17,9,36,94,18,71,33,50,20,70,38,6,97,34,47,10,24,46,55,7,68,2,79,30,26,52,51,44,9,81,62,36,9,67,35,52,38,22
52,44,26,65,46,75,25,9,9,84,7,55,22,58,99,46,72,5,75,36,22,92,32,35,58,63,59,98,62,44,17,50,17,53,86,3,25,28,75,0,12,75,36,76,34,42,55,44,47,56,47,81,30,36,40,95,99,77,58,73,23,0,83,60,59,41,100,31,81,21,13,62,81,11,70,54,23,21,23,36,48,10,91,33,43,60,84,50,8,18,75,38,91,16,29,89,54,24,49,10
32,39,90,50,38,96,20,48,34,14,64,34,30,17,96,70,69,80,15,54,1,49,79,55,55,25,60,0,0,17,24,41,96,62,100,30,2,41,71,44,42,13,12,88,19,84,29,20,54,99,44,83,8,63,32,86,68,97,2,68,54,91,21,11,10,80,94,26,93,82,42,18,10,12,40,30,97,97,63,13,70,26,11,76,66,58,44,78,88,65,9,37,55,63,10,34,63,11,11,95
87,36,47,50,39,27,77,18,86,17,42,71,65,23,31,10,18,95,31,34,56,4,51,61,3,38,95,90,53,100,78,6,11,92,21,77,49,55,96,76,61,83,13,78,100,87,88,5,60,76,6,67,36,9,73,71,33,73,48,12,25,11,41,62,68,86,9,72,78,8,50,82,77,32,33,17,34,42,91,41,8,0,83,64,45,93,69,73,75,94,25,0,69,39,19,82,92,99,24,50
13,88,83,11,78,90,55,1,33,24,75,26,10,70,16,66,52,70,2,86,10,17,11,26,78,76,43,44,37,11,26,32,95,67,69,35,98,83,84,56,0,17,64,97,75,90,4,74,6,26,8,98,93,4,83,100,66,17,51,17,56,53,64,14,4,53,17,87,64,28,17,25,31,62,31,73,14,44,9,14,7,59,85,15,24,21,53,23,70,12,68,63,25,47,61,77,89,52,77,54
11,78,17,16,35,38,90,76,12,98,2,69,82,64,91,76,46,83,57,55,87,31,24,0,76,22,27,14,79,94,87,61,59,78,45,38,58,40,33,37,96,73,12,71,61,12,46,22,2,94,2,49,46,95,87,58,43,72,93,94,13,5,80,5,19,45,55,3,11,27,44,41,63,75,20,90,51,53,73,11,94,48,66,33,59,65,29,52,77,8,38,96,44,97,90,54,60,18,99,24
73,3,44,37,86,33,93,99,84,12,35,97,17,41,5,44,47,59,71,16,50,66,8,42,8,68,97,34,93,0,39,76,98,66,76,53,10,13,15,61,68,82,76,98,87,31,67,54,7,13,73,49,40,90,19,42,8,55,93,84,7,90,73,57,8,98,0,33,4,46,36,97,58,18,17,30,61,13,1,65,47,16,8,69,54,83,83,81,22,77,37,52,76,10,70,45,78,79,49,53
64,83,54,83,9,13,1,62,69,74,16,20,33,55,19,68,30,77,3,27,64,4,71,49,83,84,58,14,47,22,77,34,8,2,69,15,13,54,18,31,67,59,59,3,63,99,100,32,46,92,85,91,93,19,77,76,18,52,4,51,69,96,24,32,86,89,77,26,42,87,85,4,38,87,58,72,62,45,19,0,0,61,80,17,91,53,44,75,33,96,81,72,36,67,8,56,23,18,5,39
51,15,3,93,27,15,55,11,67,90,21,91,51,22,23,13,47,33,35,52,35,96,28,65,23,35,5,48,56,8,61,47,7,16,92,11,55,83,9,76,98,73,37,19,50,8,77,5,8,45,98,40,85,45,42,37,50,67,36,75,48,48,80,68,4,1,13,46,86,95,7,16,26,58,45,73,69,86,45,34,56,65,28,16,76,62,60,69,80,30,38,25,7,94,82,85,20,33,51,82
87,29,92,86,90,84,15,82,14,71,76,8,33,77,41,32,12,90,60,44,86,89,84,30,14,92,39,4,7,63,2,69,17,22,59,80,20,31,23,38,55,97,19,84,40,67,2,66,72,29,84,66,27,58,64,6,8,75,3,68,1,38,94,80,52,21,59,57,48,35,48,76,85,59,9,90,83,8,71,23,84,95,55,83,78,93,52,92,30,54,4,37,40,52,60,30,40,7,5,70
10,66,63,15,99,6,39,91,86,83,29,24,90,37,30,79,89,49,9,77,15,77,66,90,5,71,93,67,29,35,80,30,50,47,87,13,96,96,84,67,87,7,70,92,1,41,45,3,50,48,37,21,69,38,36,50,17,73,49,79,15,44,94,42,59,29,87,75,72,51,77,64,90,47,5,39,99,2,84,6,16,15,43,63,43,60,52,54,82,46,77,62,21,82,18,18,96,100,64,58
64,96,46,12,17,53,87,83,91,12,65,19,6,12,26,13,53,4,43,63,19,10,8,80,88,75,65,45,56,61,74,2,89,90,76,19,79,94,89,63,15,96,94,97,66,34,40,46,76,73,79,12,17,97,0,43,88,17,39,27,50,22,47,28,69,88,90,0,78,19,41,73,37,73,75,38,45,8,42,53,23,29,18,54,6,91,91,85,68,92,86,80,62,32,100,78,95,7,6,40
23,90,53,93,60,22,93,14,84,72,64,45,15,21,38,97,12,56,38,6,87,78,11,58,96,37,51,84,82,53,24,45,78,49,90,45,0,27,59,31,20,40,4,71,79,28,82,82,100,90,22,15,86,39,4,38,85,82,54,20,36,5,24,36,70,15,30,27,43,99,17,59,7,51,89,89,18,82,2,83,87,41,63,88,22,55,20,89,3,63,87,49,87,20,36,40,2,43,18,89
90,79,32,85,40,1,75,88,90,16,69,73,3,87,55,40,36,53,21,63,53,4,94,55,92,86,70,48,72,1,66,95,99,77,41,21,47,81,3,53,32,17,42,92,87,51,97,51,14,44,65,29,38,48,17,95,9,29,79,31,32,95,70,23,21,83,86,98,25,93,94,10,7,96,13,10,24,96,34,44,5,12,97,57,29,1,20,95,5,52,32,29,14,91,85,29,43,0,54,91
24,28,96,58,67,43,92,54,72,30,57,5,51,97,16,8,8,68,24,95,81,89,24,73,52,54,23,5,57,88,25,28,62,72,82,92,56,61,19,21,77,52,54,9,14,39,96,50,92,65,63,64,22,9,6,89,81,0,74,44,29,7,14,34,2,83,34,50,58,9,68,38,16,12,56,25,29,26,72,72,4,10,28,2,55,6,84,6,39,77,66,32,11,42,92,61,62,69,41,20
17,2,22,30,41,92,28,28,21,3,68,91,20,75,64,72,10,34,33,29,52,35,65,95,5,67,90,27,98,43,12,55,73,24,24,44,63,43,29,72,62,33,58,77,65,81,94,70,88,9,36,49,57,95,27,83,31,87,23,29,70,75,64,57,39,7,8,22,33,23,59,47,32,55,56,77,45,75,48,8,39,63,40,10,38,85,88,98,6,97,71,20,70,0,82,87,7,0,17,58
6,22,81,36,67,78,51,15,83,63,6,34,15,51,45,39,3,64,8,43,38,54,54,22,12,67,23,96,44,53,40,73,72,54,34,41,54,43,85,11,45,48,59,81,86,6,16,53,4,61,51,8,92,30,23,25,52,12,20,80,98,79,24,80,38,20,60,46,35,12,92,72,15,13,38,21,56,32,44,81,9,73,9,53,37,21,52,70,64,44,15,42,78,15,75,26,97,82,37,75