88,67,43,58,77,30,77,81,26,98,7,21,70,58,16,30,34,89,70,28,94,56,14,92,69,30,91,40,25,35,53,30,26,55,52,29,50,2,44,99,15,32,54,66,60,21,70,15,6,68,54,60,8,55,29,97,78,71,93,69,97,44,97,5,6,21,63,74,3,73,71,32,13,52,19,6,100,42,37,24,40,45,88,46,65,60,1,41,88,63,5,76,20,100,63,58,68,38,32,65
88,24,83,33,53,38,63,86,78,31,10,69,80,46,76,20,33,91,85,90,53,79,83,22,29,69,22,86,74,60,5,59,90,7,8,52,59,44,69,47,10,0,6,66,95,70,97,78,24,78,96,76,44,38,48,59,82,85,74,35,26,65,63,91,22,17,66,40,16,35,10,48,31,60,19,95,68,18,21,94,86,26,77,37,23,20,63,61,7,82,95,80,2,40,81,18,31,37,84,80
11,81,7,82,25,16,50,99,23,53,53,80,81,41,16,43,99,63,15,12,63,16,31,12,5,40,20,88,88,51,87,78,30,66,6,7,44,85,81,82,83,13,90,75,87,52,55,2,21,25,51,42,31,75,43,39,53,95,3,44,60,2,75,14,54,83,1,54,78,73,25,44,12,54,73,47,5,18,15,36,33,34,6,59,91,19,27,19,47,87,44,44,99,62,16,12,47,41,5,64
10,49,47,89,22,67,79,66,62,95,62,24,82,7,30,58,35,29,7,53,19,59,52,88,63,76,48,21,66,24,38,96,37,95,9,64,70,43,13,75,38,28,35,44,37,23,11,30,28,85,60,25,59,86,54,17,92,75,1,29,77,17,91,33,25,31,19,28,77,15,68,38,62,59,67,45,94,11,88,66,72,30,50,6,15,57,48,33,70,1,37,22,85,41,69,72,90,30,55,21
84,40,8,37,54,86,1,6,51,48,46,15,36,19,19,99,89,0,78,74,73,6,33,13,9,58,61,42,41,83,38,82,97,37,76,41,92,77,12,23,31,35,91,78,65,42,77,51,13,92,20,45,61,8,24,36,16,1,75,20,0,36,49,37,67,12,4,14,95,7,90,81,94,47,92,22,92,11,39,56,43,34,4,95,52,11,23,60,9,59,33,78,15,86,96,14,59,73,36,80
48,45,31,51,86,17,49,53,26,41,77,97,88,67,39,71,78,8,97,64,66,38,89,4,51,28,97,96,68,18,100,72,8,4,10,24,14,20,20,23,47,93,76,98,21,73,70,46,0,90,96,11,100,20,90,8,82,40,12,55,30,18,73,70,80,49,45,97,4,1,43,40,51,16,64,51,53,66,52,72,42,86,67,2,14,45,100,87,43,25,84,37,24,86,36,79,9,29,94,42
81,94,11,9,15,6,94,35,78,62,11,83,65,70,45,17,89,18,78,38,1,78,76,27,56,89,58,20,44,35,54,100,15,85,56,20,49,76,93,47,53,36,63,92,41,98,54,80,84,34,12,72,39,58,43,97,98,20,85,87,59,91,1,98,92,13,98,26,24,69,90,23,79,51,15,86,35,22,4,26,10,48,2,92,14,61,70,74,12,66,40,57,81,65,17,96,40,73,62,48
70,82,16,53,61,6,99,1,4,85,43,87,28,69,62,50,35,8,29,79,75,55,93,93,80,53,39,11,41,85,12,7,44,11,48,12,34,98,25,17,2,75,5,64,35,0,56,12,75,33,61,97,67,19,86,67,69,3,2,15,62,13,45,76,96,37,11,82,76,45,82,72,24,15,39,49,8,34,6,45,96,70,67,42,75,89,74,24,11,75,85,0,14,88,61,35,42,97,98,75
10,6,62,4,22,16,66,51,51,68,74,79,7,76,89,42,12,26,87,62,8,51,36,57,3,47,53,84,31,78,56,26,72,67,28,64,9,83,75,68,39,77,95,16,81,28,60,25,81,18,22,92,47,23,38,94,59,24,45,13,27,68,41,0,26,34,84,71,28,98,17,35,80,79,6,30,15,50,5,96,35,78,45,44,91,70,82,39,49,49,83,76,51,18,77,76,100,6,15,35
50,81,90,2,83,57,84,37,64,38,84,38,87,76,51,44,22,34,95,34,65,2,29,70,87,43,7,2,30,55,87,18,84,81,9,45,84,23,80,92,18,38,53,64,15,30,20,18,73,81,33,51,48,69,37,63,14,57,100,60,10,23,40,34,9,92,78,84,36,5,28,62,24,87,42,87,87,47,75,60,63,45,36,11,37,74,82,15,30,83,100,89,21,95,25,99,16,2,20,73
74,65,67,25,97,85,33,72,38,26,68,55,77,55,67,56,57,38,72,51,2,65,58,12,71,98,26,41,24,1,75,33,80,87,67,97,3,45,68,3,77,11,42,37,79,23,89,37,36,18,96,3,64,73,66,56,48,55,96,96,29,2,19,80,99,92,29,83,86,46,95,82,26,100,10,77,95,21,48,19,99,37,30,27,89,36,68,91,92,69,1,7,47,99,76,63,4,46,21,84
67,78,96,61,4,23,87,74,41,33,72,96,75,24,93,47,1,30,44,48,30,37,42,3,55,4,1,14,4,89,75,5,1,77,54,6,62,37,1,37,89,63,93,84,32,43,66,84,96,67,81,83,24,62,80,77,56,36,76,78,19,75,77,65,85,10,65,2,45,12,41,51,35,71,37,48,61,27,73,97,11,64,68,85,80,62,46,17,53,9,87,85,60,18,44,8,79,2,19,25
92,61,38,87,73,59,46,29,65,91,91,85,41,37,43,66,59,68,79,20,26,91,1,89,59,99,51,40,86,10,72,15,28,71,12,66,99,44,23,77,25,59,11,48,25,32,90,63,42,59,78,98,88,4,11,10,31,32,63,62,51,58,44,57,100,49,73,46,16,63,1,81,90,86,13,80,30,34,12,6,36,5,76,20,78,14,84,72,16,56,32,65,10,41,43,96,22,68,77,35
13,88,93,33,60,5,33,74,43,90,48,23,68,85,44,87,82,66,0,4,58,76,77,44,44,70,50,33,2,40,26,70,45,71,56,71,91,47,74,44,19,38,95,29,2,95,47,4,65,85,23,45,71,44,70,59,27,43,45,29,78,35,94,36,98,61,34,24,88,51,2,55,5,44,46,58,81,39,31,24,47,62,55,62,4,88,64,8,18,85,27,91,70,85,60,98,90,87,53,16
98,33,13,57,54,27,34,64,60,24,9,96,78,78,86,9,57,90,97,72,33,84,25,83,24,70,83,75,45,83,66,60,69,95,14,98,84,46,55,5,41,0,65,97,37,14,60,69,75,84,23,48,79,36,61,90,82,8,6,62,5,95,2,26,79,29,17,77,95,0,57,35,17,98,42,93,82,30,12,90,8,4,92,79,33,7,27,1,100,82,74,68,31,89,100,15,94,24,11,56
33,85,82,12,20,26,91,67,94,15,19,84,0,2,41,29,69,64,11,35,17,56,94,83,6,12,52,64,100,16,81,7,38,4,85,83,94,20,93,49,56,20,89,82,71,76,78,78,12,17,1,37,35,98,96,10,3,70,61,47,39,49,13,55,72,51,48,61,80,87,70,27,23,25,18,88,75,89,8,97,72,67,88,71,28,36,46,54,99,40,14,10,35,51,89,74,24,49,68,73
23,54,90,89,76,37,73,26,13,72,99,5,73,24,4,80,93,95,77,96,5,53,34,60,25,100,49,89,8,76,37,6,18,0,69,94,91,30,9,56,35,45,59,54,81,24,27,57,63,29,13,10,54,15,12,63,93,19,80,2,3,87,47,90,78,32,11,80,69,61,100,47,9,68,69,81,34,75,15,73,17,73,9,52,23,66,93,92,59,99,49,85,99,80,60,57,49,26,33,10
68,55,21,84,76,60,79,46,62,95,68,27,24,28,24,43,92,67,18,79,86,34,27,53,49,3,39,35,42,97,35,99,73,37,40,26,33,89,99,63,14,4,73,16,98,6,23,95,52,47,35,25,39,22,25,84,82,72,73,72,2,59,58,52,27,90,21,23,85,67,90,41,72,43,36,32,25,90,34,71,44,30,56,25,77,93,22,25,68,86,39,87,46,36,17,99,66,76,79,61
74,37,21,15,17,87,82,14,41,82,15,97,47,80,69,85,85,61,47,64,53,77,38,33,11,76,37,93,10,35,76,78,78,52,13,54,88,67,46,2,28,49,40,89,3,25,41,32,51,76,94,96,35,37,77,54,56,38,79,59,28,49,51,37,8,99,14,92,11,92,69,15,95,60,19,74,26,68,58,93,22,90,32,23,62,97,52,57,21,3,99,1,99,58,14,43,68,26,17,75
52,29,29,50,30,40,13,65,57,11,93,35,88,79,96,17,20,97,61,62,19,33,40,9,84,29,39,8,97,6,1,30,54,34,49,68,81,80,32,92,3,9,73,72,45,32,30,84,66,4,46,5,40,95,74,51,34,90,73,81,95,18,26,26,57,93,9,47,80,64,22,8,15,95,63,64,56,40,51,72,58,79,30,31,62,14,4,51,49,82,24,51,13,24,79,75,6,97,17,27
73,98,93,28,86,5,6,44,35,6,25,10,19,9,6,68,4,53,24,19,60,35,16,87,20,48,6,72,75,93,52,18,12,76,87,97,16,94,10,12,69,78,54,14,15,6,13,42,75,35,35,93,27,20,69,44,36,79,44,45,26,34,14,67,19,32,52,42,85,10,61,11,37,31,96,52,75,69,8,32,25,33,52,92,61,41,13,80,64,59,87,58,15,70,38,43,31,67,38,33
41,41,69,89,23,71,66,12,39,94,17,62,20,27,74,52,50,61,48,51,83,87,84,96,40,55,78,22,89,76,59,56,7,42,56,34,21,36,71,69,76,68,96,78,38,17,54,55,91,31,83,2,21,38,17,36,29,16,56,18,4,92,79,42,82,42,59,42,38,98,10,87,17,75,15,53,2,89,77,10,95,26,24,51,100,55,40,46,63,32,92,8,75,1,92,30,18,46,83,76
15,36,4,97,65,40,76,4,12,39,89,54,36,97,32,68,55,71,87,61,17,21,9,25,16,32,11,17,16,1,45,53,9,22,10,34,30,97,37,63,45,57,61,16,93,27,43,85,48,65,59,47,34,45,67,2,9,71,89,4,51,51,15,0,15,23,72,29,55,47,10,21,44,92,85,100,56,22,73,70,5,27,76,80,1,3,97,75,59,78,70,30,75,74,73,35,72,1,33,59
98,65,16,96,88,9,85,40,32,70,53,55,55,43,68,90,3,87,40,19,23,91,2,24,39,2,58,7,61,28,43,45,91,53,27,55,43,49,62,59,19,33,26,63,87,48,13,25,34,75,3,26,67,42,75,15,46,45,73,42,32,6,14,40,43,58,4,89,5,78,6,1,73,81,64,48,22,12,20,79,16,100,29,1,100,23,19,36,1,89,34,22,97,6,23,42,80,20,7,50
15,45,96,0,79,57,46,92,4,88,41,59,33,77,96,74,53,13,60,60,93,6,22,29,82,9,20,60,94,4,91,22,41,42,88,31,60,100,78,96,99,81,52,59,10,86,65,74,82,61,21,30,22,73,69,93,80,64,40,74,14,38,82,43,71,36,87,79,97,39,80,88,72,47,23,66,32,27,87,93,69,83,25,11,53,12,76,70,13,34,36,12,11,42,14,49,17,72,60,19
35,0,44,35,57,58,79,51,6,56,19,49,93,72,72,73,8,98,75,62,92,53,4,89,34,63,17,46,78,80,78,21,32,63,38,57,12,90,12,83,91,28,20,28,73,30,19,53,36,65,97,81,60,83,26,98,100,9,32,71,76,39,14,11,10,77,95,58,88,73,91,9,23,11,92,78,100,28,77,100,72,89,71,1,12,16,21,99,97,43,89,82,80,8,13,75,15,75,70,55
44,57,98,83,88,84,27,95,23,57,36,92,50,85,62,81,61,68,14,70,95,48,72,37,61,40,75,22,21,4,31,31,65,87,5,51,22,33,95,47,12,29,9,88,1,56,91,45,46,53,12,39,0,26,1,73,9,61,20,14,90,73,85,88,50,59,10,31,50,61,23,72,72,12,63,4,61,77,17,89,38,47,61,4,52,26,30,0,70,56,38,97,71,4,46,43,19,49,19,66
72,31,61,52,3,91,93,83,2,64,99,90,53,41,89,7,64,17,41,63,34,48,95,40,27,93,62,10,78,26,33,54,21,4,19,35,96,77,98,27,12,58,63,96,61,78,23,65,62,31,66,10,90,11,42,68,6,34,9,73,27,18,39,0,70,28,87,19,2,59,33,97,60,71,21,31,20,91,12,44,38,53,76,50,6,24,19,92,46,59,23,87,94,29,26,76,70,31,45,74
15,11,78,82,25,33,20,100,85,35,48,13,35,30,68,83,99,24,13,43,10,72,49,66,33,8,55,62,97,90,63,17,89,63,14,40,28,98,35,80,66,8,70,50,13,38,76,52,86,49,78,31,100,5,97,14,98,29,62,89,19,13,6,9,55,77,88,33,30,84,19,52,20,79,79,45,1,30,47,40,71,89,16,56,85,2,20,38,20,57,16,94,85,33,62,4,74,56,95,48
15,54,7,20,11,84,16,38,16,6,21,37,57,40,61,47,35,43,73,91,30,42,92,44,10,66,76,72,81,63,97,45,56,57,39,11,85,98,30,2,92,61,72,93,87,69,9,28,43,57,29,82,9,11,32,10,7,95,79,87,78,84,50,87,93,74,48,6,50,70,49,68,5,33,16,61,9,90,18,75,90,67,76,28,96,30,59,88,21,52,45,83,55,63,55,57,95,63,81,40
6,98,0,20,1,2,80,33,66,62,7,94,47,10,78,6,1,40,63,81,82,63,34,61,1,99,5,39,85,36,5,29,38,69,1,66,38,60,56,74,96,33,45,28,29,21,84,81,15,37,55,69,58,64,39,54,87,67,71,97,15,89,65,66,43,38,13,2,86,55,80,89,65,92,75,23,1,29,79,44,34,28,23,83,66,41,85,45,8,95,84,54,95,91,89,67,29,20,59,76
1,40,76,27,11,12,31,44,77,28,61,61,59,50,54,61,47,21,13,83,11,52,31,49,30,45,11,27,4,97,24,75,74,83,67,1,18,10,84,16,72,100,21,62,20,71,55,9,48,86,3,45,14,66,61,4,20,57,77,56,34,64,10,11,30,92,15,41,83,40,9,75,64,6,33,5,24,65,8,88,35,29,26,2,60,3,76,41,12,8,5,95,75,34,32,31,5,9,23,89
69,72,22,81,8,57,58,86,49,74,6,91,0,53,6,50,91,70,90,6,99,49,40,58,64,59,20,42,77,11,52,14,16,44,70,74,6,19,9,42,21,33,27,47,81,76,17,87,27,100,74,39,52,100,39,99,45,60,85,87,28,27,33,62,54,86,92,84,74,35,96,87,77,82,6,85,1,11,53,32,96,97,19,69,85,81,68,31,33,1,12,4,29,64,19,23,58,11,60,34
3,49,18,5,20,85,10,27,44,38,19,45,56,70,30,25,30,42,86,49,39,78,92,27,42,82,35,22,97,68,10,56,37,90,36,59,96,11,61,14,37,29,49,73,26,69,38,45,62,10,76,41,6,54,39,70,74,9,28,44,69,28,95,29,58,53,30,90,4,83,22,63,53,44,53,87,21,37,32,80,30,26,100,41,56,12,23,99,50,21,15,34,91,65,16,15,68,81,24,82
43,85,42,45,60,69,56,38,47,47,44,46,11,76,66,78,11,91,44,56,2,87,56,26,83,17,61,5,100,6,42,41,94,52,95,92,65,28,80,91,33,49,44,87,17,27,32,73,72,76,57,32,17,73,35,77,61,92,9,74,92,55,27,67,85,61,76,65,81,30,35,82,85,26,52,47,72,85,36,19,0,30,52,16,62,28,22,18,70,48,74,54,100,31,34,6,84,56,25,40
27,21,72,89,36,90,89,81,47,91,23,31,29,36,0,36,88,13,24,11,6,50,84,43,13,42,21,17,91,36,28,44,63,83,7,23,72,76,98,29,10,35,4,6,91,22,88,38,4,53,79,25,74,32,56,19,94,56,11,97,8,93,84,74,37,61,79,50,12,94,11,43,59,42,40,45,24,64,12,32,57,4,43,47,73,57,70,29,88,62,88,0,60,29,73,67,27,13,75,77
71,86,97,43,31,81,95,37,79,70,8,30,57,86,8,64,50,52,53,80,38,30,94,25,76,67,74,28,33,63,39,24,18,83,91,95,13,78,93,82,23,6,20,81,20,3,34,15,61,84,2,71,71,40,59,89,0,97,63,78,44,37,96,82,18,68,47,90,32,35,8,27,72,13,48,73,79,18,10,75,44,37,57,21,85,96,85,68,2,55,14,75,10,21,70,10,54,1,23,32
69,6,66,12,20,57,16,13,39,42,58,1,72,4,34,33,73,9,98,96,48,73,83,71,66,35,9,45,28,68,45,63,73,75,16,21,29,82,20,60,1,65,32,89,14,38,3,78,53,23,97,63,64,92,9,17,16,19,0,6,72,75,85,20,18,77,77,58,65,13,80,11,66,28,36,47,59,9,18,9,39,74,77,78,73,44,59,17,22,51,0,19,72,86,16,64,13,60,25,57
35,96,89,52,1,92,69,19,74,67,41,23,21,83,10,66,11,87,29,5,1,25,15,97,19,23,59,57,88,23,61,44,36,25,17,82,51,88,92,22,14,18,32,42,18,45,49,87,64,41,46,74,24,37,43,23,31,1,80,80,49,67,93,87,55,61,38,26,72,59,78,13,96,90,93,17,28,22,82,37,96,99,83,93,84,61,81,30,42,37,87,11,23,16,100,63,82,58,63,92
94,85,24,68,88,64,78,90,51,88,85,17,100,18,51,90,64,98,76,40,94,81,16,12,57,74,35,84,21,51,22,12,7,20,18,82,39,17,80,96,96,90,36,52,48,65,37,83,58,68,81,49,1,26,31,26,14,85,11,63,100,87,10,21,50,52,53,18,99,0,41,86,18,48,18,61,5,19,36,10,69,23,46,84,93,26,89,67,98,95,59,71,26,2,59,85,32,21,7,23
50,83,100,67,63,39,70,12,99,43,95,3,39,7,62,78,61,16,79,96,86,94,91,18,24,41,85,58,76,65,92,33,71,96,17,27,1,32,96,21,98,6,64,81,36,35,43,22,61,62,51,24,72,26,79,70,70,59,25,50,79,92,29,57,14,66,33,23,52,83,41,84,17,57,41,55,54,55,52,0,6,46,15,28,87,35,16,75,42,70,99,47,95,0,55,22,47,80,78,83
7,56,90,31,13,35,10,94,66,43,27,77,14,14,10,72,95,4,72,31,60,25,94,5,22,77,81,7,35,38,25,73,16,68,16,2,90,53,35,73,60,1,1,51,94,56,49,10,56,89,40,66,37,97,20,28,96,50,56,90,11,94,68,94,82,11,27,100,28,92,31,7,6,55,38,91,82,14,11,26,96,5,0,47,96,94,48,90,28,99,56,50,78,99,82,73,23,5,52,9
62,39,93,1,25,49,6,94,0,10,66,74,64,65,65,44,37,42,96,54,34,26,34,23,71,90,31,78,39,99,88,0,54,3,93,76,54,89,8,45,87,16,55,35,28,78,2,98,15,98,35,34,21,90,70,85,89,64,65,11,98,80,66,52,53,36,35,17,20,97,62,82,71,60,51,80,6,71,98,77,81,54,0,22,27,82,47,11,89,39,41,20,40,77,74,36,54,49,30,56
69,57,66,39,66,28,84,95,68,14,66,53,12,100,34,20,84,22,81,4,11,71,84,86,4,24,83,46,41,59,78,4,18,64,66,6,16,67,32,70,54,12,28,55,35,93,32,24,75,3,43,47,83,72,82,37,7,84,39,6,11,2,8,90,17,66,13,66,37,16,89,77,55,25,98,64,78,4,96,91,51,10,94,83,16,29,94,94,97,67,91,23,62,63,25,1,56,19,45,44
72,42,64,32,6,3,88,6,2,64,54,70,47,52,26,89,48,99,70,26,71,45,20,74,58,35,56,16,15,73,10,7,89,2,34,85,73,52,42,64,37,33,99,46,85,65,74,79,42,69,80,17,31,82,58,53,51,67,99,10,31,22,31,55,0,15,76,15,32,47,1,29,40,99,71,88,6,68,76,27,46,44,84,32,54,99,37,12,77,54,30,24,30,95,81,56,41,16,30,39
63,30,22,92,92,52,41,47,27,59,24,0,88,24,35,23,24,22,15,43,15,78,28,99,55,53,12,60,8,85,70,72,96,55,4,83,97,99,51,55,72,38,69,23,55,45,19,34,1,40,84,81,78,38,67,92,14,36,69,75,99,22,32,71,97,81,42,37,23,63,74,89,52,86,6,7,21,40,82,96,18,43,3,38,81,82,74,20,88,65,88,56,87,26,98,97,21,5,3,100
70,34,50,3,73,8,68,56,76,99,3,88,88,93,33,12,88,57,27,76,70,83,77,81,86,24,48,67,83,42,38,87,87,2,30,15,91,51,53,24,100,80,33,77,71,86,71,22,97,20,44,17,53,17,76,40,54,9,54,6,5,41,51,100,86,86,54,5,64,44,75,4,65,19,85,85,82,8,3,41,59,28,87,7,2,66,5,30,87,47,94,60,6,19,48,51,3,22,96,29
36,10,76,75,75,7,39,48,77,32,4,91,28,2,38,3,24,16,86,24,1,84,42,97,77,45,27,43,69,75,3,81,60,26,96,28,59,55,69,93,12,21,89,3,32,40,27,29,49,53,11,41,84,90,27,21,93,55,20,6,23,100,57,69,71,62,89,36,60,18,63,10,75,74,64,20,8,89,18,39,80,42,59,38,22,61,48,85,49,44,1,4,7,17,40,97,77,60,47,36
66,31,61,0,6,23,73,25,11,17,23,21,42,27,58,37,51,3,100,76,46,36,25,88,73,64,15,2,1,93,75,47,70,24,50,89,17,82,97,45,31,35,97,93,50,61,41,46,94,46,91,89,41,1,72,95,88,71,89,68,44,59,68,81,43,48,25,25,23,19,62,67,61,68,29,48,62,63,100,37,16,57,98,21,48,81,75,12,98,5,42,82,30,30,60,7,77,27,73,74
20,53,84,99,34,10,38,28,80,42,43,61,2,17,39,38,46,3,82,93,94,96,31,50,45,99,10,19,99,49,32,53,75,88,30,84,67,97,29,50,38,45,63,71,75,36,39,48,74,88,72,56,69,21,21,46,2,3,32,93,96,32,18,44,11,11,23,32,99,74,3,19,69,63,7,62,12,13,32,99,54,7,47,85,47,47,66,18,33,10,9,91,21,74,29,41,9,85,91,70
43,80,8,75,66,55,79,70,72,99,76,67,40,82,94,51,65,84,28,28,65,76,34,22,26,75,46,48,85,49,52,10,24,76,28,55,11,48,7,70,87,25,85,89,14,16,8,92,20,69,55,34,87,70,33,15,14,56,8,67,7,39,92,81,27,96,5,30,67,41,80,57,37,34,16,69,15,43,40,96,27,64,100,47,32,24,55,0,56,27,93,30,91,78,21,58,26,22,30,22
2,82,31,92,91,64,86,36,53,87,75,10,24,24,31,58,38,85,69,32,38,96,19,74,47,39,65,46,56,10,85,53,93,17,57,93,71,30,27,0,27,78,35,28,91,2,61,78,89,36,93,62,59,66,8,76,5,100,15,15,34,15,14,28,54,35,27,79,49,44,13,63,68,24,92,17,85,19,23,65,30,7,23,48,69,70,13,15,45,19,60,36,89,44,31,2,72,76,22,56
19,31,53,84,48,2,3,43,84,60,7,20,99,6,80,61,76,22,72,77,81,94,63,73,65,56,0,51,100,8,99,20,79,67,34,4,5,20,94,7,52,6,45,76,40,43,68,65,6,63,75,90,78,69,21,86,71,78,8,36,91,92,70,85,79,43,95,59,92,15,7,77,33,14,86,24,80,61,29,26,63,24,52,23,8,81,95,23,59,4,93,93,66,36,4,5,65,34,77,36
69,95,99,70,72,61,6,96,58,61,44,12,40,94,47,59,68,33,36,2,55,62,25,1,99,12,72,49,72,25,48,15,53,59,71,7,5,45,36,62,12,29,37,3,24,18,70,57,14,100,49,79,72,1,93,4,83,98,91,52,30,53,98,40,17,32,51,69,33,34,88,4,11,73,49,67,5,17,73,99,35,66,94,3,84,48,47,60,28,21,58,22,9,32,96,5,27,17,99,49
11,20,96,32,87,91,39,42,46,0,62,100,46,99,45,83,95,5,65,28,15,66,25,76,48,98,31,7,20,19,43,31,50,19,99,24,100,19,16,60,84,92,18,83,80,32,33,65,33,87,12,8,67,59,23,10,2,9,74,99,75,38,23,21,41,37,73,55,51,85,28,41,17,54,55,66,13,7,11,37,6,99,23,88,79,100,54,71,3,51,97,86,66,0,49,49,54,65,43,79
27,24,30,96,20,0,98,19,86,70,43,34,95,8,59,64,66,36,79,11,72,15,84,54,5,19,65,44,100,39,81,2,32,91,4,76,65,42,36,47,51,44,27,87,81,84,18,56,26,34,100,67,91,75,37,44,51,72,29,8,90,40,13,75,62,82,92,23,21,37,41,23,49,62,5,15,92,71,25,76,53,73,80,41,4,22,50,72,21,49,32,44,46,81,8,94,63,76,65,73
9,30,15,96,85,28,61,37,57,56,74,33,5,56,42,77,55,66,87,35,59,90,55,100,11,49,26,89,53,43,16,92,45,36,63,98,56,48,99,81,12,44,78,89,49,90,29,29,78,7,4,13,78,56,59,5,59,38,99,22,55,47,61,48,68,57,7,21,43,62,45,20,97,95,37,25,32,42,64,4,11,53,43,58,22,90,35,100,34,60,99,4,28,94,24,96,9,69,43,85
65,94,59,28,30,100,95,13,37,55,4,86,77,97,42,77,100,80,54,9,94,76,89,7,83,26,59,5,39,3,28,92,83,27,77,96,23,39,91,57,0,34,42,61,79,2,67,22,13,92,77,95,41,20,4,41,40,35,34,6,41,11,40,78,32,44,72,57,73,95,69,48,63,57,18,27,55,3,24,90,37,69,57,41,68,43,47,59,65,75,67,81,27,93,81,93,0,49,37,5
74,10,47,91,77,42,73,42,64,60,77,95,88,28,83,58,97,30,78,85,0,69,95,25,34,56,96,82,73,98,84,68,16,59,29,16,45,26,87,94,81,73,27,43,49,89,39,12,90,56,65,17,23,70,75,70,40,15,3,94,74,81,71,30,98,62,86,21,57,54,8,77,47,67,76,93,77,34,55,92,47,29,77,22,7,72,17,23,32,86,10,65,36,45,78,39,37,13,28,4
1,42,1,25,12,9,66,72,79,17,64,58,8,85,13,89,37,30,48,48,83,17,87,5,11,8,11,26,97,90,80,99,81,14,72,86,39,67,29,34,69,46,86,92,48,87,34,82,85,15,23,29,57,34,42,33,20,48,97,31,69,28,28,71,11,78,63,92,83,73,96,19,61,63,47,87,55,50,40,97,4,62,4,73,69,45,86,52,44,36,16,27,92,91,39,13,86,53,47,74
42,58,51,35,17,37,67,11,55,96,41,100,3,94,32,70,29,26,3,33,86,29,43,81,9,65,65,46,19,1,69,17,27,40,43,42,19,69,38,97,100,97,19,79,72,53,14,61,65,35,71,93,14,79,13,11,93,87,83,97,41,47,92,42,85,85,80,10,58,40,92,5,40,20,35,70,55,53,11,37,80,30,99,99,72,94,86,100,3,68,25,47,79,82,45,82,77,17,97,90
81,77,64,89,94,45,21,85,52,30,82,22,99,92,62,36,99,49,8,70,23,25,21,70,91,39,17,95,72,27,89,80,15,26,66,50,58,22,19,98,54,35,50,40,32,77,41,29,26,1,16,14,33,82,16,39,42,37,61,59,79,68,61,21,91,20,30,79,10,85,12,26,12,37,62,26,48,70,6,76,75,38,26,3,71,49,15,64,36,39,83,53,41,61,72,7,66,29,83,63
60,54,23,60,88,0,30,24,21,16,65,40,5,99,3,24,94,94,49,41,86,50,16,26,9,93,69,75,79,70,20,62,26,55,89,21,49,68,35,19,85,0,35,38,3,32,54,100,74,23,84,12,74,28,58,33,5,49,7,48,60,44,97,13,43,71,40,49,62,43,23,21,91,32,59,37,44,8,11,56,67,4,65,74,8,37,58,7,18,35,91,29,78,76,25,51,21,34,100,54
26,68,94,16,3,43,44,91,87,89,31,7,72,75,79,19,89,1,7,92,75,12,36,33,0,76,7,72,71,96,31,66,10,43,43,84,28,96,83,32,76,30,9,23,13,85,52,1,85,50,8,83,99,77,44,54,73,36,13,52,81,18,71,7,99,94,17,16,63,86,68,18,11,12,75,40,87,86,65,28,20,47,29,96,21,12,99,95,15,98,9,98,13,30,6,56,56,64,96,9
9,34,53,69,29,72,0,59,95,87,83,21,25,74,35,10,78,8,21,88,91,0,74,78,23,78,8,38,84,12,28,25,67,8,86,27,46,36,44,41,59,2,71,35,81,31,60,41,32,36,4,17,96,93,78,89,69,42,69,80,30,70,68,39,77,29,59,64,41,31,0,93,47,31,0,93,75,19,71,85,99,28,43,76,55,43,32,82,6,52,35,36,90,92,21,73,77,42,95,52
62,88,66,81,25,15,40,92,1,69,25,9,96,6,100,100,27,75,81,26,38,38,4,6,60,6,4,65,97,19,12,4,28,28,5,6,15,97,59,93,81,43,38,94,96,3,43,57,70,25,43,15,85,22,35,23,31,33,55,38,46,7,21,66,74,57,60,23,0,4,26,19,82,77,33,19,82,81,68,92,20,80,53,63,67,29,68,19,79,62,43,25,33,45,53,96,29,93,68,16
63,37,25,2,44,67,93,65,18,76,69,48,55,72,20,76,45,35,97,90,100,40,100,12,62,88,80,27,66,46,19,48,87,36,44,87,51,59,62,97,2,96,93,86,67,94,68,21,25,90,50,33,33,45,100,69,76,19,62,21,61,94,39,82,74,85,33,92,28,99,36,1,23,0,21,80,67,60,60,60,97,53,36,23,63,96,37,93,75,30,88,57,42,48,25,46,41,70,76,19
19,78,46,78,24,46,44,67,18,14,83,13,64,18,93,63,4,92,83,18,98,49,61,89,31,63,40,3,69,34,48,100,43,57,52,94,1,54,23,89,45,71,73,3,98,32,20,1,66,35,31,98,46,26,85,66,48,48,55,23,23,73,82,24,96,69,55,10,74,15,96,26,92,95,19,5,32,0,67,18,86,62,1,15,35,98,24,100,51,47,73,85,67,69,76,43,98,67,49,70
8,93,67,98,61,12,59,92,16,23,24,63,63,30,64,20,84,62,19,26,94,24,30,23,43,83,27,57,18,4,42,13,67,38,85,35,95,14,85,36,90,21,20,41,77,60,41,31,59,90,85,31,22,26,52,28,8,60,94,43,60,61,16,30,63,78,59,90,38,78,1,75,67,9,14,55,79,73,2,58,39,1,9,96,62,21,41,28,23,70,35,6,84,21,66,80,21,48,27,24
97,0,82,100,36,13,62,11,39,71,41,27,7,21,39,100,81,99,58,40,87,12,80,65,89,52,2,7,21,35,12,5,49,92,42,24,85,4,36,42,54,53,59,1,14,78,94,91,46,92,6,75,50,13,45,48,29,60,24,76,51,38,75,6,24,29,17,60,18,62,80,50,76,80,25,45,87,25,37,39,63,27,83,70,98,42,90,14,10,7,88,94,31,32,27,34,3,6,27,83
99,37,20,73,95,62,24,0,23,100,48,64,25,10,48,63,4,25,3,47,10,79,100,80,19,22,64,4,22,17,9,82,57,46,97,78,36,22,51,48,98,56,35,60,57,80,57,12,97,49,96,15,80,12,55,21,43,64,81,9,4,97,9,48,100,60,49,27,80,88,46,22,1,24,25,66,33,60,8,54,30,59,100,92,66,90,4,7,1,51,39,97,6,80,52,89,40,47,48,89
9,67,16,66,44,54,26,2,61,8,78,60,39,91,19,95,64,51,100,12,61,71,18,40,82,65,35,10,30,84,47,33,92,72,24,48,6,73,60,75,57,64,26,90,30,67,54,78,30,95,65,90,49,71,78,9,84,43,89,76,76,37,41,30,78,9,35,31,62,52,50,6,79,73,80,2,12,75,34,35,1,54,83,84,98,45,61,14,48,87,70,100,59,33,72,59,43,56,39,63
46,34,3,71,84,70,84,78,20,58,71,89,5,82,33,68,15,72,24,66,97,54,38,71,79,62,60,86,80,73,94,33,16,41,82,47,23,7,46,94,83,60,89,22,60,88,100,4,75,42,0,78,12,67,25,70,8,3,61,64,66,2,74,51,28,74,81,68,78,67,17,30,62,26,15,12,41,42,47,86,1,2,39,54,0,19,21,13,9,64,96,85,27,8,99,54,33,18,61,63
91,83,70,16,6,46,89,90,64,7,34,48,92,53,35,24,83,82,10,95,88,14,22,28,55,29,64,1,21,87,9,15,6,11,47,32,51,16,36,41,0,74,99,44,62,52,37,67,46,24,32,36,86,71,11,62,51,7,54,13,20,73,69,45,96,40,88,84,9,17,58,22,4,38,52,9,22,90,64,70,21,67,82,30,22,20,23,5,61,66,23,88,58,100,53,93,49,29,31,31
22,49,48,4,19,93,7,40,30,59,31,49,71,46,37,50,6,48,60,50,83,91,74,20,80,62,24,52,12,12,30,55,43,9,0,76,90,84,63,1,53,77,77,54,72,57,43,63,1,32,59,98,27,51,50,95,31,71,27,100,70,89,19,29,22,36,6,62,74,45,42,20,55,68,6,34,36,66,22,53,54,87,33,36,28,73,11,63,9,68,12,30,90,81,12,8,94,6,90,67
39,90,33,17,27,62,68,1,35,93,94,19,43,40,92,16,85,89,82,44,97,22,96,44,63,85,40,76,81,80,37,46,97,89,50,87,36,59,92,97,37,81,95,7,90,46,61,28,95,49,20,48,93,9,49,81,48,5,15,21,92,49,30,26,22,62,46,79,59,54,42,80,3,80,24,16,2,22,38,10,93,11,41,82,63,53,44,36,94,19,26,48,70,72,51,2,38,0,55,75
81,13,96,4,29,35,17,43,31,93,84,5,22,21,24,69,76,67,31,18,0,72,61,10,12,75,21,55,0,19,71,81,91,99,43,53,64,24,31,90,8,37,68,36,64,88,25,57,2,50,100,56,37,94,49,7,90,81,84,45,16,81,80,1,32,6,76,9,59,60,71,76,36,94,99,34,61,83,23,37,99,3,86,86,96,17,20,13,85,61,66,77,43,20,97,21,68,98,40,93
85,56,32,74,72,85,24,62,93,54,78,17,59,4,52,38,73,83,27,35,56,75,47,1,11,11,73,47,73,62,18,38,63,94,6,3,31,48,64,82,60,29,65,72,53,25,4,9,1,94,71,42,18,23,30,23,2,14,26,29,25,56,98,58,35,99,98,9,60,69,88,9,57,73,98,0,14,21,64,11,63,53,29,70,19,6,49,84,91,100,8,97,51,40,78,39,90,79,7,82
14,91,66,10,29,63,69,10,51,45,31,96,82,88,74,94,32,95,65,94,46,10,95,84,90,27,44,6,30,53,71,65,96,11,80,46,20,92,37,92,31,6,27,61,90,85,70,97,88,69,92,73,40,89,24,93,40,0,29,75,30,45,29,18,37,81,87,87,37,88,100,91,46,62,23,79,22,61,93,35,87,97,34,77,98,28,54,80,0,12,22,1,13,92,86,35,75,84,39,80
26,69,50,33,92,27,0,2,20,82,86,87,98,45,74,64,27,10,26,90,45,56,39,67,99,65,83,95,24,66,18,20,42,56,72,15,46,47,78,14,36,15,37,86,95,92,13,26,72,54,59,12,38,50,77,81,22,66,77,11,42,66,97,84,38,17,4,90,68,37,77,40,22,6,48,62,98,89,10,18,33,43,59,94,67,8,14,2,86,7,79,82,5,30,71,46,57,100,5,35
5,41,17,70,35,74,82,61,61,16,75,99,9,46,24,78,0,91,72,4,13,92,4,5,11,24,61,69,20,28,43,42,57,18,16,86,13,37,29,82,87,15,15,80,28,66,35,4,55,55,86,90,36,5,93,71,33,50,39,5,4,27,27,73,11,37,73,72,13,83,4,69,62,93,99,48,89,79,94,54,45,47,13,69,78,25,41,22,67,51,68,78,78,17,15,28,54,21,32,7
96,3,41,28,92,37,98,74,45,31,32,54,40,95,42,68,72,69,31,62,75,2,80,47,70,18,20,70,42,6,53,3,52,13,65,80,26,20,47,77,58,95,29,96,60,0,69,11,17,87,52,97,17,72,13,94,42,51,82,88,90,94,97,44,67,58,77,65,43,29,72,19,93,87,56,27,93,98,11,14,57,59,69,98,19,86,36,22,38,79,1,59,94,50,63,75,21,90,80,9
36,12,91,3,27,9,100,83,49,58,54,3,74,45,26,76,64,46,59,72,3,44,18,80,11,52,13,27,19,65,61,92,60,51,52,40,8,69,81,45,86,29,45,60,11,34,4,86,23,90,38,16,9,19,49,59,22,2,79,8,9,98,76,39,54,69,30,36,30,87,48,5,55,17,77,8,59,15,88,81,77,92,41,76,88,94,38,49,73,20,20,7,40,67,22,74,11,28,59,40
80,39,97,13,59,82,0,13,70,40,34,43,26,36,63,17,31,2,94,98,96,45,33,43,7,33,50,10,53,42,41,30,38,61,71,30,44,53,19,37,86,27,86,40,28,95,50,80,28,17,0,84,46,14,30,37,77,96,27,96,5,90,59,90,63,3,56,21,69,97,27,67,62,7,40,43,22,75,29,77,41,66,44,75,28,50,69,29,28,37,86,82,7,75,12,81,0,76,73,48
10,20,6,2,13,16,52,32,37,45,87,70,15,40,79,32,19,38,75,20,33,71,46,0,83,98,38,60,1,100,88,98,15,91,27,4,43,69,76,44,71,94,59,63,83,96,49,96,92,67,39,98,60,75,61,60,84,62,35,19,8,97,8,26,13,48,78,23,24,49,59,77,90,56,5,7,80,26,38,84,19,61,61,61,11,73,92,32,40,32,5,78,97,35,75,33,97,90,14,50
16,98,21,90,72,8,83,27,26,88,55,77,6,34,10,71,98,90,52,21,26,13,0,6,44,8,100,10,86,81,50,98,44,3,86,5,53,87,82,34,33,34,55,82,69,37,24,47,5,42,79,98,14,80,18,39,85,48,3,28,33,68,53,66,36,92,40,22,57,1,100,92,92,28,97,43,81,93,90,15,55,91,45,48,33,49,86,77,45,32,60,94,67,3,63,51,83,29,80,88
32,62,28,17,42,17,82,83,40,83,42,78,13,77,33,78,30,55,74,100,37,50,8,71,8,21,31,78,64,77,92,65,25,85,35,21,94,90,62,22,88,81,16,30,39,22,11,4,97,4,83,21,0,38,68,25,8,23,25,74,3,32,8,52,77,61,7,73,11,55,28,35,32,5,25,4,49,93,62,34,88,40,38,73,25,0,41,62,16,65,24,69,46,33,83,40,13,42,39,5
66,41,40,60,55,65,41,72,20,31,99,71,48,61,55,23,36,92,48,72,7,76,0,71,15,43,67,92,32,73,49,26,7,3,67,29,84,46,48,52,75,93,46,49,18,32,53,34,25,91,45,50,37,35,76,80,80,94,73,73,71,25,89,61,42,38,67,80,52,3,69,68,9,2,52,1,35,13,75,90,56,89,75,99,97,7,50,23,46,90,0,60,3,75,53,84,60,61,64,32
15,47,47,59,46,59,95,19,13,100,8,33,97,64,12,52,46,53,91,97,100,98,52,51,6,86,52,15,11,70,54,8,51,61,92,37,23,61,21,63,42,86,18,8,70,72,27,57,32,23,76,33,23,18,66,26,73,57,77,59,81,50,16,73,51,12,78,78,95,53,2,84,76,59,89,27,20,55,0,24,81,84,41,67,26,86,46,100,19,97,10,40,45,48,83,48,43,45,43,47
26,71,49,91,65,28,72,55,19,62,16,68,82,91,77,19,32,61,73,3,88,92,2,53,65,2,11,99,25,8,32,46,77,6,31,66,3,88,82,85,45,87,30,13,63,91,97,17,41,32,23,75,12,49,59,56,63,28,4,53,18,80,73,83,6,44,26,10,85,66,2,6,18,29,87,7,61,56,92,11,45,34,98,41,48,19,46,50,97,72,71,34,15,87,98,14,9,32,42,89
61,24,30,24,72,3,95,49,19,97,2,62,8,36,42,13,34,82,44,96,42,75,17,67,38,80,80,7,94,76,47,54,16,1,27,22,58,75,76,14,54,60,90,52,38,23,74,47,48,99,96,75,69,51,63,1,3,25,8,90,3,57,30,92,2,77,100,100,26,61,18,8,8,22,79,90,56,9,28,74,49,63,13,97,87,0,92,42,51,4,48,82,89,43,66,91,89,5,35,99
43,21,86,48,64,10,86,53,86,70,16,75,22,8,60,5,97,44,19,11,25,35,42,66,65,48,18,84,0,45,16,41,62,32,11,47,63,60,97,86,81,85,34,23,12,29,67,60,36,97,37,34,89,82,62,96,26,69,36,16,50,32,81,39,14,24,5,36,73,56,59,48,65,86,23,93,78,41,50,34,79,22,87,96,82,48,37,57,74,12,87,64,22,14,44,15,63,30,71,76
61,66,23,53,47,73,88,48,92,36,5,45,71,52,94,8,57,56,83,32,72,6,8,14,81,3,13,49,71,96,78,67,92,34,73,31,77,63,26,80,40,33,22,82,75,86,17,34,29,8,93,47,43,22,90,6,53,57,79,16,92,93,70,40,55,19,10,58,65,14,9,26,14,76,52,33,78,88,20,33,27,36,49,10,67,42,58,25,26,21,42,4,1,63,12,41,20,18,67,34
83,67,81,80,33,4,1,73,9,24,34,83,85,90,29,35,92,79,46,61,37,35,34,17,98,86,35,74,49,58,52,46,0,81,12,26,53,69,96,72,64,65,19,31,64,59,27,49,11,29,91,12,0,27,92,8,66,51,37,74,93,51,12,39,31,39,68,28,3,54,16,83,0,56,70,76,87,10,86,99,4,64,5,7,36,74,59,77,15,1,1,44,11,75,98,81,52,26,10,20
4,64,90,100,58,88,25,47,84,13,49,17,52,15,80,84,7,22,90,88,77,49,44,23,80,0,74,68,71,13,78,98,8,57,78,39,6,77,1,42,87,54,11,17,11,17,77,89,9,92,27,34,45,46,44,77,34,51,49,82,79,17,74,3,17,75,18,44,72,24,77,19,81,12,5,33,42,84,97,10,61,6,30,52,59,37,10,8,44,78,55,37,87,63,70,85,82,2,4,7
96,93,50,41,26,97,25,64,24,6,59,73,79,73,11,62,48,14,42,32,11,4,10,66,80,88,96,79,80,10,74,81,96,16,78,44,53,13,42,9,42,4,73,15,17,91,72,34,64,11,82,18,100,8,62,98,77,59,47,22,20,57,60,58,51,34,87,11,0,89,91,21,20,42,48,25,48,70,22,8,18,60,44,24,19,68,35,26,72,10,76,15,82,44,29,84,25,91,41,27
18,69,82,87,43,7,35,51,93,61,14,50,100,33,36,15,16,46,56,68,64,54,42,88,9,25,14,25,16,32,83,96,50,16,93,85,80,63,47,69,30,98,64,48,66,33,14,25,90,3,17,60,46,75,8,100,69,5,15,4,88,25,25,22,67,33,51,19,78,76,88,68,11,98,27,55,23,65,69,8,78,43,20,5,76,37,88,49,95,59,8,92,46,81,70,54,63,81,18,76
75,53,9,96,14,17,32,31,12,3,11,98,8,99,10,44,1,51,28,74,16,5,75,37,40,93,8,63,12,14,8,70,10,35,24,18,97,76,98,23,88,64,56,5,51,50,4,89,75,81,53,11,41,70,70,33,21,33,69,5,55,70,21,63,49,98,16,86,51,0,62,30,26,94,28,85,62,41,74,55,8,73,47,7,88,49,90,0,95,30,45,16,58,46,35,25,68,17,100,98
98,16,66,46,96,20,62,100,42,68,78,91,92,59,62,2,7,63,98,38,20,16,42,19,41,96,42,99,57,65,48,60,72,27,6,4,23,32,6,29,29,6,6,34,49,55,82,100,40,48,77,55,71,97,57,72,97,83,6,94,15,23,13,26,2,11,33,56,32,60,76,97,72,10,80,76,63,1,74,22,72,33,8,5,83,16,30,40,5,45,26,41,59,95,66,58,45,33,13,42
96,74,72,51,65,69,49,65,32,62,71,73,56,60,66,23,5,2,11,68,92,89,37,81,69,47,94,86,98,12,43,58,18,9,11,9,16,58,37,40,5,89,14,77,22,61,25,77,22,9,62,58,80,81,19,61,46,55,79,91,44,10,0,68,83,49,55,89,98,31,18,70,55,69,25,62,76,14,40,93,85,44,95,10,23,48,56,76,23,56,74,86,43,13,52,93,2,77,94,87