53,61,71,62,95,79,92,50,0,87,22,45,32,79,17,22,39,96,11,87,10,2,60,85,69,75,51,0,74,78,91,32,65,73,46,29,62,36,3,12,39,92,38,63,42,90,74,89,32,20,36,10,3,57,94,89,76,75,0,1,77,78,30,32,28,87,67,4,58,25,94,6,85,28,53,27,65,67,62,27,16,7,44,33,64,72,58,47,18,34,10,36,34,66,51,58,55,3,92,29
92,8,6,36,71,5,77,70,58,34,57,70,93,38,4,71,54,13,1,14,66,10,26,89,8,39,13,22,33,91,76,94,35,94,58,31,69,95,66,71,39,62,10,47,96,100,53,16,87,10,14,35,32,62,87,42,22,89,35,5,91,31,81,92,49,55,24,13,87,82,8,22,20,10,6,73,35,54,42,79,67,48,22,27,52,81,61,18,64,34,23,56,33,11,63,66,43,82,98,65
54,93,37,29,5,75,44,37,99,81,49,73,35,63,42,35,81,68,14,63,71,58,72,54,23,41,51,10,65,41,94,48,10,35,26,25,32,63,21,15,76,99,95,32,5,64,4,22,79,81,85,87,19,11,10,56,24,29,22,7,7,84,76,79,99,50,96,100,13,53,56,95,91,93,37,61,59,19,19,29,65,1,81,62,25,64,20,14,0,64,17,67,69,75,55,94,19,77,30,5
85,93,11,36,5,78,6,8,21,99,80,58,93,76,77,62,37,75,63,23,19,76,18,84,90,30,45,69,19,2,92,15,21,27,63,81,53,7,72,13,74,100,90,78,60,84,61,0,51,4,63,30,72,33,29,27,64,73,72,69,89,15,22,85,73,33,12,88,60,69,16,76,38,17,75,97,59,11,76,1,96,58,81,80,5,9,15,59,49,75,33,17,57,52,59,28,87,54,39,80
29,51,31,73,88,92,39,58,28,43,44,33,76,55,27,85,32,43,26,20,92,56,49,100,66,30,75,58,27,71,35,15,96,32,26,39,41,83,42,22,3,28,99,38,89,13,63,13,15,75,60,37,2,0,58,43,97,31,62,99,77,94,40,99,62,60,67,67,96,32,58,41,37,37,28,38,16,3,78,85,42,12,83,75,0,24,52,44,98,92,64,30,98,46,99,19,14,32,40,46
36,33,16,70,8,65,79,57,21,40,30,9,29,100,54,79,16,68,41,48,100,78,40,16,86,31,88,69,86,47,19,48,45,81,87,61,96,55,44,13,40,59,26,7,25,13,4,43,56,60,57,100,6,36,70,79,5,17,2,36,43,3,44,90,86,94,24,20,61,5,2,72,17,94,72,84,59,87,1,87,51,95,79,9,22,71,0,84,54,17,22,82,66,68,93,68,3,95,48,50
96,89,4,76,25,71,65,57,20,61,70,76,36,92,19,32,66,38,19,41,36,82,90,4,74,0,49,46,87,25,20,98,15,44,83,5,52,5,43,58,0,45,83,49,60,90,82,31,85,66,84,22,50,49,77,15,56,15,53,21,69,57,94,92,88,81,35,19,39,17,91,90,95,10,6,4,100,18,43,45,95,0,87,56,95,30,52,28,79,45,11,71,23,64,85,44,5,86,51,61
54,88,70,49,44,34,6,3,61,15,39,12,100,80,41,38,10,8,19,36,2,31,86,89,3,93,21,97,68,42,80,20,76,22,15,59,36,15,27,7,49,19,82,5,53,7,55,62,59,100,97,1,51,88,43,72,65,72,70,31,19,83,17,91,41,8,62,10,21,69,1,74,49,45,17,37,37,53,28,36,7,55,49,62,18,75,58,4,94,4,6,29,69,75,49,8,11,69,83,32
57,21,88,44,81,12,94,50,87,60,4,65,72,7,60,8,35,3,23,24,81,15,89,23,60,8,56,56,88,78,7,82,78,66,97,77,41,73,45,42,45,11,12,8,70,68,54,72,7,50,63,9,19,5,5,77,85,55,97,49,65,96,76,26,94,38,13,95,73,43,52,57,41,86,25,1,57,89,49,37,24,75,60,2,90,23,7,50,70,24,37,60,26,73,70,87,64,75,53,11
61,10,25,72,51,13,32,0,23,51,33,19,6,57,93,24,65,94,47,37,7,58,64,23,88,63,28,5,97,86,26,45,70,86,36,36,76,49,43,73,15,38,55,62,100,64,71,23,28,34,80,61,84,36,79,84,72,39,4,28,68,5,65,72,91,17,55,61,47,15,48,3,60,25,38,91,85,49,0,0,94,3,81,42,79,38,94,79,3,38,17,76,52,67,51,65,63,51,36,36
1,20,76,48,66,3,7,85,15,87,5,26,1,97,59,87,88,75,75,60,92,57,39,27,43,80,9,93,69,32,86,58,8,33,41,32,39,60,48,77,32,82,95,70,33,3,100,72,85,21,12,67,83,79,24,75,82,40,60,47,40,53,65,40,31,38,78,98,65,8,79,65,1,23,71,85,21,85,77,20,13,36,74,35,4,12,14,37,18,0,69,45,23,88,63,18,6,95,54,38
31,35,47,41,54,40,93,35,71,0,20,66,87,59,38,83,12,66,41,21,40,30,71,86,82,89,94,41,91,95,0,30,43,22,42,69,60,45,97,14,2,85,22,58,10,87,30,65,18,25,6,79,98,31,23,35,78,76,63,98,32,36,13,17,80,20,10,25,13,39,54,39,5,60,63,27,35,37,21,60,53,52,75,36,22,76,80,43,20,75,57,75,20,33,89,1,16,61,22,16
54,89,100,21,76,9,83,5,1,98,97,84,31,59,28,0,88,74,2,49,93,84,59,95,18,97,63,44,31,95,12,15,32,57,62,81,47,27,67,28,28,5,64,12,97,47,72,61,84,42,50,96,25,33,5,45,80,75,95,6,0,2,100,56,55,42,64,71,55,11,3,83,93,13,98,4,26,9,52,14,81,54,36,35,28,7,38,39,92,84,12,77,49,100,71,41,18,57,3,17
87,91,10,96,66,35,44,14,97,6,16,65,48,36,69,10,3,80,5,21,90,91,8,94,36,50,99,16,98,65,83,94,74,24,29,37,27,85,55,20,34,67,99,17,55,37,77,79,26,68,7,94,3,32,32,20,12,19,80,57,25,86,86,90,14,48,53,9,27,92,14,50,47,25,32,23,65,58,52,69,35,85,77,22,89,48,54,2,58,30,2,80,0,12,54,63,63,9,26,70
69,81,53,11,87,16,21,79,60,0,96,97,42,60,39,92,34,17,27,11,80,26,69,67,29,52,42,80,59,69,78,97,43,41,49,80,18,37,51,52,83,20,68,76,17,59,95,4,0,82,52,36,47,15,8,51,74,36,86,59,19,39,91,31,88,44,58,29,17,64,73,35,86,57,83,29,90,34,44,11,79,13,36,31,78,12,37,42,93,98,32,66,14,55,62,47,68,29,25,59
59,67,89,92,78,73,68,25,9,22,1,40,75,93,34,60,23,79,86,55,99,6,40,41,32,59,90,44,95,98,50,32,66,64,4,12,17,74,29,98,3,91,73,35,33,41,50,36,34,38,45,96,68,100,40,48,58,92,47,42,20,90,62,18,6,69,2,35,16,89,18,17,28,24,54,6,74,29,70,7,15,88,38,56,51,98,18,98,87,2,87,91,55,53,54,3,36,79,51,52
80,43,27,59,79,38,13,60,77,22,68,26,70,11,85,17,47,97,55,36,32,52,50,25,2,48,69,45,80,48,12,3,93,77,90,73,97,58,15,8,4,89,65,12,42,46,57,11,75,37,41,61,20,26,0,57,70,15,78,60,95,58,10,49,71,74,71,88,22,97,84,46,73,69,61,45,21,65,17,88,52,79,61,37,94,14,6,94,82,79,73,75,6,59,99,80,29,76,99,9
45,28,76,54,93,69,55,80,62,20,100,62,60,61,100,29,46,59,28,20,4,5,0,2,51,42,0,51,0,68,29,9,63,88,84,86,99,73,57,23,61,51,65,7,9,89,0,48,96,37,2,58,99,16,99,54,45,64,87,90,52,91,9,33,9,27,63,56,82,74,19,32,12,15,24,8,46,95,44,41,3,52,14,42,81,35,24,48,11,6,32,8,14,51,39,13,21,47,82,76
82,46,74,55,67,7,19,96,32,84,96,18,30,77,16,17,53,84,54,73,7,16,78,13,50,81,95,51,85,15,36,18,38,10,21,3,79,82,43,58,93,56,61,27,69,97,5,92,50,44,89,51,66,83,99,58,54,29,91,14,10,14,96,39,87,64,70,13,98,19,23,32,83,68,4,20,45,59,92,95,5,2,41,70,99,19,40,85,88,91,74,0,83,27,29,25,73,43,14,55
13,62,96,22,71,51,95,86,55,72,10,55,100,47,6,44,73,80,48,34,53,93,55,82,7,14,94,65,78,10,14,47,79,64,18,47,90,35,1,68,87,77,54,75,26,23,5,24,92,43,31,56,100,3,55,34,4,18,77,13,11,91,59,82,14,35,26,56,100,82,47,50,85,57,6,46,80,59,51,74,8,51,59,59,18,77,80,35,11,12,4,87,11,86,81,35,60,75,42,34
89,77,88,65,5,90,90,25,65,40,71,54,61,22,71,13,93,63,50,86,17,46,24,62,45,95,3,84,92,60,3,10,82,1,24,0,4,85,96,78,40,13,60,7,25,62,5,91,61,21,70,24,17,91,23,88,39,4,96,40,36,88,23,55,0,57,66,43,71,87,74,83,94,83,96,93,5,30,61,1,72,34,74,78,35,47,21,51,27,43,98,79,78,17,73,1,56,56,0,76
69,52,46,73,93,6,71,98,90,31,54,95,72,82,94,96,23,43,19,95,41,61,69,53,65,41,97,45,46,5,66,67,44,52,98,76,94,96,59,56,92,57,33,19,32,45,83,20,63,64,86,29,90,67,61,58,32,0,77,59,35,44,60,81,59,56,80,97,7,43,12,12,62,23,97,99,45,90,61,85,68,38,29,3,74,15,96,84,49,50,1,54,82,32,6,2,61,27,30,25
21,16,13,24,44,37,54,20,25,8,52,80,66,43,74,47,13,13,53,61,97,94,11,30,31,60,63,72,83,3,100,8,60,3,26,40,47,78,4,13,41,73,93,5,52,47,3,16,93,49,12,33,77,57,65,57,18,6,9,21,90,76,61,89,59,67,58,54,98,62,88,41,56,35,56,89,76,56,61,17,49,12,55,7,63,64,1,4,86,64,28,72,66,17,95,22,15,29,44,18
25,16,96,58,64,35,5,50,95,74,77,53,89,58,100,28,66,77,55,89,97,81,80,79,92,56,23,20,96,51,43,47,3,0,63,0,89,23,93,58,66,48,10,65,8,89,9,94,26,64,59,1,84,4,11,28,57,77,85,80,96,86,65,50,33,17,23,20,25,45,50,3,88,94,63,40,62,72,89,82,82,62,7,17,59,43,67,90,94,78,83,84,89,30,67,31,70,48,5,2
66,7,83,98,70,88,33,25,84,7,60,26,40,12,52,77,97,53,45,22,88,73,10,1,31,89,4,41,33,21,35,9,25,27,36,96,50,9,96,47,51,71,80,94,19,31,1,60,38,65,79,74,69,52,94,62,97,75,35,9,67,58,10,33,32,15,91,33,16,77,54,95,51,9,90,68,64,82,17,84,28,95,7,1,79,3,27,49,50,38,58,43,34,47,13,63,6,4,81,84
29,5,24,21,30,14,36,48,39,86,63,65,28,51,9,73,36,42,24,81,52,40,36,99,6,65,57,17,28,13,4,79,63,51,38,55,28,28,23,85,85,27,64,58,97,46,92,39,76,3,59,90,77,97,60,35,78,18,70,61,76,19,18,54,9,85,23,80,26,29,80,40,37,52,45,85,98,45,89,49,100,69,22,66,74,55,65,55,79,18,26,99,77,5,93,78,28,17,49,82
16,73,35,78,79,25,18,28,69,84,33,93,26,38,28,93,72,0,51,10,72,69,22,63,83,11,62,36,95,23,36,98,34,35,92,57,3,18,6,15,56,39,80,29,94,86,41,97,10,79,75,48,96,67,91,11,76,83,17,85,98,98,76,15,55,5,78,72,100,18,62,54,50,32,90,2,49,93,68,77,28,33,35,14,75,19,84,36,20,17,25,95,67,21,17,19,45,80,36,83
12,63,28,40,31,82,16,42,63,54,59,10,81,7,3,63,52,56,94,57,88,59,57,90,18,25,93,37,92,13,2,17,90,77,11,38,79,65,55,56,76,83,82,47,56,23,6,30,79,9,26,89,34,43,32,17,50,93,96,43,87,80,86,61,59,61,60,57,27,14,19,17,24,79,4,16,30,73,27,44,18,95,61,38,34,21,67,74,43,19,25,88,55,72,57,18,71,61,78,88
82,3,42,67,94,26,39,26,26,95,18,46,100,73,1,5,94,18,28,19,24,84,1,82,84,73,27,54,46,18,98,13,80,52,43,19,73,51,19,96,25,86,5,15,21,36,18,84,65,67,27,16,1,45,23,96,61,81,39,84,89,26,71,11,44,43,99,98,63,39,68,54,52,92,95,3,20,54,10,60,54,79,94,31,17,3,47,99,63,17,5,48,22,94,33,79,95,100,6,74
64,77,40,17,35,58,21,63,57,70,3,86,69,5,45,94,50,24,20,55,53,59,37,52,27,55,9,94,74,49,71,5,53,30,49,94,39,52,7,67,63,60,18,59,61,30,90,55,38,68,66,29,13,51,32,40,75,68,95,52,5,71,87,28,73,47,64,9,84,30,86,43,25,57,91,41,31,50,16,82,7,77,30,32,53,68,44,96,39,90,31,97,42,57,49,1,92,78,84,61
44,95,78,17,47,58,3,20,43,92,5,61,39,54,10,68,71,81,5,99,1,8,54,95,75,63,83,95,88,34,62,88,97,90,93,72,20,17,20,9,80,23,78,41,62,62,82,44,32,14,9,43,86,26,12,3,60,78,64,67,84,11,70,64,76,53,37,52,28,6,64,7,73,20,38,66,7,8,37,38,41,91,19,65,82,70,20,6,23,64,82,74,14,71,97,12,100,27,75,39
21,97,100,74,31,64,76,31,40,49,3,56,16,24,92,68,3,68,49,1,76,78,82,17,41,99,90,95,53,85,14,11,61,45,79,99,96,61,83,63,25,0,15,68,40,18,16,35,96,19,58,9,37,15,6,95,26,36,79,54,87,58,62,92,80,58,25,27,72,26,29,9,22,1,57,87,65,97,81,27,54,23,74,94,20,62,91,42,60,78,76,9,58,2,0,82,77,89,70,85
67,11,71,62,84,81,74,16,78,14,82,43,8,92,47,75,55,36,64,87,25,58,37,57,31,64,34,67,16,77,20,13,53,40,58,98,49,80,38,85,86,14,74,9,66,66,91,63,79,70,90,38,49,18,87,59,37,7,51,81,51,99,46,57,43,21,58,34,39,80,86,84,55,74,98,65,92,85,32,74,91,38,48,59,69,49,17,56,78,79,9,7,37,100,67,65,17,27,17,18
89,28,84,12,21,49,81,23,40,67,19,100,2,56,18,99,23,54,50,36,6,80,24,50,88,83,0,89,90,73,51,33,64,62,0,79,6,45,21,88,100,42,1,70,40,63,56,91,19,50,55,31,12,95,52,99,94,70,78,50,32,6,74,83,98,45,89,99,67,89,93,45,67,2,45,88,81,46,15,99,34,67,88,64,66,54,74,36,22,14,25,5,84,84,29,33,84,68,30,68
55,40,84,23,90,64,74,34,64,22,41,57,95,70,94,13,96,37,45,35,28,33,30,67,23,3,57,47,14,92,96,36,34,71,6,24,15,47,95,0,39,74,1,94,77,20,10,16,7,22,94,44,52,92,77,24,80,32,76,19,92,14,97,24,4,83,41,61,43,80,63,45,98,45,63,42,55,25,33,38,86,95,5,58,19,67,10,59,67,88,64,58,94,41,27,45,100,56,83,51
82,46,36,29,45,65,52,11,42,9,39,38,46,54,76,80,7,37,90,6,77,70,98,2,1,46,80,30,19,5,32,56,91,24,64,12,91,70,65,89,22,58,59,85,38,35,13,68,99,81,87,25,97,14,6,49,65,66,58,44,44,10,99,84,90,98,20,42,51,40,35,65,28,83,59,70,22,26,61,73,5,16,8,18,24,31,38,80,13,25,39,12,15,57,42,53,0,61,77,12
3,62,19,9,73,30,73,34,83,78,25,59,58,1,1,95,68,5,90,39,19,34,78,72,13,17,45,68,74,92,90,80,46,30,22,64,67,46,91,82,60,25,37,75,57,34,76,3,26,63,73,85,79,5,95,88,20,99,79,2,29,24,90,68,3,24,5,87,43,34,100,23,11,78,12,68,45,54,61,53,31,39,6,96,12,8,32,18,79,2,46,13,39,18,31,70,6,4,67,67
70,1,31,38,70,71,17,48,90,29,55,77,84,10,90,63,77,24,53,53,30,82,43,45,70,89,88,90,80,72,8,72,16,90,57,40,75,73,44,76,91,49,59,2,82,29,38,19,81,39,89,71,67,96,78,11,52,18,58,59,2,64,39,42,13,52,0,86,34,56,48,22,52,71,53,9,58,93,68,24,77,35,64,55,1,23,40,47,49,26,92,27,85,5,54,49,9,51,59,32
81,16,99,35,87,61,3,91,19,62,15,77,81,56,0,38,91,0,11,56,86,56,44,31,49,45,5,37,57,96,92,74,49,22,97,77,86,73,59,65,83,8,47,73,50,50,4,26,25,19,15,0,83,7,84,60,28,31,84,73,47,46,70,50,85,26,92,99,20,84,64,24,66,85,12,82,37,94,2,34,82,53,74,12,48,0,62,18,71,54,95,32,7,9,44,98,90,85,65,70
24,50,92,76,39,34,74,48,91,0,61,49,95,78,9,48,37,72,57,98,7,4,9,0,34,61,75,63,58,32,5,12,29,80,64,6,96,88,99,41,57,68,88,75,85,97,8,96,19,86,41,84,81,46,56,34,86,31,71,91,96,35,90,73,24,32,40,32,68,69,3,7,1,82,42,53,38,14,57,24,89,2,21,85,75,60,87,55,56,8,13,34,14,83,46,68,95,11,64,23
48,87,42,20,31,2,18,31,36,47,86,27,48,14,83,85,68,44,99,42,1,66,23,25,40,39,34,71,69,74,93,72,98,77,15,7,47,89,27,100,43,56,43,64,91,82,50,96,31,25,73,97,8,26,94,76,80,95,45,94,7,43,100,64,25,87,93,45,28,87,10,94,12,28,8,54,6,61,68,56,15,39,49,35,45,43,64,56,51,65,68,84,26,7,27,13,75,49,64,69
27,46,77,67,77,24,44,89,69,59,43,18,83,43,72,83,15,17,29,43,85,56,88,87,43,81,51,82,42,78,22,83,59,6,7,40,34,74,18,20,38,13,3,79,50,59,75,89,86,44,77,82,28,80,96,56,65,16,93,91,85,15,76,38,47,74,80,52,30,48,79,75,26,45,63,93,59,32,65,4,8,30,33,53,58,41,48,1,96,40,71,8,28,43,63,50,5,57,88,24
45,0,47,51,69,52,72,57,29,45,21,59,50,50,75,87,41,77,90,27,30,33,43,73,15,28,20,74,60,13,14,4,9,87,31,89,88,17,64,99,44,3,88,91,56,60,49,33,44,5,89,96,36,51,43,38,66,68,34,29,2,41,73,38,81,77,13,41,36,91,75,81,40,96,53,88,28,75,69,35,57,94,56,37,83,81,0,69,100,85,91,83,95,9,71,3,91,6,27,88
25,91,43,20,2,82,71,20,36,38,31,68,67,78,12,35,25,45,83,72,45,18,13,46,0,7,21,61,20,62,24,81,76,14,65,22,5,35,33,79,94,5,46,80,2,50,53,97,28,3,82,70,74,44,72,55,80,26,17,94,30,40,15,10,2,98,12,51,33,59,10,15,47,2,72,41,45,84,43,78,1,5,81,12,50,57,95,78,44,73,2,61,32,80,58,35,23,23,16,68
15,19,26,92,17,34,70,76,28,76,10,99,91,92,14,99,81,23,59,78,33,67,75,61,81,39,74,84,13,0,100,53,28,14,26,27,8,74,65,16,94,95,29,85,48,12,27,79,6,42,87,12,68,49,74,50,43,19,61,66,50,69,56,24,74,49,74,85,68,76,82,53,34,89,86,58,48,62,55,5,98,64,78,91,47,48,90,24,51,35,37,85,59,29,9,33,57,62,36,5
91,88,23,79,98,27,66,20,2,65,47,30,88,81,26,49,36,53,18,22,53,9,55,38,65,74,70,43,61,51,72,22,35,80,100,59,0,52,20,96,53,33,76,66,22,64,63,4,6,86,23,36,75,8,10,1,97,84,47,29,10,7,18,75,16,15,12,20,84,99,39,71,96,63,29,97,86,88,7,9,46,66,17,9,92,97,55,24,30,22,38,14,66,15,73,54,34,84,85,34
14,99,54,11,90,87,32,40,78,68,75,77,56,96,69,46,72,84,50,34,40,30,41,75,87,5,10,53,78,84,16,53,67,76,58,66,96,43,44,62,6,66,65,69,55,25,82,8,26,13,41,59,17,7,71,46,36,59,68,81,61,99,94,36,37,24,13,98,6,16,3,54,43,67,87,31,46,26,18,64,76,76,85,1,81,16,92,59,82,80,13,78,38,52,33,56,44,61,51,44
20,52,2,59,85,97,91,2,44,38,34,66,86,23,68,90,36,6,33,54,57,90,59,53,19,61,60,56,4,43,80,42,40,73,58,3,92,71,32,91,44,43,73,63,22,33,22,28,21,72,49,93,21,78,49,17,13,25,86,30,82,34,13,33,35,84,75,89,16,17,100,95,31,26,76,49,1,78,100,23,1,78,8,65,90,70,75,32,28,19,75,65,19,62,76,75,32,87,83,24
84,8,9,28,75,26,82,33,60,17,70,51,46,44,61,52,74,32,51,26,61,78,85,66,41,40,32,26,63,39,9,28,90,47,78,61,15,11,30,33,22,25,89,60,31,0,73,76,77,4,23,25,55,58,50,39,89,28,23,43,10,54,9,0,74,45,78,40,4,44,87,56,2,96,12,54,4,63,35,21,23,21,4,9,38,56,72,10,66,50,92,41,51,61,82,23,77,74,46,28
65,75,100,22,59,88,16,42,86,18,24,19,94,46,45,95,25,72,18,51,36,86,64,31,34,51,77,71,55,86,57,20,90,47,2,8,90,10,88,59,25,88,90,97,76,0,53,70,56,24,74,15,25,47,2,25,33,95,88,58,17,66,38,97,38,31,88,71,22,17,60,58,12,36,67,48,63,36,48,56,97,58,5,97,56,82,32,78,30,6,11,8,5,99,41,64,5,20,35,27
78,66,8,79,92,29,51,94,3,98,72,60,86,60,58,90,32,11,50,33,48,68,11,100,33,2,16,46,92,89,3,19,81,76,40,27,57,75,36,22,27,65,13,87,65,18,0,61,94,14,42,42,80,80,8,78,9,28,80,72,81,10,33,93,57,62,59,74,51,24,0,81,36,87,90,37,62,78,45,99,39,86,86,4,67,22,52,21,51,33,37,5,20,20,80,48,78,1,66,70
53,4,10,59,36,51,61,34,19,95,65,4,71,7,24,81,7,43,55,78,89,25,81,80,5,53,15,24,28,58,37,97,46,25,39,69,75,22,23,80,57,36,23,81,73,66,15,24,77,19,99,73,83,65,44,54,56,61,69,77,32,42,34,48,64,4,48,90,20,50,41,30,97,74,17,35,76,37,95,39,74,33,46,15,2,37,61,7,83,2,99,42,75,97,9,9,63,94,0,3
94,18,60,95,19,98,34,22,0,71,26,57,40,71,31,18,82,93,4,58,58,97,79,23,42,21,76,57,21,17,71,79,66,72,4,1,34,49,52,8,84,32,50,95,33,81,6,3,0,67,45,73,8,79,3,31,14,80,72,83,5,31,91,67,57,59,77,65,23,89,47,40,97,4,27,34,90,4,81,57,69,44,83,10,12,1,3,28,95,98,32,20,70,62,52,35,9,9,78,95
66,16,14,37,69,98,30,45,24,2,5,65,30,92,21,87,69,73,66,95,39,46,68,3,44,44,51,16,88,60,51,24,42,92,29,50,23,99,70,95,43,8,91,20,62,87,62,52,63,17,20,71,79,89,88,56,39,14,63,76,13,14,64,16,88,41,62,25,92,1,70,2,76,46,10,50,73,12,48,80,30,80,44,76,63,36,8,69,64,21,75,19,46,5,43,83,0,84,45,41
55,82,66,60,37,53,34,47,79,73,7,84,30,26,88,26,23,37,73,16,43,98,98,24,11,43,3,65,58,39,74,92,83,32,67,91,70,10,95,36,69,46,43,82,89,57,22,1,31,71,86,22,0,81,83,23,70,71,26,82,13,31,92,1,74,85,19,12,2,60,15,17,45,29,13,47,58,85,49,56,60,23,59,97,40,7,48,73,90,71,81,97,13,29,85,88,63,52,80,80
94,7,13,42,56,5,4,96,56,35,50,12,71,33,6,27,58,12,56,27,34,33,9,9,17,21,45,8,98,81,71,66,10,61,100,66,64,34,86,84,45,98,6,8,62,52,68,2,83,2,61,96,48,72,41,14,60,43,63,23,97,52,45,31,69,49,78,19,58,46,53,49,17,62,5,82,77,34,60,40,76,3,64,77,94,80,22,29,73,30,75,69,73,6,76,18,78,73,66,96
23,12,80,50,15,85,61,2,49,23,58,72,8,74,20,100,75,34,15,75,27,27,14,89,85,11,95,24,53,90,14,74,39,65,1,97,44,5,67,67,75,76,35,44,30,12,32,27,52,83,12,26,30,17,82,41,7,28,37,81,25,48,61,99,27,17,60,100,61,31,90,54,49,52,78,53,45,73,50,44,4,67,89,88,61,35,76,90,6,73,3,78,65,70,43,87,76,65,5,82
20,12,35,16,63,4,40,79,68,64,87,95,40,91,96,72,47,51,63,86,87,78,20,45,48,83,56,30,53,0,21,76,85,78,96,70,10,43,12,19,26,10,10,39,25,86,52,19,81,1,49,9,97,61,2,8,98,2,25,43,79,58,100,51,97,33,7,64,55,63,37,85,94,88,26,29,60,81,14,98,94,36,64,51,60,100,32,71,0,73,43,21,70,37,98,80,22,7,54,56
66,96,76,74,34,54,25,60,54,32,31,29,21,93,41,96,77,2,42,60,51,0,82,36,59,96,46,78,96,7,14,52,73,71,98,8,45,92,3,68,97,37,61,33,99,69,60,4,5,46,91,42,74,88,5,82,86,84,77,37,44,69,34,97,17,78,39,38,88,97,48,28,22,34,63,37,90,12,7,39,47,61,61,75,47,41,34,2,73,19,28,50,38,25,82,3,81,64,40,82
24,23,65,40,97,17,42,79,61,64,94,29,65,54,71,59,29,69,29,52,0,34,66,77,1,13,18,14,17,32,74,77,72,13,49,93,47,13,71,35,23,67,30,77,91,75,24,49,94,98,84,65,21,6,10,78,10,82,100,64,12,72,22,82,96,30,88,78,54,4,85,98,6,76,10,49,84,54,31,55,81,10,8,95,45,42,76,6,30,41,78,50,35,4,79,9,49,85,32,54
55,21,68,0,56,59,34,19,18,20,73,38,32,88,21,81,37,11,18,86,34,76,52,73,9,64,20,54,60,57,83,22,83,5,22,83,4,33,76,74,70,99,29,43,12,35,23,64,74,4,91,46,66,99,87,23,55,81,51,10,83,37,31,5,74,42,55,38,56,2,6,9,53,91,71,15,91,79,19,16,80,6,77,97,69,41,59,73,36,21,78,34,49,98,39,65,80,53,13,93
63,13,59,11,59,20,73,54,47,34,44,29,16,88,94,29,23,94,5,75,71,64,41,51,49,23,90,40,6,93,68,24,21,69,47,2,44,67,7,34,29,46,11,47,50,50,17,15,33,7,89,15,29,67,2,13,79,55,84,80,100,86,6,87,15,70,31,18,33,25,19,56,32,97,47,29,5,79,15,69,22,46,58,8,87,19,62,23,59,37,29,63,31,15,83,65,63,6,55,69
31,43,39,65,81,49,90,92,14,19,62,28,11,88,91,81,48,91,80,95,31,23,23,65,18,55,84,13,24,53,14,62,95,57,96,62,11,61,59,92,52,7,7,1,50,87,43,61,83,59,17,77,9,32,75,100,79,78,41,9,69,93,9,15,26,42,83,100,40,83,50,83,94,76,93,47,77,52,91,2,81,97,68,92,95,63,51,58,71,91,92,67,39,36,5,94,51,10,62,45
54,49,95,100,91,6,35,15,14,9,49,7,67,10,48,43,59,24,77,18,28,72,99,85,99,34,65,85,41,37,65,91,89,45,29,0,19,61,92,93,82,23,67,6,68,72,74,70,75,48,0,93,92,42,10,52,97,63,99,26,2,56,17,6,77,90,98,46,42,51,20,38,46,17,20,25,77,0,5,51,51,56,84,89,5,55,38,15,94,57,89,57,19,31,26,44,17,2,0,1
32,75,77,58,43,72,26,80,64,22,34,89,91,13,100,21,10,63,23,2,37,31,83,52,42,63,58,46,72,64,41,46,56,33,43,54,82,62,9,22,88,8,79,84,34,59,68,82,50,34,69,4,27,69,67,62,87,81,57,3,34,86,47,81,64,28,96,79,80,17,28,78,22,62,2,20,29,46,50,74,98,55,37,22,27,52,49,45,1,62,63,61,81,82,3,48,15,6,39,99
23,0,93,94,11,76,100,1,45,45,46,35,32,22,62,38,34,62,84,52,1,9,71,11,72,100,49,73,69,45,65,57,12,55,81,23,94,72,23,83,54,8,77,39,12,79,20,30,1,21,12,21,52,8,21,8,56,19,69,6,42,6,92,71,95,56,43,72,95,70,64,66,4,25,14,86,100,16,90,61,97,94,48,4,49,29,99,41,21,39,42,38,79,65,3,9,16,15,4,30
61,66,73,17,63,25,59,0,69,49,73,7,55,75,18,4,43,39,97,67,68,88,24,35,36,89,39,5,80,96,66,82,92,9,4,11,30,98,78,46,17,33,9,29,16,59,36,22,46,27,57,81,97,9,55,66,42,50,49,43,40,90,87,1,48,53,59,88,16,100,30,96,46,91,74,70,9,72,11,24,74,61,91,48,13,85,5,32,56,81,36,84,94,48,23,64,92,26,41,21
96,37,100,41,10,58,42,14,4,59,14,51,16,93,92,69,52,82,42,84,95,3,90,77,34,79,36,64,9,6,91,59,38,17,52,29,19,61,97,59,71,64,58,57,2,89,17,30,7,89,11,44,10,50,52,88,16,97,37,36,64,90,45,3,86,12,53,27,94,60,21,75,94,92,21,68,5,28,70,41,82,26,74,92,69,98,14,100,80,40,34,27,8,17,75,34,6,21,45,71
43,23,31,82,80,68,59,33,48,69,94,85,33,34,39,18,100,99,2,67,98,74,29,12,85,92,20,34,74,16,72,37,38,97,83,90,31,74,64,25,51,46,87,61,95,5,42,9,2,56,6,65,6,1,7,68,67,60,95,65,4,88,92,32,28,59,95,52,50,40,25,40,76,79,74,53,67,9,11,18,78,22,62,13,81,28,55,44,62,31,78,48,61,29,10,26,73,91,1,88
45,25,80,87,97,67,88,14,97,84,33,61,60,15,74,96,27,30,93,57,47,48,64,17,19,50,27,82,96,38,8,48,66,85,22,11,83,89,65,98,91,28,28,78,37,96,32,70,54,91,11,75,8,45,90,78,58,11,96,79,53,64,23,4,44,75,22,0,43,92,67,22,52,28,56,57,60,38,37,72,90,63,63,41,74,32,16,24,4,10,31,0,24,21,75,72,64,91,58,39
38,81,21,84,95,23,3,95,59,79,99,2,18,68,9,48,44,2,39,13,11,85,77,97,9,11,92,6,18,53,92,10,86,22,55,71,62,46,70,97,14,61,88,73,44,23,21,11,99,24,0,64,98,89,31,80,46,96,65,53,75,3,22,71,53,38,76,4,6,68,65,83,29,42,79,41,40,28,92,79,57,40,62,7,36,32,37,7,45,28,48,95,39,62,19,85,64,93,73,84
31,61,20,100,27,29,96,9,61,8,57,57,43,42,68,43,30,52,93,99,32,46,26,93,28,22,7,62,56,12,19,7,27,34,24,99,86,94,0,64,3,74,84,52,17,59,5,60,86,72,38,62,10,3,49,17,95,14,82,45,83,5,64,8,73,95,72,12,36,51,43,90,36,35,20,66,95,30,95,76,55,54,98,66,54,70,40,33,2,60,73,40,39,58,70,98,86,59,37,56
10,67,76,2,57,26,56,83,94,75,29,93,68,62,96,81,25,16,17,94,51,58,73,98,34,56,15,49,16,53,96,13,91,12,43,76,89,27,2,50,52,29,17,67,56,29,53,78,44,7,51,55,72,54,82,62,33,98,34,2,44,28,91,72,33,4,87,23,54,45,17,52,52,67,17,71,94,92,86,77,38,28,0,51,49,38,9,24,88,40,80,45,93,74,3,20,53,92,84,8
18,62,32,14,42,89,36,48,41,48,41,50,17,35,66,75,85,53,34,57,53,56,74,60,58,55,8,31,2,53,23,33,14,24,25,66,99,73,71,95,73,48,85,82,28,81,99,29,97,99,80,25,72,22,95,8,47,38,67,19,89,97,13,85,81,85,76,92,69,33,51,77,59,34,96,18,18,32,42,69,38,58,73,63,11,13,2,14,97,36,77,40,83,89,86,22,47,83,27,23
41,53,97,51,95,5,23,79,85,47,71,26,35,74,36,24,7,43,91,6,34,62,42,19,57,41,52,13,83,3,57,62,77,59,36,24,29,81,48,61,61,90,98,46,42,30,45,69,14,47,100,85,93,26,64,12,64,32,57,25,62,18,25,85,70,45,15,50,31,34,93,17,64,12,66,5,56,76,36,68,84,37,12,85,65,12,24,15,47,74,88,36,13,67,58,94,68,6,71,64
12,63,6,83,49,91,37,68,63,97,50,78,32,38,36,68,75,7,6,15,100,3,76,14,45,34,52,45,78,85,16,62,71,18,63,68,28,76,17,20,77,93,91,37,48,4,92,19,66,18,74,48,57,89,69,78,3,41,47,87,54,48,27,15,7,16,19,66,8,80,11,57,67,21,34,45,82,61,74,10,74,70,80,41,85,18,12,3,25,7,59,1,37,76,94,63,11,55,92,62
42,49,39,48,59,63,5,85,99,62,71,4,83,66,25,41,40,46,19,39,92,45,43,44,63,84,47,76,65,31,20,89,0,63,6,1,50,66,13,9,51,56,80,44,46,96,72,16,94,32,19,87,23,2,97,6,25,18,55,46,79,68,13,90,37,79,43,35,22,87,40,29,82,64,100,26,6,55,77,26,52,3,61,20,94,23,41,82,88,44,69,70,59,71,4,63,37,48,48,59
63,34,85,46,94,13,15,54,30,11,15,43,25,68,73,42,66,9,98,21,8,62,83,98,97,78,10,41,20,21,72,10,29,80,79,42,22,52,31,87,50,33,54,69,33,15,83,37,7,92,18,52,73,73,78,24,21,19,75,98,37,43,3,9,56,89,70,3,95,5,1,9,9,57,76,97,63,41,29,48,70,2,47,94,1,38,85,82,78,45,5,100,41,87,56,16,31,7,19,25
47,24,66,44,42,40,71,33,10,34,77,40,12,23,57,28,1,34,50,7,90,35,35,91,66,11,1,57,61,57,69,37,96,76,52,48,28,39,60,34,57,42,26,10,59,30,61,85,58,59,91,23,82,60,75,61,90,62,66,72,19,33,36,69,74,75,15,73,9,8,2,93,54,50,71,51,85,48,66,46,60,85,79,73,76,16,6,43,82,6,63,54,15,13,24,72,59,87,48,52
62,99,58,42,100,26,49,22,82,83,77,20,6,52,94,34,24,36,12,4,75,52,18,9,70,53,94,87,10,24,39,87,79,44,83,69,90,14,89,76,12,55,10,0,64,48,37,54,20,70,39,74,31,76,69,48,12,8,43,4,2,97,0,43,77,32,63,93,32,79,15,80,83,90,21,27,50,21,40,75,67,93,66,89,81,79,87,39,72,66,30,27,40,67,77,43,32,43,16,95
67,39,2,1,55,6,54,30,63,70,63,4,79,95,8,55,81,16,23,35,46,36,3,85,75,0,52,33,14,72,36,18,26,64,43,40,73,60,98,35,26,80,20,63,71,59,74,76,30,1,26,49,61,7,67,59,64,34,82,78,35,2,80,51,81,8,13,13,65,92,46,20,43,88,88,22,3,70,96,96,86,16,88,28,0,82,39,47,91,53,13,2,72,56,44,68,17,51,88,69
9,91,96,12,97,62,8,24,1,19,81,24,40,47,8,1,22,51,9,70,38,3,62,71,80,63,80,68,56,0,86,85,32,76,86,53,72,62,81,52,21,33,5,23,100,47,7,49,62,6,48,44,77,26,92,57,56,49,29,43,71,6,11,28,79,99,54,27,71,71,7,14,27,74,41,27,56,88,44,31,6,16,32,1,58,31,31,88,4,78,95,70,60,22,88,11,38,74,66,6
8,24,97,63,86,87,74,43,79,93,5,63,54,51,66,36,15,4,78,88,85,8,27,51,70,55,63,55,65,23,36,81,24,93,89,34,24,57,26,28,46,22,74,69,42,33,84,93,22,75,19,53,78,60,66,53,64,41,49,54,98,86,53,99,39,89,98,29,72,35,98,62,18,63,65,92,99,96,77,71,67,39,71,78,96,22,50,49,15,34,52,74,27,81,85,35,98,48,80,46
30,27,90,5,50,88,32,48,73,47,17,37,46,64,35,60,38,89,74,79,86,21,36,86,13,0,50,25,96,10,41,90,13,85,83,8,75,67,5,58,58,83,50,22,8,46,100,30,84,59,6,94,63,72,22,27,84,62,93,40,31,20,88,30,74,35,70,33,56,84,78,54,31,9,8,2,67,11,39,60,44,14,53,96,93,2,5,6,85,12,89,59,78,18,54,95,63,31,28,68
99,29,0,15,75,3,35,77,7,6,65,47,95,24,71,40,43,23,6,47,90,91,5,13,7,87,31,95,34,7,81,93,97,12,28,41,28,84,29,25,15,70,94,16,20,78,48,56,20,4,28,50,28,77,21,35,87,0,62,62,81,82,14,85,94,98,80,92,40,57,46,71,4,58,28,69,25,6,86,47,25,49,8,55,79,26,15,86,70,92,39,75,55,34,79,79,100,41,100,95
39,32,43,35,34,93,53,19,50,21,57,44,3,62,71,58,60,37,51,91,20,79,70,28,27,83,29,2,95,64,48,48,9,79,8,70,27,78,74,41,34,45,31,76,81,5,88,18,24,49,96,100,81,76,92,96,58,35,66,2,13,54,93,5,6,6,20,98,53,6,41,13,44,13,31,17,17,27,71,60,93,38,90,81,91,54,89,97,67,6,96,41,50,95,22,67,49,35,16,26
39,78,57,84,19,14,82,1,56,42,54,90,74,7,53,72,28,91,0,76,71,43,98,19,19,27,70,0,45,84,73,34,77,38,90,94,33,57,33,87,3,29,1,55,41,95,82,21,69,91,90,6,54,3,75,32,60,74,4,87,49,17,35,45,26,63,45,70,88,73,83,0,3,25,46,59,68,14,47,62,54,84,10,68,21,97,74,0,34,100,96,12,57,69,36,76,26,85,94,73
51,60,54,15,13,17,74,67,4,84,3,54,98,93,95,23,62,15,27,57,52,54,73,21,84,43,30,65,91,13,99,6,81,70,27,31,76,58,87,99,12,26,29,72,76,87,75,51,62,50,0,91,49,87,34,55,98,89,59,46,73,24,72,52,33,49,55,87,8,0,91,69,39,27,1,31,21,52,59,74,28,67,99,36,28,4,12,99,8,7,19,17,21,81,63,70,76,9,3,59
8,39,28,5,63,65,83,83,60,41,68,42,53,43,24,68,81,3,53,81,35,97,42,62,21,88,92,58,81,68,37,30,14,65,91,29,67,9,66,41,74,61,69,36,15,2,62,76,15,91,89,33,81,44,50,40,58,99,20,21,97,47,96,11,76,91,17,92,79,60,31,90,84,92,81,0,26,71,40,74,78,29,78,94,28,88,6,99,15,63,17,2,20,32,72,13,28,35,17,83
92,9,21,94,90,45,70,63,14,12,22,71,85,64,82,29,22,100,21,41,27,1,58,87,2,42,1,18,6,57,53,86,83,77,44,58,35,27,96,15,28,36,33,46,8,60,43,30,83,47,44,21,24,16,41,93,82,32,92,54,86,48,56,89,47,44,97,66,78,99,58,64,54,1,11,57,55,6,60,94,70,35,54,83,24,67,38,16,35,42,8,23,65,31,35,56,64,6,51,7
98,5,96,99,71,40,12,75,24,57,1,46,63,59,22,85,8,32,34,81,62,90,11,18,39,81,3,41,90,67,99,33,97,76,40,59,18,69,14,27,47,41,0,35,28,91,56,7,96,71,20,82,91,8,82,13,61,58,23,33,14,94,31,87,40,33,38,32,41,13,37,67,89,81,87,28,56,83,84,67,49,5,0,11,23,91,5,54,40,0,81,64,43,27,95,11,2,13,74,29
52,6,98,40,19,26,99,39,32,27,55,15,33,90,100,64,45,50,75,78,15,98,53,94,77,76,46,25,60,10,5,1,30,51,2,15,14,30,61,43,21,32,51,33,56,55,72,57,25,22,6,16,98,66,97,28,27,74,58,64,15,91,32,69,89,79,34,34,11,52,50,45,9,44,91,44,92,35,48,1,87,2,58,83,9,67,38,51,81,55,75,70,16,3,98,10,61,5,50,79
94,53,5,59,65,17,20,43,31,73,16,83,89,23,48,35,21,51,45,23,7,51,100,68,88,67,64,16,90,20,16,57,29,98,66,77,59,5,60,48,23,39,12,92,91,91,70,68,56,95,1,78,30,77,29,28,29,78,61,94,54,65,89,21,6,23,53,84,18,64,27,34,17,63,41,29,12,84,5,26,89,2,54,98,29,49,44,61,28,94,38,81,9,13,26,64,27,18,83,44
38,38,5,35,31,44,9,32,19,24,22,62,76,47,5,54,52,17,20,37,92,54,2,16,36,51,41,66,91,32,49,55,72,14,49,74,4,15,100,26,11,63,55,14,79,78,9,61,42,82,42,9,74,31,94,3,37,84,35,61,100,19,13,78,34,59,29,69,9,92,24,50,69,93,47,56,59,93,46,8,86,61,91,75,36,94,14,11,98,71,56,72,67,72,17,47,0,24,43,93
23,62,90,55,38,77,25,81,53,70,31,18,87,32,46,89,0,30,5,48,83,15,95,11,25,11,82,68,43,21,82,60,84,80,35,16,33,51,19,84,45,31,61,43,60,10,10,19,52,16,83,99,27,66,87,36,18,4,69,51,94,55,45,78,37,33,96,67,62,42,50,69,55,88,7,20,4,57,5,73,74,37,63,80,2,29,89,94,47,1,27,16,47,73,93,3,19,7,69,60
90,31,67,11,95,65,100,0,62,77,70,2,68,17,46,90,23,90,69,32,75,2,95,32,90,44,0,37,93,25,64,66,77,75,50,91,37,82,15,37,38,33,25,24,2,18,47,4,66,57,96,60,66,67,11,73,89,100,23,1,16,73,19,60,24,100,36,10,11,73,56,43,70,42,57,36,61,29,72,99,77,64,0,67,18,23,22,48,1,64,36,11,67,83,9,63,43,51,51,100
94,87,7,3,6,47,76,31,32,56,14,56,37,24,92,68,60,98,32,82,97,92,52,95,71,42,82,42,70,100,46,58,34,75,73,59,47,69,25,84,37,93,100,53,67,7,12,9,69,57,19,97,82,91,63,57,58,44,35,13,30,13,97,78,58,80,93,56,56,97,92,76,41,34,32,45,5,91,43,98,49,7,52,22,30,58,86,56,73,89,70,12,53,70,11,74,11,92,41,22
28,54,86,26,43,77,52,12,100,95,51,78,23,44,54,41,77,13,97,13,88,23,60,42,20,51,42,13,55,8,28,22,46,17,63,65,82,11,62,16,12,43,86,45,48,62,72,64,18,36,65,3,95,92,44,49,6,9,98,11,14,66,63,29,17,59,0,33,46,4,58,40,91,84,52,12,96,8,51,84,72,93,83,44,12,25,35,81,43,56,23,28,41,16,19,55,8,71,40,8
23,23,33,14,42,64,59,23,82,34,17,84,58,61,74,35,63,38,59,70,34,19,22,83,46,79,83,100,13,96,39,92,9,50,82,43,23,37,61,66,24,78,25,60,79,18,63,36,30,42,28,22,55,85,86,82,63,56,35,100,67,82,18,70,20,8,61,52,55,92,45,39,43,30,69,96,50,95,44,21,0,77,67,5,61,25,90,21,36,8,79,41,48,96,46,99,9,57,31,11
29,58,98,63,38,94,68,31,73,51,68,32,93,1,69,92,6,98,20,91,73,10,10,84,32,92,74,84,25,72,26,23,36,96,86,92,45,94,100,30,20,28,10,17,50,51,75,70,53,36,0,36,13,34,30,39,46,67,7,36,94,46,4,25,55,46,27,17,72,71,51,54,3,13,71,7,37,84,15,19,38,85,45,4,61,49,24,83,26,4,3,76,88,6,94,85,45,41,3,90