61,9,49,15,80,19,27,87,9,26,34,2,72,97,58,56,33,4,78,49,35,97,44,40,24,69,92,48,40,17,83,99,10,29,6,6,36,88,14,96,84,56,48,80,26,10,95,6,63,70,72,41,71,27,76,45,88,43,85,74,14,58,78,90,51,58,96,96,73,94,87,0,81,79,44,20,45,16,93,7,18,74,26,89,78,11,39,14,92,58,41,52,53,7,33,87,51,73,64,64
79,61,49,10,53,46,59,36,32,50,35,42,45,5,97,48,58,70,44,89,27,55,34,78,88,31,37,29,14,36,10,38,91,44,43,84,84,16,84,30,84,87,57,49,95,86,79,42,80,31,33,73,24,64,26,10,83,29,57,17,71,63,59,56,6,44,81,42,31,84,97,47,38,23,96,3,87,61,77,15,67,31,85,9,10,16,4,65,49,9,32,70,53,99,72,8,17,87,36,88
86,77,52,36,80,52,22,30,82,4,68,67,14,68,93,17,54,35,23,94,61,94,49,1,39,57,17,58,93,31,87,7,92,24,66,53,45,24,67,93,46,56,60,80,58,72,37,69,48,81,78,100,8,84,36,24,61,94,17,44,78,45,47,9,80,18,9,16,4,7,82,78,63,74,16,80,44,61,4,65,0,46,87,83,6,37,36,35,81,2,65,91,71,49,91,4,11,40,70,45
51,34,36,4,48,55,40,4,27,54,18,15,67,97,42,53,58,92,76,73,80,13,20,65,17,1,16,56,25,67,90,67,62,80,87,42,0,20,39,42,51,29,22,91,64,39,57,61,70,16,59,85,27,100,92,18,94,70,15,58,25,12,23,1,43,49,65,45,38,69,77,56,56,21,65,8,46,45,68,41,66,89,61,30,67,74,100,29,58,27,58,83,92,43,95,21,74,12,94,38
57,69,90,84,5,34,5,73,7,45,24,18,64,69,0,26,72,50,73,59,34,87,47,98,86,95,71,39,20,18,15,36,11,50,26,20,89,43,13,2,11,62,76,87,35,73,72,46,32,91,78,62,18,2,45,72,43,87,71,53,77,32,28,59,9,40,59,26,17,64,70,85,37,22,26,66,51,87,73,34,100,26,65,75,43,49,56,28,22,47,27,36,52,83,29,15,69,19,97,25
79,95,48,87,69,59,51,10,49,25,82,25,73,74,69,37,19,23,59,19,25,72,88,13,35,5,30,81,23,46,22,91,9,93,30,6,24,94,42,70,11,84,15,74,45,75,49,94,34,66,38,58,75,32,19,91,95,13,61,23,38,96,96,97,65,82,14,14,2,38,14,64,89,0,94,50,97,95,74,16,14,68,28,98,29,92,11,74,32,21,19,90,67,2,84,11,92,57,19,54
86,5,1,26,90,36,76,29,54,23,68,73,14,52,38,24,74,47,47,54,76,75,77,22,61,88,79,8,70,34,34,60,75,55,52,19,42,63,89,24,75,26,32,90,100,59,74,5,90,44,93,98,1,36,23,80,46,18,56,36,92,4,20,73,90,96,48,80,5,72,32,73,18,19,57,96,61,27,51,40,63,16,37,87,36,32,81,83,18,93,2,65,7,26,46,19,43,75,7,65
6,50,77,53,64,89,76,92,98,90,24,75,79,31,99,24,75,88,8,70,37,90,91,96,18,28,5,27,63,59,20,71,2,95,56,7,78,15,5,36,86,48,37,85,68,6,60,22,20,42,41,32,35,73,75,10,62,30,23,29,31,38,100,29,72,23,90,28,89,85,16,73,84,39,61,47,84,76,54,45,12,96,22,68,93,96,87,18,98,27,46,72,77,47,43,46,84,0,87,43
55,63,29,42,90,42,57,80,76,32,77,85,33,87,50,17,39,31,43,66,48,66,42,47,17,5,53,18,8,31,13,52,70,85,31,32,79,5,84,19,57,18,51,72,96,35,69,30,100,46,8,8,95,79,1,49,48,38,27,59,90,55,49,97,37,83,95,90,59,37,97,78,3,96,49,53,85,63,88,81,91,66,54,54,11,19,81,89,36,61,89,21,21,43,47,78,68,82,7,32
6,44,38,81,100,87,12,65,71,82,11,26,74,59,14,31,55,83,61,12,30,12,5,88,73,34,71,83,1,17,24,10,21,6,20,59,95,27,41,54,89,48,22,41,95,81,73,26,16,31,22,94,29,99,29,21,57,23,40,44,80,46,7,1,99,48,2,39,21,39,96,12,78,40,30,19,95,22,82,45,78,66,48,70,83,33,69,51,9,87,64,75,47,10,15,92,38,79,18,0
20,34,89,41,46,52,80,69,21,32,86,96,46,70,33,95,34,9,36,90,23,50,49,83,16,27,9,54,45,95,41,95,15,41,31,90,100,2,76,84,69,1,44,37,49,57,46,2,16,64,16,17,66,93,27,42,12,22,14,90,21,85,90,57,62,9,82,83,44,70,42,42,52,76,51,72,41,75,78,84,67,15,39,18,35,55,4,35,92,71,32,60,2,9,51,20,21,27,59,82
66,67,83,65,24,92,41,79,77,98,84,99,99,80,7,100,74,80,97,10,37,19,36,76,0,65,61,60,96,50,50,31,61,56,93,75,2,12,27,45,92,24,78,84,27,75,86,51,83,97,58,86,93,49,35,30,28,26,42,45,87,50,23,2,45,38,37,52,27,2,24,96,36,55,35,17,62,61,30,42,46,81,48,24,84,39,46,59,55,61,87,49,1,32,95,28,64,10,85,78
33,28,95,13,12,68,25,52,23,75,55,68,67,67,88,57,38,21,39,42,43,19,94,67,6,58,10,40,97,100,40,48,11,88,30,36,75,15,61,28,57,42,43,89,55,54,42,67,16,30,28,56,100,76,59,68,88,93,96,92,84,24,18,67,65,42,28,32,31,34,8,21,67,71,80,77,88,90,69,34,79,24,87,1,68,35,60,13,92,35,54,7,98,48,11,96,32,78,8,75
14,35,66,29,10,63,91,17,0,71,66,82,17,99,51,9,27,84,23,10,33,33,46,79,89,3,100,63,1,77,36,53,9,66,18,33,39,38,50,20,19,31,15,75,40,61,36,3,18,28,17,30,48,53,73,13,1,54,86,94,80,8,77,23,87,80,14,42,75,37,71,53,47,7,31,74,34,31,67,48,82,75,70,64,24,72,11,24,14,18,3,41,73,0,32,36,91,52,56,17
69,78,93,74,1,63,13,54,39,52,2,16,8,89,92,76,37,54,18,43,49,62,53,75,57,96,81,9,85,10,89,90,41,21,31,9,96,26,48,77,87,6,90,51,95,17,84,63,36,86,25,54,36,71,12,97,9,85,89,48,69,84,44,78,42,66,11,28,100,68,7,27,60,36,17,34,31,38,86,13,61,66,60,25,29,62,22,68,69,10,45,3,24,55,82,36,82,78,15,67
78,66,39,89,52,29,79,28,29,92,81,71,45,28,6,56,6,86,24,7,48,92,47,71,28,51,31,91,47,69,93,27,5,44,91,91,89,40,48,7,28,22,45,78,4,35,74,7,91,96,88,97,64,80,91,78,98,70,5,14,32,53,76,4,17,63,0,13,6,59,82,64,41,74,2,64,2,59,79,23,41,58,14,81,49,79,29,99,22,27,22,18,66,12,63,67,47,40,5,58
82,51,45,50,94,69,14,75,29,15,17,81,68,12,2,38,70,3,38,14,13,61,4,8,18,51,12,46,68,12,41,17,39,98,73,60,62,48,70,55,68,97,49,62,17,92,88,21,25,74,66,94,7,63,32,46,6,4,81,67,10,0,44,28,36,54,54,62,93,8,96,5,35,31,39,58,58,87,82,63,80,70,52,17,62,51,64,55,58,84,30,88,75,99,63,16,26,82,90,95
73,11,96,7,78,13,84,8,47,43,41,10,25,21,26,93,60,20,33,96,22,22,30,14,87,62,54,50,35,47,98,90,9,80,80,98,61,82,64,56,47,50,42,93,24,100,32,91,1,48,35,87,34,63,41,44,69,9,36,100,91,63,23,6,81,27,87,42,84,97,24,88,94,66,17,97,97,39,51,61,46,24,68,68,33,15,44,35,21,52,100,85,16,97,73,61,29,88,19,99
87,87,37,36,87,2,4,52,62,34,19,87,79,48,66,57,45,56,70,55,92,7,25,44,29,3,36,4,14,72,17,79,28,95,52,72,74,57,87,38,55,1,100,29,45,3,26,58,39,99,95,64,3,64,100,94,59,66,3,30,14,11,57,96,92,56,66,76,57,21,2,98,49,11,48,97,48,99,75,31,64,100,24,77,36,79,22,23,84,50,32,94,23,65,38,34,50,97,84,82
14,58,63,52,37,28,57,86,0,37,33,3,65,23,91,50,85,60,87,77,56,39,97,6,78,89,8,38,32,33,49,4,71,77,41,60,42,59,86,44,5,32,83,28,0,50,29,45,53,77,96,52,46,20,66,88,52,17,50,8,93,48,45,28,92,95,38,19,98,92,35,87,92,21,12,82,42,88,30,54,87,97,75,19,24,77,0,93,22,66,27,21,44,22,20,57,87,55,76,86
73,89,16,2,50,93,87,53,44,0,54,85,19,10,41,54,86,94,4,78,42,8,11,34,21,95,87,6,82,0,79,6,72,8,42,33,15,22,42,60,62,73,63,14,25,13,14,100,41,57,46,92,20,12,56,94,62,0,90,22,99,13,42,58,27,75,2,82,87,91,66,11,71,22,81,45,95,84,75,98,61,5,95,38,41,92,46,57,91,76,27,19,84,76,42,59,78,41,25,65
22,67,26,39,71,56,25,17,84,40,15,16,10,59,8,67,63,75,58,20,19,53,76,93,17,92,50,38,81,83,15,84,46,43,70,12,37,72,93,59,11,9,0,20,40,76,77,23,99,10,82,90,65,75,92,17,77,83,65,68,90,23,31,25,50,16,43,55,6,43,34,30,76,29,61,29,77,5,15,19,15,79,70,17,19,66,42,56,8,19,35,67,40,46,38,30,37,53,35,61
34,56,57,32,53,29,27,89,22,97,41,19,23,9,89,36,78,77,44,14,70,98,98,27,10,75,28,3,68,66,91,95,58,10,90,66,29,8,56,63,95,45,76,8,11,70,0,97,32,85,99,82,63,51,38,29,64,71,100,89,89,35,6,74,27,92,70,82,70,31,26,16,80,35,12,74,4,24,77,42,68,25,49,16,43,19,31,94,97,55,12,92,79,55,93,33,55,10,85,4
11,84,71,31,44,98,10,72,9,66,15,39,21,74,22,32,71,63,16,62,96,77,7,55,98,41,61,81,99,32,49,60,94,32,15,51,82,80,39,25,23,80,53,67,97,31,51,37,11,22,78,22,8,39,14,85,86,26,67,82,58,56,85,11,73,85,26,14,16,55,1,12,63,81,38,81,7,38,65,19,39,82,26,17,94,86,31,2,9,16,52,83,30,87,60,16,60,2,52,92
50,34,82,100,78,94,98,50,96,70,89,4,63,13,64,52,16,54,8,19,43,63,38,85,84,31,5,3,100,39,42,42,23,25,86,5,13,95,86,24,14,79,18,32,42,40,43,23,60,68,39,82,96,80,44,88,58,28,49,70,10,45,99,89,69,32,73,60,84,92,35,16,44,83,37,41,84,46,68,26,8,4,53,13,14,28,100,37,99,14,85,67,78,41,57,33,54,52,34,48
69,75,34,86,22,29,6,70,65,91,37,63,93,84,53,50,68,72,52,27,49,75,91,31,78,27,89,22,97,35,35,25,55,10,64,32,75,75,0,56,77,36,100,63,61,10,38,73,33,19,98,98,16,0,70,89,68,65,19,93,34,2,58,87,19,26,18,96,68,67,87,87,97,52,97,9,14,25,46,42,64,3,10,90,69,31,12,5,88,90,100,92,99,96,16,94,96,83,94,26
78,9,46,34,73,30,24,54,22,70,61,74,0,46,74,3,72,11,60,54,30,24,14,32,84,85,70,90,2,27,50,15,43,81,35,13,98,86,87,33,21,42,98,57,66,52,99,2,54,59,35,73,24,93,4,4,50,69,6,29,69,84,49,12,71,15,89,47,50,12,0,73,96,55,78,56,70,62,6,70,88,86,17,55,85,94,81,83,79,4,52,77,0,11,77,69,6,18,18,24
100,37,65,44,40,35,65,79,42,34,46,88,81,48,50,39,88,30,64,75,87,70,85,94,69,71,14,21,6,9,16,15,62,97,16,84,52,55,25,87,64,51,96,86,34,11,65,21,67,73,65,14,93,62,52,2,85,1,47,21,55,7,19,44,96,53,64,36,73,48,89,34,88,43,3,30,7,3,86,31,73,74,56,46,51,38,93,61,12,94,31,3,44,78,82,73,69,54,62,29
9,10,91,25,60,49,65,93,60,87,56,1,23,19,30,100,91,41,55,57,84,81,1,81,53,96,54,88,43,48,86,21,16,42,56,23,18,63,8,90,68,91,81,18,10,77,34,19,6,14,91,27,36,87,2,72,39,11,40,41,51,72,69,10,14,34,99,84,63,5,35,38,71,86,48,82,81,75,8,16,14,59,6,28,68,65,72,88,57,36,80,65,75,51,51,20,47,83,32,83
81,29,42,33,77,16,62,94,12,9,85,52,18,46,77,94,5,85,37,69,77,19,74,82,100,2,79,95,67,32,39,72,70,0,17,49,18,35,67,22,90,34,100,0,22,43,79,81,48,1,15,15,91,56,62,24,39,59,15,95,50,48,60,96,73,15,59,35,78,60,86,5,57,47,9,47,59,61,25,0,54,1,16,14,87,6,77,94,94,23,68,0,14,43,61,73,55,58,73,97
5,77,41,22,7,24,60,99,10,26,32,30,34,61,66,58,94,6,52,63,73,87,47,56,100,50,46,38,90,29,43,85,15,38,0,34,30,72,50,72,58,90,22,78,63,90,17,0,20,3,56,61,95,50,7,39,89,8,24,17,81,93,35,95,69,76,2,88,28,29,68,77,59,37,99,80,39,55,53,37,77,49,17,4,14,45,28,18,8,76,26,31,23,19,49,1,72,27,51,82
85,70,79,27,81,18,23,57,56,10,62,72,49,37,76,32,90,5,67,28,24,70,53,8,66,96,18,8,73,35,1,28,52,80,3,77,17,98,45,99,87,80,4,46,46,0,18,76,31,91,61,58,61,2,19,54,56,12,71,15,98,59,9,10,96,88,26,85,23,98,5,13,3,50,16,43,60,57,99,97,32,31,5,66,18,59,64,82,45,97,98,37,17,46,64,89,41,53,67,7
42,94,42,52,51,66,19,94,21,71,87,78,89,32,70,96,70,91,93,90,43,99,77,41,61,46,8,79,60,97,93,76,40,70,60,15,53,65,29,79,98,31,22,85,20,4,2,32,52,67,99,8,32,1,57,3,27,25,3,26,22,75,48,52,26,75,62,33,57,79,13,56,81,22,79,76,94,81,4,46,49,84,32,53,96,84,32,73,57,72,57,27,12,81,39,91,88,0,50,59
37,28,77,57,78,17,78,43,60,55,98,75,37,42,43,27,26,44,2,98,3,59,26,57,42,90,82,37,82,61,25,4,43,68,54,99,95,49,44,18,59,31,56,47,13,16,61,17,15,14,49,46,11,68,77,68,26,100,63,82,47,18,58,51,18,99,45,24,99,93,21,17,95,79,34,78,13,61,78,37,64,52,74,19,83,85,58,23,52,19,89,46,66,57,18,100,76,66,15,42
13,88,91,70,33,45,2,20,23,15,53,51,29,15,22,95,37,74,46,2,45,40,90,100,97,11,71,79,80,27,22,91,56,18,6,85,4,91,30,13,71,57,11,54,49,53,6,12,80,78,4,77,93,92,67,39,39,23,84,59,82,100,56,3,39,1,96,84,74,24,3,1,33,94,1,17,67,59,27,64,53,74,82,19,46,45,89,63,33,59,97,84,25,68,47,17,65,73,61,54
59,56,14,81,41,52,27,65,100,20,100,69,37,78,80,17,16,91,51,68,2,46,48,90,95,68,30,58,28,49,90,55,85,61,57,54,35,1,84,78,0,83,86,17,24,57,50,67,9,38,49,51,31,5,97,35,15,67,43,41,26,6,37,99,7,82,3,59,72,59,45,83,35,35,16,88,59,99,25,12,10,42,7,99,1,18,50,68,64,78,72,66,71,57,87,6,22,57,5,95
53,2,12,16,19,6,48,18,69,3,53,88,33,0,50,94,48,6,55,60,84,5,66,8,100,41,3,53,87,14,44,0,41,29,1,95,61,92,0,67,69,20,40,62,45,55,59,96,19,56,79,27,78,47,0,69,60,36,59,68,93,23,46,78,95,98,32,54,30,21,58,71,45,83,73,72,78,79,0,10,23,51,25,70,86,4,90,17,96,40,41,100,28,93,69,74,56,94,44,42
14,45,27,0,18,51,9,68,73,97,53,13,100,29,37,14,18,55,43,95,48,47,34,77,25,55,28,6,22,98,43,32,79,92,76,77,78,17,3,69,39,25,49,55,91,52,13,67,99,93,84,47,20,41,92,44,36,43,54,85,7,34,32,69,81,60,27,28,11,17,97,86,3,94,79,48,19,3,58,25,97,16,28,72,31,67,16,28,45,35,51,84,10,13,22,76,46,87,66,61
25,75,95,89,12,41,96,96,24,40,3,100,92,57,93,78,27,22,67,56,50,57,28,18,71,83,95,54,68,18,98,5,37,19,95,80,80,99,51,22,41,90,26,75,6,41,89,21,24,65,11,34,62,60,45,64,90,37,99,20,47,93,61,52,11,79,99,21,18,36,87,33,34,7,86,56,50,45,19,89,12,80,95,92,85,11,28,26,21,67,16,74,55,94,94,56,40,96,30,33
22,15,83,65,25,30,84,63,94,91,16,80,7,97,20,89,92,39,38,1,81,0,60,59,29,80,20,96,90,5,34,73,83,99,30,23,37,77,0,35,25,86,88,11,45,62,63,55,11,67,90,43,27,99,4,92,97,43,94,33,64,78,92,100,95,32,21,57,59,81,26,98,15,45,42,84,29,42,16,22,58,40,52,5,15,69,47,96,41,18,4,71,89,13,17,88,93,17,57,25
88,7,67,12,22,22,88,51,84,94,84,57,6,2,44,69,30,21,67,82,90,10,33,34,95,75,88,84,71,48,90,55,44,47,39,46,98,77,61,89,61,39,46,19,26,56,84,41,100,54,1,84,56,74,85,77,45,22,10,13,77,78,6,61,86,4,60,64,63,3,79,100,61,70,49,45,39,90,65,4,26,35,55,92,66,75,95,23,80,67,2,89,85,20,8,20,40,55,17,29
52,29,81,17,89,46,8,22,79,14,4,92,59,82,69,54,41,11,87,58,26,17,79,46,8,31,59,63,69,84,64,73,25,88,40,68,16,92,34,48,66,42,2,32,49,54,33,85,33,8,23,12,78,0,73,94,12,43,15,14,77,69,77,33,38,74,92,44,68,41,73,91,29,61,56,10,84,93,90,85,55,35,69,78,33,54,56,4,38,95,87,50,24,27,28,93,23,2,71,69
50,85,88,48,12,96,37,30,17,60,4,71,5,89,53,36,72,9,70,37,99,4,47,91,57,88,90,9,29,27,7,59,68,68,90,28,27,55,64,95,93,98,59,36,67,41,63,45,42,24,8,5,60,4,74,22,86,1,41,3,98,39,19,19,94,65,88,38,31,88,43,34,60,85,70,72,40,49,27,2,97,37,75,58,87,16,96,55,76,81,38,79,21,8,73,69,63,43,47,36
47,11,15,59,30,93,40,13,81,9,1,11,5,79,12,71,48,77,94,80,43,88,23,29,89,57,55,20,75,79,66,73,87,55,5,78,93,85,4,76,6,72,80,65,44,84,85,81,56,18,31,57,2,39,67,29,60,13,26,23,83,80,22,99,84,23,73,66,54,62,83,82,5,18,18,91,36,84,76,51,37,0,10,38,77,84,13,15,9,99,55,79,24,92,49,64,10,69,43,91
5,75,60,19,86,34,69,20,44,73,37,96,78,41,55,39,26,85,25,57,26,31,91,5,69,44,26,19,67,26,68,61,70,12,54,31,81,19,20,25,19,56,87,72,23,73,63,14,88,36,14,33,73,58,99,0,17,49,76,51,100,41,41,81,95,19,74,60,69,81,48,23,4,33,25,14,10,81,37,97,12,8,78,71,1,42,65,31,54,22,51,86,13,34,22,59,92,83,83,95
15,11,53,86,17,38,62,10,9,89,57,22,95,16,77,55,83,84,99,17,34,78,33,16,9,99,37,29,92,77,73,63,54,83,91,91,41,0,21,0,79,58,36,90,62,23,68,53,17,95,11,80,83,0,84,88,66,59,54,2,87,82,95,40,69,15,62,24,67,76,82,95,74,14,12,53,57,77,47,16,32,18,82,40,17,2,32,29,68,53,99,74,71,44,9,55,74,31,98,51
16,59,51,48,32,25,16,75,12,23,29,86,11,74,68,51,18,29,57,10,34,79,91,44,58,74,30,6,58,5,44,65,35,41,61,33,77,2,48,67,35,16,44,67,40,8,38,59,63,54,93,73,68,35,84,13,67,77,66,36,49,92,60,8,98,81,60,48,85,92,86,8,100,39,6,17,77,58,6,14,100,27,23,47,94,99,50,32,22,86,50,92,69,70,46,28,1,21,13,74
94,64,61,45,37,18,23,86,13,30,59,6,56,100,74,8,49,13,7,35,28,8,3,25,28,50,100,17,20,78,85,62,42,16,52,59,33,71,84,34,12,12,28,42,18,44,51,20,31,55,43,61,62,42,3,97,53,23,0,28,35,43,80,82,32,95,2,88,54,3,32,16,53,55,30,3,10,64,34,44,65,25,73,77,87,69,29,11,18,26,41,48,20,65,22,62,99,47,33,4
93,82,13,43,38,73,17,85,78,58,92,46,33,7,38,29,2,3,25,56,44,46,14,72,41,49,82,60,0,26,25,74,48,28,41,37,100,7,10,63,42,8,39,74,47,18,23,70,93,60,75,9,58,93,98,40,32,66,23,33,39,96,33,31,85,47,60,91,80,90,15,89,29,61,87,94,99,15,78,64,85,46,16,98,92,77,27,47,17,74,71,61,30,20,17,45,54,51,34,38
59,45,57,1,49,99,66,87,80,28,63,78,62,30,83,23,19,75,25,49,28,72,12,62,88,64,40,75,5,85,12,99,57,53,69,64,37,54,21,49,3,74,40,93,16,1,35,93,93,66,4,86,22,86,1,20,27,73,5,20,15,85,26,92,64,98,80,37,63,59,7,15,26,75,76,99,27,78,58,92,63,53,96,5,74,56,50,84,4,79,41,42,34,9,72,90,74,53,49,90
44,75,37,64,9,56,95,70,60,91,79,31,86,2,31,78,10,74,89,45,28,53,90,100,90,43,85,60,28,44,10,84,23,85,3,84,42,71,21,18,85,67,75,6,84,0,66,51,5,68,100,77,34,53,38,13,72,98,52,47,14,3,0,31,42,1,41,27,19,84,8,58,68,38,78,80,65,71,42,25,6,84,48,76,65,78,14,11,12,11,81,88,20,85,62,79,9,3,78,53
1,58,28,73,23,85,94,30,56,50,61,48,92,88,88,44,30,95,21,78,99,34,77,94,42,49,17,30,34,40,94,21,48,41,71,71,13,96,27,20,90,96,61,65,13,11,97,57,65,84,60,70,31,4,77,57,63,16,32,27,90,34,21,26,7,14,8,69,24,83,76,100,44,47,90,90,13,26,31,77,93,52,65,19,42,90,100,65,2,52,53,51,35,70,58,96,98,12,32,95
36,23,55,23,46,31,42,98,80,100,84,50,55,45,40,10,73,88,89,62,70,91,85,23,81,72,70,5,8,30,14,46,59,41,74,3,24,93,6,38,37,55,25,35,86,48,88,87,16,91,30,81,84,91,12,67,81,27,29,35,16,92,1,51,49,83,75,49,84,61,79,11,70,95,2,63,0,97,47,43,39,12,9,33,87,83,50,68,65,71,52,21,21,28,36,13,91,59,13,2
96,94,9,78,23,75,30,77,77,49,97,75,67,87,30,4,21,22,87,98,16,80,90,64,40,69,75,51,14,65,1,81,68,50,49,84,76,0,70,61,4,53,57,76,26,32,14,82,81,70,90,81,77,27,48,81,24,34,94,45,80,13,8,78,24,65,79,58,0,93,55,27,25,23,62,60,97,72,3,16,8,34,53,47,56,60,92,96,12,97,46,3,76,56,97,97,58,9,94,66
25,65,84,22,8,51,23,36,93,48,74,100,23,83,24,78,68,57,68,61,90,13,26,37,26,37,31,53,45,100,69,98,86,99,58,61,53,8,77,49,22,72,89,40,90,88,90,20,66,30,34,100,74,10,49,5,60,9,98,48,75,21,76,66,97,61,81,15,93,86,36,27,9,81,0,95,100,65,57,74,94,5,43,92,48,53,90,84,11,33,100,5,99,28,83,99,27,11,91,22
14,41,69,49,23,83,18,51,11,6,25,7,69,93,13,35,31,1,70,18,71,76,65,41,40,54,31,61,37,16,83,4,39,26,60,48,62,30,72,61,80,59,82,80,7,85,85,71,17,90,12,86,96,78,5,98,40,35,0,10,55,47,21,93,37,48,93,32,36,54,99,41,76,9,2,56,9,15,8,42,81,90,98,87,70,88,86,71,31,64,24,68,6,53,28,6,32,54,42,91
67,41,66,40,98,1,2,93,41,50,23,40,67,83,18,93,73,5,3,39,49,66,55,46,29,71,76,94,87,20,65,31,33,54,18,39,55,32,35,30,54,30,75,52,59,27,25,78,66,94,71,81,64,5,41,42,44,65,77,42,60,4,57,100,34,5,72,37,17,11,66,36,76,69,51,35,78,64,37,37,62,8,77,36,65,17,79,22,28,44,65,85,23,32,54,80,5,1,68,19
9,79,30,1,39,99,92,69,50,52,75,32,44,90,76,3,54,50,84,80,25,75,85,85,69,85,98,68,63,14,96,95,39,39,21,23,12,3,0,63,97,2,93,5,96,91,43,100,35,54,58,51,98,25,21,64,25,96,11,11,77,69,80,54,48,59,73,22,29,38,86,64,21,86,41,43,36,33,22,81,24,1,45,3,48,62,97,50,57,43,2,27,59,66,22,88,65,45,8,66
36,93,15,68,47,40,51,38,89,81,25,28,35,76,23,26,40,84,28,82,14,63,91,16,46,62,50,84,81,100,3,76,84,94,59,13,38,75,71,21,52,56,89,88,4,84,36,95,13,82,68,68,21,99,45,57,58,67,75,38,41,91,12,29,9,13,32,43,0,51,86,11,1,22,20,77,0,93,47,83,30,46,43,72,44,8,31,99,62,43,5,13,30,90,10,30,31,81,37,14
7,65,42,58,57,33,36,6,83,44,75,12,82,36,39,65,57,15,45,65,37,32,90,1,49,77,25,0,27,47,97,74,33,100,97,42,66,68,86,0,89,26,51,49,7,45,10,63,97,37,70,31,62,100,88,18,73,88,16,36,10,61,84,7,15,76,4,47,40,59,60,50,71,86,36,45,51,81,86,91,34,56,89,88,68,51,94,75,19,35,49,73,63,71,54,100,79,96,26,21
36,42,9,19,10,7,31,72,90,28,36,18,79,25,74,54,36,22,1,18,12,41,87,92,2,49,50,15,92,74,62,24,94,36,94,41,56,47,48,62,25,83,68,63,34,26,86,34,74,11,89,61,72,74,4,2,41,93,25,19,95,12,54,85,22,69,89,97,48,76,47,40,58,25,9,76,42,27,24,85,87,44,55,55,29,15,0,51,9,15,29,59,77,38,14,99,44,2,20,68
47,4,35,6,94,54,73,63,55,63,48,29,83,25,60,86,29,46,72,87,35,1,50,47,70,29,55,72,93,27,93,29,40,68,53,8,25,23,55,14,27,83,69,4,73,97,56,59,30,49,80,77,51,55,12,11,9,77,39,97,66,96,45,24,4,58,41,7,31,35,89,24,18,80,37,32,21,83,97,46,75,45,13,70,26,76,1,74,17,65,82,12,60,46,68,32,35,35,91,94
17,94,4,74,35,47,49,93,100,40,47,54,41,0,90,67,93,79,71,1,41,2,34,58,93,76,83,92,64,30,9,10,75,47,35,75,82,70,75,85,73,61,76,39,45,20,79,96,61,40,46,64,14,4,41,14,71,29,42,47,11,2,100,61,48,58,97,30,3,97,61,20,68,52,93,100,23,3,75,33,92,79,100,5,15,42,98,30,55,87,89,35,34,45,19,3,34,8,89,4
31,74,39,75,6,93,30,1,92,48,36,54,62,63,11,35,66,26,18,91,93,25,70,47,95,85,43,10,4,1,75,27,69,13,90,29,25,93,90,12,24,34,89,8,11,14,50,89,61,32,20,41,10,65,34,12,0,10,22,89,58,86,62,82,84,60,91,51,83,80,32,74,99,29,85,77,77,83,61,18,88,81,31,57,65,25,49,34,73,64,99,30,18,42,22,8,61,1,55,19
60,24,4,23,100,35,71,35,46,98,42,16,27,76,72,25,90,36,12,23,44,100,100,16,40,75,21,22,40,0,77,35,8,96,2,94,58,31,63,22,77,17,3,59,71,1,12,34,84,35,93,94,91,30,64,16,76,9,81,60,35,72,59,4,35,62,45,45,91,99,26,76,51,64,69,23,94,92,44,38,42,30,76,64,27,72,39,93,61,14,3,39,72,55,60,6,21,70,92,44
78,4,84,97,55,43,57,84,87,10,81,31,11,75,35,56,22,31,17,4,63,78,51,6,98,13,31,15,73,96,37,42,58,81,9,85,57,2,18,7,48,64,95,12,80,41,79,92,77,95,97,91,63,51,67,19,24,92,53,73,76,89,0,100,77,87,41,66,12,43,44,53,96,73,30,88,80,26,82,62,49,43,57,29,33,82,19,94,51,20,27,20,51,61,30,24,74,17,79,5
97,68,93,3,29,58,24,35,11,51,35,53,89,78,54,25,29,0,29,82,21,8,82,86,97,76,40,57,74,29,69,8,29,22,97,62,90,12,43,25,10,92,97,100,89,45,51,17,19,15,26,97,94,65,9,96,91,58,74,5,54,90,23,56,68,90,88,80,40,5,87,48,33,86,45,73,94,96,64,1,27,92,31,86,50,90,91,19,56,18,65,83,30,61,59,63,62,63,34,13
38,0,87,5,33,55,82,47,34,31,40,36,55,47,11,87,62,39,41,69,84,58,46,44,39,19,37,84,12,84,39,52,95,100,49,14,31,50,53,15,84,89,79,40,49,68,48,10,78,14,57,53,37,72,88,35,51,42,88,10,41,27,44,62,19,48,75,29,90,63,67,16,43,75,64,52,42,32,60,60,86,98,95,70,16,64,25,32,17,17,82,82,90,30,21,48,13,81,74,25
77,87,81,22,78,50,87,17,94,78,38,23,33,90,79,53,5,10,43,79,66,35,52,97,93,94,33,54,5,79,1,29,16,44,50,82,9,21,57,55,23,9,65,63,83,15,68,44,47,77,44,100,41,96,84,35,24,27,92,40,80,9,5,19,24,43,26,53,7,86,98,56,86,51,12,91,2,71,74,23,13,37,44,53,2,59,46,59,51,74,30,9,45,78,30,95,94,50,36,17
43,65,85,42,45,81,92,55,54,80,58,39,78,95,48,57,66,32,1,3,7,20,94,31,58,100,77,86,94,40,36,93,15,44,94,23,58,45,35,88,83,45,74,32,75,47,70,100,58,31,65,85,8,1,39,67,59,16,50,83,57,48,58,71,83,90,6,48,4,94,12,26,70,67,25,36,14,75,16,6,89,15,32,66,75,20,15,71,70,78,16,16,40,28,61,65,74,99,31,87
38,34,23,11,83,36,67,69,51,2,87,12,12,56,41,26,91,67,81,41,56,76,73,24,61,38,8,49,92,95,92,43,2,31,69,0,51,41,97,99,13,54,91,46,13,43,20,95,6,48,47,94,14,93,71,33,67,24,78,86,30,88,18,43,83,64,19,87,84,27,93,18,21,98,97,59,87,61,33,76,51,81,5,92,33,62,38,3,84,38,97,0,2,76,100,1,14,84,38,20
11,7,74,92,71,28,64,11,39,25,15,46,92,58,12,11,62,76,85,5,91,52,49,94,50,79,70,92,48,100,90,96,89,19,33,14,52,24,24,82,74,33,6,2,23,62,24,26,73,0,92,58,4,99,98,4,78,89,91,25,100,73,67,97,53,35,80,14,41,13,45,37,32,22,10,8,48,14,29,76,37,52,67,5,77,71,52,78,64,91,53,45,80,96,32,81,76,47,91,66
50,1,20,46,91,27,99,94,59,1,28,7,93,6,82,11,60,58,80,93,90,79,8,36,50,15,94,47,71,9,36,35,94,90,95,50,19,22,51,45,81,3,82,17,42,11,3,5,71,98,95,91,73,9,26,43,96,1,92,33,1,94,99,85,52,50,89,2,7,37,71,11,67,12,63,49,65,61,88,38,91,40,33,91,13,39,31,38,30,92,79,87,57,84,17,20,69,97,46,83
67,26,89,70,55,31,86,3,37,28,82,63,40,42,96,29,67,54,62,64,45,32,33,54,6,72,62,18,39,59,82,26,44,18,28,61,84,64,55,95,60,71,27,17,65,8,12,92,1,76,51,99,92,27,27,49,30,7,82,15,94,80,10,96,83,84,82,26,13,35,97,23,29,18,48,100,1,27,75,73,73,22,42,97,66,87,19,28,23,8,58,40,57,4,22,0,64,72,56,32
55,58,18,96,35,87,62,37,40,42,94,15,20,87,29,36,10,42,26,1,80,67,16,75,35,9,38,79,85,19,7,57,58,7,85,62,70,24,82,40,49,79,43,79,1,41,49,1,28,68,1,7,8,9,25,57,20,68,86,66,95,37,94,49,97,72,59,26,11,89,34,63,88,15,23,46,44,71,79,80,100,97,39,87,69,7,40,16,36,23,59,32,83,55,69,8,10,29,65,3
60,67,13,28,63,5,77,45,57,48,22,98,30,91,46,49,99,41,79,12,32,69,22,97,10,41,59,53,83,44,41,83,21,28,97,68,86,57,31,76,71,87,33,50,95,69,73,67,89,9,57,3,84,67,79,79,29,52,57,64,32,41,38,14,9,67,51,16,76,58,46,41,72,1,39,46,8,52,79,83,74,42,22,5,82,79,55,43,82,72,99,17,95,57,84,80,18,80,82,5
63,3,10,82,89,99,46,54,5,74,48,66,82,96,85,87,34,92,24,93,24,38,79,59,63,51,42,61,90,82,91,30,98,31,71,76,30,51,12,8,47,80,97,67,1,92,74,63,9,56,43,79,63,50,43,98,27,35,12,79,68,99,56,28,40,33,95,97,25,18,1,10,24,63,93,28,0,49,43,17,14,93,7,77,43,24,17,52,4,51,19,64,78,47,7,21,60,49,81,50
3,50,74,10,83,92,59,89,50,60,38,88,17,3,84,23,7,31,81,44,37,23,17,74,51,18,33,65,75,47,10,12,83,20,69,43,86,90,63,28,87,52,10,45,87,20,87,92,52,73,95,17,4,2,57,8,32,48,13,97,47,81,75,28,5,55,35,30,6,39,81,65,74,47,0,68,72,67,19,93,48,59,40,23,83,3,64,21,3,61,45,24,54,11,7,17,44,14,62,3
71,51,20,77,47,34,91,83,9,39,42,48,16,55,5,49,90,67,16,80,83,86,84,87,36,29,73,86,84,32,78,93,71,6,34,31,31,55,42,10,51,89,18,33,57,76,100,26,100,3,98,58,80,13,82,28,57,43,53,64,38,63,77,81,7,35,81,61,8,46,50,96,41,77,53,14,53,97,3,20,75,88,57,46,98,98,65,7,29,100,62,96,37,20,82,7,17,51,71,27
78,67,2,46,20,56,8,30,80,44,48,92,6,28,23,15,25,84,91,75,25,23,49,62,85,60,30,90,67,74,21,67,84,100,27,21,55,55,71,82,1,90,85,75,28,64,45,96,44,15,14,27,42,99,98,76,36,98,14,8,40,93,12,51,28,43,87,11,14,75,86,25,62,58,40,5,96,18,61,4,41,11,8,82,86,58,21,76,35,62,51,73,75,97,63,8,33,45,92,27
23,30,18,2,2,4,100,4,13,18,4,17,18,46,24,90,70,93,38,17,17,45,46,23,90,81,48,90,50,58,10,64,28,44,1,91,27,18,9,70,3,54,78,70,71,50,83,98,55,3,26,5,37,17,43,23,36,14,84,70,10,50,33,76,67,17,19,62,79,13,73,38,57,35,49,48,76,60,45,98,86,79,33,1,70,88,67,28,88,97,4,43,37,85,73,100,28,24,79,8
32,78,32,83,67,69,26,7,97,28,24,61,7,80,64,64,91,33,29,4,34,62,18,23,42,13,83,10,1,46,40,43,78,41,97,92,28,56,60,15,18,60,32,100,24,48,71,52,38,12,8,40,28,37,89,80,7,14,88,87,71,14,100,3,1,5,72,29,47,100,83,7,74,80,19,89,24,22,56,57,73,22,12,64,66,20,93,38,90,23,32,45,65,5,64,49,2,0,16,15
52,20,69,89,96,5,81,37,4,34,62,85,78,85,0,33,59,46,93,29,17,46,78,34,41,14,56,43,33,53,62,75,55,29,44,67,36,77,46,34,34,77,31,39,78,99,100,59,66,47,32,95,60,12,4,65,73,36,23,61,67,29,55,100,23,6,35,41,94,7,44,97,17,39,37,37,85,33,70,11,51,78,73,57,26,50,34,61,77,100,68,7,38,8,97,5,85,56,81,82
10,86,14,66,81,0,58,64,93,31,8,94,2,13,69,40,16,78,94,80,3,26,22,98,94,11,2,79,4,69,21,49,70,25,97,99,44,84,48,36,93,8,78,6,57,100,96,41,63,52,15,39,37,4,44,23,76,70,60,10,2,74,84,40,79,80,2,70,32,17,46,0,69,65,17,64,71,21,61,22,6,56,15,9,78,74,81,63,40,92,67,68,29,74,46,50,41,61,94,40
11,19,21,79,30,73,43,86,18,62,47,37,67,93,39,97,25,2,49,57,78,31,60,71,13,67,76,10,67,92,87,87,80,32,70,17,63,42,21,67,5,5,61,53,26,3,15,98,80,73,7,62,89,55,10,33,73,30,64,79,33,40,24,92,6,85,18,26,31,87,79,18,9,74,11,26,51,86,99,96,13,81,99,83,94,6,87,58,16,80,79,20,23,73,53,97,41,81,84,28
11,19,89,76,95,87,16,37,22,28,78,43,89,44,30,79,22,44,6,86,8,38,59,29,72,49,61,92,60,18,24,46,47,21,64,88,62,81,23,56,13,31,16,93,18,74,20,39,67,75,66,46,43,5,71,93,15,82,26,21,22,55,31,52,55,66,67,38,62,51,4,13,64,9,25,100,57,70,97,66,89,46,64,68,82,28,80,89,3,93,6,61,71,7,4,91,68,56,21,14
100,48,99,61,92,61,94,64,86,21,3,92,97,28,99,18,4,92,16,33,61,76,57,79,69,7,16,90,64,29,51,5,14,76,18,56,34,81,16,63,0,40,6,85,46,53,39,42,59,71,5,53,11,9,10,37,74,16,7,38,49,7,75,8,75,70,31,34,26,31,80,88,25,66,21,88,37,51,20,82,5,82,52,23,96,66,94,70,52,87,47,61,76,14,65,8,77,16,29,8
1,10,49,92,13,54,50,91,35,38,97,7,25,26,94,22,13,87,37,64,11,77,89,23,11,0,1,66,6,98,40,41,100,100,10,19,79,40,20,15,54,92,63,55,10,67,94,79,94,90,81,40,25,20,52,29,10,16,50,31,83,45,74,58,94,7,88,73,85,90,89,41,47,52,40,65,65,2,38,64,12,79,46,18,36,1,90,7,48,83,49,33,60,42,50,55,67,75,56,100
66,7,27,54,35,29,65,63,34,28,9,16,71,98,57,65,77,79,16,6,17,89,79,21,59,57,83,10,50,63,74,83,43,85,19,78,36,59,6,36,14,21,63,58,90,75,41,6,44,27,65,70,6,88,90,45,76,79,97,63,23,65,67,25,50,26,97,30,16,7,69,56,76,32,96,83,70,95,17,8,3,10,49,10,62,9,64,68,0,71,76,47,99,43,24,25,6,2,13,26
89,37,2,92,22,16,65,59,89,100,82,44,30,58,88,100,86,58,57,44,58,71,71,37,13,40,86,88,21,38,84,29,42,28,22,59,18,22,67,87,31,78,68,71,68,30,51,74,82,74,44,16,95,2,35,51,38,86,46,44,34,14,20,97,14,3,59,13,38,30,55,9,4,92,40,17,78,66,81,51,51,46,32,96,53,97,62,10,29,82,20,42,57,100,73,85,0,9,53,27
88,31,47,71,4,37,88,77,66,2,46,45,77,19,1,45,91,89,14,23,47,14,76,85,67,71,35,11,56,59,78,13,93,51,27,39,88,78,72,25,44,97,77,95,95,26,92,12,60,52,73,20,34,54,10,33,5,90,18,25,59,22,72,45,98,89,2,23,21,58,12,86,9,86,91,98,42,60,22,37,62,69,39,79,97,97,72,35,52,21,35,79,50,53,98,97,66,36,98,51
84,55,19,21,51,25,27,99,40,59,11,87,53,95,86,48,71,59,62,23,19,98,83,45,42,56,27,71,48,88,32,70,70,62,6,73,57,3,20,28,60,56,86,64,80,45,82,50,65,75,30,7,57,49,71,100,36,63,31,4,35,6,31,85,60,56,49,5,1,74,95,38,18,24,87,8,66,89,80,13,40,72,18,70,58,100,42,74,70,6,68,40,89,59,75,84,85,34,13,57
58,23,2,29,96,13,59,10,9,97,68,57,12,97,45,40,24,14,59,91,1,23,11,12,66,95,26,66,24,38,27,78,75,15,69,8,34,18,34,55,74,42,53,28,11,43,64,60,41,27,43,71,47,19,16,78,33,21,53,17,76,37,100,15,51,39,29,42,87,87,12,36,21,99,48,43,41,16,86,72,7,28,58,53,17,5,80,51,41,2,59,28,50,7,87,73,1,32,25,69
95,16,19,83,68,83,6,73,1,44,76,17,21,23,71,25,9,13,16,71,95,40,25,91,97,97,75,92,62,34,11,41,93,64,18,53,69,16,34,25,89,84,29,70,57,15,93,86,87,30,9,57,61,42,5,50,47,90,53,39,76,41,19,49,16,86,32,79,45,76,12,31,0,37,6,66,17,18,81,54,91,18,87,18,12,60,15,27,97,97,60,9,29,52,42,59,23,42,21,85
5,73,86,22,98,64,74,48,1,85,31,23,85,94,91,63,52,92,93,10,90,75,47,46,9,33,36,6,13,57,0,66,12,47,36,77,13,43,79,83,25,14,47,69,11,29,90,84,71,55,45,57,10,67,43,82,40,61,0,8,18,83,51,7,20,36,30,83,89,79,17,58,75,11,37,21,77,32,66,51,41,35,88,99,84,99,63,93,0,80,26,49,73,1,63,12,1,46,64,33
86,40,79,87,76,54,59,71,47,67,89,25,56,37,30,44,7,9,74,26,98,21,47,33,5,43,83,28,42,44,50,85,10,4,30,29,10,42,66,46,10,30,80,34,71,42,46,66,7,55,36,45,43,29,62,99,14,27,86,85,71,98,83,21,74,32,3,8,9,59,3,4,6,93,24,79,72,52,81,85,27,99,96,53,88,62,3,71,88,49,57,60,73,73,37,97,48,76,70,22
10,14,83,90,29,56,61,62,84,19,60,22,17,94,35,52,79,21,11,44,61,94,69,31,58,37,95,51,96,30,44,93,65,31,79,15,53,56,22,35,67,73,50,56,59,75,80,51,27,29,46,38,38,75,41,43,31,87,23,40,83,26,90,53,63,84,9,81,99,83,84,18,57,92,4,55,83,39,37,73,53,17,10,63,38,75,77,19,29,71,38,84,49,89,68,68,39,73,86,94
48,13,54,11,69,75,45,84,25,7,5,56,100,59,5,56,72,53,89,5,37,65,73,39,1,22,26,74,31,62,18,50,99,59,70,50,26,81,35,22,91,79,92,56,59,83,47,11,30,40,37,33,24,2,52,47,93,28,60,30,70,77,64,65,14,78,30,93,88,46,74,34,63,40,68,48,84,7,95,5,44,64,60,29,44,19,74,43,86,52,79,19,74,88,75,7,25,30,36,31
48,25,73,50,70,76,31,57,6,67,15,53,45,26,81,40,60,15,41,64,41,26,78,38,94,76,98,37,11,10,62,60,72,61,0,56,43,56,41,88,12,71,68,25,57,39,18,32,82,41,13,96,64,99,15,45,4,76,0,41,31,93,69,68,35,9,32,17,52,85,78,74,20,90,33,6,16,59,23,82,40,51,74,53,86,96,99,13,89,47,12,98,6,86,85,18,10,100,7,24
13,49,61,47,15,33,65,76,98,99,81,82,28,48,71,61,26,38,14,12,58,43,62,96,77,83,74,63,81,88,43,28,26,68,61,94,22,39,51,78,76,72,68,96,65,55,97,24,11,37,65,5,42,10,62,66,80,43,95,6,63,85,9,43,7,0,33,33,48,50,67,42,21,60,81,73,7,54,48,13,44,95,67,54,45,69,73,74,53,34,11,28,39,33,63,55,37,74,4,48