53,33,52,73,46,62,21,89,60,13,91,100,67,92,46,10,65,88,27,68,5,51,61,34,16,33,92,2,13,22,4,5,44,54,77,27,77,93,87,61,97,19,38,68,12,9,17,72,35,44,24,58,46,12,29,21,58,25,97,18,17,53,10,88,19,42,64,95,99,57,36,3,50,16,84,67,47,13,31,19,42,16,4,34,56,93,11,70,59,51,21,14,71,5,94,33,84,44,60,72
2,63,9,91,97,91,77,14,50,24,41,75,70,86,13,46,21,63,33,98,32,36,78,58,42,94,64,78,82,60,96,9,24,66,55,1,17,44,11,82,99,2,27,95,57,57,36,38,89,92,95,35,35,58,91,35,100,92,33,66,41,34,0,83,21,10,36,7,91,37,93,4,69,75,29,11,11,26,12,17,83,57,80,4,41,8,75,87,66,16,30,18,54,39,11,100,23,16,4,13
30,63,91,26,85,34,17,6,35,44,33,93,65,28,6,50,51,77,86,31,92,43,20,57,69,5,46,60,49,12,67,41,57,79,48,0,73,98,33,33,44,53,54,62,32,73,71,83,24,84,73,6,6,25,92,41,75,93,74,0,82,31,12,73,48,37,44,37,81,53,54,81,90,5,57,74,41,62,63,57,38,41,30,65,25,47,0,98,34,85,50,41,24,79,44,85,88,78,94,14
30,61,0,71,28,86,26,39,88,63,37,2,71,95,80,56,51,25,53,4,9,95,61,17,6,70,51,30,100,60,12,16,63,24,41,60,48,36,98,49,52,35,71,68,40,85,89,43,16,65,43,81,53,23,70,39,44,8,97,5,40,12,39,5,70,53,49,60,25,86,31,83,56,36,11,33,67,55,23,31,68,16,23,90,6,34,32,22,69,70,66,64,24,84,93,2,43,88,52,10
10,60,22,20,40,47,80,72,7,0,93,54,65,73,76,41,99,92,41,100,43,54,6,83,26,27,6,57,33,40,85,74,34,85,78,100,3,55,43,65,29,71,31,1,18,74,9,5,6,9,56,51,87,64,49,14,38,15,58,11,76,21,11,8,44,52,4,23,42,16,4,75,58,7,38,24,93,1,60,6,8,74,70,41,77,10,42,30,91,12,6,97,96,46,25,97,9,49,40,38
1,44,54,69,26,0,6,34,71,35,66,34,39,83,98,65,14,24,26,89,89,32,61,88,68,11,45,69,3,30,48,67,99,51,94,36,15,19,1,93,38,12,72,37,76,44,5,5,86,76,78,48,22,0,31,45,4,34,74,16,78,85,12,56,66,45,54,14,19,29,48,26,50,64,83,90,49,58,97,98,73,17,29,8,76,14,69,89,97,35,83,53,32,21,2,18,23,0,77,86
81,20,68,7,89,47,34,17,38,7,71,13,93,35,64,42,37,13,92,63,64,50,14,85,83,49,85,16,87,88,96,49,31,68,21,98,67,38,25,92,27,39,7,85,15,41,97,55,93,71,82,67,97,29,2,78,68,35,93,49,77,89,3,13,83,70,25,76,75,81,58,16,97,62,66,79,56,40,63,25,27,64,62,54,78,3,28,67,77,2,60,14,1,87,83,41,77,72,29,68
25,42,9,93,74,9,73,3,68,6,42,41,59,51,19,94,13,85,2,32,70,47,90,15,50,87,83,60,37,85,86,89,30,14,90,71,58,34,95,38,23,76,38,59,16,47,13,29,52,22,48,73,28,22,46,22,27,46,3,49,43,82,77,84,35,100,41,20,21,91,26,45,66,90,0,40,10,90,10,43,96,10,49,65,90,57,16,63,1,97,98,71,87,36,70,35,85,37,98,10
40,63,22,40,100,44,46,72,76,89,55,92,14,98,86,98,37,71,45,51,85,44,47,81,15,77,9,11,56,46,40,67,23,2,41,31,94,86,68,80,89,46,72,94,97,40,68,63,3,62,84,71,33,60,75,77,63,32,37,78,49,68,18,84,39,63,18,35,94,79,99,14,12,96,34,0,50,66,88,40,68,90,26,35,68,100,84,6,13,98,49,91,82,44,82,48,70,93,74,0
37,14,63,53,10,89,31,42,25,97,81,34,34,47,7,32,62,77,37,37,43,97,50,5,6,99,10,20,25,20,17,27,38,20,2,68,92,38,8,92,62,45,70,16,12,86,83,8,4,39,100,53,27,66,73,45,37,19,93,80,54,57,13,12,16,40,64,24,34,61,44,10,31,40,43,27,79,76,23,75,14,68,1,11,37,32,38,55,77,54,17,49,100,68,57,71,20,48,79,95
16,56,16,56,7,41,67,5,69,59,49,52,1,35,59,43,2,38,27,62,38,26,26,39,99,36,71,51,55,47,62,65,81,57,15,54,87,14,93,30,27,80,28,54,71,63,51,88,21,34,74,15,12,23,87,67,85,39,75,69,1,52,42,69,89,55,43,52,7,66,66,31,86,33,47,16,98,25,71,89,56,61,70,70,88,17,26,35,95,93,81,65,18,5,7,25,11,70,70,89
41,32,79,72,62,60,57,34,36,22,35,66,98,78,33,38,2,25,17,27,36,23,99,24,3,27,63,46,83,86,75,80,76,66,79,86,65,77,60,86,57,30,16,70,34,5,8,62,77,7,44,89,80,59,6,91,81,39,23,72,29,5,50,10,93,27,49,80,61,21,100,95,7,21,80,66,84,23,29,49,8,62,96,87,50,12,49,62,30,49,81,93,70,90,25,77,41,76,36,94
86,3,82,25,76,16,17,44,78,19,46,64,24,98,87,35,47,58,0,20,37,95,97,59,72,95,54,14,100,20,45,59,30,59,18,3,56,70,96,15,31,61,60,44,42,99,13,19,78,9,84,15,73,45,92,4,39,25,41,0,73,34,17,22,2,64,29,17,20,33,29,87,37,47,48,67,26,33,13,97,34,84,46,24,50,5,28,27,100,62,74,51,80,55,92,79,60,15,26,65
87,93,97,40,67,49,59,2,48,15,84,63,68,46,63,2,95,53,42,88,100,97,86,82,21,61,48,89,14,40,3,23,43,65,71,87,8,95,3,55,70,57,67,55,95,3,6,81,3,55,6,94,71,13,47,82,23,50,14,85,6,10,59,38,52,51,83,40,55,58,61,1,45,35,56,41,53,12,1,35,63,60,56,79,88,62,5,88,77,33,63,82,76,98,36,19,87,50,23,26
69,67,77,46,25,22,86,35,11,78,36,48,38,42,61,52,84,28,31,73,57,60,90,36,43,93,47,6,87,62,46,22,79,74,77,89,2,25,86,23,27,36,99,49,85,92,87,33,82,46,34,51,91,41,40,48,86,21,60,65,70,71,74,82,97,47,79,80,54,23,46,15,75,47,83,80,70,47,43,96,94,87,73,78,69,58,5,11,65,49,21,24,16,63,68,87,63,10,72,16
76,27,62,49,32,63,87,21,68,90,37,83,65,23,69,88,13,53,70,100,52,84,78,41,29,44,83,30,43,90,65,85,22,82,3,29,31,2,47,21,19,67,93,37,67,38,94,62,11,4,84,33,40,40,23,99,86,47,99,19,94,3,1,93,52,35,21,79,6,88,13,42,21,24,12,40,42,71,60,22,39,17,42,26,53,85,24,98,42,53,97,51,6,18,32,60,32,80,28,8
39,88,42,60,98,24,35,34,48,37,89,100,66,27,73,84,39,28,51,42,48,86,88,1,95,34,18,3,59,28,99,37,16,10,89,79,31,5,11,88,43,64,72,16,9,47,34,4,54,36,55,17,68,5,81,92,64,71,86,43,75,33,27,6,61,47,93,80,17,23,1,44,52,65,29,12,94,94,39,72,91,16,29,16,77,27,1,55,3,61,47,22,9,7,44,22,67,98,42,93
69,3,0,69,76,57,54,55,11,14,75,58,89,90,39,57,73,73,8,45,97,22,20,55,91,96,0,51,54,7,2,83,2,60,37,86,71,53,75,79,100,26,6,52,68,75,64,35,14,29,10,43,20,53,99,58,70,50,39,53,95,81,72,39,0,12,49,20,46,24,14,72,92,36,64,15,78,22,94,51,67,27,65,79,23,52,26,58,57,15,24,88,26,47,45,62,97,95,78,49
79,57,66,80,90,53,80,51,51,92,81,45,97,86,85,17,41,59,78,69,19,45,13,13,22,78,7,25,49,74,67,13,74,29,66,64,73,92,69,72,80,88,54,65,71,97,90,57,53,59,38,72,79,2,43,99,97,96,61,55,18,3,78,23,38,35,14,32,62,58,81,96,97,78,55,23,88,96,71,11,60,24,30,80,8,39,34,89,2,1,48,45,31,82,76,73,65,8,87,86
26,97,44,13,13,70,75,30,89,24,4,3,34,14,40,0,44,48,6,73,15,20,96,87,73,53,95,18,22,93,81,61,31,78,72,61,30,33,89,35,58,37,86,20,89,71,42,57,70,14,46,5,90,73,58,33,38,15,29,87,44,65,9,70,43,92,75,53,44,3,93,4,61,84,44,54,18,64,100,71,74,17,21,23,32,21,77,23,82,17,36,43,59,91,85,12,12,96,52,69
42,83,58,20,55,78,29,57,96,12,66,53,60,4,12,17,100,33,37,27,19,94,7,92,78,82,91,97,67,88,53,77,71,92,16,86,63,60,74,39,52,33,1,41,36,76,7,26,96,93,61,75,93,96,65,69,44,86,90,77,28,10,63,54,69,89,37,86,73,9,29,74,22,79,93,49,2,76,30,69,59,60,37,31,58,6,25,23,99,83,5,43,8,96,59,19,35,43,61,52
16,65,81,40,10,71,73,26,13,72,93,84,18,51,45,38,75,58,93,87,39,62,23,51,30,95,85,57,6,8,61,27,80,2,83,74,86,100,28,72,75,92,79,27,96,22,38,48,85,66,17,85,44,91,40,75,64,13,76,73,15,72,7,80,36,69,62,33,45,17,30,1,93,79,78,15,76,82,67,56,84,0,14,52,46,29,69,81,49,61,47,64,74,1,40,11,53,40,31,23
36,88,15,36,60,48,73,40,32,66,88,80,11,0,24,12,97,51,51,25,82,97,44,94,90,66,72,21,24,99,96,83,2,46,75,23,84,51,48,62,16,71,57,36,74,86,35,72,27,91,98,28,80,13,84,100,50,55,76,87,96,53,87,15,28,99,61,29,99,51,100,33,38,80,30,93,44,52,72,29,66,52,1,54,22,61,0,100,55,81,59,60,82,56,70,100,48,98,45,77
7,47,54,81,81,33,32,91,7,13,89,21,85,90,61,50,100,36,47,36,52,67,90,32,63,16,15,92,90,83,45,27,19,58,47,26,14,78,82,30,58,0,5,36,18,34,60,21,43,1,70,20,17,32,21,8,75,24,14,91,1,80,92,88,23,11,94,87,33,35,67,44,16,91,13,46,98,49,24,77,30,95,59,97,95,44,34,94,4,54,67,4,62,6,6,94,21,19,39,49
27,59,50,38,57,11,79,45,96,68,83,87,8,3,51,85,76,74,65,78,98,16,58,70,31,21,31,31,12,14,59,74,74,83,39,90,27,40,88,28,92,89,67,79,63,42,37,89,29,41,47,36,31,48,73,38,56,94,52,30,82,68,40,66,9,73,61,89,11,32,72,98,50,52,47,10,73,16,29,100,65,14,73,44,5,99,95,32,86,56,84,99,94,1,100,67,12,55,90,59
55,33,60,70,17,17,21,43,35,64,82,94,98,24,68,37,92,91,17,17,81,41,41,5,43,74,53,39,93,22,74,70,100,66,24,14,82,41,23,51,57,34,59,0,88,3,22,27,80,66,78,98,11,78,89,60,100,5,42,71,13,84,23,50,56,69,47,89,15,14,57,100,35,1,16,11,85,21,32,69,34,99,93,62,58,73,70,61,59,15,88,84,37,62,37,55,13,47,59,92
47,67,98,94,98,90,80,94,86,92,75,88,87,66,64,49,44,21,90,17,60,56,60,36,30,10,5,8,53,100,30,76,90,2,27,66,100,88,60,14,27,57,40,41,38,35,6,26,55,39,57,95,75,16,62,71,73,28,7,7,67,4,98,77,72,91,54,4,7,90,17,87,35,26,21,75,72,38,29,91,16,29,4,14,35,95,8,39,91,78,2,71,3,6,21,18,83,47,6,15
22,2,82,45,11,56,85,82,1,15,31,12,93,87,20,80,79,24,27,27,90,11,3,14,61,47,94,22,82,45,65,17,84,25,12,91,80,51,94,82,51,51,44,5,83,33,14,74,23,10,70,100,23,25,4,30,85,16,57,45,40,95,76,58,58,38,0,38,51,28,55,95,82,79,92,89,67,51,36,53,20,27,62,13,43,22,74,38,15,51,11,6,30,78,18,26,15,56,55,34
46,50,84,73,18,55,33,60,92,90,89,24,2,75,1,82,20,26,16,76,8,32,82,38,12,54,71,94,44,45,97,37,83,56,75,60,64,97,0,84,7,63,31,2,33,50,19,14,21,0,48,82,32,13,33,76,1,92,65,96,51,51,82,52,35,92,16,91,79,43,80,78,69,40,87,1,75,12,3,14,79,67,34,76,80,83,91,92,99,43,73,52,23,22,5,69,86,55,97,89
33,51,9,57,64,72,14,36,96,27,41,53,34,72,27,40,90,99,3,0,75,65,73,98,62,25,33,45,3,19,84,16,39,29,23,30,39,37,72,43,74,73,73,9,46,38,21,46,59,23,51,77,8,18,70,89,45,20,26,37,45,93,34,1,85,27,66,74,27,100,90,40,12,37,48,52,11,95,35,73,71,31,51,77,77,17,0,0,0,79,2,23,46,65,24,36,55,82,53,14
73,30,24,92,57,64,73,98,77,4,86,16,95,28,20,33,10,72,95,92,37,41,51,100,53,81,0,27,47,59,22,59,83,42,9,53,60,38,37,75,13,65,71,80,6,27,55,62,25,37,84,15,5,87,37,34,50,93,43,33,44,69,84,14,9,80,57,37,17,93,59,33,37,84,2,61,64,5,21,53,2,33,64,74,25,25,78,18,34,76,64,1,97,38,77,6,87,13,38,40
65,81,81,90,26,69,80,86,64,22,8,97,6,50,2,4,23,57,49,72,88,20,91,35,99,90,36,38,92,70,30,72,49,98,81,92,49,54,85,62,9,19,57,54,78,96,65,33,32,68,90,83,73,24,85,76,11,29,56,14,62,40,9,39,95,63,58,19,88,52,28,22,71,1,95,9,1,77,93,96,3,10,4,36,83,6,9,8,74,23,38,18,68,70,26,84,36,92,61,86
49,8,77,14,38,10,90,38,48,75,25,12,79,91,35,78,73,88,86,34,90,48,19,98,16,40,98,78,94,14,65,69,68,41,61,60,39,69,96,77,86,40,46,0,59,26,94,38,81,29,5,10,87,86,63,60,54,65,88,9,52,33,10,41,86,12,84,2,33,81,82,75,77,85,71,3,85,88,4,27,31,7,9,65,42,37,44,77,96,100,53,21,13,41,13,4,59,59,59,63
71,64,54,33,30,97,15,24,85,38,63,56,71,32,73,61,68,36,98,60,73,32,54,51,61,85,67,34,26,99,24,74,60,85,15,17,52,57,28,58,48,100,81,94,21,43,24,13,90,91,34,36,69,58,96,53,45,98,43,39,38,50,48,100,17,73,94,62,93,95,84,23,28,59,63,51,34,98,16,1,41,35,4,94,49,20,88,94,100,4,45,65,69,19,12,67,60,89,20,24
65,11,42,93,53,94,37,65,70,9,51,71,2,81,44,66,40,35,33,57,58,44,17,68,59,31,98,11,5,10,89,61,1,71,80,15,69,89,38,98,73,36,93,18,61,91,81,87,67,53,28,82,81,35,31,43,43,82,63,35,2,19,2,36,85,43,42,85,75,64,18,37,88,91,30,92,16,5,3,63,11,22,1,42,72,95,92,30,93,57,19,95,35,95,37,93,64,99,59,78
50,42,49,37,33,30,77,90,26,95,10,63,54,24,23,43,63,79,30,98,31,6,70,59,96,79,5,75,68,70,84,57,72,52,74,76,57,82,51,86,58,93,87,57,26,5,93,99,98,1,88,3,92,88,89,70,66,62,91,71,4,61,80,84,57,16,2,56,82,1,91,72,100,80,93,44,89,36,80,18,32,31,97,96,89,57,5,8,48,67,33,88,33,57,70,71,100,89,4,83
44,31,91,77,13,56,75,56,96,66,43,61,55,83,37,68,64,89,25,8,95,55,73,66,27,97,10,74,2,39,98,48,19,93,44,6,12,20,41,56,17,36,97,50,36,43,80,34,16,42,21,6,6,22,100,43,44,77,35,80,77,39,75,18,96,53,12,74,75,21,38,26,97,34,87,93,92,72,42,32,55,60,25,85,48,65,71,68,90,0,67,93,96,7,62,27,19,4,38,17
28,81,84,11,45,12,0,34,91,93,73,48,17,25,81,37,19,80,38,14,64,47,37,1,19,77,25,34,28,0,75,49,92,25,6,95,97,93,30,10,84,99,17,91,91,32,45,35,79,82,20,79,4,30,75,66,86,86,14,51,39,26,48,62,46,85,22,83,98,68,1,25,58,63,78,25,42,49,76,3,18,76,27,61,21,75,59,64,61,84,42,67,61,3,99,93,10,100,10,26
61,64,15,72,29,97,100,25,83,47,47,24,22,55,35,42,95,12,32,55,9,51,66,44,54,65,76,51,22,61,17,40,26,50,25,2,33,62,52,19,47,20,40,54,89,25,67,55,3,85,84,9,25,38,59,64,63,9,47,27,6,84,47,88,89,90,94,45,32,27,23,33,45,13,17,79,66,11,36,63,73,94,62,76,69,27,30,50,49,36,87,8,73,57,67,24,76,6,54,98
47,56,15,14,40,14,40,69,24,78,30,31,18,6,86,4,89,37,20,2,92,19,0,74,73,46,43,47,70,52,90,79,62,45,54,67,48,7,78,43,68,54,41,11,21,35,80,37,85,91,37,36,66,97,12,79,95,90,45,90,11,67,84,71,88,89,18,87,92,80,36,89,82,92,32,64,11,91,50,94,21,32,44,85,53,29,33,53,54,62,9,53,40,98,3,73,63,35,66,93
21,10,60,91,47,73,75,72,38,21,60,65,58,55,72,14,6,77,34,6,74,91,57,15,36,99,91,70,57,66,61,11,39,28,34,60,51,57,24,12,65,66,81,94,5,66,60,62,66,6,14,12,78,82,84,58,39,99,9,80,95,7,53,92,91,54,85,79,69,14,27,60,69,15,22,75,17,0,29,32,29,5,12,87,84,7,19,79,69,58,96,99,7,49,42,47,70,35,51,40
50,54,21,15,71,27,70,38,74,35,39,85,63,8,9,47,50,23,33,83,96,15,74,6,90,66,61,27,98,10,59,33,25,18,82,86,54,41,68,59,1,53,6,28,1,36,84,49,68,70,50,9,18,70,30,91,89,61,25,99,7,53,41,36,24,68,28,48,53,97,32,75,39,41,34,10,29,55,28,32,87,17,18,90,10,70,28,18,40,98,41,4,8,52,36,29,36,20,37,86
19,71,75,56,7,2,52,73,100,34,80,24,95,86,11,62,61,25,40,100,33,21,19,27,95,5,83,15,11,36,94,94,1,8,53,42,28,21,97,85,71,7,79,36,1,42,47,34,9,91,37,66,55,93,75,54,50,69,92,32,43,60,56,11,92,66,77,67,76,58,63,32,53,58,74,81,63,83,81,92,0,67,69,44,94,51,47,32,37,49,38,52,35,34,5,60,74,97,82,25
8,89,76,79,5,67,34,8,95,21,15,97,25,61,32,16,95,61,96,45,39,15,98,32,55,82,58,28,34,84,19,78,1,76,75,0,3,53,73,100,60,75,85,32,0,33,96,15,81,8,17,41,50,57,16,73,56,65,43,22,27,25,95,44,13,1,2,23,66,38,86,19,25,29,24,32,14,73,29,29,86,25,40,48,19,43,11,58,17,6,22,58,72,71,40,73,17,36,31,21
16,81,49,78,47,33,26,82,23,49,55,7,9,47,71,22,26,27,45,42,13,92,10,92,60,72,73,41,25,29,10,63,48,60,29,34,78,16,31,63,39,21,27,46,98,65,46,1,74,54,39,42,89,71,78,17,31,100,74,16,77,39,35,50,45,24,99,62,17,11,99,31,90,21,9,92,58,64,6,2,85,23,93,47,60,32,72,91,94,30,84,95,73,100,17,65,97,66,6,39
75,57,1,63,17,20,44,20,42,52,26,51,8,34,51,9,82,61,35,62,55,40,86,5,2,40,15,82,28,54,23,51,43,2,6,78,88,90,66,99,15,23,84,80,84,9,1,2,61,14,30,93,95,99,25,66,54,5,59,53,51,33,59,33,94,44,92,69,12,14,31,46,28,78,40,25,42,15,89,33,50,90,64,43,43,51,71,43,4,53,84,68,38,26,77,25,62,58,31,23
99,12,80,35,14,1,71,22,35,53,46,47,54,98,11,13,35,17,0,96,83,85,68,37,36,3,22,94,63,69,38,38,42,62,42,77,69,2,78,83,79,86,70,33,67,12,57,9,58,10,89,60,49,45,22,10,26,93,72,33,48,55,74,24,34,17,83,53,28,8,10,10,55,50,3,14,0,15,11,6,86,94,24,34,19,31,6,71,37,94,90,84,86,63,57,10,15,21,52,4
64,77,49,58,66,36,84,78,2,47,14,83,48,14,27,23,45,88,20,48,2,5,63,20,80,26,66,17,54,52,79,70,99,11,62,23,44,89,99,40,65,76,96,54,81,29,63,27,88,7,54,10,65,82,2,73,80,54,68,31,84,27,87,27,22,42,90,73,50,43,29,54,94,13,84,43,26,26,100,49,18,71,33,3,41,97,42,25,50,24,17,91,99,30,72,84,30,74,54,46
57,72,53,72,50,24,23,94,36,91,65,56,49,48,9,24,6,70,56,37,65,70,83,63,79,97,91,26,0,99,58,100,47,15,13,73,62,63,14,69,42,31,53,14,54,92,64,23,13,18,5,64,96,39,30,49,26,6,0,29,42,96,33,76,37,10,85,12,100,64,57,76,45,65,9,97,72,36,59,32,95,20,57,27,65,98,79,100,36,80,78,6,61,40,15,95,24,68,31,27
95,54,94,33,81,3,76,8,100,34,46,85,93,18,51,81,88,15,19,60,91,26,30,20,43,0,31,29,25,13,9,22,12,71,5,71,56,83,81,62,76,66,30,10,16,43,60,27,6,18,5,60,79,86,52,100,17,89,70,47,98,21,47,39,10,90,44,86,85,96,52,93,93,59,14,69,53,11,75,73,92,81,50,85,70,74,48,74,41,17,20,100,29,22,0,55,45,28,69,81
16,69,14,42,35,12,25,89,10,75,25,35,2,26,50,10,33,99,67,22,34,31,42,11,8,3,11,70,58,83,93,54,22,45,66,64,3,5,19,27,59,61,79,82,89,17,2,27,88,44,5,20,69,32,79,12,43,55,77,30,20,40,17,47,77,32,80,29,61,33,84,65,97,8,69,8,78,88,6,7,81,50,11,51,97,0,43,48,55,97,4,49,35,54,69,13,6,25,31,49
100,19,83,97,58,22,89,77,35,100,68,60,50,60,34,28,17,20,96,33,23,5,69,53,59,75,28,62,75,20,63,68,37,25,34,57,49,31,55,30,7,29,67,1,37,53,19,49,22,14,47,28,60,66,65,0,44,46,56,95,75,14,8,14,82,54,68,72,63,52,93,76,62,46,12,33,93,8,42,60,50,25,58,48,10,5,88,67,55,19,72,6,56,41,66,12,87,29,94,94
88,83,92,15,66,66,92,31,6,92,29,38,62,94,62,6,96,52,69,24,39,38,50,76,89,35,2,35,58,21,99,10,79,72,61,29,2,52,52,95,40,36,92,38,63,72,28,97,26,96,94,4,22,37,34,73,70,65,53,79,18,13,97,18,37,23,44,92,49,59,2,18,83,100,2,98,91,70,69,16,21,83,86,55,74,83,64,84,27,51,6,47,63,91,77,99,5,96,11,63
2,70,45,49,12,4,63,44,27,74,71,76,66,58,18,8,100,75,39,27,16,84,31,84,89,72,69,56,57,82,52,92,15,51,59,96,98,50,5,91,40,70,92,20,67,59,36,51,11,57,96,7,69,69,96,94,7,23,7,51,23,25,66,77,91,48,45,50,52,5,4,50,11,79,97,51,5,75,13,24,39,1,30,38,16,84,47,9,83,41,38,76,77,10,93,32,8,61,71,36
65,24,67,11,82,8,19,87,18,68,71,61,86,86,95,6,5,7,30,9,100,62,100,1,94,45,41,59,68,66,33,74,6,50,46,88,16,97,82,51,42,70,46,25,41,77,90,30,96,64,85,11,34,3,93,38,56,35,84,18,40,22,72,99,10,47,64,42,80,67,98,10,10,52,34,30,48,62,43,95,68,17,50,47,56,94,50,46,86,10,7,44,13,74,20,10,67,42,6,52
68,3,64,29,6,8,28,9,97,17,46,100,71,7,41,15,17,30,40,3,39,84,4,21,26,21,89,23,69,42,32,46,71,21,23,20,61,41,16,56,46,91,94,83,9,71,82,92,25,9,78,90,57,63,42,50,81,9,60,65,82,72,7,33,49,79,33,10,0,10,81,90,65,82,44,62,94,92,44,68,48,66,83,6,50,92,100,20,12,65,89,72,68,91,76,86,21,53,78,35
93,57,47,64,9,51,84,4,15,18,16,63,66,12,92,25,65,0,93,84,17,83,29,100,97,64,15,85,98,23,52,29,58,67,51,87,16,45,88,68,52,46,48,14,47,33,34,11,12,66,99,28,71,54,12,47,65,95,81,90,86,54,14,54,64,92,11,71,35,16,61,11,36,49,23,51,94,92,79,5,68,90,98,98,77,57,10,97,92,92,78,80,25,19,55,62,50,58,22,6
93,37,23,17,86,63,47,40,82,88,49,49,52,3,40,69,28,68,0,85,74,25,25,100,63,0,90,82,12,89,69,38,19,21,96,18,98,83,10,66,57,47,53,97,64,69,84,22,60,25,77,3,78,6,56,74,35,93,24,72,25,11,37,95,33,88,62,0,4,72,24,35,65,19,69,74,13,97,83,12,85,27,42,20,57,33,93,96,23,26,98,83,72,6,49,43,16,63,82,12
75,20,90,40,7,81,84,32,4,22,100,58,6,41,42,97,10,75,84,26,73,84,61,42,70,83,51,48,68,80,77,1,42,80,39,3,55,89,46,27,42,44,10,99,67,39,96,25,5,18,49,77,41,42,31,42,86,96,98,48,41,19,54,81,47,59,3,61,67,14,58,8,18,35,34,95,13,5,69,97,24,16,43,70,12,11,88,14,87,11,97,91,47,24,95,99,53,23,97,64
38,97,34,32,88,82,80,96,37,92,5,61,64,83,29,9,36,56,72,36,88,9,82,50,20,37,80,64,5,49,34,80,0,32,94,12,7,86,15,24,82,39,82,58,50,50,10,9,4,83,86,22,71,79,38,20,56,33,87,97,63,19,78,32,99,13,10,61,98,36,53,63,34,10,13,36,54,77,12,82,53,13,65,88,45,69,94,19,27,25,41,1,28,11,91,81,28,79,19,37
25,66,19,29,49,20,4,92,87,30,11,75,3,35,99,74,97,57,74,38,1,72,5,58,67,20,80,77,68,73,25,26,9,35,15,28,100,80,59,1,4,92,83,48,91,45,26,39,52,31,89,41,75,3,76,20,21,63,42,69,98,15,88,9,97,61,52,20,38,99,76,40,88,94,36,35,7,79,75,90,23,79,12,41,38,69,49,18,5,19,90,94,31,84,65,10,24,78,0,8
10,72,8,92,40,73,91,74,60,62,93,70,7,14,63,7,8,27,76,92,62,92,17,54,29,75,64,57,38,92,55,52,95,56,52,34,27,23,3,36,88,58,79,95,67,0,67,39,68,75,67,23,11,46,59,50,96,77,73,29,98,31,27,52,19,71,22,52,17,66,32,36,3,7,75,49,23,66,12,71,28,49,72,17,58,32,15,64,54,72,64,2,31,40,47,58,86,42,36,82
4,22,79,90,79,82,3,21,50,84,93,94,48,26,41,17,45,89,89,90,38,79,49,62,7,36,21,2,85,66,35,23,1,75,88,97,9,40,7,13,34,15,64,24,70,18,22,24,30,71,44,67,5,0,77,91,80,26,32,89,87,66,79,68,57,63,53,16,13,31,68,42,26,45,78,44,55,78,97,46,40,49,63,29,5,54,38,90,22,35,43,67,55,27,0,1,27,34,93,19
84,95,20,52,4,52,32,91,36,88,67,91,4,63,25,30,70,57,31,79,86,58,15,92,83,66,100,23,28,67,37,76,41,94,12,82,87,37,81,39,59,90,63,26,50,8,96,78,64,0,54,7,59,33,8,12,4,81,95,24,70,76,79,98,32,20,25,47,14,77,16,90,55,45,61,28,43,81,82,37,96,17,13,27,0,54,57,21,71,42,5,49,25,89,13,55,34,45,90,75
43,99,64,18,13,29,73,45,55,58,51,25,84,19,3,40,59,11,87,7,84,95,32,87,95,28,83,78,14,89,71,5,54,85,19,68,44,28,62,98,2,19,8,16,51,92,78,80,47,5,5,8,34,99,24,51,36,40,51,35,37,47,31,84,16,37,9,28,32,89,16,50,7,87,59,36,73,60,6,37,4,33,56,72,7,7,36,85,20,33,13,61,94,14,8,53,48,90,8,44
22,7,84,78,77,52,72,12,73,82,3,46,50,94,50,63,100,79,91,86,7,83,72,68,76,74,81,60,41,50,80,75,47,65,76,42,47,22,90,10,6,94,42,22,82,29,14,57,13,24,94,57,10,7,92,69,86,56,84,4,47,26,31,31,17,95,36,80,13,21,47,34,48,85,59,5,34,19,33,91,80,69,88,77,76,72,17,45,48,18,23,9,49,75,21,60,67,23,56,84
71,45,51,42,49,60,67,59,85,2,63,95,100,97,79,28,95,94,74,48,36,2,10,15,33,1,75,14,60,16,45,28,89,57,6,30,79,79,11,92,87,23,91,24,52,51,88,9,84,35,75,92,5,95,41,12,7,65,100,83,21,1,31,46,30,19,0,44,93,59,40,4,62,81,32,37,89,75,28,48,85,54,72,94,11,74,90,89,18,29,14,67,100,79,22,86,94,75,71,68
81,50,38,83,66,50,73,46,26,19,75,27,95,7,42,44,79,80,83,87,37,45,12,90,25,6,0,77,27,4,22,93,62,55,54,21,16,98,7,79,36,59,83,71,29,78,51,64,53,68,50,23,63,85,67,4,67,83,27,92,18,68,64,75,52,98,87,78,25,51,44,20,62,90,88,59,65,75,94,21,88,34,1,16,65,28,87,28,42,65,94,7,49,64,26,31,8,63,48,89
83,58,97,12,81,64,78,29,61,11,52,11,21,70,26,16,65,42,70,81,40,95,82,21,16,30,31,44,99,64,88,95,95,32,53,18,44,39,8,2,54,74,73,84,79,86,38,74,1,9,10,45,68,25,15,98,54,75,82,12,9,87,43,57,70,57,39,91,24,62,24,72,45,45,93,100,81,12,87,100,21,39,60,21,46,44,14,8,46,90,54,70,100,70,98,8,50,87,0,63
52,39,81,80,70,71,52,72,77,96,18,36,20,90,77,29,46,82,63,58,74,81,47,7,21,84,14,86,31,36,58,0,69,33,68,29,47,85,35,48,54,73,0,63,48,10,92,59,29,9,51,51,99,25,39,94,58,57,63,6,8,16,24,1,21,59,31,91,81,16,75,42,17,45,71,52,90,43,63,14,30,59,5,71,89,7,14,93,60,48,10,81,4,35,75,28,44,83,41,11
90,17,7,33,93,1,68,46,98,62,6,12,85,21,68,39,7,90,30,23,62,64,23,48,62,49,11,20,34,100,92,27,100,58,11,69,60,9,55,26,20,36,14,2,93,90,98,55,68,46,23,29,11,93,96,26,93,67,21,56,7,93,16,10,60,42,7,61,76,39,55,58,100,78,77,97,55,20,47,69,99,72,22,36,88,4,16,3,89,10,60,65,2,26,20,95,58,38,100,6
95,32,79,84,18,88,100,74,56,31,91,29,19,13,81,57,68,86,81,35,10,95,14,57,1,71,14,23,5,61,85,97,100,13,61,31,76,36,78,19,85,88,86,49,48,31,80,0,12,90,86,4,16,45,39,31,94,85,14,89,56,58,25,74,5,17,57,9,97,31,67,90,67,11,82,7,94,25,55,30,53,44,82,98,25,49,20,25,81,2,28,21,76,6,74,31,61,76,76,37
12,54,96,62,46,51,45,91,90,78,5,86,3,37,45,27,15,8,22,50,51,13,90,54,68,67,74,57,33,60,23,16,74,42,19,90,36,95,6,30,78,93,40,4,12,46,92,56,39,10,43,37,24,62,17,6,45,33,23,17,31,27,62,86,32,66,32,15,52,26,46,31,16,46,23,10,30,33,9,57,69,95,52,7,38,85,38,16,94,17,62,88,22,22,2,33,100,59,89,52
49,14,9,5,91,97,29,50,55,85,79,12,56,2,60,39,64,33,98,16,75,15,44,59,43,7,90,12,10,68,94,55,89,67,17,75,14,26,50,18,26,94,75,74,20,17,35,58,37,7,26,17,67,56,98,41,77,33,63,28,7,34,51,93,56,25,7,97,96,55,6,100,62,78,77,99,49,44,82,46,41,84,44,47,15,9,75,8,65,72,34,64,23,59,11,95,19,35,67,88
94,83,74,10,55,72,65,6,32,37,64,36,56,9,91,81,49,67,35,79,42,9,49,3,22,39,26,8,34,29,35,5,96,84,14,28,31,68,71,73,56,3,55,23,38,2,25,94,16,100,73,95,35,80,22,78,79,58,70,69,89,90,91,77,75,71,77,51,8,41,79,45,15,1,96,93,33,21,20,69,100,83,20,83,74,95,83,57,7,16,72,53,57,50,63,33,74,16,52,83
81,50,36,71,8,83,6,7,78,39,36,43,92,87,66,72,84,47,18,15,38,98,32,16,49,61,77,95,3,94,15,22,76,38,77,69,88,27,94,10,92,90,26,98,57,4,47,14,48,46,63,85,51,12,49,92,11,19,50,29,23,41,53,25,82,31,53,92,85,37,66,48,96,86,16,63,35,79,8,97,53,90,29,13,54,72,82,16,68,35,72,88,49,26,55,49,30,47,14,77
3,26,76,5,45,17,44,17,16,40,81,90,63,16,11,49,19,20,84,37,49,2,43,22,45,85,72,16,22,96,75,88,48,24,94,81,2,10,26,59,16,80,40,99,77,43,32,50,97,94,24,23,53,60,63,4,87,4,12,41,66,74,53,12,61,25,0,80,16,73,30,54,63,55,95,44,30,66,7,78,94,47,6,99,86,89,71,35,81,68,60,26,77,57,32,74,44,51,30,18
49,20,77,68,9,66,70,43,80,3,75,12,49,55,52,96,67,12,70,87,30,27,60,55,71,6,34,26,69,57,50,15,37,61,96,85,93,96,38,93,69,13,95,24,69,62,25,22,26,7,50,13,27,8,82,82,81,48,54,46,64,57,8,72,50,74,88,19,33,23,5,47,89,6,17,41,19,57,4,38,12,44,17,37,96,55,58,41,43,65,39,80,5,65,0,40,99,35,10,7
91,65,95,51,53,39,22,32,53,93,70,55,43,91,56,51,28,87,17,37,18,47,7,52,3,8,66,22,8,79,77,49,23,2,24,57,66,8,89,58,66,25,92,32,12,70,7,58,92,31,12,92,95,22,15,53,99,59,32,72,49,40,60,78,93,88,26,46,4,67,11,79,20,76,8,33,28,2,29,52,48,86,80,93,3,9,21,37,44,79,89,75,47,90,79,69,75,37,40,90
6,14,12,73,38,91,36,89,89,68,73,66,41,17,68,54,56,56,72,48,86,60,82,88,69,86,32,26,75,22,96,84,32,56,96,42,29,26,55,84,15,5,35,67,20,66,55,89,36,81,43,88,38,99,91,17,15,23,42,16,10,94,6,7,60,65,73,48,84,67,60,44,79,97,6,56,56,65,51,78,35,83,3,35,25,71,16,43,26,57,47,59,80,60,68,17,88,67,47,15
56,21,17,70,38,27,48,16,94,34,66,4,55,82,18,11,85,26,92,26,44,95,81,65,49,26,79,50,45,36,22,50,82,29,6,86,25,11,66,88,35,8,68,40,18,49,94,54,12,0,10,60,67,85,88,70,79,30,90,93,62,86,48,48,70,73,26,11,59,13,83,99,30,59,91,43,76,92,100,44,33,92,55,52,9,61,61,95,82,64,61,63,77,70,95,42,11,1,94,68
21,50,24,66,45,60,96,52,23,18,52,81,13,14,73,45,2,38,91,82,10,25,25,77,33,97,70,31,31,88,78,30,52,69,82,0,28,3,5,15,12,66,26,99,29,99,93,3,5,49,70,42,22,53,36,38,79,58,44,27,91,18,61,18,59,59,0,0,89,84,6,98,24,15,0,74,46,53,62,89,73,59,22,86,11,27,53,40,25,59,96,17,61,3,16,1,2,61,11,22
16,83,25,94,86,60,67,55,74,50,65,57,49,92,67,58,55,64,75,69,38,13,20,54,63,43,57,23,49,30,2,70,80,68,5,25,46,96,15,0,33,86,74,18,0,24,57,94,25,38,57,46,80,73,48,87,49,68,3,55,10,41,44,49,6,52,90,60,9,79,12,28,96,63,12,86,4,30,64,37,48,36,31,70,54,30,22,92,7,69,77,7,26,19,77,22,54,61,81,63
96,60,77,47,88,45,56,83,73,83,68,100,35,74,45,61,77,18,34,82,77,19,83,51,67,57,57,32,12,31,95,24,75,46,95,70,55,83,63,3,88,91,5,79,85,51,57,7,7,7,80,49,9,69,42,49,26,73,62,69,93,35,27,15,0,9,47,17,36,24,33,46,74,29,90,75,93,70,86,94,97,71,45,70,51,56,6,3,88,66,69,54,24,98,17,32,49,21,30,89
58,67,79,68,55,54,34,51,97,15,85,14,68,91,68,91,39,22,32,36,57,80,6,69,38,83,17,70,77,16,94,9,37,46,27,23,72,19,49,75,1,20,11,94,37,47,33,17,71,6,39,16,69,2,26,82,65,17,24,60,0,13,21,26,76,26,5,97,17,7,77,12,46,79,82,30,96,23,65,6,23,52,84,31,45,53,13,12,13,67,29,61,2,5,27,35,7,48,9,50
39,31,15,43,69,6,44,51,42,88,11,33,15,71,7,91,86,73,49,88,32,23,37,100,59,11,84,75,10,3,12,79,83,49,55,98,96,100,30,71,54,57,69,44,44,44,22,86,44,29,28,77,44,60,72,41,1,74,56,53,44,28,53,96,24,1,100,74,85,89,68,68,52,43,33,51,57,14,37,54,39,29,18,43,39,81,92,60,39,68,59,18,1,89,79,94,18,79,27,34
43,96,32,80,69,95,97,14,26,15,39,50,82,32,16,63,10,95,54,76,57,18,44,2,78,55,70,53,72,78,48,7,29,2,19,90,61,34,44,75,7,37,68,70,51,70,92,76,5,59,13,31,21,20,78,58,16,71,0,53,49,49,46,39,95,27,72,39,49,3,6,74,37,78,37,26,91,53,5,24,62,15,29,50,78,84,71,8,86,83,67,20,91,30,42,54,82,87,48,11
98,13,77,45,94,0,37,42,48,75,65,85,12,36,83,96,77,8,17,26,81,51,46,63,5,74,98,97,28,29,0,93,63,21,65,47,40,2,38,58,83,54,10,79,30,16,13,46,56,40,48,11,71,1,96,32,77,39,93,81,2,49,61,25,58,8,21,87,74,0,71,47,51,27,74,25,89,75,57,40,68,95,69,25,86,38,15,54,89,62,62,91,41,7,21,98,92,20,24,46
67,41,78,95,79,0,52,92,24,34,58,81,63,43,14,2,38,49,97,52,22,42,97,23,20,67,86,49,5,10,41,69,24,56,95,86,26,96,2,28,51,5,75,33,76,77,56,80,88,38,43,12,3,25,1,90,39,13,72,82,5,100,55,20,28,4,41,43,42,69,92,1,31,10,54,56,51,78,3,73,10,0,11,46,63,13,40,11,4,22,55,55,1,9,89,85,86,40,35,46
31,56,4,15,20,48,68,91,8,40,78,100,40,24,67,59,15,89,74,4,14,69,29,64,18,42,69,45,97,94,51,38,77,49,51,73,43,17,35,16,19,40,74,30,68,96,68,76,42,77,66,44,70,53,39,96,11,25,97,15,77,28,90,45,25,58,83,47,32,25,32,20,63,100,38,91,81,20,53,84,31,3,20,83,56,19,53,8,67,40,43,86,31,23,9,12,21,54,87,92
90,76,61,52,43,52,28,60,5,64,17,45,37,60,20,12,1,45,33,3,87,35,89,12,79,61,21,40,47,80,52,29,58,1,62,75,40,62,95,81,100,6,14,60,73,59,71,91,16,39,38,83,13,60,22,76,88,13,4,74,59,5,37,51,53,4,10,69,38,98,78,80,80,88,99,82,28,31,76,41,82,44,92,86,42,56,60,33,81,34,38,9,21,6,38,90,92,68,82,13
47,89,25,25,45,70,43,20,65,60,81,9,93,49,13,43,83,59,39,64,26,52,56,91,100,94,25,68,24,81,27,78,19,67,67,64,57,67,60,3,19,47,99,88,37,96,16,78,45,70,23,8,43,52,70,16,32,84,76,4,84,41,38,63,16,44,7,82,69,9,26,96,48,51,50,17,8,89,89,52,30,90,5,25,100,20,94,26,23,63,60,6,85,60,8,61,0,81,98,14
3,70,58,83,26,42,22,61,34,32,0,87,5,8,55,62,68,57,78,66,62,11,25,66,39,36,74,19,56,17,83,32,40,11,79,95,6,6,18,55,43,14,89,65,99,98,72,3,19,19,46,37,12,48,55,90,41,11,40,1,72,51,17,92,85,0,41,57,62,3,11,5,13,14,33,97,90,30,98,54,66,56,13,46,74,16,32,53,22,28,81,100,45,10,20,10,28,75,0,98
52,47,3,58,38,53,44,49,32,10,50,22,98,44,60,26,31,84,5,80,94,27,18,8,81,8,91,25,3,47,36,54,27,61,84,2,72,53,73,49,82,68,77,64,3,100,46,29,68,50,45,76,54,16,16,19,66,72,54,88,22,32,58,76,68,31,89,19,4,67,52,96,17,71,8,99,52,92,6,11,99,29,24,23,2,32,68,48,57,83,31,74,95,81,26,79,70,37,3,27
37,77,87,32,93,92,37,58,76,41,90,10,98,88,52,8,8,13,43,95,44,61,73,62,89,12,56,56,79,9,58,67,17,84,81,68,53,93,54,1,11,99,52,56,9,60,3,68,31,71,97,5,44,28,11,89,69,97,31,88,46,5,98,7,79,46,58,13,26,79,52,64,40,11,54,53,56,20,56,67,89,51,20,58,39,81,61,16,54,49,45,86,89,92,12,13,74,53,24,46
81,62,12,69,15,8,33,8,75,20,92,76,80,54,24,35,57,44,98,72,34,28,47,57,41,84,75,30,94,16,92,46,24,27,10,90,93,60,98,28,28,17,93,92,80,1,57,23,62,38,37,31,46,33,83,28,45,9,38,96,91,100,10,93,55,16,91,73,88,7,84,36,42,47,2,57,17,43,91,61,26,84,20,1,46,17,70,27,99,2,1,65,56,97,84,7,83,42,13,23
56,70,86,40,74,48,16,58,19,14,71,47,85,98,44,67,31,39,62,0,89,0,57,67,88,31,63,80,47,1,30,6,8,54,50,33,35,1,93,87,1,65,25,47,81,0,59,40,13,68,30,91,70,96,33,66,14,63,11,73,90,88,49,2,24,6,41,53,53,73,77,64,55,39,57,93,29,43,18,90,67,92,34,85,50,20,20,97,51,70,5,76,29,82,38,98,90,55,78,0
55,84,28,31,74,98,35,83,70,21,28,97,56,56,92,46,49,78,87,5,37,29,75,95,67,96,40,4,78,11,85,90,33,0,97,35,48,63,45,90,4,72,6,8,45,27,7,73,47,4,41,73,5,18,40,100,98,86,47,49,41,26,37,36,7,86,90,61,29,44,55,19,46,6,1,66,57,79,13,54,41,78,61,12,4,73,86,98,87,13,44,86,17,89,97,38,33,29,21,94
91,75,47,45,14,63,92,56,77,82,74,88,44,69,25,38,29,70,28,18,83,51,35,5,42,68,68,89,43,84,21,43,1,42,87,82,39,19,58,38,97,45,53,33,79,48,58,63,27,90,98,78,100,75,91,99,9,100,75,48,66,27,7,86,62,57,51,97,54,27,59,5,49,50,50,51,89,5,48,6,32,75,87,76,10,40,52,23,95,12,39,98,60,13,56,47,79,11,48,53
33,54,28,18,50,51,47,69,45,97,48,31,61,69,99,14,39,83,71,99,86,35,86,35,58,2,20,12,54,84,59,60,1,13,59,21,13,84,41,3,71,91,50,99,89,85,6,49,71,37,30,90,21,65,20,27,90,66,89,41,46,50,2,36,66,91,0,63,8,91,38,98,7,46,11,91,14,8,69,81,5,7,39,28,61,30,84,18,67,67,56,21,14,28,0,69,93,14,24,49