23,3,58,27,74,100,11,87,66,69,37,27,39,46,74,44,48,32,99,51,64,8,72,76,17,47,74,1,76,70,25,69,22,85,12,79,90,48,41,69,6,0,40,30,22,79,99,92,18,10,99,45,66,82,62,23,34,45,92,47,21,35,48,28,30,64,29,3,24,68,12,90,93,25,1,61,98,45,0,6,1,2,91,48,84,78,80,38,66,27,44,45,80,5,32,65,71,14,26,27
72,57,84,85,16,37,7,29,35,93,71,74,3,4,64,29,68,61,71,3,2,89,82,57,38,95,45,36,88,44,65,32,70,36,32,34,6,65,63,25,85,5,63,12,63,26,34,56,18,71,15,3,65,58,90,70,74,85,100,24,42,74,92,71,64,23,70,99,80,46,91,61,69,87,5,80,7,79,12,1,99,99,53,13,61,11,46,81,12,78,68,1,17,60,18,32,67,76,80,33
84,58,45,17,20,23,41,7,68,92,2,44,64,37,22,9,54,20,12,62,18,86,38,46,53,35,52,99,47,36,34,36,53,2,73,49,30,24,95,24,95,39,4,90,77,12,8,52,56,86,67,52,50,13,85,64,3,34,20,28,50,84,65,75,67,41,80,85,18,43,95,16,23,23,51,90,83,68,31,67,79,25,82,17,8,5,7,94,47,90,80,54,47,16,53,19,40,76,72,5
26,38,95,26,40,78,45,22,66,15,32,20,38,15,7,53,35,73,4,31,75,60,42,93,80,42,0,27,99,69,81,79,26,28,6,78,29,94,61,47,25,9,79,21,58,5,3,21,43,37,82,48,61,66,23,9,79,36,42,92,55,47,99,74,71,96,9,98,20,86,27,37,61,9,47,23,19,34,100,70,99,33,89,95,3,27,59,80,32,59,63,94,19,35,33,80,90,71,4,50
6,40,76,40,32,62,98,66,74,99,50,61,3,41,12,32,35,30,52,12,11,28,38,77,99,4,36,13,43,65,92,61,45,12,75,87,95,93,77,40,2,52,63,76,2,72,85,18,84,64,7,97,51,50,26,58,34,49,3,48,96,4,57,92,26,77,54,9,38,28,36,71,65,57,36,80,34,44,77,4,1,9,41,18,41,7,44,26,63,18,97,64,65,96,40,70,70,73,87,14
66,64,97,5,14,16,16,95,44,6,27,78,16,28,38,33,50,55,6,27,3,20,46,47,74,63,1,77,82,13,33,85,24,82,9,51,63,93,33,82,57,2,60,11,54,38,52,48,26,84,42,7,83,55,34,2,92,60,91,2,64,56,8,16,89,26,75,71,6,16,68,42,42,53,48,47,93,43,36,22,37,77,51,92,41,46,82,76,37,59,57,75,6,62,59,5,18,40,4,91
43,52,30,73,81,24,55,67,93,11,53,22,69,0,28,29,29,83,90,38,78,36,67,76,99,27,42,97,34,72,92,48,10,12,60,94,16,74,53,44,75,51,15,12,47,55,74,87,90,63,88,88,35,78,16,73,83,86,73,47,64,16,11,40,68,83,27,100,44,1,84,63,61,33,91,48,10,5,69,59,57,32,25,56,67,56,50,26,81,90,77,27,15,36,58,98,17,13,13,4
33,95,44,89,63,89,29,8,19,68,68,86,3,12,37,42,61,81,9,18,47,55,32,17,39,38,13,11,40,70,22,37,96,69,15,77,11,15,33,100,4,13,14,48,46,97,11,92,3,19,23,49,17,54,24,27,75,3,100,4,18,71,39,57,77,21,34,19,54,99,29,51,59,11,10,76,98,95,40,25,17,86,62,65,80,67,98,79,57,82,73,15,10,98,16,2,89,35,93,65
25,27,19,92,19,22,62,14,48,78,54,27,38,4,51,88,14,65,41,11,48,70,5,23,12,65,83,20,84,21,9,13,23,46,65,68,88,29,80,55,72,29,68,40,85,53,58,42,89,18,8,59,59,63,28,21,51,77,1,86,72,47,61,55,37,86,3,18,73,93,83,4,29,67,1,25,88,96,97,96,86,47,82,24,94,34,16,75,22,33,29,10,9,10,48,19,94,54,32,61
7,83,52,55,4,69,47,35,7,91,56,12,90,56,4,80,52,6,29,60,71,35,67,46,86,99,71,28,76,76,91,38,40,95,1,2,64,89,45,68,95,10,85,35,64,38,74,34,0,66,9,2,58,46,75,97,79,10,52,3,47,47,78,82,59,21,16,94,47,58,89,55,100,42,5,15,98,87,0,24,51,68,99,47,58,72,30,50,21,21,5,18,51,31,15,13,86,34,34,65
73,85,81,75,5,58,79,69,23,39,17,34,80,42,92,97,75,49,64,24,42,93,19,85,31,49,22,87,19,75,2,94,73,4,4,14,49,1,100,60,99,54,64,98,65,53,68,56,12,97,16,91,41,48,81,84,82,39,12,35,63,33,16,94,22,48,72,18,23,55,32,82,11,12,28,7,78,83,59,81,56,76,59,69,96,73,9,3,93,13,28,99,99,53,80,27,0,25,23,71
70,70,5,77,51,23,34,61,23,15,58,68,100,62,60,94,98,9,62,43,80,76,100,1,44,26,26,15,75,13,16,0,8,78,7,91,63,50,87,67,2,66,89,45,87,41,53,50,21,12,47,63,75,61,82,57,0,36,71,59,92,52,60,52,85,27,48,12,72,75,88,41,22,15,47,19,69,20,78,95,67,10,39,47,86,93,44,65,78,45,90,49,2,14,94,32,79,50,10,22
89,95,5,100,16,21,17,53,25,28,18,59,89,89,75,40,86,5,20,88,4,10,27,37,67,84,25,50,20,5,86,52,62,62,75,60,81,13,96,72,15,50,20,39,14,67,31,28,70,65,59,60,61,46,62,76,64,53,49,74,80,66,54,40,25,89,87,17,73,11,4,16,90,46,19,63,36,76,32,55,66,41,66,30,46,29,38,59,24,59,43,63,71,38,97,30,55,96,39,24
71,61,1,53,43,0,33,6,83,56,58,52,34,20,52,17,94,32,72,55,49,96,29,36,69,38,79,22,46,33,15,68,33,30,20,44,70,52,56,86,58,97,69,13,62,23,35,5,64,24,23,7,45,19,37,95,36,72,32,45,35,1,85,38,94,48,69,29,72,29,55,68,83,13,8,71,28,76,3,14,69,7,39,26,34,38,97,51,40,27,61,63,41,68,84,23,23,1,21,7
83,38,65,14,10,91,86,73,89,79,31,78,65,72,8,50,88,98,87,93,100,57,13,12,87,83,91,21,99,44,51,87,90,18,6,71,35,98,37,29,53,89,51,97,66,16,54,39,55,93,46,81,72,65,73,24,57,36,26,14,54,99,61,38,53,28,80,92,16,72,22,41,80,38,83,85,3,69,59,53,25,38,34,6,73,53,53,18,92,30,47,21,38,11,74,26,31,99,2,66
78,86,35,37,75,94,85,81,46,10,35,12,94,18,14,40,18,14,9,9,62,19,69,15,43,84,49,26,41,42,21,91,20,8,100,32,69,29,70,71,31,61,76,81,99,15,100,80,62,80,64,4,0,56,70,60,57,6,58,30,74,20,52,13,51,34,37,97,42,40,14,25,28,2,8,90,18,90,26,53,79,11,32,100,8,25,52,36,43,98,35,46,18,69,1,73,63,24,10,30
61,6,11,23,77,66,6,58,64,18,52,51,34,57,81,74,95,35,11,16,94,46,76,27,43,79,100,99,15,98,41,69,43,49,32,63,45,82,36,49,37,30,25,90,96,98,64,62,15,99,60,66,84,28,82,29,80,31,55,17,96,43,42,93,53,77,40,70,84,57,15,99,1,66,31,46,35,14,99,77,20,73,61,67,72,70,13,83,16,5,18,57,61,70,38,4,86,90,89,68
48,20,71,6,95,65,85,99,19,17,45,25,35,53,100,21,11,19,2,15,45,29,17,30,16,88,33,37,44,30,84,70,73,60,26,33,10,4,25,52,64,12,96,49,30,14,75,84,82,64,60,69,59,74,31,17,36,91,40,14,73,62,24,75,62,71,55,39,39,94,57,54,72,39,78,86,59,88,4,91,100,25,40,20,27,19,10,69,57,50,33,20,5,22,37,46,43,98,21,20
10,95,10,46,93,61,32,50,7,13,17,22,42,42,100,76,3,55,31,18,0,76,71,0,77,0,70,33,49,15,41,66,65,70,95,89,73,61,91,55,98,98,39,21,7,32,46,80,15,62,34,91,95,38,39,78,32,42,16,34,15,11,10,60,8,45,54,49,56,95,78,74,28,27,51,3,51,56,55,46,19,97,91,1,13,76,26,33,15,16,88,65,98,19,99,14,11,80,63,79
72,14,15,56,70,74,89,4,87,63,38,86,87,14,64,36,92,22,51,10,32,72,97,69,62,25,58,27,12,71,35,37,2,95,69,35,4,67,0,86,55,70,2,65,19,81,10,66,81,88,60,100,72,0,35,43,80,45,50,40,23,49,43,61,40,69,55,12,87,63,33,94,36,29,85,65,36,53,30,98,55,85,96,79,25,35,17,37,37,4,5,95,89,7,90,83,91,60,72,44
55,18,72,58,51,45,74,33,75,8,31,34,92,86,40,54,25,79,82,16,25,21,46,32,21,95,49,19,53,100,41,18,70,51,45,12,38,48,70,13,97,29,34,5,98,47,10,41,83,31,8,76,29,89,8,41,73,38,37,54,48,24,100,25,0,42,54,36,0,4,12,61,29,38,59,95,34,49,68,47,54,96,100,71,21,62,87,34,7,20,29,20,92,98,60,10,68,23,1,70
79,1,57,41,39,62,100,2,38,74,66,26,48,3,98,97,65,85,98,52,87,62,71,41,85,23,0,93,42,70,18,3,31,35,56,81,49,84,2,54,90,79,33,50,6,66,19,75,40,31,57,94,88,46,3,41,31,50,22,40,49,91,35,20,24,77,79,82,91,36,52,55,10,62,35,8,80,19,98,86,32,51,63,20,50,81,56,4,5,26,94,59,64,55,88,81,42,93,0,41
82,4,69,55,75,78,59,11,19,95,5,37,17,1,4,84,82,22,36,20,23,53,28,87,2,38,83,5,66,2,57,47,73,69,26,57,77,75,60,55,65,52,96,38,75,41,37,19,99,43,33,0,2,23,61,99,6,80,36,4,80,20,66,48,13,25,72,86,22,71,79,87,46,74,19,71,90,41,13,28,29,92,55,50,78,81,4,29,71,86,78,55,43,43,9,0,60,4,96,90
11,68,46,74,24,7,85,45,20,25,98,23,5,68,76,31,6,67,88,14,61,86,66,47,35,37,12,28,87,89,19,52,20,44,7,85,4,80,54,38,17,50,62,46,25,71,78,90,36,94,83,42,80,21,79,20,40,41,95,35,27,43,57,32,21,100,50,36,37,29,67,56,52,4,81,74,67,81,70,24,77,53,33,57,26,35,74,45,81,19,40,33,55,65,48,15,57,94,61,45
3,85,25,21,38,24,36,24,0,14,94,85,86,45,52,6,0,45,78,8,9,95,65,67,11,22,40,76,10,7,55,8,79,5,90,68,92,82,51,79,42,26,73,62,87,7,80,85,80,68,94,11,51,83,18,60,79,70,49,58,73,51,35,1,27,33,93,6,97,52,100,76,12,62,51,7,35,44,17,72,46,97,26,13,10,41,96,52,12,84,4,97,96,44,25,84,80,16,92,56
29,43,4,55,5,44,43,80,3,52,33,40,92,52,100,11,96,53,73,84,34,60,79,95,0,32,87,11,71,34,99,89,48,94,25,54,20,33,33,10,55,53,51,57,16,42,31,61,38,78,71,22,51,54,9,24,76,17,27,25,33,83,100,83,92,99,20,47,39,21,80,67,65,34,91,80,14,53,52,19,100,40,93,18,82,13,57,71,37,61,6,6,90,74,42,4,93,89,80,15
37,88,28,71,60,11,12,42,83,27,3,51,60,30,38,70,15,81,25,21,9,52,47,38,0,66,78,84,78,16,55,51,70,92,90,13,82,34,98,83,88,57,79,59,63,94,47,81,22,9,70,30,45,93,62,28,62,9,31,53,39,94,62,30,36,96,92,77,37,42,80,32,55,63,21,9,68,95,16,23,66,78,28,24,37,62,34,86,40,0,58,12,86,42,85,89,66,3,8,40
14,55,11,45,91,99,58,20,65,34,7,36,41,80,38,76,82,56,74,50,86,13,68,45,28,3,93,13,19,64,48,70,86,33,83,59,23,51,36,60,67,47,71,10,36,26,32,31,78,43,74,70,31,67,59,22,98,92,22,39,21,0,69,26,65,38,33,31,45,79,48,82,51,10,52,77,28,87,0,29,92,17,86,73,82,64,45,44,90,55,28,86,57,21,69,25,62,5,61,82
47,42,97,88,35,18,43,67,76,38,80,39,0,52,94,54,77,93,91,44,37,39,95,45,79,77,91,36,34,35,77,31,57,90,41,47,19,38,38,21,91,12,14,64,31,5,82,6,20,89,40,49,96,82,99,5,25,40,52,19,88,64,91,92,46,40,73,78,13,21,70,45,11,61,67,81,50,78,74,77,92,55,66,77,51,23,17,48,93,10,43,60,92,5,86,54,97,11,50,10
9,73,44,86,82,7,94,43,92,28,22,93,74,10,17,96,90,8,28,56,5,82,67,95,30,0,72,58,67,64,57,58,38,44,4,83,51,47,51,50,73,38,90,64,45,39,35,52,22,50,87,57,1,73,92,56,54,82,95,77,50,22,52,94,90,65,15,52,2,3,61,83,7,13,68,91,45,96,24,9,55,77,85,21,76,69,3,38,54,55,18,9,33,79,39,33,96,86,20,30
6,87,27,74,44,26,31,66,71,52,37,1,11,46,43,74,55,48,89,13,8,67,95,13,48,93,24,56,5,39,77,55,15,42,92,79,27,32,82,96,27,64,62,1,38,15,24,73,50,38,96,92,50,96,50,57,83,8,75,48,58,30,43,71,17,52,29,5,81,76,82,31,84,12,46,6,93,37,69,71,16,13,73,11,82,21,47,79,14,93,66,43,30,53,24,78,59,52,100,42
66,84,25,1,26,41,85,95,50,57,72,54,4,34,97,98,84,92,77,73,97,21,41,65,50,67,67,86,55,7,95,51,28,16,93,43,48,24,94,69,91,75,65,85,39,90,62,19,48,85,63,65,92,53,38,20,62,52,80,87,65,61,13,14,97,76,88,74,35,79,23,7,49,4,63,67,14,97,61,87,56,72,42,64,9,3,87,99,82,25,96,22,64,9,19,57,67,25,0,26
34,4,42,31,73,77,47,49,90,47,36,12,92,85,63,2,97,48,33,48,67,63,51,43,47,56,68,48,49,35,12,38,66,78,60,92,83,18,1,45,40,19,29,34,90,78,19,55,0,75,53,44,26,58,79,80,65,58,61,47,90,88,48,92,7,47,53,28,62,76,47,16,54,96,90,64,29,1,19,77,16,4,83,46,65,46,78,62,19,27,75,93,96,51,38,25,94,69,60,60
73,30,77,47,97,48,76,94,61,79,15,81,97,31,4,20,97,9,82,27,8,28,37,4,7,47,22,16,7,69,16,58,57,65,77,31,62,1,64,47,48,62,92,8,55,85,63,3,27,14,74,92,62,95,90,25,98,90,48,80,44,88,100,28,74,8,29,94,35,68,91,49,39,63,2,74,36,9,20,33,74,60,69,97,30,71,91,50,77,74,23,31,29,83,97,11,33,14,36,70
14,62,12,54,95,13,43,87,30,14,8,58,10,100,28,12,43,6,11,97,21,74,87,6,18,57,57,9,30,93,9,66,72,94,58,60,96,40,75,66,99,100,57,56,20,89,4,97,85,87,89,58,53,29,43,2,86,34,29,93,99,71,57,53,72,13,54,8,32,49,35,57,98,72,82,19,94,75,94,47,58,5,61,3,68,16,100,90,32,53,68,21,60,56,62,84,20,69,88,48
57,73,57,91,49,67,22,95,51,52,98,74,46,79,59,87,74,87,18,89,19,14,12,77,92,68,13,42,42,71,90,74,39,70,56,34,14,50,42,41,57,64,98,87,25,52,36,38,85,83,75,86,68,27,67,52,86,35,19,61,22,38,92,66,53,84,4,46,85,42,96,91,3,81,96,17,29,40,20,79,61,7,1,31,34,60,7,79,82,36,76,23,45,10,65,9,48,70,12,84
92,83,63,41,60,2,8,81,58,29,30,25,46,90,27,73,97,78,85,4,62,35,30,43,25,34,59,97,49,26,32,24,41,1,8,10,45,68,31,79,45,30,82,6,50,59,72,81,41,63,28,61,81,17,61,80,44,77,34,3,58,8,28,87,46,32,83,68,32,54,84,15,7,89,62,44,60,56,27,9,57,81,12,61,24,60,39,76,18,62,87,86,34,58,47,83,50,68,80,6
79,72,100,40,90,24,92,100,54,89,77,13,23,42,20,5,37,25,3,80,25,1,68,86,39,79,92,100,24,50,21,28,82,18,50,81,60,21,46,87,38,76,13,79,36,18,81,61,1,33,68,21,5,33,69,55,29,15,22,91,39,90,89,67,9,97,64,13,2,89,43,57,97,70,1,18,46,50,76,38,78,55,98,85,37,63,35,58,51,44,24,25,12,62,27,56,8,22,88,47
13,37,38,44,55,60,70,92,57,57,20,59,54,96,31,43,44,44,30,31,10,25,0,12,56,74,6,68,70,10,88,44,26,79,57,48,67,97,95,41,47,39,32,62,93,13,81,100,60,63,82,22,27,71,55,97,92,13,83,59,95,8,18,12,33,15,85,80,78,4,57,62,86,69,3,76,100,69,75,91,39,58,36,75,50,53,61,44,60,89,53,13,96,73,97,9,7,46,15,57
30,62,69,25,25,24,60,34,38,100,58,59,23,18,64,97,44,2,58,6,43,37,89,82,50,6,53,87,70,31,61,47,68,57,12,39,8,22,60,21,73,15,25,16,63,90,45,83,77,46,35,45,46,59,93,3,24,32,5,56,23,80,33,85,65,41,15,23,14,38,98,51,80,47,79,94,61,86,34,33,13,53,88,61,30,90,89,23,78,19,43,77,97,16,70,100,83,20,39,26
96,20,86,49,70,93,88,25,49,94,39,84,11,68,35,17,36,25,71,30,10,100,45,28,73,96,39,76,3,73,63,38,86,49,97,36,9,24,31,83,95,35,11,82,81,80,44,90,43,41,52,65,62,44,21,30,97,36,92,8,30,78,8,78,91,40,17,17,91,0,52,98,61,32,88,16,24,87,85,78,9,19,12,16,68,85,90,87,10,88,51,100,76,4,98,56,85,70,47,84
5,83,67,28,82,9,57,97,60,10,0,92,15,9,23,58,71,67,100,87,52,5,78,80,38,86,33,58,13,27,31,64,41,71,98,39,46,25,20,96,69,8,68,39,3,45,53,28,83,97,4,38,83,39,24,70,66,24,54,54,22,30,39,14,4,1,86,81,41,62,72,41,18,4,63,88,100,55,69,76,37,20,34,23,4,88,22,76,98,67,10,85,4,93,62,75,72,86,37,93
96,33,40,29,26,15,45,14,20,26,35,100,39,98,68,100,53,25,22,97,24,75,4,58,3,95,4,78,11,39,33,48,68,15,71,48,18,80,53,99,6,23,10,22,33,84,11,93,79,9,66,92,79,80,11,92,85,90,0,99,37,7,25,76,31,45,41,90,87,69,81,12,34,25,57,76,42,57,48,61,65,23,23,60,34,92,52,93,62,25,30,52,74,35,91,11,70,32,27,43
17,88,24,34,77,82,33,73,61,72,35,33,71,7,46,11,41,67,52,74,10,78,92,12,78,13,97,53,3,75,77,74,90,3,29,50,50,56,21,73,41,74,19,57,34,40,55,74,7,87,20,0,6,46,12,12,2,85,72,94,41,12,21,30,64,28,91,73,41,41,16,79,15,89,8,37,92,89,60,93,13,23,27,57,75,32,96,26,83,1,63,71,60,8,59,64,25,60,97,15
87,20,46,68,51,18,75,55,24,36,38,27,37,80,52,54,20,39,82,8,59,1,61,46,20,11,88,82,33,46,34,9,66,6,1,17,3,14,49,82,44,20,11,91,55,5,86,2,92,49,75,67,99,55,92,8,4,21,55,86,41,82,14,32,95,48,21,9,60,13,23,16,95,76,36,53,22,76,25,1,20,22,48,13,79,50,53,7,35,83,5,19,13,7,2,81,59,33,6,10
48,0,9,93,33,53,61,91,1,90,34,94,77,92,16,39,10,35,48,51,7,76,71,19,31,71,82,75,99,35,13,44,79,98,54,17,88,81,76,30,85,80,98,71,0,9,89,95,19,57,67,45,62,61,44,69,73,79,22,77,34,72,69,0,98,88,94,51,88,79,87,93,57,46,98,85,57,46,25,10,93,99,96,23,21,25,2,37,17,11,35,21,54,17,78,58,64,65,12,67
82,6,80,63,3,13,26,97,54,91,74,28,99,28,91,10,86,82,41,85,21,92,27,94,90,22,54,85,85,57,28,11,22,24,59,99,20,45,1,99,57,23,52,14,51,49,5,11,65,86,68,43,36,48,54,20,86,31,20,68,64,43,56,12,68,89,45,61,89,21,0,47,20,55,6,7,90,86,0,70,79,76,66,42,49,43,91,30,89,66,55,86,23,56,43,73,17,33,36,3
26,8,21,59,34,35,89,80,67,18,39,40,21,11,7,44,6,89,70,92,25,92,22,82,20,23,7,9,59,8,89,2,98,61,43,74,41,13,13,61,54,11,11,73,74,86,84,24,74,46,24,72,91,25,6,65,21,7,41,53,13,50,93,91,5,13,21,28,19,90,26,70,27,7,9,2,12,16,88,55,67,87,15,8,52,2,88,58,37,13,60,33,26,36,11,13,33,28,100,0
41,94,0,85,52,0,18,61,13,13,63,36,3,10,31,32,43,52,39,15,81,87,11,60,39,16,37,39,36,46,89,94,2,25,5,0,59,46,53,84,70,95,78,67,100,20,73,79,32,29,7,18,12,78,39,96,36,41,18,84,44,13,20,84,49,100,81,67,64,81,82,99,93,37,25,56,58,34,24,55,95,94,88,56,40,29,88,71,88,15,49,79,50,33,14,23,86,49,22,25
86,2,78,31,64,82,99,22,66,20,26,24,58,65,18,81,1,21,8,13,73,59,66,51,13,83,95,24,79,60,61,18,45,77,97,11,17,39,14,89,17,45,61,85,40,67,10,65,18,74,68,7,85,43,41,19,33,32,79,80,58,96,41,7,2,36,56,36,0,18,55,27,70,21,29,2,29,19,96,39,65,73,86,17,29,80,28,47,44,82,17,22,72,100,23,11,59,93,28,33
16,81,21,75,9,69,43,58,39,55,99,29,81,10,59,6,34,98,0,96,71,21,25,30,37,18,56,45,37,61,12,45,77,87,45,100,76,92,75,30,33,51,83,6,48,94,37,67,97,82,97,0,61,33,3,44,48,94,57,50,53,16,61,13,72,27,99,100,47,48,72,49,54,65,43,55,46,29,60,84,1,2,16,19,43,25,13,19,5,92,95,4,73,62,30,54,51,30,86,29
44,72,88,49,22,56,54,52,54,19,90,76,63,9,21,81,81,62,19,64,43,97,15,77,81,59,13,5,83,54,60,96,37,31,78,40,84,59,77,40,56,28,40,78,60,44,64,87,67,38,1,55,73,82,33,89,17,80,72,43,31,68,17,18,14,38,49,42,86,92,3,94,93,45,77,34,55,32,49,77,25,76,73,90,30,89,16,20,45,25,33,50,51,35,7,56,13,78,56,32
59,6,35,26,90,80,68,11,70,53,43,15,91,96,31,67,86,55,34,47,65,96,66,91,76,13,85,20,60,59,51,4,0,80,12,82,13,26,78,71,70,2,46,51,89,57,8,56,56,38,19,88,12,53,62,35,37,28,44,82,67,81,66,82,39,1,13,81,48,70,59,14,2,9,26,38,11,80,100,36,53,40,77,56,53,76,39,86,59,87,59,85,97,96,16,3,87,85,67,23
91,85,51,12,74,80,100,52,20,48,96,51,20,92,10,9,92,6,57,27,91,62,73,16,21,60,85,59,41,69,62,93,76,34,83,40,14,83,36,87,70,93,71,97,80,8,78,56,86,3,79,63,35,45,30,84,81,78,74,97,61,53,91,13,31,58,84,13,34,54,20,72,36,32,76,10,56,91,58,2,26,8,66,23,75,21,3,82,41,82,13,24,40,95,44,56,49,42,21,70
7,48,34,80,23,80,92,63,12,55,91,99,31,11,8,27,91,20,20,70,15,3,44,13,99,90,64,67,55,24,85,13,70,34,80,96,15,1,13,54,79,4,64,66,89,94,62,70,89,75,89,7,91,43,78,44,66,38,52,71,50,35,44,47,39,7,51,3,80,18,13,17,99,34,81,17,96,49,49,89,88,40,86,67,81,25,55,86,1,22,25,7,90,32,98,76,27,89,55,69
96,28,34,12,82,53,51,51,3,7,25,98,92,19,26,56,57,91,82,8,11,60,98,47,25,40,86,51,78,33,59,41,52,29,10,36,81,18,61,80,38,14,19,26,13,61,32,3,76,60,93,60,72,92,91,0,78,28,13,88,40,6,57,21,32,28,42,97,7,70,62,87,10,99,36,7,2,4,56,49,15,19,96,5,74,59,69,25,47,85,30,64,79,66,79,51,39,60,6,32
76,93,4,35,25,91,18,6,10,96,71,99,33,82,45,97,80,51,48,44,74,5,16,71,54,26,15,50,41,62,15,65,8,92,7,79,95,23,100,48,23,81,39,53,97,84,87,96,67,61,60,27,4,64,15,76,100,42,64,78,59,17,33,10,3,92,12,62,73,12,46,59,84,2,66,17,64,25,79,56,29,6,93,13,11,13,1,19,61,5,86,3,59,45,42,54,34,59,50,84
4,43,88,70,32,26,16,14,27,47,39,33,93,75,96,84,5,56,89,67,6,93,91,67,19,16,72,58,45,52,76,42,52,32,85,59,44,60,23,61,23,44,66,20,76,26,43,67,75,21,10,64,8,96,40,36,28,43,32,37,43,72,45,50,74,33,74,28,13,75,44,77,84,3,66,53,3,4,85,44,8,88,5,22,73,33,90,1,64,75,51,35,38,39,100,2,51,64,66,43
94,73,70,65,28,37,88,65,59,79,28,55,74,3,8,23,79,24,96,21,3,88,78,58,27,91,64,86,90,74,92,59,32,90,87,6,99,42,87,76,54,72,36,25,65,69,21,62,21,22,2,60,69,71,30,59,24,99,36,49,47,75,20,62,50,14,93,12,86,42,66,22,34,51,26,56,34,48,67,15,89,33,68,66,64,92,60,18,95,84,51,6,93,22,37,60,54,20,60,94
50,98,96,10,36,66,64,5,12,92,79,48,88,17,32,100,34,18,80,99,26,21,44,70,69,30,90,61,88,50,30,71,100,98,63,60,85,97,6,55,66,10,49,47,87,24,23,69,8,32,46,100,91,32,26,69,82,98,88,81,45,4,46,6,69,40,31,5,91,6,72,37,92,27,74,29,65,84,63,21,69,44,1,21,46,90,93,40,63,2,68,27,19,36,31,62,11,89,97,32
50,81,68,0,61,67,74,5,36,77,64,97,88,37,38,67,40,10,7,61,70,75,12,48,58,40,9,70,100,62,26,33,90,52,74,56,88,82,12,32,30,14,36,12,78,97,42,91,9,64,9,19,35,75,16,61,86,38,72,77,61,82,12,49,39,9,50,75,64,17,53,66,91,66,36,84,80,37,83,0,44,79,75,36,13,6,46,19,54,57,89,34,76,62,13,66,22,16,85,63
98,86,74,31,14,70,18,31,28,89,30,6,81,86,13,62,75,59,39,58,6,99,59,92,13,72,3,96,9,47,17,34,23,8,7,18,61,40,56,94,100,2,26,41,100,47,87,37,13,17,64,93,32,100,96,22,28,75,56,80,98,14,28,72,75,86,68,41,3,64,34,23,36,73,48,17,88,17,4,20,86,19,80,2,12,77,10,24,93,22,20,86,40,29,50,83,40,5,32,41
12,30,52,60,92,34,90,75,30,89,83,87,92,24,55,51,80,47,46,93,14,28,36,70,20,21,34,27,86,42,38,70,79,16,31,56,27,52,6,3,37,89,76,41,24,0,77,64,38,88,60,71,79,4,25,28,52,7,32,72,61,31,7,28,79,11,2,97,55,38,98,79,61,64,97,38,23,94,45,66,27,100,59,6,30,9,11,80,10,56,79,100,90,25,41,39,69,58,66,30
23,75,33,39,48,16,10,49,94,14,97,14,8,39,10,0,73,67,46,57,53,30,1,27,93,99,84,88,24,55,7,94,57,38,18,55,62,38,4,0,11,31,55,98,11,49,68,27,96,80,51,77,8,16,65,3,48,99,73,65,49,83,38,9,35,18,69,95,14,74,83,39,79,98,45,78,20,44,37,64,60,100,39,48,39,13,77,14,57,92,4,18,33,75,64,75,7,88,77,33
0,37,43,14,59,61,55,55,30,62,42,28,77,73,31,26,79,77,87,40,54,60,4,41,69,85,42,87,60,35,93,96,70,20,1,45,33,3,92,30,89,40,15,1,80,3,52,86,27,88,30,21,95,72,78,68,5,43,63,63,70,1,15,27,67,34,69,27,82,88,83,84,20,47,70,97,88,3,31,95,75,49,41,3,48,55,96,95,41,84,2,32,87,28,20,98,18,92,41,39
7,60,6,95,89,15,32,100,54,10,10,0,38,59,37,91,44,67,55,29,86,20,2,25,74,1,51,70,10,50,21,56,2,29,2,86,51,3,81,37,15,64,69,12,81,76,4,96,88,19,30,75,84,44,7,67,28,97,72,0,34,51,22,86,47,11,33,21,36,61,39,65,68,14,83,12,77,100,75,100,12,42,5,2,21,87,30,70,15,13,93,72,64,23,14,68,13,10,6,26
53,14,16,57,11,37,71,58,46,77,8,62,82,18,0,94,39,93,69,2,67,33,64,0,75,100,65,88,50,1,4,36,78,40,29,52,55,77,71,52,93,23,22,75,4,59,24,32,88,87,25,64,10,17,65,71,88,0,94,36,35,44,30,13,99,29,62,29,43,89,55,82,91,59,80,22,10,6,59,75,67,12,100,97,98,86,48,85,100,32,66,19,48,14,96,23,91,74,26,58
83,87,46,34,69,73,74,21,63,9,47,18,24,76,18,35,56,57,46,42,26,40,10,95,81,81,100,66,20,85,77,35,52,15,29,25,70,1,83,2,81,56,29,93,3,90,28,2,25,15,61,64,97,55,3,55,58,77,94,5,68,14,33,14,4,11,52,21,88,85,30,81,44,93,10,70,45,16,93,3,42,15,74,99,4,86,37,27,68,47,59,28,38,18,75,62,49,65,90,24
66,69,93,10,48,96,81,58,11,74,69,75,2,37,32,56,58,46,98,32,17,29,45,66,95,35,39,1,18,25,12,49,93,98,66,66,6,8,100,2,69,46,25,78,32,81,24,82,38,79,61,85,66,80,22,11,92,30,42,45,43,69,10,21,9,38,12,41,31,48,73,5,31,51,66,59,44,70,68,23,16,57,66,9,52,65,59,30,52,93,58,4,32,70,79,88,6,29,36,54
54,28,93,17,7,27,29,48,52,82,68,29,33,96,21,74,12,100,64,44,83,35,47,81,44,47,29,25,64,97,80,57,10,19,21,8,14,37,95,69,13,33,10,80,54,57,24,32,17,52,22,49,74,42,65,89,74,19,97,81,10,40,53,31,37,33,7,4,27,55,10,27,44,9,42,100,49,49,5,84,82,49,95,52,19,32,73,24,52,15,21,15,76,45,80,80,6,95,78,47
22,44,19,93,65,63,54,58,1,25,46,51,8,81,41,88,39,0,45,22,13,29,79,1,91,8,74,59,98,56,63,90,70,7,6,88,27,5,56,79,41,69,16,3,18,24,49,65,20,79,54,39,78,83,64,2,8,27,24,82,74,31,2,79,49,87,51,75,3,5,56,5,97,60,4,77,7,76,79,98,84,26,37,46,22,40,9,8,23,59,63,100,29,4,93,76,43,55,74,47
98,96,25,69,81,58,7,63,5,10,86,50,57,63,96,12,56,55,65,29,32,98,74,36,34,21,12,93,30,43,61,69,81,1,43,58,68,100,74,22,25,29,91,24,60,78,20,39,100,69,99,6,19,54,24,69,93,42,62,90,42,96,6,44,48,62,46,41,23,97,57,87,58,93,74,93,44,77,20,31,15,37,37,99,5,89,51,32,56,8,25,64,84,48,27,15,17,64,5,30
96,38,33,95,45,23,80,38,85,3,92,8,99,68,35,8,12,63,69,11,31,49,54,13,39,17,69,13,63,90,59,28,18,92,89,16,80,11,29,33,84,11,97,9,39,90,7,23,48,43,76,42,71,79,45,51,37,95,3,19,57,34,92,27,57,95,74,17,63,14,92,72,31,67,96,23,45,94,73,11,8,17,13,100,18,16,71,4,92,32,9,49,92,88,71,64,20,5,13,91
97,4,55,21,98,33,73,84,45,53,64,4,45,24,40,26,86,0,4,78,28,75,36,75,82,82,19,56,41,41,68,30,15,90,23,18,79,24,14,46,73,40,32,11,9,48,35,58,17,83,18,23,71,82,85,45,10,5,33,68,39,17,72,6,1,21,53,69,70,49,17,45,41,60,22,56,68,79,12,62,49,82,54,52,69,64,82,11,79,47,23,12,29,43,95,16,70,42,6,2
14,18,89,57,9,55,42,32,50,94,61,48,57,29,57,82,79,57,21,21,46,74,100,24,98,35,71,8,96,94,45,42,77,39,97,15,37,22,45,76,51,22,8,37,55,32,33,81,4,35,74,72,70,16,3,91,83,22,70,51,82,9,1,64,53,96,94,26,47,49,77,74,82,18,14,58,94,92,54,5,99,52,25,79,40,57,6,12,43,22,13,73,39,52,32,83,83,39,15,55
79,68,68,62,41,45,12,98,34,11,74,15,32,14,68,24,36,9,4,85,54,76,60,90,88,2,43,96,66,77,38,53,54,20,15,51,96,4,50,76,83,29,3,73,68,50,23,40,87,66,71,44,58,79,89,2,67,90,4,88,76,89,16,32,20,51,7,71,85,75,3,20,35,17,0,24,45,42,95,88,2,3,66,58,13,57,90,68,35,45,97,95,48,69,24,34,45,15,66,26
36,70,35,20,0,8,15,4,98,93,24,53,72,4,6,77,83,17,15,12,62,35,20,58,81,97,36,31,36,36,48,48,48,83,50,69,60,49,21,39,45,20,17,4,4,90,69,52,82,75,24,90,87,73,58,77,27,94,78,15,51,44,44,70,71,25,89,37,35,82,20,36,5,68,7,17,32,57,78,75,45,12,15,86,99,63,61,29,57,30,11,100,38,25,67,70,17,14,79,36
81,14,27,15,36,77,3,0,30,20,34,17,39,92,76,6,9,23,97,31,95,42,8,80,61,56,91,38,92,51,32,20,98,85,75,17,60,47,79,88,24,18,95,59,97,55,18,34,61,46,97,32,17,47,25,58,30,29,87,97,79,34,78,29,78,35,93,58,89,50,89,65,66,36,4,54,72,1,81,2,38,73,65,100,74,11,76,65,54,50,100,62,67,21,16,28,6,42,82,44
47,83,21,100,25,15,11,61,93,26,97,95,35,89,10,86,10,57,50,7,64,73,80,64,81,3,25,13,50,49,35,72,62,46,91,89,93,41,22,1,2,73,27,78,73,15,44,6,91,25,74,52,23,57,85,55,57,16,51,42,52,99,99,57,62,55,62,96,27,61,16,68,47,13,78,86,97,38,34,53,32,33,12,13,55,25,100,60,42,89,15,9,77,84,26,84,38,10,6,60
90,78,80,27,43,37,8,11,54,18,51,27,22,81,66,26,15,4,34,56,94,2,76,62,32,5,4,48,56,99,77,62,17,88,5,19,37,73,85,22,52,50,33,63,94,64,42,0,59,27,61,55,86,53,75,46,24,87,50,54,8,34,2,92,26,65,49,54,30,0,52,67,89,40,57,97,60,39,12,63,24,45,38,46,11,47,23,37,18,48,34,14,24,26,28,25,34,77,69,9
95,54,74,69,4,20,76,29,37,61,43,94,64,15,97,63,76,37,82,90,29,97,17,39,98,92,13,55,38,32,87,13,77,49,87,81,63,7,96,93,44,42,85,89,62,73,67,37,47,59,6,9,4,58,66,64,4,87,97,4,49,20,58,27,78,9,44,30,72,4,92,49,96,29,44,78,59,3,68,47,74,19,62,66,61,88,13,92,31,80,61,77,24,61,12,94,88,44,43,47
80,89,52,91,59,39,8,74,0,60,20,42,12,8,88,15,96,30,64,39,34,93,62,90,23,73,16,77,5,32,60,32,96,99,83,64,67,71,43,36,79,27,47,32,59,66,86,64,99,85,72,13,67,67,29,29,51,72,16,12,26,70,45,73,68,0,63,73,40,98,21,56,57,62,52,2,70,47,24,90,40,57,88,94,9,44,63,35,20,9,72,95,9,42,81,63,79,31,45,3
4,50,21,75,46,0,84,58,56,40,27,99,50,27,91,59,46,32,65,56,62,66,96,7,51,89,75,30,53,81,54,95,54,83,24,22,64,5,79,2,65,99,85,52,4,36,50,26,98,90,43,61,28,14,53,58,68,57,7,5,6,5,2,21,21,42,58,23,20,69,76,98,69,5,33,3,24,86,76,35,71,17,33,81,12,73,68,26,70,81,90,66,52,25,65,49,24,2,10,92
33,65,45,20,82,49,10,16,84,64,0,73,98,19,72,15,40,30,16,54,26,32,98,85,21,2,62,85,66,82,33,19,42,85,66,93,5,59,18,18,11,53,37,98,14,74,83,73,68,65,74,57,29,80,92,18,1,11,72,14,18,24,22,86,12,11,81,39,90,61,43,19,29,50,63,29,56,12,27,52,57,88,35,18,6,26,57,30,80,78,21,91,9,98,45,69,81,99,23,76
14,45,40,58,94,14,33,63,45,54,3,93,27,29,25,100,9,93,45,0,67,8,61,22,6,92,58,10,57,35,71,58,6,21,11,48,36,40,4,66,81,79,91,98,87,88,20,72,59,15,9,63,45,63,33,40,91,70,59,65,37,11,10,33,28,40,79,28,96,12,68,26,48,63,83,1,93,45,91,85,65,74,24,73,23,32,10,82,19,61,37,30,22,90,15,36,61,9,4,6
72,81,4,99,38,37,63,22,18,22,5,30,8,56,90,26,66,26,62,77,70,96,29,56,28,41,38,99,80,58,92,83,11,34,98,93,95,20,82,54,30,10,14,70,22,69,94,26,96,76,10,95,83,23,78,88,18,20,8,43,61,37,60,92,72,41,51,46,57,11,36,79,44,66,51,5,94,47,86,74,60,24,98,40,48,23,34,2,52,4,25,85,3,33,29,53,65,11,91,12
69,46,28,100,22,34,29,89,29,11,52,19,59,88,100,30,68,88,99,73,61,35,6,80,11,23,93,66,39,42,74,65,39,72,3,0,84,86,97,6,14,30,90,24,77,39,18,34,88,39,46,64,55,77,90,91,4,76,74,27,56,41,77,39,17,80,92,50,20,77,31,68,96,33,48,32,45,89,73,47,50,76,100,57,27,64,54,5,0,93,72,72,63,27,73,21,67,69,35,0
33,86,67,0,48,18,82,87,96,27,83,66,7,28,96,90,41,76,33,99,54,12,64,86,71,12,29,97,33,73,19,0,98,80,84,26,33,0,50,85,40,80,33,30,96,84,96,99,79,2,62,68,54,67,16,95,64,57,100,59,46,27,95,85,69,56,16,67,52,35,86,1,33,78,90,33,69,55,86,57,74,57,27,63,44,51,1,53,11,69,50,15,18,61,17,3,49,20,58,6
38,40,19,5,26,37,34,38,5,2,4,45,16,91,72,41,14,86,17,37,35,36,31,24,90,97,77,83,75,41,91,95,14,59,96,85,86,49,66,56,91,35,81,44,71,4,18,28,46,57,31,91,24,74,1,39,60,18,18,90,96,22,38,45,16,1,28,0,9,86,67,71,9,36,57,83,52,7,27,73,96,52,77,87,55,92,85,1,67,85,80,27,100,60,42,53,66,12,74,4
58,10,52,20,93,54,23,46,57,54,63,2,73,4,91,83,7,82,71,26,53,72,23,9,37,94,85,75,97,52,68,64,71,8,71,46,4,92,25,69,50,35,57,57,5,39,82,97,1,46,18,93,36,5,44,57,17,73,31,77,65,73,70,85,40,90,67,50,67,69,47,78,12,1,68,23,67,83,45,25,20,52,9,13,41,61,4,65,33,95,42,4,79,100,19,6,74,5,96,19
1,16,65,6,97,33,7,31,46,83,81,78,60,79,14,17,69,18,1,1,66,45,40,31,100,23,51,92,18,61,58,46,9,6,14,26,77,52,26,45,86,7,81,86,65,70,54,96,92,82,67,75,63,74,84,10,23,67,62,11,7,14,50,51,16,56,63,4,49,7,85,71,52,90,76,34,29,0,53,38,86,9,95,88,93,6,11,50,68,9,61,68,20,27,99,84,62,42,54,67
70,26,86,63,66,4,76,89,79,28,73,10,61,92,65,89,23,98,54,74,35,35,92,30,47,66,36,23,41,17,72,71,99,8,31,45,100,89,52,23,84,73,94,73,91,56,36,56,5,10,90,2,93,46,55,98,46,63,54,19,0,76,94,64,15,39,34,6,55,4,28,94,52,33,21,57,58,64,48,64,18,8,81,31,72,28,72,55,44,45,67,3,77,9,36,70,51,50,32,97
5,93,26,7,49,71,4,10,91,39,77,12,24,96,39,36,9,29,30,41,97,8,92,44,89,52,39,73,61,11,25,86,36,46,51,47,92,76,17,14,83,58,53,43,10,35,75,84,87,30,20,59,13,43,28,24,57,33,33,86,33,26,47,19,3,68,73,29,90,72,30,100,45,38,61,76,75,4,59,58,40,17,52,2,100,63,30,69,71,32,97,69,53,36,54,37,92,85,86,75
32,21,83,63,65,73,69,99,31,57,63,91,93,34,71,9,84,49,19,28,28,92,1,42,57,68,15,72,72,92,67,3,17,63,53,40,54,32,97,80,99,16,62,59,1,8,31,42,50,27,72,4,20,25,31,81,60,49,43,98,45,94,20,17,7,48,40,47,33,7,98,34,5,62,62,38,5,80,9,80,7,62,88,54,2,87,41,9,82,30,98,47,54,81,5,53,23,76,93,10
25,43,58,0,23,3,53,16,11,18,36,60,88,91,53,55,87,40,39,100,65,23,25,78,95,48,78,40,4,45,15,15,43,64,85,50,99,14,24,96,80,46,56,71,0,41,2,82,12,99,56,58,36,24,59,25,51,77,0,90,3,34,97,63,72,83,21,14,5,4,6,69,97,21,85,20,41,61,49,71,73,58,60,41,81,10,97,75,71,39,21,42,78,7,71,31,34,59,99,6
4,1,31,32,7,97,24,80,94,2,93,99,100,51,100,19,40,36,54,38,93,96,42,26,1,75,40,49,13,73,97,40,46,74,91,30,43,42,6,68,36,79,3,30,60,83,90,49,64,35,2,77,37,58,22,23,58,57,92,99,99,0,34,16,91,27,63,45,50,48,18,73,65,85,41,89,20,38,54,54,56,44,59,62,46,71,61,45,93,40,4,71,36,32,68,38,58,80,27,4
8,31,47,64,62,79,77,80,50,92,47,66,34,55,58,83,76,87,57,90,94,63,47,30,58,56,82,86,58,17,2,65,20,83,59,39,47,27,16,14,3,9,20,73,76,13,35,28,64,8,83,8,57,66,19,13,1,31,43,5,49,90,1,92,91,82,30,86,15,35,85,18,29,82,17,2,96,11,66,43,81,69,55,5,57,52,51,51,23,70,60,44,39,86,22,80,87,76,4,6
53,62,96,36,10,17,12,19,1,67,9,30,52,30,13,62,57,74,52,93,68,91,64,0,95,50,95,64,91,56,71,80,56,56,18,94,48,28,99,66,2,98,53,99,56,41,92,92,26,35,95,5,56,32,81,40,21,43,46,100,30,87,50,38,7,88,51,27,30,28,20,19,91,91,92,0,87,71,20,42,25,14,79,73,72,99,86,0,66,9,89,77,45,64,6,50,33,69,84,36
44,62,56,49,72,67,79,2,95,65,67,62,54,43,21,79,93,70,8,36,56,17,52,27,81,15,82,20,58,52,96,0,99,51,65,38,97,98,61,38,17,51,19,62,65,30,9,7,87,70,79,63,2,23,60,54,32,52,90,70,31,55,28,57,20,42,44,55,81,37,35,79,31,67,96,1,62,31,37,73,92,56,47,91,72,66,97,37,75,39,72,27,80,28,24,48,76,17,58,22
21,14,94,12,17,70,22,43,24,20,80,15,5,70,86,91,37,74,8,77,78,49,25,84,58,31,95,12,10,61,87,87,59,73,29,45,35,74,7,85,52,6,20,64,43,52,51,23,87,1,56,99,75,69,22,55,59,67,44,85,38,40,87,9,34,49,73,53,25,25,74,14,14,71,48,27,68,59,3,60,34,78,89,30,32,38,49,37,24,37,16,77,70,53,48,8,37,81,13,65