64,44,75,93,38,69,99,8,51,12,94,56,64,50,8,89,88,83,17,14,53,68,23,80,39,48,34,70,87,23,95,80,11,47,35,81,0,78,38,62,80,57,88,48,41,5,99,33,0,64,9,46,77,78,67,50,28,97,36,99,53,20,100,36,10,63,85,63,65,47,29,46,8,79,30,26,0,13,52,65,58,37,96,74,21,48,13,38,97,34,87,74,96,6,81,32,18,61,19,82
99,54,41,90,93,59,56,73,85,86,58,4,83,12,83,39,24,45,7,54,100,30,84,87,52,50,30,94,65,15,74,78,81,50,67,38,69,65,59,72,66,48,9,2,71,7,33,44,97,37,96,93,12,31,20,9,16,24,26,54,36,4,18,97,53,18,35,93,91,81,8,45,32,55,34,63,100,99,42,17,76,23,95,8,22,91,84,9,50,93,2,51,55,67,28,49,64,33,84,31
26,70,70,98,67,15,15,65,59,46,97,49,64,8,49,77,98,37,79,63,6,40,14,38,60,29,45,38,32,3,42,46,63,6,51,55,12,30,6,44,90,91,27,19,57,95,80,29,54,68,85,21,12,43,76,91,97,42,38,29,26,51,62,67,56,39,34,88,46,52,11,38,78,24,32,77,33,46,22,0,100,23,47,99,11,74,99,7,90,22,32,1,50,1,3,30,32,57,0,14
37,7,87,64,86,54,44,64,46,78,72,8,55,25,26,85,75,95,58,91,40,77,31,12,60,90,28,91,41,53,100,37,20,64,1,41,34,37,24,53,42,60,29,28,86,83,2,63,31,42,91,70,94,9,71,50,11,56,63,85,24,96,90,21,93,8,80,29,90,44,47,31,37,39,74,11,99,95,39,52,100,51,67,10,91,30,65,81,76,87,97,51,67,23,25,35,5,36,7,55
34,11,95,69,94,85,100,57,83,58,62,51,48,5,83,55,79,93,64,64,100,26,64,50,63,67,80,7,86,65,9,73,64,92,42,65,13,86,68,87,75,96,46,3,46,39,76,75,2,47,83,67,90,68,40,59,93,12,40,58,40,65,11,88,5,2,32,45,84,22,26,53,58,65,35,56,92,40,92,68,39,73,52,24,11,14,26,47,57,28,60,99,49,23,30,7,90,25,35,72
96,19,73,4,39,55,74,87,11,51,61,81,55,28,19,5,44,2,81,39,79,51,38,17,72,79,42,2,14,80,7,50,87,80,98,58,79,84,42,0,30,37,78,1,90,68,78,61,90,18,17,32,76,29,19,9,98,97,72,25,22,89,54,29,46,72,86,21,58,32,50,44,77,87,44,4,60,8,15,34,19,46,98,54,43,45,80,0,57,9,82,29,48,53,54,21,51,34,94,53
44,24,58,64,19,50,85,60,97,35,99,99,60,95,99,34,54,36,70,38,58,37,88,14,73,32,95,36,86,63,33,96,71,24,27,61,24,57,48,3,69,21,66,89,44,47,38,44,12,77,82,93,86,69,43,91,24,21,15,36,50,1,61,25,30,89,10,33,77,6,41,86,1,71,75,32,34,16,68,62,97,56,92,98,22,81,30,40,91,32,46,54,28,2,17,62,94,60,48,95
38,89,16,44,91,3,31,13,82,53,71,95,35,7,26,72,33,49,93,69,22,64,35,57,23,45,52,42,55,93,92,70,16,60,98,71,89,81,66,100,93,46,57,9,16,58,68,9,52,5,4,4,33,59,53,62,61,4,94,53,78,15,29,67,15,35,74,60,84,46,56,90,74,92,45,4,29,54,18,13,42,84,10,90,44,77,23,97,76,14,6,13,85,84,35,35,31,43,16,93
57,0,58,96,67,79,80,88,20,64,92,35,93,98,16,68,98,98,75,74,1,21,7,10,43,8,7,97,78,56,5,66,27,68,7,21,27,38,25,47,17,75,58,53,5,19,92,27,90,62,63,65,93,14,41,51,9,4,55,4,79,35,62,22,37,18,6,74,13,37,89,67,78,56,28,15,76,73,46,97,96,5,12,3,33,35,1,29,75,17,33,73,5,65,0,60,49,85,4,9
76,57,65,61,85,83,40,81,72,0,33,69,62,77,74,77,43,3,56,81,53,66,25,89,15,45,25,16,9,59,45,24,86,80,4,73,54,10,82,18,29,30,85,65,45,64,63,59,79,5,92,11,53,94,62,15,32,23,83,52,30,85,89,60,46,48,23,100,25,81,87,59,59,52,98,14,20,38,74,66,96,6,35,4,49,77,85,13,42,11,4,16,37,55,67,16,96,100,6,50
95,69,69,27,69,12,51,74,27,81,7,63,76,62,84,92,64,7,83,63,80,56,91,16,75,55,20,79,24,45,0,67,11,94,35,43,91,7,18,93,35,91,24,95,16,91,99,55,39,20,64,45,20,25,0,22,60,20,82,52,61,76,56,52,25,33,30,1,55,81,90,30,8,29,85,92,51,18,29,9,90,89,5,25,12,87,97,87,8,21,42,97,84,18,80,100,5,88,88,96
85,34,71,26,97,53,71,76,81,1,43,88,4,64,21,11,87,75,61,7,3,59,36,52,24,19,100,39,9,85,2,28,56,52,18,14,86,70,77,38,29,89,50,32,11,14,83,40,98,43,84,24,84,46,0,66,1,77,23,9,65,62,23,83,68,38,85,10,84,56,34,39,62,83,98,54,95,1,32,86,35,54,77,9,46,8,50,94,13,51,83,19,63,34,81,70,29,52,31,85
39,71,84,7,16,83,45,79,62,8,58,67,29,21,29,0,86,5,68,53,73,40,27,72,17,26,54,56,16,52,42,77,55,87,52,96,40,62,97,64,92,67,81,44,79,75,92,71,61,94,48,26,35,17,88,97,22,14,9,11,30,6,43,89,39,60,39,56,41,57,74,11,69,57,38,61,36,50,41,90,55,75,93,55,55,39,64,66,93,99,73,15,3,81,80,78,64,21,81,43
55,56,37,79,71,47,14,23,95,85,38,17,83,82,79,65,31,8,33,28,63,11,47,99,22,96,30,48,70,85,14,82,19,4,86,20,72,53,32,63,21,63,89,54,80,95,3,38,72,17,36,12,46,45,78,14,26,47,61,34,97,96,75,34,99,26,63,49,92,1,70,62,28,15,52,73,47,47,72,64,36,62,24,23,54,99,90,74,66,40,89,28,16,70,79,70,91,17,30,28
59,43,68,24,13,10,50,29,30,77,62,53,87,59,53,22,28,96,4,0,67,94,82,63,55,74,68,71,90,55,80,85,40,95,41,25,1,47,38,77,88,3,100,93,30,75,36,12,5,87,25,17,35,87,19,31,58,23,33,17,62,35,84,60,92,76,53,91,77,84,53,8,22,27,75,34,91,48,23,79,88,21,27,0,58,11,97,17,14,35,85,84,63,90,10,42,30,93,51,70
77,51,41,90,47,11,100,81,1,79,0,6,91,85,30,25,62,21,78,83,83,96,31,3,91,27,58,41,88,28,66,87,89,94,48,50,1,92,80,90,66,35,7,77,49,91,34,62,29,66,52,33,71,57,31,47,11,71,77,53,42,11,70,77,93,100,23,99,38,32,52,38,37,27,32,71,14,41,65,88,33,24,92,85,54,84,59,85,55,81,39,77,85,65,42,58,8,100,10,100
35,68,84,55,61,82,71,39,41,66,30,46,57,51,23,29,40,47,43,82,18,86,76,97,89,87,96,9,68,65,87,39,2,41,25,100,42,22,83,38,51,26,53,19,85,32,91,50,72,0,61,95,4,57,54,37,85,61,49,50,44,10,65,58,69,42,71,56,87,97,62,40,0,10,82,52,48,56,58,0,77,42,58,41,6,56,53,29,0,1,43,11,27,9,0,40,41,30,54,51
5,78,26,89,0,73,64,29,57,9,18,44,23,32,98,23,63,74,54,16,20,19,94,89,78,27,42,27,89,99,36,77,13,39,37,44,63,60,84,58,36,59,41,2,76,36,6,82,91,30,73,77,35,34,59,46,41,5,67,72,74,29,17,14,97,34,49,62,40,38,10,79,53,51,90,38,7,83,55,89,42,44,21,50,100,93,15,93,62,20,99,19,99,66,11,39,47,30,52,0
80,8,51,81,57,97,22,82,41,37,70,7,59,55,61,53,68,62,15,51,32,15,25,46,19,78,59,80,81,67,62,56,50,29,27,45,57,87,19,49,57,86,8,81,25,82,82,95,22,91,35,62,2,94,32,38,23,17,39,29,71,40,97,70,4,98,7,47,55,0,20,31,39,85,47,86,7,73,5,25,3,69,75,21,51,24,15,73,19,22,85,80,68,48,82,49,90,66,64,0
9,52,27,72,59,49,79,67,77,77,88,25,65,67,18,73,42,21,100,50,49,96,86,38,87,24,34,10,10,92,29,21,25,57,96,8,99,96,67,66,31,56,79,11,92,10,70,7,83,70,26,19,87,97,69,5,29,99,84,62,32,18,81,40,71,48,23,9,37,47,64,32,58,97,55,44,98,70,97,39,99,5,26,23,53,77,30,33,65,65,26,41,79,54,0,5,15,34,96,100
71,21,0,59,49,13,66,45,97,46,69,70,32,51,33,24,55,38,42,46,86,30,56,86,91,33,0,27,72,45,24,49,98,41,57,8,47,74,46,31,32,65,4,40,99,90,30,80,47,16,58,91,21,66,74,28,54,96,59,13,60,40,75,70,96,37,47,92,51,75,64,43,37,68,95,23,22,90,61,39,76,73,74,67,16,80,98,63,70,39,11,71,83,3,31,43,81,98,84,14
14,59,5,99,57,49,74,88,84,7,58,35,16,28,40,61,70,6,47,79,98,68,29,78,38,21,27,17,70,26,89,65,70,21,56,69,82,68,62,55,25,31,16,12,92,95,72,24,62,35,23,84,38,91,3,53,21,4,76,19,35,91,43,36,54,32,19,65,41,68,20,85,42,54,64,66,93,50,49,73,73,99,57,19,44,61,72,61,40,8,36,50,18,42,58,100,1,19,88,12
0,96,64,99,9,60,0,91,49,67,80,98,3,37,44,44,3,56,10,55,100,76,24,40,35,16,95,74,83,68,58,31,6,30,64,8,52,45,50,11,12,87,59,44,21,63,72,18,60,55,74,87,61,27,54,54,35,89,88,12,50,16,74,98,39,59,57,16,27,40,98,58,92,66,70,41,62,76,64,29,92,6,96,96,29,19,43,55,85,91,54,0,43,48,97,80,21,27,90,4
0,85,31,61,21,57,54,9,56,31,61,20,53,45,74,74,75,36,89,70,1,39,91,52,64,6,71,86,84,92,28,80,33,42,59,8,40,14,27,11,15,14,62,81,12,45,15,87,67,59,24,76,68,45,79,86,99,3,71,68,73,68,80,55,62,50,37,33,46,57,3,87,58,29,56,72,62,58,28,24,68,75,100,21,57,56,13,68,21,74,36,50,58,10,43,2,67,52,75,67
10,9,1,97,23,7,70,26,98,27,100,43,53,43,75,58,99,51,58,40,2,68,89,61,97,51,37,12,47,72,30,80,61,91,64,57,79,6,17,89,16,22,61,83,100,54,88,100,57,78,87,13,33,95,59,5,74,66,51,34,78,29,24,97,62,75,16,51,59,42,32,53,44,90,24,58,23,53,79,10,84,48,26,53,64,63,25,16,62,55,66,26,87,90,4,10,42,77,40,28
1,58,93,45,83,22,30,74,64,2,93,48,32,2,20,24,32,16,35,63,72,72,59,6,13,96,88,23,45,39,41,97,49,54,40,94,87,73,25,74,66,77,44,10,53,4,76,17,14,27,55,69,62,99,62,67,34,10,41,65,82,85,31,86,50,32,52,57,47,12,89,92,8,23,20,4,75,0,54,12,72,58,29,32,69,76,4,30,61,79,4,21,35,56,4,85,33,86,67,61
45,50,58,71,77,47,59,87,63,0,48,42,27,69,4,100,12,34,37,95,18,23,30,73,45,64,83,0,57,24,60,78,53,88,54,3,11,3,38,49,52,61,53,10,56,81,11,70,68,39,87,36,52,50,13,35,20,84,10,14,23,19,60,95,69,62,70,84,15,95,67,1,71,86,36,6,30,4,74,29,83,53,62,7,40,44,79,51,4,77,98,30,36,78,92,100,54,81,65,96
10,55,44,81,11,9,20,22,62,20,31,79,75,56,59,26,6,99,24,32,90,34,80,73,98,48,100,26,47,73,5,7,33,48,69,75,18,96,79,10,1,38,14,49,2,44,82,64,71,17,7,16,67,64,8,24,80,82,42,63,89,32,68,85,25,13,70,71,48,56,91,51,61,11,99,89,31,0,77,72,25,28,73,72,48,97,63,98,90,77,52,35,85,92,84,49,32,7,16,85
85,96,44,94,83,47,2,3,23,37,95,58,93,43,79,27,28,58,88,12,19,94,19,37,13,47,48,18,6,70,60,1,18,14,1,31,13,68,86,33,78,7,72,31,22,14,83,27,46,58,20,41,57,49,58,59,37,12,54,20,43,79,6,42,44,96,91,76,37,72,1,39,69,50,100,18,0,46,48,25,80,21,53,85,58,36,58,33,21,15,39,98,86,60,61,50,72,75,81,52
44,55,41,88,97,39,57,16,49,45,79,72,10,68,78,11,22,18,45,24,78,4,92,100,46,87,2,3,89,56,62,36,68,52,84,48,3,47,2,23,1,11,87,35,28,1,95,52,31,17,83,72,60,70,51,17,71,51,63,14,73,58,100,90,37,19,3,81,56,42,24,19,10,32,44,90,52,58,87,100,22,48,23,61,62,60,4,57,55,36,23,84,71,47,2,71,4,36,23,8
79,21,83,1,7,20,18,8,87,14,99,96,75,83,56,43,66,73,32,15,0,13,53,35,45,14,62,90,77,7,84,24,47,34,7,82,72,1,50,17,9,9,76,38,87,27,32,16,70,79,1,52,32,98,47,2,5,86,70,80,46,78,20,84,55,40,11,3,89,96,80,77,64,65,91,72,22,43,96,5,67,50,38,35,44,83,50,73,62,71,55,37,8,21,4,6,95,17,32,91
49,21,3,11,93,55,100,39,38,63,75,0,47,62,44,53,7,69,64,70,24,94,20,84,76,10,6,53,71,99,92,8,28,9,6,8,14,42,37,39,76,60,68,87,79,8,14,20,6,54,49,1,88,5,80,98,83,90,80,56,48,35,17,51,93,96,68,5,77,52,12,55,46,13,15,88,23,48,26,20,79,23,53,83,19,13,8,6,85,55,83,92,17,48,47,39,13,26,89,91
80,100,9,12,20,42,97,35,54,58,84,92,100,6,58,31,51,92,15,28,33,39,6,83,88,72,24,40,23,2,41,99,58,29,91,77,86,26,16,80,34,75,83,15,83,16,12,73,58,74,41,18,50,87,69,62,1,42,5,73,95,95,99,86,40,23,28,69,27,37,6,19,34,93,15,50,99,46,58,24,19,75,32,77,6,15,3,15,10,56,80,13,95,62,56,95,23,24,41,35
36,91,85,24,68,5,67,76,67,43,83,95,45,3,13,44,10,0,48,95,1,50,89,52,63,55,69,11,85,87,25,54,94,81,96,62,49,11,10,38,27,3,2,36,71,54,93,94,4,67,18,16,87,76,7,8,77,87,29,2,29,71,47,53,24,26,4,88,77,29,18,29,45,30,8,29,62,37,73,3,27,12,14,0,29,49,70,19,28,40,78,75,82,68,55,23,64,67,47,41
40,38,80,57,13,93,2,70,42,69,82,30,91,41,92,18,21,67,39,71,22,75,69,30,12,60,70,53,77,76,92,82,49,3,97,42,52,87,0,10,94,79,40,43,36,65,54,49,86,71,39,91,68,2,47,51,93,22,52,47,3,88,14,95,33,49,15,98,27,40,60,19,16,86,60,89,88,10,53,67,89,55,97,19,49,97,0,79,66,8,5,44,61,85,83,49,18,23,48,72
75,68,23,77,54,18,45,71,47,65,44,0,7,36,58,6,69,58,7,91,26,15,81,40,92,54,42,17,55,90,3,16,20,83,84,40,4,44,6,70,19,15,6,43,64,1,65,24,26,52,23,66,27,83,18,20,24,67,12,57,11,9,100,79,51,57,78,63,50,34,72,89,8,48,60,22,77,94,87,94,23,49,95,100,1,83,99,52,3,47,85,64,53,27,54,93,70,90,22,33
41,34,82,11,61,29,35,7,15,98,32,29,31,89,10,48,66,69,58,49,16,52,72,30,74,63,51,33,17,90,98,25,61,89,4,44,58,22,96,82,56,57,80,44,20,49,98,7,7,49,78,85,39,60,31,94,10,26,15,39,87,82,32,74,66,52,79,92,0,89,24,3,99,34,97,81,40,46,19,69,99,15,48,42,77,85,85,60,44,4,93,58,39,46,40,3,40,67,60,65
20,78,7,44,17,38,74,52,62,92,49,65,86,61,54,70,35,11,10,62,46,89,22,79,28,45,58,98,24,84,91,26,29,97,38,95,1,63,2,91,43,16,1,97,93,25,51,26,24,9,42,96,92,88,75,73,83,6,78,36,33,47,95,91,89,2,4,4,68,82,1,52,51,25,78,93,46,72,75,59,79,34,10,71,91,21,34,94,92,85,45,88,94,45,21,62,58,100,11,66
81,40,0,1,54,54,22,83,20,47,53,53,52,38,50,94,28,30,42,20,15,19,56,94,26,52,12,46,13,24,94,97,7,40,40,24,13,44,98,63,62,36,44,18,25,15,34,94,47,48,11,70,25,80,79,79,77,40,84,42,39,53,12,83,88,96,60,90,86,54,86,56,51,41,9,57,7,37,89,76,69,40,95,28,90,55,60,80,24,29,93,96,61,58,60,4,65,43,7,4
61,95,51,16,38,93,63,35,47,1,40,13,33,39,42,59,78,88,58,17,43,58,91,55,34,86,63,12,30,10,51,16,83,24,1,53,64,89,48,46,93,25,18,92,3,14,46,38,62,91,50,87,53,52,69,1,50,93,1,80,35,73,57,68,11,50,56,25,5,61,42,67,42,73,27,92,30,78,95,92,91,65,87,68,50,31,31,92,49,27,78,18,33,35,70,34,16,74,61,91
86,19,19,31,36,41,78,3,39,91,49,81,28,52,31,61,76,63,28,26,96,92,22,96,79,96,32,15,10,40,27,8,33,45,63,67,53,93,82,28,88,44,47,91,91,73,75,46,74,39,43,10,73,91,34,1,8,92,17,69,6,6,56,34,26,19,4,19,87,2,58,96,83,71,30,27,88,12,46,71,19,51,20,98,27,95,17,81,26,27,96,19,29,2,20,84,55,25,28,99
75,91,47,69,56,38,33,41,46,42,78,11,80,0,10,98,63,65,4,55,67,32,32,81,89,49,50,22,36,14,9,88,61,31,20,97,99,61,19,52,44,44,40,66,76,71,92,61,40,71,79,99,11,35,18,91,57,94,69,40,57,66,84,26,85,78,22,68,45,71,89,14,19,5,88,63,84,17,57,21,82,39,12,8,73,49,16,26,27,94,38,36,76,37,77,90,65,59,93,4
47,81,96,85,12,82,85,77,8,28,65,93,57,66,79,73,100,83,95,93,26,34,35,29,50,72,88,1,36,46,31,9,16,75,87,69,97,45,53,46,37,8,53,33,71,90,30,85,96,64,80,62,89,35,92,4,73,89,2,68,76,36,93,41,92,83,16,72,74,97,87,12,97,35,92,66,15,35,93,53,58,83,81,26,39,80,0,50,21,91,77,89,86,43,23,14,13,14,100,34
15,73,41,21,38,87,72,30,12,69,65,50,85,98,77,25,84,52,86,87,54,30,66,13,79,26,19,66,60,17,3,75,52,7,24,11,58,7,96,58,79,29,27,7,66,69,12,65,18,19,72,35,39,69,11,61,17,21,80,100,85,40,63,83,63,89,72,67,77,53,14,62,81,35,41,56,49,27,27,70,13,5,100,26,32,41,52,89,2,44,14,28,52,66,77,67,95,74,27,98
26,23,75,25,100,73,72,73,85,15,77,17,88,44,47,35,58,85,19,18,63,48,25,49,71,55,99,50,37,84,47,4,51,2,10,5,98,78,96,56,16,63,7,37,81,14,15,38,90,76,92,98,84,21,38,96,11,19,15,94,72,91,26,100,7,93,52,38,90,0,38,3,21,85,85,17,14,82,36,96,8,81,62,71,25,97,58,54,60,80,34,29,86,80,60,95,2,82,3,82
9,58,92,54,65,50,23,97,49,99,86,55,60,75,70,51,68,65,64,65,19,26,60,82,25,64,1,52,5,24,18,98,86,19,25,17,41,30,57,6,46,98,62,88,56,8,4,70,60,100,11,4,48,84,69,46,67,65,89,42,77,62,0,63,29,43,41,60,5,29,78,53,95,79,92,67,93,2,3,63,85,83,0,32,45,47,74,61,54,35,12,6,2,95,4,40,53,2,83,62
95,78,36,30,69,66,24,69,6,79,72,4,98,18,50,45,90,18,6,89,50,27,67,47,31,0,75,43,86,0,87,7,69,39,2,57,59,40,80,0,12,67,76,26,52,35,38,24,94,7,14,62,43,73,15,3,81,35,58,88,63,57,47,34,89,36,100,45,29,37,32,8,23,40,27,26,60,9,19,26,20,35,13,42,66,61,36,0,43,73,36,83,40,88,63,84,6,45,32,91
91,23,16,40,1,34,7,92,18,0,43,67,62,26,32,19,48,21,33,67,73,6,45,9,41,33,63,72,17,5,84,98,9,19,50,75,8,57,65,38,49,43,51,59,63,20,34,21,26,57,48,26,90,99,50,4,14,30,96,58,29,78,99,82,98,91,70,73,20,18,89,54,42,22,74,56,62,65,94,95,59,78,39,72,24,24,87,51,22,20,48,24,54,65,22,86,47,70,27,26
17,47,13,92,88,42,96,5,19,83,32,75,21,34,9,78,48,7,97,77,0,97,47,3,99,57,32,99,50,83,17,54,89,11,60,19,41,76,93,58,10,94,5,85,33,73,77,89,11,75,66,69,57,6,98,79,100,9,42,62,64,58,66,5,52,15,33,44,42,62,52,10,79,51,83,21,6,89,50,74,45,15,80,67,69,84,99,91,21,34,76,93,54,85,7,14,2,94,62,33
56,36,49,32,26,13,3,42,62,39,33,11,28,92,40,70,59,41,17,15,100,71,64,70,85,69,35,40,17,83,30,60,89,82,49,22,1,14,97,2,5,86,91,82,44,84,26,9,55,34,9,5,71,69,29,76,19,59,18,83,89,19,99,51,70,23,92,55,85,79,5,55,35,43,80,55,19,28,98,44,89,2,51,54,87,15,59,58,16,88,55,12,11,51,55,86,31,89,49,89
2,33,73,11,78,59,100,34,26,40,93,69,31,96,7,64,79,94,39,86,82,38,98,14,84,65,64,68,53,79,96,70,43,65,40,18,72,84,93,98,76,69,62,40,18,9,18,63,48,30,42,81,5,89,10,96,11,74,84,76,64,47,55,1,23,92,55,12,43,65,91,42,46,39,78,84,92,34,73,54,41,15,24,93,1,74,97,77,80,99,73,10,15,14,87,99,33,49,12,19
94,0,2,41,16,77,15,68,2,72,9,90,50,38,96,11,19,3,59,53,8,56,70,80,44,46,21,92,50,92,86,11,9,81,78,3,96,23,61,41,14,28,71,76,90,77,79,74,79,15,79,22,31,87,78,15,60,79,23,78,99,51,90,69,6,15,82,68,52,39,100,92,67,39,96,9,78,57,58,73,32,50,12,7,52,61,76,91,44,31,96,22,18,60,12,68,1,52,65,73
0,49,100,75,89,86,94,72,61,98,49,77,12,48,16,98,11,10,81,75,18,75,43,17,36,73,73,49,62,94,84,69,80,13,93,22,51,58,66,7,64,71,65,13,48,22,83,62,16,22,46,39,28,91,14,17,73,54,50,96,1,6,3,24,53,13,56,68,29,20,88,6,93,15,100,6,49,26,49,60,54,78,80,59,53,55,45,91,18,90,85,58,51,93,33,11,93,26,18,70
100,45,51,72,18,73,83,26,63,38,27,7,60,72,55,43,60,97,43,99,99,95,17,100,5,73,23,79,82,29,8,85,3,90,85,86,83,58,83,79,24,33,23,44,89,19,80,60,81,66,0,11,85,9,60,0,95,65,66,8,9,32,16,59,27,60,95,66,79,6,54,31,80,57,12,15,25,68,61,47,59,69,56,4,71,55,5,73,61,64,66,56,100,94,11,32,23,68,46,5
97,9,89,73,16,100,97,96,90,67,20,12,64,19,95,6,9,51,71,29,5,32,9,3,56,76,52,21,15,62,77,70,1,14,51,70,74,26,19,77,91,87,19,17,2,84,25,64,94,24,1,28,50,43,15,5,10,0,95,87,82,27,24,77,36,90,12,22,76,20,67,34,82,90,25,12,46,11,81,10,16,85,48,73,28,40,42,25,12,93,76,18,59,50,97,78,46,38,6,98
54,4,94,2,24,91,60,87,96,37,92,33,4,48,46,10,3,46,31,82,74,3,9,4,87,59,11,19,88,46,65,57,89,39,16,3,60,87,9,33,74,43,57,53,42,54,34,3,57,97,10,44,54,25,36,69,38,82,73,30,20,40,1,88,55,4,39,65,13,22,36,86,46,1,57,68,68,56,26,46,82,48,17,65,50,1,78,15,68,63,27,54,75,31,61,47,21,77,14,24
93,8,9,91,15,51,66,36,75,37,82,86,52,31,85,91,93,47,34,88,82,34,93,0,18,49,98,78,30,97,2,67,53,45,27,58,73,21,51,69,84,42,4,11,21,57,40,53,93,38,51,58,73,63,10,45,54,9,77,43,66,78,29,96,4,36,80,26,81,59,73,81,80,28,85,92,88,54,80,6,100,11,29,54,47,16,71,45,62,38,17,41,15,51,100,96,60,38,84,56
81,19,91,73,24,11,78,50,93,69,18,78,77,41,92,18,46,69,85,1,18,9,86,67,25,25,34,54,8,77,91,74,2,22,98,80,58,83,45,64,90,96,17,67,76,23,64,61,94,52,9,77,26,85,87,1,98,43,68,42,95,34,78,56,72,52,69,62,17,97,82,56,54,85,68,71,18,71,78,16,3,63,29,66,11,33,37,22,16,73,12,26,11,78,96,52,42,12,20,43
33,62,2,14,18,79,58,62,26,16,93,99,62,1,57,31,70,54,27,15,25,31,86,21,39,83,9,51,43,86,40,61,24,44,71,10,74,80,41,53,13,6,15,44,38,92,26,83,1,65,35,84,13,44,6,31,97,99,25,20,61,13,46,32,90,78,47,68,18,35,3,56,4,23,79,34,52,100,14,88,79,67,15,35,27,56,17,29,97,94,76,36,13,49,22,8,78,73,53,18
6,35,50,56,69,80,39,0,47,95,38,64,18,9,37,92,48,26,29,99,26,6,25,41,18,97,65,35,100,36,33,45,17,71,21,15,0,31,89,63,35,53,82,7,23,61,35,14,77,87,76,46,92,62,33,97,23,74,50,82,13,86,46,55,100,12,62,17,32,69,88,74,37,36,47,74,65,0,32,6,7,25,63,29,21,82,99,33,72,3,41,46,68,6,18,34,35,71,83,34
98,100,24,85,0,61,15,97,99,18,37,77,12,46,15,92,80,11,53,17,42,56,97,59,12,48,11,70,69,13,52,97,65,59,80,57,42,76,41,70,5,87,70,73,58,65,3,18,91,83,19,2,100,23,58,42,87,42,35,40,75,12,47,12,24,94,100,37,32,22,85,29,47,87,22,62,62,48,80,38,100,73,11,51,38,1,70,2,12,43,34,81,82,73,16,44,100,81,93,41
30,18,89,14,100,75,8,96,23,72,27,32,80,94,12,3,69,37,42,59,94,61,73,49,82,25,76,64,78,97,8,2,25,3,80,19,78,15,80,75,27,63,89,3,44,92,40,18,97,5,5,87,99,66,55,67,24,20,74,88,21,100,87,82,95,92,27,33,96,15,82,51,82,11,55,21,13,62,50,3,78,58,60,13,51,75,68,79,57,66,33,4,59,61,40,36,20,65,9,96
52,53,17,69,22,51,77,76,36,1,56,28,49,69,14,11,55,81,92,56,32,54,65,86,36,90,3,58,18,94,18,27,1,14,28,71,67,59,45,13,28,5,69,36,75,37,71,37,17,34,62,6,55,4,98,63,19,96,79,4,3,96,79,44,32,98,10,100,30,66,57,3,98,83,100,29,45,28,32,72,71,36,19,46,17,55,73,33,33,39,89,10,28,61,51,2,73,30,68,15
22,36,86,9,38,44,29,75,43,30,61,91,51,9,13,99,14,22,44,0,35,92,35,83,70,48,21,30,27,60,82,20,32,87,42,99,12,33,74,42,27,8,51,13,71,62,43,81,97,67,24,8,40,40,95,63,41,67,83,40,31,77,17,78,72,27,38,82,58,26,17,73,38,51,14,94,81,7,35,32,54,27,54,57,47,8,6,47,85,85,98,88,38,88,46,64,72,81,69,93
25,47,38,46,47,37,97,91,83,82,52,99,63,85,59,87,84,10,90,14,34,98,57,70,39,29,17,32,61,3,41,53,23,8,85,23,100,59,45,86,21,79,35,9,5,40,84,0,13,15,39,42,58,40,66,69,59,51,18,66,42,46,18,34,30,9,88,96,77,1,62,8,41,88,72,100,8,22,20,8,96,1,22,19,73,63,19,14,22,92,58,0,15,18,49,52,22,2,48,84
91,22,45,32,18,86,35,58,42,73,33,57,97,20,69,50,37,78,65,17,67,87,86,22,0,95,75,45,50,0,90,1,18,28,91,81,74,48,85,98,55,19,14,84,92,72,21,45,71,72,72,8,75,2,72,76,22,42,52,98,93,70,27,67,92,30,86,87,13,47,1,32,69,100,4,25,7,58,34,82,77,30,22,16,40,3,72,29,22,58,84,82,93,77,58,49,74,81,25,94
65,96,33,85,34,64,98,55,49,74,24,36,62,57,6,14,26,99,100,68,58,26,21,10,68,17,7,56,1,80,73,17,72,74,55,51,37,40,84,58,45,97,56,15,80,13,96,43,52,7,20,46,92,99,76,58,51,23,99,99,88,16,90,50,74,40,62,34,17,36,88,58,30,85,92,34,90,58,1,47,73,75,19,62,84,42,28,5,38,44,30,97,12,52,69,68,95,55,24,73
54,13,31,21,76,70,93,79,84,76,39,89,70,89,85,80,15,97,14,35,35,64,59,70,53,96,87,21,42,35,89,68,86,74,56,8,10,39,96,4,53,15,68,77,17,77,76,45,34,13,21,80,66,61,86,24,49,45,48,91,0,40,66,68,18,45,68,52,63,14,5,66,23,93,65,62,41,61,74,16,44,93,85,75,23,46,67,44,94,6,70,42,42,14,64,85,31,98,23,35
73,97,90,4,46,77,95,10,26,35,32,26,48,44,80,50,62,79,98,17,61,43,77,54,37,100,15,87,45,73,17,2,90,65,4,62,25,95,54,60,86,68,91,83,1,4,4,86,78,89,27,64,64,27,23,48,73,69,87,93,64,80,24,11,2,47,49,23,83,61,70,9,11,97,3,54,70,96,13,1,92,31,47,11,84,52,14,24,86,44,34,72,47,95,87,23,18,61,76,33
69,57,5,31,11,29,16,1,42,23,38,14,97,62,58,73,64,75,55,2,35,28,49,39,34,26,95,24,57,25,48,76,10,83,33,88,59,68,27,6,83,12,56,39,39,36,55,51,54,91,58,64,0,50,87,69,61,7,81,90,44,99,81,32,1,69,98,4,80,75,61,11,8,58,77,22,9,32,2,69,95,82,20,65,84,65,36,40,36,57,100,35,27,25,50,100,43,3,32,42
82,95,19,77,50,76,23,94,22,29,41,15,80,52,100,64,59,58,16,31,53,44,6,86,9,62,83,31,65,21,23,34,94,45,79,37,79,73,17,68,79,98,36,15,33,1,56,53,58,34,27,36,93,11,45,34,35,64,22,91,24,58,74,2,8,8,21,64,19,95,25,49,60,28,19,24,20,40,57,71,52,78,2,27,64,97,97,67,44,46,45,33,52,28,53,56,65,36,55,32
84,28,79,13,75,6,45,64,32,55,45,9,83,31,96,25,90,85,45,83,67,63,33,49,48,64,48,63,25,49,30,40,66,75,74,11,37,97,48,55,25,34,52,36,2,7,5,11,22,93,14,95,17,59,69,67,37,59,70,19,40,85,13,54,90,26,92,73,4,48,53,79,30,23,52,69,94,21,24,13,70,18,89,65,71,79,36,31,28,53,12,82,14,53,81,28,92,19,37,89
76,36,21,90,2,67,44,33,47,65,59,66,3,18,83,91,42,73,23,7,26,14,59,13,70,44,80,22,39,85,68,93,12,94,8,50,37,82,89,80,36,24,32,42,67,15,27,19,59,44,52,100,1,29,58,31,49,37,14,51,9,49,45,31,65,86,93,84,45,84,41,98,79,48,18,74,74,93,89,18,99,20,98,1,78,49,7,61,41,28,69,69,97,47,61,100,47,21,79,51
100,12,82,30,37,79,13,47,27,66,90,85,97,92,44,63,55,7,62,46,54,60,8,80,13,23,72,57,60,5,23,21,18,13,56,69,31,23,8,83,96,74,29,54,75,15,18,37,96,91,74,79,3,82,22,19,64,56,7,77,31,70,29,96,68,45,97,22,40,62,58,81,83,53,58,49,56,74,20,60,70,96,36,84,49,82,27,83,38,19,65,30,87,37,68,61,49,72,60,41
76,48,64,73,3,13,76,74,79,58,76,75,48,20,60,96,30,11,65,47,78,90,69,29,39,73,30,91,91,25,90,79,66,42,72,21,24,42,99,74,48,90,87,30,100,26,59,11,39,7,29,61,96,26,69,94,85,87,55,80,70,35,16,56,19,86,37,83,71,20,90,13,63,19,2,94,51,73,37,14,31,23,84,66,23,67,56,27,81,9,78,26,73,70,96,78,55,0,84,10
71,59,37,81,83,100,51,29,76,90,78,19,98,76,41,95,82,66,44,27,52,73,6,21,53,59,7,35,43,66,13,50,55,35,9,23,91,97,65,4,84,32,57,66,38,86,98,59,61,68,72,48,45,63,62,41,73,89,71,17,39,31,31,89,94,68,69,87,25,48,90,58,47,49,74,25,50,8,96,14,80,35,1,63,77,47,45,41,84,33,64,82,2,47,57,50,72,26,98,77
26,31,100,67,88,26,40,28,75,93,68,83,85,65,6,72,13,6,40,19,9,5,92,33,26,57,70,40,7,52,0,90,61,80,10,98,35,54,67,47,36,6,9,28,20,68,0,53,30,58,28,15,8,62,12,93,69,64,36,16,59,83,53,13,25,90,19,97,11,10,10,81,89,17,18,94,61,89,25,64,52,7,35,48,53,86,44,21,16,49,11,26,8,81,5,21,31,17,45,89
59,57,100,46,2,66,55,2,27,64,50,22,16,81,65,86,36,46,22,58,1,81,45,92,0,44,20,6,19,10,23,19,78,41,41,63,16,25,3,19,71,66,38,92,63,7,16,84,96,81,58,76,81,46,67,57,48,14,64,33,82,40,66,44,59,99,72,79,12,98,51,69,25,63,72,11,52,91,65,81,64,57,99,58,55,48,67,43,14,38,29,65,61,59,28,26,48,7,27,89
0,64,29,54,69,72,35,3,21,92,80,2,8,2,46,63,95,15,41,10,1,82,46,73,94,64,75,37,86,27,50,95,24,8,55,32,56,21,29,24,6,94,56,70,58,92,23,99,14,16,21,69,80,64,54,0,7,8,5,84,25,27,13,22,17,85,67,19,46,10,83,35,87,88,30,59,31,60,20,4,58,75,90,41,18,95,42,78,89,95,52,58,29,50,84,5,78,68,51,34
3,25,79,80,20,26,28,5,85,57,20,46,47,36,53,58,40,83,68,99,98,53,52,5,79,50,10,92,59,7,24,82,57,73,92,90,64,54,65,28,85,48,78,89,43,88,92,19,45,17,34,79,22,87,68,99,43,79,78,74,58,23,77,49,79,42,19,61,95,76,49,94,37,23,0,44,6,2,27,32,92,85,41,17,73,98,85,78,7,16,5,48,52,95,39,60,62,96,14,34
67,62,67,63,37,73,3,74,32,88,22,75,65,58,57,42,82,63,86,19,31,27,71,60,23,76,18,15,15,66,74,58,65,98,21,39,35,13,18,21,91,98,52,77,29,43,38,23,39,18,81,54,47,77,98,48,59,74,95,80,45,1,4,98,92,54,22,65,65,90,90,76,59,25,85,50,53,39,37,96,17,22,58,20,97,68,99,42,47,50,0,70,100,35,81,65,73,15,41,43
97,90,21,87,37,47,13,71,32,4,100,46,76,91,31,55,59,13,95,14,51,63,8,80,3,74,78,24,42,69,90,96,71,25,83,59,79,34,97,34,93,78,48,24,40,56,30,12,72,98,13,73,36,75,48,22,46,36,62,56,5,98,36,31,51,95,90,68,96,40,6,54,9,52,57,21,79,97,24,73,95,56,35,23,65,51,56,33,46,77,100,52,11,87,23,95,9,34,82,25
39,27,31,74,77,69,41,91,51,52,38,42,89,71,74,23,64,71,21,100,37,40,47,65,74,0,59,70,76,27,52,56,29,35,25,80,79,11,71,71,3,60,16,75,31,6,73,71,46,50,2,17,37,63,48,38,26,14,95,85,3,59,71,25,62,12,93,72,15,4,96,51,22,38,65,75,86,37,3,83,56,8,94,99,97,33,72,41,8,20,65,76,13,29,27,78,18,87,91,55
97,56,99,96,83,65,90,94,15,21,37,83,97,9,84,72,55,43,47,30,41,23,83,47,80,28,28,82,53,25,89,87,69,29,33,68,46,2,35,46,28,56,76,95,7,65,92,20,44,72,56,55,73,89,87,83,47,78,34,31,15,23,70,21,58,52,25,20,57,50,32,86,62,91,98,11,76,21,82,88,81,80,94,28,72,8,83,86,89,7,51,94,63,30,51,70,96,39,74,30
42,47,72,80,90,25,20,50,46,29,49,5,93,45,10,83,51,39,36,56,1,28,24,19,10,75,4,42,38,75,63,19,69,100,43,79,3,0,62,60,0,68,29,79,68,60,55,6,9,91,87,58,94,30,73,62,57,37,80,66,89,35,37,69,97,31,54,29,61,53,18,67,76,11,36,95,70,93,64,38,61,10,92,48,66,32,82,71,8,15,24,49,58,48,79,52,56,17,54,77
75,68,100,49,79,88,89,18,41,5,53,51,10,72,48,67,43,34,43,17,24,85,62,17,75,75,17,99,85,48,16,78,29,18,78,44,86,48,4,52,31,99,80,36,41,16,34,84,50,23,48,10,17,82,6,13,6,32,96,41,83,91,21,8,32,26,22,67,80,79,97,3,74,17,95,99,46,39,1,15,33,88,4,31,93,84,62,40,66,62,56,69,77,84,63,22,18,48,17,62
90,7,65,89,50,33,61,5,39,5,39,94,99,1,37,36,56,44,46,31,68,57,9,54,30,84,84,30,45,77,69,81,34,15,91,68,49,92,14,72,14,13,42,58,30,42,23,82,15,36,36,11,25,58,68,99,98,22,81,38,54,56,50,96,50,11,92,67,73,93,59,65,76,51,39,29,66,50,36,14,95,46,44,91,58,38,10,62,71,77,58,53,49,37,88,4,21,4,59,6
6,79,55,15,28,21,60,62,1,20,6,89,23,53,57,66,40,27,80,12,80,38,99,3,25,57,37,33,51,23,83,64,50,74,79,97,91,81,65,46,40,10,25,47,12,84,95,24,29,1,42,25,48,55,73,28,50,0,72,88,43,54,21,84,8,54,29,65,28,5,84,82,20,66,82,81,20,44,96,75,45,86,30,46,97,73,44,43,69,90,66,36,27,5,99,1,13,100,40,70
94,91,31,98,13,20,48,39,60,22,37,17,71,68,96,72,3,51,36,67,43,52,5,18,47,88,77,85,5,44,90,88,4,27,43,72,21,100,3,93,65,82,40,47,86,60,53,24,24,0,24,43,67,58,95,73,57,34,17,56,26,45,99,100,40,89,50,1,25,83,26,47,81,44,32,87,47,67,38,61,3,70,44,22,94,87,45,55,49,47,17,84,69,19,17,62,52,42,99,55
3,99,91,53,98,51,66,28,73,41,23,74,56,84,31,7,10,30,100,64,8,61,77,57,21,22,28,40,34,29,74,12,50,6,10,100,7,27,53,68,13,91,12,78,53,72,78,58,9,89,79,13,62,88,56,3,24,57,52,29,95,32,30,64,14,38,10,97,52,1,86,35,83,37,75,80,23,54,80,26,15,67,43,35,63,45,54,85,41,7,9,50,1,54,2,23,58,34,72,65
58,52,10,81,98,42,61,69,0,14,72,91,49,17,32,73,93,42,47,65,68,38,58,83,77,69,66,68,44,62,33,32,15,84,17,29,79,70,52,61,38,7,74,63,83,65,63,66,70,13,1,97,32,9,87,63,14,40,16,75,27,15,35,63,47,54,28,73,34,37,94,44,81,86,61,6,0,24,85,46,44,76,72,47,7,54,55,0,56,93,100,84,84,26,45,72,75,73,44,11
91,57,43,94,29,28,72,29,75,22,78,56,26,10,79,15,12,66,67,66,34,29,4,24,68,62,75,24,32,1,72,46,50,14,59,4,66,27,66,3,97,100,59,97,91,7,54,89,7,44,76,22,22,26,89,45,2,47,57,60,79,68,79,22,56,61,11,91,91,93,79,82,59,91,1,86,51,53,11,68,64,51,37,28,82,95,43,98,50,2,6,56,99,44,77,65,28,66,95,55
44,39,0,89,30,76,28,29,40,59,26,31,30,33,90,33,78,95,50,78,51,17,80,30,70,33,7,61,61,69,26,69,44,93,93,55,10,35,97,11,92,43,28,19,72,1,17,32,61,50,81,44,87,42,11,58,71,81,97,41,3,83,50,45,12,0,7,74,23,26,48,19,2,66,54,89,64,2,91,69,44,48,85,88,99,51,68,63,51,94,0,6,75,68,11,89,51,51,85,19
81,54,82,49,82,22,68,29,72,47,37,78,49,45,6,54,10,83,84,40,43,23,13,77,8,25,46,61,15,67,44,19,93,69,55,37,11,35,20,66,84,46,19,65,75,28,9,45,97,97,70,95,64,31,27,49,37,58,91,65,47,1,100,88,50,51,0,35,97,62,22,96,41,33,19,95,93,55,99,58,46,80,31,13,85,80,48,53,33,81,39,60,65,68,42,64,32,39,63,79
16,26,47,46,85,91,39,71,75,18,48,37,83,56,18,46,34,12,27,41,78,73,98,65,1,91,93,95,65,57,89,93,1,21,0,47,18,27,24,74,67,60,90,92,7,18,40,38,56,86,44,97,49,94,3,90,80,52,11,34,88,68,38,27,11,83,9,93,92,70,90,37,21,98,82,17,54,80,93,76,87,45,41,1,45,67,45,91,11,28,28,28,21,45,95,25,38,13,12,52
95,38,42,64,78,95,93,63,43,22,15,30,30,15,21,42,79,75,43,69,49,56,86,65,74,31,56,82,76,87,52,72,90,93,36,35,6,29,5,88,32,56,26,73,13,56,19,18,85,28,91,63,28,55,27,29,83,55,85,85,48,22,10,37,71,26,66,33,92,22,3,66,61,84,40,56,80,73,91,76,2,96,76,84,87,96,86,94,27,31,31,14,66,69,58,85,51,34,39,32
30,87,18,8,58,32,7,30,74,53,91,85,19,97,21,29,1,90,67,10,96,18,12,90,95,13,36,23,75,67,73,19,1,44,96,34,55,69,99,0,52,53,63,72,96,71,25,75,69,29,61,30,11,21,81,8,79,41,79,0,96,80,34,43,94,100,64,16,4,54,59,88,2,88,76,87,51,19,72,45,2,13,20,2,43,18,75,17,11,13,23,91,31,3,22,81,17,45,73,41
10,7,25,12,25,97,13,7,41,70,47,80,95,97,31,12,33,76,99,71,3,2,73,72,93,14,49,36,66,80,96,61,5,67,63,72,96,88,28,33,80,44,49,8,48,7,80,29,89,86,34,68,16,12,13,46,3,14,92,61,26,99,38,14,26,50,29,4,46,54,69,53,36,24,86,56,70,84,17,26,60,5,37,91,97,68,8,82,23,85,15,73,57,67,85,37,2,5,66,81
6,99,75,53,75,65,78,39,4,69,5,94,74,93,70,28,30,74,93,24,53,98,88,63,40,91,12,55,87,27,20,45,34,57,92,67,72,52,79,16,18,47,50,54,41,39,53,93,31,79,38,82,48,24,90,71,46,50,3,36,25,31,34,97,90,57,26,76,35,93,36,35,77,28,36,35,81,100,29,34,67,19,5,6,6,73,8,9,35,99,14,23,13,99,99,66,14,78,94,20
90,47,84,73,43,32,86,0,78,90,80,68,69,1,34,28,65,80,94,0,74,94,59,6,86,17,71,15,10,93,72,13,98,76,10,32,51,66,33,9,54,2,77,19,56,94,9,55,16,66,61,82,22,93,57,8,57,60,28,78,64,49,72,26,19,97,38,42,46,18,83,51,70,55,67,4,0,62,62,33,44,33,61,62,72,98,20,45,42,93,34,54,35,100,36,48,74,57,70,99