50,99,6,27,63,20,91,84,72,11,95,97,37,71,71,83,71,59,10,60,26,31,94,16,71,56,29,38,96,89,99,55,48,27,10,60,94,13,20,77,73,53,29,87,74,86,74,57,8,34,48,14,78,97,21,24,79,72,73,87,52,66,81,91,16,67,69,72,47,57,95,30,45,71,53,65,37,35,54,36,94,25,46,24,30,23,58,74,40,66,78,63,76,82,50,82,27,94,45,1
45,92,71,12,92,93,16,64,52,83,74,47,56,66,62,59,55,92,55,99,86,68,28,49,100,100,74,91,89,47,83,40,88,3,5,29,69,5,67,60,29,87,23,38,43,93,56,30,43,62,28,60,78,66,49,77,45,61,60,8,44,1,71,19,52,59,19,72,6,0,15,74,61,45,31,80,34,19,42,69,14,49,83,66,5,10,70,37,91,40,52,22,38,33,93,80,70,85,98,41
36,49,19,88,85,2,23,28,92,73,44,54,31,59,4,69,45,8,68,6,82,17,81,31,67,28,38,50,71,81,60,66,92,12,17,30,19,17,0,19,80,53,52,61,27,4,88,56,21,88,97,22,95,44,28,77,55,57,57,35,83,75,65,89,49,23,18,26,64,69,41,60,80,50,9,82,40,23,22,84,12,69,64,56,20,68,67,64,9,21,76,79,43,8,12,28,18,43,15,40
23,21,34,74,93,46,33,6,75,52,16,16,31,28,89,70,97,21,10,38,76,60,32,54,75,45,15,10,57,66,94,9,97,65,17,70,100,53,25,45,45,47,78,2,72,67,3,33,30,73,90,49,0,47,86,29,70,91,53,9,0,3,73,57,66,38,4,20,15,5,0,26,47,83,80,39,91,33,70,23,80,80,9,30,46,62,30,76,77,35,78,76,83,0,87,63,8,42,16,72
16,43,95,62,44,9,74,83,25,94,60,33,59,79,93,34,28,75,71,76,4,50,70,22,29,30,35,38,21,92,68,22,51,50,86,32,66,19,41,2,66,44,38,73,37,74,22,84,91,52,86,68,39,27,30,11,82,67,33,48,12,30,32,73,63,42,81,80,94,94,88,74,58,77,22,69,11,40,71,38,17,44,78,52,48,70,8,41,14,86,79,45,52,79,74,37,87,4,6,52
69,56,100,25,12,59,44,6,40,32,89,24,40,5,11,46,79,92,69,34,18,66,14,39,67,27,59,80,79,67,25,26,49,68,58,7,1,43,17,79,88,27,9,60,96,44,12,26,28,58,90,40,60,68,32,1,46,29,58,92,91,24,95,44,44,46,18,78,31,73,21,82,4,83,28,78,40,75,20,61,89,37,95,19,41,2,56,79,86,0,82,63,99,24,26,86,74,87,60,13
37,92,81,38,5,91,64,83,37,63,32,32,82,16,28,3,81,51,82,71,92,26,8,72,91,100,12,52,69,94,21,76,40,64,84,22,4,66,44,10,70,61,78,33,94,73,23,66,87,4,30,81,71,9,96,76,49,11,11,86,64,82,83,56,8,45,72,56,25,99,80,22,62,24,74,15,58,30,62,77,78,21,13,88,70,65,61,25,33,81,63,87,49,33,10,42,13,82,42,94
9,36,68,63,73,77,94,21,11,17,38,91,83,85,33,60,100,52,29,26,98,15,90,55,8,69,14,62,91,12,20,29,43,16,62,2,43,35,87,42,85,63,41,86,38,5,69,79,37,31,8,41,34,60,29,100,39,2,97,100,42,56,27,6,94,31,35,34,93,21,73,31,65,9,43,64,7,11,6,94,37,60,19,82,95,91,1,29,11,76,17,2,86,27,33,55,10,82,84,8
26,43,6,4,47,54,53,72,51,6,28,71,35,99,2,53,41,99,13,98,93,19,70,1,29,49,37,69,42,81,58,31,72,53,50,66,42,36,11,18,86,77,41,29,82,51,45,30,50,91,20,20,75,44,89,79,48,78,61,22,67,81,39,60,3,17,24,70,65,45,65,20,89,67,51,9,94,9,32,23,1,54,78,57,28,23,32,9,16,51,69,6,13,7,35,7,2,79,5,50
42,43,48,42,34,59,32,18,35,76,90,74,28,34,37,70,65,19,35,40,60,57,54,39,92,47,96,96,72,58,30,40,35,20,2,79,12,54,40,67,37,21,40,44,98,39,21,62,58,89,18,99,85,32,54,66,13,44,65,12,30,0,42,56,11,46,5,31,15,7,10,28,50,40,22,0,90,73,58,88,39,81,91,93,22,93,22,39,17,94,53,0,19,97,73,58,90,35,77,97
50,72,49,39,43,47,63,39,33,26,92,30,47,35,4,27,96,94,56,38,20,39,98,67,90,50,30,97,10,83,20,16,28,62,9,66,63,32,6,66,50,46,88,56,62,72,37,87,56,96,77,100,85,35,16,100,61,66,52,6,73,9,16,73,61,24,100,21,19,96,10,4,5,37,65,79,46,88,47,3,52,65,98,12,61,48,33,21,89,44,18,96,93,43,33,37,61,11,78,88
27,26,97,50,37,67,33,31,9,27,27,61,58,17,16,36,4,98,80,71,95,57,18,13,45,72,42,37,22,77,28,100,95,82,63,59,76,100,61,57,22,100,4,14,25,50,94,1,23,43,3,77,50,47,17,8,54,93,21,13,85,76,60,1,66,87,51,0,12,37,80,25,94,95,79,90,49,4,98,6,11,14,98,53,6,73,11,22,34,31,30,34,77,32,97,8,11,91,61,38
45,18,27,99,52,88,2,20,47,4,63,11,86,49,43,33,76,57,46,0,30,48,59,51,35,25,53,77,73,84,12,21,3,57,37,49,84,5,58,54,98,61,10,51,83,42,49,27,96,40,2,97,0,68,61,84,24,55,36,39,55,16,89,35,97,38,46,83,76,63,52,100,0,60,78,3,32,30,13,18,70,27,84,61,75,70,62,96,61,95,13,20,17,15,63,2,96,9,76,97
54,23,70,64,94,91,1,65,83,8,52,83,22,13,25,98,68,79,87,9,91,15,32,42,7,92,59,32,84,66,67,51,9,86,50,79,68,13,51,54,50,32,56,22,52,79,16,74,29,51,59,47,89,20,46,35,27,64,76,72,58,20,5,19,67,97,55,68,31,26,85,54,37,83,15,17,88,51,72,17,78,41,66,94,18,16,87,20,85,80,75,64,6,21,57,78,89,87,75,60
26,74,92,63,94,21,1,40,80,9,91,51,35,97,79,2,3,50,82,83,38,6,74,65,76,57,57,99,73,69,61,34,19,41,13,29,69,18,24,9,77,15,96,72,49,42,87,29,3,83,64,39,84,16,17,67,75,6,39,71,4,17,90,91,16,2,66,22,6,70,16,30,75,22,92,58,91,19,71,62,77,95,11,12,10,52,31,44,70,29,42,98,38,93,37,65,83,46,22,7
16,49,60,74,62,90,8,6,2,9,36,64,96,25,73,79,68,51,18,82,43,50,0,55,87,68,73,48,72,41,44,33,61,74,65,19,100,65,10,6,82,20,100,49,62,75,35,76,5,69,83,83,6,49,62,86,55,26,31,27,5,79,12,50,9,6,17,58,45,56,10,67,32,100,39,60,67,66,69,96,2,6,6,17,75,78,41,74,16,41,61,82,60,82,93,57,14,19,66,98
89,64,28,96,9,16,81,16,7,70,8,41,20,46,6,54,61,51,94,66,68,53,6,31,77,29,4,58,45,53,80,49,2,2,92,11,78,25,87,92,13,31,88,7,86,90,24,85,69,16,69,23,39,47,14,64,81,43,2,37,22,59,47,10,69,28,51,79,13,85,40,99,76,13,20,33,2,91,84,65,9,71,55,27,22,99,58,21,35,51,48,99,95,0,65,48,100,57,99,38
72,88,100,65,23,96,30,61,99,46,55,78,91,12,89,60,100,68,29,25,33,64,28,86,41,17,99,86,76,87,74,42,69,24,93,10,96,74,9,29,9,44,28,48,26,30,44,85,78,31,45,58,62,100,83,3,52,95,53,22,18,53,100,71,13,42,7,99,46,41,71,18,72,10,47,11,5,82,13,78,41,7,20,45,59,28,4,80,95,98,86,75,28,53,67,99,76,78,56,82
64,7,53,12,17,37,9,79,62,40,20,78,0,30,3,89,63,36,19,66,2,59,32,75,12,29,6,19,53,40,5,4,34,10,52,14,83,98,98,53,12,16,60,96,100,52,98,78,47,33,70,68,75,72,52,73,44,15,18,4,94,24,65,93,67,42,74,35,0,33,84,2,68,33,25,66,2,79,91,40,78,84,43,35,58,54,56,76,47,11,43,27,55,90,27,7,58,31,30,41
27,50,64,13,33,92,25,44,62,51,5,14,85,47,100,13,41,67,19,41,54,70,10,82,0,72,97,50,79,17,9,64,76,54,8,52,59,66,32,30,27,81,99,41,24,6,85,50,39,61,83,67,40,94,14,57,91,78,72,73,40,20,23,48,90,9,52,5,78,40,89,54,66,70,6,73,0,23,26,88,54,9,86,53,67,32,9,100,61,48,85,43,94,4,87,26,58,16,33,91
39,62,57,22,82,13,15,70,0,76,57,88,30,11,35,13,58,92,43,92,100,49,28,40,7,88,46,67,58,92,58,77,72,55,10,3,23,21,65,97,74,65,16,98,18,82,72,74,6,37,71,79,20,77,28,37,11,16,81,100,6,71,11,60,70,4,58,28,83,100,4,67,97,13,70,38,21,50,2,69,83,59,1,84,46,35,73,76,64,0,35,83,11,76,48,41,46,35,28,83
35,78,23,50,4,34,3,36,14,13,56,28,79,97,38,16,10,98,68,24,17,83,45,52,56,100,44,98,37,73,7,45,62,56,43,43,36,37,45,91,90,74,56,87,29,1,4,0,22,12,10,76,18,85,31,40,71,24,63,53,13,84,65,72,45,36,85,8,47,87,19,60,34,51,7,78,5,40,58,96,37,71,36,34,100,90,2,6,43,40,56,81,5,100,69,40,22,70,79,65
45,7,24,94,47,67,92,31,28,4,83,44,29,57,16,56,49,31,47,79,26,40,1,55,74,25,33,93,46,46,17,62,82,31,35,15,42,4,29,12,33,1,12,76,57,35,94,3,50,9,17,57,0,66,6,43,85,27,77,89,9,18,7,87,54,28,39,66,40,39,73,28,57,41,51,41,58,19,42,94,82,58,7,21,55,13,49,57,26,31,57,99,18,97,3,34,40,80,41,12
90,58,11,63,28,98,26,8,71,66,71,38,29,78,17,50,75,80,58,96,76,52,74,90,3,79,13,55,65,53,90,3,90,10,77,87,16,81,95,13,15,57,63,62,68,58,37,13,1,67,94,22,87,28,25,51,12,16,85,22,98,24,31,86,2,57,13,75,81,58,54,92,14,27,57,84,78,63,47,74,77,13,48,36,60,24,24,51,46,8,35,75,76,5,73,47,2,58,49,35
33,87,26,54,0,1,92,8,73,18,2,15,85,50,62,2,22,59,16,71,10,91,14,95,7,9,65,3,57,8,16,74,22,37,55,64,8,64,94,64,53,60,52,12,30,9,26,61,82,43,80,83,29,16,64,77,55,49,37,4,47,54,43,15,7,16,23,26,70,18,83,0,100,54,77,53,45,15,20,87,35,67,92,38,20,2,27,37,21,67,93,86,44,10,34,35,34,45,72,75
48,0,33,54,20,88,30,62,53,49,37,0,42,63,68,79,95,24,2,5,28,58,84,43,3,91,93,3,6,71,83,13,4,63,44,14,50,36,42,22,76,65,76,87,93,64,81,18,66,71,26,18,33,3,23,78,58,80,38,32,69,90,59,30,62,28,24,32,19,28,97,5,19,34,33,52,85,85,41,84,80,90,28,79,0,47,15,46,63,29,94,15,33,51,79,69,90,49,66,72
39,74,19,24,99,3,56,50,97,10,23,70,56,25,58,73,15,12,22,30,93,39,19,30,68,74,64,8,18,69,34,73,6,54,7,50,81,58,66,5,91,68,28,68,45,4,83,85,6,20,13,66,27,95,99,12,47,26,44,1,96,18,90,6,65,56,7,93,9,81,86,10,22,20,95,91,61,12,22,98,79,60,88,65,43,8,67,17,80,74,9,96,76,17,1,70,41,6,58,92
82,55,68,53,28,5,22,65,55,73,74,89,74,25,20,28,72,96,26,46,33,18,74,30,37,86,62,61,34,6,32,11,24,70,39,23,98,21,73,61,41,98,98,53,43,57,89,58,6,70,92,13,43,96,17,92,87,46,59,28,18,53,55,53,63,41,92,62,48,7,44,1,50,77,24,62,16,92,89,49,89,53,96,48,51,57,63,3,84,31,20,0,86,7,14,55,96,27,60,73
74,6,1,21,63,74,50,38,65,62,75,65,11,10,67,51,99,74,4,62,52,77,17,18,84,26,56,34,71,7,26,97,91,13,69,42,29,75,87,83,29,5,75,5,75,6,10,93,15,68,19,96,2,27,20,8,83,81,61,43,30,91,19,13,3,24,86,18,50,81,29,84,70,34,2,73,31,10,24,94,59,31,67,13,79,8,77,6,7,77,81,11,65,69,75,37,52,28,89,83
65,64,44,39,72,82,2,6,8,43,64,8,10,14,88,48,84,33,42,20,18,0,86,77,59,25,11,86,98,100,63,11,24,36,92,1,8,36,98,89,47,84,25,78,64,10,78,73,42,20,99,21,84,27,71,88,71,28,92,35,25,86,3,9,42,60,91,89,33,8,64,75,44,31,64,9,23,36,27,92,51,19,13,69,6,0,98,6,32,81,45,35,61,13,86,28,67,2,75,51
30,15,69,99,71,76,46,90,63,74,76,86,87,88,13,77,3,66,36,72,67,99,5,28,98,61,87,55,58,55,60,92,34,35,73,63,10,42,85,64,77,46,27,76,88,56,15,66,31,88,31,81,53,72,24,86,71,69,65,99,44,10,82,32,39,90,69,82,86,95,1,100,46,56,42,34,100,45,45,56,88,87,1,10,33,88,19,59,59,75,47,22,58,99,98,91,48,49,87,5
82,70,72,27,75,95,88,90,87,43,14,10,71,17,17,84,92,40,75,8,36,31,87,49,62,19,80,76,86,38,70,49,7,63,65,7,50,79,94,67,71,47,62,0,59,56,46,90,71,22,4,57,69,2,2,76,17,21,19,8,57,36,77,0,31,97,79,9,97,78,93,13,95,76,63,12,70,6,61,19,79,84,47,24,87,0,23,80,99,100,12,59,62,64,59,27,65,76,54,23
80,24,17,25,98,48,68,10,36,64,38,53,87,82,63,18,20,74,50,0,75,41,0,61,86,63,76,15,65,21,48,81,52,66,8,5,9,34,52,22,37,59,97,94,38,27,96,97,75,63,80,62,12,86,7,33,92,15,33,96,24,2,99,27,41,75,28,32,13,68,84,21,12,95,10,81,1,21,5,94,69,53,53,4,76,67,51,62,41,23,37,2,20,1,74,23,41,44,46,40
13,71,81,43,35,53,20,39,40,26,80,52,65,100,4,69,55,11,29,46,48,30,64,64,73,40,0,90,68,97,60,47,59,94,48,8,32,58,68,9,91,23,19,49,62,38,81,47,72,94,96,70,6,95,40,5,30,24,3,59,63,15,14,42,56,41,68,74,66,98,36,52,74,42,53,68,74,48,19,90,32,12,43,97,10,33,62,90,21,3,16,92,69,30,94,10,83,14,24,53
59,84,10,77,35,19,37,51,62,13,92,87,1,82,23,15,44,61,30,43,46,64,7,33,96,2,88,60,33,43,86,45,70,19,11,15,25,45,9,22,41,29,4,19,89,67,87,100,8,70,13,84,38,62,89,80,14,88,33,16,33,71,46,30,53,20,100,3,58,98,68,46,54,67,4,54,77,34,24,99,48,77,15,21,7,53,42,28,9,62,60,26,48,35,69,16,22,53,69,91
41,7,43,72,90,96,94,9,39,84,35,25,83,62,6,61,43,85,82,40,73,73,79,66,99,95,99,52,39,60,90,10,86,91,26,5,51,29,67,50,33,67,40,53,35,30,61,91,55,24,23,71,58,23,71,60,74,46,81,1,94,31,82,56,90,23,88,80,23,20,60,18,22,29,78,23,0,2,98,25,5,63,72,56,35,36,60,90,0,36,21,85,49,44,43,22,8,51,12,72
28,5,42,94,35,23,37,21,15,23,20,58,25,97,29,59,54,74,38,8,73,12,96,28,24,93,83,87,90,37,38,21,35,26,20,28,35,57,12,54,80,10,48,88,91,74,55,18,66,6,82,97,6,43,21,94,39,100,65,9,22,70,93,66,69,33,70,44,28,85,89,91,64,43,59,79,100,25,13,44,32,16,21,64,44,59,98,20,47,5,89,76,65,25,98,96,96,27,52,16
47,30,84,99,80,49,17,81,79,53,95,73,79,56,63,47,11,94,60,44,65,78,74,95,39,26,59,43,82,13,63,6,65,99,68,17,2,28,2,28,35,69,53,79,13,24,32,3,64,5,84,0,51,17,46,79,96,31,14,83,8,36,27,81,93,23,73,76,51,17,6,8,61,62,77,82,33,21,65,54,52,96,60,98,54,37,27,61,57,72,41,90,53,38,12,24,87,10,77,9
38,4,14,23,26,79,67,97,33,28,63,66,22,39,6,5,55,18,22,84,69,94,20,78,61,49,33,81,67,49,80,79,1,74,22,16,97,39,44,97,44,32,3,19,82,100,71,18,70,38,19,12,80,44,49,96,67,98,49,87,72,16,5,64,97,7,2,79,55,4,47,6,7,96,48,7,35,83,3,84,79,81,32,95,83,6,0,20,42,36,56,99,29,66,25,78,28,99,5,12
78,37,17,27,85,47,95,80,41,25,53,3,4,94,12,94,77,32,20,37,35,33,69,14,65,83,4,88,27,33,84,78,59,67,74,65,38,32,97,28,6,24,10,13,47,43,34,65,73,22,57,90,30,76,81,55,67,92,19,13,98,3,40,91,14,83,8,59,2,87,49,86,78,42,71,68,81,65,66,57,100,77,63,35,77,19,88,18,23,77,66,91,89,22,10,94,60,27,65,56
9,8,25,49,51,16,30,42,9,20,69,12,84,57,25,26,22,6,81,59,44,90,93,93,31,47,5,16,36,86,6,70,2,18,94,74,71,50,11,45,25,81,25,19,64,91,30,53,29,79,73,17,2,3,55,63,24,36,63,53,2,22,95,15,84,89,1,66,72,78,12,32,45,43,77,52,58,10,22,79,4,10,78,64,41,55,80,45,39,97,37,3,67,0,25,10,27,81,46,90
46,62,38,90,39,63,90,10,29,21,84,61,92,27,46,100,41,22,39,19,48,20,22,32,38,67,9,55,18,50,71,54,79,53,40,44,0,19,82,35,20,27,17,65,40,43,38,26,13,47,94,25,92,67,28,40,76,12,12,69,73,62,41,11,6,60,90,57,17,72,82,3,74,15,25,55,16,98,10,46,46,63,16,38,21,26,26,95,79,23,51,68,80,68,43,39,85,96,92,13
89,87,62,97,36,2,96,92,36,23,99,34,19,63,98,8,70,28,17,21,53,51,38,17,96,29,55,84,96,83,84,5,59,4,52,93,19,67,52,13,61,33,8,61,94,63,12,41,53,27,3,29,58,81,86,38,70,88,96,78,21,30,100,53,12,23,68,48,95,86,59,70,19,5,2,51,31,34,81,20,94,69,7,72,0,5,69,40,30,9,10,86,71,41,39,7,39,15,33,25
88,12,51,1,98,99,12,20,60,24,37,45,59,73,72,90,42,48,36,76,98,87,2,54,7,45,3,56,5,94,13,5,39,34,26,99,96,91,48,39,9,36,100,19,51,65,24,96,77,8,54,74,38,70,11,57,88,34,28,78,16,32,95,81,23,9,88,77,6,12,74,58,73,67,42,35,97,72,38,44,29,50,58,26,69,34,8,48,28,38,54,32,96,21,44,9,100,9,40,76
86,92,56,68,25,11,36,95,67,17,63,23,79,29,58,75,88,49,98,3,99,92,74,87,84,15,53,24,63,54,26,67,19,8,22,41,36,62,35,56,68,95,38,24,37,40,21,5,34,57,88,4,65,48,85,37,20,63,1,30,37,45,78,18,13,93,7,4,95,5,35,38,100,70,97,83,89,49,72,31,11,3,11,89,83,30,4,63,57,31,98,19,51,38,34,40,53,71,80,82
81,4,89,100,25,49,35,98,0,1,62,78,72,37,22,32,35,68,57,12,22,83,34,91,93,62,17,31,93,58,18,75,52,3,10,28,97,56,57,72,17,99,99,100,75,36,36,13,56,27,62,35,7,45,6,36,15,0,60,14,77,64,63,92,47,82,36,95,81,45,69,98,22,16,92,61,3,36,87,38,40,43,91,17,91,83,18,67,35,47,97,37,15,53,35,28,93,75,81,27
11,52,68,77,60,58,32,50,0,3,4,79,77,86,16,37,11,1,82,39,68,89,57,74,38,82,33,15,24,85,17,56,30,87,40,36,92,31,22,50,80,17,82,98,25,34,5,15,90,61,52,0,28,58,65,13,24,47,3,30,66,60,72,67,90,74,63,31,57,0,99,20,96,29,15,47,15,38,65,41,93,88,98,50,64,17,49,80,30,35,36,65,5,90,92,66,83,79,59,62
83,70,41,16,41,99,55,65,86,27,27,75,54,18,98,27,0,12,4,42,100,88,57,9,27,11,96,72,49,14,96,96,48,36,91,97,61,5,84,50,3,16,96,2,94,85,53,89,25,74,8,36,85,93,32,80,91,96,12,46,96,86,50,84,53,55,50,88,81,10,50,58,63,10,10,75,5,65,64,72,32,40,55,88,72,16,72,82,43,2,3,27,15,9,9,33,97,15,41,16
21,82,96,66,63,21,67,36,32,10,75,34,8,10,96,58,16,54,45,17,100,36,91,5,95,90,72,38,32,49,89,73,36,46,59,84,32,5,28,18,99,8,49,33,66,49,44,49,43,81,47,12,50,62,21,65,76,29,40,52,1,12,12,85,86,34,47,54,5,0,22,56,5,67,76,83,52,92,5,91,75,14,28,25,85,44,64,1,20,90,54,73,93,55,2,90,81,94,21,14
5,62,9,27,68,73,4,51,4,69,94,10,18,17,4,95,4,25,38,40,60,88,85,39,96,66,30,34,42,8,15,58,24,31,79,54,11,18,56,81,2,3,12,83,17,80,77,76,98,68,36,35,26,45,53,33,69,9,65,44,88,98,79,86,57,36,54,66,33,18,86,53,52,95,67,93,47,29,81,89,4,25,84,50,11,57,10,13,94,10,63,53,53,5,37,77,37,32,46,62
78,84,27,92,12,83,96,12,27,45,89,21,87,38,10,82,11,14,26,26,21,24,15,92,92,81,60,59,54,96,38,82,22,67,36,83,2,80,76,32,91,18,65,81,96,88,5,6,83,71,43,31,73,89,94,15,47,18,89,35,65,30,11,52,47,78,0,99,44,65,67,34,60,58,96,30,20,91,50,79,74,66,86,21,68,8,40,13,51,19,8,30,20,19,22,28,45,23,21,91
48,8,9,79,27,61,32,14,32,91,91,96,4,33,74,8,58,43,10,93,25,47,8,65,60,84,11,45,91,60,95,9,4,81,79,43,44,84,68,80,1,42,43,27,89,75,30,84,38,99,77,97,80,7,81,58,66,94,42,87,70,63,1,32,54,59,96,92,9,2,23,99,23,70,59,25,2,72,68,96,10,38,7,57,5,94,38,28,3,9,12,74,30,42,59,65,43,36,76,34
90,37,82,39,90,5,16,16,16,49,50,47,28,25,20,84,74,44,90,85,7,80,54,36,17,5,58,85,79,44,91,15,48,86,69,81,53,22,78,89,71,25,14,2,43,71,99,76,97,14,29,56,43,44,33,82,15,14,84,97,62,96,89,74,45,56,63,27,36,28,89,50,63,67,9,76,83,29,81,8,82,92,94,32,67,14,67,91,48,33,11,61,33,32,68,99,69,36,77,46
57,18,94,76,14,47,96,91,39,53,100,83,48,29,27,17,54,88,24,39,29,59,97,43,22,30,93,81,0,70,35,55,78,44,96,10,44,67,24,44,72,11,37,28,70,10,74,6,69,6,31,23,34,98,13,93,34,32,30,60,20,60,24,95,100,24,27,69,92,88,27,99,45,83,93,64,14,29,83,46,31,62,56,59,40,78,45,67,54,12,81,98,58,41,80,55,62,94,39,4
59,73,92,71,63,36,65,61,51,40,43,65,48,90,19,59,30,7,10,94,58,31,70,42,36,54,25,56,52,58,38,12,92,25,21,20,85,83,98,4,35,95,3,17,39,48,47,85,17,64,53,12,9,90,7,44,23,6,88,39,92,80,31,52,53,6,86,79,9,44,71,20,85,1,6,94,98,85,69,44,69,39,35,87,36,45,90,34,54,39,22,21,47,0,92,73,41,1,33,85
100,13,49,70,73,57,49,4,98,16,18,54,72,82,96,63,93,74,90,30,36,70,22,81,24,6,66,23,3,36,88,65,70,0,12,68,5,94,94,45,91,17,66,36,45,31,12,52,16,13,85,73,86,98,49,46,66,82,86,3,69,31,31,46,75,83,52,79,30,48,25,61,99,4,98,93,74,9,44,9,1,89,32,94,83,6,35,47,15,76,18,1,8,47,11,46,82,76,6,96
24,76,17,39,5,60,77,86,98,10,20,88,64,74,65,79,34,53,56,30,38,78,47,23,11,5,63,43,71,95,65,28,11,71,63,49,58,28,39,23,95,9,70,36,74,10,79,28,74,28,71,40,56,84,86,82,85,36,0,22,25,19,87,51,70,58,81,34,59,64,27,53,77,67,37,95,100,84,6,30,67,61,87,99,93,85,71,71,17,40,99,6,72,2,66,61,2,48,1,8
59,37,99,72,36,2,98,84,84,25,90,66,43,36,84,90,68,83,8,96,13,60,29,36,46,35,53,50,24,6,40,37,21,77,7,87,47,96,93,67,62,87,60,69,45,63,42,87,66,65,33,95,46,71,60,95,82,4,68,97,86,96,46,54,100,91,66,77,20,68,85,100,70,28,67,58,75,94,49,12,76,84,68,1,95,77,34,82,20,85,46,18,92,23,100,40,65,74,75,61
7,62,51,23,27,29,83,45,59,74,70,65,81,88,99,14,23,16,80,69,40,11,50,5,42,56,9,4,35,33,67,77,59,53,2,26,91,55,97,57,81,78,32,47,62,2,84,97,7,54,44,34,44,80,49,5,14,17,46,96,83,6,94,44,45,61,83,59,87,18,96,77,94,28,11,24,13,56,46,9,12,41,38,5,47,99,2,60,53,91,87,46,65,15,27,62,64,67,47,40
64,99,92,35,3,53,56,22,97,77,39,5,97,56,84,91,44,74,14,60,42,54,21,82,86,16,95,82,10,81,61,30,40,99,11,68,37,82,42,1,100,77,32,83,89,80,69,93,80,29,1,17,67,76,6,24,81,19,50,44,15,77,43,51,33,17,54,65,85,22,20,66,17,12,9,100,47,41,11,40,25,75,89,67,42,94,68,16,68,84,62,38,71,30,31,42,79,76,0,23
36,50,11,30,88,87,44,34,67,80,82,2,4,65,83,86,38,49,32,98,28,6,27,21,21,67,65,54,67,26,54,61,66,70,59,27,51,19,49,84,54,29,61,16,24,28,66,5,59,25,31,21,82,23,49,24,93,32,41,47,84,98,32,61,32,47,66,43,95,43,18,90,98,52,91,32,75,51,71,3,67,25,90,5,40,15,38,18,98,38,82,79,55,64,95,66,90,48,76,47
42,14,62,0,91,13,67,64,40,82,1,33,64,91,98,50,99,80,97,81,82,71,32,2,63,83,100,51,27,18,82,89,6,69,52,61,95,99,11,56,95,39,2,96,38,34,40,18,57,7,24,64,94,77,32,57,4,29,43,49,83,87,71,90,74,92,3,61,44,21,1,58,16,37,58,14,100,89,66,34,39,1,53,78,54,8,28,46,24,23,49,17,54,60,67,77,19,36,32,61
27,75,32,39,96,65,11,52,56,100,21,36,2,75,77,71,11,21,68,96,65,58,20,29,99,74,81,23,22,51,81,6,23,2,39,17,11,4,55,51,1,88,80,98,99,15,90,54,67,44,44,41,28,89,45,43,28,84,36,66,94,32,5,89,31,8,6,17,2,66,32,90,87,53,89,73,59,76,81,95,97,81,47,5,74,61,89,100,97,92,40,20,88,76,77,65,45,31,8,43
38,69,18,92,63,76,43,4,62,94,16,77,31,28,28,39,88,82,70,95,7,57,76,93,97,16,90,38,34,88,41,50,19,73,4,37,24,40,84,21,25,2,13,73,95,24,1,75,49,84,34,54,95,38,67,72,32,46,62,23,23,86,44,22,9,51,65,33,16,61,74,92,48,47,91,18,77,51,80,46,93,75,73,82,18,68,96,59,89,100,14,49,16,5,54,78,72,21,51,14
74,67,31,19,22,27,21,75,13,3,83,68,60,80,15,57,27,78,80,33,70,44,42,37,51,60,91,65,96,65,33,19,53,79,1,67,72,38,69,71,92,85,14,28,87,34,79,93,92,2,70,11,48,64,1,13,37,47,72,20,25,7,1,67,51,27,46,63,34,21,85,9,25,64,27,99,75,23,56,81,7,84,58,96,47,41,94,18,11,44,43,81,45,16,10,81,25,24,48,46
15,25,41,86,76,1,45,9,69,34,6,62,0,21,83,35,21,63,82,91,16,56,12,63,40,25,14,42,2,72,95,71,63,45,98,58,44,63,43,60,86,54,20,95,87,12,64,29,15,78,61,43,13,99,55,29,86,20,9,82,65,39,14,79,90,91,75,64,17,68,92,77,32,34,48,42,20,7,97,46,90,75,7,79,91,25,88,49,58,82,27,100,2,20,38,79,28,77,29,50
52,93,42,28,89,13,98,88,65,64,29,17,79,27,38,99,69,12,91,96,26,58,1,12,46,20,71,31,63,63,62,62,15,40,19,55,59,61,41,44,7,34,11,52,79,61,49,4,98,11,96,85,25,56,70,34,27,10,98,58,10,9,55,91,43,78,50,24,25,11,21,11,52,53,76,7,9,61,54,17,90,16,9,14,38,63,93,60,37,32,38,63,46,80,55,65,59,96,45,37
12,38,95,5,69,50,38,0,0,22,43,17,98,92,47,77,72,22,36,93,70,68,66,63,98,52,1,37,76,52,12,32,79,19,9,45,98,45,35,53,82,91,61,89,95,82,20,10,92,2,5,66,90,12,55,82,60,46,17,5,83,71,29,54,69,72,79,62,64,26,2,11,71,81,54,23,26,100,22,70,83,72,2,92,27,93,88,56,11,7,11,9,15,16,25,68,13,56,18,87
76,65,59,3,83,93,77,52,23,92,29,41,79,21,86,34,48,49,8,33,81,60,58,72,50,63,88,2,30,98,5,26,5,90,15,40,42,36,24,55,11,26,4,62,14,33,66,70,60,53,19,13,20,65,89,27,10,16,1,77,26,0,50,8,21,13,42,43,32,24,0,2,11,1,3,1,93,55,69,94,16,29,100,99,40,58,13,46,78,98,19,49,91,86,1,73,100,69,11,57
83,41,1,60,8,37,38,73,45,75,3,84,34,5,57,33,31,11,55,57,80,17,80,61,42,60,34,64,95,27,51,54,95,29,6,20,46,43,22,39,67,37,25,46,6,33,45,59,23,69,7,70,60,42,26,31,0,94,40,70,79,11,41,11,40,99,26,1,72,5,81,29,56,79,31,26,76,50,1,56,9,88,97,76,22,22,53,11,53,61,2,24,71,76,14,7,85,4,38,89
53,41,96,93,36,13,73,78,8,26,36,93,46,50,20,9,94,19,89,93,37,19,20,61,84,100,96,51,23,33,93,68,21,6,41,12,97,56,1,47,32,22,46,91,11,31,22,20,31,10,25,72,41,81,18,34,51,54,68,73,62,85,29,64,61,31,92,79,58,61,28,99,10,92,28,70,66,17,23,28,69,93,16,49,87,65,0,35,72,67,32,99,96,65,93,22,49,9,2,74
43,10,91,83,26,71,67,97,1,72,65,83,98,79,21,2,2,4,1,38,10,33,69,44,29,16,13,74,59,21,24,34,53,72,87,68,79,51,33,43,84,57,14,69,68,35,30,81,39,38,94,66,60,35,37,27,80,98,20,38,26,32,67,29,25,16,51,11,49,67,11,68,64,70,27,87,3,0,78,5,6,73,41,1,70,19,67,91,54,17,37,99,98,38,74,12,75,96,86,3
71,19,3,68,8,22,23,91,62,20,20,82,16,55,18,56,88,85,86,67,69,71,1,49,59,33,30,60,28,95,83,69,85,68,45,4,61,73,44,29,83,5,5,46,19,71,41,77,42,87,58,8,26,17,16,90,32,79,43,61,57,42,85,7,35,17,79,78,80,39,85,33,99,23,81,16,59,81,31,15,31,64,39,100,50,90,32,90,63,22,91,32,46,6,57,85,34,41,91,85
50,54,98,49,88,88,69,85,2,8,33,66,28,80,68,21,99,21,51,90,49,56,36,34,93,57,28,47,15,99,74,48,21,97,32,16,48,20,23,93,51,1,48,10,7,28,21,5,84,37,67,53,72,100,32,76,73,74,74,69,84,96,34,45,77,1,34,45,32,62,72,89,54,72,80,71,69,88,25,17,18,15,25,91,96,5,92,18,99,26,52,24,77,37,10,93,85,39,69,14
40,62,43,33,97,4,92,59,11,52,42,83,57,5,82,49,11,57,78,13,44,92,94,17,84,53,100,93,16,18,75,42,44,61,24,52,59,7,79,33,27,58,33,25,36,91,93,72,2,68,4,63,3,22,2,34,68,24,53,34,71,81,67,37,53,49,3,4,25,76,40,37,11,15,22,88,27,69,92,47,94,22,55,42,27,41,0,70,84,100,65,3,84,74,28,11,26,88,13,86
18,86,49,34,44,79,85,72,7,46,97,61,77,24,80,33,21,92,30,64,67,10,43,59,19,90,2,48,40,56,16,52,22,47,53,35,52,14,28,63,89,60,79,98,1,50,32,16,33,12,82,95,42,37,14,23,51,88,34,39,1,33,26,35,53,33,58,78,46,14,92,74,45,43,19,23,97,18,26,84,11,55,37,1,26,69,85,61,61,94,53,43,40,2,34,2,18,70,96,21
50,49,21,19,78,95,8,5,44,59,26,30,13,45,6,93,59,1,49,41,40,2,98,6,66,78,82,24,82,77,55,8,13,11,12,89,96,16,44,66,56,31,13,19,15,26,45,73,33,58,34,0,4,22,91,94,53,36,30,22,66,61,90,39,18,63,49,28,98,1,32,62,47,79,23,49,80,99,77,71,88,80,28,30,24,90,96,24,5,93,88,54,4,20,1,15,58,94,71,26
73,50,37,51,60,26,71,18,26,29,26,70,38,62,98,48,7,45,93,78,10,89,91,77,62,63,75,51,32,53,16,86,47,83,72,3,29,8,22,24,9,12,37,27,91,55,12,42,4,54,26,24,45,67,79,14,56,20,60,59,60,81,81,45,65,96,96,18,66,69,87,83,62,64,39,34,44,68,82,85,39,33,51,39,47,47,41,34,57,75,88,63,91,98,3,75,72,42,53,43
53,21,14,22,86,53,77,91,9,99,80,80,20,86,64,39,49,72,87,18,29,76,73,31,54,57,73,78,44,82,90,49,9,9,43,35,5,67,41,21,16,77,48,83,43,12,77,12,10,67,19,19,51,26,71,96,25,75,1,38,41,100,53,100,71,64,31,37,74,58,13,82,44,19,96,45,38,18,82,85,20,31,35,57,41,87,63,21,61,1,38,2,16,82,90,99,37,23,57,32
87,72,48,92,87,25,26,83,7,26,74,91,10,56,23,31,93,64,87,71,11,74,45,87,39,28,0,6,16,6,54,79,92,2,53,52,20,21,75,31,67,21,4,42,19,78,97,24,92,88,65,7,92,69,50,92,6,15,58,92,54,52,55,20,75,84,7,21,33,17,60,89,93,89,43,44,75,61,76,18,71,41,78,94,73,9,74,20,25,72,9,68,50,58,94,30,87,39,4,68
93,72,89,14,33,57,24,43,90,77,23,0,19,96,97,15,86,58,41,53,18,22,80,96,73,69,2,33,59,23,88,44,91,91,96,32,87,9,65,51,85,43,34,78,0,25,2,68,50,97,19,44,75,75,14,71,72,15,91,92,31,16,70,34,7,7,35,48,25,20,97,10,87,92,42,32,76,30,79,96,78,84,15,30,46,89,45,69,4,28,0,5,33,60,91,56,63,38,50,7
69,12,6,52,8,9,3,14,11,34,79,46,31,75,3,9,5,29,39,29,48,90,7,33,93,87,37,86,32,17,17,20,92,98,84,31,94,38,58,40,93,80,30,44,16,83,30,63,16,25,4,50,39,48,84,82,17,41,87,88,17,31,42,62,87,3,98,70,14,25,99,33,89,73,55,19,84,55,19,52,24,56,60,69,39,56,48,76,66,12,85,70,25,38,75,11,3,26,63,46
89,81,49,27,11,32,44,75,91,72,64,26,17,30,43,68,39,25,90,66,68,76,30,68,47,8,57,46,91,57,100,47,7,29,88,15,99,30,93,78,42,75,11,14,23,12,1,83,35,100,40,7,75,59,30,60,78,65,33,42,41,43,73,36,83,3,73,39,11,89,42,56,65,77,87,45,27,65,25,55,75,13,58,54,76,22,52,52,25,87,23,87,22,61,57,27,75,12,1,3
95,75,58,70,83,45,83,34,12,17,15,45,75,97,39,26,9,40,95,53,13,74,32,52,86,0,99,95,75,52,88,72,83,98,66,5,44,1,43,57,2,50,16,89,77,12,8,70,5,62,18,26,46,44,14,55,93,2,67,54,25,85,64,70,92,40,35,35,43,30,41,90,48,30,51,79,24,82,73,63,78,61,17,56,30,55,50,3,25,12,67,71,74,94,74,85,30,43,71,75
63,37,62,11,64,68,13,70,67,32,47,61,27,92,30,62,30,54,15,9,97,81,40,52,36,80,33,57,79,85,45,37,76,94,26,45,95,96,91,29,24,3,39,92,80,15,89,48,60,56,72,67,40,10,26,3,33,40,100,39,97,89,19,72,94,31,78,41,68,43,66,1,97,45,56,10,63,29,95,11,23,77,20,71,36,2,91,82,54,43,85,30,72,89,13,24,29,88,92,71
19,76,25,34,59,66,52,47,100,50,58,4,40,46,13,62,39,95,17,27,27,37,69,50,4,51,92,10,77,6,21,27,92,97,53,40,84,29,70,56,64,17,26,50,54,67,69,72,90,8,54,7,95,20,97,84,48,97,58,89,24,34,35,67,31,49,3,80,84,3,86,70,76,44,76,4,67,58,53,20,64,2,68,83,38,27,65,32,10,70,48,78,40,82,2,61,91,53,36,41
82,95,56,1,51,86,48,21,35,63,3,74,14,14,81,80,26,60,88,30,45,73,65,64,99,27,39,88,74,86,74,54,35,49,72,33,72,9,39,41,72,55,73,72,62,74,37,81,10,13,43,10,91,33,97,88,5,72,60,5,57,80,69,38,95,70,53,41,56,48,64,48,89,50,1,93,67,34,98,13,60,16,26,33,52,12,93,72,70,61,26,98,23,83,12,88,14,70,69,11
47,52,20,14,20,6,98,89,57,63,56,94,98,13,85,10,57,66,69,62,17,71,50,27,49,62,25,78,58,75,90,14,39,30,35,90,16,61,18,65,37,33,81,27,75,8,41,45,44,60,72,99,19,71,46,57,76,41,9,57,92,15,97,57,33,100,4,35,88,54,4,86,68,10,92,16,59,38,69,20,3,46,10,99,98,100,32,1,39,20,27,30,95,60,26,76,52,74,33,45
45,56,71,7,7,28,46,96,93,58,20,19,88,94,95,71,70,60,99,8,75,19,58,29,86,91,22,30,13,13,3,76,89,5,86,33,15,29,91,48,75,1,50,43,25,41,86,57,60,32,22,40,18,30,35,39,46,20,99,18,52,8,35,42,43,57,32,55,58,13,5,62,98,99,62,59,10,9,45,89,69,46,19,69,74,43,96,46,30,59,21,32,59,42,1,78,94,77,53,11
7,65,65,19,55,72,38,39,32,23,11,68,79,58,55,91,55,87,12,18,69,71,99,96,95,98,84,84,76,8,57,75,93,25,94,84,68,45,42,28,73,95,32,93,33,35,25,25,81,66,47,46,89,11,50,31,8,3,3,46,78,91,87,84,4,35,95,71,76,72,38,37,47,42,74,59,62,81,3,56,42,80,69,36,37,19,23,13,16,17,76,46,72,22,35,74,30,17,69,1
35,20,87,4,28,28,9,31,93,71,89,30,42,12,87,50,52,87,58,72,99,46,32,87,37,78,0,52,55,8,15,59,76,17,9,80,22,81,53,75,77,5,51,62,11,96,37,17,25,94,81,30,6,48,51,61,78,34,66,82,96,51,66,17,19,77,39,94,17,92,89,23,77,9,50,16,11,40,80,35,25,31,43,97,11,62,28,59,53,49,95,40,41,86,24,31,49,69,37,32
32,53,5,8,67,5,37,9,74,32,97,4,94,2,89,74,23,75,16,37,40,75,11,8,43,88,71,69,88,60,98,52,87,89,40,63,55,48,0,54,69,92,94,7,2,11,25,78,33,100,82,62,34,27,10,21,32,7,95,7,87,54,76,47,88,16,13,94,87,33,85,38,69,42,41,31,31,100,84,55,97,32,6,93,18,20,37,42,40,94,25,73,94,47,33,21,94,3,16,37
6,83,90,57,20,3,83,58,1,43,64,74,70,8,34,16,46,76,42,8,22,41,81,87,89,43,69,32,56,13,39,87,93,99,80,85,47,42,36,62,22,23,95,99,87,21,84,1,54,67,97,77,60,21,9,27,87,15,73,35,79,75,71,93,93,20,95,62,28,82,3,17,82,47,19,33,40,89,42,63,50,40,54,17,3,82,50,85,23,56,72,44,53,66,25,32,90,85,40,60
85,29,85,36,32,86,12,41,74,28,85,28,77,57,56,51,29,68,11,56,33,73,1,85,4,1,71,56,20,66,38,81,25,98,97,34,6,84,16,85,67,20,31,90,47,67,21,9,85,17,9,36,56,64,35,65,98,38,24,39,87,75,45,18,45,28,54,17,52,64,47,45,24,56,52,1,5,89,85,18,99,53,0,97,77,46,38,0,88,69,1,5,94,91,31,91,22,93,76,72
68,20,52,97,89,7,37,48,40,51,57,13,52,85,66,21,48,43,98,59,87,69,24,76,74,49,53,49,64,50,29,66,86,11,62,20,20,13,62,24,9,3,25,37,3,10,8,17,28,66,5,63,19,36,20,19,35,53,85,7,77,53,71,42,9,55,6,68,96,99,84,68,63,5,78,46,92,30,37,60,56,37,33,11,28,61,5,24,44,13,69,38,64,21,53,90,24,47,75,61
18,3,31,63,94,78,21,46,96,96,21,8,89,92,8,47,31,58,93,56,93,38,25,57,52,79,65,74,76,66,43,66,45,11,10,16,99,17,65,81,24,66,43,42,86,75,60,79,70,48,20,7,73,38,77,29,55,33,57,64,71,63,46,7,23,89,18,19,61,45,93,68,89,20,51,22,76,55,67,57,55,33,88,74,78,76,95,3,91,57,75,67,14,66,22,69,67,58,36,91
78,37,67,60,40,14,8,53,74,35,57,62,58,44,58,47,57,41,66,11,92,36,70,63,36,99,67,63,72,5,59,46,20,91,66,100,86,30,99,22,22,36,61,91,8,17,29,47,17,17,61,63,4,75,72,78,49,26,21,24,47,70,3,78,79,98,26,6,89,64,77,53,87,21,100,81,50,18,27,89,22,79,13,86,7,27,47,4,12,31,21,33,8,24,15,88,85,94,65,12
21,46,76,45,1,44,16,54,2,8,24,39,63,63,43,26,6,8,72,26,97,71,52,36,41,37,76,36,21,59,49,22,49,22,95,31,86,44,64,84,10,22,95,44,72,63,7,26,62,55,63,82,92,1,72,45,79,39,85,30,41,53,42,3,71,1,94,8,12,98,57,69,32,74,64,64,22,76,100,39,34,25,63,41,17,57,35,41,93,90,30,72,13,57,23,65,47,62,28,31
47,5,50,45,65,41,1,5,4,92,72,85,65,79,13,14,80,18,8,17,54,58,24,31,77,7,53,58,96,55,46,9,39,25,22,71,54,44,34,2,28,48,10,13,75,76,24,36,42,47,71,12,30,48,90,44,38,6,41,15,44,44,82,88,81,38,54,19,4,14,35,38,48,75,92,19,25,57,28,78,30,46,56,1,35,45,7,18,100,68,84,49,14,93,44,28,44,100,75,70
55,26,52,66,78,43,13,46,72,10,2,99,96,14,98,31,69,93,9,13,22,70,83,92,97,53,56,28,95,12,87,76,60,5,60,87,45,6,15,87,37,18,66,10,56,56,50,26,16,99,41,2,0,16,94,33,77,98,46,11,33,86,53,38,61,64,42,42,39,100,82,72,61,48,98,52,46,69,58,78,83,48,49,46,64,30,47,44,54,88,71,92,11,42,33,20,10,9,71,31