51,29,63,31,22,87,35,4,35,67,16,17,61,64,5,28,24,25,12,43,43,39,48,3,26,36,12,89,63,74,19,59,27,92,47,17,65,93,73,69,8,84,25,55,27,94,93,70,16,74,81,56,35,87,16,19,72,24,34,14,48,75,32,1,25,40,23,57,89,58,35,7,64,77,57,61,13,67,54,55,14,19,70,52,5,8,60,60,41,65,64,54,50,74,11,57,94,83,72,51
67,15,99,50,13,42,97,76,55,98,67,35,59,41,18,66,62,75,67,81,97,64,30,73,52,70,58,59,89,51,19,82,38,50,96,18,79,86,12,54,36,31,29,99,40,66,99,98,86,67,56,59,82,100,48,71,99,94,97,16,14,90,42,44,19,93,65,51,92,0,98,4,92,30,3,39,1,38,17,20,58,58,92,77,72,46,100,64,31,97,41,74,64,36,85,21,60,36,2,46
46,87,28,5,79,91,42,68,60,9,7,85,19,25,65,41,46,40,68,68,74,80,86,94,95,27,97,77,51,83,44,45,18,3,91,60,17,41,48,5,24,17,13,3,3,2,4,21,64,36,3,57,60,8,58,49,48,52,64,55,25,21,70,44,79,55,28,70,65,91,28,47,88,29,53,34,84,99,93,98,5,40,58,90,40,88,40,15,38,22,20,2,18,18,98,21,62,67,7,8
68,66,74,50,87,83,8,25,96,51,41,67,87,83,18,8,51,4,51,59,67,97,52,64,90,88,95,8,94,22,39,81,76,2,71,90,34,72,73,79,99,59,59,69,89,40,96,31,19,55,17,98,99,47,50,67,90,51,90,77,33,53,15,52,73,70,25,45,34,100,90,81,36,88,57,0,96,16,90,98,0,90,25,84,25,3,55,74,98,86,5,35,95,85,81,63,43,66,71,77
29,29,41,18,96,32,36,27,52,13,86,64,15,25,60,49,37,25,8,56,35,68,30,55,97,37,73,66,41,62,85,42,37,18,30,77,79,93,19,80,9,48,47,73,87,42,21,29,90,75,35,84,49,30,36,73,13,73,4,4,89,21,9,73,58,15,41,50,0,66,58,6,46,82,78,96,68,66,100,42,1,54,98,82,22,2,59,60,14,89,16,8,72,13,55,40,28,44,75,41
0,52,9,42,17,90,99,100,19,21,77,39,31,87,71,22,18,25,66,16,59,54,89,69,3,45,60,35,44,95,85,4,88,17,59,44,6,97,63,1,17,46,13,66,80,83,4,51,63,46,87,46,35,42,31,34,2,41,53,45,91,1,18,5,74,39,69,89,2,20,78,63,74,2,52,57,25,79,8,64,65,67,94,51,86,62,37,57,55,46,39,88,98,96,13,70,7,13,21,81
88,84,40,93,9,25,16,94,40,34,54,92,70,14,13,37,20,41,45,90,36,16,100,78,10,45,40,69,84,17,4,49,31,50,91,57,58,7,86,89,32,65,53,54,4,64,24,54,29,31,21,51,99,100,20,34,73,28,57,51,12,65,37,64,72,79,31,97,27,92,74,17,91,98,72,86,5,95,85,31,12,50,45,12,99,60,82,3,50,18,8,96,68,66,54,89,48,84,24,15
51,62,3,92,98,91,18,96,30,51,100,100,79,86,48,24,87,88,89,76,38,87,39,55,80,21,48,60,69,14,64,80,82,89,98,26,91,37,88,54,51,60,30,57,87,14,48,36,95,83,44,36,99,44,39,10,63,1,22,98,59,69,76,55,49,99,58,4,53,30,33,64,19,83,8,62,3,79,3,82,26,90,100,86,28,92,43,24,74,22,52,98,90,57,53,74,29,6,51,18
79,97,33,7,17,12,78,32,46,87,14,78,83,22,42,69,59,43,54,54,74,87,20,70,84,12,53,90,63,21,8,75,96,89,71,71,64,32,4,49,44,46,58,11,69,100,15,57,33,78,35,71,84,49,34,53,14,91,100,28,29,70,45,14,61,46,80,90,51,53,68,29,70,95,84,69,21,93,1,60,95,83,16,100,26,52,32,36,10,25,65,63,44,23,30,21,89,84,49,62
81,55,46,46,41,44,47,66,90,75,42,26,16,81,3,97,47,5,7,25,74,7,87,33,82,41,78,30,74,57,41,39,5,5,10,63,16,9,34,42,36,11,68,57,5,31,83,2,50,71,77,70,42,21,54,5,52,59,27,8,9,1,75,36,29,94,0,12,0,2,24,87,48,32,34,53,86,1,16,79,2,73,60,39,68,15,24,90,70,32,22,87,90,73,72,54,54,24,71,20
15,89,86,33,89,19,41,85,9,96,9,5,16,43,81,8,78,1,8,28,64,38,40,62,12,85,83,84,36,78,57,32,81,37,96,99,97,55,84,30,8,18,86,39,65,61,80,77,4,64,27,81,73,8,63,69,14,46,7,61,0,5,95,85,0,37,5,54,98,20,12,22,64,23,3,27,18,6,32,16,33,76,23,53,49,68,67,81,22,87,88,72,27,75,19,93,70,2,80,43
49,13,43,44,48,98,52,51,98,15,32,95,45,87,70,84,37,94,7,24,65,18,82,55,31,48,20,25,77,59,17,90,39,48,15,35,34,70,54,86,82,34,22,76,23,67,7,21,63,0,45,34,52,70,85,11,38,97,100,51,63,45,49,17,30,29,19,0,1,64,37,43,82,3,99,19,35,38,79,83,6,36,46,88,79,28,35,22,96,32,45,45,91,35,91,88,37,79,40,97
50,85,17,35,55,87,75,78,40,73,77,32,60,0,81,30,31,80,46,24,13,97,43,4,45,86,18,35,0,91,10,43,61,82,61,25,49,5,88,32,13,63,59,52,70,73,87,4,96,14,21,52,96,31,48,64,92,55,40,9,34,51,44,25,6,76,31,5,12,97,4,86,47,82,100,7,46,82,98,23,88,23,82,62,23,90,55,20,88,87,53,64,73,93,64,95,39,16,17,50
43,59,26,25,16,100,74,60,35,55,97,36,37,1,13,18,45,51,3,61,57,13,58,13,79,42,21,71,66,2,92,24,20,26,96,12,44,89,94,30,30,43,48,95,39,43,95,17,74,37,17,66,80,57,23,95,21,67,29,6,10,64,14,34,85,51,2,97,49,19,65,100,30,55,44,18,17,10,36,9,100,28,57,9,84,89,4,64,53,33,86,8,16,34,32,99,35,51,48,35
60,5,72,91,65,67,42,45,98,39,49,49,46,22,86,78,73,15,17,98,17,39,15,85,97,48,56,1,23,22,47,99,86,66,56,11,9,3,99,93,39,67,43,39,88,53,39,79,19,70,90,96,100,91,81,65,46,16,31,12,29,30,30,77,57,83,98,4,24,6,100,54,28,24,75,46,76,6,79,31,87,74,69,46,27,84,45,7,8,95,31,84,34,41,49,30,77,52,20,27
2,25,35,44,80,99,3,88,44,46,48,7,95,28,70,47,33,1,18,24,8,0,69,76,67,73,61,65,12,37,5,73,47,44,51,98,18,20,98,92,3,19,63,4,97,65,49,48,64,4,45,55,56,74,96,63,42,66,30,90,65,20,38,50,18,64,9,47,19,1,68,7,52,71,24,29,77,53,88,28,12,66,60,8,35,68,68,13,67,35,43,79,17,50,98,58,55,29,2,90
8,79,15,100,28,69,78,55,25,85,41,65,38,38,36,90,50,90,94,37,32,62,72,19,59,56,83,72,22,3,55,23,97,64,0,62,0,14,5,4,52,62,43,65,22,51,18,92,76,19,56,58,49,58,26,7,60,80,91,39,86,61,63,100,80,58,64,4,36,54,6,76,62,31,38,15,44,18,79,19,61,29,100,55,66,55,99,15,38,84,21,66,43,82,68,24,97,99,35,85
2,26,62,69,26,31,91,92,75,67,44,29,97,73,54,28,61,93,24,14,24,58,7,68,6,90,4,25,23,38,25,77,33,39,44,56,21,27,60,61,53,10,31,77,71,82,40,26,80,6,81,21,47,68,98,13,46,10,55,75,91,27,96,25,34,32,93,17,25,30,70,37,84,94,68,20,71,79,56,79,87,64,40,19,65,11,74,25,73,89,55,41,95,13,81,18,75,91,66,47
21,39,28,4,0,53,77,59,65,75,49,4,93,30,3,69,24,97,70,70,35,48,22,23,15,87,16,28,68,26,50,60,59,36,1,90,2,92,0,71,7,1,38,1,49,66,87,12,47,13,51,72,87,93,4,14,33,23,19,22,13,22,81,5,19,71,34,91,82,24,22,19,50,50,47,68,61,46,15,18,93,52,100,13,27,33,51,97,31,12,35,33,93,13,78,7,99,73,75,80
64,22,92,75,72,79,11,82,45,51,45,46,61,93,45,96,98,54,90,60,20,80,61,3,42,23,61,69,19,16,56,36,10,59,46,66,10,73,58,10,44,47,43,7,39,33,77,84,7,76,70,64,72,46,48,91,21,85,96,98,11,51,11,65,90,75,51,67,98,11,47,70,61,25,53,23,14,16,98,17,1,92,12,35,45,97,10,19,57,84,29,63,21,59,28,77,10,39,28,34
51,57,10,67,52,40,24,14,97,98,4,72,7,15,100,11,21,94,35,74,53,59,11,30,21,94,4,33,55,54,8,21,45,89,56,40,68,8,5,6,91,40,6,90,33,47,12,26,74,88,21,49,83,35,60,1,0,22,94,94,66,66,86,1,79,89,58,2,27,89,76,39,66,38,38,22,27,98,81,79,26,77,19,47,22,17,27,70,59,27,97,20,48,41,5,12,5,17,31,59
78,99,58,83,88,64,11,79,90,28,60,14,86,74,73,80,76,3,2,0,37,89,95,13,71,95,32,68,24,83,8,51,60,57,33,69,7,61,31,20,33,72,64,60,76,44,15,39,51,73,44,100,4,98,87,44,99,21,41,7,54,12,38,45,11,63,75,24,68,53,40,16,100,65,96,96,62,82,26,7,17,36,33,41,65,74,12,47,40,61,69,48,41,82,18,21,34,86,70,56
66,57,32,6,7,25,37,97,4,22,17,59,80,32,15,14,19,11,21,16,0,3,18,98,56,94,4,18,23,94,56,24,7,65,32,82,98,20,87,60,53,84,58,9,17,30,24,46,28,13,56,50,66,26,89,36,97,8,35,73,31,3,71,48,96,63,61,51,69,9,13,63,68,42,13,30,29,1,25,7,3,49,86,50,84,81,95,33,58,6,21,96,37,73,83,86,11,29,100,85
25,4,32,32,27,56,29,27,80,88,84,28,92,66,59,94,63,72,44,65,93,94,2,9,100,19,48,33,77,69,51,70,89,58,81,9,52,8,13,61,96,31,43,49,56,72,52,1,62,67,30,60,71,36,12,83,59,16,72,43,37,89,34,46,69,76,90,6,89,65,84,51,56,16,98,58,49,78,9,27,18,55,78,11,29,43,88,64,38,95,62,78,34,90,89,96,1,56,60,33
42,17,62,100,88,43,22,75,1,0,14,35,57,31,0,0,71,75,78,64,94,43,12,51,98,49,31,79,67,86,48,90,26,43,14,69,10,8,67,54,15,18,16,96,22,42,6,19,100,65,8,60,49,88,40,76,62,58,25,20,53,84,40,85,25,22,45,83,58,14,99,68,74,62,58,97,81,75,87,95,19,80,50,99,58,65,45,20,88,8,82,42,23,48,85,35,35,12,16,83
0,17,65,79,78,83,100,34,47,61,94,4,62,79,74,8,25,20,81,12,53,38,64,58,86,54,18,13,97,33,90,40,70,30,57,87,90,19,62,12,31,93,95,24,100,29,78,86,26,41,6,45,91,34,95,50,35,5,48,27,56,95,15,82,93,46,71,44,11,50,61,50,34,36,71,17,46,25,1,44,85,76,36,74,31,56,81,78,18,72,79,24,22,51,96,70,67,17,17,49
77,41,9,52,60,77,5,31,51,64,36,97,55,85,10,8,69,36,27,70,79,11,3,41,6,68,29,28,32,14,85,83,43,41,54,47,23,26,11,86,77,22,93,85,80,42,54,52,37,45,90,68,76,22,49,44,66,46,91,37,99,33,68,86,96,91,59,24,30,4,82,95,50,99,78,80,71,63,74,55,50,0,48,88,64,33,14,9,22,100,48,65,1,77,72,4,27,23,71,24
82,81,82,28,90,1,67,20,32,69,29,19,32,82,14,14,38,21,25,59,37,89,81,0,78,75,56,0,89,29,23,64,51,2,89,66,6,71,36,26,91,15,10,82,13,98,50,34,31,11,87,80,95,76,17,64,52,30,98,8,97,85,77,34,84,35,8,5,66,6,28,69,51,84,16,27,53,75,33,0,65,40,57,88,60,22,81,53,76,14,47,56,13,87,85,51,81,49,11,54
82,17,50,62,62,55,27,84,20,48,0,53,32,46,39,84,56,97,38,25,97,93,77,90,10,1,55,72,46,46,92,10,45,24,1,91,56,89,86,20,87,92,49,93,59,49,83,79,77,3,58,13,30,59,9,5,46,97,44,15,100,22,90,18,37,64,63,78,9,70,19,39,3,85,78,63,85,65,94,71,95,98,23,17,63,19,2,0,96,52,35,4,14,61,78,12,54,44,29,40
96,66,59,24,79,64,52,27,81,60,95,56,55,30,44,6,71,20,23,35,40,30,20,12,20,57,39,84,37,41,17,73,41,81,39,40,69,38,49,57,80,95,15,78,17,60,22,78,91,5,99,86,59,98,65,81,0,46,15,59,99,22,31,19,35,4,22,58,92,38,91,69,65,71,68,18,15,63,70,35,20,29,83,90,46,100,57,12,76,66,17,88,88,72,16,19,75,43,68,10
30,81,33,38,19,70,22,3,80,2,13,67,21,79,6,45,63,35,93,35,63,71,12,91,33,86,15,17,1,12,38,84,92,58,40,63,17,41,18,63,47,7,63,37,92,0,71,66,45,9,89,86,19,56,81,96,29,30,2,72,58,8,20,16,10,82,82,47,84,98,3,59,3,60,74,66,90,97,73,30,60,50,4,75,32,52,80,51,91,41,57,46,42,28,4,16,60,98,11,9
79,91,9,22,79,12,87,74,24,39,5,99,12,59,22,78,75,87,71,68,62,71,98,99,24,19,55,34,13,34,99,88,0,62,99,43,44,59,59,60,18,91,23,85,46,99,35,11,23,77,48,79,61,41,13,68,20,54,19,60,85,95,3,14,8,12,9,53,24,89,95,35,7,33,71,10,15,11,6,99,32,49,8,45,53,31,85,93,7,44,64,93,60,20,23,52,75,59,84,59
5,6,70,21,73,93,29,34,85,51,93,78,12,7,32,56,96,68,99,96,41,89,76,44,44,27,37,5,64,6,68,63,60,50,26,72,44,34,40,43,79,100,78,31,96,81,69,26,69,11,60,66,58,9,40,71,25,22,6,24,42,79,90,66,0,51,7,29,32,24,36,36,15,2,12,21,61,76,71,85,80,93,12,23,55,62,78,31,0,50,17,59,62,52,41,20,60,32,51,61
50,35,31,80,46,47,100,97,32,70,57,6,92,91,62,29,71,63,16,93,30,30,9,21,19,51,19,68,33,91,100,42,69,34,74,51,83,74,66,51,55,65,5,5,23,61,65,68,29,6,77,78,61,18,50,68,89,80,61,99,8,42,18,85,40,63,31,0,80,31,93,13,33,16,61,27,88,86,67,95,4,53,56,1,42,47,30,85,46,92,9,99,71,34,67,81,46,36,62,62
38,56,59,99,63,30,100,50,97,27,92,9,72,64,71,83,36,17,12,93,46,71,20,34,44,31,42,21,86,18,30,73,8,28,70,57,87,72,66,14,0,91,71,39,57,38,81,66,100,59,69,88,74,16,52,13,21,28,1,45,33,41,13,24,91,33,46,15,42,61,79,66,11,35,55,20,97,33,59,99,77,55,81,65,4,66,64,95,13,70,33,5,96,79,45,57,20,100,57,72
77,56,79,42,57,38,75,88,9,7,36,25,37,53,97,23,86,99,100,92,29,24,62,43,21,55,54,13,19,88,73,99,85,93,36,53,24,67,9,87,21,12,20,76,18,27,48,97,76,72,13,48,75,14,14,76,54,17,9,90,91,42,31,26,56,71,80,21,75,93,31,38,95,41,64,23,1,19,55,63,70,15,26,21,12,79,46,70,43,12,97,0,40,76,81,53,10,37,97,79
29,58,41,52,94,19,70,100,35,99,69,37,98,56,55,58,54,71,85,22,26,99,1,23,10,35,94,65,72,22,19,25,17,97,8,71,45,40,33,42,1,32,83,78,94,77,80,6,65,12,59,92,52,16,13,71,24,93,18,79,40,31,33,75,92,68,26,77,98,10,50,91,87,14,21,20,84,95,33,75,44,9,2,53,73,94,4,51,57,79,80,27,27,71,85,78,82,40,87,52
92,27,93,4,18,85,80,89,20,22,63,70,27,94,8,4,86,48,35,48,24,52,47,73,23,54,64,39,95,53,13,3,33,93,22,44,1,63,54,70,69,22,80,4,26,90,38,26,67,11,31,52,75,26,85,62,13,3,96,24,16,10,65,40,55,48,21,39,17,48,40,3,89,56,71,3,43,21,65,40,52,52,21,21,39,97,4,0,34,67,38,52,14,71,86,33,59,83,89,55
99,7,41,93,11,36,65,59,8,68,5,55,83,49,80,29,0,62,42,89,100,9,2,12,72,41,92,75,97,8,41,1,27,12,55,96,51,26,41,4,38,28,32,91,58,77,87,28,68,30,34,67,72,38,39,12,3,42,19,40,5,84,2,81,32,81,98,48,62,23,42,90,97,37,29,13,80,60,50,83,67,2,36,58,91,86,62,36,75,39,60,93,97,10,93,98,39,100,37,38
58,93,44,75,93,5,77,27,35,7,64,55,89,50,40,86,59,82,8,69,22,6,77,12,33,68,4,90,45,12,25,21,83,34,76,0,24,98,86,3,64,100,3,89,59,64,97,65,97,100,7,19,94,89,72,53,16,32,57,44,33,97,63,12,29,60,29,77,16,63,41,57,10,22,94,32,5,14,24,11,4,43,38,90,75,63,24,100,9,4,13,80,31,96,79,53,74,74,75,49
65,79,89,95,61,19,71,90,97,38,29,67,78,24,89,97,76,35,77,97,90,38,86,88,46,23,40,81,45,85,91,81,10,76,47,18,83,36,33,46,96,14,100,38,10,47,14,17,93,17,92,61,65,5,41,19,24,89,58,56,14,42,58,36,40,8,45,100,96,99,40,56,4,84,43,44,95,80,39,15,69,54,54,8,49,100,7,10,2,12,76,0,91,69,53,44,51,74,5,89
98,98,82,26,74,15,83,14,25,98,75,78,72,4,93,73,88,7,58,82,70,61,73,35,96,88,92,17,82,19,90,95,73,19,69,73,5,54,37,91,98,81,13,64,50,27,53,93,4,1,64,22,36,10,6,37,37,91,79,68,5,11,2,21,97,56,80,47,42,11,16,94,87,85,95,86,86,7,80,6,34,97,43,79,32,27,99,37,9,84,10,46,82,29,97,38,100,72,48,6
47,83,5,93,3,92,6,16,21,71,97,35,100,79,79,35,83,63,66,81,86,64,55,72,55,12,76,22,16,13,31,88,59,34,14,30,14,39,92,24,62,43,8,14,44,81,35,61,22,29,16,53,19,74,20,95,48,91,1,98,11,93,21,24,58,53,20,97,58,75,52,67,35,81,53,79,3,55,10,100,96,48,65,22,58,50,82,25,0,52,14,76,39,70,61,19,45,86,45,20
10,44,3,97,39,85,100,22,86,1,13,6,39,93,23,13,77,67,55,83,82,91,25,62,10,68,87,6,69,11,56,19,46,5,86,26,51,9,46,60,20,97,48,64,94,39,80,35,34,46,73,52,41,24,1,49,44,93,41,88,75,12,63,79,68,50,45,26,80,25,91,62,11,88,6,74,25,90,37,68,38,29,43,94,6,12,93,57,8,67,23,85,16,82,78,12,60,85,71,18
52,61,2,60,67,3,24,81,84,7,16,60,51,71,32,72,64,58,45,5,34,64,23,29,74,94,32,73,90,98,2,45,37,99,93,36,38,77,90,18,85,3,41,58,59,67,41,48,97,68,57,85,77,65,91,72,20,76,2,14,15,4,48,80,95,99,16,7,46,59,87,10,14,28,91,25,90,91,23,85,6,65,60,30,61,76,18,92,10,8,34,91,45,81,89,74,65,54,33,77
81,12,61,87,48,63,71,84,45,77,96,35,19,56,7,40,94,11,25,99,39,35,74,52,65,27,37,34,48,0,59,80,98,52,9,4,7,57,32,48,75,12,94,36,73,24,50,67,39,81,30,37,84,75,42,21,2,10,64,62,91,18,82,18,34,35,23,93,31,84,90,6,27,91,41,0,13,45,14,6,15,41,55,44,55,72,2,38,52,14,89,57,38,41,95,6,87,75,66,64
28,28,31,41,35,20,16,53,25,37,95,48,88,13,25,49,94,85,11,42,93,66,81,77,72,65,40,63,9,76,77,15,4,46,83,8,66,10,21,7,18,7,77,23,70,95,60,48,99,89,76,59,65,99,20,82,83,60,69,61,53,44,73,38,94,23,29,0,27,3,7,66,85,29,24,61,40,42,12,18,7,70,13,59,65,55,51,40,89,57,34,55,39,63,93,81,90,4,38,10
66,94,61,72,44,36,91,45,15,46,28,11,12,53,38,88,43,4,9,15,81,65,76,100,87,94,33,8,11,93,3,44,65,100,72,86,4,24,27,86,77,21,76,37,83,54,76,53,97,41,63,32,70,44,80,67,11,69,11,95,19,30,87,70,32,12,76,59,86,42,89,38,5,100,36,16,50,77,15,9,36,67,70,14,8,1,34,56,58,20,32,5,15,35,97,59,35,74,63,40
78,66,69,9,7,8,30,28,85,50,38,54,49,76,22,85,69,76,65,80,90,7,85,8,38,2,37,36,46,65,13,100,98,10,92,44,27,85,42,1,96,76,14,37,64,95,69,94,57,91,41,61,75,39,44,74,32,21,0,94,25,7,90,88,93,21,99,19,43,73,62,28,2,76,6,52,95,49,78,65,70,39,88,50,74,51,100,13,32,15,37,36,87,89,48,45,22,97,42,61
76,17,98,28,10,1,11,32,71,52,49,36,11,40,87,49,13,2,15,45,81,28,96,12,78,64,89,81,43,3,20,69,71,72,32,31,18,25,98,7,77,19,18,80,46,64,98,80,26,43,53,56,92,2,56,37,54,74,26,98,41,15,35,16,23,40,3,68,62,72,71,72,29,57,90,28,21,2,14,93,6,38,58,9,5,20,37,55,100,32,97,90,25,29,98,46,31,6,84,51
14,99,93,95,8,53,50,89,42,12,85,56,19,1,97,75,96,70,30,87,66,20,56,48,71,79,37,69,58,16,29,73,10,33,63,68,12,30,32,41,69,18,99,52,6,0,42,87,88,74,80,49,6,8,23,11,2,46,29,16,100,100,56,82,6,28,29,64,97,80,23,48,27,3,65,97,15,56,30,23,75,33,92,53,73,61,99,19,38,54,75,82,31,20,73,95,54,64,60,23
20,31,38,32,92,96,2,12,53,76,6,78,10,62,34,26,43,31,92,88,51,71,58,89,52,13,23,95,22,66,27,82,92,81,82,7,23,74,84,63,38,63,40,16,53,75,66,87,6,54,70,70,65,43,60,8,83,84,76,16,27,22,34,80,82,90,90,7,33,16,25,67,62,17,80,90,85,92,76,18,97,23,98,44,88,5,40,43,54,42,56,81,82,66,69,51,8,26,37,13
68,59,26,57,91,13,61,13,53,5,80,84,54,46,20,35,4,82,19,31,67,28,88,23,11,23,82,83,4,88,20,19,60,13,88,80,96,97,5,44,43,59,68,83,29,9,92,74,47,87,42,23,46,32,28,43,76,78,63,82,28,48,82,44,37,35,73,67,78,48,12,24,82,99,45,87,66,14,2,84,89,72,58,25,18,80,27,42,20,92,11,21,48,35,12,85,31,17,85,78
74,85,39,62,37,88,10,45,38,52,82,57,62,26,22,19,11,52,53,84,53,8,60,8,71,62,37,62,19,43,40,100,2,64,9,60,40,20,37,94,39,40,45,41,80,90,17,98,85,98,30,59,18,3,0,42,24,93,91,69,55,24,42,82,95,74,84,86,86,84,85,55,42,42,72,96,49,79,7,73,43,5,72,79,25,16,46,36,72,76,84,49,90,68,85,61,81,40,73,34
60,28,22,3,35,88,43,76,78,64,56,78,25,93,24,69,10,95,68,96,89,8,71,21,18,10,95,91,11,69,79,73,54,18,2,51,35,18,33,79,94,53,58,45,36,75,0,30,5,86,79,75,15,87,18,51,91,17,66,23,25,18,96,37,50,59,31,80,74,22,28,12,64,37,7,95,0,97,62,49,57,27,77,40,12,87,61,44,48,63,78,88,83,70,46,63,77,78,73,65
9,22,59,24,29,60,5,60,39,69,24,43,62,71,66,16,13,75,34,48,18,29,7,95,87,52,68,5,29,67,52,32,93,18,10,11,32,59,71,33,69,62,9,38,82,39,70,33,94,40,42,77,49,55,50,63,60,77,38,90,56,57,95,8,73,94,26,9,74,79,79,12,68,12,48,75,43,95,67,47,31,57,15,26,87,80,15,54,4,4,70,63,54,93,22,78,83,83,79,46
43,23,26,65,31,53,8,93,39,92,97,26,98,68,60,78,81,56,54,31,43,72,70,50,43,25,82,8,25,76,86,64,31,90,4,96,28,40,25,80,9,6,68,2,91,94,100,69,38,81,56,19,95,4,91,63,9,82,24,25,38,57,57,99,22,32,47,39,7,6,5,52,7,9,92,40,39,28,78,51,96,44,63,49,20,12,83,1,48,59,12,85,92,27,99,10,5,21,89,0
48,78,13,78,51,78,30,95,90,86,78,9,13,14,78,14,43,46,47,38,49,86,91,13,62,100,36,65,100,59,11,20,66,33,0,99,6,12,39,55,11,94,2,14,72,66,47,77,18,50,80,53,76,24,80,72,80,8,22,33,45,82,92,1,56,88,79,83,49,64,13,67,28,69,81,10,73,7,72,39,79,72,14,7,11,12,55,57,15,14,51,9,42,35,94,20,17,61,66,94
100,91,36,41,7,39,23,15,28,70,91,43,93,29,57,37,78,82,8,92,26,22,76,76,69,61,51,90,78,1,33,76,10,77,94,45,18,95,98,16,41,62,67,12,8,74,67,10,44,24,31,16,77,67,66,67,73,98,96,58,18,66,53,48,73,84,95,58,8,43,23,45,66,25,23,43,12,2,67,6,4,74,69,25,33,61,47,76,28,46,79,10,80,57,34,16,72,51,17,56
84,4,62,69,9,92,11,57,84,54,97,41,74,19,4,90,78,13,66,79,97,90,57,22,11,23,85,27,88,54,17,60,58,6,55,98,81,4,73,75,80,41,21,80,53,13,84,71,7,25,65,24,50,13,80,87,64,83,1,5,27,25,1,44,26,25,12,9,29,12,100,49,30,73,65,88,19,14,18,33,52,25,92,16,23,86,81,88,68,28,89,9,85,99,39,46,45,7,5,97
45,44,57,55,99,13,31,65,94,58,100,79,70,46,79,55,41,72,49,3,3,13,6,51,81,91,21,25,56,4,86,44,81,94,67,58,98,60,4,26,84,77,55,54,63,24,88,65,88,82,42,31,54,55,43,23,25,8,36,52,98,25,87,83,14,79,100,93,60,6,100,60,86,81,13,14,47,99,30,18,10,23,76,60,18,93,77,35,55,77,78,8,20,89,20,16,53,14,53,63
54,46,74,9,62,39,57,16,52,57,42,25,21,57,59,80,65,8,45,58,92,7,56,24,37,71,3,8,18,46,91,74,75,77,6,80,37,75,75,78,79,53,91,94,81,87,88,37,40,83,19,18,7,0,25,19,60,84,19,19,46,3,11,48,20,24,36,70,5,48,80,37,2,90,69,72,87,61,73,94,86,33,44,55,67,39,4,91,69,78,78,88,92,6,98,67,72,16,44,57
44,17,24,69,46,89,71,51,43,35,41,28,83,44,37,26,8,13,4,39,13,59,58,45,96,98,51,75,51,31,8,3,31,81,80,78,100,36,76,65,59,97,66,4,25,57,0,11,38,3,9,21,19,61,66,42,71,89,63,18,2,3,22,15,61,44,84,36,71,90,36,61,33,14,28,27,60,5,8,36,17,64,27,75,59,99,13,54,59,16,92,39,67,3,88,75,22,40,34,52
54,10,12,15,39,61,59,13,66,10,43,72,1,29,27,75,13,97,18,24,19,63,41,46,24,37,17,66,80,17,47,10,95,38,43,93,7,6,30,28,38,44,11,85,13,67,87,1,32,14,82,72,21,56,61,35,70,83,82,26,98,67,65,92,40,91,97,65,51,55,30,14,62,63,13,50,28,54,63,35,15,17,99,32,46,38,21,39,12,55,74,22,81,35,56,70,32,59,49,34
22,14,41,33,64,47,46,50,32,69,36,33,87,17,100,84,19,56,56,92,12,52,72,54,44,3,78,70,58,14,11,34,57,9,71,58,62,63,55,43,4,82,44,54,79,95,94,36,83,67,81,26,33,8,41,78,74,11,26,86,4,45,78,13,49,45,58,47,62,98,90,38,87,11,43,55,30,36,91,71,60,95,9,83,77,58,93,9,42,93,33,56,84,60,12,42,51,61,82,39
36,38,53,56,75,53,16,38,5,22,54,29,64,87,93,19,44,7,4,88,30,72,3,53,95,62,54,12,90,28,66,40,74,48,81,9,89,98,36,98,48,94,63,100,66,78,60,27,49,74,90,7,29,78,72,7,75,1,57,46,33,50,32,11,58,63,28,68,80,92,10,43,60,96,34,74,60,52,57,54,97,59,62,43,100,83,8,55,25,50,22,55,5,44,98,54,77,54,31,74
87,49,79,60,68,85,17,61,92,10,55,69,64,65,75,47,75,49,52,18,20,95,19,79,94,81,13,96,37,10,38,14,96,72,25,21,78,78,98,84,100,20,24,14,12,11,48,91,31,11,45,53,79,1,17,9,86,91,49,73,89,63,67,6,50,46,78,77,64,63,6,54,97,74,13,20,87,63,35,25,41,91,65,26,23,71,68,19,76,88,4,2,48,55,95,15,19,42,29,41
22,68,100,18,30,73,85,76,70,29,40,95,74,29,54,63,54,21,43,89,86,73,24,23,13,17,18,97,61,98,20,89,99,3,85,32,2,83,23,54,11,67,33,0,46,74,24,92,79,65,28,65,50,50,31,54,72,57,55,52,55,36,69,69,33,69,38,12,25,53,64,10,75,16,74,64,97,95,66,66,68,15,23,73,77,75,59,44,77,41,73,44,68,37,76,15,8,62,97,75
74,100,5,39,32,21,2,8,23,40,8,13,86,17,32,64,87,32,70,1,46,42,56,9,61,52,84,95,72,21,45,69,25,2,15,40,85,57,99,4,24,75,27,84,40,83,71,34,9,35,54,62,39,87,72,32,28,80,28,71,77,15,15,14,85,87,2,91,15,5,10,0,42,21,34,7,47,9,71,27,19,71,94,24,11,53,22,5,62,87,70,20,84,52,6,73,75,73,11,11
50,80,89,38,66,13,31,98,93,66,1,56,54,28,84,2,83,51,68,88,12,8,64,57,25,62,6,71,96,97,62,82,76,26,11,42,97,35,48,29,84,1,48,40,49,49,40,99,80,38,11,99,8,22,13,40,89,41,26,47,5,71,88,86,100,59,52,75,51,37,89,40,58,91,85,91,64,63,97,66,73,46,49,92,59,1,40,0,80,53,90,21,30,37,10,61,27,40,63,76
42,96,59,80,15,88,93,69,62,74,23,89,76,85,72,11,69,12,52,17,41,48,64,36,75,29,42,21,14,79,5,20,28,55,65,93,52,82,15,45,73,16,9,88,2,40,63,37,27,9,86,21,1,96,60,26,44,38,34,97,67,10,97,19,1,90,54,5,84,99,29,41,36,70,61,90,85,59,34,43,26,25,37,97,4,18,97,29,4,58,70,68,7,80,32,57,61,15,87,81
8,26,95,87,0,53,63,13,54,3,12,59,64,64,42,30,91,72,50,30,25,24,22,85,61,39,8,90,71,20,41,9,31,43,39,0,68,99,71,1,87,27,61,17,65,2,45,86,41,45,8,43,90,53,83,17,90,75,37,83,83,62,14,84,3,69,48,32,66,100,97,61,5,76,12,35,76,13,8,8,58,62,95,52,52,74,85,20,22,20,42,28,51,20,87,25,74,44,61,52
84,15,39,84,38,32,74,11,8,84,0,21,18,68,66,21,72,94,17,34,28,21,34,18,80,27,88,63,11,88,56,76,24,17,53,25,26,94,7,22,42,30,12,58,64,0,54,88,24,95,15,69,3,91,64,78,26,59,81,3,48,74,79,21,70,70,54,73,34,47,48,0,5,79,68,66,52,22,66,88,70,56,97,5,41,78,17,79,42,42,32,74,11,42,51,21,39,42,27,76
99,35,46,47,28,66,60,5,47,47,25,100,86,80,22,28,22,7,90,75,75,79,24,80,37,88,33,59,90,39,79,15,67,13,28,38,53,78,51,97,26,45,53,58,63,62,38,10,48,71,100,100,76,51,89,15,0,91,51,47,30,6,70,57,35,34,23,33,43,99,78,54,41,76,99,45,30,79,73,70,44,0,95,13,63,23,81,32,26,92,75,55,100,84,8,88,9,35,89,5
22,100,39,99,95,17,82,61,92,1,45,43,12,16,99,82,93,12,43,0,4,63,17,29,68,61,34,7,89,89,6,30,39,84,21,74,50,78,73,29,26,65,13,17,13,98,27,57,12,45,45,15,84,20,59,67,59,26,7,89,82,98,34,64,36,55,99,18,11,72,35,97,69,24,99,52,4,49,59,73,60,33,20,53,0,37,36,33,62,81,3,11,23,15,87,87,8,87,24,15
4,99,59,27,42,76,48,100,80,59,12,38,65,92,10,17,90,21,50,80,43,53,71,92,57,12,36,9,40,70,39,72,88,13,61,22,72,29,36,74,64,86,94,29,6,79,12,6,42,2,82,57,90,29,41,92,18,96,69,65,79,58,35,49,99,14,55,96,97,74,64,67,83,0,11,22,90,51,7,13,41,94,36,67,39,63,77,68,60,60,45,2,20,97,46,29,20,82,35,47
27,19,39,16,89,2,74,95,92,21,31,64,85,62,5,86,92,28,51,93,30,87,1,2,28,76,62,66,87,39,7,42,49,23,53,84,72,79,89,39,50,41,31,44,45,85,6,37,92,21,52,99,9,61,100,64,52,85,12,16,58,22,88,25,51,10,53,1,55,33,11,74,48,74,10,26,88,62,49,97,27,68,18,39,99,84,12,47,73,6,21,15,40,22,36,54,56,96,94,39
95,61,14,18,12,59,37,62,7,56,16,6,56,25,38,32,81,10,65,7,88,79,66,99,44,42,84,9,41,18,64,53,19,55,52,41,0,15,44,100,69,34,33,0,53,5,19,24,82,0,78,15,25,29,78,81,13,37,87,12,58,48,91,69,63,10,25,19,85,51,86,31,27,98,4,64,88,30,74,29,33,26,35,39,77,58,36,80,26,72,47,45,62,79,35,64,46,11,72,61
11,100,1,86,5,99,9,66,92,85,93,5,99,89,77,8,3,6,39,33,93,69,2,98,66,39,79,30,85,89,24,94,35,13,48,40,44,74,13,10,9,50,33,35,2,58,62,54,95,28,72,72,98,97,69,44,46,41,73,26,77,90,40,41,67,5,51,30,80,24,85,40,94,5,79,40,93,17,90,72,41,58,72,60,21,59,75,42,19,59,72,10,11,31,28,82,81,78,71,75
39,81,56,33,20,36,86,29,92,4,28,54,21,80,17,57,25,81,100,17,10,44,55,28,45,100,4,77,96,82,99,68,21,70,33,90,40,69,68,52,84,53,23,18,80,15,74,86,18,69,40,21,96,86,99,72,45,84,42,40,8,95,58,40,87,79,98,75,2,68,90,60,21,45,48,51,41,9,46,26,47,70,47,59,90,99,49,8,38,26,9,41,96,3,36,56,7,61,14,86
47,28,29,44,36,88,42,61,58,20,49,4,45,69,16,6,20,61,46,95,8,11,8,81,42,30,17,98,11,17,98,21,65,47,30,76,97,86,78,40,44,19,30,74,92,98,16,75,13,13,61,34,21,74,1,65,31,64,53,26,53,62,82,58,26,80,51,58,81,56,95,62,11,59,9,40,2,94,21,49,42,60,36,86,0,86,73,59,81,19,17,78,91,97,73,47,85,94,45,36
20,47,69,85,2,58,51,50,23,18,86,35,12,14,6,56,12,98,21,31,50,18,14,48,73,97,20,51,33,34,11,53,87,85,99,43,26,29,73,11,72,56,20,99,70,68,26,56,20,11,19,55,94,66,3,98,85,62,66,100,54,47,9,46,63,20,85,69,69,76,25,8,51,8,80,43,17,0,17,61,41,2,84,76,38,60,69,86,82,99,36,23,16,24,9,77,95,7,4,46
38,79,73,19,34,17,21,43,32,3,53,71,99,54,57,94,52,82,76,33,12,58,86,40,37,96,94,47,58,81,72,47,15,96,41,58,33,62,32,78,29,22,3,78,26,88,13,69,32,68,75,17,94,92,98,36,17,46,15,12,27,27,89,24,64,90,63,70,1,38,30,58,35,17,74,10,43,91,60,74,5,55,5,82,27,86,20,25,7,27,67,12,25,21,17,29,52,85,25,32
42,24,50,45,62,58,26,65,75,42,13,0,1,55,70,86,2,69,11,29,21,27,47,97,52,51,57,27,2,20,84,60,0,17,39,74,19,58,40,68,44,76,100,54,40,98,58,38,36,75,15,97,6,13,32,44,97,26,99,32,75,34,28,90,23,85,50,69,51,98,61,35,58,53,9,75,85,26,13,69,64,37,65,40,6,7,37,51,52,39,86,45,43,69,48,62,8,93,4,48
60,62,8,87,39,79,59,4,71,38,23,96,76,63,97,58,61,46,23,83,23,76,27,77,36,37,54,71,94,91,70,53,27,97,5,51,96,56,56,36,39,42,14,62,62,51,76,90,70,24,49,67,99,68,4,93,51,11,58,3,33,31,87,75,86,75,85,99,68,50,37,96,78,29,85,66,31,44,51,21,95,91,60,45,45,76,49,35,68,47,72,42,60,71,68,58,78,9,27,74
76,92,91,44,51,35,72,43,73,22,97,58,44,80,70,20,91,8,75,71,49,76,48,46,94,87,51,19,91,48,16,77,70,7,6,33,42,27,27,50,100,0,100,65,25,98,4,1,2,16,85,47,62,84,13,69,98,79,46,64,6,62,82,42,89,9,91,98,95,96,30,61,5,68,5,95,1,58,78,57,26,56,75,60,40,48,44,19,21,79,49,35,46,73,92,6,74,43,59,53
55,49,64,27,49,12,93,1,91,3,74,26,98,67,88,46,41,83,31,60,44,76,45,99,100,10,12,87,53,44,14,83,81,68,80,35,23,56,75,49,100,88,62,32,37,10,52,3,78,6,70,2,59,35,27,48,38,72,31,22,38,73,74,50,36,16,24,87,68,23,97,37,79,52,69,17,46,85,8,34,68,74,64,87,37,28,56,5,53,15,4,16,23,73,6,97,54,54,40,60
5,71,7,1,43,29,39,53,29,26,26,36,93,72,43,6,38,4,2,38,7,82,11,15,72,61,38,55,67,0,67,92,37,34,9,24,20,62,45,31,88,63,42,77,50,24,22,62,59,13,76,11,86,11,21,67,26,25,94,87,42,4,99,90,13,2,98,78,19,17,65,34,53,14,100,37,18,3,83,4,82,22,81,17,54,83,55,69,87,34,2,74,37,76,28,15,72,22,41,15
32,33,23,99,74,71,23,17,83,22,53,57,56,74,27,22,93,57,9,65,14,93,72,65,28,41,14,59,52,88,42,1,32,34,63,58,11,57,68,25,31,29,58,53,42,13,46,72,86,57,85,57,51,29,74,76,83,73,49,63,72,55,9,53,14,18,84,2,78,85,49,47,43,1,32,65,24,98,49,51,30,57,63,42,5,8,95,53,90,79,74,41,46,78,0,91,24,40,37,61
14,61,78,90,37,61,51,20,96,88,4,43,54,53,94,65,68,35,65,57,55,26,85,7,90,52,68,98,53,43,48,77,59,51,0,71,0,99,9,100,46,47,25,84,76,70,44,94,88,71,32,63,0,84,24,74,34,69,7,27,55,53,81,76,31,30,29,67,61,12,49,37,54,27,47,46,61,21,18,16,67,29,16,42,99,32,84,92,27,34,51,4,89,64,63,16,56,40,82,89
67,33,90,77,17,38,14,48,57,57,51,94,48,54,67,32,44,76,11,2,87,83,16,30,72,82,97,12,1,48,39,1,24,25,15,23,97,58,13,58,92,56,48,28,75,9,97,72,53,82,55,100,43,64,24,91,84,100,6,26,86,97,73,28,0,5,1,47,60,77,89,44,7,74,45,34,26,53,91,36,9,17,32,81,94,48,48,78,0,50,74,74,76,93,47,44,38,47,80,65
7,84,37,93,12,61,47,76,10,75,10,38,23,9,17,89,75,20,34,50,69,0,99,50,7,33,98,94,96,34,81,86,0,93,35,96,2,33,50,90,44,74,1,26,92,71,38,83,35,14,31,92,20,27,68,38,13,36,3,28,35,35,87,44,2,97,56,39,78,61,5,18,77,45,6,30,3,21,81,49,89,73,6,83,75,1,100,81,76,22,3,96,63,46,47,25,19,81,9,85
83,92,61,7,32,91,45,78,96,6,48,30,85,3,13,85,32,21,20,25,20,52,83,32,57,4,66,5,99,54,9,82,31,45,88,85,83,59,26,22,98,1,86,47,65,13,49,75,55,32,35,66,36,57,83,85,49,98,62,13,92,8,97,100,80,24,67,6,69,8,29,37,27,42,90,83,59,97,87,46,80,42,83,90,85,92,36,48,22,4,76,24,99,100,75,90,81,19,90,86
89,37,70,29,74,55,38,16,7,14,97,8,74,78,2,48,58,30,48,94,68,95,78,10,67,8,56,65,7,52,76,98,15,25,79,46,49,26,18,81,63,79,70,69,37,34,88,76,33,24,94,64,30,50,8,0,92,35,35,52,40,96,2,41,23,23,65,9,0,34,54,78,71,1,82,38,87,24,32,62,40,5,50,96,87,50,79,49,84,8,30,85,12,88,93,59,79,10,57,96
62,55,68,21,50,45,7,48,74,61,68,69,4,71,4,5,100,97,21,37,53,5,49,62,80,38,85,40,82,61,89,79,26,90,80,88,70,44,9,55,58,35,34,54,84,76,18,48,14,46,9,50,78,75,89,37,41,54,62,36,32,45,89,53,66,49,13,17,29,49,32,38,7,1,100,36,30,90,94,72,86,39,72,72,96,56,68,75,74,91,58,4,11,29,73,62,89,61,12,15
56,60,86,80,36,31,71,7,49,53,15,41,22,16,18,60,89,67,70,93,55,93,58,70,83,93,56,82,4,10,18,52,86,87,86,65,4,0,20,17,26,62,37,39,83,59,80,54,51,83,4,38,0,36,90,49,80,15,90,75,61,52,26,36,59,84,7,4,48,38,72,66,19,40,1,41,0,90,27,27,53,25,87,26,5,78,7,25,71,50,53,60,30,4,46,32,50,83,21,57
75,88,70,98,0,54,77,22,6,53,55,88,8,0,56,49,46,5,50,76,5,9,56,71,91,58,96,61,41,82,88,56,98,73,15,97,83,60,38,59,70,89,66,100,57,99,0,45,21,94,12,90,45,55,41,48,49,3,90,25,2,66,71,100,92,62,22,8,11,93,58,86,7,89,54,92,94,20,78,66,51,15,39,83,68,87,14,56,62,27,96,20,90,71,89,10,69,82,26,44
19,68,33,86,18,71,79,51,37,6,14,93,10,20,6,25,82,99,69,47,42,95,27,41,82,57,22,55,87,3,17,23,34,27,25,64,56,5,30,1,44,78,23,89,26,83,81,1,29,37,92,15,42,48,33,29,16,43,69,90,83,88,36,26,47,9,30,60,36,35,94,55,82,44,12,56,42,27,89,71,70,61,69,46,43,93,76,31,62,74,62,88,81,21,100,0,23,41,98,83
78,18,61,21,4,5,86,75,75,94,78,45,17,26,84,91,81,60,44,32,89,29,97,24,4,25,51,99,95,17,98,99,61,11,57,19,23,55,21,36,34,13,98,16,64,13,72,22,84,74,40,74,88,37,85,92,24,34,26,82,49,70,69,86,56,79,29,66,22,1,67,8,17,29,94,46,50,66,81,74,83,34,26,51,85,37,63,1,99,28,98,24,97,18,80,84,78,22,81,23
25,69,6,80,56,32,82,99,95,12,89,1,100,17,71,78,15,90,18,82,85,48,67,46,61,66,67,76,57,75,27,36,9,61,64,72,19,1,79,96,25,64,2,24,21,36,5,54,38,51,78,75,35,83,94,80,69,71,21,45,91,70,5,22,55,62,98,79,76,16,86,40,81,86,67,50,4,32,9,38,54,41,60,12,29,48,19,79,46,99,48,64,27,2,0,57,81,31,18,90