7,25,51,37,55,52,1,16,24,77,60,37,77,15,23,30,86,36,79,88,58,95,43,56,17,30,60,87,14,52,57,44,34,45,6,17,45,7,90,70,5,91,40,97,54,61,92,52,30,7,30,80,90,65,39,74,18,11,41,53,96,86,75,18,53,80,31,82,94,19,85,90,73,1,61,5,81,42,47,1,43,80,42,87,81,74,65,21,35,29,15,63,33,23,31,86,8,7,70,91
50,93,5,93,68,90,58,17,4,90,94,90,63,100,98,31,59,86,54,17,56,53,17,80,32,16,63,61,84,21,86,6,35,46,77,19,92,79,18,97,44,32,77,58,77,15,66,98,30,88,92,70,99,84,63,20,16,78,11,5,29,24,53,2,38,20,25,17,65,94,38,4,18,23,86,7,30,50,77,82,72,95,7,70,17,17,17,42,29,3,45,41,44,19,30,66,84,59,98,55
4,100,0,60,14,20,92,64,89,19,69,59,15,79,79,34,80,82,26,48,44,61,87,41,61,5,16,72,34,14,25,63,62,70,0,96,46,4,65,98,93,26,84,62,68,22,2,69,42,74,91,84,56,88,25,56,93,64,21,99,81,8,1,6,37,43,82,78,70,34,54,22,55,4,46,94,70,98,60,64,27,4,87,29,3,57,68,46,72,91,94,24,15,58,19,85,77,75,29,52
16,6,78,33,78,41,91,50,77,80,23,57,35,39,4,93,47,13,65,91,3,15,60,63,18,3,64,63,71,40,61,94,27,76,4,78,90,86,58,15,68,30,75,65,98,81,21,40,5,90,29,31,13,89,13,43,31,68,74,2,57,37,53,35,80,37,44,84,27,3,23,28,38,97,22,48,80,4,55,38,99,42,4,70,37,55,48,3,6,66,25,78,35,27,6,69,90,44,94,33
87,8,97,21,64,99,69,10,57,33,24,80,1,18,83,87,65,33,36,86,43,89,67,33,41,33,21,51,40,79,74,75,21,71,70,6,9,98,49,39,97,100,86,75,64,64,93,64,56,19,72,44,78,60,92,82,83,67,52,24,78,76,72,99,95,14,79,34,95,79,16,6,10,8,45,20,86,71,26,68,18,28,90,90,47,86,25,89,19,52,58,84,92,41,32,97,40,64,62,21
55,14,82,40,90,50,7,55,93,10,8,93,45,17,25,99,88,91,45,93,6,34,66,16,47,72,73,38,74,95,27,37,43,92,93,35,36,82,43,0,2,65,41,86,20,49,37,23,53,78,40,48,87,44,80,8,58,27,94,37,7,3,43,53,76,34,62,96,32,67,75,38,60,72,58,77,61,13,91,86,44,23,55,54,96,80,12,54,48,98,26,27,14,87,63,82,78,75,62,98
44,55,85,82,28,87,91,7,44,78,91,13,65,69,27,6,16,14,52,83,39,81,66,39,12,2,52,2,88,84,100,37,74,27,99,83,0,67,99,92,0,23,95,35,92,42,25,57,77,99,40,71,12,3,50,4,70,61,20,16,27,89,64,95,27,41,94,75,5,61,37,71,72,40,10,38,60,41,31,70,49,23,86,2,60,73,58,41,16,92,46,34,17,62,30,35,25,57,27,11
5,81,2,39,53,84,49,2,0,61,41,71,30,68,48,20,70,57,49,43,92,64,44,46,42,64,52,12,82,25,39,57,26,32,8,65,40,26,47,7,37,91,47,8,42,12,15,39,74,16,33,24,4,63,41,19,22,42,11,21,17,95,68,1,65,45,16,90,93,49,90,94,87,80,53,57,26,80,85,88,39,12,95,47,78,27,64,80,79,27,80,20,87,29,32,12,68,31,69,54
61,65,88,42,0,42,21,34,19,90,22,91,1,42,8,10,34,48,16,9,4,38,8,67,73,45,4,95,37,50,89,13,61,46,86,88,90,44,38,72,43,7,15,89,79,62,74,20,33,92,32,92,34,16,51,32,74,94,98,93,36,98,54,68,38,55,50,45,73,57,82,44,1,8,67,60,90,53,94,65,16,7,35,68,59,47,71,5,97,72,9,39,15,15,97,11,93,100,0,66
100,66,97,93,76,88,12,84,96,53,73,68,80,89,0,6,11,30,0,17,41,98,44,88,7,30,38,53,100,73,79,96,22,82,7,6,98,83,73,61,76,1,84,26,76,22,17,62,94,5,13,63,77,33,6,91,48,77,50,71,86,60,25,1,5,69,69,8,74,36,17,13,80,2,60,23,43,96,35,73,10,35,47,59,41,19,36,19,86,21,8,86,27,75,40,29,79,61,10,75
37,75,90,73,89,58,70,2,96,95,87,74,10,31,6,47,95,79,33,64,76,40,73,66,28,48,61,64,55,5,65,10,52,18,10,55,97,77,98,30,94,41,26,7,41,96,61,22,77,9,89,65,23,21,43,11,34,97,6,28,61,2,46,25,47,57,27,88,57,53,87,10,74,88,90,34,99,13,38,75,41,59,17,92,44,29,28,56,10,90,98,74,49,64,94,34,17,69,29,97
13,4,91,51,32,2,38,69,21,30,9,20,79,34,45,34,44,59,86,18,53,1,67,75,21,17,76,22,53,83,41,20,26,10,96,0,55,33,7,66,41,60,2,63,27,11,80,17,40,35,89,99,50,98,10,69,11,20,1,56,38,52,23,25,48,95,46,52,17,88,57,41,43,45,93,68,71,75,52,81,5,9,28,61,98,74,81,21,97,91,62,11,61,69,38,86,99,40,15,80
1,51,76,76,42,44,17,57,1,49,0,34,49,17,64,95,26,42,5,79,62,81,44,16,13,22,6,17,39,36,29,61,76,36,27,97,29,35,44,56,5,4,28,59,95,53,59,39,95,66,81,78,21,44,35,79,70,54,16,61,59,67,51,83,24,66,62,5,91,8,94,21,29,92,47,54,1,70,81,56,54,37,70,81,50,54,91,18,5,57,23,74,47,96,42,27,58,47,7,100
35,85,92,85,50,57,64,82,91,63,35,64,3,82,16,74,23,54,66,36,41,81,74,11,10,59,81,1,17,97,19,68,65,99,46,79,39,76,39,33,25,93,98,25,62,1,53,82,89,3,100,19,24,15,74,37,45,18,20,35,100,78,47,13,90,0,78,49,28,15,4,27,8,46,67,38,40,13,11,84,85,86,74,31,33,15,38,42,0,5,75,22,44,66,72,55,32,14,45,32
65,96,49,100,24,37,91,33,90,57,33,57,54,71,54,72,10,19,73,26,17,65,91,99,55,23,30,34,47,92,2,59,47,78,8,9,12,75,17,26,58,14,87,44,58,21,79,67,9,30,30,72,98,73,74,74,47,80,18,75,70,64,62,12,6,61,0,35,88,13,56,39,31,6,45,97,73,78,62,12,36,5,33,71,45,35,41,53,55,21,84,24,34,93,20,39,47,36,36,32
31,65,100,42,75,73,96,2,58,28,33,19,68,92,24,80,74,96,72,23,78,20,28,0,21,28,47,67,78,27,82,98,30,68,3,67,24,65,59,31,11,66,79,6,40,87,56,79,40,62,59,47,74,70,58,0,17,68,56,83,79,3,40,33,17,47,64,27,36,62,24,32,63,95,68,3,43,49,46,73,0,84,60,12,63,18,69,57,87,66,20,37,64,11,43,11,7,82,50,2
100,82,75,15,69,8,90,45,31,6,28,99,94,98,89,70,39,84,50,100,78,67,64,57,85,36,58,89,43,19,17,88,48,94,77,100,38,82,46,70,59,86,23,73,13,32,46,26,59,89,55,46,90,100,40,66,4,30,18,40,85,47,1,14,90,66,65,62,57,91,31,55,79,22,97,77,44,61,9,9,6,95,37,52,72,21,66,91,37,25,15,72,42,67,97,97,84,41,78,48
32,71,59,37,73,9,41,51,61,78,75,5,24,72,53,75,62,50,4,83,70,78,12,36,65,28,86,30,35,63,30,89,49,97,35,62,76,95,67,84,59,51,81,61,84,0,66,76,66,75,8,7,29,32,65,10,71,64,48,18,71,88,26,30,17,81,10,42,39,45,69,62,72,32,49,84,90,33,70,24,51,99,26,20,78,56,95,25,44,56,11,84,4,96,86,53,11,58,33,66
68,50,88,71,91,11,76,98,96,57,87,70,26,66,72,20,58,77,44,90,2,5,4,88,27,68,66,4,84,33,35,96,59,11,34,31,22,80,40,46,45,65,39,91,37,69,10,97,9,51,70,7,34,52,30,57,1,62,49,55,69,53,22,43,36,34,90,34,95,25,52,64,66,5,38,98,67,39,26,99,40,10,86,58,72,23,83,69,65,56,22,10,86,7,20,28,9,38,68,12
37,39,33,45,62,65,65,67,56,80,72,63,64,86,67,17,78,76,14,92,54,93,96,58,2,18,30,91,53,49,93,6,91,52,64,22,7,98,7,17,77,60,6,42,3,80,62,13,4,47,29,41,54,98,21,72,11,37,54,85,91,61,51,90,73,10,80,9,38,84,44,52,78,54,18,88,80,97,51,83,80,70,51,24,79,79,84,86,12,49,10,3,97,49,34,13,37,36,1,43
15,90,69,21,42,94,100,68,75,96,56,25,79,4,55,77,90,25,24,87,3,57,90,45,66,72,19,78,53,75,0,22,88,65,25,96,54,15,52,97,96,40,27,74,5,30,96,87,30,57,86,90,1,60,71,46,98,92,55,97,91,62,88,45,67,25,78,2,17,85,49,82,84,78,61,95,19,87,23,79,19,5,35,28,94,61,93,20,10,50,56,63,53,80,38,77,18,82,22,91
80,21,62,80,92,29,29,20,14,7,98,97,53,38,37,12,44,45,100,51,91,46,23,83,44,67,85,98,83,12,35,22,37,23,16,8,16,4,31,61,5,100,54,85,88,62,9,19,68,11,86,32,7,0,72,27,54,50,38,26,39,54,58,23,39,33,76,74,56,48,18,44,75,42,51,69,17,96,94,34,12,71,19,87,45,55,44,65,21,93,58,70,86,53,21,33,94,79,35,96
54,15,92,16,71,31,82,38,80,95,49,10,38,74,7,93,12,51,42,19,40,36,33,78,57,59,30,25,27,35,90,47,49,36,15,51,41,46,11,30,58,58,9,81,15,71,99,54,79,69,50,44,48,37,15,81,36,7,38,2,81,69,78,23,58,74,83,66,41,28,51,74,14,22,50,83,96,34,39,37,28,22,96,100,75,32,62,24,95,62,39,81,87,22,71,93,14,70,22,42
86,86,27,100,49,66,10,36,71,26,2,14,18,0,43,99,40,68,17,74,75,57,57,91,11,45,22,78,0,92,49,23,35,39,37,30,90,13,41,56,13,35,91,41,26,80,21,55,59,45,11,33,68,8,62,35,1,48,74,53,95,45,40,86,12,47,5,88,59,54,84,87,84,64,50,72,41,37,68,81,37,42,96,8,97,41,82,18,98,1,81,99,19,95,34,27,22,88,97,25
32,9,26,17,46,98,100,74,15,95,60,71,65,96,11,47,20,46,46,76,3,57,60,76,8,43,13,91,4,43,71,89,0,97,18,96,70,40,94,65,85,87,71,95,90,55,17,50,27,44,78,22,34,72,62,31,11,68,65,35,63,17,26,67,94,12,92,70,46,13,39,3,51,29,3,40,87,48,18,30,11,82,78,65,39,91,24,9,73,55,94,0,65,52,27,77,52,53,7,35
48,11,34,87,58,47,9,73,92,12,6,50,89,61,72,54,66,31,17,31,17,45,49,94,40,57,95,41,94,0,3,89,42,66,88,83,95,29,24,82,53,22,15,22,90,64,2,5,92,37,30,87,78,1,84,76,40,73,30,62,65,92,24,2,49,100,87,44,99,7,100,15,21,82,26,41,96,25,41,18,76,0,39,64,49,71,32,31,51,51,53,93,20,77,93,69,17,12,8,31
12,13,76,28,33,67,6,59,25,81,26,83,2,25,28,12,17,94,83,93,80,28,10,28,56,14,69,50,60,26,88,36,45,47,57,22,85,87,35,45,53,28,17,78,73,77,60,98,47,85,88,87,97,67,34,30,20,83,54,55,23,17,77,86,30,91,42,47,77,12,33,19,75,49,69,90,20,16,39,3,5,27,78,40,23,75,61,38,2,21,27,6,91,61,16,37,49,56,69,34
57,4,9,100,2,13,70,98,88,36,15,0,13,70,6,69,35,14,61,33,50,66,81,73,81,50,31,45,85,17,97,22,87,80,7,34,79,14,90,36,16,78,54,60,50,65,94,90,37,17,1,78,84,67,51,28,59,64,92,37,76,51,14,61,26,26,11,54,10,91,22,24,88,54,69,28,19,26,5,2,3,56,88,70,4,90,47,98,90,18,22,33,77,9,23,60,43,53,75,25
99,50,100,70,7,31,5,71,36,7,26,20,100,85,12,72,67,99,31,14,60,97,90,44,30,60,55,0,6,93,80,51,50,56,3,84,27,87,96,22,20,74,44,71,90,93,26,26,45,82,69,29,97,49,100,73,25,73,63,46,51,45,98,18,88,52,29,7,55,10,31,75,36,87,50,57,58,100,33,78,29,3,98,56,93,11,56,22,21,11,84,15,82,91,77,49,69,46,18,21
95,44,93,20,72,40,1,31,36,57,62,41,5,66,79,31,1,23,72,6,37,56,69,40,93,38,93,99,79,14,64,90,52,67,14,97,20,44,11,36,66,85,88,73,93,90,89,86,6,90,54,69,80,91,51,53,17,81,46,84,99,22,26,76,100,0,47,65,92,89,85,50,57,57,61,55,0,51,78,85,23,45,63,59,31,45,38,37,69,61,33,53,9,33,43,76,76,99,29,63
14,21,12,90,93,26,95,51,66,76,47,7,46,19,90,29,44,58,23,25,50,16,44,84,71,63,37,96,71,56,94,56,55,77,51,51,22,9,77,90,52,61,98,51,69,90,75,33,10,5,78,60,14,52,75,88,44,98,83,5,56,50,91,22,21,46,39,14,33,90,24,3,67,62,62,66,97,38,61,37,87,32,56,45,86,28,21,20,94,61,92,4,29,13,58,71,11,44,2,96
40,21,83,25,49,81,4,52,10,71,95,96,13,7,33,82,99,58,43,62,98,90,39,65,4,20,2,62,91,6,32,44,5,53,68,72,96,82,13,34,7,30,14,48,89,92,93,52,48,46,78,59,81,1,45,19,61,52,21,11,18,93,82,28,84,55,65,34,34,53,47,9,91,88,30,56,17,97,30,78,10,30,55,49,56,19,35,100,50,97,46,23,78,49,50,66,55,24,29,67
90,0,30,34,6,93,73,38,33,86,83,96,100,2,69,61,39,2,38,64,47,95,89,96,4,64,53,35,17,72,21,99,100,95,50,82,9,60,94,33,92,27,30,9,56,75,99,86,12,60,74,32,95,91,8,36,34,41,68,97,72,8,32,6,38,23,54,74,20,36,39,5,61,67,63,20,14,38,60,88,49,45,15,40,89,87,20,19,3,93,35,81,69,86,37,76,66,52,54,76
57,96,75,14,13,87,33,10,45,94,19,6,25,31,80,98,36,37,45,89,7,64,58,42,85,39,26,13,61,3,94,1,7,29,66,100,1,44,38,42,24,38,10,75,71,25,79,30,29,12,49,91,66,8,20,25,15,31,24,13,34,2,13,94,48,17,38,75,29,49,3,60,17,45,12,42,4,64,96,21,33,80,7,48,63,54,72,17,60,34,64,91,31,26,94,16,71,30,82,91
56,18,19,68,7,65,12,65,62,80,81,84,57,60,19,19,39,33,70,3,33,84,48,88,29,55,92,23,19,67,40,15,79,55,28,9,53,42,60,62,66,3,18,53,99,36,62,30,8,84,49,23,65,14,60,24,78,13,47,40,37,75,50,43,6,39,26,76,2,84,60,56,58,89,45,55,69,0,98,91,96,26,59,9,97,95,88,68,72,47,38,57,35,23,90,43,73,45,99,69
98,95,7,92,56,5,70,17,99,27,15,30,15,77,91,45,33,27,69,51,12,41,6,14,62,45,6,54,39,47,92,78,92,95,68,73,49,67,87,41,1,100,79,81,99,39,37,98,74,24,78,53,62,48,31,26,70,93,61,33,48,91,95,4,54,83,2,73,68,70,1,47,81,15,73,46,10,47,68,67,46,33,7,86,48,63,16,48,7,61,88,50,19,77,49,17,67,47,3,78
1,39,21,96,12,72,25,19,76,12,96,84,15,44,94,45,12,64,62,0,92,3,71,61,80,38,21,38,28,10,18,80,30,86,52,92,30,92,87,34,99,91,17,19,82,66,78,17,100,96,43,61,14,98,48,94,52,6,17,59,95,49,41,17,61,1,53,10,14,93,58,85,11,65,48,78,4,64,82,26,82,91,22,64,97,86,72,71,75,31,52,22,33,62,23,91,4,83,4,62
11,12,79,51,48,76,51,37,86,92,40,47,23,80,4,84,41,24,77,40,52,34,35,16,69,82,77,95,13,3,34,74,7,44,24,32,74,0,97,89,100,2,55,0,18,8,26,6,79,4,15,0,45,59,61,58,45,94,93,23,89,33,19,39,59,86,71,40,85,87,78,46,43,53,71,39,78,60,62,3,66,60,35,82,70,51,45,9,72,98,27,37,28,12,89,45,69,88,28,71
94,69,95,100,69,0,68,63,57,25,18,62,67,92,69,18,51,90,71,23,78,64,2,23,16,32,86,66,75,2,73,9,65,85,55,74,8,3,78,5,51,43,38,21,51,56,68,18,68,34,14,22,82,11,39,67,79,31,37,64,14,52,27,11,6,63,61,44,18,67,6,65,36,6,15,21,98,78,93,49,58,59,73,38,31,63,60,42,50,46,87,95,63,98,53,15,77,15,91,59
71,58,25,25,33,46,71,99,25,91,3,35,34,97,59,16,94,89,86,49,13,38,29,34,66,44,20,44,8,91,17,83,78,45,40,28,2,74,36,60,41,90,11,44,87,74,56,54,34,89,68,81,72,95,11,35,76,22,65,6,92,39,91,43,84,92,47,13,17,5,100,34,18,5,75,84,13,47,2,1,74,28,92,50,20,30,77,15,49,84,27,23,91,55,21,57,74,37,79,52
27,18,2,47,33,15,47,77,98,21,67,78,21,41,9,13,37,56,54,39,47,3,67,87,18,49,9,41,63,97,89,1,80,81,34,67,81,1,14,54,94,90,46,52,82,38,92,25,74,77,72,2,6,14,40,78,18,54,14,41,74,13,61,87,67,100,16,44,73,29,55,72,15,15,79,98,49,61,45,57,74,60,53,14,21,93,35,58,19,70,83,63,91,6,23,100,37,15,52,71
15,74,95,72,3,79,12,19,78,86,12,64,41,7,3,67,68,64,84,42,89,29,7,43,18,60,90,21,0,71,78,3,56,12,64,96,32,91,12,89,46,25,42,58,15,68,89,97,23,96,69,72,18,84,71,81,99,84,23,79,80,56,43,79,35,49,79,72,12,88,97,73,54,4,75,55,35,76,30,65,6,50,35,26,63,60,70,49,20,8,14,95,63,43,61,45,74,19,93,38
18,7,30,37,37,45,77,11,3,76,6,28,51,11,8,39,28,10,80,51,83,91,56,76,38,100,89,15,13,94,84,50,6,86,34,90,21,34,89,43,90,57,18,28,8,82,85,42,22,9,69,44,57,48,27,35,62,35,81,84,41,0,80,28,55,15,52,14,76,21,33,9,11,29,14,33,14,3,43,31,83,29,51,22,60,37,59,100,33,29,48,76,98,69,33,83,57,52,57,25
83,87,0,56,84,78,5,72,91,11,81,54,3,65,4,67,50,48,90,64,41,92,21,33,74,92,81,43,95,44,72,15,25,43,86,79,76,17,28,44,98,28,95,84,42,9,45,39,28,29,63,29,100,98,75,44,83,68,63,77,29,16,10,90,78,62,59,67,49,13,79,24,3,13,46,86,14,83,44,82,50,7,58,37,59,24,19,100,79,47,71,54,33,38,56,80,39,83,32,28
23,82,37,97,80,13,8,87,9,80,62,91,41,6,91,75,60,77,30,98,92,28,37,76,87,60,65,25,93,33,34,57,39,85,2,96,61,13,94,14,12,11,71,33,16,43,33,13,49,29,78,84,75,48,43,5,8,91,97,5,25,2,12,99,60,82,30,38,11,44,2,4,11,12,46,6,66,95,93,62,15,100,37,30,23,94,27,41,18,12,42,35,48,63,30,57,2,29,44,21
100,72,37,99,61,26,27,63,63,18,62,63,12,26,1,64,14,89,5,91,3,49,4,60,94,6,86,63,99,82,99,43,5,24,12,91,18,98,61,100,9,83,65,48,62,12,14,16,85,84,14,71,92,88,99,56,42,84,11,95,92,100,33,1,96,57,73,58,21,64,92,89,21,66,86,59,48,92,24,28,16,50,92,0,92,84,63,52,83,46,27,50,36,49,58,72,46,45,40,10
4,62,99,28,68,11,39,75,75,39,71,37,70,52,55,13,78,82,38,78,79,19,100,72,92,81,16,86,81,54,78,2,66,85,46,10,48,49,44,83,66,99,57,37,16,42,61,45,80,32,61,57,18,48,25,29,39,48,92,35,27,98,16,75,30,42,36,20,19,86,49,82,59,1,53,6,33,62,50,77,66,72,48,87,32,55,18,93,15,54,12,9,74,22,44,85,80,43,72,39
92,92,97,53,14,67,53,98,85,10,69,25,92,68,18,72,14,98,17,30,15,21,35,3,70,18,58,15,6,47,26,19,32,9,20,29,49,35,34,8,61,79,96,84,91,1,10,54,17,27,28,70,91,72,67,56,48,30,71,93,12,36,88,78,22,67,18,57,21,97,1,60,53,89,17,32,62,82,91,51,4,43,54,97,85,60,59,77,17,10,53,71,95,45,95,28,72,55,47,6
47,19,91,68,64,93,1,71,57,92,26,0,39,21,64,51,46,61,71,16,32,29,28,60,2,63,69,98,61,81,28,92,40,65,35,70,92,55,34,62,12,76,42,65,19,7,51,96,8,83,62,4,33,7,8,30,79,17,87,2,17,33,92,12,36,15,42,11,4,43,19,67,75,15,0,51,53,10,88,60,20,44,35,83,66,31,91,92,57,100,74,18,16,39,25,99,34,29,9,2
51,81,33,25,26,93,47,31,65,89,28,2,50,55,16,100,19,95,75,17,33,95,90,35,65,9,14,86,42,11,57,64,99,44,4,71,20,20,11,64,61,71,45,61,14,97,18,33,48,66,3,13,15,31,43,73,55,22,20,41,39,9,68,47,37,53,26,8,79,5,73,46,69,29,79,54,10,95,38,89,22,96,67,3,32,63,83,87,99,9,12,17,48,24,87,78,84,30,72,11
58,41,23,56,10,42,16,0,95,87,40,52,84,33,15,86,41,3,23,20,94,100,29,46,18,17,3,22,34,47,74,38,60,46,24,31,81,75,80,79,90,1,54,70,25,91,27,31,95,90,94,63,58,20,29,9,67,26,21,96,65,29,43,98,55,19,82,71,18,25,84,43,7,41,16,2,94,21,60,63,57,25,91,38,91,96,83,38,50,75,76,79,64,67,88,48,68,85,62,7
68,89,29,100,97,16,67,80,44,39,93,55,63,5,98,34,31,53,12,13,35,91,83,26,87,49,56,19,14,29,78,58,47,72,64,43,0,13,17,30,57,96,69,56,76,48,94,88,55,8,92,49,82,56,14,1,37,18,55,53,18,90,81,59,92,6,36,87,12,4,5,23,26,8,40,10,60,68,33,29,35,79,25,70,18,89,69,19,19,93,3,15,96,14,71,37,62,47,100,50
67,84,24,94,79,1,61,58,32,93,57,38,69,28,14,98,52,16,68,91,58,23,38,63,85,15,65,35,84,18,77,36,54,8,67,56,95,33,49,1,71,28,24,58,27,97,51,32,52,9,28,25,47,28,84,15,9,100,99,31,87,41,96,15,46,14,67,23,57,14,86,94,9,43,26,23,25,64,26,96,84,37,12,95,9,41,9,55,92,79,39,7,72,0,80,93,84,90,2,98
8,62,31,30,11,57,97,100,50,61,77,0,68,51,98,33,37,98,24,19,10,92,81,38,13,77,29,18,32,50,90,97,68,3,80,87,86,98,97,100,86,14,96,13,13,5,32,87,59,65,40,71,4,40,60,98,27,4,57,49,100,90,92,40,95,49,14,16,9,73,55,32,29,41,2,80,16,73,9,79,88,100,55,100,87,12,53,85,52,34,31,52,13,22,81,88,69,45,21,100
27,52,97,11,94,87,69,34,37,78,99,4,36,7,11,36,1,84,88,26,33,91,17,41,44,70,58,70,7,2,69,71,89,66,19,48,5,19,9,32,90,58,97,47,30,47,36,44,22,68,1,62,92,69,2,45,5,73,11,51,67,36,84,59,62,43,50,71,75,40,48,45,80,44,66,78,36,13,24,27,59,80,85,35,27,82,14,13,82,54,81,43,33,18,33,41,59,68,31,52
51,37,31,53,55,10,5,81,2,8,33,93,10,31,22,70,21,47,45,55,32,68,34,38,27,82,92,0,32,29,23,12,39,39,23,6,73,6,2,95,30,2,100,82,87,97,44,11,97,73,45,60,64,73,29,53,44,21,7,23,90,63,11,22,91,30,60,41,4,21,29,42,16,60,46,66,74,79,52,81,50,18,15,29,31,22,6,0,71,86,24,63,66,32,23,44,7,8,40,0
65,26,76,61,100,89,78,99,33,91,50,34,87,42,10,78,88,36,89,81,0,35,39,91,56,94,34,59,26,78,29,81,85,16,5,6,92,80,0,22,100,34,62,3,84,19,30,77,64,43,49,34,34,91,6,5,35,55,42,70,15,37,8,79,1,5,62,100,31,68,33,35,14,35,11,65,53,56,14,67,2,74,72,100,73,20,98,5,52,74,2,25,79,4,53,59,74,73,37,6
82,68,37,64,44,10,40,7,59,25,83,95,85,1,39,82,76,94,2,34,91,50,2,22,32,11,54,5,50,91,19,44,37,56,71,34,43,89,46,36,44,97,81,13,33,55,15,59,28,97,77,93,12,89,42,71,98,80,85,21,96,74,40,100,29,13,93,61,98,52,37,92,26,38,20,97,81,61,39,31,81,99,12,13,71,12,92,29,41,34,36,45,34,76,20,88,2,83,29,38
11,1,51,18,70,63,69,94,20,99,70,92,14,8,62,43,85,80,89,91,61,31,89,82,49,48,15,23,15,97,25,64,54,66,21,51,71,15,13,47,84,43,23,61,75,86,33,25,6,66,77,17,4,26,4,42,86,71,34,12,49,15,40,38,54,11,12,90,96,45,26,87,28,23,34,78,93,95,4,6,23,7,69,57,57,50,36,72,94,89,100,40,27,58,0,36,32,35,92,96
66,83,80,84,32,9,72,10,66,96,55,81,45,78,35,78,56,37,43,78,21,19,81,87,40,35,54,20,78,93,35,92,5,36,36,89,68,19,94,33,17,40,96,64,86,71,1,29,11,53,68,23,59,0,77,89,24,35,91,89,88,15,69,31,43,84,47,5,58,6,17,31,98,86,88,64,76,50,45,37,55,60,90,51,54,56,36,64,16,87,78,81,54,5,95,96,25,98,4,13
20,60,39,62,91,5,2,22,67,84,5,19,54,2,13,33,95,73,8,89,84,99,9,62,39,39,23,17,62,74,12,24,63,60,1,96,96,12,55,44,89,66,96,35,18,8,94,58,52,72,89,99,59,50,19,98,37,1,23,29,35,87,26,36,27,49,53,39,20,80,48,27,88,45,15,83,60,28,20,14,46,29,47,13,7,75,32,71,13,27,38,38,2,29,11,61,82,75,11,98
45,81,98,76,1,91,31,71,99,96,12,72,96,48,83,68,46,59,3,98,97,59,61,89,66,47,12,34,68,75,77,69,88,37,97,7,77,88,16,96,62,6,84,29,63,14,34,24,60,66,47,20,11,65,36,85,57,65,85,68,97,10,46,90,63,4,85,37,15,94,34,99,70,74,50,61,99,24,48,27,94,91,63,33,51,76,16,24,72,15,16,32,6,80,38,43,86,61,34,45
12,56,53,91,27,55,68,46,65,74,76,70,64,58,90,36,83,21,15,70,51,57,97,85,61,93,25,13,12,17,45,84,86,44,22,30,29,95,9,42,17,63,17,82,10,49,83,92,85,90,28,74,78,58,95,60,18,14,67,41,96,50,20,19,6,89,40,100,1,63,40,35,54,35,32,53,24,36,62,0,56,90,3,63,64,21,88,62,30,64,1,20,34,3,2,29,58,93,17,2
83,91,3,3,48,4,75,9,2,16,66,42,27,88,44,69,45,59,33,51,56,34,42,37,95,2,94,51,65,30,55,16,78,57,41,89,39,18,75,44,76,13,13,55,45,39,66,40,66,27,82,99,62,14,14,4,65,79,84,60,72,98,79,13,69,82,9,77,14,48,89,26,34,47,53,77,62,97,76,45,71,45,1,45,16,8,44,90,37,42,32,25,30,71,93,95,75,88,59,8
71,94,65,17,83,1,89,76,99,13,88,6,21,79,88,11,95,92,28,67,3,32,14,40,92,97,60,53,36,54,30,82,0,11,92,24,95,76,36,10,15,48,61,82,88,81,11,57,94,94,65,77,32,41,76,100,68,1,14,72,19,44,29,75,92,41,1,18,43,23,56,85,27,8,52,55,9,42,30,47,80,46,36,13,19,32,77,42,77,94,90,65,28,21,57,65,8,98,75,91
46,7,19,72,68,64,83,42,78,85,1,57,10,90,59,57,15,76,25,83,45,55,10,18,6,66,35,94,41,4,16,5,97,3,80,95,43,95,1,14,4,94,0,91,56,69,28,29,5,61,39,48,64,79,18,15,61,87,40,52,37,2,6,0,77,94,46,21,58,90,59,49,67,60,13,92,58,62,12,17,32,34,32,7,1,100,91,73,53,10,59,53,90,8,20,42,56,4,61,73
80,88,96,66,43,80,81,31,95,17,46,42,4,87,5,5,37,56,87,85,76,73,19,37,40,6,0,34,55,55,4,80,87,53,9,38,16,47,69,56,92,34,71,88,82,100,67,55,10,48,91,54,28,44,2,72,56,76,53,93,79,28,41,84,24,16,51,22,22,18,26,79,76,19,54,43,54,94,67,25,86,59,52,51,15,61,16,62,21,49,62,25,41,47,30,94,31,53,37,29
0,91,65,16,87,48,84,76,51,22,73,25,45,46,53,44,1,48,98,94,94,43,7,44,15,83,24,71,15,64,72,94,29,87,37,99,67,58,0,44,81,16,69,63,19,5,74,1,34,39,17,76,85,92,40,12,93,32,79,30,43,79,64,36,34,81,27,66,60,12,67,28,100,51,67,3,0,12,28,76,47,53,36,89,0,78,35,24,86,67,36,37,19,10,82,18,65,86,6,75
100,45,25,74,15,28,23,38,88,91,98,24,59,86,15,3,45,84,92,81,13,7,98,20,69,77,56,59,11,32,11,12,32,51,56,63,88,42,36,53,71,93,11,96,88,19,83,69,35,13,28,7,80,88,84,78,55,62,74,52,24,89,43,93,25,95,40,89,80,82,34,89,60,67,83,96,70,88,90,64,54,78,84,20,4,89,52,65,10,59,96,95,64,23,42,44,92,54,55,98
41,71,90,55,93,54,3,3,72,51,39,99,34,77,78,92,30,44,39,48,43,35,99,84,23,61,71,35,95,22,80,49,80,97,44,79,82,16,37,57,86,62,99,15,77,14,60,76,68,18,89,88,46,30,15,59,20,82,68,31,71,22,28,18,78,15,97,10,77,59,52,78,38,50,12,97,12,93,0,26,9,97,97,99,22,4,63,11,12,26,65,42,52,64,8,91,0,45,95,44
30,42,59,44,36,8,56,1,2,10,23,67,58,38,100,77,8,53,73,28,86,67,20,23,19,99,33,23,14,26,3,27,1,4,98,14,29,46,69,24,80,85,45,76,50,32,36,61,29,6,45,9,26,70,20,13,76,29,38,8,60,46,47,26,58,17,73,85,30,16,32,35,78,25,77,75,9,67,15,51,85,63,42,23,17,15,77,57,54,23,62,60,84,100,37,2,31,95,33,6
43,41,72,26,19,94,94,43,51,8,74,88,82,85,46,27,83,60,56,58,10,72,85,5,56,63,23,26,21,42,85,33,43,4,28,39,4,85,28,72,10,37,18,51,49,33,50,87,35,6,39,70,87,91,80,51,92,24,54,75,7,14,95,28,44,97,42,29,61,51,35,61,96,31,19,36,84,13,48,25,10,43,76,81,12,7,13,48,41,34,32,12,64,89,67,64,41,12,44,41
38,64,54,71,46,61,16,26,79,17,73,33,43,87,32,76,99,28,13,52,60,58,93,81,85,6,70,12,54,29,16,8,18,8,91,46,39,61,88,98,91,67,54,70,66,13,58,36,20,1,42,94,71,5,23,30,54,10,99,87,37,10,49,12,81,55,47,89,68,21,51,54,20,85,43,71,40,62,7,80,37,79,3,6,26,38,0,16,32,8,5,82,73,2,18,96,44,41,58,11
63,51,35,44,32,53,35,33,2,8,23,91,45,99,77,22,42,93,29,62,20,89,67,50,62,76,37,85,59,18,38,65,48,39,50,32,92,50,12,3,77,11,30,73,31,96,62,24,67,25,6,3,92,69,72,85,56,43,82,25,91,59,88,78,18,25,69,26,78,16,27,13,83,96,85,10,15,61,41,32,43,85,37,89,84,25,51,10,68,99,98,74,84,39,91,87,46,85,16,23
15,5,5,69,87,63,57,3,85,30,2,36,83,34,55,95,31,25,88,73,43,83,65,35,28,31,50,6,19,19,59,4,24,84,26,69,54,29,7,61,92,29,90,93,72,15,95,99,67,54,21,8,42,24,73,78,81,51,26,58,15,46,64,92,37,25,38,100,43,24,33,8,7,45,54,36,90,25,62,95,36,28,95,81,66,22,64,55,36,73,98,37,52,25,68,54,23,23,85,29
26,88,82,6,64,41,54,8,6,4,42,7,44,50,56,71,36,8,29,47,3,45,50,68,2,53,46,94,50,50,21,27,93,41,59,81,53,94,67,98,50,22,87,76,74,61,31,62,32,54,7,27,84,44,19,92,85,50,100,77,79,72,80,20,54,77,7,74,91,44,11,34,73,0,16,17,93,79,17,61,83,94,39,72,23,11,22,21,96,15,11,44,31,43,88,86,74,15,62,53
38,9,83,24,98,86,73,38,89,66,7,20,28,96,1,63,61,25,27,54,55,13,45,23,7,14,84,10,60,25,85,97,27,96,92,67,32,73,79,29,37,92,73,34,67,10,89,44,94,67,96,30,89,27,86,90,37,61,75,14,25,28,35,23,51,64,6,15,76,7,30,29,92,0,46,2,90,56,40,36,57,21,79,71,87,15,92,10,94,51,23,31,13,32,2,22,26,0,54,73
43,15,97,41,48,76,65,93,96,87,14,7,12,60,16,62,61,53,74,63,30,41,65,11,82,83,98,81,97,81,4,83,83,0,78,76,58,92,54,42,96,25,87,18,24,7,42,17,45,8,20,3,73,74,35,63,23,67,28,43,18,0,56,88,89,21,67,3,90,5,33,73,31,58,82,1,70,9,7,53,54,79,1,21,99,45,54,99,69,20,13,19,12,64,27,79,20,83,28,59
57,58,79,60,19,12,49,37,3,77,50,58,91,7,26,92,80,25,2,84,0,30,31,44,9,85,46,42,78,18,87,27,93,20,20,16,91,37,52,14,7,69,22,43,11,80,72,16,48,55,38,92,70,73,78,52,95,19,75,50,62,21,5,42,13,40,72,40,14,78,63,28,61,68,11,89,35,29,1,92,5,40,2,93,43,54,100,69,18,85,7,6,2,67,71,62,27,59,24,54
76,71,19,21,43,0,85,3,19,75,35,19,45,97,55,77,33,81,21,28,0,5,79,27,66,18,10,0,73,89,20,46,74,76,49,76,82,97,9,36,89,67,18,86,63,48,52,73,32,31,12,18,4,44,2,85,18,88,66,54,91,7,93,14,87,6,86,41,50,37,21,69,30,46,64,11,96,79,2,78,39,100,44,16,87,31,60,73,79,49,52,44,78,62,77,93,6,7,63,66
95,55,64,16,43,96,47,81,67,31,19,20,64,49,73,14,77,19,62,37,9,7,49,59,16,46,46,64,35,0,69,16,44,82,2,91,50,11,35,54,18,68,53,4,86,97,34,74,0,1,52,12,92,16,86,96,10,14,89,63,27,63,68,8,13,58,81,14,99,21,30,25,11,32,35,66,54,41,70,61,77,22,73,39,45,40,55,41,100,98,8,69,22,47,36,83,83,70,9,68
69,79,29,33,2,27,26,59,100,86,16,68,27,66,2,81,12,88,12,8,95,90,79,81,40,73,85,4,66,17,50,9,33,65,60,61,39,77,81,2,44,21,43,1,61,26,86,48,23,24,20,16,9,65,42,17,35,86,82,9,65,6,5,99,57,11,25,21,87,88,45,66,4,5,57,11,6,28,11,91,0,71,43,88,84,78,2,41,4,57,71,56,69,6,72,52,35,22,69,10
55,94,12,7,12,89,24,86,0,83,32,11,88,60,22,6,71,40,3,68,24,95,43,15,68,68,83,88,10,36,86,0,78,94,17,8,81,11,24,45,90,77,26,51,83,60,49,51,31,57,1,19,57,84,76,10,4,58,39,72,83,100,37,71,77,42,11,69,18,9,44,46,12,63,59,40,72,2,64,36,27,3,55,91,80,65,24,92,28,15,28,99,87,66,36,56,22,82,5,5
100,46,61,72,37,33,85,4,35,32,82,84,46,86,71,1,59,79,72,59,70,67,44,33,1,86,4,72,91,6,81,12,38,77,54,85,11,42,93,63,78,4,64,55,77,15,58,84,12,52,56,33,72,37,6,74,52,65,44,91,38,4,2,95,20,99,65,96,63,60,24,31,58,42,11,30,60,43,92,54,79,95,16,16,72,42,66,11,12,38,16,78,92,3,90,50,91,5,69,49
27,77,89,68,51,79,69,65,91,8,24,26,8,95,72,20,3,97,88,57,37,30,1,71,18,27,1,10,91,52,61,91,56,32,66,74,30,73,58,78,94,7,67,24,9,5,84,97,12,15,8,15,35,18,43,73,52,89,86,33,1,33,23,40,94,77,98,60,5,0,32,56,32,39,75,55,38,51,80,53,58,39,3,57,95,89,82,3,36,80,56,53,91,38,45,34,33,21,79,12
18,16,2,53,11,75,45,0,61,16,26,13,57,30,94,33,78,32,10,33,73,27,22,98,35,75,6,63,65,12,81,69,29,9,9,35,32,67,1,24,62,99,73,68,84,15,43,3,83,78,89,100,80,57,13,87,1,45,34,94,54,89,38,65,12,98,88,4,81,68,37,53,1,47,79,86,55,88,19,36,55,36,43,73,94,3,86,47,96,20,32,84,76,17,67,64,40,87,28,57
28,44,82,91,97,28,57,66,16,72,27,50,100,18,43,26,38,19,5,31,80,90,32,38,37,9,9,74,64,65,77,82,7,61,33,54,77,75,69,74,73,65,63,41,60,82,20,68,83,46,32,87,27,77,12,35,92,73,37,15,77,72,22,14,37,97,71,28,47,97,42,39,3,12,23,77,55,43,68,56,24,40,98,44,65,42,40,20,35,15,75,25,79,81,12,39,56,2,2,1
16,89,1,33,10,97,18,95,30,11,59,36,56,61,31,20,99,77,55,99,42,79,80,43,40,58,75,49,92,31,68,17,85,14,42,42,48,5,60,30,4,100,31,76,28,11,60,73,11,91,8,15,15,25,77,67,80,96,7,80,34,8,100,89,75,4,90,18,94,3,73,91,52,73,83,12,35,38,100,23,13,55,58,58,60,31,85,85,79,1,42,56,89,62,25,61,18,61,15,21
14,5,42,72,78,0,81,45,87,20,100,78,4,41,52,67,26,88,41,53,90,91,19,70,84,82,59,29,59,92,88,2,89,96,25,74,85,92,63,25,72,80,24,59,94,91,70,45,7,82,42,78,14,61,5,86,27,4,44,99,93,41,25,49,67,5,73,86,54,2,95,18,16,50,45,4,53,32,21,28,30,3,41,97,2,60,54,17,51,61,26,59,45,29,26,11,98,90,75,39
59,27,19,49,1,45,93,22,9,93,80,51,65,99,62,23,44,88,79,1,80,28,2,19,59,33,35,86,69,82,6,0,87,20,16,26,97,14,13,39,100,70,98,64,46,74,44,100,18,69,17,45,34,3,60,18,70,17,30,56,55,36,6,32,100,35,100,5,92,55,15,96,22,9,3,60,96,33,38,54,80,98,50,68,20,84,21,39,50,19,4,12,5,98,0,66,26,14,76,63
14,5,57,78,51,82,85,10,3,2,91,70,19,82,29,36,51,80,91,87,13,22,32,39,35,38,1,42,66,90,91,80,2,32,52,36,72,36,48,83,29,96,35,16,25,73,64,62,98,47,21,20,17,52,83,87,82,37,53,85,49,26,64,60,12,28,49,2,14,48,23,99,100,76,30,4,72,79,70,39,42,91,0,8,85,46,79,32,75,49,17,83,5,2,14,73,19,66,50,54
2,19,70,22,66,87,37,73,52,12,30,99,19,89,44,90,9,100,80,44,83,69,54,26,95,29,24,20,44,49,66,39,86,52,51,73,4,68,3,41,99,64,95,52,55,36,85,69,25,70,44,38,74,56,7,22,15,30,25,41,95,57,15,14,89,64,85,87,83,93,46,25,8,69,22,36,41,97,50,73,79,68,15,84,76,76,59,12,24,67,43,72,63,45,36,23,70,12,17,29
39,8,77,33,33,27,51,62,0,88,94,46,13,1,91,72,24,26,38,24,76,61,45,6,20,14,16,28,43,83,7,84,29,74,25,69,38,44,21,26,4,32,31,18,60,43,89,27,26,34,88,68,32,53,35,80,82,64,64,67,49,45,18,91,71,50,34,46,32,10,72,81,31,11,66,93,75,20,73,30,16,11,25,40,78,95,74,76,80,73,41,79,29,27,82,19,40,30,32,6
46,20,65,85,26,15,4,52,45,100,19,6,28,37,17,86,5,21,72,58,20,0,88,58,0,63,35,30,50,13,85,61,45,8,47,54,18,42,7,38,50,23,44,24,47,79,92,18,68,1,75,97,11,30,76,38,12,79,40,50,11,43,11,29,47,93,35,25,29,94,84,67,44,92,46,90,22,5,59,56,28,11,56,96,96,65,62,73,56,84,66,94,50,9,21,87,33,4,4,49
43,62,48,57,54,20,3,63,9,90,66,43,55,28,100,47,61,52,94,83,31,77,47,87,40,49,17,44,88,3,57,19,77,22,100,42,19,6,38,94,75,82,31,89,76,10,94,29,30,56,96,50,54,48,66,56,80,84,100,57,12,87,60,99,68,26,31,72,44,97,35,36,30,79,36,53,78,37,52,27,73,79,65,89,42,75,2,57,11,7,82,12,44,73,10,21,50,50,12,32
100,8,42,28,91,6,97,99,96,78,23,2,36,84,17,63,60,65,75,12,11,23,66,4,54,11,77,88,57,70,71,55,39,1,46,29,60,36,0,42,65,92,16,12,50,68,14,3,70,29,16,61,29,97,0,19,35,26,25,42,88,26,82,28,96,57,50,16,41,50,6,30,97,41,47,29,56,73,55,9,78,39,77,41,52,48,10,100,27,41,92,27,49,23,84,13,24,18,44,43
53,77,51,85,5,35,8,80,79,23,94,11,89,52,89,97,45,18,59,95,56,9,14,75,44,76,20,83,79,46,16,4,87,74,40,36,0,29,26,22,21,26,15,73,19,48,86,21,56,90,70,68,23,50,7,62,24,85,61,10,27,82,99,0,74,63,52,49,47,1,60,41,96,48,18,39,98,45,12,79,45,8,12,94,28,58,86,93,69,65,7,71,35,16,3,20,63,4,26,52
60,36,28,53,41,71,4,99,63,3,4,83,14,68,36,1,42,71,89,79,43,59,56,16,52,30,59,67,50,27,41,90,21,51,39,12,11,73,17,49,44,7,83,56,47,47,19,64,14,76,44,93,52,59,79,83,60,21,62,60,67,34,63,7,1,56,82,58,58,26,34,95,39,14,36,28,52,26,72,76,21,80,7,21,24,3,76,43,29,52,74,70,86,40,15,14,60,61,71,60
98,74,6,89,16,22,5,95,47,31,21,21,94,33,25,11,49,49,55,63,31,98,51,74,13,41,38,61,68,82,96,64,62,54,25,25,33,95,100,37,53,44,42,45,53,19,6,64,2,68,95,47,94,36,89,88,93,27,18,82,74,75,22,82,25,84,52,91,11,49,90,20,45,78,35,53,21,77,74,24,0,22,14,44,66,85,59,95,37,74,67,45,81,7,70,88,6,24,65,97
10,45,61,27,12,77,65,78,51,57,82,48,100,95,99,68,66,88,30,31,36,25,98,17,42,6,19,28,0,12,62,88,48,36,40,6,79,66,77,52,20,25,92,19,59,96,96,30,20,87,29,56,35,30,7,66,64,45,5,50,72,16,80,81,80,35,1,86,44,67,95,64,96,97,71,85,47,13,16,13,33,48,52,38,9,86,40,52,24,28,52,81,58,79,27,31,14,19,25,0