26,55,57,72,85,23,26,11,40,66,17,43,38,1,89,25,3,54,39,65,27,90,83,3,61,29,36,31,68,28,59,23,9,73,22,2,25,51,43,62,31,50,55,28,95,98,52,88,51,85,70,90,39,29,75,93,77,19,70,66,13,81,66,1,4,27,40,10,67,59,19,91,64,8,16,61,31,96,99,17,28,27,93,12,8,40,92,60,67,66,48,23,28,66,66,35,73,64,71,83
36,88,83,79,72,7,11,68,37,2,67,15,18,48,99,91,61,79,38,46,17,44,36,50,32,33,48,38,52,85,0,63,60,29,10,93,55,63,39,7,83,22,37,57,6,32,85,40,77,9,90,49,26,75,16,76,16,73,20,65,74,58,7,70,2,37,40,48,68,5,64,78,87,28,60,40,78,42,64,10,56,49,26,89,21,89,13,7,63,14,65,94,54,70,37,68,23,48,16,5
2,1,75,80,21,40,4,82,84,26,46,31,63,14,87,81,45,52,73,6,38,13,3,77,56,55,62,7,88,72,73,41,24,33,90,99,69,22,44,13,7,47,95,19,30,9,19,72,14,2,22,14,78,93,79,61,60,36,72,73,74,93,23,21,70,60,30,46,62,22,92,67,49,90,17,0,35,14,85,66,41,54,2,41,58,32,61,86,70,23,22,24,70,15,1,82,94,96,69,7
65,6,59,21,45,77,48,70,19,34,66,71,11,78,9,42,20,70,56,21,57,68,32,55,17,86,4,100,32,12,72,48,22,93,58,19,24,21,16,48,1,13,18,99,23,96,73,69,10,29,11,45,23,78,33,75,18,44,55,70,85,76,11,41,78,6,98,47,12,86,98,74,6,75,36,45,65,53,74,33,61,12,47,21,19,43,60,37,30,88,71,40,25,47,15,28,98,86,72,6
83,60,26,55,27,72,81,35,99,83,20,72,86,27,80,80,21,80,58,25,98,60,52,58,48,17,26,89,7,22,3,38,5,23,34,5,28,87,20,28,35,41,79,6,5,68,74,7,59,44,89,70,11,91,81,51,65,29,75,7,64,13,77,9,82,72,69,60,82,56,26,1,16,54,59,49,78,32,86,98,54,38,98,23,64,1,87,75,50,63,69,61,23,46,52,68,93,8,93,64
55,39,40,34,88,80,24,75,44,63,25,26,72,17,2,4,37,82,40,47,1,2,14,16,22,7,67,70,37,67,36,37,15,30,25,47,71,31,63,94,12,83,57,57,72,65,68,86,55,52,34,70,73,5,10,89,33,30,55,74,76,21,3,54,95,81,62,94,19,40,22,6,8,71,34,47,1,85,37,60,37,28,26,73,14,88,71,1,78,51,86,78,40,23,5,19,29,21,47,96
31,83,68,20,16,65,48,27,4,7,38,78,90,49,2,94,43,15,46,46,37,38,18,29,72,35,83,37,36,85,44,77,94,12,43,1,67,100,32,74,55,83,52,88,66,45,56,64,66,83,31,49,46,4,72,38,70,95,84,37,84,96,97,54,83,10,47,22,21,79,63,41,25,49,90,49,59,14,53,58,42,72,94,95,76,2,59,12,34,61,79,7,30,95,62,59,63,60,77,51
19,81,50,20,27,41,0,0,27,11,41,58,21,71,74,79,32,56,1,37,39,91,85,82,20,44,64,24,49,58,13,66,85,93,40,29,78,46,60,24,31,86,18,22,15,11,77,45,88,39,81,62,29,56,15,19,63,3,100,58,28,28,32,23,74,78,63,59,67,97,50,63,81,35,69,20,10,70,95,97,19,4,40,1,80,64,32,79,96,68,4,9,76,96,94,98,88,51,5,29
62,48,69,56,24,57,43,88,83,84,97,44,93,55,59,71,67,33,64,74,25,21,24,42,92,43,76,44,80,4,99,99,89,1,5,7,89,5,89,39,80,17,46,35,43,91,83,96,81,49,5,92,18,26,30,42,90,97,52,40,72,31,62,48,56,68,56,66,57,35,50,55,53,33,94,39,98,64,74,0,88,69,100,55,20,81,54,11,51,61,13,42,5,79,57,59,8,88,17,94
74,63,2,84,8,11,11,30,37,42,79,63,4,80,50,65,60,68,67,15,14,53,58,44,16,54,54,67,89,26,52,76,77,99,37,10,51,94,34,14,5,61,5,60,89,64,26,23,10,66,40,56,95,57,84,100,74,35,5,99,59,0,78,66,62,22,8,80,0,79,21,68,27,55,60,59,59,22,66,7,49,83,83,50,69,37,48,86,34,0,8,74,7,55,43,22,17,67,22,76
45,65,31,3,76,37,48,77,2,60,74,33,56,69,29,59,28,100,43,29,93,56,20,38,50,36,22,25,49,65,12,52,81,50,97,14,97,65,4,82,91,89,95,64,29,99,17,32,87,61,34,27,17,55,98,86,30,67,2,0,78,50,19,33,57,56,99,66,71,66,85,67,7,60,58,66,66,90,46,31,100,71,74,1,63,2,33,11,43,1,56,6,90,95,55,36,98,68,7,18
4,76,6,47,40,90,78,44,64,89,47,74,93,52,46,87,4,56,43,23,6,26,73,95,88,83,95,50,33,43,44,19,41,82,3,1,9,15,18,71,69,57,33,80,45,96,74,70,76,87,29,1,56,50,26,93,0,98,42,85,29,67,84,6,90,43,26,14,53,70,92,27,49,38,47,67,57,85,91,17,48,80,70,1,77,99,73,9,5,17,14,73,79,91,60,50,39,11,6,35
59,10,34,74,69,56,33,51,26,88,36,54,70,56,59,87,33,18,76,45,35,84,88,83,4,90,67,96,49,80,95,21,52,52,18,34,70,62,68,90,58,56,43,35,28,47,5,78,82,62,51,32,2,20,53,68,58,32,59,98,78,76,71,77,35,85,68,52,73,67,54,43,38,83,60,80,50,97,86,52,2,97,46,97,89,4,8,32,29,30,94,29,18,29,85,97,4,37,48,78
25,44,2,18,74,6,56,100,73,35,13,57,36,15,39,82,42,61,23,30,66,26,6,31,41,1,72,16,42,77,80,50,34,99,95,0,62,70,95,40,59,5,17,8,90,100,35,97,70,26,52,58,45,4,38,18,68,89,81,46,27,67,62,96,77,19,81,99,54,74,49,70,27,4,42,58,18,85,9,99,67,55,69,92,44,57,24,12,20,4,44,50,5,24,15,10,72,9,46,1
67,42,58,17,67,27,99,56,75,55,32,57,89,13,49,19,96,54,34,50,10,77,17,16,18,18,9,60,50,33,30,31,98,47,56,33,99,23,42,45,11,55,64,83,86,59,46,44,100,20,71,47,92,19,48,70,65,26,7,91,37,95,69,41,95,31,89,99,14,57,11,36,42,84,27,53,78,79,77,75,29,81,43,43,50,57,58,29,3,23,30,22,37,65,43,33,9,57,37,95
100,9,53,17,57,10,31,49,100,13,65,45,78,9,18,91,57,67,47,2,0,87,25,78,43,46,9,26,49,2,37,99,49,74,95,31,87,25,27,86,55,21,80,86,88,16,32,45,18,61,93,0,0,50,43,88,73,13,100,70,49,73,36,25,78,47,71,79,61,1,81,25,81,90,65,8,64,37,47,34,88,8,89,30,38,18,64,86,63,61,41,0,20,91,37,30,20,79,5,35
26,69,63,34,86,78,68,100,100,18,31,24,73,72,74,78,91,64,3,89,8,68,90,56,40,88,65,72,68,86,0,76,28,86,50,32,51,46,72,51,21,38,86,20,76,93,17,63,19,98,49,50,44,72,48,22,96,82,25,76,81,33,46,95,63,32,55,99,52,81,91,9,83,54,88,65,89,34,20,64,86,45,69,90,46,67,74,17,3,38,3,16,67,16,70,73,46,63,57,14
0,34,75,47,60,23,10,22,37,39,40,95,92,96,44,94,56,28,39,36,57,24,20,70,42,20,98,18,42,100,14,14,29,29,57,46,84,50,32,59,65,65,52,9,3,78,83,3,33,51,38,13,73,66,72,93,98,81,93,60,1,34,71,70,100,41,76,72,6,43,55,60,70,96,70,24,40,35,75,79,99,47,53,40,85,54,9,68,29,97,45,98,52,15,46,54,52,5,57,86
5,46,30,14,84,13,17,77,17,43,19,3,76,73,36,27,49,83,95,48,3,90,78,42,20,64,78,21,76,69,81,21,16,68,1,83,65,59,11,35,10,49,78,39,15,24,1,30,91,36,64,46,93,46,39,82,23,53,40,55,68,98,44,2,21,11,25,60,33,29,43,91,12,45,58,4,52,89,44,65,10,95,14,54,34,96,31,96,79,20,22,16,22,23,56,93,44,81,55,17
5,17,92,18,1,32,78,43,96,79,56,92,64,52,35,95,93,2,29,40,29,52,84,76,96,86,50,2,94,91,85,50,6,5,15,95,24,11,82,89,23,62,57,3,63,10,79,30,15,76,38,89,95,42,79,23,14,41,73,64,16,98,96,68,24,32,44,80,66,5,99,13,28,17,81,46,72,5,12,11,40,55,93,81,88,1,10,34,42,37,55,30,61,34,99,84,24,41,52,71
48,81,80,73,97,47,48,97,2,58,62,81,97,69,82,15,51,35,88,43,11,65,92,23,84,29,81,30,5,56,63,11,40,35,50,99,10,33,62,35,8,32,41,47,33,91,13,73,83,3,50,15,18,31,30,79,10,2,16,25,56,88,39,36,40,36,19,29,89,94,16,10,92,22,66,15,77,73,34,18,16,69,53,55,56,83,88,70,55,8,24,17,22,93,91,58,27,33,36,93
66,17,63,84,65,4,63,100,25,63,50,59,92,67,6,24,99,39,87,65,16,32,61,2,38,78,59,26,27,66,15,41,42,64,65,97,4,30,52,57,7,12,96,46,39,1,69,65,79,72,76,83,16,55,56,54,46,93,34,89,70,64,59,97,54,69,32,52,100,34,43,42,26,77,19,94,55,65,43,27,55,81,95,45,83,78,49,41,38,31,60,27,68,90,25,26,79,82,81,77
51,57,64,54,86,74,77,76,48,47,4,3,43,23,69,83,28,0,55,44,62,90,49,36,78,2,18,49,47,52,92,48,34,7,5,57,61,93,55,42,33,91,36,77,99,86,43,41,43,29,73,49,14,19,23,40,32,47,48,95,5,30,22,61,68,40,39,86,100,100,50,97,4,23,94,69,56,18,23,79,38,45,55,60,49,97,53,52,7,37,66,81,17,44,95,26,66,7,70,62
49,41,98,13,25,89,85,96,54,55,18,66,9,16,52,30,78,84,24,67,2,54,52,9,78,8,97,2,1,66,41,54,91,94,64,18,92,78,22,56,100,66,82,33,52,4,85,52,33,76,89,93,21,2,20,51,18,86,55,31,11,37,62,48,29,36,48,93,3,37,27,28,74,85,41,69,47,24,47,9,69,12,53,16,53,76,82,62,98,27,29,81,1,52,44,61,16,58,37,44
37,96,14,3,34,5,28,93,98,79,36,90,12,64,28,69,40,61,80,58,88,55,30,14,25,60,41,77,57,93,1,13,100,65,95,59,94,9,76,36,27,54,94,37,13,63,26,42,27,43,70,93,47,93,98,19,2,43,93,28,28,87,76,96,89,21,31,95,85,33,23,46,25,0,92,26,8,48,91,79,55,40,60,46,52,64,13,51,42,40,23,66,21,33,64,43,65,97,28,82
18,52,7,39,87,85,43,61,49,20,7,12,84,4,84,53,13,8,59,72,78,81,86,19,20,34,63,63,32,51,5,63,1,1,70,58,99,40,78,17,36,64,37,32,82,49,19,46,48,77,91,29,29,67,8,3,49,34,19,29,8,44,1,35,40,14,67,77,72,93,79,97,88,36,39,80,86,17,91,12,49,63,52,98,73,1,25,54,5,87,45,81,28,19,35,20,56,99,43,79
50,51,46,26,24,19,69,56,65,63,73,38,84,67,58,63,22,1,98,55,42,31,49,77,27,49,48,65,8,47,82,70,18,97,93,12,87,50,98,8,60,34,55,97,58,38,1,17,97,4,94,61,81,8,57,44,96,3,4,83,93,62,30,88,63,78,98,25,15,72,7,21,93,34,49,42,64,38,13,17,93,21,5,93,2,15,29,17,97,81,55,90,91,38,71,51,46,45,45,26
34,87,46,22,63,54,16,27,22,32,99,9,3,44,3,43,6,52,23,34,5,53,0,42,83,100,62,44,99,24,39,26,40,82,12,2,64,63,7,44,34,36,39,64,8,53,45,77,70,48,28,33,76,1,93,78,35,81,38,100,30,81,98,38,35,16,66,4,82,92,92,11,47,39,50,43,24,23,39,32,16,62,56,91,64,100,78,24,5,12,8,75,24,100,69,63,6,67,39,21
81,97,37,82,10,5,34,30,18,6,48,11,13,81,45,100,34,9,77,22,11,11,30,49,53,56,62,54,88,41,88,9,42,19,24,47,58,60,13,16,63,48,99,27,86,24,76,2,22,76,61,85,20,83,33,87,38,75,98,73,43,74,46,92,16,76,45,51,50,6,22,25,86,56,80,87,29,73,94,34,67,41,55,65,45,41,0,96,75,58,13,12,36,2,17,52,96,77,99,32
4,66,44,49,75,82,77,51,66,22,5,87,1,59,39,21,50,87,22,32,4,95,24,79,13,27,8,56,67,84,54,72,35,59,35,69,12,57,80,92,90,54,6,78,20,42,4,75,86,40,98,41,64,50,46,54,49,70,68,51,61,99,51,48,44,19,12,35,6,25,81,76,12,48,94,41,66,4,40,56,34,96,56,84,50,77,77,11,88,57,4,80,94,26,9,20,26,21,59,37
44,12,82,70,48,21,0,90,63,90,27,47,75,61,75,32,75,88,69,97,66,33,34,61,44,91,81,27,99,42,89,14,98,93,79,25,53,12,99,28,62,12,15,19,12,19,85,10,91,18,85,89,4,86,61,69,100,40,32,74,73,84,19,38,81,15,73,17,75,10,17,22,7,89,40,41,28,54,71,74,9,47,37,56,45,56,15,77,66,61,5,57,52,45,45,73,33,6,68,65
34,77,41,20,24,68,96,93,39,62,42,85,55,56,15,95,19,44,63,19,88,95,58,95,17,0,60,79,7,79,12,40,19,53,42,50,80,48,34,31,80,73,76,43,39,33,34,60,3,9,54,32,91,91,19,51,18,17,60,15,46,28,33,26,24,76,97,26,69,14,25,41,82,58,25,29,50,64,12,3,60,1,90,78,64,71,85,89,84,14,1,30,52,12,37,85,19,64,77,44
46,5,52,85,76,37,12,93,42,78,75,79,51,75,21,39,48,63,50,59,28,65,26,71,10,55,70,9,74,27,98,26,86,42,38,13,22,47,38,53,32,3,1,31,58,52,71,3,56,100,51,51,42,67,7,16,70,3,85,85,97,60,1,86,97,67,3,85,32,42,53,35,81,91,90,98,15,70,35,87,67,35,98,27,23,83,6,85,22,71,80,95,42,59,38,38,24,29,35,25
49,15,100,66,73,70,59,43,33,6,17,5,5,50,32,20,77,3,54,56,19,37,42,50,19,2,94,63,57,54,53,71,17,100,0,27,23,28,53,36,44,0,97,10,21,57,82,45,100,16,28,88,18,69,23,91,32,37,11,83,36,31,97,61,93,33,35,91,21,16,48,10,71,40,31,3,4,91,5,49,41,6,79,87,82,35,76,50,82,79,88,8,31,97,76,48,29,89,62,41
14,62,8,35,93,79,35,92,46,42,76,98,52,18,31,34,73,78,56,35,47,77,27,49,44,45,47,67,38,49,13,20,24,3,33,42,17,70,9,14,82,15,0,88,38,93,39,6,8,13,46,57,23,91,71,5,26,32,32,68,12,66,2,18,42,55,44,14,55,38,97,44,57,54,77,39,79,3,79,3,67,18,42,48,62,53,94,28,23,65,12,10,67,42,63,65,52,24,64,75
15,12,34,90,22,73,96,16,50,10,77,69,75,5,71,22,100,33,43,93,51,29,65,25,41,33,31,34,86,64,31,66,52,7,60,76,22,5,94,4,5,26,86,6,75,15,58,87,18,6,29,41,11,57,49,59,18,18,73,46,20,15,59,40,38,10,75,55,71,62,5,55,98,25,74,89,52,83,95,84,12,37,74,55,80,93,100,92,73,12,68,91,74,24,94,82,3,73,21,54
41,25,95,19,23,7,39,51,61,36,11,96,69,78,80,23,13,32,88,39,77,86,9,0,44,65,16,18,46,0,100,29,36,22,81,97,38,57,21,1,92,76,79,66,95,59,48,0,13,36,33,53,14,13,34,6,98,93,78,78,22,17,38,36,40,5,83,83,72,92,64,99,12,4,89,42,3,35,71,98,57,100,17,82,51,34,22,44,54,77,34,52,79,68,11,88,72,50,43,78
31,95,53,19,23,85,77,88,45,100,68,71,82,49,9,68,64,6,16,49,54,35,35,49,5,12,85,34,62,87,34,57,85,16,98,79,6,11,91,9,27,90,24,74,34,97,22,32,12,74,5,64,32,72,93,6,89,33,72,25,42,42,10,16,87,51,90,77,83,74,0,89,51,44,58,60,90,84,12,63,63,22,20,73,72,34,88,48,91,26,48,73,4,57,57,46,98,66,17,54
73,52,38,78,73,30,41,48,90,84,18,62,66,60,2,79,17,17,56,88,31,50,61,47,65,81,43,75,13,4,14,1,32,68,42,28,74,63,57,45,44,19,4,19,1,87,10,73,89,3,80,20,21,90,27,42,94,54,81,35,99,72,12,25,51,68,18,67,0,23,28,22,5,18,46,90,76,15,78,62,55,69,19,19,67,48,23,43,25,77,44,77,11,53,72,30,9,30,87,44
81,83,31,45,100,84,98,46,54,52,42,36,20,77,47,45,13,61,91,11,18,8,43,88,7,94,33,60,73,68,52,40,66,87,59,57,50,92,65,8,89,56,81,32,60,71,23,22,14,52,5,13,30,77,60,55,77,83,6,54,65,54,91,38,41,54,37,63,9,21,6,95,8,71,77,7,43,85,44,13,39,30,59,3,39,52,54,84,8,40,24,68,60,95,88,77,79,52,93,12
9,10,79,41,71,50,34,34,45,73,21,88,80,71,78,6,88,67,97,12,44,75,1,63,3,60,96,61,1,85,46,67,97,63,59,88,47,29,50,31,81,27,61,52,8,60,95,59,92,75,98,24,89,22,22,31,100,94,3,91,32,87,49,2,46,13,92,46,28,15,47,53,20,23,86,28,71,5,72,63,60,47,26,48,6,60,1,12,53,93,22,37,96,36,9,43,55,47,47,86
78,79,88,81,14,11,77,7,69,39,46,85,81,24,90,4,96,36,22,86,59,41,80,95,54,76,38,31,95,28,52,32,15,84,64,34,80,28,94,57,52,100,11,86,73,88,82,0,31,69,79,26,80,49,0,15,36,48,55,76,39,62,53,92,38,40,26,99,25,13,14,10,24,48,62,67,7,97,68,6,30,72,63,16,75,76,43,11,0,26,10,43,72,67,60,3,61,20,11,45
90,79,4,35,94,0,74,13,96,68,47,65,50,62,18,42,20,94,88,86,17,96,7,19,35,12,68,8,28,66,13,45,82,20,60,87,2,29,73,41,22,83,83,5,58,43,43,78,37,30,82,33,30,39,32,57,55,29,73,97,100,28,83,3,89,52,86,31,18,25,92,58,82,13,52,100,15,20,48,3,55,72,7,9,19,60,93,38,91,2,0,35,20,30,27,33,89,21,43,46
58,53,90,56,33,1,84,56,97,0,61,47,59,2,62,3,17,21,89,51,38,38,47,46,8,36,43,4,77,2,7,31,37,86,93,45,32,8,53,86,16,80,78,72,51,18,35,80,0,20,39,52,53,96,13,51,69,35,18,17,6,29,37,36,35,99,82,51,71,42,48,43,19,21,47,75,70,75,17,8,46,55,16,47,33,74,86,92,93,1,59,70,2,18,20,6,66,60,56,20
55,15,39,63,9,52,91,9,79,91,8,4,36,60,50,32,61,42,66,15,29,36,85,10,58,66,23,75,6,57,78,13,98,78,69,35,71,13,52,83,14,7,19,18,15,62,22,80,71,27,14,45,94,89,87,15,21,88,40,41,97,18,50,61,31,89,20,52,97,1,18,80,83,74,42,29,19,9,91,45,53,69,21,46,63,85,61,62,19,39,65,29,2,18,84,7,71,66,99,17
8,87,37,39,66,16,10,9,87,86,40,38,42,60,69,46,44,60,18,44,45,38,88,79,81,76,67,28,15,14,91,85,58,93,42,54,42,33,61,77,63,98,27,16,19,53,65,98,86,1,65,45,17,81,19,30,28,13,46,96,21,98,63,31,95,20,57,37,27,15,96,61,34,3,4,64,47,64,80,72,27,44,71,52,36,92,15,79,17,28,82,40,37,81,56,42,17,5,89,45
18,33,96,32,12,80,99,11,83,73,67,21,91,72,13,73,43,93,9,72,55,54,5,18,29,33,80,12,23,80,77,19,87,3,72,46,54,13,55,70,80,18,35,60,68,57,23,48,55,53,13,15,64,67,70,95,32,99,32,13,85,63,23,72,8,93,72,13,4,6,40,14,74,72,54,19,40,45,87,98,22,61,88,8,67,78,78,53,83,17,11,48,32,25,89,33,8,22,76,52
65,89,35,9,0,54,21,42,6,88,50,50,11,57,12,26,11,61,39,59,54,7,53,0,4,20,80,87,77,53,2,18,49,30,70,20,50,88,70,98,7,42,51,48,68,87,74,90,85,58,60,13,68,86,26,53,86,98,7,33,83,70,49,19,1,49,28,15,84,2,8,11,55,8,81,92,45,18,36,70,96,39,100,18,41,0,49,65,90,94,77,78,46,100,29,55,37,34,76,56
26,45,63,14,2,37,57,82,15,93,19,98,81,56,99,33,27,33,99,24,1,77,75,80,66,74,41,72,36,1,42,74,66,56,5,61,30,93,87,97,86,7,19,42,24,26,68,92,61,19,33,83,33,41,97,0,73,74,95,95,43,49,49,89,77,33,85,84,90,82,41,76,15,14,24,22,89,20,79,45,84,4,87,51,38,35,80,92,91,7,21,32,4,91,59,20,86,53,21,89
99,43,65,79,75,15,30,64,77,38,77,14,25,51,19,86,54,16,0,51,66,8,58,19,58,94,20,31,51,89,7,10,99,11,100,53,67,81,28,92,89,83,98,7,14,75,51,39,2,87,70,81,85,27,26,34,71,72,21,65,97,80,3,52,47,0,92,83,21,80,68,53,23,84,85,23,2,80,47,67,7,80,26,1,60,54,20,27,46,99,42,2,12,61,53,43,31,38,22,86
47,35,71,39,43,64,48,53,71,16,25,0,59,31,78,32,44,47,95,56,26,97,6,95,95,32,45,74,17,95,75,94,85,44,60,81,16,31,54,32,32,4,27,17,52,82,85,64,74,4,10,52,58,21,22,47,22,18,7,19,88,79,41,43,6,83,7,14,36,79,65,95,88,6,58,90,100,98,60,6,76,75,100,83,85,67,40,94,2,33,68,84,6,86,99,39,10,69,59,91
14,57,36,75,89,23,7,29,15,66,16,80,45,52,25,37,72,37,50,47,75,50,65,86,11,83,17,23,87,29,1,85,59,79,55,2,74,2,33,23,95,9,44,36,7,5,31,55,75,37,50,43,77,46,63,3,80,80,31,29,87,0,48,32,72,38,100,5,74,98,87,58,27,53,77,62,82,35,79,66,85,73,76,82,55,50,14,39,58,46,86,40,36,8,79,90,82,88,9,30
89,25,93,92,80,18,44,0,99,51,60,36,79,83,76,6,62,31,93,93,51,38,9,33,65,55,67,34,31,91,85,78,94,22,18,70,91,64,44,55,40,28,77,87,54,77,96,42,70,99,14,62,54,17,79,67,98,98,57,20,100,8,53,30,57,34,25,19,76,21,20,52,34,38,5,83,51,80,62,7,33,14,92,48,4,94,96,87,32,23,90,88,11,82,55,80,45,45,93,89
15,92,34,33,81,34,41,48,52,73,53,58,60,53,50,23,47,78,7,68,19,60,90,74,77,49,47,43,2,38,96,49,22,96,36,43,6,45,11,68,75,42,98,9,96,33,62,16,9,20,55,93,44,45,75,48,18,76,61,38,88,29,69,78,61,47,29,9,100,2,86,24,4,35,11,20,64,78,32,32,10,46,88,89,97,24,47,49,47,9,50,9,98,33,98,65,53,28,34,45
68,29,25,90,10,60,80,77,30,9,62,57,13,16,56,49,83,81,40,82,55,92,51,97,6,45,61,39,26,78,31,20,22,99,32,18,1,88,25,57,29,47,62,57,77,91,36,90,2,34,88,46,76,90,90,18,55,97,22,11,47,85,81,24,45,41,40,17,65,69,98,53,69,97,16,83,20,67,67,25,43,60,57,57,52,52,22,72,44,37,69,30,71,17,47,57,15,98,96,46
38,51,80,94,75,86,89,68,67,80,46,88,13,59,63,68,16,70,8,31,26,61,18,8,85,68,20,73,37,16,31,70,9,2,96,20,50,27,76,59,57,63,71,78,10,32,60,60,79,11,60,88,3,54,89,36,78,81,99,57,57,25,1,21,50,37,20,38,98,100,20,71,1,39,62,95,1,82,21,59,97,57,21,50,3,99,6,32,7,16,72,71,71,69,65,31,21,85,62,90
90,40,93,35,38,56,13,85,75,70,43,7,27,76,36,17,16,68,66,33,57,39,28,6,42,5,96,33,33,32,51,31,44,42,21,71,20,84,77,26,30,14,1,9,4,16,15,14,0,60,18,11,9,44,20,61,38,71,87,83,94,67,0,63,97,39,43,47,92,31,60,54,18,77,6,26,2,28,18,64,39,67,39,36,86,8,6,32,88,9,18,93,92,53,2,48,83,90,44,62
3,25,89,7,69,6,22,73,2,82,91,85,58,48,9,60,99,0,38,72,78,57,39,26,89,18,10,67,18,5,100,4,2,45,78,84,18,78,82,82,66,7,89,34,84,58,85,34,88,96,56,91,60,21,33,20,88,48,59,51,99,43,15,85,60,61,34,25,12,64,91,10,53,9,37,41,39,16,46,41,17,47,84,56,69,2,17,15,76,43,76,73,10,15,57,34,69,79,51,26
0,100,37,13,81,96,17,63,26,18,41,89,8,55,88,13,23,59,78,63,29,79,24,38,100,69,77,48,83,45,73,32,11,35,30,6,62,49,35,95,3,83,1,61,26,20,5,60,44,2,36,58,89,97,60,36,45,37,60,45,47,11,92,11,38,34,26,36,81,55,52,38,58,74,50,54,95,50,32,3,70,8,59,32,6,19,12,17,20,13,100,15,15,14,4,72,46,16,98,100
22,99,31,57,45,11,57,7,97,71,82,52,17,99,15,26,95,69,93,52,94,70,21,100,59,34,3,27,13,4,83,11,55,67,60,63,1,8,91,42,5,46,47,17,69,12,86,26,39,8,60,85,99,24,23,53,72,93,72,17,59,81,21,67,45,3,84,23,31,40,27,2,86,13,88,48,39,98,75,23,25,27,37,27,35,59,81,41,41,76,24,73,77,21,97,10,35,33,15,12
40,57,95,88,11,11,7,78,36,56,69,45,26,0,47,56,96,59,90,92,2,40,66,64,87,33,61,15,48,50,23,9,98,16,6,67,81,56,81,91,93,38,81,74,49,3,69,91,72,11,54,0,82,16,62,10,84,5,18,1,68,19,82,82,75,89,23,44,27,48,10,76,85,7,88,10,81,21,21,6,98,91,24,14,1,36,81,34,70,90,84,13,79,9,4,93,62,78,17,37
94,91,26,13,68,12,27,25,83,98,35,37,96,17,89,82,69,46,49,38,4,19,16,5,53,76,42,60,57,10,56,75,1,58,65,37,54,65,33,21,11,69,44,65,52,77,56,87,80,0,44,76,12,16,52,71,54,94,32,37,57,41,38,13,0,27,52,14,88,8,71,77,59,15,11,35,11,82,1,64,16,29,100,1,74,45,60,51,88,83,55,30,70,87,88,4,55,16,6,19
4,69,96,35,14,9,60,10,76,27,68,86,44,95,94,24,70,60,35,97,13,79,54,82,6,87,88,100,97,62,91,49,100,73,25,44,31,58,18,67,45,4,81,65,3,34,13,54,48,11,6,62,43,76,27,52,90,84,92,44,90,3,81,60,62,40,37,62,60,82,67,73,91,2,98,73,38,23,59,38,34,73,65,36,31,61,58,64,32,35,31,38,14,2,15,29,37,85,77,33
31,42,83,53,75,53,58,2,33,46,63,7,88,99,22,64,13,43,14,33,72,67,16,55,82,90,32,78,4,48,78,21,1,14,81,1,93,75,74,35,25,5,27,58,26,34,95,46,59,4,71,49,51,42,86,79,54,63,48,36,31,87,3,81,51,76,79,11,21,23,90,63,40,38,21,59,85,80,37,39,68,7,91,100,65,97,84,77,46,4,69,61,90,26,0,5,3,57,50,68
2,56,92,92,100,60,81,81,74,36,63,21,5,6,39,80,63,38,31,78,4,41,62,24,82,38,53,94,22,76,67,81,25,25,49,20,67,42,92,100,17,93,88,66,40,55,50,55,53,6,50,34,82,84,100,85,18,91,8,19,26,18,59,86,39,15,97,90,58,86,21,75,31,93,68,82,53,50,83,74,77,77,7,63,55,73,95,14,71,62,42,89,17,8,39,7,27,88,73,2
72,29,19,77,81,98,81,99,15,48,81,14,65,58,88,48,100,26,63,95,34,10,70,65,43,84,99,79,100,6,99,69,38,19,39,68,19,27,16,88,26,82,36,26,2,3,17,74,16,78,68,98,37,16,93,43,45,98,7,47,97,53,20,64,54,14,37,46,72,28,12,16,71,79,47,62,40,9,92,64,9,13,5,27,84,89,63,79,88,92,82,68,26,23,93,64,25,50,25,23
57,90,39,46,76,72,20,26,18,30,31,86,48,39,93,4,90,57,49,36,6,38,7,47,85,70,20,52,78,28,22,39,34,9,98,60,78,40,24,44,75,43,52,48,81,83,69,37,87,37,0,79,68,44,53,41,10,26,42,14,48,33,73,11,87,80,67,46,34,62,37,22,36,40,70,1,53,41,32,44,7,71,14,29,86,35,54,21,48,92,81,24,57,21,77,100,57,5,91,90
43,10,13,78,75,44,45,28,33,14,38,1,7,8,53,51,59,74,27,18,43,64,59,6,44,20,84,25,78,33,10,13,68,64,96,18,40,34,77,60,54,69,87,52,95,46,82,34,81,92,25,78,70,4,90,18,0,87,15,36,74,31,33,2,63,54,97,59,69,12,97,51,27,10,80,55,71,65,8,73,52,74,31,78,41,90,98,37,69,13,51,14,74,56,37,80,29,99,17,58
47,0,48,43,93,31,15,42,52,30,87,1,94,31,56,18,70,48,90,37,42,27,31,29,99,34,14,61,100,9,94,52,30,97,86,23,76,60,75,68,50,47,70,55,80,3,68,29,98,91,30,88,75,12,65,21,82,51,2,57,59,57,98,70,44,33,79,36,74,91,90,67,100,42,42,65,87,95,23,29,18,43,9,49,95,50,13,76,66,75,8,72,64,82,44,41,60,84,59,2
39,47,91,22,6,46,47,60,32,34,70,24,43,8,28,24,11,8,72,66,94,99,83,62,87,70,63,16,90,68,28,99,77,50,4,25,79,13,62,68,53,70,99,64,18,90,4,61,22,69,100,1,2,43,24,69,92,17,65,12,63,75,41,28,35,16,65,74,73,18,73,19,37,20,37,96,39,1,96,51,63,24,81,26,86,83,70,24,60,26,24,8,39,19,58,64,17,86,66,99
57,16,76,6,7,71,79,64,7,32,28,36,22,1,29,27,27,99,80,87,52,92,10,37,94,95,73,34,40,72,70,38,35,91,72,27,91,7,43,95,69,38,10,82,5,43,59,65,86,1,8,50,97,55,81,59,100,47,44,25,68,18,40,98,70,73,16,80,36,37,87,80,33,67,48,28,53,69,87,8,81,90,22,35,61,57,40,20,46,13,26,77,88,20,21,79,49,17,80,70
70,74,22,96,72,36,56,90,18,77,72,19,28,29,79,12,76,87,78,92,23,27,51,95,12,67,53,17,92,41,80,68,88,90,92,97,40,38,19,15,71,37,66,46,52,5,44,68,60,2,89,78,65,23,11,71,40,53,13,90,38,43,91,56,93,75,91,17,42,8,50,77,81,89,40,35,15,4,32,11,86,1,38,53,64,18,18,59,49,93,32,42,61,87,15,94,87,36,70,69
90,69,17,62,23,21,75,11,81,36,48,87,58,77,42,7,94,79,36,29,21,81,74,83,38,62,93,15,21,69,12,37,8,53,9,63,67,50,90,18,69,95,62,36,72,81,34,55,27,63,70,90,53,1,64,62,42,54,21,53,65,75,73,33,45,71,44,58,79,6,70,34,90,59,45,27,61,34,15,59,84,24,93,49,98,99,54,86,34,19,30,17,81,86,53,7,43,51,21,26
60,60,68,39,53,74,24,42,23,66,11,85,84,40,62,11,89,50,36,40,0,89,13,38,31,36,82,67,52,22,44,45,65,94,28,99,48,11,20,68,89,56,13,70,67,61,20,2,39,99,67,97,79,9,76,63,57,41,83,29,27,51,13,30,21,45,75,32,53,94,71,17,5,86,62,16,39,28,22,57,33,29,55,67,40,27,18,89,82,60,82,59,16,61,6,60,57,42,89,93
38,76,26,60,14,100,35,100,84,51,47,40,70,53,89,88,82,38,54,85,34,39,85,27,85,94,71,44,81,59,62,57,23,4,2,72,99,56,20,41,56,72,14,70,87,65,44,92,92,21,55,77,42,78,66,96,44,83,37,10,68,1,24,73,85,8,4,46,51,4,86,34,21,75,23,26,51,88,98,27,0,31,32,24,46,16,59,99,5,78,72,72,81,14,83,29,24,3,83,28
37,100,93,10,28,97,56,89,34,47,6,28,0,59,26,19,75,95,21,48,52,6,41,87,15,35,1,43,44,23,83,4,97,1,90,28,17,48,22,85,49,48,13,18,87,41,97,4,34,68,100,18,6,21,59,18,41,9,96,31,58,30,63,100,96,98,4,76,50,27,55,58,59,68,62,47,62,67,8,2,34,32,44,45,100,34,23,74,16,32,22,27,32,32,70,3,60,61,71,8
12,57,65,75,71,95,7,48,8,2,38,10,17,3,11,11,95,9,95,32,22,78,43,75,59,5,98,44,76,8,56,99,13,76,46,63,80,57,42,47,35,22,80,59,85,56,18,34,7,67,3,45,14,51,6,55,26,93,29,20,70,83,34,97,96,5,40,10,67,76,46,46,76,22,15,11,46,25,28,90,63,6,56,17,35,79,92,84,19,11,0,9,4,52,6,92,38,29,70,47
14,53,9,86,51,47,46,96,56,44,38,67,17,49,48,2,46,99,0,22,31,61,59,26,21,17,70,34,21,87,80,48,99,61,20,1,85,80,75,37,5,27,81,48,37,33,66,16,57,41,44,37,85,5,72,81,73,99,37,57,22,92,49,95,92,94,1,56,81,45,85,52,100,19,86,25,74,86,16,57,60,91,32,63,90,4,85,41,35,32,42,7,19,33,49,47,6,95,8,98
93,45,16,2,60,42,85,76,52,67,68,94,69,54,81,5,11,70,91,48,86,99,64,32,26,34,30,86,77,27,16,54,44,11,35,12,93,91,21,58,65,39,94,69,75,64,26,0,57,29,59,95,31,57,49,22,44,25,62,69,92,14,82,63,1,12,42,99,2,6,90,19,74,71,58,73,82,13,8,65,6,96,40,59,97,50,68,36,44,10,61,52,56,93,77,74,50,80,71,28
76,53,76,57,43,80,26,10,20,2,55,55,93,27,79,31,36,24,0,79,5,62,17,34,45,10,63,83,27,66,24,57,8,21,57,62,98,46,43,39,4,51,10,28,39,83,78,85,64,38,72,58,69,60,82,69,19,57,87,19,73,49,2,16,83,73,69,38,69,52,73,77,13,29,28,28,45,93,37,12,3,42,26,83,98,22,43,11,31,57,9,43,44,74,75,13,3,69,89,96
27,36,56,22,94,44,49,29,14,83,88,23,3,27,47,97,91,60,89,3,63,24,43,30,32,53,100,83,17,48,31,26,44,63,81,23,85,23,90,78,2,6,78,52,60,15,33,11,39,29,38,92,51,67,64,95,80,8,58,85,11,47,65,42,43,80,15,2,29,43,27,33,0,93,6,84,84,4,5,65,77,47,44,86,17,59,43,24,90,77,95,37,56,69,13,17,6,72,68,4
16,49,90,1,34,78,100,5,19,36,7,55,98,8,30,33,24,60,19,41,24,98,70,74,29,42,8,34,52,86,58,1,98,1,88,38,71,25,71,14,12,89,89,61,45,49,71,67,18,59,77,96,15,26,55,95,6,85,92,43,76,95,29,8,87,73,65,55,38,94,1,84,18,27,56,69,8,51,60,14,29,36,35,65,1,79,76,39,56,94,69,90,77,58,56,6,61,23,30,38
63,29,23,36,53,21,82,2,20,14,74,54,12,28,68,12,78,95,23,16,38,52,16,20,16,25,57,57,43,11,56,29,90,8,11,14,0,37,47,75,72,84,32,33,20,98,94,70,62,56,26,22,40,27,80,45,69,25,93,84,75,3,21,64,68,79,4,58,88,39,70,58,49,81,62,57,17,61,47,53,9,96,28,62,1,18,1,68,39,35,62,17,8,65,89,0,26,34,33,100
24,70,6,19,83,45,84,81,2,18,60,32,24,60,54,91,7,75,97,4,12,99,38,42,77,34,74,38,11,18,40,97,73,49,82,35,43,39,40,51,16,27,64,63,68,14,11,79,55,82,69,11,59,69,80,18,16,35,67,9,36,89,13,77,34,17,18,56,39,37,24,84,64,52,73,44,35,98,54,38,43,65,85,79,42,43,4,24,31,67,87,62,18,13,18,57,18,42,13,91
99,38,83,25,92,4,14,42,69,16,47,69,11,9,4,41,92,95,31,17,82,3,46,42,39,52,52,90,72,21,15,4,17,57,100,24,27,49,95,29,38,56,63,60,19,56,7,18,78,54,20,25,78,53,64,71,42,94,55,48,82,24,15,98,20,76,58,23,40,28,53,4,10,12,27,62,55,27,6,54,25,57,52,41,18,54,21,76,97,37,34,15,92,99,18,59,16,86,21,59
93,77,49,83,13,23,11,51,23,24,72,47,69,43,6,31,12,96,87,28,39,18,88,0,49,4,19,5,36,78,45,18,16,45,48,95,98,81,65,13,53,61,77,95,80,20,4,20,72,67,0,75,39,9,29,96,100,11,34,58,31,56,2,81,100,73,1,100,26,36,83,1,22,3,81,25,25,48,79,21,93,30,84,67,93,49,87,97,99,17,65,16,50,87,34,19,33,48,25,89
88,72,25,68,4,72,0,47,100,81,64,69,8,59,67,58,92,83,92,14,85,100,2,76,5,24,73,24,15,87,72,18,70,23,26,14,24,78,64,70,78,38,15,28,20,13,32,81,96,41,24,31,86,95,66,30,26,30,8,56,19,23,81,54,40,0,92,65,73,76,7,2,99,18,11,40,28,7,6,64,65,52,93,99,24,91,80,18,92,7,42,36,22,53,62,99,4,46,94,87
47,38,24,67,53,4,56,43,55,68,30,71,7,89,28,39,68,47,13,20,24,20,87,91,15,8,49,18,56,38,18,76,78,53,81,89,32,88,79,89,93,27,9,7,93,39,62,61,19,39,51,3,0,17,96,4,81,6,33,24,91,53,99,86,92,91,91,19,63,74,22,31,15,14,11,45,82,46,38,51,79,78,33,33,9,10,2,69,100,75,7,38,76,37,35,35,96,83,36,77
59,50,68,78,64,56,65,8,88,76,98,38,60,59,54,1,41,41,83,11,67,72,53,28,58,87,31,83,59,94,22,11,77,7,48,36,3,95,48,64,8,9,12,82,16,46,55,27,37,35,47,95,24,57,80,71,17,95,65,35,75,38,71,15,74,93,68,22,19,38,24,0,62,96,79,51,21,55,83,42,60,92,7,7,53,17,15,84,29,51,35,71,22,50,84,10,84,88,85,79
66,32,14,53,46,52,85,3,16,28,77,36,2,89,7,4,69,44,40,59,58,29,83,93,46,67,38,50,75,29,23,76,21,7,69,15,63,24,66,79,56,54,31,24,99,47,42,90,59,10,14,78,12,29,67,98,1,20,12,28,58,7,9,76,25,9,58,86,2,9,66,2,75,84,7,8,30,94,16,89,74,89,63,82,45,56,52,33,44,34,72,31,35,9,30,33,69,15,73,30
25,38,52,36,51,74,52,3,81,81,58,67,44,79,43,81,17,78,47,75,95,94,99,2,41,53,47,65,56,44,65,14,84,27,97,94,7,54,40,10,68,94,19,26,36,87,42,99,1,65,97,24,9,8,54,50,48,62,37,54,54,43,84,21,84,51,27,15,48,33,38,79,54,49,10,15,63,5,43,58,4,73,18,46,54,65,8,61,35,73,55,68,13,51,64,98,37,18,53,60
24,19,31,31,30,90,22,61,54,100,9,80,97,6,95,6,71,21,7,84,17,31,56,33,42,31,29,5,84,11,48,28,89,57,28,22,61,67,35,46,41,9,82,99,78,16,2,38,23,53,10,13,28,15,5,57,71,57,93,8,90,42,44,93,31,48,31,7,70,15,88,87,91,77,60,44,14,43,58,4,44,99,81,51,21,82,23,80,56,52,70,82,57,78,3,57,89,59,71,89
62,8,83,58,49,14,89,92,11,52,49,56,50,22,9,70,22,7,71,94,1,78,39,35,40,59,8,31,5,21,92,70,35,16,54,15,9,99,39,92,24,91,31,46,89,77,100,61,100,38,23,82,84,100,85,8,62,99,94,86,63,54,16,74,52,52,44,73,22,34,46,37,4,54,18,28,39,26,86,17,58,71,51,9,53,28,97,22,89,71,77,23,69,36,58,71,23,6,66,18
82,14,87,47,90,9,80,97,53,74,66,56,86,60,68,70,20,37,17,10,24,17,38,21,17,20,42,10,1,39,26,87,89,82,43,10,25,21,17,97,21,9,33,20,24,69,25,79,30,38,37,57,12,41,6,22,94,64,34,4,100,100,13,21,95,21,92,75,93,37,32,15,59,42,36,17,94,91,58,86,28,22,87,53,19,27,68,93,70,94,8,34,41,47,67,33,4,92,19,85
20,38,90,76,83,9,23,21,82,95,91,51,39,59,83,24,92,19,80,23,53,94,87,27,80,73,62,77,42,51,12,84,91,52,88,0,34,45,69,25,5,93,38,36,98,74,80,21,91,51,45,35,57,61,72,99,35,66,55,69,99,11,90,52,31,56,83,84,14,44,37,79,76,27,84,47,45,25,23,21,69,38,98,18,92,81,93,74,94,7,80,24,84,69,58,50,44,69,70,23
21,38,40,14,78,37,77,2,53,35,13,82,38,52,66,72,90,19,80,76,75,17,46,59,74,87,20,81,44,18,83,47,4,43,88,47,21,11,99,52,58,89,94,38,60,51,46,2,53,47,24,52,58,71,43,22,33,49,23,38,92,17,74,19,90,96,64,92,37,44,1,93,57,33,94,45,0,35,96,84,24,71,28,8,50,58,33,3,22,5,57,18,2,92,96,0,69,44,93,43
72,57,44,89,92,35,1,3,50,47,13,32,70,85,5,89,9,37,61,87,32,23,72,51,51,97,98,63,40,19,2,38,80,8,40,50,3,93,24,93,84,95,63,94,6,25,27,60,86,99,97,64,71,8,56,49,94,49,96,1,17,38,71,84,44,11,51,8,98,32,0,37,20,28,42,88,56,56,49,62,70,39,36,6,100,18,33,74,60,5,8,100,63,41,69,91,25,95,69,57
65,52,76,87,56,95,68,87,36,25,91,83,47,95,53,63,85,54,73,69,64,6,43,94,79,71,5,70,6,49,37,79,13,76,60,37,71,74,54,21,40,61,1,0,15,41,9,2,4,63,13,76,76,22,41,88,27,53,30,26,25,7,1,27,99,67,55,98,95,6,38,8,94,70,15,82,14,61,17,54,79,78,5,59,20,43,47,50,12,79,55,21,3,77,42,29,76,43,99,27
97,89,34,83,32,14,20,7,67,56,12,12,40,91,76,4,32,0,2,100,65,70,43,81,43,78,92,63,51,22,48,52,26,17,30,15,54,53,93,66,48,90,95,29,78,34,0,0,51,0,33,28,4,94,27,37,5,14,5,14,28,87,10,20,49,91,32,2,70,95,75,82,49,11,18,6,37,52,53,95,96,33,94,56,7,75,50,47,68,18,45,0,67,70,86,33,73,41,34,64
84,57,64,44,75,40,77,46,85,89,85,83,71,67,7,43,74,99,97,11,52,86,4,64,56,48,50,83,81,83,35,72,38,97,82,50,70,91,73,100,28,4,17,47,49,1,85,19,84,30,34,62,49,44,44,85,28,22,49,7,22,55,23,42,5,99,80,37,42,14,92,18,5,100,17,5,56,10,25,83,91,91,42,89,92,55,10,60,33,7,96,99,57,24,48,29,83,63,77,98