23,50,28,25,64,51,100,12,54,7,96,43,60,76,10,56,35,38,67,24,9,29,37,79,81,62,69,33,9,44,43,79,48,19,17,92,3,23,17,61,44,12,86,58,20,89,92,42,72,48,13,74,71,79,83,9,31,17,12,26,96,17,11,56,2,26,61,50,84,13,9,92,88,6,77,100,68,2,55,81,60,15,35,66,62,15,63,50,11,77,24,47,28,79,73,98,88,91,64,26
36,24,84,59,35,46,16,66,9,70,31,52,86,13,0,82,11,36,86,32,83,37,44,70,20,53,97,55,9,85,83,49,86,5,87,6,51,93,52,81,36,5,32,91,22,23,72,39,39,40,62,55,70,99,46,46,19,44,82,77,48,98,66,28,5,49,9,39,51,54,61,3,92,76,4,91,72,47,98,79,92,26,19,28,64,16,18,13,21,52,37,3,36,81,83,61,14,93,45,93
59,69,33,94,81,43,19,97,85,80,19,21,21,41,60,43,79,92,83,28,98,32,85,65,41,59,71,15,84,24,11,24,19,44,73,63,64,26,42,86,88,11,55,29,54,33,46,69,65,48,73,50,71,11,1,46,81,98,53,90,41,72,91,80,95,9,98,36,98,81,48,0,100,42,41,30,29,54,6,38,69,4,5,95,68,79,76,78,73,98,5,83,74,40,60,94,94,90,54,51
25,92,100,24,83,18,78,43,27,58,85,74,10,73,28,79,48,99,31,95,20,4,57,97,14,76,87,28,18,29,83,80,17,46,26,16,91,69,98,80,34,85,85,67,91,99,81,94,70,21,43,15,14,37,40,28,40,100,3,90,61,77,21,1,78,85,67,43,36,8,14,17,70,27,14,82,83,70,88,87,16,54,10,74,8,28,74,7,86,75,37,94,29,49,32,23,58,60,72,53
69,98,11,9,29,59,75,78,16,4,13,46,93,27,70,83,65,6,82,23,72,39,74,87,94,74,54,98,81,92,93,54,57,19,51,48,33,39,90,94,89,74,58,67,93,25,50,27,87,93,59,99,41,32,35,29,95,42,17,65,27,44,45,53,98,23,36,79,3,18,7,19,62,83,96,37,93,21,32,83,85,40,49,79,44,30,72,20,82,52,35,40,78,9,56,22,20,13,23,29
72,43,36,45,83,72,55,72,0,70,6,31,64,28,15,85,82,2,2,21,67,37,85,65,58,90,21,91,7,46,80,6,2,0,97,24,14,63,2,26,40,14,37,74,88,2,55,66,39,79,47,47,8,84,46,89,43,19,92,53,69,97,73,0,79,30,67,90,16,69,90,41,41,18,94,5,38,83,55,38,99,50,43,32,40,97,18,31,61,81,3,7,86,63,6,30,53,99,3,85
36,7,88,28,43,86,86,60,15,88,62,87,42,75,19,39,67,10,77,54,64,16,68,4,67,59,79,23,81,13,93,55,69,69,47,96,100,95,20,1,38,68,91,75,99,1,30,32,76,94,97,72,9,7,23,13,91,89,76,23,28,34,98,57,22,3,0,42,17,35,44,74,48,97,87,92,42,85,89,91,16,34,54,9,69,1,30,74,45,96,36,53,71,37,68,85,85,12,30,62
89,26,0,65,92,52,55,25,61,81,40,57,1,91,77,77,81,74,27,56,46,2,28,61,23,36,34,83,26,75,19,48,87,80,42,62,97,5,71,30,32,56,74,23,81,8,4,40,63,53,87,44,56,44,100,78,56,70,19,82,89,7,7,55,22,94,30,72,81,66,19,91,22,76,75,21,94,98,26,86,12,16,94,50,25,36,34,80,0,25,37,24,39,55,96,42,71,71,31,80
61,24,57,80,1,50,30,64,16,87,88,98,22,5,94,20,99,54,71,57,91,45,93,29,87,59,72,16,46,48,55,72,7,4,34,21,25,32,54,94,48,45,48,66,57,74,0,92,4,77,76,65,26,81,33,10,91,92,25,37,65,14,80,98,54,74,78,12,39,29,17,95,10,25,25,99,18,83,71,14,14,67,9,64,83,20,76,94,29,58,49,84,44,1,71,53,65,74,55,82
8,15,76,43,18,51,21,3,37,50,87,63,22,52,77,84,80,65,0,80,3,93,21,92,12,32,42,52,39,18,6,44,97,0,17,3,64,46,80,0,48,8,41,38,89,12,7,84,58,82,27,64,86,72,91,100,7,13,29,89,58,41,50,67,24,36,18,31,42,49,98,45,31,50,1,26,60,87,85,30,92,25,61,1,33,69,63,67,11,49,38,47,58,2,15,78,61,42,21,38
88,94,3,71,51,36,10,93,24,57,78,64,73,19,22,5,47,63,62,84,99,66,18,94,30,90,0,94,80,86,95,85,60,24,73,52,0,31,20,68,93,46,80,8,44,19,33,4,53,63,65,93,72,33,12,84,7,98,26,65,44,83,14,6,58,85,86,1,46,23,66,79,49,71,80,71,65,76,15,83,16,7,19,50,15,0,24,54,62,55,31,86,10,20,92,55,45,31,78,87
16,4,87,3,2,60,34,86,17,60,95,90,55,16,42,40,21,18,25,67,88,54,31,76,72,45,39,0,99,60,6,36,45,33,49,29,10,17,79,70,22,86,31,60,58,41,25,58,58,54,52,29,73,81,70,49,55,88,68,83,65,10,25,65,34,84,63,42,6,98,37,52,64,58,4,48,56,99,42,50,67,53,35,77,63,66,51,15,67,11,18,54,71,4,96,39,34,100,48,33
44,50,26,56,2,43,85,78,81,76,51,68,30,68,33,19,4,58,47,48,58,95,46,44,92,0,56,40,25,17,100,45,21,23,79,0,0,78,43,67,62,10,30,90,57,62,71,70,84,75,55,25,88,40,90,98,97,75,6,17,93,47,77,40,16,90,83,68,96,6,62,69,70,17,57,67,93,8,41,77,17,36,62,71,65,62,4,34,73,53,80,71,72,83,4,54,39,16,85,25
94,59,43,26,61,60,55,69,33,35,60,91,100,23,51,48,22,14,35,48,64,71,27,96,39,91,89,57,54,18,40,32,96,70,27,65,23,44,85,60,70,15,11,79,18,4,62,74,65,5,85,76,39,53,47,35,32,69,14,92,87,58,82,46,73,73,91,100,65,79,29,6,19,8,8,47,42,30,83,90,68,18,55,94,80,62,31,94,49,99,23,85,30,8,87,86,10,94,65,3
0,24,96,14,100,11,73,72,98,28,11,33,81,39,67,40,0,87,29,63,44,83,88,0,78,3,23,56,72,67,69,50,64,89,60,10,65,62,69,36,91,66,21,89,85,94,1,97,91,97,8,55,74,94,6,75,84,83,3,14,69,81,58,55,17,74,94,43,31,18,6,85,92,24,68,70,25,40,1,56,61,55,37,39,63,72,46,69,75,62,16,38,46,61,97,100,17,17,42,6
28,19,88,61,20,69,30,10,98,26,4,3,74,33,0,38,52,26,17,91,70,94,23,13,42,13,42,83,87,92,59,22,76,36,3,65,22,46,65,27,49,9,18,75,76,7,6,54,8,15,57,37,34,64,74,29,46,86,41,99,7,41,11,40,84,73,24,16,19,4,17,49,68,72,87,75,28,71,34,34,26,43,23,21,23,68,63,71,22,91,84,96,90,95,28,36,11,8,66,19
57,69,42,16,87,88,17,74,65,81,77,21,98,12,32,77,3,51,25,57,32,26,79,96,8,30,66,53,38,48,68,86,97,78,60,38,50,14,0,81,95,98,36,27,43,6,46,52,60,34,47,96,80,2,55,86,98,43,72,29,46,23,94,11,23,52,17,41,82,9,75,34,70,0,9,58,21,96,66,75,0,63,59,94,65,98,51,34,38,83,30,11,84,7,97,60,69,53,34,53
3,31,2,53,31,42,11,58,62,14,54,61,99,12,33,32,30,79,57,12,82,50,73,46,91,46,82,34,12,59,19,91,70,13,51,42,57,87,98,93,98,65,13,92,77,56,22,65,49,98,11,30,10,18,33,52,27,18,66,84,43,56,81,87,52,79,72,22,81,51,79,77,91,62,48,44,72,86,49,70,50,41,1,81,92,66,47,43,87,69,40,22,27,94,5,57,8,41,93,99
18,97,25,50,50,52,21,41,18,29,98,60,87,79,49,6,86,13,75,96,3,91,23,27,64,22,85,82,22,93,56,39,19,77,79,45,53,11,42,79,77,85,10,19,68,80,81,47,13,59,16,87,6,85,91,7,40,54,50,49,32,23,52,38,59,85,7,18,87,87,38,53,54,5,78,6,46,55,30,57,12,42,16,33,22,8,3,72,35,44,90,34,54,0,93,30,53,70,9,27
5,76,34,95,80,60,68,16,39,69,94,32,16,96,42,44,79,68,62,59,4,29,97,19,84,65,22,65,49,29,16,18,79,8,21,100,17,33,15,4,33,27,38,42,83,98,74,57,100,2,92,7,29,71,63,45,86,40,10,93,39,4,64,40,28,62,65,4,41,78,53,72,34,8,10,47,90,94,57,25,72,11,2,6,73,0,14,28,2,48,30,66,28,17,50,4,4,86,68,48
47,62,65,74,54,38,62,53,71,62,16,18,51,46,66,88,91,78,8,11,34,54,12,89,94,62,38,18,2,77,3,60,84,87,18,81,6,90,90,60,1,41,31,12,30,93,65,7,81,62,19,80,69,54,43,89,62,97,71,23,55,77,32,79,26,64,18,76,11,35,21,2,89,6,7,44,95,52,7,100,94,51,47,72,22,16,70,6,89,24,99,12,59,73,47,76,65,25,47,45
3,28,59,61,66,4,31,24,15,47,2,5,45,96,87,92,73,73,32,15,22,45,58,38,20,38,59,9,70,21,6,22,95,26,40,36,17,89,78,20,88,61,3,5,39,75,49,20,15,55,77,57,70,28,18,24,27,89,36,70,7,85,58,1,80,19,83,51,52,35,75,55,55,88,17,52,96,73,65,18,94,13,11,21,33,72,92,43,86,59,91,46,93,27,30,18,34,83,46,18
34,31,96,61,76,80,35,77,96,36,41,67,59,64,47,51,85,68,94,91,51,68,15,52,79,26,62,1,76,53,92,86,79,17,95,68,24,91,72,12,71,40,76,1,42,99,98,5,1,52,50,22,42,7,42,16,96,41,94,84,37,49,48,19,59,72,26,99,70,0,92,40,21,75,57,65,78,30,15,36,29,5,39,68,60,93,66,6,69,32,45,39,4,41,78,21,39,94,17,67
58,4,77,35,48,61,29,49,47,60,49,15,13,36,12,65,11,49,59,59,54,54,40,61,19,52,14,7,69,1,87,4,30,40,97,7,24,98,82,15,36,69,81,74,68,90,85,38,57,31,12,26,93,17,71,84,85,49,51,82,0,82,64,34,27,77,40,77,32,28,48,5,69,16,6,62,31,72,82,23,7,13,25,75,56,73,36,74,87,41,57,95,69,4,18,50,84,45,55,76
52,13,29,75,59,15,87,61,15,24,48,44,72,82,53,47,86,44,75,66,29,8,38,90,71,36,100,37,60,80,32,44,25,95,37,93,40,42,2,93,50,61,26,98,18,72,33,62,79,69,42,20,52,100,8,32,35,3,33,25,51,54,70,26,66,19,4,17,7,28,56,6,62,56,15,74,72,72,48,48,28,31,74,68,46,86,100,18,56,6,41,14,100,97,62,88,63,25,53,75
73,72,89,93,30,95,66,68,78,49,71,69,90,23,42,61,65,92,99,3,69,27,86,66,71,17,22,29,57,13,64,8,11,62,22,64,54,66,39,7,53,7,19,94,4,29,28,67,37,53,70,95,82,36,71,5,4,30,100,4,53,14,43,99,28,34,48,63,65,46,65,89,77,45,20,46,15,61,92,98,32,92,96,55,79,26,25,93,40,99,90,72,30,8,4,70,86,8,25,78
78,77,14,43,36,76,96,99,57,81,71,74,2,85,84,91,20,13,57,76,11,77,79,98,59,39,15,90,18,54,16,75,45,1,66,82,14,88,11,79,77,66,6,46,80,54,9,19,18,55,78,19,86,12,31,8,60,23,12,11,75,82,78,65,68,19,93,80,2,59,37,60,60,25,51,43,38,64,54,0,65,24,56,20,23,2,71,68,7,33,85,29,41,68,53,87,8,71,10,95
88,36,48,41,48,48,94,57,81,22,67,25,89,53,48,72,100,21,99,30,35,67,75,29,78,32,64,64,68,77,86,49,88,17,81,73,17,43,69,18,49,11,73,40,6,5,5,58,22,10,7,80,22,28,44,71,44,36,12,17,100,40,38,83,19,17,65,41,22,88,63,58,27,9,21,98,42,52,77,81,65,88,75,35,87,98,39,2,42,0,100,81,89,52,70,4,43,64,38,44
42,97,98,30,93,60,19,94,76,31,56,81,40,20,25,50,2,4,65,46,56,82,49,100,79,54,32,100,9,98,79,66,52,80,94,49,68,96,63,19,1,83,6,5,81,57,29,29,46,71,17,62,10,39,69,45,41,59,36,47,83,45,62,65,55,46,92,64,66,32,53,9,17,94,94,22,74,19,64,75,92,35,74,21,62,39,7,69,26,74,15,91,62,74,45,12,30,50,35,15
57,52,60,10,68,68,97,27,17,45,71,65,50,48,58,56,88,100,84,20,97,45,78,17,45,70,22,93,70,99,5,51,62,53,69,49,26,13,66,38,3,67,15,23,39,17,14,46,47,0,92,94,63,6,36,83,55,84,45,78,47,34,6,15,76,46,41,52,39,39,12,29,20,28,86,22,15,41,28,55,100,90,96,3,91,98,99,31,13,9,6,34,16,39,75,61,32,15,52,27
10,56,80,100,50,48,50,3,33,93,92,20,77,57,80,45,66,79,29,46,61,52,8,69,10,59,88,24,25,29,29,21,53,90,45,51,49,62,51,19,18,75,1,59,80,100,41,42,72,46,20,41,17,15,61,47,57,79,14,96,88,65,95,69,19,21,71,27,37,86,74,19,4,26,24,76,46,21,44,14,83,0,51,78,55,17,47,61,40,24,83,27,74,47,79,67,6,40,40,36
46,34,1,50,13,99,25,79,57,42,39,53,17,3,30,32,77,99,46,36,98,81,72,63,98,23,32,1,71,80,16,50,50,18,29,100,61,74,71,91,98,78,67,15,85,29,54,71,47,65,78,57,72,38,64,62,29,97,71,75,29,19,74,41,26,36,44,34,26,35,91,86,35,52,70,54,15,24,92,6,53,76,16,14,4,17,63,14,44,79,12,29,87,6,88,25,41,89,17,11
85,30,99,10,43,97,71,2,40,14,63,22,17,85,79,98,21,57,88,7,97,3,98,3,80,47,52,69,99,59,18,72,15,27,18,29,6,80,2,76,42,44,43,37,96,19,91,85,53,24,75,60,5,34,16,20,64,3,12,74,77,84,51,37,1,17,58,94,57,73,68,4,14,41,13,60,22,87,61,25,80,68,21,71,59,66,5,94,16,46,14,85,75,78,96,57,5,79,49,98
82,86,17,39,19,63,29,9,48,11,11,55,64,73,37,37,17,77,14,41,80,38,31,61,31,4,10,68,7,63,51,88,67,50,53,31,54,84,23,6,53,87,99,40,81,16,62,47,54,53,17,30,51,36,72,25,33,12,77,6,71,79,41,98,80,82,17,3,90,10,29,86,57,19,57,49,4,66,27,39,61,99,52,27,20,33,59,56,70,4,55,21,64,86,82,2,42,12,7,70
66,77,68,77,45,40,49,93,82,18,64,17,38,49,40,27,20,65,34,38,13,89,68,64,34,94,20,38,15,46,29,66,94,36,56,38,98,89,22,99,33,54,77,1,48,66,79,93,1,70,22,9,74,63,25,96,19,93,76,58,49,75,54,79,53,70,68,1,94,22,76,83,31,37,17,28,14,33,73,49,86,65,2,7,82,37,43,77,79,86,17,20,77,95,28,65,57,30,4,89
16,97,57,66,55,6,22,56,33,2,81,83,72,91,43,48,54,54,24,12,18,82,72,95,77,38,57,41,92,51,80,20,67,28,6,92,42,6,2,94,10,70,87,34,33,69,59,17,25,87,28,95,37,74,50,38,51,90,88,36,78,19,54,0,9,42,32,30,33,10,14,2,8,4,57,74,37,54,24,38,14,69,25,27,15,25,71,0,35,45,24,87,24,22,10,49,20,53,28,13
87,94,98,26,63,46,29,23,89,1,26,100,71,95,64,10,81,88,29,97,87,61,61,69,75,36,92,36,45,35,81,2,0,73,100,44,12,70,23,92,23,9,83,96,14,96,14,72,65,81,94,56,52,47,12,50,7,92,62,86,52,52,38,22,58,61,53,42,55,56,14,49,7,80,2,62,73,83,81,75,94,53,42,87,25,38,5,57,79,5,85,39,59,93,6,66,84,11,59,27
24,26,90,8,78,2,2,29,37,61,69,54,1,23,35,15,73,31,47,10,20,100,64,45,30,42,33,64,99,63,69,81,82,43,77,64,88,43,8,15,46,35,48,33,84,97,81,6,0,91,10,36,16,88,38,53,72,39,3,24,23,77,72,32,50,11,56,24,95,10,95,10,78,29,90,34,58,15,32,25,25,90,42,69,4,21,49,58,34,29,7,2,63,87,43,70,53,44,16,29
10,62,47,66,93,44,66,88,0,29,67,12,41,64,96,19,0,12,74,65,2,31,3,25,79,26,36,33,35,91,10,6,1,14,15,53,52,43,29,83,49,60,35,18,89,49,36,13,86,46,68,52,17,54,57,93,87,78,27,1,70,91,3,91,58,4,2,21,39,4,71,78,16,85,88,56,88,59,19,49,20,69,78,59,82,78,51,33,23,4,79,50,97,93,66,70,17,67,83,57
51,28,63,78,69,28,18,98,2,75,76,60,39,49,68,39,26,23,92,69,41,26,78,36,72,83,64,33,63,73,94,7,3,4,54,51,49,62,73,8,1,86,18,7,50,9,17,27,2,60,4,14,48,65,52,9,12,80,9,44,79,37,20,41,59,50,81,68,1,48,39,66,56,76,6,80,64,79,24,14,55,58,73,25,0,61,18,44,25,68,61,90,44,72,100,53,17,28,73,36
42,15,0,25,81,35,15,81,37,70,100,29,80,22,58,84,97,30,42,37,4,24,10,59,94,38,74,57,92,67,19,22,34,100,23,83,40,35,31,10,83,23,38,98,58,59,51,50,88,85,9,54,47,3,77,38,52,33,8,76,92,28,71,42,12,34,52,57,57,37,76,74,56,63,42,56,85,22,97,6,97,32,84,96,17,15,27,24,5,0,23,99,13,16,64,65,59,68,78,46
20,91,37,59,74,73,58,80,44,4,81,97,50,32,63,98,35,25,7,3,61,100,56,17,26,3,86,14,35,18,33,13,94,71,72,56,29,33,33,47,100,19,74,61,11,77,21,88,69,22,69,85,18,33,47,0,11,1,59,82,62,39,82,34,87,31,5,92,57,12,67,72,68,82,12,79,23,98,66,22,72,18,5,14,91,56,41,62,5,63,97,92,49,27,60,49,87,58,11,89
27,46,55,46,56,17,32,61,77,23,23,59,45,1,58,4,97,5,41,38,48,86,17,97,4,80,18,70,10,83,27,9,87,77,93,76,57,4,76,34,13,30,47,81,5,99,45,46,94,85,75,25,46,16,17,34,14,43,0,66,89,4,15,48,38,73,72,14,16,88,32,17,79,82,78,69,87,87,46,33,56,0,65,33,93,60,38,20,78,25,17,85,79,25,29,61,37,52,6,76
65,4,3,72,16,10,61,3,51,12,13,26,42,0,79,82,79,6,84,35,15,87,43,28,23,31,39,48,46,9,54,24,93,24,35,55,11,82,3,23,67,55,21,74,55,93,85,86,18,90,50,83,33,14,61,85,47,95,5,59,79,54,6,12,24,99,42,44,27,46,43,62,75,5,81,17,30,91,34,18,99,80,32,22,42,22,70,80,70,7,100,56,27,34,3,34,99,84,95,44
49,9,7,59,91,73,86,11,65,32,77,31,66,75,37,91,84,4,40,44,9,25,26,22,15,60,68,67,82,61,54,99,60,53,57,56,17,27,95,4,64,38,61,32,75,22,0,10,86,51,67,21,35,66,18,89,12,11,91,28,79,5,39,58,48,85,32,32,11,77,89,5,24,19,13,4,83,62,84,76,63,98,23,23,2,57,89,16,33,1,84,6,30,37,32,47,68,10,72,27
20,95,22,31,56,21,95,9,68,70,2,64,68,75,89,73,13,53,89,33,71,19,77,82,35,59,63,71,81,74,86,88,1,32,73,51,55,12,10,58,58,80,76,42,97,47,75,89,77,100,82,45,28,55,2,2,57,44,94,87,9,28,64,62,61,75,35,93,58,1,46,36,10,5,23,39,100,14,69,6,62,86,5,39,56,24,92,37,70,66,58,84,0,83,81,77,15,60,25,21
23,13,37,42,11,81,43,76,71,21,1,9,31,44,14,64,75,41,79,26,2,6,97,6,52,20,26,63,57,66,3,52,68,79,64,80,69,65,22,70,25,57,83,89,53,77,66,45,81,2,14,96,8,48,85,66,75,66,10,50,93,33,40,21,55,65,41,60,70,17,97,25,36,58,66,71,86,44,49,66,52,17,42,61,77,1,9,95,73,6,2,22,33,45,9,42,25,15,70,78
58,16,18,6,0,72,11,49,8,41,27,89,68,100,85,79,84,79,32,15,18,41,74,68,100,35,75,5,31,46,80,19,9,71,83,22,17,83,90,82,39,71,88,66,83,74,77,86,69,2,39,70,42,57,92,86,92,16,74,93,68,3,51,54,33,97,75,27,69,82,94,33,75,6,16,6,93,2,41,80,12,95,8,72,6,61,84,3,91,6,52,1,55,80,82,93,15,64,61,48
93,60,56,38,28,56,41,62,34,54,63,68,61,19,63,31,13,75,96,14,50,34,8,93,23,86,60,42,10,85,96,43,64,48,49,62,44,1,71,85,3,5,73,68,100,16,43,78,71,47,32,40,99,7,22,92,90,97,87,1,21,50,81,3,61,38,43,43,96,91,91,81,63,68,78,50,85,30,56,2,92,28,46,9,69,36,78,54,7,48,87,12,94,67,53,88,17,19,85,87
93,91,44,8,12,38,83,75,96,24,99,38,2,16,75,41,45,1,95,85,60,31,61,34,97,7,17,62,73,64,5,64,18,94,13,95,38,23,35,83,89,25,97,31,34,81,63,66,43,95,30,52,34,83,61,32,27,4,92,89,48,29,40,42,4,83,2,1,84,7,72,65,59,15,26,44,76,8,60,8,7,83,21,61,83,71,66,64,37,87,31,4,57,43,70,71,41,73,21,12
80,54,48,57,66,13,29,37,49,37,35,27,23,17,18,13,62,6,26,95,88,38,20,76,94,77,17,94,53,70,28,84,13,70,30,43,12,16,59,90,81,26,64,84,100,84,76,22,82,7,39,92,58,13,12,26,72,94,32,27,41,32,81,23,88,2,62,44,15,58,38,29,97,13,26,17,86,52,7,85,47,11,79,0,11,32,32,6,41,9,15,21,84,92,41,16,100,18,45,6
97,0,19,60,87,40,30,62,11,59,7,76,40,93,28,75,93,24,30,82,76,99,68,86,8,8,52,74,36,85,39,2,19,57,100,55,25,12,0,60,38,49,41,19,4,39,98,68,1,46,39,47,9,45,33,79,86,69,74,52,36,79,90,30,35,30,31,98,71,56,1,55,35,38,99,84,26,64,94,59,90,44,69,60,40,68,53,46,74,90,15,69,56,60,65,42,40,43,15,89
100,31,71,55,6,94,76,42,24,27,21,66,32,68,13,45,83,7,73,25,21,45,4,77,57,80,1,53,42,83,84,95,70,5,16,71,100,36,52,48,13,19,98,71,5,58,78,21,73,3,2,96,17,68,27,92,50,66,19,23,80,29,64,81,28,82,47,3,59,74,96,77,63,22,26,60,31,4,0,46,79,38,87,64,79,37,35,16,76,95,59,8,52,40,73,35,66,89,1,84
53,24,36,41,37,25,23,73,92,79,42,48,26,13,99,39,68,100,38,98,73,40,6,0,43,48,82,82,88,43,87,98,37,71,17,34,7,22,98,3,28,51,8,1,82,41,98,97,19,12,62,73,64,83,27,35,92,13,30,85,99,8,8,76,4,69,13,65,27,86,54,63,66,91,28,82,60,66,64,36,33,97,87,12,29,68,88,47,98,65,77,6,66,26,29,41,48,99,12,86
19,17,26,76,43,62,50,37,2,95,58,67,16,37,4,44,81,55,2,46,60,98,27,76,60,47,37,43,81,60,28,72,49,33,44,25,39,74,96,91,33,96,39,67,70,16,30,33,9,22,3,34,9,25,55,1,6,49,28,49,24,83,14,99,52,6,81,40,25,34,87,19,88,23,15,69,1,12,47,20,25,7,22,31,32,16,43,32,88,87,50,38,72,75,52,38,59,92,84,43
21,29,63,23,63,33,67,49,2,38,99,68,100,15,47,44,26,99,43,37,81,81,39,87,35,4,53,9,61,28,91,73,10,13,51,71,42,75,90,8,62,0,19,62,66,6,13,12,22,0,22,75,50,24,79,9,81,33,28,81,89,38,91,41,65,83,18,51,19,52,55,90,74,47,52,59,46,92,20,58,84,10,31,39,97,36,89,57,86,67,18,81,81,76,82,44,8,72,47,85
50,12,23,71,62,51,76,13,17,22,100,49,76,11,64,14,43,19,63,85,38,5,78,18,18,3,81,80,6,63,33,73,5,19,55,60,87,54,23,53,99,0,8,81,32,77,45,45,68,98,5,27,62,30,95,35,37,50,72,5,47,24,89,57,44,48,68,84,80,16,30,34,85,44,33,98,36,51,61,54,44,30,26,83,25,23,19,87,75,44,1,69,95,7,76,8,9,17,64,9
56,1,0,20,15,2,60,92,68,76,36,98,42,89,76,25,28,38,63,43,84,32,93,96,79,35,27,80,33,92,2,42,69,50,82,91,52,19,73,49,88,52,98,18,84,6,91,95,84,75,73,25,90,14,23,26,7,34,79,3,17,95,79,87,67,68,100,2,45,55,40,44,37,47,85,63,45,66,76,37,99,90,42,0,76,75,85,59,8,91,16,68,70,43,24,82,31,3,94,1
69,42,31,61,62,51,5,45,77,34,23,23,30,38,71,83,21,46,10,48,26,13,83,64,66,95,75,56,84,19,49,84,95,11,91,4,44,92,24,82,24,12,31,51,16,28,48,4,27,40,16,4,26,78,0,82,12,1,61,21,45,43,80,100,70,47,72,89,62,65,91,80,5,75,21,22,30,37,16,72,26,43,93,85,66,21,45,35,48,90,70,47,13,28,83,0,15,16,99,74
87,85,70,58,86,11,10,43,20,19,8,79,46,59,16,49,91,66,30,69,25,57,12,22,96,56,81,48,61,33,12,44,83,33,79,89,82,29,98,79,19,60,43,3,13,92,23,41,40,12,48,49,78,9,26,67,25,21,26,0,37,65,29,50,34,29,44,78,31,77,21,47,29,28,66,74,80,17,35,71,85,60,46,91,65,36,96,49,28,41,13,87,88,4,92,76,66,14,94,81
7,78,30,71,98,54,48,18,35,26,35,40,4,16,44,0,81,96,62,48,42,54,55,64,31,51,91,83,80,11,92,4,22,4,97,3,34,90,94,77,60,99,35,15,33,13,53,90,62,2,67,29,57,24,99,90,18,21,53,100,62,12,35,24,53,35,76,19,63,20,4,85,67,29,20,38,16,53,82,28,49,12,95,10,86,44,56,36,30,49,70,44,20,9,70,93,51,73,75,93
1,80,46,27,22,18,29,25,5,64,10,37,25,83,87,5,96,92,6,98,94,17,90,100,13,13,59,56,43,75,50,85,98,100,10,92,98,42,60,48,57,66,24,2,47,57,11,24,100,64,37,57,48,59,48,79,50,11,35,10,52,91,59,93,44,69,86,82,43,53,95,17,74,6,95,23,31,45,27,28,62,81,49,43,87,7,83,0,43,84,80,65,66,2,76,75,93,58,99,32
37,95,18,96,78,72,79,50,43,98,19,40,0,61,0,29,65,16,36,50,10,96,24,2,13,60,80,31,1,44,19,19,76,76,30,65,64,39,32,85,22,4,43,71,88,89,11,31,83,55,58,45,54,52,78,38,51,38,90,9,74,8,96,3,59,39,83,15,85,23,58,11,34,67,38,27,34,24,32,63,58,33,22,22,20,7,76,23,41,18,41,4,29,41,23,94,1,55,96,71
69,11,41,64,3,52,69,77,33,90,53,90,57,10,74,73,8,17,20,41,76,84,98,78,91,96,66,84,29,24,69,69,12,15,47,13,33,31,96,83,86,47,12,49,21,1,2,96,85,92,91,21,13,82,37,76,50,68,72,16,100,16,38,23,33,45,21,30,99,62,98,100,33,34,50,8,83,7,13,77,53,59,49,93,91,74,35,23,43,99,48,91,11,5,30,13,48,79,15,21
11,42,93,83,66,29,31,34,51,41,65,49,85,1,6,75,100,94,86,69,87,2,65,68,54,73,35,33,11,28,93,8,89,21,86,45,26,71,42,85,23,91,11,22,73,12,48,45,24,31,40,55,61,55,46,63,7,97,63,25,53,0,78,32,91,90,1,0,38,51,83,36,31,40,91,58,40,0,17,79,15,67,38,81,44,16,53,47,38,89,91,23,8,57,57,73,55,65,98,39
13,93,55,83,30,48,46,50,1,46,66,4,45,77,61,94,78,46,78,53,1,55,50,50,1,53,4,83,1,60,97,29,2,32,17,96,0,27,46,97,75,7,61,56,61,65,23,58,3,71,33,47,48,88,84,19,16,27,44,40,60,62,74,63,55,38,54,5,78,64,79,34,23,58,73,65,85,14,26,49,49,22,13,6,10,48,11,70,32,18,63,7,33,53,84,16,85,60,81,1
18,62,83,70,92,42,24,86,11,100,5,83,70,16,62,33,97,17,30,78,64,18,45,5,22,3,27,51,82,64,92,18,71,18,14,92,17,39,10,19,84,98,100,26,55,39,12,6,61,52,42,37,46,57,41,18,57,68,100,6,95,100,93,56,95,15,91,87,75,95,20,79,32,50,88,56,90,1,73,40,95,68,82,17,18,70,75,25,62,67,50,34,80,1,68,28,20,32,8,81
69,81,22,46,92,41,46,68,42,75,34,22,12,21,72,23,80,7,12,58,89,74,58,29,94,9,89,6,97,44,86,57,98,53,54,15,36,84,43,23,86,58,94,64,3,54,40,75,18,62,16,48,34,47,42,33,69,100,37,31,56,8,89,80,55,50,79,55,100,33,88,90,23,20,49,9,32,74,45,86,100,97,50,73,26,91,86,99,95,93,5,43,82,48,68,13,83,24,24,91
72,45,20,63,60,22,41,83,20,57,8,65,36,57,16,67,36,73,25,11,29,38,49,56,61,60,29,72,98,82,89,13,88,97,97,58,39,39,11,31,27,91,45,93,79,14,48,94,44,27,55,43,30,95,30,77,22,91,92,61,89,10,9,73,66,25,28,82,84,28,23,80,65,32,93,1,25,45,52,55,86,98,95,7,74,67,49,39,92,24,1,72,73,45,97,5,58,28,33,41
57,93,54,2,7,95,45,53,36,2,40,35,43,20,80,10,56,51,70,93,37,37,4,22,75,16,3,76,70,15,87,78,47,53,84,0,92,17,33,13,37,1,31,46,92,19,51,72,0,30,64,92,66,78,40,93,29,49,38,67,36,87,49,39,14,45,67,36,75,10,35,95,76,7,9,53,96,51,85,4,51,82,62,62,80,26,18,80,23,52,0,87,36,3,84,47,93,7,34,32
94,87,29,60,34,66,75,8,21,86,40,35,84,78,67,68,8,39,48,10,13,52,21,11,91,22,27,68,69,82,87,13,89,4,41,86,0,88,20,83,39,53,69,89,59,74,62,98,86,5,71,9,90,73,93,66,55,94,9,25,78,74,5,60,82,24,35,54,38,38,11,60,29,1,33,33,14,30,37,86,15,17,65,8,84,38,64,56,12,83,9,55,14,76,87,97,13,11,62,83
67,74,18,84,26,82,41,63,72,78,70,77,54,30,55,11,12,19,44,5,68,21,95,99,66,55,45,29,73,100,53,43,68,98,13,81,47,79,53,19,16,44,54,90,32,77,6,38,4,46,89,79,52,45,25,1,56,6,89,59,86,44,86,89,3,40,83,5,50,52,80,66,90,40,93,74,67,65,19,71,81,46,19,14,81,72,1,96,19,19,67,78,15,94,63,53,82,80,54,94
8,45,25,45,44,31,81,13,30,37,14,62,93,100,7,70,44,50,26,73,13,69,27,63,14,72,64,80,55,19,74,86,36,94,79,45,71,57,75,89,12,59,17,24,85,77,90,51,77,20,65,62,72,21,0,58,30,57,41,20,83,77,23,48,45,1,91,6,78,92,10,23,19,65,74,69,15,78,45,83,99,71,9,72,32,98,44,68,73,61,47,47,72,4,32,14,2,26,86,10
33,98,46,96,34,81,49,8,68,91,34,85,100,6,95,12,6,3,19,48,75,1,58,5,70,81,66,77,35,86,20,63,71,99,23,41,97,36,8,25,45,68,85,5,67,43,96,15,45,92,99,33,0,56,77,44,42,50,11,75,72,29,63,78,49,59,61,39,60,76,12,71,39,94,71,86,69,13,17,60,76,8,14,41,75,80,44,24,33,45,71,23,27,52,28,48,99,9,22,44
57,59,76,83,81,63,21,24,60,50,44,89,89,82,62,17,9,89,32,13,63,4,43,20,30,98,52,20,68,56,15,83,100,9,93,13,16,86,9,59,63,49,79,48,39,8,72,41,10,54,89,28,72,1,0,60,62,45,15,1,92,54,45,41,9,75,0,56,45,78,99,92,86,69,14,65,99,96,67,50,41,28,84,12,47,75,4,58,66,73,68,20,95,52,84,43,88,74,72,51
45,22,27,88,85,42,13,73,5,49,32,64,97,12,10,82,12,40,78,68,63,93,49,53,30,100,67,66,5,13,41,53,3,3,86,95,90,2,25,84,48,35,86,90,54,99,58,95,17,5,73,49,23,12,31,3,2,69,19,88,21,96,70,4,60,3,75,43,79,62,45,59,87,55,45,34,57,64,3,89,55,97,66,51,97,36,42,0,21,59,94,91,8,55,76,30,76,77,22,1
93,17,45,5,35,72,57,44,88,28,3,55,22,12,55,99,29,91,76,80,5,81,89,90,43,99,55,28,30,71,30,73,62,47,10,64,53,71,5,72,100,41,10,99,34,91,24,23,77,29,58,19,57,59,23,64,0,68,7,50,71,51,1,10,49,45,54,67,97,20,28,96,21,72,5,34,60,3,76,43,69,55,86,55,17,71,81,30,83,58,54,67,78,31,84,98,5,29,60,34
39,54,62,32,10,22,71,56,61,14,6,90,24,48,83,7,94,15,47,41,16,86,56,83,60,49,42,35,52,2,21,23,28,73,39,36,9,92,71,4,12,78,33,54,99,63,53,59,58,76,51,28,32,71,46,9,45,53,72,38,66,45,2,74,17,37,54,40,55,97,54,53,15,69,70,59,68,24,29,4,36,79,14,91,2,59,42,4,97,65,67,75,37,63,100,100,8,50,25,89
65,82,56,76,63,53,70,51,27,36,34,94,1,68,17,37,87,59,80,2,94,44,12,20,69,19,43,81,45,87,76,23,61,97,40,42,77,52,37,5,43,61,100,50,64,55,51,73,19,69,91,39,76,5,78,22,22,71,95,74,26,8,21,69,56,98,30,40,56,1,67,62,85,79,26,77,50,17,43,38,82,65,32,50,66,65,10,64,21,90,4,9,83,30,66,79,64,12,31,1
27,7,74,26,64,27,76,18,41,27,9,49,82,41,22,50,71,17,12,25,35,51,87,89,31,92,51,84,4,78,48,27,63,65,67,42,35,63,21,27,75,85,28,9,61,58,97,12,43,31,40,53,56,21,32,12,22,43,47,23,43,63,59,62,17,59,11,77,45,5,53,73,51,40,6,80,76,35,52,47,31,91,44,62,97,9,90,42,60,20,78,91,17,70,7,8,29,26,68,25
38,1,60,87,50,61,22,95,93,69,45,2,73,36,36,29,4,49,86,41,24,27,24,66,9,9,81,89,80,60,52,98,94,76,24,48,31,69,52,95,100,19,81,55,22,49,38,17,79,47,38,14,14,5,31,9,86,31,34,95,46,0,25,67,69,49,31,34,12,20,35,61,73,40,5,45,95,17,12,16,92,10,42,53,28,94,41,86,40,5,5,8,31,50,7,81,57,94,41,90
7,4,11,41,88,0,60,29,100,47,0,95,57,2,0,52,17,6,12,40,96,84,80,0,62,14,17,92,59,56,88,85,97,74,4,85,72,68,7,66,6,41,8,30,17,68,64,74,92,71,91,60,94,69,39,67,27,45,62,16,86,35,80,47,31,0,86,32,23,3,86,54,62,15,37,86,49,15,69,15,30,32,25,71,18,80,14,30,28,47,52,33,82,72,19,32,84,24,43,66
95,28,56,72,67,13,12,88,96,26,18,94,39,87,89,65,10,47,52,96,22,4,64,73,88,10,47,48,56,18,37,58,30,20,73,15,70,10,20,42,36,20,37,93,93,16,50,83,59,72,32,99,20,74,8,16,57,30,33,27,34,70,98,30,33,41,95,19,81,36,90,44,83,13,62,51,49,10,90,61,67,71,64,85,87,1,37,55,42,57,19,73,5,30,86,48,95,48,51,16
88,93,51,24,79,49,32,28,30,52,38,36,71,49,74,71,40,82,81,46,71,75,70,60,80,19,85,71,72,21,88,73,69,21,61,61,28,93,11,14,56,94,37,35,59,16,80,32,26,59,58,93,10,64,48,64,86,19,34,72,21,31,24,14,10,78,81,41,25,23,85,10,26,85,4,58,74,26,27,5,22,87,9,54,52,12,92,30,42,20,10,81,24,51,48,87,96,80,98,61
33,69,14,44,99,73,40,99,85,53,95,7,95,86,100,4,39,65,10,61,63,71,7,16,99,42,32,7,34,91,26,60,24,63,34,2,36,54,20,4,74,81,68,21,69,47,38,27,53,36,19,9,72,34,10,74,54,56,1,57,7,35,64,58,91,14,7,99,78,39,36,43,51,67,4,55,77,92,19,20,44,13,46,7,17,89,97,86,72,53,85,23,13,7,11,77,68,6,96,61
93,27,99,37,33,63,0,90,97,58,53,87,14,76,30,87,91,42,77,45,71,76,85,37,28,94,50,67,60,93,79,27,98,78,17,25,68,88,64,82,25,66,46,84,18,55,83,43,4,82,40,72,27,81,58,83,69,44,61,38,54,28,2,66,46,50,57,45,17,21,77,69,62,97,11,4,53,52,56,38,6,74,80,5,46,9,91,48,85,71,55,40,60,3,98,33,4,94,16,17
5,63,72,29,29,12,25,73,86,58,53,65,40,8,17,53,78,49,72,70,72,12,81,73,93,80,60,81,60,43,70,5,77,18,85,99,96,36,10,42,59,51,37,22,64,33,27,83,20,77,51,35,77,25,40,79,19,61,84,90,35,29,40,97,93,71,14,56,34,50,44,96,69,44,59,58,2,25,68,63,70,19,33,61,90,3,100,18,28,86,0,33,92,3,19,9,77,75,62,3
30,36,25,48,71,0,96,12,60,80,26,76,33,8,64,14,96,16,72,91,61,33,12,53,13,55,10,54,40,66,26,40,59,92,51,24,62,37,38,89,13,1,7,28,92,51,73,7,60,86,54,56,57,6,7,31,45,29,91,82,53,52,94,71,10,61,66,94,16,37,98,78,2,9,62,57,74,6,22,89,80,44,97,33,15,41,15,29,98,28,78,52,84,83,69,13,99,69,53,98
2,8,78,12,2,60,4,65,47,46,62,32,78,7,51,82,89,39,68,38,38,55,25,21,45,58,14,83,67,56,78,84,7,13,64,39,96,76,25,38,94,1,93,12,12,14,21,10,73,57,13,70,69,11,46,93,5,82,23,8,24,7,42,96,19,19,80,46,56,56,40,10,97,70,3,97,62,4,64,88,36,63,64,5,47,6,21,18,30,79,62,14,45,73,56,59,83,28,28,39
24,87,75,24,98,17,4,74,100,91,77,28,61,91,53,2,8,95,40,17,14,16,62,9,50,99,47,90,95,64,21,54,17,30,11,36,22,69,72,54,10,72,28,29,82,57,16,37,45,92,2,48,84,4,68,74,91,5,48,22,86,49,48,18,30,97,50,44,30,41,73,57,69,73,12,77,72,20,69,83,25,12,3,27,34,59,46,42,54,69,26,13,26,30,3,99,54,81,48,41
3,22,33,4,84,25,60,89,51,12,88,39,31,62,95,48,67,93,5,10,9,26,74,56,10,24,83,23,63,19,72,75,5,55,31,32,73,55,65,87,6,6,52,89,11,68,16,9,28,97,98,78,16,27,17,73,49,86,66,40,0,82,71,6,74,81,7,33,25,100,100,98,22,44,19,79,49,40,83,56,82,79,77,39,71,86,96,57,93,51,43,43,5,34,63,5,49,41,57,5
6,84,27,67,14,90,40,43,4,77,90,44,52,25,88,75,93,30,100,11,83,17,21,92,0,4,43,31,46,64,41,54,64,33,100,9,29,48,89,27,14,43,53,26,22,54,7,78,56,2,0,31,80,57,82,36,75,85,3,77,80,9,99,56,41,50,29,64,29,26,75,72,61,33,83,55,21,30,79,45,75,96,25,74,100,100,45,10,90,36,40,35,96,8,2,2,29,92,81,72
38,98,98,5,67,81,58,14,71,45,95,100,27,4,66,83,49,5,12,57,30,30,39,16,32,47,44,83,68,24,27,59,13,89,17,90,91,25,98,77,52,56,16,46,3,53,57,66,76,65,59,64,86,14,13,84,12,85,58,100,36,80,93,60,82,4,35,65,100,6,55,29,47,85,0,79,24,39,77,65,10,46,22,7,25,31,94,27,90,19,19,85,58,29,83,17,12,69,73,6
51,88,15,14,76,3,74,26,55,46,60,36,3,61,35,48,86,27,17,28,58,41,88,83,19,77,37,8,93,75,50,37,33,29,61,71,71,49,46,74,81,36,32,84,59,34,40,56,4,18,93,3,94,52,62,14,2,6,48,82,85,40,65,56,56,90,25,79,66,71,64,34,44,92,36,70,8,97,27,43,12,34,32,81,57,25,75,28,47,50,73,39,85,22,56,52,53,82,52,86
16,40,34,44,24,63,1,72,45,76,47,54,71,44,25,73,65,96,50,99,66,63,50,88,86,81,23,62,35,67,72,92,85,19,17,96,24,85,37,97,19,15,56,27,53,7,42,91,68,57,39,27,42,50,60,51,16,93,77,16,65,23,15,73,60,89,93,10,59,33,27,74,23,77,3,52,94,1,44,65,49,26,78,94,33,24,30,12,89,35,21,6,30,14,5,54,20,84,78,33
20,3,82,20,70,39,85,50,67,49,48,46,2,83,76,26,13,92,87,19,81,60,5,54,18,78,47,34,65,0,49,38,77,45,5,13,18,100,2,94,46,57,33,37,39,35,35,75,95,2,100,57,78,53,65,14,11,36,90,9,71,60,10,62,30,5,46,54,19,87,33,99,61,95,97,61,51,3,22,64,15,86,77,28,75,58,11,90,89,66,41,46,84,72,84,18,47,10,17,8
42,18,90,32,39,25,5,54,90,1,61,67,64,72,32,45,67,13,84,67,11,50,38,60,88,81,48,89,62,92,85,67,87,96,3,55,23,82,52,63,59,82,49,73,43,96,57,27,71,20,97,68,1,80,24,97,22,78,88,1,99,61,79,75,97,56,39,32,98,40,63,53,13,42,86,79,30,43,22,92,67,0,0,71,1,47,11,13,22,80,1,50,91,12,88,31,56,33,92,77
60,64,92,54,100,65,8,17,91,56,85,63,94,36,83,83,79,1,2,42,33,50,99,90,60,33,99,100,15,21,57,61,63,84,84,3,90,54,91,42,94,17,55,86,50,22,24,49,9,53,32,92,35,38,47,26,29,47,56,94,97,33,96,30,77,26,49,90,40,35,30,92,29,98,18,75,100,11,23,49,68,3,77,97,26,83,11,53,27,82,59,93,80,20,87,10,52,70,65,80
44,86,99,14,71,92,39,73,40,46,38,94,43,15,31,82,8,61,62,76,15,42,67,49,70,81,1,59,48,83,22,56,87,91,15,10,72,77,64,90,56,4,66,63,59,41,99,28,86,42,88,89,3,5,41,96,62,88,10,100,16,5,32,89,27,63,60,30,13,72,78,51,78,3,8,31,37,2,2,87,51,77,65,66,28,77,39,74,86,15,50,35,61,55,58,46,42,25,82,56
72,67,8,12,1,92,79,80,43,37,32,92,37,92,25,41,8,56,62,22,22,7,21,22,43,84,13,12,39,2,87,17,95,28,46,8,88,98,81,83,6,35,58,27,81,54,40,3,63,69,63,95,100,45,27,16,74,93,54,21,4,45,10,43,51,46,56,38,17,7,53,3,36,9,36,32,30,0,11,71,27,67,49,63,49,77,15,97,59,52,6,6,10,12,65,61,53,93,7,74