23,23,72,94,55,74,12,11,39,18,47,81,25,45,40,89,61,11,91,29,60,55,75,60,63,47,72,56,11,4,59,5,45,35,52,94,19,49,39,8,57,60,23,18,1,38,33,87,76,7,65,93,5,17,64,86,33,0,53,29,97,3,91,15,40,24,28,23,55,8,7,81,48,55,39,14,59,78,74,43,75,93,65,87,94,5,47,73,66,12,25,73,77,35,70,86,56,9,97,16
52,99,41,30,97,91,5,72,0,63,49,20,50,87,83,31,65,93,75,26,97,6,58,0,69,94,89,58,25,45,85,12,13,81,80,4,57,27,74,34,97,5,30,94,92,19,5,59,22,79,11,43,55,51,83,35,78,6,41,49,42,84,43,82,68,87,48,1,5,70,56,93,23,27,66,82,60,17,9,38,65,8,69,42,80,44,30,70,75,82,39,68,62,40,41,68,31,69,24,13
91,64,75,21,32,66,85,60,84,36,82,37,4,59,99,42,53,46,82,94,50,96,75,1,77,64,51,24,77,3,10,56,33,19,81,94,30,75,57,100,45,11,93,100,74,5,16,56,74,82,100,70,38,53,61,76,60,73,85,47,33,7,32,45,98,21,29,53,99,9,34,61,11,57,75,39,35,43,64,57,49,17,90,82,49,78,70,84,18,53,16,74,11,64,19,17,82,89,89,8
6,67,59,91,47,24,81,85,38,100,48,23,48,73,47,10,53,51,51,39,96,11,4,65,25,4,96,98,85,17,7,97,11,86,85,62,54,57,87,62,13,79,70,80,49,39,32,32,17,99,96,82,83,24,55,98,16,65,31,48,3,57,29,29,11,16,49,54,94,50,35,58,66,32,96,88,38,54,17,5,65,89,33,76,32,29,52,21,26,71,71,15,38,82,72,23,74,14,23,73
23,23,40,27,20,95,21,6,29,22,72,37,21,43,68,11,60,35,8,10,51,58,78,54,99,86,28,2,57,32,38,81,80,48,18,90,45,6,82,93,35,68,34,93,51,23,44,1,14,79,25,30,59,41,22,72,33,83,82,61,11,80,12,2,8,47,56,57,16,90,68,37,61,5,93,1,49,41,93,89,74,72,45,9,65,68,95,31,69,63,48,32,9,25,9,84,77,38,7,9
64,37,5,15,9,50,87,70,10,24,51,7,38,47,39,46,28,58,85,19,62,38,7,97,3,68,63,7,1,31,23,32,77,84,29,27,75,96,28,52,38,51,72,26,60,14,86,90,9,88,1,30,98,71,78,12,37,98,41,31,30,52,53,74,36,53,89,64,25,56,92,15,60,73,49,8,35,57,81,82,62,9,58,70,74,59,5,20,77,19,60,49,57,51,86,14,58,47,87,81
58,62,12,24,59,38,65,90,64,7,0,18,52,72,59,57,57,68,71,93,66,58,30,73,59,53,36,62,3,1,58,11,2,56,34,75,24,19,48,88,0,95,9,84,18,14,27,8,43,38,11,18,34,65,43,0,11,9,46,96,2,10,3,11,6,49,80,27,38,68,5,64,25,10,99,78,56,55,1,42,46,4,0,65,47,19,46,57,4,55,27,55,47,86,41,91,35,96,84,17
74,34,3,0,85,28,68,2,24,12,7,38,44,46,63,95,100,70,99,0,1,20,25,56,53,14,68,85,32,31,7,0,55,63,38,97,56,99,42,14,85,94,71,55,51,52,26,89,79,20,63,32,34,80,84,68,89,44,66,5,88,29,29,1,73,30,67,11,40,23,79,69,44,9,44,37,92,75,92,61,50,90,99,82,91,5,65,41,40,93,96,10,43,53,54,46,89,33,71,77
68,82,85,21,1,16,36,70,45,24,48,84,32,10,90,90,69,27,61,99,65,3,55,55,93,28,1,75,97,16,44,45,55,95,48,5,99,71,90,96,5,87,59,78,6,19,34,35,46,23,46,80,16,13,23,15,74,67,98,94,95,95,36,88,19,50,2,75,4,53,13,1,62,67,71,36,28,63,98,58,49,7,19,66,14,14,38,96,76,84,85,29,47,35,44,2,94,4,40,96
34,38,62,20,98,84,17,78,33,55,95,68,55,35,38,79,18,31,10,54,28,53,39,63,74,36,48,79,54,14,11,44,83,87,6,22,77,95,82,94,98,50,5,99,59,22,95,58,72,1,89,59,51,25,30,74,1,78,75,28,50,53,84,72,32,22,26,55,100,96,96,88,35,1,97,70,69,53,92,1,98,44,60,38,25,79,25,11,48,1,67,82,29,18,90,71,54,50,68,66
81,90,90,35,3,63,57,51,27,22,0,4,22,3,17,50,66,93,18,18,46,68,55,43,7,39,44,73,35,79,77,44,28,85,100,62,90,82,77,28,63,27,45,23,76,57,62,98,51,50,36,39,84,96,39,67,28,28,80,77,52,10,30,35,93,84,56,99,75,37,1,94,24,46,87,44,14,84,8,24,37,86,86,21,86,12,99,34,48,100,19,29,89,24,71,31,51,71,99,55
56,100,99,51,44,22,99,71,78,10,36,15,90,32,28,18,75,86,75,92,99,63,42,65,15,70,54,66,32,30,17,31,82,99,55,5,51,39,97,33,79,18,98,58,33,92,77,10,94,53,62,29,20,70,14,34,55,25,42,54,83,37,56,84,32,16,25,35,13,87,40,19,57,23,24,77,21,44,79,66,69,80,61,60,33,36,85,69,86,13,54,86,94,68,70,93,34,50,45,74
77,6,7,95,93,85,2,33,55,19,26,5,21,20,9,62,24,96,15,20,29,74,30,5,79,28,88,64,93,21,12,9,15,62,95,15,29,62,60,45,83,9,1,67,12,76,15,24,25,30,30,50,17,81,52,73,83,90,82,54,24,50,48,32,67,92,30,74,30,15,50,83,44,59,62,33,48,80,84,76,77,47,5,59,7,1,60,34,64,42,46,94,73,23,41,3,43,73,46,29
7,86,100,16,25,98,50,69,82,68,3,44,53,75,76,14,65,5,42,60,30,20,53,23,78,95,78,56,22,79,80,56,58,41,56,9,79,94,79,16,71,23,70,96,60,95,41,13,49,29,14,82,100,13,19,62,16,61,1,33,75,11,50,44,14,65,89,24,78,0,35,92,51,3,23,87,3,58,69,3,22,19,62,68,31,23,65,4,61,50,29,30,21,17,20,52,48,16,34,9
60,28,79,94,53,45,40,90,56,53,87,94,5,38,88,53,13,69,73,60,5,42,72,91,59,91,26,91,76,13,80,3,71,58,28,6,49,23,62,22,62,69,90,60,6,45,51,6,17,76,16,50,1,41,48,87,34,81,64,65,77,50,38,19,87,79,52,47,31,76,81,88,74,4,40,16,2,32,97,1,59,59,72,31,11,47,7,98,59,47,30,77,10,6,95,52,48,22,63,25
26,84,79,7,18,62,10,75,42,35,79,96,41,39,74,78,30,97,92,28,65,23,80,57,52,91,16,71,3,50,11,43,68,11,97,22,38,51,18,69,46,59,97,29,16,15,55,93,10,22,88,41,52,34,57,72,11,75,10,1,33,52,21,77,31,21,35,53,11,51,83,36,9,96,95,1,11,86,68,49,68,62,91,97,41,95,78,47,30,48,85,55,36,10,87,60,27,11,3,70
2,36,78,0,15,58,16,71,11,14,98,7,59,11,71,18,71,27,39,50,83,37,0,30,85,59,86,66,74,6,20,36,23,90,49,33,59,90,24,14,64,93,26,86,25,11,94,89,69,57,19,41,77,74,68,50,62,31,58,13,13,36,80,73,21,42,17,59,23,6,10,68,33,81,5,27,16,95,61,24,21,42,67,50,98,19,22,21,27,71,72,38,65,95,86,11,75,82,26,61
8,5,58,36,87,85,3,63,15,23,52,60,81,33,12,29,95,84,20,33,66,46,48,15,87,90,42,54,77,50,61,75,19,90,22,61,11,93,70,74,79,5,62,2,8,71,63,37,63,2,37,76,81,81,27,29,50,19,49,98,10,52,87,46,63,89,47,70,100,92,45,40,41,40,33,96,15,71,45,68,34,67,1,54,13,88,90,7,74,45,35,36,39,71,95,71,29,19,88,38
47,23,41,72,5,73,92,53,12,99,50,81,41,10,75,57,10,99,20,78,16,30,53,85,4,98,40,30,63,6,80,98,5,7,43,100,20,66,37,80,46,43,30,24,21,14,91,30,20,88,83,97,96,7,45,75,47,11,92,2,95,88,89,48,97,18,22,39,76,9,28,89,81,68,24,14,73,21,20,76,54,38,72,31,100,53,85,26,77,35,65,78,6,87,49,64,4,27,53,18
90,77,33,53,83,51,17,15,91,14,3,83,23,87,53,22,88,75,65,92,91,48,2,40,34,78,30,7,96,65,70,84,98,18,81,96,91,76,52,33,29,76,11,49,68,70,92,18,54,47,64,9,90,27,74,52,39,83,10,94,94,59,24,65,89,85,1,45,82,75,40,90,47,50,76,37,17,58,6,49,77,59,44,37,96,56,36,45,80,52,79,41,24,100,3,38,56,26,47,29
74,1,38,100,80,57,38,86,22,35,74,25,26,82,98,5,63,100,19,26,75,72,90,36,65,73,4,95,4,2,11,55,62,30,71,84,98,67,78,75,67,3,98,91,0,98,20,85,79,6,68,99,19,1,21,31,98,20,58,80,41,91,65,92,84,32,53,60,29,8,94,34,58,88,51,42,85,16,75,17,2,9,74,61,63,42,53,94,73,54,88,22,0,98,13,48,59,74,70,85
64,83,28,87,60,15,87,60,31,52,99,29,90,29,90,72,75,92,60,26,62,83,85,25,46,11,37,14,38,44,92,98,74,10,3,35,29,79,5,67,17,8,41,16,75,36,7,62,99,42,40,100,78,63,83,95,23,35,25,99,14,63,47,35,53,44,88,72,56,75,88,93,72,49,6,35,46,94,64,86,18,73,33,24,52,95,72,12,37,58,14,28,100,16,78,69,70,73,39,0
24,6,8,83,52,86,70,51,77,16,4,28,77,2,20,79,52,0,74,94,28,51,49,50,96,72,1,16,72,62,46,84,59,20,47,74,12,86,65,81,79,63,49,69,64,84,96,71,42,47,3,5,25,31,61,44,40,37,5,71,49,82,56,51,57,77,5,84,95,69,89,94,56,73,10,43,62,32,2,42,97,8,21,27,80,69,60,3,23,24,89,25,63,80,0,47,76,82,47,39
56,31,74,22,39,20,99,22,50,51,85,82,88,38,52,72,31,52,96,5,25,99,32,50,81,13,16,54,23,34,15,97,34,72,69,25,52,24,37,58,35,41,74,84,11,100,93,75,98,15,59,28,55,22,95,12,82,40,42,52,72,57,66,62,59,96,96,1,50,67,60,20,99,0,89,39,57,7,64,35,7,29,96,17,20,70,53,5,66,55,13,11,81,41,15,71,63,18,98,68
85,38,57,97,7,22,0,95,69,11,99,46,52,26,4,70,80,58,82,85,18,4,83,72,69,56,68,9,30,7,47,26,96,8,4,26,64,54,100,65,99,88,46,1,2,68,85,8,95,39,33,28,19,41,94,64,72,97,62,20,63,2,97,36,56,30,35,9,46,70,14,11,36,0,11,80,75,94,32,56,45,59,23,3,24,10,91,32,21,39,83,39,85,27,40,89,48,81,35,11
19,21,4,87,58,19,5,9,99,49,22,46,59,37,88,36,76,93,65,66,68,77,22,38,79,43,77,44,42,47,62,31,18,45,44,68,13,58,76,76,32,12,71,68,97,28,45,63,58,30,3,14,25,13,91,20,37,80,45,11,17,98,81,53,49,9,71,27,79,43,37,82,97,77,39,46,17,7,91,30,63,61,87,37,40,78,26,92,42,63,69,39,92,33,36,33,86,42,43,1
30,37,46,17,48,63,16,12,10,3,33,5,45,86,36,46,17,11,31,71,12,26,34,28,12,56,55,71,94,39,70,53,5,44,5,69,43,97,82,82,94,73,95,82,66,60,4,90,48,40,75,29,70,80,91,77,64,21,18,62,82,72,70,12,17,45,75,71,2,83,56,91,80,17,92,53,8,8,71,66,90,88,18,7,24,39,4,24,32,92,94,61,90,54,41,64,29,43,33,51
43,90,21,49,97,62,86,32,83,90,64,99,97,1,47,20,7,12,83,1,93,75,86,85,0,49,45,3,87,5,23,50,99,86,72,46,0,77,91,1,97,45,56,75,75,87,18,43,64,73,79,6,57,6,45,32,31,51,31,28,97,29,5,62,85,83,4,48,66,64,70,52,71,45,67,57,99,5,25,65,76,96,22,43,14,53,27,59,11,10,38,63,89,74,49,51,25,6,12,30
56,28,0,100,70,31,24,33,36,3,15,77,79,90,3,97,29,79,86,57,26,91,76,66,35,85,0,58,45,9,28,42,72,28,23,61,94,21,66,31,47,67,64,60,70,49,78,11,77,8,60,73,0,43,63,45,81,72,88,0,21,100,29,82,53,91,64,65,90,45,98,87,5,56,55,30,63,24,55,78,52,7,25,55,31,11,97,53,2,63,34,87,92,56,61,37,5,2,37,27
30,69,90,29,17,82,96,2,73,33,5,1,64,84,69,32,89,43,61,65,54,76,2,77,29,86,51,89,26,90,3,64,75,77,64,16,50,100,60,63,73,79,51,31,40,60,81,87,43,31,49,40,33,52,53,88,90,27,60,97,3,71,10,59,88,71,94,82,12,42,51,60,5,65,23,54,75,83,19,20,80,1,83,68,53,55,23,40,78,8,95,8,14,35,13,17,77,88,3,54
16,4,75,39,83,57,7,15,66,73,57,19,36,10,70,67,7,73,74,74,84,88,78,88,72,68,66,42,58,54,49,55,28,97,3,72,24,20,36,59,99,18,84,21,11,8,79,44,21,35,12,90,26,7,94,94,27,20,76,53,82,90,72,67,18,33,3,88,61,30,29,14,86,13,32,99,27,44,15,32,81,86,88,26,97,87,100,6,13,10,53,78,91,64,34,38,24,69,53,72
67,82,65,9,33,72,31,39,87,30,67,61,56,49,82,43,60,76,56,0,73,70,98,1,76,36,90,59,21,62,54,65,25,46,98,9,82,20,41,56,25,80,44,86,58,11,31,32,35,23,40,73,79,9,40,66,64,62,77,86,36,54,41,28,25,74,99,64,82,95,62,65,66,46,48,11,52,54,20,60,82,70,14,72,29,66,58,26,32,18,37,28,44,26,94,0,98,11,30,4
10,16,19,43,95,0,72,2,91,0,15,94,93,71,71,45,56,14,59,1,92,25,57,26,88,78,61,89,37,86,65,38,90,40,78,60,50,21,99,0,47,40,11,42,36,39,66,32,63,92,31,32,62,94,38,76,40,56,76,34,31,99,15,14,33,37,49,46,61,0,68,1,25,14,23,97,44,59,80,72,40,63,60,15,78,61,14,14,68,54,41,30,36,80,51,23,32,88,4,37
83,96,5,86,75,55,64,4,6,45,72,19,47,12,4,74,3,92,88,75,68,59,42,52,8,44,66,96,81,11,96,28,57,90,91,40,10,62,18,66,74,54,44,80,15,69,53,18,67,52,64,49,48,54,38,70,32,36,4,84,41,98,98,38,21,39,52,95,51,76,95,25,92,96,100,50,91,83,82,98,94,87,77,44,2,34,56,71,78,56,99,73,79,45,59,14,11,71,16,62
14,25,82,86,83,51,37,69,98,66,30,23,8,15,68,89,5,91,74,90,59,39,72,67,32,94,60,21,13,12,8,90,1,43,20,11,57,92,27,31,95,78,42,37,21,46,74,29,95,48,4,35,68,17,89,93,12,26,55,31,20,33,61,64,54,96,85,82,71,44,28,100,27,61,4,18,79,46,19,18,56,16,79,30,65,51,35,13,68,10,96,34,70,51,15,87,24,0,97,99
74,75,40,46,63,64,48,81,94,1,13,79,18,34,65,40,8,84,52,46,31,15,29,55,72,67,40,8,57,10,68,65,100,20,62,23,18,37,39,38,51,79,88,78,52,36,3,92,96,70,46,35,40,43,93,85,33,40,67,1,12,60,67,75,56,60,25,72,89,91,64,68,31,3,93,94,63,87,47,83,6,88,18,51,91,15,74,90,89,23,17,31,82,18,29,7,65,2,55,33
27,65,67,9,57,52,89,21,45,68,51,51,33,12,89,23,56,61,28,30,36,89,91,49,42,82,19,75,99,29,79,6,82,97,54,29,19,75,91,64,66,33,89,94,72,45,72,41,18,35,16,55,76,35,79,38,20,87,87,52,89,24,15,84,55,9,84,45,86,75,57,63,23,51,43,17,82,94,97,95,81,11,10,80,28,74,15,48,73,16,99,11,92,12,7,69,16,37,44,73
30,31,45,92,7,77,93,22,85,46,30,92,44,79,94,95,27,96,25,98,65,86,77,62,59,14,12,90,77,39,40,87,29,29,84,83,87,72,4,54,86,27,12,26,34,6,57,96,44,46,68,84,66,93,92,52,86,81,45,78,50,20,84,27,24,21,80,53,10,61,59,79,43,45,14,57,1,51,56,40,71,50,17,45,43,72,46,90,94,97,86,75,42,40,3,91,2,31,29,52
26,13,60,5,6,70,2,39,82,98,17,61,78,7,89,9,50,31,69,75,9,9,54,5,29,14,33,24,46,75,87,98,71,78,46,19,50,25,29,48,56,24,21,79,29,52,78,39,55,14,77,57,39,95,31,21,89,8,62,95,52,68,87,74,98,100,30,82,42,5,47,50,49,100,98,58,44,18,84,94,84,41,50,27,81,73,20,46,75,48,22,5,45,13,54,71,4,60,7,54
10,70,74,99,79,33,25,16,74,65,10,66,26,93,86,96,20,48,42,56,51,16,79,69,29,77,63,79,34,17,31,80,71,86,100,15,72,3,96,93,19,30,50,71,60,50,84,49,20,56,29,45,28,82,49,100,21,66,28,70,64,8,22,85,71,85,77,87,39,87,43,55,90,77,48,58,63,87,87,15,5,52,45,0,60,19,55,98,70,55,3,77,55,62,66,4,98,29,5,21
92,70,35,30,50,71,89,87,85,40,97,1,96,38,86,42,31,84,33,82,78,22,85,51,53,20,46,44,59,44,11,53,2,28,58,72,99,66,99,64,100,25,62,62,35,45,9,17,86,64,55,9,94,83,5,0,80,62,19,36,12,16,14,19,21,95,31,98,55,55,67,13,90,83,65,35,22,39,53,3,60,17,3,44,54,93,73,25,98,90,45,34,28,1,99,4,23,64,60,6
63,86,97,96,52,88,26,85,70,25,58,71,22,7,54,33,31,97,74,70,68,42,29,1,9,81,82,89,74,63,67,54,27,22,94,60,66,1,8,29,76,76,79,28,20,56,24,27,94,57,21,65,69,9,11,78,53,83,83,87,59,22,3,8,91,47,95,95,48,19,76,78,30,28,14,15,60,79,68,35,50,46,20,16,10,86,95,43,92,64,100,74,41,48,6,8,95,21,75,71
22,25,85,38,48,34,26,98,77,69,80,6,65,69,96,41,9,67,22,68,83,94,83,50,18,27,89,85,41,92,33,41,49,48,51,98,46,79,71,9,16,83,71,65,28,26,65,57,84,85,33,13,7,63,79,52,40,31,23,0,53,31,44,2,91,56,40,49,1,3,13,29,84,70,6,23,87,7,38,46,44,5,93,68,17,56,61,67,54,30,89,12,100,69,8,25,60,37,72,75
43,41,42,52,83,27,1,3,78,20,83,37,26,14,64,58,26,82,54,92,3,34,15,24,96,21,61,52,74,51,17,0,1,25,88,81,9,61,43,63,68,11,17,31,91,42,94,0,73,38,67,34,94,25,15,23,91,82,61,52,71,43,39,91,24,97,67,99,93,68,15,0,3,80,91,24,64,62,40,89,29,83,67,57,45,59,99,74,25,94,80,22,67,33,1,3,40,72,13,57
80,7,52,67,73,7,41,32,81,84,20,41,75,59,56,60,96,81,56,94,93,91,45,8,71,72,78,92,72,97,17,5,69,39,91,18,30,74,1,66,0,31,54,40,14,11,18,77,70,24,86,42,89,92,54,5,81,24,72,78,2,21,82,18,50,27,65,100,23,8,59,46,36,92,98,89,74,11,72,45,30,55,14,64,88,97,74,79,73,51,8,65,54,95,60,88,31,46,5,30
45,59,48,21,35,10,48,41,52,25,41,25,51,47,45,90,8,35,47,17,39,81,27,18,14,72,66,55,34,85,14,97,36,36,78,16,48,23,87,22,100,57,79,68,75,47,70,97,3,3,62,41,54,12,90,31,14,71,13,84,79,81,28,1,21,23,26,56,83,95,3,46,49,25,77,44,76,65,6,66,45,86,78,62,97,15,41,51,36,95,1,34,55,96,87,56,79,88,47,96
70,72,40,39,64,9,8,4,22,5,93,61,33,27,58,83,32,64,83,18,20,75,41,52,85,13,61,78,41,49,94,83,89,31,53,39,66,91,26,45,81,11,44,88,20,56,23,85,87,87,33,79,66,1,68,60,27,80,61,81,51,51,22,90,95,49,77,83,63,61,92,67,34,19,19,27,95,19,24,81,57,41,54,4,96,31,20,94,89,58,19,100,36,35,58,99,43,67,14,42
86,62,30,66,98,5,21,67,67,1,46,84,42,80,3,44,11,98,49,88,48,42,16,57,6,64,59,73,71,62,56,92,36,14,82,70,62,80,45,16,44,84,7,63,62,57,40,53,43,7,37,54,75,57,7,46,33,26,68,35,28,71,27,85,76,28,82,6,52,22,41,15,18,96,25,87,37,49,77,44,92,72,41,36,32,73,94,87,46,39,88,22,46,34,89,20,81,12,92,98
15,75,31,13,31,26,25,24,63,79,59,27,51,22,78,68,4,49,12,0,57,40,93,16,37,98,21,29,63,91,73,46,19,17,56,11,55,95,61,2,53,39,54,5,11,89,0,79,15,66,9,62,91,54,60,97,20,69,74,92,6,35,58,75,33,53,69,32,14,67,31,24,31,33,14,1,68,70,83,96,35,85,64,22,80,6,95,99,16,2,46,17,57,96,38,33,53,8,90,91
86,65,15,43,43,35,53,92,15,66,12,34,15,80,52,15,33,86,54,61,44,39,75,96,91,39,29,80,26,2,59,3,61,8,56,75,30,51,80,44,88,100,95,7,32,19,28,50,28,92,37,43,67,27,26,97,47,16,58,17,21,99,85,69,7,65,82,13,72,21,46,24,11,87,17,75,69,71,47,37,39,97,3,1,30,6,85,81,75,66,22,52,72,37,72,47,93,43,58,36
56,72,9,3,29,92,84,44,62,41,76,73,18,66,67,23,92,59,75,93,11,35,22,27,13,90,18,87,67,32,62,7,91,78,14,46,32,92,47,11,40,97,64,57,74,44,32,21,79,61,33,88,41,27,100,29,93,26,21,50,91,50,48,79,40,42,14,4,50,90,49,27,72,98,28,98,13,75,74,8,5,65,26,76,62,86,46,41,8,77,67,12,55,55,90,20,79,25,13,93
59,72,71,37,12,91,77,40,23,77,28,67,21,23,13,59,15,71,58,35,34,14,7,22,73,14,13,66,61,14,9,19,91,75,86,50,54,61,58,86,55,45,82,70,45,37,40,90,45,62,38,31,46,51,39,94,59,64,90,94,27,11,81,67,0,67,71,4,52,54,26,26,80,73,76,67,35,30,65,100,59,51,11,73,78,48,42,42,36,26,37,49,2,81,34,51,28,88,8,36
98,53,99,97,62,56,88,2,3,93,56,80,79,48,20,75,33,45,40,61,21,78,5,29,40,49,98,62,100,64,64,75,55,72,77,33,26,6,62,29,57,40,12,88,68,30,83,54,32,33,87,16,39,48,21,83,46,52,90,53,70,75,93,70,27,56,4,69,89,85,50,85,7,69,43,29,12,43,18,45,66,50,52,72,21,3,90,36,22,92,57,16,71,74,66,26,35,72,9,12
40,65,36,48,15,24,5,24,79,99,20,36,85,33,47,11,86,59,90,8,26,25,85,50,64,8,59,77,56,29,92,99,98,42,39,99,94,89,61,5,59,77,41,53,26,42,85,63,54,82,49,4,27,57,0,67,43,26,91,67,43,34,21,51,84,83,28,59,40,10,77,41,66,89,80,70,45,36,99,80,9,5,91,45,50,73,18,17,89,26,99,48,12,95,57,22,23,73,3,69
0,83,3,8,5,60,61,86,43,79,39,4,35,29,85,64,5,16,11,46,95,14,55,44,91,16,92,30,49,59,9,84,94,85,28,8,7,64,70,73,41,73,66,17,8,32,54,64,24,34,93,40,36,67,84,8,86,14,38,61,43,94,26,34,12,74,53,14,19,77,58,3,91,16,98,99,67,37,53,43,29,16,54,42,67,52,25,65,37,31,25,31,77,99,31,7,97,50,80,22
56,54,41,2,52,73,59,3,22,3,99,98,58,24,50,29,45,58,15,68,51,60,49,1,71,2,24,49,94,92,88,62,78,32,37,73,15,16,73,86,18,92,92,82,100,74,40,31,47,100,15,84,11,24,92,20,15,46,56,25,77,59,38,100,45,98,74,15,99,3,59,56,16,67,51,92,64,89,32,9,80,77,66,91,65,18,0,63,0,96,49,83,73,28,71,72,35,71,28,26
50,29,96,81,74,70,66,81,43,3,47,100,24,57,95,18,24,77,18,57,33,23,69,67,74,47,1,67,63,69,0,23,51,74,7,85,73,46,29,5,90,47,37,68,77,80,100,31,82,72,95,69,51,81,6,12,55,11,70,83,34,92,21,77,80,37,35,8,77,92,81,80,20,90,88,37,86,91,43,87,47,18,88,52,43,94,10,22,77,0,77,86,31,0,0,100,44,9,84,55
59,45,74,29,95,76,39,76,9,91,42,25,89,26,4,46,20,80,13,83,90,33,68,27,90,73,63,98,6,100,31,86,70,10,17,97,13,69,47,85,82,70,97,31,71,15,2,63,41,91,48,16,62,58,1,57,39,39,95,66,72,58,32,92,39,88,21,35,69,81,82,14,77,5,64,76,41,87,50,65,72,32,95,54,99,13,9,100,92,37,3,40,44,28,13,21,41,2,65,12
6,14,100,36,26,12,25,52,95,83,40,29,31,81,14,1,77,48,32,16,21,43,68,12,52,16,42,97,36,53,78,39,53,49,91,1,44,76,82,7,97,62,2,36,15,37,46,39,3,78,95,98,37,88,50,20,22,26,33,24,8,57,66,73,80,65,57,30,39,23,22,49,49,88,44,65,90,33,6,30,68,64,21,62,83,41,57,53,2,88,65,3,65,16,33,97,91,91,4,1
76,56,6,67,29,38,44,32,57,87,77,70,40,15,49,43,14,26,68,23,49,82,74,82,3,12,17,89,43,51,86,12,85,6,61,65,62,30,57,17,100,15,68,60,32,19,32,15,6,93,23,20,37,55,58,38,7,5,19,91,18,47,18,42,4,44,65,32,32,51,11,86,24,26,50,45,14,12,28,16,38,1,57,88,32,0,32,79,47,35,37,86,31,53,52,73,25,44,42,9
4,51,8,34,80,45,79,82,54,0,79,19,100,97,67,27,0,43,78,45,1,93,60,67,41,54,70,5,78,72,33,91,61,78,100,78,46,22,3,54,34,67,2,81,2,52,39,52,78,22,31,12,15,2,96,34,95,35,26,5,33,42,87,88,11,3,37,35,8,32,59,92,67,60,3,52,86,21,80,91,99,67,35,65,54,84,53,29,99,16,8,71,70,49,52,95,57,79,82,24
75,82,43,26,19,91,35,28,96,12,29,100,67,93,18,77,85,91,64,58,20,40,45,21,95,47,9,73,44,6,38,50,69,13,79,80,70,55,0,47,96,11,51,49,81,5,59,36,15,80,71,0,88,44,57,99,5,0,88,19,59,60,2,76,49,44,93,95,50,75,25,14,27,62,81,40,37,79,73,92,61,91,92,83,34,98,9,72,23,49,100,53,99,99,13,13,36,49,40,21
63,58,77,5,24,73,37,48,69,51,95,64,100,40,62,77,48,56,30,10,46,7,93,89,59,43,9,8,71,71,71,64,98,23,0,38,98,38,50,98,100,71,2,78,74,79,46,91,45,62,65,62,33,25,52,71,26,50,41,12,83,53,38,89,59,25,29,66,15,82,85,74,24,52,15,50,90,13,36,96,63,90,65,42,29,13,10,18,48,47,70,88,14,18,91,90,40,50,52,40
72,13,88,3,81,16,89,89,82,97,60,58,81,4,42,73,45,73,9,65,63,29,98,87,34,63,37,78,77,13,68,55,41,55,62,56,45,9,67,75,85,37,69,16,56,14,91,98,88,28,23,26,78,9,28,57,13,41,97,82,49,46,74,31,1,100,17,31,53,44,44,27,94,25,14,88,61,1,81,1,8,80,55,56,64,43,89,57,38,24,59,34,79,87,35,26,82,7,17,46
42,2,70,40,83,31,31,84,68,28,39,84,61,2,100,82,33,94,95,57,36,63,57,45,34,70,22,50,94,11,26,2,90,19,36,37,35,95,36,81,77,5,91,33,24,83,44,45,39,24,61,26,15,28,5,80,28,62,6,13,93,15,49,46,46,92,11,67,49,44,98,60,38,24,19,70,59,88,30,86,54,48,55,36,95,45,72,93,10,9,66,96,47,45,32,94,29,52,53,32
39,44,90,68,56,67,81,0,74,79,25,31,74,8,73,80,36,56,69,8,17,38,90,84,14,52,48,20,52,49,5,61,20,17,88,18,90,65,62,14,54,56,94,83,6,92,81,71,45,67,53,40,47,24,91,97,22,60,9,24,40,54,48,10,43,7,26,8,30,1,76,74,99,66,42,99,82,11,16,92,14,16,38,84,25,47,69,8,63,12,73,0,24,99,78,65,87,52,43,19
86,25,98,70,43,48,58,43,5,93,54,32,22,11,52,42,77,12,22,62,10,34,77,10,56,39,1,18,82,3,60,34,95,42,28,80,67,50,3,27,4,75,3,91,57,97,39,76,41,89,58,79,19,25,30,31,85,85,72,28,51,9,57,62,96,98,63,27,63,25,45,4,75,52,17,3,23,25,47,17,36,27,20,18,48,76,97,29,25,63,26,83,98,22,24,46,87,22,73,95
31,69,47,44,73,40,93,77,63,1,45,65,63,72,35,27,1,18,19,77,41,84,77,42,68,100,4,70,63,47,78,30,82,66,10,0,68,38,86,71,61,2,0,22,21,87,32,41,81,47,80,92,99,100,22,30,84,83,5,9,57,17,13,53,10,8,69,42,92,44,13,67,0,53,99,23,78,1,11,94,88,92,88,38,98,13,70,66,23,1,33,91,74,30,84,73,80,49,92,54
62,45,46,35,11,91,63,78,66,75,97,41,13,52,9,80,48,81,62,8,66,24,72,33,52,17,18,19,19,92,97,21,31,50,75,40,50,90,89,4,78,11,45,67,96,21,69,56,95,3,54,78,62,9,64,32,73,20,42,8,69,97,2,47,34,21,23,36,92,29,44,14,18,72,79,0,44,75,87,83,47,67,64,90,67,91,34,22,93,35,1,18,60,28,66,24,24,35,33,56
28,27,55,46,44,85,41,10,83,86,71,36,86,79,65,53,29,24,88,36,74,57,65,45,16,34,74,50,67,55,37,51,80,87,14,48,16,62,61,17,69,86,2,74,4,97,12,5,100,100,49,68,54,29,5,75,57,18,50,76,0,11,33,78,22,14,91,54,90,84,18,60,53,9,16,5,80,32,49,94,31,40,84,65,47,11,72,10,87,59,65,45,15,95,87,46,18,21,77,3
25,86,71,41,32,10,41,9,32,100,18,53,66,46,54,35,77,65,88,62,67,27,23,96,40,87,68,70,15,92,15,90,61,90,36,91,50,7,92,96,47,81,35,99,93,87,12,30,71,63,96,27,87,76,61,63,49,32,54,28,53,40,46,50,16,66,96,81,97,61,76,63,67,63,93,27,39,30,45,78,93,15,0,95,56,31,77,42,61,3,7,94,73,68,71,1,87,70,63,78
77,42,82,78,35,75,31,62,72,18,14,33,68,74,35,38,50,9,8,53,86,59,94,6,29,16,13,44,49,74,91,22,29,60,38,20,66,44,67,98,48,79,54,10,29,20,31,16,63,2,45,81,5,34,54,81,59,40,38,67,84,38,96,68,18,36,96,9,18,31,13,95,68,12,54,44,0,32,55,15,59,59,76,56,48,61,3,76,62,65,38,28,63,5,2,23,82,20,14,65
19,1,75,78,72,64,35,63,41,44,29,70,45,81,95,73,70,69,89,29,6,7,71,69,36,82,87,62,9,51,23,57,74,26,90,14,87,60,78,50,30,75,22,59,11,78,3,41,97,62,44,96,48,41,6,35,38,80,84,53,38,63,39,68,44,15,68,85,15,61,85,92,36,47,3,39,52,40,10,47,10,86,70,97,100,32,77,67,36,1,50,6,88,69,87,83,97,13,46,63
50,9,90,98,99,44,58,27,51,86,85,36,66,62,31,81,92,73,44,39,24,93,1,87,37,61,15,10,16,3,67,31,58,32,42,20,18,47,9,9,11,82,46,99,59,91,38,3,79,94,72,70,51,28,75,87,42,46,7,96,92,40,3,22,68,15,86,18,10,61,1,0,12,7,66,68,44,69,31,58,100,2,62,98,55,82,81,53,15,37,36,25,74,95,66,54,48,79,11,46
42,32,14,89,69,89,23,97,75,44,63,19,74,87,26,7,30,56,20,45,36,55,14,90,8,25,87,83,89,89,29,68,73,98,25,8,55,6,43,56,86,82,4,76,7,68,61,19,98,31,85,25,43,9,81,25,90,6,33,55,100,98,2,53,83,35,65,87,86,12,33,71,27,67,94,15,69,49,68,13,63,55,14,12,86,68,21,39,43,92,59,26,45,52,15,14,36,10,39,22
6,14,33,94,21,94,94,39,45,19,54,78,64,3,81,5,84,93,9,86,50,76,13,49,78,46,33,73,45,28,71,87,72,64,62,60,85,71,4,0,23,95,29,33,9,100,70,51,55,65,91,54,89,27,69,65,57,5,64,52,77,42,60,70,54,16,73,28,76,100,97,80,79,19,85,12,93,100,24,27,90,34,19,73,58,12,6,70,4,24,39,49,5,22,24,61,6,5,32,2
38,56,33,91,55,76,95,62,68,69,56,62,3,68,65,80,51,48,74,72,66,23,63,15,11,2,37,71,40,52,14,60,89,21,70,91,86,73,0,69,29,18,31,34,86,86,22,48,22,12,11,18,32,7,60,35,83,40,90,83,33,94,67,87,32,75,41,34,58,48,25,7,26,40,6,6,67,75,26,18,93,58,36,78,98,53,78,82,68,38,78,71,18,100,41,21,98,56,1,67
99,34,6,51,3,51,60,88,78,49,67,28,37,5,77,99,0,23,98,43,84,32,85,53,4,53,29,73,0,7,96,82,17,44,26,92,68,23,82,12,68,39,33,7,83,19,66,81,80,44,52,97,90,25,10,36,2,63,52,62,64,96,19,55,55,48,72,19,61,99,64,67,11,73,28,17,15,83,4,59,15,83,64,34,63,83,88,48,23,65,77,72,53,53,33,21,38,100,80,98
10,56,69,51,59,31,43,72,17,45,55,50,60,22,83,80,6,1,30,78,48,64,38,51,1,50,24,49,78,17,37,74,56,90,74,69,14,18,61,66,60,42,36,22,70,66,69,49,69,90,78,46,37,49,65,83,27,53,95,16,57,10,31,15,7,93,44,35,39,29,14,53,89,7,45,92,4,9,23,53,94,28,99,87,68,55,89,75,19,8,22,83,35,0,54,75,5,7,63,72
57,61,47,29,63,43,20,34,45,24,16,9,59,22,45,70,92,12,81,40,28,7,66,13,38,80,57,93,31,60,17,90,58,1,20,22,32,21,75,44,63,1,63,31,80,78,87,35,73,96,8,82,41,93,5,38,63,60,0,33,46,13,12,61,74,30,82,52,20,56,24,70,64,53,84,39,58,7,30,16,96,84,13,65,61,53,14,76,5,24,96,20,48,34,17,57,19,74,44,57
28,90,29,18,33,8,23,67,3,76,80,37,86,60,85,47,25,2,6,92,42,30,52,3,35,61,12,79,50,100,74,49,26,26,57,38,42,19,5,32,44,7,2,62,87,66,88,76,100,0,79,3,38,43,11,85,52,65,14,41,6,15,100,2,27,84,41,99,82,50,72,92,0,39,31,8,97,4,38,21,2,44,17,9,10,24,73,0,86,99,64,51,81,16,91,18,94,71,80,34
87,5,71,53,68,29,47,21,74,38,2,78,93,8,82,4,70,63,85,91,56,20,42,24,52,85,65,21,55,25,45,63,66,0,63,41,76,73,29,81,65,5,37,86,95,13,48,39,25,10,73,39,14,38,47,39,86,33,29,20,97,99,60,78,61,68,60,77,7,38,22,96,89,9,13,9,15,17,68,63,76,0,18,69,43,80,41,54,64,56,42,90,94,98,36,65,44,61,21,36
57,18,63,26,63,42,77,83,23,91,65,55,63,32,89,37,57,22,24,61,45,60,7,23,9,78,21,13,35,61,11,30,8,11,75,33,33,87,0,32,57,97,69,89,1,4,63,0,43,14,8,25,9,85,23,94,36,65,14,96,89,18,99,32,5,67,46,64,79,92,52,58,40,43,26,25,15,28,85,23,95,15,49,55,97,5,15,39,23,13,4,23,7,8,66,73,48,16,51,82
37,21,44,72,30,92,89,69,40,7,68,27,83,53,58,85,73,59,68,60,83,27,87,78,63,63,67,20,67,38,78,25,32,97,43,36,49,53,57,53,70,26,60,90,37,90,88,45,32,69,77,96,41,96,33,2,9,98,27,11,46,25,12,12,11,49,89,89,51,90,40,77,14,84,82,56,80,20,18,36,20,51,47,56,86,43,62,70,87,73,97,45,19,17,29,99,74,68,48,81
43,22,59,31,99,69,33,98,30,85,86,48,42,78,32,26,9,79,87,78,93,21,49,44,91,31,95,65,10,35,47,5,53,99,51,10,23,66,49,19,79,75,14,54,52,47,61,57,40,99,79,19,87,61,46,31,20,18,66,38,37,58,73,58,24,70,0,30,98,30,48,40,1,72,43,33,60,97,10,8,75,100,37,50,16,88,83,20,68,30,27,20,76,92,30,27,26,96,91,93
13,34,67,98,66,55,26,63,22,98,85,50,37,63,87,9,87,40,89,54,83,80,12,27,38,72,17,11,40,83,52,16,61,65,79,75,15,29,23,98,47,12,75,87,63,42,72,6,97,40,82,61,67,5,22,8,66,34,86,2,89,42,37,31,3,74,31,60,60,60,41,78,34,45,88,72,17,70,9,30,24,62,34,14,7,11,66,55,64,98,88,36,32,95,80,29,90,38,24,39
75,61,90,86,23,54,98,94,48,28,1,94,94,27,65,96,79,60,35,59,71,0,49,46,98,33,31,79,30,95,1,25,95,10,40,2,0,30,92,92,49,63,7,92,85,64,76,4,67,72,65,50,11,86,17,30,28,57,61,99,16,32,70,24,22,17,32,10,39,54,48,41,70,56,18,60,96,42,91,56,80,37,26,49,45,35,56,35,83,22,66,62,15,59,5,31,12,75,35,86
85,52,69,87,10,8,34,92,5,87,50,94,70,7,62,6,45,80,6,54,53,68,82,59,52,88,93,32,60,42,80,4,52,97,17,5,72,36,88,73,65,99,58,8,26,19,28,90,7,8,25,49,20,23,42,2,85,13,70,20,72,60,52,91,49,40,96,77,59,70,33,62,51,79,7,54,20,64,69,6,22,44,41,31,69,9,4,75,68,5,87,77,29,47,7,0,60,46,100,35
73,92,36,39,56,55,30,85,13,50,29,23,67,37,37,0,87,29,7,47,24,28,91,10,65,43,67,100,40,18,2,50,35,24,97,4,88,28,6,54,75,100,56,23,85,0,41,62,21,81,20,56,17,32,31,47,14,42,51,59,34,55,6,95,70,67,50,61,82,57,5,46,27,75,37,74,80,16,41,48,1,74,29,6,70,84,5,79,69,23,14,30,49,80,71,76,1,69,83,11
67,6,47,11,0,55,51,50,14,31,74,13,50,34,45,77,4,69,100,17,94,57,41,76,64,11,76,95,50,51,71,26,27,28,44,24,18,89,1,96,8,73,49,61,5,4,21,35,21,55,69,84,46,39,1,31,71,28,74,41,61,67,13,19,97,97,88,37,44,85,37,99,29,49,44,38,64,29,10,68,39,98,23,75,17,82,36,13,76,69,12,51,42,70,24,73,75,4,35,26
66,10,95,34,61,51,29,94,11,18,23,40,81,87,23,30,33,38,82,90,8,72,46,5,68,80,19,78,36,37,19,70,38,61,53,77,90,73,38,90,64,37,53,81,87,16,93,36,86,57,95,0,23,61,34,77,80,54,96,10,96,63,31,88,62,61,91,86,66,91,0,32,31,18,8,9,35,55,4,61,38,86,42,90,30,37,99,2,21,38,45,81,90,14,65,75,64,44,23,32
95,58,72,100,46,91,61,95,12,69,8,26,6,43,12,84,23,58,14,45,92,51,98,30,26,59,76,88,52,68,93,16,14,47,91,79,15,57,34,68,82,86,45,82,61,50,94,53,18,11,64,61,68,57,83,42,93,26,73,85,60,65,96,30,27,8,35,86,97,68,36,92,20,89,22,6,6,45,37,48,43,100,78,51,40,11,92,9,74,2,36,31,81,98,0,96,60,10,81,32
16,83,3,98,80,91,10,67,98,2,21,5,64,82,79,37,63,47,33,54,52,57,58,95,10,99,62,83,14,56,59,68,52,57,78,61,53,35,49,10,76,10,34,11,6,78,48,65,78,75,8,56,11,83,53,79,93,1,11,55,67,13,100,84,50,5,3,99,49,44,11,100,8,8,74,12,9,59,88,41,0,80,52,38,31,52,92,1,16,44,42,57,96,65,6,79,63,9,8,50
96,36,12,30,9,98,14,82,53,52,37,36,87,69,68,92,46,21,14,8,64,82,51,84,28,93,9,23,58,9,28,16,13,91,45,83,95,54,0,28,40,39,4,79,73,72,61,19,55,13,46,72,14,0,47,7,84,67,90,4,58,63,10,30,9,94,52,95,50,2,39,12,84,54,62,50,44,51,22,31,66,62,31,46,85,3,68,46,5,60,81,99,61,30,60,77,88,19,92,18
16,23,82,100,0,61,46,61,82,12,42,75,94,2,17,55,49,52,91,0,44,24,12,59,84,74,39,62,64,48,95,69,50,35,60,85,59,40,69,76,63,40,82,80,59,44,93,90,40,40,17,76,17,76,41,65,82,68,46,64,42,57,38,32,4,92,74,20,59,40,24,55,82,60,86,29,63,19,82,44,17,43,70,59,21,55,80,15,98,25,60,69,97,75,43,95,90,62,60,72
41,0,98,44,59,92,88,31,64,98,92,28,40,72,36,72,97,38,32,60,95,77,36,53,32,36,88,91,12,16,48,87,75,100,25,42,35,98,89,66,10,51,67,76,77,12,96,44,83,74,84,37,8,81,17,57,57,38,61,41,64,49,42,35,34,56,66,96,63,66,23,26,51,52,92,49,32,29,35,50,50,45,80,44,60,87,69,14,3,51,78,25,7,89,34,42,2,18,8,48
10,23,24,65,57,64,62,28,52,71,85,6,95,84,8,49,67,55,30,76,50,24,64,58,9,99,12,6,16,17,55,99,13,9,18,62,32,81,46,36,88,69,93,96,92,35,67,92,16,70,57,31,5,30,24,62,62,44,56,52,4,20,39,49,63,42,11,49,99,66,25,55,82,24,90,64,68,67,7,68,37,31,3,37,49,55,17,97,43,11,70,51,21,33,14,91,24,55,21,96
94,67,74,49,10,37,72,85,62,30,100,18,91,4,10,84,17,66,95,42,14,47,54,89,42,47,27,90,63,93,88,98,89,97,58,8,58,39,76,57,69,35,92,0,46,35,39,52,63,59,41,78,12,31,79,10,90,0,1,0,77,9,62,79,34,69,73,3,16,30,85,77,83,24,82,13,29,96,54,44,97,10,1,93,25,30,79,41,22,16,82,1,9,27,25,88,79,18,76,54
13,6,96,1,34,19,11,0,44,76,56,7,92,79,58,5,19,57,93,46,98,76,82,32,35,2,47,99,30,80,51,5,97,21,71,4,31,38,10,20,38,83,62,84,78,61,64,99,81,42,23,57,12,46,7,94,69,4,60,17,58,90,79,3,66,3,72,28,84,19,51,26,68,10,68,47,53,78,40,91,48,39,12,58,24,84,16,61,40,11,87,43,73,73,65,31,32,73,12,17
71,48,58,55,53,2,51,65,21,70,95,33,25,4,38,25,7,38,78,22,49,65,47,92,87,94,46,70,57,0,75,55,69,19,60,19,98,92,42,82,40,52,4,10,52,18,83,91,50,93,37,85,70,100,90,86,41,42,54,90,84,69,91,63,65,48,36,42,12,59,63,17,10,3,8,63,21,83,10,24,32,54,15,72,46,79,73,53,40,51,76,40,71,68,96,59,18,68,19,81