87,21,34,39,99,63,58,96,86,13,0,95,1,35,81,79,68,30,4,39,56,99,47,74,73,66,39,92,48,98,87,26,23,52,25,69,82,62,60,76,79,2,39,98,50,79,43,56,59,7,24,77,99,2,96,93,63,39,94,29,64,38,40,80,56,54,44,42,34,25,10,42,46,54,48,4,79,25,69,36,11,28,2,87,100,98,75,1,19,54,57,55,100,52,4,20,90,36,76,83
7,63,19,43,76,41,21,99,40,88,25,50,99,60,55,67,74,88,18,14,48,57,31,73,14,5,78,47,6,92,68,98,48,70,59,75,7,79,85,95,98,60,90,80,21,56,99,38,11,0,53,65,73,96,35,39,18,2,77,59,34,62,38,76,32,93,74,69,90,57,69,99,77,29,38,88,89,22,60,17,52,13,98,94,51,50,88,66,58,1,60,28,36,16,90,91,75,24,65,22
75,66,33,89,24,0,98,70,10,59,56,72,0,44,12,86,14,1,51,69,27,55,99,14,39,34,42,60,84,93,22,89,95,53,41,22,48,32,59,62,16,29,78,2,3,62,5,3,82,54,73,19,37,62,20,10,93,54,91,90,21,56,31,86,31,38,1,12,18,51,35,82,25,11,26,15,26,71,59,55,50,93,39,65,36,92,5,21,64,84,55,52,15,67,24,80,54,96,30,31
18,70,84,93,38,0,95,95,86,87,92,93,36,25,4,76,15,40,69,46,88,85,77,94,54,4,89,27,19,23,44,63,9,66,65,19,25,63,85,22,57,69,38,70,6,28,85,21,78,32,97,86,17,75,43,89,31,52,28,82,60,9,54,96,1,71,88,95,43,64,93,84,10,22,2,61,66,85,29,79,16,14,46,94,8,2,30,56,91,55,45,2,80,25,24,27,58,50,18,29
96,63,83,66,80,31,72,19,63,22,89,9,29,69,81,60,83,37,70,4,26,6,96,4,71,75,90,90,3,2,46,27,55,65,64,5,46,67,21,1,81,25,38,95,75,99,59,66,34,70,44,23,59,20,84,6,75,75,22,32,78,73,44,89,70,45,49,44,63,67,31,8,6,24,57,49,38,15,61,45,41,92,7,58,21,27,53,79,72,32,73,98,90,34,96,69,38,54,61,52
23,17,60,39,25,89,40,88,9,20,54,23,81,32,44,82,86,19,92,60,60,93,8,48,17,20,28,5,37,58,78,43,94,58,81,48,8,69,40,83,10,4,58,20,31,19,66,78,31,41,97,75,28,75,82,35,53,42,3,14,20,55,49,31,51,63,57,68,63,44,90,9,13,31,6,5,48,47,98,97,3,85,72,47,62,31,45,96,84,16,31,10,6,32,28,22,0,3,63,25
18,58,59,78,26,65,29,24,13,81,61,85,92,88,84,84,53,62,52,94,67,41,78,54,92,20,43,60,15,84,59,78,18,34,41,32,21,56,98,45,99,12,64,45,15,8,53,57,23,58,46,3,13,99,100,48,71,59,72,92,38,38,31,18,41,81,54,97,48,38,82,33,18,63,17,75,38,88,22,27,28,31,47,52,78,48,59,87,40,14,53,51,79,54,88,89,64,100,77,89
92,45,23,28,42,21,31,18,6,5,34,1,35,83,60,45,47,99,60,9,57,53,7,48,74,60,95,37,24,15,37,35,17,45,83,38,60,5,13,49,100,91,57,83,55,42,79,72,83,44,88,60,97,65,32,57,27,57,91,88,16,10,84,90,34,87,30,18,56,17,16,7,29,21,97,0,48,39,44,16,39,16,64,79,31,97,17,50,78,21,17,30,78,88,33,3,97,55,39,58
9,42,8,86,14,100,61,90,85,82,80,19,45,62,0,44,22,76,97,1,100,34,64,37,60,99,24,76,56,3,95,88,6,82,27,49,72,23,72,29,83,41,64,77,37,0,42,59,33,37,39,83,76,14,22,90,8,81,84,23,88,35,29,81,38,81,29,100,81,12,15,9,74,19,96,26,7,77,48,53,100,88,10,12,96,57,92,84,50,95,78,68,15,76,70,88,72,19,3,92
54,54,25,60,77,84,21,64,21,72,71,19,64,6,26,64,91,92,81,95,65,54,15,34,71,87,75,32,48,62,68,51,90,5,65,79,53,28,15,26,46,8,44,61,41,63,13,40,39,86,56,59,52,34,61,49,81,31,56,73,22,66,25,0,79,4,39,2,40,19,1,76,46,49,72,6,76,49,43,61,41,16,55,94,85,17,63,6,45,0,33,28,66,10,42,34,76,86,27,75
22,73,28,97,35,60,99,77,68,76,6,78,68,88,32,25,26,70,93,83,11,40,25,13,13,86,91,1,55,67,53,50,50,84,5,86,76,20,22,10,50,75,79,80,34,10,80,52,46,0,2,16,30,78,15,86,59,15,90,22,80,30,63,35,83,90,70,25,19,11,33,33,95,69,1,7,86,84,23,71,52,74,62,80,40,94,30,84,1,63,57,47,0,10,31,44,47,66,55,80
71,51,14,65,60,72,90,15,71,8,8,44,6,80,8,17,3,30,55,66,20,24,19,91,75,13,51,54,97,90,68,100,78,13,2,39,63,46,15,17,26,14,87,50,0,92,81,89,56,100,4,27,55,71,99,91,82,79,27,84,70,97,90,86,98,19,54,23,98,14,32,77,73,59,2,66,62,86,59,19,12,62,76,96,90,81,16,91,51,49,2,2,80,21,19,87,11,87,8,70
96,56,28,80,29,15,54,72,2,49,66,36,43,34,95,0,55,79,48,40,25,55,85,21,97,83,1,60,23,15,84,87,11,22,64,87,32,52,77,4,14,22,50,30,56,78,46,63,53,27,51,74,94,58,91,31,45,16,98,20,41,87,19,98,70,11,69,93,15,20,41,30,89,0,75,89,8,65,3,75,73,31,21,16,36,6,47,100,98,45,13,9,56,63,25,34,85,69,34,38
2,51,71,21,42,1,90,100,45,44,20,0,24,30,57,83,12,65,14,80,14,12,73,84,86,76,42,55,27,57,95,39,3,0,44,49,93,45,9,74,51,91,0,95,49,44,69,10,12,33,63,24,19,76,90,24,15,45,60,2,66,43,50,36,0,100,5,37,77,34,80,54,79,64,4,16,37,10,72,53,93,5,33,48,90,29,29,21,2,16,25,10,75,88,19,84,24,65,60,63
60,29,43,40,1,67,34,42,54,60,88,42,99,21,40,39,65,68,14,7,5,92,21,94,17,73,54,12,81,73,97,37,75,40,94,87,62,62,62,81,25,14,30,82,85,2,49,72,14,53,95,87,77,20,40,70,52,18,20,55,79,16,65,95,86,30,18,97,21,88,10,93,47,24,82,62,13,13,35,90,17,15,68,11,100,50,16,7,50,72,65,85,38,66,19,99,83,77,81,1
92,62,0,27,87,68,48,29,20,11,84,27,20,71,79,11,66,76,61,26,65,87,64,31,23,72,50,11,74,94,20,62,13,45,60,7,1,73,100,75,51,12,27,1,75,85,98,82,55,55,84,38,87,31,18,47,8,97,20,66,99,72,56,89,73,51,1,66,94,26,73,17,96,2,37,31,85,11,88,83,96,52,59,95,9,87,76,25,9,56,2,52,42,58,51,62,28,1,62,59
46,29,54,34,13,48,55,25,25,100,8,77,61,13,17,4,37,43,79,48,20,93,71,82,13,34,96,32,99,15,31,4,73,96,17,30,22,80,96,59,42,87,39,86,71,36,65,41,41,8,70,22,91,88,90,27,44,4,39,62,68,41,82,48,7,69,73,11,43,74,14,43,43,70,40,84,26,17,14,50,87,92,32,44,17,59,68,82,32,17,30,23,3,89,52,10,44,67,67,43
87,44,83,92,13,1,57,2,71,42,76,87,25,51,84,48,35,0,25,27,32,46,74,99,56,43,53,38,60,71,22,57,95,17,89,5,65,28,100,72,42,6,66,74,73,65,31,91,53,7,87,22,3,24,48,77,71,53,3,90,39,6,100,93,24,19,5,98,0,46,11,64,20,85,65,48,16,74,87,0,88,1,46,83,69,58,68,33,32,65,23,60,33,20,78,65,21,84,53,74
80,94,57,84,54,12,94,29,10,18,74,98,17,54,98,75,83,25,93,92,40,40,44,96,2,34,16,64,80,42,88,95,94,86,94,9,32,26,85,13,23,36,100,4,80,58,79,65,65,45,56,42,45,35,26,82,25,99,67,96,86,13,3,79,19,99,54,50,35,93,43,42,60,28,54,55,96,88,11,33,60,36,40,57,92,71,42,34,35,9,5,6,69,96,0,19,74,82,5,17
74,51,91,62,46,98,100,31,86,97,75,76,66,9,37,84,19,31,28,40,68,33,70,94,98,96,83,71,50,12,92,97,86,44,72,13,64,78,62,97,58,5,77,45,10,15,32,51,86,91,94,78,30,28,70,80,70,77,95,9,93,29,18,51,61,8,63,62,48,55,0,47,91,84,88,98,29,91,69,11,43,90,23,5,49,12,72,49,17,22,69,26,62,46,96,43,48,67,20,65
69,5,71,25,74,59,20,22,93,97,55,21,59,35,9,60,33,37,63,95,56,84,21,61,31,29,94,40,79,46,71,10,89,66,69,17,61,74,46,72,76,45,54,44,78,86,15,47,68,0,17,87,40,67,5,51,14,79,72,75,3,31,79,92,41,10,8,91,1,42,32,51,80,91,68,33,88,76,77,33,81,46,43,71,13,14,0,78,30,13,73,97,44,18,46,63,11,94,86,69
50,2,17,72,68,10,58,4,84,64,97,92,68,97,83,1,15,94,2,42,58,50,75,80,39,98,15,70,73,9,69,94,88,61,3,74,18,61,46,40,44,27,14,97,8,39,67,88,89,57,42,85,68,54,54,51,21,33,66,40,91,34,25,47,35,10,17,51,82,28,85,60,2,10,48,63,99,16,74,61,1,19,54,48,87,44,69,75,66,66,70,60,8,62,30,37,38,97,61,31
14,9,70,54,0,35,72,95,79,38,47,14,55,18,48,88,24,72,50,44,61,16,46,51,73,36,1,86,64,74,74,51,79,88,74,71,9,70,83,11,23,62,7,87,79,78,14,34,70,10,14,93,55,64,16,25,31,30,41,69,6,70,19,26,19,52,33,59,30,67,55,11,29,14,98,88,0,94,3,97,28,6,35,76,6,77,93,33,50,27,77,68,91,0,69,61,46,20,26,86
89,89,67,99,33,23,16,99,89,31,0,93,100,26,28,41,66,73,28,88,85,69,97,85,100,51,97,93,80,93,74,14,57,70,66,37,74,28,86,72,2,57,6,86,4,68,57,17,83,48,24,4,70,70,22,75,65,66,68,72,6,9,79,35,41,6,27,99,44,35,15,55,40,6,95,71,95,24,75,5,91,33,35,40,99,41,75,62,15,45,34,76,42,57,15,79,49,52,12,71
60,56,43,96,94,76,28,61,86,92,0,100,25,61,69,42,76,75,99,4,53,6,57,4,95,58,2,7,46,69,23,1,4,60,97,62,92,64,61,75,28,23,37,9,62,63,87,17,67,95,17,87,44,41,95,2,76,11,88,88,1,1,12,9,56,61,15,58,56,46,34,68,62,95,44,82,29,89,70,24,86,75,93,10,100,68,14,69,58,81,65,52,69,69,93,51,76,60,100,24
7,43,22,59,65,91,8,89,30,88,94,7,83,4,18,48,77,5,88,9,76,84,59,92,6,62,68,60,4,34,10,29,8,15,95,2,64,41,94,24,43,94,31,65,72,67,10,87,24,29,13,90,75,19,82,9,5,0,76,85,84,75,28,21,9,21,18,33,0,34,82,79,99,67,94,20,37,51,29,51,29,27,50,23,83,57,75,92,48,40,63,70,23,18,100,80,38,3,45,7
16,27,47,54,84,24,10,4,48,80,95,17,53,76,70,11,36,82,29,94,88,60,0,72,23,84,85,21,45,95,16,56,35,7,99,9,7,66,24,73,77,24,81,54,64,73,77,36,55,25,70,45,26,94,86,71,60,89,55,72,22,22,69,54,48,58,24,3,19,8,37,72,43,42,74,91,91,65,15,85,9,59,31,52,13,17,76,79,20,20,66,58,17,79,2,20,60,67,9,38
70,31,100,30,98,22,2,81,49,93,32,78,50,16,50,46,95,47,78,67,85,41,56,98,84,85,91,70,38,61,97,78,30,58,16,3,85,34,64,55,23,38,71,96,58,84,98,93,13,45,98,77,61,6,50,50,33,68,29,48,11,82,0,43,10,44,83,100,1,89,51,7,5,50,73,5,43,48,79,23,54,40,82,58,94,5,44,98,40,54,0,91,44,83,0,25,69,75,84,74
19,62,96,62,41,77,53,8,73,43,4,44,3,62,70,61,60,43,39,22,39,25,20,62,79,12,48,25,31,44,30,52,52,89,18,72,29,26,96,54,55,26,59,91,33,22,70,76,15,72,19,16,9,57,18,77,97,50,82,7,84,17,87,51,93,31,19,98,85,68,87,25,88,45,61,45,93,98,23,62,99,61,36,91,92,50,4,60,67,35,77,2,19,94,52,8,60,58,27,77
31,83,28,49,95,7,71,70,1,48,66,74,22,90,67,46,53,39,96,50,97,57,11,28,70,79,79,10,77,65,22,98,85,5,83,99,40,21,94,48,31,76,33,32,12,35,32,71,40,0,94,83,41,59,12,92,93,66,31,2,29,45,50,54,78,42,17,95,15,45,70,74,51,83,83,24,58,17,17,56,85,69,85,43,18,70,60,50,14,48,4,44,26,68,96,83,57,13,30,16
47,24,100,11,48,12,4,61,47,50,89,2,15,7,39,11,58,93,19,26,63,78,40,69,93,88,46,77,80,5,86,58,88,92,51,1,78,4,19,9,30,98,11,57,64,60,82,38,67,66,12,9,69,58,6,63,79,11,81,36,31,72,67,3,54,7,77,27,32,2,38,33,72,36,92,26,11,23,6,47,11,68,26,71,23,85,35,0,61,9,80,22,38,39,33,89,90,71,69,17
36,47,70,71,94,30,9,7,21,14,87,92,33,49,94,16,81,92,19,59,75,22,71,90,67,95,85,81,0,43,29,75,72,97,47,11,44,87,46,81,80,55,27,75,31,57,91,40,50,92,94,93,82,25,94,63,33,97,36,21,12,57,72,41,80,76,19,31,18,37,20,29,43,13,1,78,25,85,73,90,2,61,96,40,25,76,8,4,87,46,44,13,21,31,67,4,10,77,37,77
91,72,98,80,65,72,60,70,93,2,61,71,29,56,19,36,58,40,44,1,98,65,77,1,83,51,92,99,67,0,24,88,66,84,51,88,35,13,100,27,11,13,25,45,59,17,54,30,23,76,50,36,5,65,9,94,44,73,41,1,42,65,90,38,18,16,23,96,97,50,99,88,16,37,49,25,84,7,27,1,73,91,6,21,46,51,5,77,31,74,80,6,40,69,0,12,77,20,31,97
46,48,0,22,76,30,54,11,24,43,98,8,26,91,37,29,98,68,3,41,64,99,51,94,19,15,29,58,75,66,14,60,82,68,46,15,90,67,40,83,41,89,46,45,20,95,66,74,14,40,12,79,100,63,59,2,29,51,73,85,37,35,68,16,57,2,76,55,46,43,69,11,59,38,45,50,12,69,67,97,84,70,8,64,14,81,83,12,36,31,60,34,15,92,43,45,43,78,77,25
27,32,31,38,28,90,0,75,7,8,8,83,51,29,61,30,4,26,8,99,11,19,29,25,19,80,29,81,31,7,29,75,67,59,38,76,46,0,92,8,81,78,85,8,55,94,98,85,45,58,69,81,68,19,85,1,98,31,57,88,60,18,97,37,66,80,92,2,95,68,8,32,99,50,57,60,38,14,61,67,53,99,89,47,39,65,94,93,49,11,12,55,70,71,11,100,59,78,98,93
42,78,12,34,7,68,23,95,12,1,100,82,97,32,41,67,96,57,37,45,95,96,83,87,89,56,47,35,99,21,94,18,59,80,59,32,54,64,43,34,79,77,61,53,1,3,86,11,32,90,12,6,3,76,43,72,13,89,18,24,43,20,32,39,44,94,26,72,94,26,0,14,41,36,77,30,53,65,9,20,8,1,7,33,61,34,59,39,52,17,3,59,39,50,81,18,89,1,3,8
65,67,49,72,53,42,94,47,97,37,37,49,55,93,59,12,78,91,39,1,27,41,26,89,94,45,53,98,31,5,17,91,43,58,32,28,19,23,45,85,83,7,47,90,61,43,90,84,60,53,89,69,63,59,98,17,15,49,81,12,30,19,78,43,42,84,27,86,97,2,31,76,45,66,15,22,87,75,39,1,94,97,35,78,84,29,56,91,95,24,82,8,13,29,43,54,68,34,4,89
62,22,88,100,95,23,89,6,29,96,70,99,1,29,39,16,62,80,85,65,60,50,45,97,8,54,32,5,83,62,96,86,61,16,4,93,99,1,83,83,25,90,45,57,42,96,72,55,62,80,94,45,4,76,74,14,55,72,2,7,68,99,38,93,94,61,53,78,28,12,56,22,48,72,52,15,72,13,97,53,93,22,88,54,57,91,96,90,21,69,22,6,4,66,54,7,37,65,99,43
31,93,42,98,76,56,51,85,38,53,50,46,45,62,0,39,63,61,39,47,97,51,89,9,83,28,10,86,48,70,44,54,93,52,14,83,5,4,31,87,43,74,88,51,11,63,36,4,12,63,100,45,22,71,78,15,46,14,54,76,93,53,47,38,94,15,46,14,15,20,18,4,30,0,59,36,70,99,35,31,22,9,18,86,1,61,68,0,6,39,19,77,89,43,84,5,68,67,97,40
35,58,5,74,68,80,52,52,88,55,59,27,22,0,59,86,87,46,1,60,24,69,56,60,16,64,16,77,19,51,23,17,19,99,6,83,13,35,75,56,23,4,63,40,30,61,48,63,55,12,67,56,78,92,53,41,80,59,8,58,63,49,94,12,50,66,91,43,68,6,18,88,99,8,67,90,27,85,73,50,36,39,8,29,4,6,99,56,39,66,24,34,96,13,39,95,42,48,14,79
1,15,13,67,26,38,34,68,58,14,26,12,52,29,52,31,95,14,99,13,62,47,98,6,70,31,61,97,89,91,60,60,58,89,10,23,24,15,4,42,61,41,90,97,27,29,6,52,68,53,10,77,67,42,85,82,30,97,66,57,91,83,89,37,51,62,56,55,9,89,14,8,4,3,3,20,48,36,30,68,50,88,50,89,13,58,35,33,93,11,89,29,25,17,96,43,54,0,77,41
73,94,37,88,30,46,94,41,52,75,9,47,72,53,73,88,59,64,97,98,33,58,40,9,1,19,24,53,15,91,64,82,68,15,35,29,84,42,56,79,59,21,6,8,5,39,74,80,38,61,76,34,5,28,30,91,11,15,82,15,60,52,14,72,80,70,57,70,2,33,85,7,54,42,95,37,65,53,49,19,44,40,99,79,11,45,39,26,51,98,28,0,12,38,58,66,97,82,98,63
95,66,37,91,32,14,94,32,18,50,86,92,34,97,63,42,86,97,45,8,79,67,85,56,8,68,44,80,52,95,41,47,34,26,9,11,89,10,46,75,26,31,12,21,83,54,36,90,73,15,26,67,54,91,48,3,69,9,76,96,77,65,85,60,72,80,24,50,58,52,66,96,61,48,25,87,100,35,65,1,79,100,75,13,16,61,94,49,50,86,64,46,99,79,32,91,32,95,87,58
98,69,71,24,77,42,94,22,40,83,80,14,93,80,58,68,29,0,59,16,67,96,6,37,24,81,18,20,34,85,92,74,8,7,15,57,1,98,43,39,51,98,87,8,96,7,5,39,34,72,8,7,41,30,59,45,18,21,2,13,17,58,2,4,65,4,11,26,74,84,41,21,58,70,81,61,5,41,26,56,44,48,88,6,10,16,77,48,34,14,5,49,66,94,53,27,30,52,56,11
4,13,19,40,24,93,65,27,50,52,61,1,92,99,46,29,98,12,40,27,70,92,10,71,32,7,50,98,71,43,82,68,97,45,1,25,26,52,47,52,48,68,46,7,62,72,100,41,11,2,45,97,64,8,20,47,63,96,12,64,42,99,83,38,4,9,19,77,46,0,81,54,81,58,14,5,78,36,29,29,47,43,8,7,5,22,6,67,66,38,6,70,47,81,19,53,51,40,50,5
0,78,0,43,66,13,21,63,14,39,27,97,82,28,81,56,40,15,30,71,37,92,13,87,53,6,76,42,61,7,62,74,7,100,11,56,98,43,55,18,52,74,82,36,38,44,12,7,29,7,90,80,9,66,64,77,75,63,72,3,0,3,49,26,34,21,5,47,92,43,52,95,64,58,71,57,45,43,92,31,40,54,27,73,34,65,17,9,57,80,16,94,38,68,39,2,86,93,59,48
35,4,26,95,32,38,19,85,92,36,23,51,25,95,85,52,96,46,51,54,54,91,52,53,30,79,54,29,85,77,18,76,15,84,94,72,74,29,53,33,19,62,79,11,76,13,44,81,75,96,58,79,52,57,49,81,3,14,25,57,39,97,31,47,28,69,3,13,33,63,27,53,79,15,2,47,15,54,100,13,41,41,42,52,7,8,18,66,84,3,7,40,98,76,77,35,42,92,17,61
23,34,15,14,5,1,66,16,100,4,89,33,54,34,10,34,20,33,6,98,40,66,56,86,91,28,76,85,58,70,39,17,90,93,74,73,27,45,99,80,49,89,2,90,99,27,51,57,12,22,24,43,49,57,5,61,27,67,58,14,61,74,72,69,54,6,85,91,53,31,7,4,72,39,3,82,77,90,54,8,6,53,83,6,17,83,99,6,0,85,28,44,69,1,44,98,42,63,83,85
29,28,4,38,37,46,72,94,54,88,77,24,63,72,1,96,16,69,59,58,31,68,14,53,94,75,79,47,34,49,55,22,38,96,79,7,69,87,15,74,76,11,60,82,87,25,74,71,96,15,31,1,53,20,47,5,4,54,82,63,18,2,62,97,71,32,60,10,75,47,19,9,71,88,10,100,44,31,25,42,9,95,74,22,80,51,58,31,25,82,39,10,46,78,99,76,57,4,44,81
97,73,68,91,93,10,50,95,95,8,75,28,37,87,99,61,94,51,27,77,34,55,28,25,89,77,89,56,71,86,48,51,63,76,88,64,2,6,66,65,99,85,84,37,15,25,2,8,86,76,61,12,96,30,71,54,39,62,65,65,8,59,56,100,20,94,20,42,96,69,76,20,11,91,17,31,94,59,36,47,31,72,80,34,0,47,56,86,69,41,52,31,67,41,24,13,94,11,22,93
84,57,49,78,61,95,41,46,10,55,92,75,97,54,86,71,85,99,16,66,70,1,72,57,41,12,30,93,43,70,16,59,71,39,33,6,13,90,26,99,95,78,86,63,88,25,19,16,40,11,41,90,43,30,85,3,61,36,59,36,32,8,9,61,18,52,30,99,54,37,95,96,97,5,14,25,60,49,20,38,72,49,63,61,18,0,4,85,95,42,86,37,51,80,28,12,21,11,52,32
97,67,79,46,84,40,87,75,39,73,74,46,25,60,44,20,35,67,10,82,9,71,70,79,30,55,83,15,45,73,58,65,85,45,48,56,99,12,95,66,57,67,59,39,29,83,97,70,40,4,20,69,71,7,42,46,43,60,45,26,94,68,28,79,96,69,74,87,77,97,73,14,59,39,3,29,0,32,78,47,51,0,31,39,99,97,95,64,67,66,92,37,80,81,8,66,88,1,33,37
46,100,94,48,40,58,93,41,6,90,66,97,17,51,89,6,85,10,60,37,8,30,72,80,80,100,61,74,15,9,80,91,48,3,53,29,69,65,82,2,75,14,96,59,69,80,74,48,97,87,98,70,28,11,74,58,27,26,49,42,20,99,8,7,81,18,40,15,42,18,79,39,40,72,15,61,26,24,75,49,30,55,11,81,15,18,26,39,1,54,85,78,50,53,50,31,84,10,78,72
81,73,87,75,44,44,51,71,25,4,74,93,80,27,76,23,45,24,83,54,56,81,15,96,12,84,63,70,36,7,80,4,25,14,69,53,37,66,52,55,70,96,84,46,77,51,43,71,51,79,0,43,44,67,98,59,96,1,64,82,33,99,19,81,69,11,5,58,25,11,28,63,34,28,95,94,99,4,76,47,40,74,28,72,2,100,60,94,39,74,6,16,0,46,93,14,88,12,46,95
17,69,33,15,76,27,75,6,53,5,32,97,34,22,98,4,95,98,89,91,55,33,49,40,85,43,71,36,90,18,54,27,73,83,1,52,46,52,38,68,31,2,86,88,68,84,49,92,7,64,18,5,3,92,23,21,67,59,31,87,15,100,26,74,47,96,15,98,76,93,89,58,86,99,16,18,80,40,98,34,13,66,55,96,66,98,22,10,66,92,77,34,53,68,16,17,38,9,48,5
36,80,32,38,32,18,7,12,54,76,71,11,56,7,76,58,27,88,83,88,56,64,97,54,50,45,38,74,52,8,4,98,84,22,88,96,9,49,45,87,53,5,33,81,60,19,2,19,9,62,74,26,92,98,88,57,78,60,70,45,60,23,93,58,93,89,83,88,27,42,17,75,16,96,28,64,88,8,66,3,88,61,30,18,92,9,72,41,88,22,91,87,30,40,48,43,59,72,56,31
70,70,64,78,89,16,31,5,4,54,55,53,79,69,97,89,55,98,18,23,58,21,0,18,65,82,11,33,91,35,92,96,94,93,87,24,40,80,23,53,95,0,88,11,56,15,34,49,20,59,57,2,62,49,17,24,49,54,9,30,17,35,74,92,30,28,10,43,68,22,27,75,34,81,97,59,28,29,92,94,18,69,97,6,88,5,90,25,19,28,57,40,98,8,75,9,83,35,93,23
96,53,72,64,80,66,20,49,36,78,69,70,77,48,75,8,32,69,82,32,55,6,35,95,68,3,19,34,53,25,57,22,71,45,78,81,0,80,29,40,72,45,43,13,0,53,62,76,63,21,36,94,88,13,39,28,10,57,40,53,64,32,97,17,75,17,93,63,67,14,66,4,68,77,68,52,0,95,70,71,88,13,43,11,1,43,12,5,67,42,51,86,65,9,67,47,28,89,35,64
90,51,35,47,80,45,3,21,75,27,46,27,72,66,98,34,38,1,77,62,86,87,62,82,79,65,58,4,19,48,52,10,0,13,26,39,4,89,82,16,37,12,94,25,95,3,87,69,4,56,21,91,48,62,20,12,37,35,8,49,28,36,62,94,40,67,28,52,31,42,38,29,80,90,73,15,96,88,14,67,68,22,21,96,10,76,81,2,60,70,56,30,54,7,58,51,17,10,8,75
87,10,99,33,11,16,74,14,11,20,37,35,56,22,49,42,22,57,9,63,48,71,45,89,5,71,60,7,79,46,83,17,94,83,72,91,34,94,46,68,52,22,97,38,34,100,69,86,25,92,87,35,0,42,24,14,40,82,73,4,48,32,91,7,56,20,71,12,66,56,14,58,31,49,21,99,88,9,97,55,8,85,55,1,28,8,15,26,76,67,57,67,7,60,57,64,5,89,78,45
56,0,41,96,32,18,85,77,28,44,82,79,96,85,17,27,94,78,3,83,18,40,23,41,12,25,31,4,61,33,46,80,91,68,33,2,55,66,16,61,56,42,97,50,100,97,36,80,91,50,8,86,93,17,45,27,31,55,75,35,93,81,89,37,79,66,20,96,60,7,89,89,46,30,4,14,33,62,31,95,70,6,78,10,20,68,44,52,4,25,20,85,91,62,11,41,49,8,1,45
45,33,62,55,81,47,77,13,54,56,88,51,84,56,34,25,35,67,47,21,0,77,27,94,87,66,0,30,100,50,36,74,40,72,15,54,95,8,99,37,35,15,6,18,94,94,35,48,52,68,7,97,79,2,62,72,35,68,49,22,29,82,29,9,7,90,98,95,39,35,2,66,49,22,39,53,86,30,5,67,42,24,89,17,32,1,66,54,85,56,21,65,37,18,16,50,96,94,21,17
16,71,1,88,48,61,61,97,40,3,83,19,4,64,41,56,35,30,9,61,69,50,13,69,89,30,57,26,98,59,12,8,84,26,99,7,1,91,10,88,17,15,4,97,47,81,62,70,96,43,63,91,22,60,27,15,36,29,11,35,64,80,90,19,72,31,90,76,73,99,9,28,50,32,87,28,21,77,32,73,40,73,67,61,99,9,97,64,32,99,44,68,40,2,53,52,73,52,66,26
17,53,23,53,73,69,96,97,42,77,4,2,79,39,8,21,49,30,72,73,43,62,24,60,97,40,84,86,12,61,45,37,94,26,96,49,35,98,7,58,19,45,13,32,52,6,2,6,12,26,61,29,45,22,80,0,44,31,16,56,14,48,48,44,71,42,91,24,66,88,10,24,42,75,24,14,10,48,32,74,50,100,37,63,83,81,81,59,49,50,97,51,81,36,73,69,18,1,97,67
87,62,66,18,83,4,87,50,65,28,64,22,95,10,16,6,31,51,24,36,15,56,44,93,10,26,0,27,60,13,42,18,100,52,93,63,5,38,5,59,77,96,46,35,47,80,49,34,100,11,3,28,75,1,23,88,61,9,15,19,24,35,15,14,92,21,88,40,79,93,62,91,26,38,3,72,11,57,10,85,34,51,69,9,18,15,14,21,41,27,4,49,91,63,48,82,73,15,43,87
60,99,54,84,74,8,78,71,4,74,3,45,3,35,15,57,68,88,23,10,65,4,31,27,0,99,42,3,61,19,71,89,64,68,92,43,81,70,17,10,97,49,74,77,29,98,32,72,11,8,77,2,88,67,17,10,61,4,74,83,40,60,89,60,0,38,24,77,99,90,52,49,59,15,63,42,51,13,53,40,63,54,30,95,34,36,16,32,69,67,93,13,4,42,33,58,29,44,85,37
85,23,51,16,76,28,15,77,95,99,30,64,38,67,79,92,8,90,13,73,0,0,16,35,76,100,60,83,64,21,77,81,78,61,52,21,92,29,0,17,29,58,5,56,80,44,98,30,42,23,52,48,60,66,55,34,74,88,96,59,81,36,28,47,25,87,6,53,99,28,73,21,87,68,56,48,5,91,58,79,91,74,29,1,15,22,33,14,29,21,22,72,77,15,27,74,46,13,67,9
34,60,62,86,90,96,46,84,68,87,29,81,81,25,76,5,80,76,12,91,56,80,21,53,100,69,82,86,19,70,59,44,76,97,11,100,37,21,36,49,53,20,21,40,72,18,30,71,91,25,57,94,50,46,13,76,75,100,2,18,2,11,21,39,40,20,37,76,94,0,19,98,65,87,94,27,40,95,73,45,38,77,20,67,7,87,84,100,63,96,36,71,92,19,4,53,89,94,69,11
8,89,19,27,39,62,59,26,39,18,23,90,91,14,14,57,56,45,100,82,60,67,48,92,77,21,6,14,29,55,86,56,61,66,44,95,96,18,44,92,46,13,32,49,8,13,20,68,43,25,60,69,84,75,99,0,92,63,9,8,48,14,5,41,59,7,89,59,98,98,17,62,58,84,24,20,4,52,65,0,11,65,89,67,40,44,72,97,55,47,28,28,72,98,37,26,43,34,26,63
21,14,87,39,99,99,92,57,9,68,74,44,86,15,8,26,89,100,89,52,18,36,44,86,82,61,74,97,73,48,40,54,58,93,43,10,26,71,75,54,50,46,52,49,45,87,100,95,19,32,18,86,16,80,7,81,2,3,74,39,93,58,44,87,65,72,88,32,95,16,90,21,96,97,50,24,64,63,62,75,81,97,13,11,54,88,30,69,79,11,11,67,15,77,77,86,45,81,40,9
70,51,4,56,87,52,47,54,63,66,60,18,21,55,40,60,65,23,9,0,70,69,98,55,41,76,65,11,61,14,1,91,84,43,90,25,53,50,11,51,100,31,55,59,41,72,24,53,4,83,65,66,54,50,15,97,48,76,72,95,55,89,38,24,46,68,25,85,96,77,7,8,80,42,10,65,85,93,32,37,88,6,51,93,42,34,33,3,34,37,32,95,89,98,47,21,25,43,91,73
36,80,85,68,84,42,52,19,57,10,27,94,42,15,96,22,27,15,43,55,4,56,22,41,84,31,99,32,19,32,12,17,51,18,51,76,11,12,85,12,12,53,5,100,36,12,92,17,2,100,3,0,84,11,77,31,69,19,64,51,26,34,97,7,32,85,96,19,40,63,14,38,42,91,72,43,52,71,93,2,9,9,46,82,68,63,36,37,59,0,20,38,14,53,99,77,15,31,86,40
15,7,9,13,91,22,18,79,83,64,40,44,75,75,99,57,60,98,68,6,88,88,35,47,15,84,71,20,24,71,29,48,98,100,72,96,26,15,16,93,25,50,91,67,2,11,20,82,26,37,23,5,85,50,90,50,66,50,46,9,2,77,8,24,6,57,1,73,40,57,6,33,58,72,26,94,7,46,16,13,80,55,10,66,74,12,96,68,35,84,92,37,49,75,79,64,56,99,73,41
78,39,42,71,96,30,91,100,50,15,70,38,27,0,71,17,72,36,70,36,37,80,48,49,43,29,60,69,82,70,84,10,3,36,1,8,57,6,18,53,30,63,96,63,91,73,53,10,70,9,77,41,9,16,30,71,34,13,28,48,11,79,6,15,61,15,56,83,25,61,7,55,91,24,35,3,78,56,96,44,14,96,67,91,71,30,18,90,59,36,99,9,56,31,0,53,39,3,72,63
63,97,24,64,56,64,75,48,55,25,83,32,77,16,1,57,34,94,5,85,9,72,95,5,84,38,15,78,89,73,97,75,45,86,38,54,46,25,81,82,83,73,33,81,36,7,68,89,90,18,56,47,72,12,100,76,97,20,52,9,86,78,16,39,50,15,25,46,3,78,38,66,93,87,8,20,26,57,24,79,9,63,79,36,62,44,94,78,11,95,36,32,75,53,54,66,95,72,26,94
87,39,87,87,23,44,3,26,2,7,81,5,4,83,83,82,70,20,53,0,11,89,5,82,71,7,82,78,78,59,60,17,83,49,86,54,68,90,29,17,18,69,4,92,5,8,76,97,58,7,9,38,84,61,73,44,14,66,7,31,50,71,31,36,22,26,76,87,53,53,63,37,88,4,30,28,58,17,80,48,90,74,76,67,36,28,66,73,48,92,91,71,30,99,70,68,18,98,59,47
30,10,39,62,54,92,44,76,61,21,57,1,25,54,70,50,92,43,77,54,63,2,12,33,72,3,11,19,25,61,52,34,93,91,64,43,21,46,37,49,72,27,68,23,90,82,69,61,64,28,25,38,100,75,12,38,54,30,71,35,98,43,26,7,58,80,23,81,14,51,68,95,52,64,90,88,44,8,38,60,57,20,81,9,96,32,64,69,51,49,11,24,27,95,27,30,58,17,41,73
10,96,48,49,54,65,40,24,83,82,2,34,92,5,25,40,58,24,57,54,69,82,45,35,87,58,85,66,40,10,51,96,54,8,47,25,97,30,26,95,43,81,38,6,83,57,99,44,54,35,55,15,33,5,10,46,1,26,57,28,7,69,6,56,49,72,18,96,20,66,3,92,56,90,57,34,48,99,7,68,89,71,76,60,73,53,45,30,14,25,12,35,24,28,2,78,67,76,46,56
34,56,57,85,41,78,77,92,34,77,1,25,19,73,48,89,48,22,58,53,14,78,79,9,27,39,33,3,62,11,6,50,15,83,56,84,12,25,82,73,38,30,68,65,69,51,0,25,55,10,53,37,85,12,66,32,34,65,58,60,78,59,77,49,98,74,82,60,98,86,60,85,34,89,39,11,86,0,82,3,88,97,20,32,23,17,58,73,59,20,57,4,13,43,80,37,53,61,68,29
90,79,58,75,62,93,45,18,9,34,28,53,52,72,42,68,27,31,18,31,49,73,57,37,41,51,95,5,20,96,72,74,36,97,64,22,95,92,69,6,64,31,40,99,85,11,5,10,43,49,57,5,9,20,65,48,58,5,87,55,17,95,60,78,93,33,35,45,14,84,60,46,25,42,62,31,23,95,95,33,61,81,23,92,93,62,80,65,98,91,64,23,43,18,5,5,29,74,14,76
31,3,69,35,58,79,94,38,38,71,78,10,33,57,51,46,72,58,38,7,74,21,34,77,60,78,87,3,73,77,24,63,1,53,38,10,6,90,78,27,28,58,56,67,27,8,0,90,8,84,53,21,33,16,97,73,43,68,38,36,37,67,54,25,26,59,93,87,92,27,83,99,86,55,36,64,81,51,89,2,64,97,61,84,11,85,12,50,70,96,36,84,92,68,50,27,83,32,41,80
53,74,1,48,77,68,36,90,21,30,21,55,46,70,89,4,83,76,35,20,45,82,6,6,20,83,86,41,17,89,0,26,19,9,71,57,17,59,5,100,96,71,35,71,19,95,43,75,95,51,46,100,0,0,32,15,52,68,32,47,82,22,96,4,32,86,24,15,54,84,98,8,16,48,86,72,55,23,74,81,87,49,7,32,7,10,88,52,20,17,45,45,7,98,98,76,29,93,45,70
88,57,41,58,6,41,16,95,58,57,5,47,77,25,64,6,3,22,94,91,40,7,52,66,23,20,56,78,17,32,33,80,15,80,23,16,13,78,87,46,14,74,15,65,89,71,53,51,1,38,16,75,38,21,48,39,58,83,19,10,67,9,79,13,63,83,92,17,34,16,18,51,91,26,56,89,62,61,6,97,6,80,7,12,21,68,78,12,75,19,47,89,69,98,38,30,17,44,98,48
33,85,27,36,83,81,16,6,0,26,24,94,38,61,88,44,28,72,36,70,18,41,7,45,93,40,49,30,54,33,35,37,35,25,77,26,35,82,73,23,60,2,48,37,96,29,64,58,61,86,68,44,22,87,79,76,58,2,9,15,2,36,15,17,96,93,42,35,10,66,60,83,3,74,10,88,66,82,26,52,55,1,38,81,39,62,78,77,31,30,90,88,28,25,13,66,13,11,43,100
79,96,59,79,5,66,4,40,69,56,74,50,40,84,77,89,37,22,68,37,40,45,35,25,46,6,51,50,84,60,69,86,32,95,18,81,55,47,30,91,8,4,29,73,65,93,95,99,10,1,67,95,84,69,62,88,61,12,73,75,66,38,15,91,64,44,19,30,77,13,29,75,46,67,92,71,36,34,29,94,98,78,79,55,32,63,71,28,72,62,12,99,29,91,88,95,39,22,5,50
54,79,83,29,63,28,20,7,70,84,2,8,22,62,15,17,67,61,27,72,99,25,45,84,18,42,83,9,100,70,84,67,3,70,16,17,98,41,3,73,96,59,56,8,48,53,78,24,98,75,89,29,99,9,48,20,71,95,18,23,100,53,60,17,14,0,96,87,55,39,31,92,74,45,81,38,48,74,92,85,57,68,32,47,50,25,67,15,77,7,27,28,73,17,52,19,78,33,82,78
73,4,85,100,6,79,86,23,9,90,12,72,99,53,1,87,28,97,76,4,5,96,3,81,46,96,9,21,0,1,18,61,28,70,98,92,41,67,84,13,12,16,55,22,99,50,0,92,50,49,71,78,1,27,90,2,99,69,66,83,62,63,32,99,89,26,46,31,13,40,4,7,66,29,69,79,2,100,69,40,62,48,99,88,46,47,99,95,37,86,37,6,51,23,19,89,63,0,0,68
77,68,53,52,26,44,86,52,54,7,12,27,0,59,37,53,62,50,10,40,28,75,74,34,43,99,25,28,48,14,31,49,57,74,32,22,14,53,92,73,55,58,69,43,98,73,21,38,68,36,38,85,55,0,92,9,0,91,74,33,64,70,21,21,51,53,5,45,31,28,84,19,4,34,2,84,8,90,26,57,15,85,58,46,94,43,40,41,51,87,27,23,5,11,58,18,58,44,58,39
56,78,23,95,13,61,33,22,95,88,73,85,67,36,0,17,72,93,27,68,69,70,36,90,39,20,95,26,22,26,78,44,92,11,42,85,67,34,22,95,64,88,10,53,48,99,76,1,52,81,62,25,31,68,49,32,46,58,20,32,23,2,65,74,33,63,83,45,100,79,1,93,51,70,36,73,24,6,70,99,93,80,82,4,68,7,38,71,76,80,56,37,68,72,75,94,79,85,16,52
89,3,36,3,60,77,84,10,66,22,63,67,94,62,95,11,6,7,75,89,86,13,37,40,74,17,30,1,88,81,72,66,85,55,0,19,87,83,42,92,63,97,68,8,75,30,18,1,67,21,100,71,91,86,23,59,28,79,72,81,29,83,9,69,50,8,94,17,36,76,92,14,83,96,43,98,23,83,84,25,3,33,68,67,6,8,68,28,42,84,51,4,36,93,32,50,65,32,54,19
45,20,53,84,22,18,23,51,19,57,43,82,66,78,21,91,26,88,81,72,51,67,97,10,18,82,70,14,14,60,97,100,28,46,27,26,64,37,7,14,37,46,76,78,100,67,61,73,53,96,94,69,48,5,84,23,4,69,36,65,27,21,51,16,91,90,75,82,34,80,39,87,43,11,77,20,38,27,23,5,79,60,84,82,82,40,94,68,2,36,92,78,22,33,87,95,73,70,88,83
78,71,94,45,56,26,52,53,46,63,52,89,74,62,75,71,86,79,70,94,77,19,44,8,56,48,95,81,40,89,58,83,57,67,25,32,34,71,76,77,20,64,10,11,54,96,41,79,58,37,85,39,84,55,17,68,96,58,96,74,13,29,75,8,100,45,100,25,68,40,13,6,95,67,36,29,47,13,87,80,8,53,86,94,6,52,25,56,31,32,99,25,4,21,51,32,90,35,6,45
2,88,100,46,52,59,98,45,100,36,76,0,61,26,64,54,72,3,16,77,12,39,39,62,49,5,96,27,100,40,50,34,80,99,82,2,70,38,59,32,31,39,1,2,9,92,81,81,91,32,43,61,2,76,50,6,35,23,5,77,41,82,67,23,56,93,50,97,46,87,13,43,87,72,76,90,73,55,85,54,79,96,58,94,94,32,90,69,50,38,86,48,24,60,55,40,7,62,91,15
79,24,48,36,31,40,25,15,67,28,67,98,64,42,84,24,12,11,12,19,62,12,55,87,28,24,32,89,51,4,37,61,67,89,89,71,22,15,83,22,33,95,72,42,94,6,42,33,57,92,99,99,16,69,51,26,88,53,6,13,34,87,34,29,17,17,32,86,50,12,57,78,97,61,43,1,21,87,26,59,100,9,8,71,65,68,85,92,59,70,85,55,85,40,92,28,2,0,75,86
22,37,54,36,23,12,75,34,76,18,42,97,37,44,14,43,14,99,25,24,71,1,28,51,63,61,36,18,38,70,100,95,58,99,62,79,29,76,65,36,24,80,56,49,0,92,32,95,52,81,99,39,21,80,61,78,73,12,57,69,98,55,55,16,39,79,75,48,98,23,82,33,73,21,88,68,91,29,61,63,54,19,68,94,76,0,25,43,46,74,68,46,37,55,5,28,36,43,80,81
67,55,9,80,88,24,43,37,86,62,99,61,59,98,63,62,37,87,22,87,1,47,40,19,49,22,22,100,1,60,10,64,13,90,68,68,100,35,60,56,85,55,97,68,42,68,87,57,49,33,26,66,20,100,57,53,4,61,62,12,17,66,1,98,78,19,85,70,91,62,1,30,80,67,62,49,14,8,12,78,63,4,64,89,28,11,34,63,41,50,68,22,92,75,61,32,59,14,53,47
54,30,33,84,92,18,51,76,79,43,97,88,22,12,79,100,96,52,25,50,43,13,68,12,35,99,55,45,82,71,38,16,37,63,18,11,16,93,35,48,36,8,46,57,42,75,50,71,44,10,88,11,56,32,46,100,10,76,41,19,43,48,63,92,43,45,3,1,44,81,92,58,12,81,44,8,5,9,22,75,71,12,9,17,10,35,77,29,36,87,59,72,27,5,24,65,14,7,99,22
26,52,15,55,57,83,26,78,10,78,26,97,97,51,23,100,99,13,37,98,5,49,58,42,82,79,39,63,4,74,64,20,45,67,90,22,22,66,30,1,52,33,21,13,100,82,12,61,83,60,86,42,13,52,2,30,54,37,94,69,83,58,86,89,66,73,5,86,83,67,50,70,77,82,95,93,47,70,90,68,17,45,91,69,94,59,59,96,91,10,92,19,74,18,77,54,90,76,34,29
78,10,54,47,83,40,17,24,16,55,85,56,96,40,44,80,38,88,40,87,54,59,19,92,100,76,71,95,87,1,15,1,90,69,55,84,45,34,5,81,64,85,26,48,47,67,55,78,33,54,23,65,93,23,9,43,83,15,67,42,30,37,32,16,78,47,4,4,79,85,15,61,52,59,32,15,59,41,0,25,98,90,3,45,36,42,72,22,1,23,12,38,24,36,16,56,4,94,20,86
31,88,52,100,10,37,40,40,74,37,90,31,100,38,18,29,33,20,14,84,29,77,6,83,80,56,17,23,42,3,56,17,69,24,20,17,4,40,94,62,82,0,9,21,20,49,100,43,40,0,5,78,74,93,70,33,40,76,43,31,37,30,65,11,22,55,63,29,27,44,41,80,9,11,41,71,93,77,81,38,95,31,67,68,59,15,19,79,6,42,32,3,76,11,100,5,11,18,51,100