99,26,83,6,11,11,40,8,88,68,58,28,28,68,42,27,31,46,36,83,12,77,90,86,45,86,35,96,6,71,35,53,14,42,10,94,25,48,71,33,55,65,52,53,24,80,0,44,62,27,15,26,42,97,37,19,64,1,64,4,33,10,56,75,66,44,79,10,45,28,63,7,4,79,74,52,32,18,40,32,14,0,75,26,52,72,61,99,41,43,56,61,70,88,14,73,14,26,50,48
43,30,66,63,55,43,74,12,64,39,8,45,9,46,77,60,58,43,67,67,9,72,94,77,40,97,25,2,57,37,4,0,44,34,23,73,45,28,4,58,27,75,61,8,26,88,64,59,0,70,62,9,51,12,9,25,47,79,66,57,73,87,48,17,86,51,85,41,41,10,73,27,5,94,27,92,65,84,47,21,6,97,21,40,66,28,11,36,70,41,11,95,95,42,39,57,31,16,26,25
75,99,30,58,50,97,16,57,88,99,59,58,3,40,94,67,34,59,39,36,27,24,10,36,99,62,17,14,32,65,85,67,93,23,49,95,35,15,92,82,13,93,26,83,38,67,99,7,43,4,51,83,39,39,93,50,91,8,71,90,20,33,91,72,42,88,92,11,15,78,35,30,17,82,94,53,30,69,63,6,75,25,72,94,56,61,40,94,81,48,17,20,44,44,91,11,36,4,43,59
52,82,56,29,69,33,83,85,18,79,84,26,68,45,34,69,78,50,30,74,81,11,80,85,27,46,40,90,10,57,100,72,46,20,97,46,12,59,37,16,20,17,53,71,12,74,11,27,53,33,66,49,92,74,98,66,8,84,82,54,47,41,83,77,57,6,33,24,99,11,27,93,80,43,91,87,87,0,1,35,74,5,47,73,95,7,87,4,71,13,70,84,49,83,26,42,4,88,42,47
74,32,16,64,22,83,1,0,74,13,95,10,47,73,11,56,53,8,64,46,17,81,3,42,37,8,88,6,1,22,87,62,76,0,0,43,52,79,73,33,39,88,17,45,19,94,94,77,62,17,42,88,12,28,15,39,63,97,88,15,76,76,6,7,33,80,63,31,25,60,40,11,65,38,85,61,59,21,85,16,83,29,91,22,5,61,17,99,68,16,39,93,92,33,0,11,42,80,53,80
54,64,92,74,19,33,32,49,73,52,89,8,70,62,74,75,36,26,28,55,72,91,7,51,47,78,11,89,15,7,8,63,58,27,89,44,14,23,1,31,83,2,27,73,34,51,67,54,39,30,4,63,43,33,22,31,86,52,92,22,44,51,62,99,61,62,61,85,31,1,7,91,97,18,80,37,88,42,7,3,55,15,74,89,65,60,100,67,78,93,87,94,28,99,85,9,73,5,82,72
17,28,52,3,11,70,0,46,89,76,21,1,99,1,41,10,54,69,26,98,90,3,4,79,94,61,76,3,89,23,95,14,43,75,47,34,97,44,19,67,69,90,22,9,42,2,6,59,45,64,7,4,81,82,88,17,82,26,88,2,8,93,5,5,59,28,14,66,47,4,34,94,86,25,71,64,59,26,98,58,72,88,39,60,2,75,72,75,22,4,1,68,90,82,17,88,37,16,12,76
91,93,94,6,29,20,8,31,8,58,68,43,74,2,92,76,74,76,66,56,96,80,60,80,42,86,14,63,36,11,17,19,65,14,26,4,23,78,53,74,48,48,37,15,74,46,58,95,0,19,79,4,13,70,87,91,12,42,99,7,6,31,36,39,25,44,18,6,61,32,42,47,80,37,63,31,31,98,98,47,58,39,36,0,73,24,45,81,80,70,50,96,19,37,7,7,32,63,54,88
72,16,40,77,27,21,40,16,23,2,27,72,36,21,72,33,53,79,62,21,17,77,48,22,22,4,23,26,82,95,95,36,30,30,74,24,78,85,23,45,50,42,57,28,90,1,86,72,77,51,86,13,91,43,44,52,34,56,94,71,94,63,32,5,21,87,46,34,28,94,92,55,2,9,54,98,5,48,81,80,6,47,3,97,95,12,77,70,70,8,3,46,94,62,17,42,54,63,90,47
67,94,56,14,9,41,61,89,57,56,75,80,52,6,41,22,55,7,87,53,86,94,24,37,46,10,21,48,37,55,3,79,42,66,83,8,100,50,73,26,15,43,32,27,50,13,6,74,24,5,75,29,44,83,75,76,43,50,90,77,64,61,63,13,28,68,43,0,90,51,11,19,14,19,73,12,68,37,5,26,4,32,27,68,97,53,84,40,73,73,16,27,0,48,28,28,26,44,10,20
17,66,93,18,47,100,71,43,58,27,74,52,63,16,12,85,18,40,48,14,83,72,28,43,23,50,14,58,10,65,75,50,63,34,97,33,20,33,13,9,35,76,56,11,27,20,93,100,80,89,20,44,46,70,97,97,90,91,74,39,13,24,67,35,43,8,56,37,92,48,63,28,7,5,52,75,89,79,53,0,26,36,0,28,52,37,14,71,41,94,73,32,90,64,1,10,99,36,64,14
68,21,52,39,65,61,61,45,96,91,24,85,73,9,0,100,15,6,76,29,20,60,100,66,37,6,37,62,26,58,60,53,54,75,74,68,42,84,50,9,55,30,80,42,40,55,65,60,60,72,27,21,2,44,79,95,97,11,28,83,35,50,54,3,34,87,15,5,28,21,99,98,22,66,15,88,47,88,56,29,47,82,2,79,85,21,8,41,79,42,48,51,9,73,91,19,98,39,5,30
12,75,71,44,50,33,62,42,6,49,24,50,39,56,61,20,62,41,79,44,99,50,41,96,53,59,22,61,61,21,59,35,63,65,46,59,2,5,9,42,77,39,56,58,24,89,68,8,57,34,36,58,35,30,35,32,82,53,100,87,44,6,84,69,25,70,0,22,41,100,39,89,67,16,93,79,92,7,66,1,34,28,32,39,31,59,76,63,74,17,66,18,96,59,50,96,34,49,13,88
60,37,39,26,62,70,52,69,19,83,91,78,80,70,43,97,39,97,42,95,56,53,41,43,60,35,18,39,51,73,50,80,63,59,18,25,29,74,28,78,58,70,57,1,90,32,19,76,53,6,26,90,80,64,11,91,68,55,22,18,64,43,20,49,89,79,48,52,81,12,90,43,12,61,92,18,45,71,32,30,82,55,69,30,39,5,81,100,46,100,16,58,70,63,83,14,19,100,59,46
13,64,13,5,31,40,85,28,49,51,54,1,82,14,40,83,33,6,76,45,9,21,72,97,82,22,14,19,33,11,21,27,25,25,98,10,24,11,34,57,41,14,37,47,58,48,47,52,2,60,72,99,81,36,77,59,100,59,80,53,19,67,29,75,73,29,65,87,35,16,97,77,47,43,95,36,40,3,45,72,51,93,82,58,38,85,25,36,93,56,95,18,89,6,85,72,4,34,6,18
66,87,15,72,71,68,33,69,88,34,85,76,29,47,55,23,47,25,94,17,39,46,83,11,69,9,42,78,69,73,75,30,35,49,18,30,3,23,64,70,47,72,86,1,90,52,56,51,94,75,67,22,25,85,95,61,54,51,25,18,70,58,86,94,80,61,29,86,5,96,11,88,45,92,1,98,36,97,47,47,85,97,35,55,70,44,85,99,35,77,63,100,11,66,7,59,93,21,31,99
29,77,9,6,88,47,11,46,93,89,33,32,100,46,62,16,20,22,69,94,33,38,49,41,6,9,79,99,77,83,8,19,67,73,14,56,36,14,86,57,23,64,25,17,54,72,52,46,46,5,68,25,85,51,92,79,50,8,33,26,27,36,34,86,22,80,2,90,93,18,33,95,8,93,40,37,55,3,18,65,64,77,96,93,57,46,23,65,66,53,22,77,75,76,61,44,54,60,9,23
91,61,29,44,31,91,94,8,65,77,69,44,90,19,25,38,83,77,3,41,79,9,97,17,48,64,90,54,93,74,72,7,49,67,8,73,16,71,3,70,4,38,31,17,17,21,68,81,33,8,47,95,61,100,34,0,33,54,20,4,10,68,42,49,18,48,67,3,70,71,71,27,48,52,24,47,27,49,97,100,62,92,98,7,19,98,3,13,86,18,59,13,87,39,26,71,77,77,3,32
96,56,3,68,27,94,21,80,38,66,74,58,81,15,16,98,61,96,49,55,77,76,95,54,11,36,90,69,10,32,21,78,20,87,17,15,72,23,86,69,23,98,38,45,65,16,31,60,17,55,67,37,0,58,17,96,12,99,33,89,72,38,97,96,72,23,68,22,49,75,20,66,47,30,60,36,45,41,27,3,1,22,43,4,49,75,13,29,19,18,11,12,56,71,46,61,46,87,99,34
26,1,42,51,58,17,26,47,59,53,28,17,94,100,49,12,34,16,28,69,84,58,58,56,59,91,24,23,75,55,77,7,3,55,15,75,86,43,67,46,73,34,85,89,89,18,92,14,76,72,90,88,80,11,90,88,80,61,55,72,26,31,44,99,58,68,76,75,65,5,22,12,23,14,90,36,85,12,29,61,64,59,21,87,55,8,39,11,8,45,57,42,63,97,15,29,54,98,57,6
27,1,60,95,3,100,7,75,85,92,65,75,11,64,46,92,1,93,42,22,38,44,54,21,65,98,70,47,71,74,76,39,94,85,38,3,77,60,29,83,70,77,37,19,0,55,68,55,87,31,24,4,30,93,87,77,78,26,43,50,39,26,24,22,89,62,3,37,83,57,13,33,26,22,72,2,97,2,79,20,57,70,71,24,9,90,8,35,48,91,68,11,57,19,73,59,97,10,97,22
99,59,92,27,28,47,87,76,55,49,55,60,63,71,51,54,18,32,2,13,80,89,5,100,38,61,61,12,5,69,86,27,74,40,42,95,4,92,92,57,97,8,51,95,26,63,70,3,58,36,8,13,87,66,78,27,6,81,21,86,21,14,72,80,56,41,86,36,45,48,21,88,84,46,66,14,89,53,0,70,55,12,85,11,48,83,60,72,67,64,83,53,34,42,72,9,58,97,15,81
77,19,56,34,10,85,45,12,10,21,0,5,39,56,61,85,25,53,68,58,89,54,90,49,10,14,81,34,57,20,56,41,72,34,39,82,42,100,32,12,48,35,46,33,99,64,75,22,9,69,26,83,100,92,89,92,34,80,80,47,11,3,75,53,75,44,83,15,55,44,47,46,18,65,95,76,20,47,78,96,66,77,67,48,34,23,61,62,79,11,38,16,97,86,50,54,9,86,58,58
5,80,79,31,21,33,28,53,27,68,41,65,49,55,60,95,47,53,69,61,23,42,26,69,1,87,0,88,100,96,8,8,90,82,6,25,90,88,33,67,9,39,67,7,77,79,90,18,64,66,8,83,73,36,48,71,60,55,95,1,7,4,6,10,4,80,32,79,72,46,86,47,15,34,67,87,43,46,17,30,4,8,97,61,67,30,30,46,15,53,77,70,65,54,38,75,23,72,97,90
16,50,65,35,20,72,38,52,98,97,33,80,46,27,44,97,77,3,33,32,15,79,63,41,37,76,23,92,30,21,49,42,80,5,100,61,19,35,74,68,44,90,26,44,33,17,5,77,72,4,52,87,63,18,55,41,28,34,68,50,42,33,42,8,77,97,8,13,59,99,18,78,37,6,23,63,49,6,13,36,54,47,92,56,42,84,47,63,55,55,23,73,26,92,46,49,58,20,63,74
1,19,84,77,50,52,39,59,2,48,44,94,78,56,64,3,85,90,6,4,95,50,50,87,51,71,23,49,37,31,49,58,45,37,88,30,93,60,1,20,77,62,37,64,12,4,46,45,55,17,37,39,35,55,18,42,22,86,79,72,5,58,62,8,83,70,44,50,36,38,82,70,15,58,31,55,63,80,17,12,35,48,42,28,9,55,41,83,83,13,71,92,65,41,58,18,9,54,0,27
4,51,42,24,20,75,42,18,89,26,42,2,10,20,13,48,55,37,27,38,96,86,78,39,93,89,50,45,28,94,45,79,8,99,82,63,34,19,34,97,88,56,22,19,66,90,1,64,15,6,12,93,68,1,89,22,36,6,18,70,5,84,15,4,45,3,85,31,89,60,60,44,71,32,17,14,93,65,28,20,22,38,24,78,46,57,70,31,20,52,98,95,36,86,35,11,89,61,39,98
40,100,54,94,24,64,16,16,87,22,75,84,69,56,21,29,22,79,63,26,11,8,39,7,30,12,11,96,39,82,14,14,15,10,60,83,26,23,69,97,38,39,86,81,93,11,71,6,74,32,52,38,63,25,12,15,45,0,60,4,10,64,66,83,50,63,8,79,10,5,49,64,85,44,72,87,83,58,96,30,28,83,9,6,8,11,6,58,20,89,69,74,66,1,67,27,84,73,23,93
78,67,24,86,10,20,34,5,14,71,2,96,13,50,51,57,63,0,29,80,54,34,38,3,44,5,80,90,30,70,17,43,55,65,67,93,30,83,1,66,63,11,83,28,63,50,93,79,59,28,96,81,83,8,37,67,49,37,75,52,94,89,29,11,66,38,5,3,32,54,71,72,35,66,33,55,66,74,70,5,12,10,41,18,96,41,36,45,45,15,89,31,86,24,42,98,16,75,37,66
38,39,78,31,47,4,34,56,85,63,87,97,5,7,45,46,47,38,1,50,69,42,91,63,34,35,60,5,32,16,93,25,88,19,26,68,29,92,15,30,20,88,53,46,89,35,2,30,43,16,8,5,99,81,66,12,97,92,87,43,87,57,17,91,53,57,96,94,51,58,19,15,59,7,32,47,96,79,95,21,48,26,53,2,29,99,29,65,32,48,93,85,36,12,58,33,60,78,78,43
21,70,29,58,5,19,55,20,97,37,77,2,99,87,38,68,68,37,99,54,70,80,29,22,30,52,75,79,83,91,11,86,60,26,4,17,97,97,95,76,53,23,80,12,82,55,73,96,32,54,1,47,74,42,97,71,30,77,85,98,37,66,63,75,74,20,48,43,69,45,22,25,43,66,21,37,6,52,90,69,22,79,12,9,16,66,41,70,52,17,37,5,61,9,94,68,40,54,70,84
74,18,94,72,64,41,38,72,69,60,81,27,92,46,57,34,65,58,23,78,54,94,18,77,78,99,71,41,43,59,88,86,21,52,81,44,90,36,17,30,78,15,45,74,74,60,4,34,72,35,4,71,58,11,45,0,59,51,21,70,16,74,66,5,92,39,80,83,26,48,45,69,50,83,87,50,73,92,23,33,56,73,74,40,47,69,58,62,57,49,55,63,74,97,60,29,84,85,15,25
40,72,24,2,33,10,52,23,11,32,55,70,76,3,2,66,54,11,82,33,2,39,21,7,29,37,77,53,94,19,66,93,60,91,95,89,70,32,96,2,83,52,46,65,99,93,60,79,3,0,70,26,76,63,80,24,97,59,96,46,16,24,93,51,34,41,63,6,70,92,97,44,55,50,52,43,57,37,13,50,7,43,63,72,21,99,43,43,66,41,97,59,63,32,13,17,19,54,77,46
75,80,89,22,96,39,3,91,75,58,1,98,1,19,37,29,4,90,37,42,28,30,75,23,5,71,84,59,65,34,32,14,62,92,62,77,32,69,20,50,58,75,12,93,24,91,54,29,87,42,63,12,67,92,50,83,9,9,51,56,74,41,57,29,92,47,88,81,100,73,17,45,78,71,46,99,9,8,99,42,90,71,67,88,48,67,73,10,86,46,96,36,27,4,19,23,0,61,22,65
3,0,53,87,14,24,1,46,55,25,35,17,59,18,88,0,88,79,95,91,43,98,35,1,28,78,49,9,36,71,24,23,77,50,7,8,6,66,32,28,46,65,8,67,18,80,1,97,60,74,57,81,1,85,25,97,76,10,16,78,56,61,75,19,74,46,46,77,76,89,66,96,16,12,50,26,0,52,23,51,20,27,3,75,83,5,63,23,23,77,35,36,22,62,17,31,95,77,4,71
89,34,74,64,70,53,87,55,0,83,32,17,93,75,72,54,33,86,31,3,34,91,58,100,26,50,26,8,87,24,40,52,84,32,69,97,89,11,32,35,67,25,37,69,95,77,46,63,95,0,98,22,6,51,20,53,86,65,87,50,78,77,36,38,43,49,53,53,47,99,88,70,7,23,34,51,40,30,23,73,94,38,63,94,9,94,26,99,62,90,21,31,84,93,97,43,7,61,68,9
32,97,89,63,8,25,13,99,26,85,29,93,37,51,3,45,49,88,47,71,31,78,87,96,55,39,32,96,48,27,53,88,92,0,51,76,13,47,14,99,64,1,43,15,41,72,14,70,5,80,16,69,46,81,7,58,32,6,76,53,12,58,40,65,6,5,97,8,94,31,45,43,46,85,62,13,80,100,36,30,44,16,21,56,39,42,80,44,47,78,15,95,30,72,18,80,24,11,23,19
8,52,0,85,26,21,38,79,65,34,25,53,79,58,29,30,77,14,21,27,97,75,25,16,67,79,78,67,81,41,84,83,6,86,19,91,64,66,24,37,11,6,51,84,29,30,81,42,72,2,87,75,17,47,80,0,39,85,8,5,23,96,25,96,93,4,68,94,74,100,2,91,88,91,67,88,21,35,2,13,40,51,97,67,16,94,44,100,48,86,19,52,59,62,92,90,14,65,11,87
11,3,3,84,15,72,94,38,100,43,30,48,48,83,16,28,84,48,72,38,76,46,6,94,21,35,35,64,45,88,20,87,96,10,79,65,45,50,69,76,80,84,55,48,93,44,62,86,0,13,0,64,86,13,8,94,24,30,15,40,97,60,68,40,74,38,85,27,36,6,76,6,23,55,79,26,10,83,87,40,73,15,25,60,22,84,53,38,86,94,16,31,39,1,72,88,71,99,45,9
77,37,72,2,59,57,22,66,67,38,90,96,32,2,87,17,25,66,72,98,96,49,60,62,59,34,79,42,38,97,70,58,33,3,44,51,47,63,83,6,82,78,93,74,36,38,66,10,48,98,87,91,19,40,87,98,78,38,34,84,100,70,65,82,8,21,85,18,6,87,66,85,85,18,47,82,40,34,78,98,21,13,88,58,83,31,19,86,16,41,96,62,64,25,19,19,45,3,63,34
26,10,85,88,8,12,91,0,71,32,63,59,31,81,36,42,23,24,96,46,54,75,0,0,92,68,89,4,20,41,47,70,2,5,85,63,59,42,4,66,4,52,43,93,43,31,26,14,54,51,16,95,91,50,73,7,55,45,84,93,25,23,82,14,15,7,9,10,66,87,69,2,77,52,24,92,59,58,19,88,21,35,37,61,49,33,57,73,21,19,58,14,54,16,24,54,60,4,56,57
35,85,27,81,10,93,82,96,62,37,22,100,77,49,28,40,27,49,33,18,37,84,87,25,3,18,44,89,21,78,75,6,83,99,4,53,57,76,3,50,59,70,61,82,93,40,46,57,94,70,69,26,91,55,41,36,1,5,16,53,27,79,0,69,91,0,57,62,93,1,89,81,60,74,8,15,38,52,22,61,15,46,91,3,32,37,9,80,51,19,78,15,53,53,89,64,26,76,98,45
52,62,33,62,73,16,66,73,16,82,94,64,61,45,70,2,21,67,59,19,71,73,17,27,17,5,76,7,36,51,43,3,7,93,76,93,100,42,74,35,53,69,27,59,15,24,91,71,64,64,16,29,0,32,48,86,47,86,64,51,31,57,49,41,43,30,56,77,22,21,100,40,28,65,45,23,99,35,75,8,54,12,60,77,13,94,21,79,3,8,8,74,78,90,11,59,85,96,30,50
81,41,40,15,26,53,12,61,95,80,82,85,45,16,46,58,5,77,4,95,88,72,49,35,93,100,28,88,94,46,56,71,11,63,96,93,92,69,75,7,97,48,72,82,85,36,47,21,11,1,61,51,42,57,3,71,9,45,9,52,74,15,72,76,21,99,12,67,63,84,82,82,92,67,15,45,11,7,53,83,69,77,20,2,48,84,31,80,77,56,40,38,76,42,25,66,81,45,58,38
34,63,29,41,9,58,26,65,80,44,75,89,14,18,14,4,0,41,92,61,8,75,91,60,11,59,43,72,98,13,67,70,12,27,38,88,90,76,56,58,18,86,1,46,57,69,78,38,42,80,75,48,78,45,74,67,8,18,24,33,2,5,74,53,85,92,14,13,71,95,72,100,30,17,62,57,95,76,75,45,62,10,45,98,4,77,24,99,24,91,2,40,65,82,35,89,84,65,86,64
39,52,60,20,66,72,24,47,15,31,60,9,82,33,71,74,22,47,97,65,49,15,98,70,54,28,64,58,26,22,28,62,31,40,11,66,36,99,90,3,53,56,58,13,25,40,41,6,28,7,10,82,58,81,96,12,1,33,55,64,41,34,61,22,33,36,49,13,25,15,46,47,84,58,39,71,90,89,80,62,29,52,75,71,62,72,75,72,8,35,84,63,27,20,88,58,31,1,20,43
27,93,86,1,63,55,62,17,98,55,60,30,80,12,49,71,10,44,12,95,11,87,57,33,86,98,89,89,44,66,4,63,17,90,88,77,23,35,94,44,35,57,11,45,61,45,65,0,28,49,85,37,55,63,89,91,12,31,44,56,33,2,8,60,79,56,81,31,66,81,56,0,95,65,64,97,27,92,33,61,87,16,41,32,44,90,24,19,35,23,88,89,67,57,52,15,17,68,19,47
2,60,24,39,67,80,53,48,26,34,79,96,13,6,22,64,17,26,99,53,31,32,98,61,7,30,75,41,69,56,41,90,55,14,15,3,56,29,69,91,63,0,63,41,69,70,43,78,30,55,35,11,25,35,64,24,14,57,88,93,8,43,18,98,40,53,24,46,13,2,14,27,15,63,26,97,33,68,42,44,29,75,42,57,97,22,49,27,32,19,57,92,20,88,18,27,94,100,35,29
53,84,90,47,57,95,12,22,43,26,70,80,34,4,52,29,16,32,48,51,10,31,60,63,22,8,38,63,13,12,21,69,18,85,64,22,99,4,47,37,3,10,7,12,59,35,8,88,25,38,43,62,40,54,14,51,35,86,35,98,13,99,76,5,55,88,50,78,8,1,85,38,8,83,40,61,98,25,5,69,86,76,59,5,59,51,18,12,55,32,78,30,23,70,13,87,23,5,42,29
49,65,42,11,31,57,14,44,26,94,9,5,14,26,51,55,54,64,31,67,38,1,98,7,8,82,2,78,42,97,62,28,47,10,17,56,95,50,43,96,83,61,70,46,100,50,54,66,69,39,54,40,95,80,14,64,10,21,83,26,84,31,1,53,93,23,53,95,35,95,1,9,94,93,94,85,48,16,46,49,69,6,11,96,55,94,33,64,63,38,99,85,52,55,32,15,70,32,99,67
51,58,26,61,99,6,87,77,35,38,16,30,81,0,55,42,24,38,83,100,71,84,22,64,2,69,44,1,5,75,38,25,87,25,4,20,45,72,16,77,51,15,76,43,62,71,86,16,0,60,25,72,19,84,97,83,33,62,44,82,48,0,15,59,91,16,53,89,17,38,30,81,31,48,90,91,14,0,36,57,2,34,27,66,98,100,68,18,98,71,57,68,7,46,60,18,51,93,10,67
30,94,2,27,26,74,82,19,12,30,21,6,90,68,44,53,95,70,81,81,5,4,26,89,59,1,58,75,88,23,94,53,1,92,77,75,53,96,22,2,72,67,81,8,100,11,84,53,61,18,62,100,39,56,40,27,12,19,15,69,14,87,42,41,92,78,35,1,52,49,38,31,16,69,61,6,22,0,48,62,98,48,49,7,9,44,42,34,8,94,21,76,25,58,81,66,6,89,8,31
44,14,67,75,61,96,55,25,56,20,6,19,44,48,80,81,70,65,95,6,75,86,19,9,62,59,66,99,33,62,49,78,58,56,86,16,47,18,61,72,2,65,33,17,33,5,95,61,14,99,74,29,65,41,74,92,44,28,38,32,78,80,33,14,63,81,33,82,77,20,28,77,46,87,44,48,97,45,94,90,14,36,93,80,61,20,54,13,82,37,32,76,34,40,22,73,19,8,69,17
40,15,36,35,64,17,89,83,15,81,43,49,49,8,27,31,21,26,50,2,69,38,94,67,74,59,91,85,49,81,43,20,43,40,51,7,59,95,71,53,96,62,1,66,74,17,25,3,48,62,34,60,14,13,74,100,62,76,35,7,67,5,92,67,81,79,71,95,98,6,66,17,63,73,7,16,46,89,38,16,27,31,41,66,43,9,43,59,59,50,97,66,78,34,48,91,91,9,37,69
81,4,53,71,89,37,34,48,94,98,39,82,80,38,83,25,38,7,62,14,84,77,54,62,38,12,84,89,85,79,99,70,67,100,38,56,63,68,70,86,97,34,80,10,10,43,48,56,56,45,10,80,61,1,71,89,38,10,16,6,95,56,58,11,75,9,41,39,88,64,81,7,60,94,98,85,42,33,85,95,30,58,77,59,10,50,50,80,13,81,20,72,39,37,57,36,70,77,57,22
29,25,32,45,43,15,74,1,16,22,81,28,29,63,47,71,64,45,47,24,52,31,82,25,10,46,100,7,72,49,44,44,43,56,8,13,2,86,34,91,50,68,0,71,66,44,92,44,23,35,70,91,72,74,78,67,27,1,16,33,51,20,24,31,83,13,47,66,56,98,84,79,56,28,17,83,12,31,30,65,48,43,11,10,1,40,14,73,15,81,98,60,80,22,31,5,24,88,61,0
73,86,66,79,33,27,26,15,3,68,54,97,99,69,47,12,60,97,5,48,80,94,67,95,35,31,96,99,90,50,52,35,24,87,3,37,25,68,25,88,92,50,40,60,62,10,84,83,89,22,56,23,75,96,71,59,27,56,2,97,11,44,83,37,16,68,56,74,5,70,28,22,30,75,100,4,17,80,38,92,15,78,42,85,20,47,86,6,57,47,63,9,100,20,91,37,6,88,78,0
75,19,27,83,16,67,33,69,77,34,96,99,57,17,70,8,81,55,98,46,79,32,73,1,54,37,46,71,56,7,47,54,41,54,93,69,48,67,43,28,85,38,63,37,20,48,96,52,7,49,69,73,3,17,56,94,12,43,80,76,56,34,98,94,54,27,45,13,25,45,40,98,79,21,77,20,35,27,65,56,44,88,54,31,21,36,6,52,45,0,85,13,75,15,14,47,77,24,60,16
22,36,11,46,32,46,15,7,8,43,4,89,64,58,90,59,90,95,91,65,0,83,13,44,95,41,27,1,70,14,19,87,98,46,63,51,99,90,49,53,90,64,8,50,76,98,15,13,31,45,73,42,0,37,99,77,16,2,63,19,87,94,85,26,46,83,15,51,54,41,55,66,7,30,49,83,51,100,76,67,76,89,32,77,97,17,96,61,5,44,26,64,11,83,72,56,21,98,71,96
41,43,29,89,69,83,37,51,29,57,48,84,97,14,39,24,57,32,0,43,17,38,62,71,95,43,49,71,67,7,70,12,20,16,29,52,100,2,5,44,93,30,24,33,19,52,47,56,2,79,88,14,62,48,75,6,7,92,56,85,45,47,57,28,35,45,43,66,45,55,74,88,14,42,88,9,9,36,39,72,11,60,16,14,94,72,59,12,8,75,46,73,51,84,58,52,22,30,49,51
31,41,14,50,25,46,38,10,15,51,20,75,86,100,48,59,54,43,82,14,38,19,47,23,23,62,66,90,39,27,51,40,62,75,56,31,11,50,81,76,26,29,63,3,8,97,2,84,98,68,45,2,94,66,98,37,34,7,95,68,47,4,92,85,43,76,62,95,57,34,85,38,59,69,4,81,33,55,53,11,39,42,44,7,39,36,91,100,40,11,18,15,42,71,78,33,52,62,93,29
36,31,42,30,56,8,39,24,76,19,75,35,57,45,17,94,51,87,15,48,78,88,4,64,42,39,95,2,35,66,9,59,87,14,16,83,73,78,79,68,57,69,5,38,42,62,60,31,91,38,77,100,22,68,58,70,14,68,67,56,58,72,35,35,69,92,34,82,30,41,13,79,86,72,26,55,96,72,49,69,53,85,71,85,16,50,82,53,13,79,79,63,3,16,33,33,51,9,96,83
15,77,65,73,36,10,89,79,85,38,12,10,45,21,10,83,4,0,76,70,47,92,70,77,49,77,33,51,84,43,47,0,84,98,26,86,7,80,56,27,51,85,12,29,52,11,61,65,2,6,82,38,25,62,78,54,41,84,46,53,44,4,64,80,11,31,69,53,7,54,100,41,4,47,65,50,94,76,37,13,23,24,21,14,41,92,60,95,11,16,44,15,91,46,55,52,68,70,17,65
89,55,49,80,97,51,4,94,77,6,17,61,46,100,58,62,67,89,30,91,97,5,8,53,35,21,32,28,72,63,52,10,0,52,97,4,91,64,89,97,60,70,58,37,55,6,27,83,53,64,98,45,38,7,58,45,28,25,9,100,14,25,34,100,51,0,31,45,22,14,14,91,56,54,61,65,77,48,1,85,69,19,62,61,39,52,90,55,81,82,50,100,46,84,49,51,50,64,64,37
56,100,69,13,70,95,26,59,87,38,36,36,47,16,37,80,48,15,6,23,13,52,9,98,100,58,12,44,82,60,11,52,33,35,58,65,34,72,6,95,1,22,24,48,66,49,86,3,51,42,23,39,4,51,85,64,27,27,99,97,12,88,39,43,38,60,95,6,19,23,58,38,6,76,88,83,7,56,73,97,28,59,11,57,8,90,19,84,93,16,65,10,41,99,11,93,13,45,52,62
19,54,0,59,15,46,38,34,0,50,9,95,80,95,51,21,0,11,31,36,57,31,39,90,65,17,42,43,41,13,31,66,45,98,62,58,35,64,88,61,35,56,83,14,74,56,48,57,96,30,27,40,75,49,54,63,100,92,96,54,87,35,67,47,91,74,10,39,40,33,6,69,36,38,15,29,18,68,47,41,21,7,80,78,10,35,95,62,43,12,73,93,85,3,93,5,37,4,90,37
76,93,3,25,19,73,48,73,12,10,91,94,14,49,86,60,64,74,15,43,64,18,60,91,62,71,25,35,47,49,18,77,80,20,15,11,51,62,5,80,43,12,90,100,98,69,43,65,2,19,13,91,92,60,86,18,88,96,81,30,68,95,19,63,47,0,22,69,61,91,65,95,89,57,99,73,34,22,54,72,27,22,42,2,52,60,80,6,34,58,81,42,58,17,50,88,78,23,56,80
71,52,30,46,80,32,74,27,12,44,85,32,0,11,67,53,50,44,3,4,56,80,39,73,60,65,82,33,82,2,12,56,62,25,62,40,79,44,19,99,37,49,97,17,84,91,80,84,74,64,64,92,91,91,9,19,67,91,17,81,53,7,31,7,80,50,48,28,24,65,46,43,0,83,43,5,90,6,96,35,53,39,17,96,71,84,62,64,89,82,34,38,0,98,78,76,11,22,90,11
99,98,13,36,5,43,55,23,100,79,85,5,7,22,6,3,16,14,37,47,75,39,2,5,3,38,6,72,98,16,24,66,38,6,94,10,91,96,39,86,95,47,81,84,29,34,0,34,17,54,21,1,24,69,36,43,30,62,34,83,84,96,87,39,25,85,17,14,76,59,57,57,78,76,20,23,60,43,21,49,97,61,21,79,85,60,22,82,36,53,68,18,22,76,62,43,13,9,96,81
37,21,80,49,40,72,50,41,49,72,0,98,75,57,7,17,96,2,54,92,24,89,85,93,91,71,52,32,74,82,27,84,29,6,98,98,90,51,10,50,12,8,41,74,71,24,11,38,52,33,73,21,1,36,95,36,59,88,38,46,47,38,10,7,24,79,47,50,31,52,72,75,53,60,25,72,91,76,8,31,22,45,66,46,36,17,88,95,82,77,54,61,91,44,65,91,59,95,57,61
61,15,33,35,52,90,98,56,7,49,72,90,16,28,34,99,3,32,13,33,21,17,45,60,32,85,85,35,53,88,6,54,34,57,95,54,8,5,84,37,18,49,66,72,5,21,97,56,65,67,50,67,98,52,10,25,72,22,34,58,68,3,38,74,7,74,16,6,70,56,54,34,98,41,5,12,99,85,53,49,45,89,87,21,26,59,39,17,0,97,38,98,87,3,68,36,37,32,73,93
33,5,56,93,98,39,10,52,14,64,54,92,30,9,92,8,58,77,69,90,40,33,39,30,13,20,75,99,99,41,100,3,2,85,55,65,70,27,7,91,56,49,40,45,7,5,20,2,93,24,55,37,49,39,33,42,46,42,52,4,8,92,40,52,84,25,25,55,46,100,59,50,85,26,42,1,20,97,44,38,50,92,68,67,21,7,5,82,40,47,12,90,94,98,39,28,13,51,32,22
61,58,31,6,16,71,87,9,76,31,28,60,52,90,76,31,81,61,71,37,80,35,44,71,36,14,28,46,72,77,41,28,89,33,61,61,72,79,21,84,18,20,55,80,0,20,24,91,45,17,73,56,58,42,29,32,18,80,72,85,83,38,14,11,23,14,73,62,24,43,23,53,50,33,52,54,64,18,7,11,62,6,99,69,1,12,75,95,65,94,38,46,39,22,76,13,44,82,52,100
76,43,56,52,49,50,3,61,74,28,36,16,52,92,80,97,47,73,52,68,49,6,95,5,28,74,3,51,59,72,13,46,22,14,73,71,28,70,93,46,71,27,78,59,74,87,15,20,93,33,84,21,89,75,84,70,22,52,74,44,40,60,67,53,2,67,31,63,85,47,36,0,36,96,53,50,77,84,20,78,0,49,26,1,91,66,29,53,11,78,6,68,37,63,25,97,84,54,10,52
47,51,56,11,48,20,90,27,68,57,94,54,40,77,82,72,54,35,77,100,46,16,58,89,92,74,7,10,13,59,46,18,19,66,49,22,13,82,24,15,31,61,43,100,74,2,15,56,44,41,73,56,55,92,69,49,52,71,10,3,10,32,10,2,28,53,61,7,65,80,65,3,68,79,77,32,74,9,29,61,45,94,4,92,10,16,16,16,70,49,10,65,91,64,58,11,52,96,25,96
69,54,69,90,32,99,87,96,28,40,16,35,7,21,88,31,2,71,37,90,73,0,49,69,37,83,46,7,75,26,80,65,59,67,44,81,27,53,78,41,94,13,43,56,42,97,19,56,90,35,94,73,78,72,71,38,64,58,70,93,76,10,18,39,6,81,61,51,30,34,56,45,98,0,98,92,8,15,18,44,60,48,58,4,55,5,98,87,58,65,84,33,44,18,95,14,45,88,89,32
85,72,76,87,41,61,34,84,26,85,30,28,16,0,32,3,87,12,42,44,47,9,93,94,78,41,57,8,47,59,62,60,3,55,21,7,0,55,61,15,51,52,56,17,69,35,8,63,77,99,81,44,73,85,4,75,23,92,0,53,30,50,40,14,57,48,11,74,96,68,20,88,47,45,73,86,35,48,67,29,8,97,86,6,17,41,17,84,34,36,41,32,25,32,78,68,17,36,21,75
45,78,35,84,80,32,94,64,96,52,24,56,12,42,41,40,32,55,43,63,67,16,90,2,19,13,24,48,20,46,62,22,34,89,71,83,95,5,42,96,18,72,30,74,40,92,4,34,43,38,80,90,64,47,32,27,1,2,61,86,79,9,94,97,67,9,14,21,91,90,63,96,38,6,72,55,64,24,56,21,8,29,57,16,96,69,91,66,56,32,7,73,64,51,92,88,84,43,99,19
21,55,95,67,88,35,90,30,52,36,21,12,80,14,41,80,25,29,62,14,20,49,22,52,21,46,40,77,46,98,96,37,78,99,23,93,78,63,8,8,82,71,55,69,92,47,14,19,76,20,52,28,43,81,93,66,51,59,9,19,57,24,31,92,66,66,91,61,35,46,20,8,78,100,15,95,39,84,73,43,74,60,33,98,25,69,65,55,96,59,13,11,95,3,90,68,50,24,93,15
78,56,86,54,85,97,96,33,57,94,68,82,21,54,11,42,92,53,3,18,47,58,25,53,31,98,1,46,50,24,17,0,10,40,12,95,40,46,81,88,84,30,31,20,50,62,37,13,54,36,82,93,79,73,77,46,76,43,51,5,30,54,36,61,67,75,90,16,47,2,12,28,21,25,28,39,89,61,82,32,15,67,69,63,34,68,40,74,62,4,57,4,8,34,58,48,22,67,54,82
69,16,44,94,37,47,16,1,16,70,27,85,95,68,89,37,61,35,98,15,49,11,30,85,94,77,27,12,57,55,75,27,85,89,72,58,42,85,12,75,13,82,40,71,70,15,35,87,27,28,47,70,53,77,89,4,26,29,75,44,48,48,11,57,8,21,19,32,80,57,99,79,73,94,4,56,16,18,91,88,99,76,75,34,31,38,72,50,34,34,30,56,78,91,74,49,15,11,88,49
52,58,87,74,33,88,23,11,15,27,69,24,6,35,76,43,9,38,11,24,46,40,47,8,55,58,85,5,11,71,73,99,75,41,98,23,51,0,83,74,55,23,77,100,15,87,30,65,48,97,80,17,9,36,43,57,63,73,99,36,50,76,60,61,84,26,71,53,12,24,36,59,100,73,35,37,66,1,18,19,86,57,25,80,86,79,63,49,45,69,12,33,13,22,46,74,22,41,76,56
91,46,93,56,79,26,86,68,1,81,22,90,32,51,7,91,16,21,21,75,63,82,61,46,63,89,93,80,49,42,74,86,53,67,40,33,22,50,0,81,87,20,0,16,57,91,5,74,14,100,93,93,88,15,58,26,84,40,35,7,97,42,83,41,78,5,33,93,20,80,16,60,44,68,67,41,31,2,39,16,47,86,41,9,96,16,60,1,71,25,3,69,43,31,73,20,83,32,51,33
68,20,29,22,86,94,3,1,24,29,75,86,77,28,96,61,11,75,98,70,4,9,36,11,8,11,87,71,30,3,39,87,69,57,80,13,66,79,90,77,68,43,95,41,30,61,77,67,61,90,56,76,96,34,70,1,97,36,91,25,59,72,56,65,0,82,96,69,99,65,1,51,75,32,30,60,65,74,9,74,0,39,23,18,15,95,45,30,49,89,7,25,87,12,15,22,42,97,9,1
72,93,57,15,37,0,7,68,21,82,29,80,8,5,7,96,35,67,53,63,9,90,27,79,25,55,77,7,6,33,19,4,67,9,30,97,2,13,42,6,84,52,94,77,29,17,1,79,74,21,84,54,90,23,76,29,41,87,24,86,88,66,9,25,21,49,64,100,2,36,55,13,54,62,43,21,82,54,91,15,96,89,33,51,8,92,42,38,85,23,38,66,89,81,22,12,10,38,12,75
9,66,93,28,14,94,100,58,18,65,81,29,56,15,2,31,59,77,87,21,37,28,73,57,55,96,99,61,37,54,75,17,35,65,26,7,83,55,48,2,15,95,31,63,38,24,83,52,15,12,33,11,92,1,66,59,0,11,45,36,100,13,28,91,84,40,92,28,74,64,36,75,99,54,41,20,37,33,65,4,11,28,69,30,56,77,77,58,60,92,88,70,70,25,89,4,20,42,11,5
98,78,76,34,88,13,25,12,66,40,70,91,58,61,48,69,12,8,84,17,2,30,36,6,98,27,37,17,59,26,29,34,56,48,42,67,98,47,31,57,82,36,94,48,75,90,81,0,66,22,9,43,94,65,14,28,62,65,36,15,84,97,39,28,68,10,9,91,81,42,88,33,77,99,29,45,16,33,89,63,20,5,21,24,75,88,39,51,70,17,93,65,77,67,75,43,54,76,39,54
24,3,73,53,51,80,35,42,41,6,25,26,94,4,76,51,37,10,65,36,22,44,99,8,31,64,25,18,96,49,96,29,90,7,53,99,6,63,30,34,10,72,93,36,21,93,19,49,83,57,97,68,91,61,24,4,33,91,16,13,73,30,71,59,97,89,20,69,98,52,50,19,14,42,17,98,7,87,27,74,15,19,70,32,72,19,4,3,3,5,63,91,34,65,80,0,94,51,63,75
52,38,19,85,63,22,41,50,34,2,98,6,54,67,21,62,25,40,27,34,75,74,36,89,27,69,33,5,33,12,92,18,51,4,17,62,36,54,85,38,20,95,69,0,77,59,12,80,49,66,69,56,14,31,58,97,77,41,60,41,50,82,59,0,59,39,100,71,70,76,85,16,44,48,30,5,80,21,44,22,83,5,12,45,59,57,26,79,93,67,27,29,88,34,3,20,53,74,43,54
91,89,23,24,84,25,27,29,33,30,53,71,51,16,80,35,36,37,89,71,90,4,69,44,95,83,86,5,46,10,4,17,15,11,100,18,73,8,16,12,29,98,27,8,3,17,12,29,67,97,42,52,67,79,82,80,67,32,45,24,96,29,0,12,45,85,70,66,29,67,17,81,90,62,67,67,50,32,99,5,92,57,83,83,12,48,73,64,2,12,66,14,30,69,79,43,19,17,7,9
90,40,57,53,49,57,16,79,81,50,85,22,73,14,29,92,77,100,9,55,4,89,81,0,64,97,45,46,71,71,11,98,25,0,42,29,26,35,98,63,6,9,85,28,83,48,54,63,73,65,38,21,92,78,6,6,43,17,76,75,88,74,44,15,33,77,58,50,24,77,53,19,17,75,51,1,17,67,76,6,5,60,53,7,81,24,42,51,12,28,10,74,4,53,61,61,41,99,56,65
5,85,32,14,18,92,93,53,45,7,12,18,50,81,9,88,88,55,42,60,0,3,36,50,72,3,19,16,75,9,28,61,64,35,76,19,15,14,59,50,58,76,42,73,72,12,54,25,11,66,44,67,28,100,43,37,59,29,86,95,51,64,21,31,31,36,36,23,68,30,92,79,32,10,88,33,44,52,17,80,37,19,60,25,93,7,30,67,5,98,100,82,56,4,49,16,31,48,48,23
32,76,14,7,91,71,85,6,32,94,94,91,31,53,43,54,95,57,3,45,55,95,43,38,41,75,63,44,63,44,69,83,58,12,79,0,48,7,66,71,5,4,70,95,52,62,24,90,59,16,35,93,8,13,38,44,17,87,41,39,67,84,71,18,18,87,73,51,72,72,69,40,94,65,69,73,49,17,25,36,28,6,7,43,67,80,33,38,90,73,47,52,100,28,89,81,25,82,78,94
67,0,51,99,26,1,66,19,44,52,52,64,77,34,70,80,11,11,18,34,41,68,19,38,62,86,26,1,49,20,13,70,16,38,70,40,46,16,36,42,41,63,17,53,39,11,11,34,68,21,61,80,92,38,34,32,50,7,9,26,47,19,17,2,56,16,85,15,86,77,64,54,79,52,62,12,20,73,75,65,86,96,82,6,37,13,99,98,64,20,38,24,22,50,77,74,4,49,99,76
2,5,97,98,66,38,36,10,89,72,11,57,22,48,80,73,78,50,92,41,41,89,46,87,11,85,63,40,95,9,35,80,58,83,97,79,10,2,42,99,55,42,19,81,28,36,29,82,36,93,32,35,80,31,44,68,54,58,2,83,99,22,67,75,63,87,82,85,80,54,19,93,74,94,74,70,42,21,82,44,31,74,4,79,64,2,97,23,32,96,28,38,57,77,17,29,75,3,31,59
27,7,99,4,19,30,34,56,55,16,78,75,66,91,35,52,72,5,18,68,7,18,95,55,12,21,37,77,98,54,97,32,33,0,14,47,19,91,92,81,98,53,16,29,1,54,69,42,20,95,0,76,71,8,44,61,27,26,51,61,65,15,97,35,28,58,10,36,45,31,20,34,51,7,57,83,65,27,60,44,45,83,64,16,98,88,37,47,30,11,6,31,37,84,35,74,23,81,71,38
14,84,12,82,7,39,41,90,99,69,42,91,56,16,13,21,67,72,59,6,8,55,87,24,55,7,2,52,23,89,77,98,9,94,79,69,24,56,50,72,56,91,75,66,10,74,47,99,80,8,90,56,43,27,76,56,33,79,55,14,72,13,36,63,56,95,64,25,19,86,22,41,34,45,93,57,23,1,94,72,70,76,60,37,70,62,76,49,35,30,93,9,98,19,29,68,73,25,94,48
14,85,31,38,15,22,56,73,32,77,11,80,61,94,57,11,96,69,42,87,12,66,31,7,4,68,87,83,98,37,29,18,19,40,77,63,45,67,19,15,56,37,82,67,3,5,78,5,67,52,15,53,88,41,43,100,43,79,30,95,64,26,68,33,89,5,19,98,2,41,8,16,74,7,10,73,56,22,94,32,0,72,73,80,45,25,46,66,4,66,45,54,43,41,36,19,81,49,88,96
83,37,33,1,23,44,9,77,47,3,36,8,66,92,51,39,92,45,46,13,96,82,12,33,33,43,51,92,82,86,38,89,12,8,72,93,6,52,35,17,54,26,93,7,9,90,74,18,9,10,48,6,76,39,52,83,75,35,83,82,70,97,37,74,94,95,10,55,36,30,77,93,36,3,63,99,94,7,84,27,23,64,46,29,97,53,29,53,90,50,78,87,95,5,43,24,0,34,67,48
7,30,51,49,40,47,99,11,51,90,98,22,99,99,91,12,7,52,29,23,0,39,13,35,44,57,57,71,66,6,26,21,90,1,67,69,24,73,9,59,79,71,5,6,6,83,89,24,53,0,4,98,52,77,96,77,57,52,63,62,19,50,45,64,6,30,94,66,49,7,52,53,48,18,66,76,98,29,9,25,87,19,90,76,43,90,38,76,80,64,43,48,7,5,65,51,73,8,66,61