17,79,67,70,40,72,85,36,37,82,81,38,40,81,64,6,38,14,76,100,74,26,7,100,1,35,24,42,39,39,49,31,51,22,78,55,43,59,41,22,30,90,54,83,48,22,19,71,81,40,7,80,39,67,56,87,46,87,19,52,61,82,64,90,70,43,46,66,17,46,55,80,95,8,49,31,8,2,35,75,83,13,51,47,96,85,96,58,50,50,25,58,3,74,20,58,98,36,31,38
61,89,72,52,22,42,9,33,83,32,77,21,97,80,85,65,82,11,91,59,59,49,80,75,70,87,98,36,45,70,33,32,50,18,3,44,95,89,74,79,10,61,50,32,79,45,13,53,7,36,27,37,24,29,8,32,67,67,2,30,74,15,77,34,34,26,4,83,89,89,47,77,56,11,52,26,5,10,2,98,21,76,3,61,17,5,37,81,31,39,82,75,15,77,10,67,41,69,95,69
31,48,52,82,40,78,58,56,76,19,72,30,42,14,96,36,89,93,68,84,61,62,34,77,60,95,43,55,52,72,79,92,99,98,73,88,61,4,97,56,38,37,50,68,70,99,94,60,97,78,31,10,53,38,61,91,77,100,66,72,9,47,32,10,96,64,25,75,4,30,74,67,49,10,10,12,91,29,23,36,80,35,87,79,81,79,19,91,62,61,29,39,69,35,83,91,20,79,12,21
48,33,61,80,25,88,55,80,66,5,18,47,88,44,37,22,44,8,45,7,72,33,90,42,79,84,12,2,24,8,34,6,91,96,23,69,62,73,39,44,98,3,18,93,8,95,41,68,10,54,7,98,67,51,80,46,97,29,60,40,57,67,25,3,17,69,97,43,84,72,91,95,62,6,25,29,47,26,27,41,66,54,17,40,39,87,5,57,73,2,76,16,96,0,25,18,0,18,12,74
28,97,35,79,33,10,96,30,49,49,54,14,70,50,36,25,20,37,92,22,61,28,16,73,11,42,59,35,49,25,2,77,72,64,28,38,90,2,82,75,65,13,57,52,47,79,72,83,23,31,69,49,28,68,56,32,1,24,76,88,30,3,91,76,11,73,99,6,59,88,44,88,86,30,58,44,70,54,56,35,41,28,9,49,15,1,47,38,19,88,91,35,98,79,71,87,97,75,14,82
21,34,1,91,72,80,63,54,20,57,3,6,80,59,68,55,28,32,26,43,20,17,14,9,92,41,28,100,24,35,77,82,67,95,1,51,83,7,44,34,56,59,83,67,24,19,16,43,41,87,30,57,44,77,97,26,2,0,44,62,71,68,3,53,45,28,43,45,42,27,56,77,75,4,19,93,52,50,59,86,32,3,99,89,55,27,92,100,63,79,14,34,12,98,64,77,84,97,47,71
18,65,37,31,78,5,59,5,47,45,30,67,19,11,83,7,3,87,29,11,46,71,18,91,22,24,7,91,2,14,86,97,10,65,68,33,33,74,70,74,16,53,45,72,77,94,0,83,70,83,62,43,99,47,29,70,50,24,97,45,31,54,55,95,50,51,21,85,10,60,33,65,28,5,86,11,47,29,71,52,2,74,48,69,88,14,77,55,48,70,35,92,2,43,16,55,83,74,46,99
59,80,4,87,43,12,37,13,32,16,90,71,73,40,8,42,12,17,54,39,23,13,48,63,28,43,88,31,30,43,33,84,37,57,44,68,74,31,39,63,86,10,86,89,85,11,3,4,24,67,29,86,100,15,5,30,10,66,53,25,50,74,50,67,39,84,59,20,86,95,94,74,48,7,34,5,5,35,68,19,87,46,97,21,47,17,15,49,63,59,3,82,8,85,15,14,97,74,8,51
40,22,52,72,12,36,36,17,23,19,87,82,25,15,29,32,79,24,77,95,50,2,82,99,88,26,11,37,34,30,1,15,6,83,17,32,99,95,100,61,10,32,69,29,89,31,31,89,52,74,92,63,89,53,99,90,64,81,41,0,83,72,88,80,20,33,41,70,26,49,75,36,46,40,89,65,87,27,91,62,27,11,35,84,61,39,53,81,92,18,71,25,8,45,51,33,92,76,92,50
94,43,48,79,30,37,37,17,34,92,32,86,12,88,82,44,54,58,75,60,44,90,70,76,52,14,91,40,80,40,2,6,93,55,89,75,3,82,15,60,4,55,9,71,85,57,47,18,74,53,70,67,12,98,11,35,90,1,69,76,37,66,92,76,12,0,15,71,54,52,46,28,91,8,10,74,98,7,16,90,8,0,97,72,37,83,61,36,78,19,84,39,69,50,92,48,41,21,50,43
32,45,32,12,8,41,58,55,51,60,45,37,22,93,53,70,50,75,2,81,21,86,29,7,23,9,62,50,97,32,20,1,7,98,64,71,8,84,91,81,70,17,61,12,34,86,90,26,39,68,28,72,52,4,62,38,29,60,73,82,35,74,74,19,98,13,24,49,8,96,33,97,53,27,21,8,24,4,62,84,40,32,9,7,81,39,94,22,74,100,57,22,91,40,96,81,33,100,51,42
91,72,15,96,77,94,41,45,18,8,4,91,94,43,4,43,91,27,26,3,75,25,65,65,65,31,78,73,5,49,30,25,14,45,94,62,7,47,36,23,91,55,37,47,18,48,55,5,25,13,86,47,63,79,92,21,34,5,20,82,39,8,20,55,42,77,5,97,63,89,100,48,16,49,78,28,23,3,41,52,92,22,17,79,59,96,58,1,56,38,7,62,38,59,32,9,67,68,81,85
76,43,65,28,89,49,60,89,31,51,96,82,95,20,66,71,17,73,98,68,37,95,61,65,67,5,7,78,33,59,42,67,13,43,19,4,37,49,26,68,16,19,30,85,63,3,33,65,55,33,3,71,5,41,5,34,22,16,96,84,17,36,43,40,65,0,20,97,4,71,66,97,27,93,80,12,100,72,25,11,57,25,37,41,90,60,21,85,96,72,99,41,72,93,34,55,53,17,6,96
88,17,66,88,31,9,89,55,45,15,53,66,98,22,60,56,36,84,92,76,8,87,37,22,86,33,73,20,44,5,91,91,41,8,40,1,45,58,14,27,45,34,1,61,48,11,90,33,26,29,95,63,42,36,7,84,21,92,66,13,8,50,60,88,26,13,35,21,83,43,91,12,27,4,16,74,91,8,71,62,80,90,29,48,20,77,64,22,62,79,97,10,70,11,32,99,56,5,72,17
20,2,17,79,67,28,22,23,73,94,74,76,91,82,86,30,63,31,32,12,21,68,60,26,84,72,74,42,51,74,41,34,45,96,9,60,68,12,79,50,77,81,63,22,100,18,69,41,40,94,29,64,6,63,2,29,26,23,82,92,97,57,61,94,85,2,30,55,5,61,100,60,93,39,6,67,73,35,7,8,55,88,47,98,48,89,7,55,16,90,94,86,5,40,17,29,42,64,80,72
60,18,55,93,69,47,57,48,2,36,85,41,61,35,58,37,100,45,16,5,19,64,74,49,12,59,58,64,45,22,6,85,87,66,49,79,69,42,94,63,40,44,48,89,1,61,6,73,52,27,100,0,22,86,74,94,39,45,88,97,66,43,94,20,46,89,65,84,66,2,97,5,71,3,22,4,65,7,89,86,66,35,66,59,50,93,42,52,88,74,63,9,15,100,28,47,4,90,26,21
98,11,21,68,33,0,46,1,91,79,40,51,16,18,58,89,85,13,40,70,53,6,46,81,17,45,64,86,77,25,0,93,78,99,89,56,55,67,81,72,77,85,57,31,70,44,47,45,96,55,5,97,9,35,11,23,87,86,72,94,77,24,33,90,0,55,70,30,36,93,58,93,32,95,49,61,99,3,69,23,83,17,53,10,46,52,17,59,45,94,71,50,98,56,63,88,12,64,32,8
37,62,4,2,76,22,28,46,39,39,95,14,74,62,43,50,23,62,53,95,96,94,6,65,89,98,11,11,2,92,78,59,52,11,16,68,32,98,65,47,62,53,11,58,20,27,72,53,51,89,83,99,39,52,25,18,37,94,35,72,3,27,33,97,42,51,60,24,81,3,58,37,90,66,96,8,28,38,44,70,92,26,1,10,96,66,93,18,8,24,88,73,29,8,84,85,28,64,24,58
17,96,89,19,52,15,10,15,35,62,11,72,99,8,66,35,16,50,25,74,59,71,92,72,73,22,47,6,92,60,48,45,17,95,46,22,21,90,77,50,47,3,75,15,53,70,34,15,33,98,81,1,73,41,0,53,36,52,30,58,99,64,3,100,32,52,32,54,72,48,39,54,86,52,100,22,19,85,55,10,30,8,73,36,3,8,46,60,41,32,67,36,32,42,79,45,10,55,15,23
86,59,42,15,46,25,91,47,17,20,99,30,78,35,86,72,73,2,95,91,16,71,9,49,78,22,29,75,19,62,72,48,43,4,53,35,40,79,20,2,44,42,77,19,76,89,15,92,100,48,55,96,2,60,90,84,34,3,13,99,5,80,88,12,78,19,63,21,32,76,78,89,66,60,8,0,53,56,78,7,14,3,2,16,14,23,57,88,5,7,92,33,35,75,87,11,64,0,70,39
63,66,92,28,32,71,0,50,49,25,34,45,58,52,23,99,39,50,76,4,36,4,42,25,86,66,86,88,59,95,10,9,10,64,82,69,100,32,83,63,52,93,78,49,63,9,20,29,19,65,33,80,18,54,78,0,0,55,50,88,63,56,58,43,74,2,100,87,12,94,87,90,32,31,49,54,79,99,19,80,55,24,47,100,44,52,89,25,87,29,51,1,100,42,60,50,29,6,66,8
84,3,36,28,43,79,56,90,67,86,76,38,97,62,80,80,11,9,87,19,2,74,12,19,85,79,11,81,2,11,78,11,0,10,88,23,41,21,38,39,45,49,59,7,68,70,41,2,79,12,53,32,71,68,79,21,57,88,28,35,40,84,85,65,68,80,33,80,41,9,52,22,70,56,28,63,99,83,34,9,69,62,27,30,53,89,52,18,34,31,47,87,72,7,15,62,6,99,71,95
24,7,28,17,48,5,90,72,16,65,28,62,80,11,9,61,17,23,56,37,38,14,8,58,63,54,22,84,5,83,96,68,88,14,12,85,99,18,35,75,29,75,9,53,82,6,71,99,56,47,92,56,52,38,73,88,41,58,49,10,15,86,76,35,23,64,85,5,12,42,9,46,27,21,15,90,31,55,91,11,97,55,78,43,20,44,81,24,1,21,96,77,46,46,56,50,72,44,48,87
81,97,49,42,59,63,51,93,96,7,25,93,30,56,93,80,60,16,54,50,10,30,52,57,9,15,63,90,79,31,97,80,26,33,66,86,45,38,65,14,12,35,19,76,53,70,23,70,42,73,21,49,93,21,9,86,88,27,87,89,75,9,32,2,46,55,79,12,38,39,98,80,19,10,18,9,34,1,53,8,80,65,100,77,50,79,44,80,37,63,15,71,70,52,50,57,56,22,90,41
1,95,71,40,47,29,85,63,31,56,29,16,5,82,83,15,50,1,65,54,5,72,29,99,72,34,68,35,6,89,85,94,80,72,56,22,32,71,0,85,66,30,79,84,87,76,21,0,38,82,57,64,74,93,98,76,79,21,40,69,27,97,92,80,28,14,62,64,24,83,93,85,38,76,9,8,64,11,80,60,15,84,54,70,8,62,5,100,20,100,4,50,2,97,10,17,16,74,78,32
84,5,18,93,42,62,32,10,81,8,91,2,98,90,89,89,0,79,27,25,62,88,63,41,85,69,9,76,48,4,59,22,28,96,27,22,86,47,15,39,61,92,28,100,19,86,29,85,52,27,4,100,8,13,50,59,47,84,72,39,28,81,0,8,100,59,69,49,16,62,57,33,79,21,44,14,27,34,47,81,93,28,15,33,23,44,64,27,30,56,90,24,73,83,55,53,53,48,58,95
73,15,42,14,52,64,25,88,73,49,89,5,71,50,82,91,9,96,85,92,97,40,42,77,80,41,36,38,28,51,38,35,47,85,22,84,57,5,50,95,77,58,58,61,0,72,19,74,61,80,41,37,94,43,96,33,55,61,9,56,37,77,87,35,18,94,26,33,53,86,80,30,93,5,65,48,79,60,60,16,39,60,72,92,42,63,1,2,57,38,63,71,84,49,33,33,26,10,57,24
52,83,1,96,24,41,14,19,2,6,16,56,13,65,66,5,59,13,16,9,31,83,100,86,85,10,60,91,32,72,60,70,97,80,33,14,64,5,93,26,89,97,13,56,30,62,88,48,42,38,44,70,80,7,36,98,36,61,90,87,68,98,71,81,70,95,10,35,49,69,34,55,87,75,67,75,39,65,64,95,61,54,60,82,83,48,20,60,72,76,79,99,86,100,58,53,27,86,91,8
19,89,32,36,68,79,27,71,35,19,88,64,10,63,50,9,20,5,43,54,63,38,22,61,76,10,1,66,27,70,9,42,55,35,83,33,53,86,42,0,40,63,69,21,85,52,37,84,81,64,39,60,30,29,37,38,40,17,52,32,50,88,22,83,12,72,25,27,69,68,35,94,64,94,26,39,4,34,39,70,91,4,18,37,35,39,1,96,43,41,28,40,50,14,78,65,48,23,69,67
52,49,81,58,2,2,80,42,16,28,80,20,21,95,4,33,7,84,72,20,70,48,44,30,95,95,38,19,58,49,41,77,2,61,45,75,28,68,47,4,34,64,20,61,87,9,76,13,39,6,28,90,4,58,27,33,85,30,37,53,35,51,7,96,19,7,56,12,54,75,28,80,18,6,17,4,57,21,39,4,74,30,58,44,29,67,11,39,28,94,55,38,36,44,58,83,89,9,30,100
49,2,89,8,73,14,81,83,33,16,19,43,77,2,38,85,34,22,42,84,63,6,71,96,87,14,94,68,95,0,98,16,71,79,39,24,59,78,8,35,77,17,23,48,0,71,94,17,85,3,95,18,30,3,58,91,15,9,42,100,12,98,59,30,50,89,71,7,80,5,32,23,70,47,37,24,25,56,51,64,23,93,23,91,50,64,79,51,22,93,24,21,4,6,86,98,14,23,71,49
20,27,4,9,28,38,11,31,78,36,27,89,81,89,8,63,21,22,63,6,15,64,64,30,6,64,83,71,61,68,96,65,33,67,69,60,96,36,71,37,80,8,17,26,76,65,25,26,8,10,80,57,37,41,84,68,84,18,67,8,82,0,79,0,9,14,87,19,30,5,26,95,79,22,4,51,43,100,54,56,83,91,86,13,95,54,92,30,34,98,7,91,76,6,58,20,74,88,53,35
4,83,12,90,53,7,85,4,69,37,76,0,48,2,80,84,7,11,42,78,70,80,70,58,5,9,21,64,50,100,38,72,27,32,90,28,1,45,65,9,58,70,42,92,47,95,83,17,18,84,52,8,31,92,94,6,44,58,72,97,9,24,42,59,98,44,60,95,85,14,62,43,72,86,81,62,32,19,64,87,16,70,21,54,99,87,95,49,66,75,10,87,84,51,29,82,45,28,5,15
0,64,27,27,62,63,14,84,36,83,46,43,86,66,68,22,11,63,99,40,15,76,11,44,1,80,38,89,90,15,54,31,10,49,15,13,36,96,62,1,25,62,53,32,61,88,78,12,50,52,29,17,58,67,47,60,63,12,74,77,17,22,56,87,81,65,14,95,10,38,36,76,37,4,22,39,32,4,56,41,21,49,78,51,86,56,54,95,88,16,46,59,42,66,97,35,32,21,38,36
1,74,51,14,27,27,41,71,47,28,83,50,99,5,90,26,58,33,83,73,62,83,72,98,94,81,27,51,64,5,86,60,56,41,71,12,96,52,100,18,51,80,13,77,0,96,20,9,35,47,58,94,49,15,58,98,46,36,11,16,20,6,4,80,68,50,93,48,30,81,38,69,37,81,91,71,33,35,30,66,52,16,43,40,58,53,41,84,62,69,51,6,34,16,71,42,9,21,23,41
46,52,30,15,23,29,45,70,29,58,8,42,82,34,22,34,95,96,78,97,37,87,7,1,36,16,45,79,30,4,89,84,7,25,26,36,10,37,28,89,100,11,75,24,13,41,34,29,73,12,74,40,27,83,73,82,5,94,23,84,64,16,72,3,94,12,44,8,77,83,28,43,39,100,67,26,74,99,66,31,72,11,9,59,95,10,11,79,17,56,12,11,36,75,29,0,94,19,78,28
85,48,12,100,10,35,13,1,52,22,79,23,90,23,20,39,27,67,18,71,75,14,76,83,95,71,73,83,49,56,91,99,42,66,27,53,10,13,14,58,46,82,40,41,33,3,98,56,61,98,92,42,52,20,59,0,97,54,42,4,24,57,93,23,23,57,48,56,85,72,85,2,31,42,100,87,43,67,17,25,21,13,97,82,10,12,46,58,85,23,14,39,40,53,54,47,26,3,59,70
47,28,8,85,88,71,28,0,49,27,29,93,96,73,90,37,82,62,56,88,76,99,72,88,78,23,90,18,42,63,37,48,78,98,41,87,13,80,17,12,59,4,34,89,70,4,81,46,72,37,68,61,95,11,41,87,65,68,12,44,14,100,83,77,58,48,18,10,7,95,26,93,99,28,21,91,83,28,73,76,14,71,61,38,44,44,31,62,96,17,71,1,96,91,88,60,59,33,33,45
26,8,69,4,36,0,39,30,77,36,58,88,7,54,82,66,32,96,98,94,44,59,2,61,1,55,37,34,90,71,51,98,40,70,14,78,80,75,44,2,18,77,10,7,74,98,100,24,75,29,59,83,79,54,31,91,21,53,15,10,51,37,99,4,0,82,11,40,73,89,73,12,31,45,95,49,96,61,9,52,25,69,44,16,19,26,3,32,99,15,16,52,94,39,42,97,28,40,56,13
86,16,90,95,95,37,74,82,53,32,87,53,41,44,87,27,7,15,87,33,24,25,87,16,82,46,0,95,89,97,0,35,75,33,59,10,14,89,28,25,31,16,82,42,93,93,12,34,53,16,73,74,77,83,25,100,94,4,30,62,53,91,13,44,50,97,2,20,60,77,57,100,74,21,20,35,56,90,89,72,98,59,54,50,91,54,38,2,36,5,83,38,6,95,100,37,38,63,99,85
24,30,50,27,8,12,13,25,15,62,7,18,51,13,26,83,39,8,22,27,54,17,83,1,33,76,74,80,96,68,25,79,96,64,38,26,85,16,85,83,2,44,19,55,13,34,21,38,86,31,14,94,23,21,38,87,98,82,96,48,10,18,61,61,31,84,86,100,76,46,43,55,23,41,84,2,65,73,11,37,45,83,49,90,99,70,92,20,34,72,3,47,92,14,18,18,67,77,69,38
66,72,99,22,15,65,11,20,98,70,81,28,93,93,5,3,23,95,13,48,94,2,93,66,65,14,69,5,60,82,53,42,7,13,100,74,61,46,36,20,62,40,7,96,76,1,92,90,61,18,62,62,64,0,54,49,41,64,24,0,72,86,17,48,58,16,37,54,90,60,55,97,10,31,53,11,21,55,71,66,18,73,27,98,52,84,60,2,87,66,22,3,68,40,3,41,63,53,69,27
75,28,97,12,20,64,80,76,21,82,14,56,54,88,9,71,91,31,72,89,86,8,32,51,4,82,87,0,25,67,42,33,42,84,72,25,100,2,0,35,47,61,47,72,67,50,50,52,98,52,42,27,21,71,78,26,79,36,76,22,99,24,5,39,39,51,80,31,44,24,69,69,97,45,16,53,86,19,72,97,69,36,75,81,55,14,60,89,77,14,83,70,56,95,41,98,79,0,21,1
12,98,54,25,54,68,97,24,4,41,7,51,27,72,81,50,45,38,39,93,35,75,0,62,46,12,79,35,98,52,33,12,9,11,11,4,39,97,76,26,62,41,7,42,50,48,61,60,33,66,59,55,59,66,17,46,18,63,77,72,45,52,72,1,3,86,44,76,1,27,90,68,90,33,1,20,12,21,54,91,74,62,70,47,72,19,6,83,80,59,58,6,73,51,43,33,99,24,18,86
32,19,65,86,24,43,41,10,36,27,66,55,28,60,47,8,18,31,61,94,99,14,82,73,2,37,1,6,76,49,21,51,15,100,89,57,20,59,74,14,82,37,42,0,16,73,64,87,29,23,55,45,18,12,30,35,96,77,38,92,20,2,29,88,14,32,88,18,32,54,12,56,15,1,64,48,90,49,99,77,95,80,58,43,32,15,29,91,84,78,93,44,59,60,58,49,13,81,76,2
14,100,51,25,50,71,27,94,80,92,5,47,34,79,89,54,30,31,76,59,16,60,51,5,50,62,12,45,47,89,78,89,41,20,13,35,13,38,91,71,45,40,55,32,33,37,9,70,19,40,50,58,68,21,79,27,37,91,46,91,16,46,31,64,75,91,43,25,100,21,98,52,25,18,83,53,75,67,26,0,93,49,97,62,60,46,71,9,53,89,63,24,22,96,8,79,20,38,48,28
9,62,91,37,1,93,58,37,66,54,11,89,13,49,21,77,43,28,65,72,61,51,12,57,42,24,2,92,93,46,41,18,70,51,0,46,97,77,15,6,69,54,67,69,40,25,29,0,60,34,1,82,74,80,25,35,12,61,11,38,16,45,75,28,35,67,18,21,92,71,10,30,21,72,44,93,31,82,64,28,63,68,59,33,58,54,47,100,83,83,23,94,37,18,76,45,63,37,3,31
5,81,40,59,39,59,12,47,46,19,43,92,23,81,60,9,82,64,25,94,32,44,67,92,47,64,91,39,13,72,90,55,59,97,81,75,34,90,95,11,65,58,16,51,66,68,27,91,21,99,88,32,67,22,75,9,74,66,69,33,88,61,65,43,46,68,13,6,34,26,50,57,9,98,67,41,34,37,28,34,19,52,4,35,38,3,27,76,62,42,63,39,59,31,36,73,75,44,6,3
53,32,29,46,25,67,79,5,67,37,12,48,26,23,31,39,93,88,3,68,15,34,60,43,93,89,61,40,6,21,52,19,70,7,14,20,5,38,3,82,33,33,50,47,0,52,72,67,18,8,50,58,59,48,12,74,34,19,24,61,31,13,47,71,78,57,3,79,77,45,20,100,3,73,18,19,81,21,28,85,98,26,87,39,0,72,80,26,34,52,38,9,82,73,76,22,79,69,87,55
74,99,45,85,69,8,82,95,14,40,60,45,96,26,21,35,2,96,55,64,38,38,67,17,95,35,100,88,90,49,80,59,53,57,60,78,43,21,35,93,59,55,5,62,38,82,30,26,29,69,84,20,9,63,92,36,50,15,62,33,89,59,5,39,41,38,71,65,89,15,47,77,72,97,73,14,48,57,83,32,35,95,42,90,5,7,4,50,24,31,62,38,99,37,83,30,32,67,2,68
100,37,21,63,1,35,62,17,23,86,95,22,3,13,15,71,5,39,32,9,64,47,75,85,57,68,86,17,29,100,41,17,23,18,56,0,70,47,20,43,79,3,93,13,64,70,61,4,55,68,30,92,33,43,32,76,75,73,10,56,82,29,10,31,45,5,54,51,43,58,86,34,13,64,44,69,15,32,62,67,80,96,57,15,2,88,15,98,2,77,98,83,13,94,79,85,7,99,19,32
55,44,39,56,85,36,27,58,87,60,45,25,87,29,69,49,18,36,27,13,56,91,60,60,9,0,77,34,73,57,23,8,47,84,85,56,15,64,80,52,56,84,10,31,40,59,96,77,76,95,28,83,78,94,34,51,82,74,28,38,57,36,58,4,59,97,33,2,75,81,47,42,58,31,32,27,27,34,99,52,87,15,31,96,67,65,64,85,91,45,81,5,43,3,22,39,10,7,25,90
30,63,45,87,65,72,19,49,39,42,91,47,3,19,62,4,16,60,28,22,65,94,60,30,30,99,64,15,80,47,53,70,55,95,45,95,85,64,70,33,24,36,69,44,34,40,0,24,91,47,95,25,72,100,88,36,90,28,94,1,26,37,77,70,27,35,26,54,3,98,5,45,88,20,14,51,94,14,99,9,82,84,78,91,58,83,55,56,99,48,8,48,4,96,85,13,72,70,95,93
9,74,31,57,47,45,75,8,3,93,73,86,97,86,56,87,68,72,45,3,74,5,15,94,5,5,37,4,36,97,38,43,1,41,91,8,31,13,7,17,1,58,27,9,97,7,91,59,76,34,41,29,85,20,61,35,38,36,62,100,46,16,19,21,6,52,64,35,93,98,31,17,30,23,28,68,24,63,54,34,67,35,58,59,1,22,23,89,87,40,32,0,30,64,4,82,23,60,66,75
39,45,71,82,17,80,79,38,49,15,17,69,40,75,8,65,66,28,34,41,81,66,23,28,66,32,92,76,34,14,44,36,14,64,63,9,73,53,27,89,37,23,51,40,28,22,62,43,91,83,47,39,31,86,64,57,24,26,71,12,83,82,86,26,33,81,48,29,83,79,97,83,11,53,13,0,100,78,46,41,49,22,15,23,41,55,55,58,59,46,66,72,45,25,52,82,84,70,84,100
22,88,87,54,31,38,48,81,84,81,85,29,14,76,97,37,38,36,5,73,96,16,54,89,33,92,53,32,36,89,86,59,66,30,28,89,98,10,9,29,47,41,74,6,99,2,44,40,76,80,61,57,41,52,77,36,43,99,24,24,40,39,90,66,44,19,47,75,6,88,7,5,80,63,42,99,78,25,52,9,57,64,26,71,33,37,88,79,90,22,77,4,64,60,10,69,91,12,8,100
65,76,41,71,54,8,38,11,12,20,34,71,86,69,51,83,93,28,18,91,6,47,62,75,17,82,81,56,46,46,45,9,69,29,95,56,22,20,88,99,54,61,32,79,54,74,96,40,31,61,63,68,60,58,25,67,86,18,38,63,72,76,92,99,44,60,1,55,47,57,20,17,0,17,65,4,41,8,17,20,57,50,24,50,62,26,94,27,11,78,43,97,41,98,36,4,5,21,0,92
24,20,54,93,98,50,3,7,99,28,4,22,23,41,46,8,14,56,60,73,20,100,83,76,52,36,96,11,10,1,17,70,56,66,79,60,83,19,62,15,99,35,68,29,30,7,82,64,20,64,51,75,82,33,15,15,88,19,92,68,31,85,12,80,21,67,50,89,55,77,75,68,42,7,98,84,42,49,37,35,99,1,71,7,70,61,99,61,68,24,74,10,17,12,16,24,7,63,15,22
99,75,75,9,64,46,89,96,86,70,100,40,95,6,55,63,6,23,20,13,98,16,68,82,17,51,49,79,40,71,25,37,54,79,80,47,79,7,28,55,97,10,48,60,52,29,37,57,6,30,37,94,57,0,3,97,9,45,86,20,70,20,15,88,49,82,2,12,22,57,51,100,39,49,18,73,21,65,16,42,71,97,67,2,37,41,44,98,20,15,4,95,70,91,50,49,50,55,32,93
26,38,2,32,17,54,16,81,100,37,7,18,29,37,94,59,100,14,64,67,15,67,39,67,18,65,46,18,5,83,40,4,90,2,37,9,80,83,6,10,36,26,12,32,42,84,71,36,37,78,9,48,22,93,33,29,55,37,6,25,25,14,95,92,99,87,53,35,25,84,90,3,68,42,92,16,65,26,1,24,97,47,96,0,61,88,93,53,25,64,3,16,67,7,78,90,6,56,48,98
18,88,20,32,88,52,10,10,58,55,89,3,64,1,87,25,93,69,8,1,29,15,21,56,50,17,68,41,52,73,94,76,65,41,4,79,89,60,46,32,89,15,63,11,80,31,45,67,27,98,32,27,37,16,51,94,16,75,69,31,9,83,43,47,37,31,36,23,0,85,29,37,66,33,21,9,50,60,37,21,44,49,53,29,62,6,33,45,49,52,14,21,26,53,95,15,63,34,80,30
39,33,91,37,50,86,54,65,26,59,7,26,0,15,55,34,32,46,75,5,74,77,79,93,65,70,0,88,45,58,94,27,28,3,42,81,78,77,44,79,55,61,10,61,36,42,35,32,55,27,78,84,76,96,71,4,70,86,67,20,15,81,43,83,40,67,8,84,87,0,48,39,70,13,17,60,100,32,100,19,67,44,36,18,69,22,55,31,84,46,2,73,75,22,45,58,83,93,55,83
57,47,90,35,42,41,34,99,33,18,98,87,71,98,46,59,89,46,11,34,3,33,28,24,85,85,17,10,11,8,80,77,29,54,57,24,52,90,14,59,52,10,73,74,28,21,94,33,39,89,41,60,67,56,24,77,52,66,3,32,89,8,83,8,27,75,55,29,43,80,83,99,84,44,96,47,77,66,71,79,42,98,45,81,9,1,45,52,79,46,52,76,4,24,70,6,26,0,36,100
40,74,73,92,69,75,19,86,13,100,59,46,73,79,79,5,51,28,36,47,24,41,20,96,60,48,77,56,66,97,72,47,5,30,38,72,71,19,59,75,71,30,86,26,22,20,21,72,56,77,12,61,23,29,39,57,20,58,51,16,76,1,62,2,92,20,53,75,10,80,0,30,18,71,42,79,10,50,70,79,28,14,31,93,90,56,32,12,20,55,8,2,13,1,99,59,25,86,57,54
12,76,50,78,45,18,41,35,35,80,1,93,9,20,75,49,50,10,12,61,53,66,47,90,52,63,71,46,74,95,10,77,65,42,73,65,41,25,75,14,83,6,14,49,82,46,98,45,100,24,25,43,2,86,58,89,89,91,91,10,31,76,23,24,37,54,19,65,44,46,28,58,81,15,88,81,94,69,29,44,43,88,45,100,41,94,6,26,27,97,27,79,13,63,98,13,15,82,42,57
78,44,43,92,41,43,22,5,92,94,75,90,13,36,77,49,1,90,62,76,33,70,82,2,29,33,100,93,36,59,53,24,55,43,28,21,96,0,3,4,89,78,83,45,68,67,55,22,0,54,51,43,30,17,94,85,82,70,95,14,53,34,53,79,96,79,47,33,46,37,7,82,89,13,19,98,90,61,92,81,95,43,33,39,81,60,58,56,9,39,39,96,42,40,23,84,80,58,1,73
3,91,67,5,73,39,90,44,36,83,7,40,98,46,10,36,81,32,37,23,39,61,71,26,90,39,77,63,1,34,18,2,48,98,17,38,58,49,32,8,98,44,90,61,51,16,1,35,27,11,31,73,68,11,13,65,94,87,35,27,23,74,2,25,96,86,91,16,62,44,2,29,76,49,19,86,46,29,99,38,72,53,75,2,78,57,28,94,0,83,58,85,68,67,3,63,64,24,10,79
1,27,7,69,51,3,45,19,10,52,55,20,22,39,33,32,62,11,75,98,47,83,59,44,63,52,87,14,13,21,88,63,14,86,94,52,50,68,40,95,22,79,86,87,90,81,58,83,93,1,74,42,48,93,24,42,77,91,50,45,55,92,71,17,53,95,11,12,34,3,29,16,47,46,6,15,39,14,76,43,40,40,67,81,44,55,87,75,2,92,6,59,17,71,11,74,100,65,12,68
54,22,69,10,96,48,70,99,18,29,44,10,41,73,95,29,6,50,32,31,93,22,96,34,29,25,44,87,53,35,13,41,46,46,47,22,90,27,30,13,37,26,62,67,95,77,54,55,0,48,5,48,95,96,51,74,2,42,88,67,50,53,91,71,84,22,57,56,81,58,19,28,20,36,40,53,4,67,92,33,38,7,65,62,84,67,34,36,97,21,72,97,57,90,89,48,52,57,21,72
27,83,75,73,34,73,71,70,16,68,16,24,40,77,34,78,51,1,65,66,69,0,55,19,25,13,43,5,84,6,5,72,53,6,35,48,86,73,18,75,72,96,24,7,15,98,50,90,56,61,94,67,15,13,71,26,92,89,60,8,64,1,29,6,12,40,7,59,87,65,36,76,78,93,81,52,23,69,6,2,92,67,40,10,56,32,67,70,8,5,92,12,88,38,84,37,17,92,12,81
0,58,15,70,83,84,29,26,17,27,20,6,29,75,17,8,35,64,54,63,96,17,20,70,49,59,51,58,51,70,62,2,13,47,46,67,83,13,96,53,90,51,67,10,64,45,83,32,36,98,75,28,51,13,88,43,56,2,32,61,88,76,80,28,22,30,2,95,41,11,80,16,81,35,36,28,10,37,68,36,88,35,28,55,6,93,14,24,38,96,14,50,80,66,51,17,87,79,98,26
34,13,41,55,18,38,58,88,96,82,92,35,87,43,17,60,71,58,15,31,97,85,75,34,71,49,99,57,18,79,40,77,2,29,77,23,66,53,12,78,20,0,26,60,36,31,55,86,14,81,55,58,58,46,72,41,12,2,35,72,77,87,80,7,22,16,47,81,43,0,64,5,27,85,63,7,41,98,87,75,91,78,56,45,73,63,17,5,98,77,65,59,9,94,69,5,0,75,61,57
57,51,20,12,47,94,10,25,5,40,64,78,27,44,60,63,11,32,64,4,76,46,37,79,91,56,56,45,100,26,99,5,50,29,65,97,41,59,65,49,4,52,67,87,9,4,5,66,54,29,50,11,74,42,89,52,60,48,60,86,15,42,54,40,94,94,26,48,11,73,86,15,60,1,100,32,73,35,51,30,3,38,87,69,69,34,10,32,35,96,91,35,0,90,17,26,83,16,24,14
98,24,55,45,97,25,73,64,61,41,88,67,22,81,12,9,73,13,30,94,82,2,69,67,47,50,92,84,15,8,21,24,23,28,38,64,44,67,66,91,46,75,96,43,70,38,56,24,59,80,9,57,69,59,8,18,61,7,16,35,61,43,2,25,2,58,54,63,5,17,87,41,87,63,87,13,89,50,24,64,24,97,21,76,69,21,82,11,88,18,0,46,11,89,81,22,73,82,85,81
27,18,65,49,79,64,24,98,76,77,63,65,42,13,37,43,63,5,92,85,43,26,99,64,64,35,43,23,93,32,86,19,78,3,23,20,43,50,51,7,57,13,96,31,44,50,38,39,27,36,74,59,12,84,78,68,18,47,98,53,54,49,15,6,96,97,42,11,75,82,11,51,47,91,18,7,25,64,85,34,93,95,34,47,2,54,48,99,51,41,83,95,75,54,79,9,19,37,99,22
81,34,75,17,17,36,94,18,25,50,34,63,21,41,22,91,21,78,60,97,7,26,80,30,80,7,6,67,99,56,21,78,47,81,43,17,79,78,63,41,88,14,16,76,14,87,5,79,100,41,97,53,64,75,92,29,51,76,33,18,33,38,4,84,94,79,42,13,70,25,49,10,51,59,98,26,64,79,5,13,75,21,18,99,54,95,17,75,46,13,72,78,58,75,14,100,21,40,100,30
44,24,90,41,25,42,48,14,46,64,97,79,72,63,88,28,86,6,82,39,60,26,95,65,64,58,93,97,38,87,51,15,65,43,87,52,36,100,90,77,68,88,77,7,22,92,56,98,64,91,47,40,7,48,80,45,94,61,20,71,80,87,64,24,58,79,37,98,28,16,58,76,20,98,97,83,40,96,71,84,87,18,49,46,35,0,27,58,14,58,88,17,1,16,13,45,77,73,44,83
33,23,89,84,25,87,13,96,13,56,74,59,15,61,91,100,82,36,57,61,1,31,69,100,99,63,98,88,99,46,62,97,26,72,54,47,59,87,87,59,72,33,32,25,58,7,37,43,64,58,12,69,29,0,74,84,47,44,66,99,59,72,18,25,12,85,70,38,100,100,21,29,88,48,94,1,4,87,63,36,80,34,33,21,92,51,65,21,98,74,77,48,19,78,29,51,70,76,15,12
32,63,97,99,93,46,13,65,76,97,76,94,54,59,75,32,92,72,61,38,48,67,49,60,77,8,12,0,74,21,25,87,35,81,22,34,98,54,35,51,48,89,0,76,58,82,43,56,27,39,12,66,15,80,86,99,67,76,100,84,76,31,98,76,96,8,90,67,71,68,20,72,67,9,74,23,77,13,92,58,84,66,7,53,83,73,94,99,15,89,81,49,94,49,42,32,45,25,66,56
59,76,18,40,75,75,42,65,59,31,7,100,61,41,15,23,84,14,42,66,98,5,82,12,94,56,89,69,31,57,57,18,87,27,23,82,92,94,71,54,68,31,61,49,62,24,25,7,78,95,89,5,95,3,56,23,49,3,74,7,14,39,16,17,22,38,63,16,85,49,70,27,71,67,56,31,19,35,32,31,25,93,28,15,95,30,47,84,37,52,19,6,94,19,41,36,12,77,95,44
36,6,86,18,90,23,60,33,87,81,96,82,51,45,87,12,29,42,58,55,65,87,80,55,75,100,27,2,73,36,66,23,47,55,85,9,34,21,24,29,89,62,52,58,51,57,27,8,5,12,73,34,62,66,21,47,30,75,9,59,75,69,58,96,7,88,95,29,28,69,42,62,95,98,97,84,61,29,100,33,23,43,18,75,41,91,33,14,45,5,32,33,47,44,63,13,10,40,60,72
27,61,7,85,74,22,99,37,76,83,97,92,55,88,22,31,96,16,66,56,41,31,99,33,92,28,30,20,75,93,10,72,95,83,43,51,10,97,80,72,26,52,78,15,28,32,48,82,27,63,29,72,84,41,39,85,62,64,11,18,67,58,59,80,15,11,98,3,33,93,37,38,31,98,66,29,55,51,40,89,44,5,6,77,62,31,83,82,42,81,68,21,75,26,95,92,45,66,63,65
48,70,91,77,6,44,77,30,82,62,31,54,12,34,56,95,13,34,6,84,6,34,18,67,17,27,17,72,57,92,65,75,0,5,16,68,31,27,77,49,48,52,10,69,91,46,99,34,56,71,7,98,58,44,46,91,23,83,24,90,18,57,36,95,10,81,52,4,77,84,75,50,11,77,11,2,95,32,70,50,9,5,2,87,14,51,86,70,63,96,58,5,54,84,89,25,0,94,98,52
73,31,61,76,59,70,74,48,86,97,6,49,32,96,31,98,49,95,61,98,86,47,27,84,9,18,55,1,88,81,80,71,50,85,63,83,39,53,12,54,35,67,89,36,66,13,74,43,83,97,33,8,56,45,50,49,92,35,39,21,58,14,56,85,20,3,40,0,62,88,72,24,76,9,95,83,66,15,57,29,21,86,21,61,0,18,9,56,48,84,83,82,35,14,64,69,60,58,76,7
49,48,61,41,34,69,98,23,100,20,63,29,32,25,40,100,2,100,49,23,13,98,48,50,2,0,5,19,75,99,37,41,84,50,84,100,35,79,61,10,90,88,55,100,55,38,20,46,45,40,53,19,4,14,63,2,22,49,51,93,74,85,35,2,96,4,69,68,95,73,23,30,80,7,34,53,18,95,22,73,93,48,68,100,75,9,36,42,41,81,97,88,86,33,34,87,43,64,63,97
88,65,15,83,82,84,44,64,37,66,20,24,10,47,78,40,24,44,52,93,68,86,76,45,62,84,97,83,20,83,43,21,79,52,34,18,16,76,66,57,24,38,7,1,12,48,69,83,36,68,94,21,100,52,15,58,73,30,37,12,40,36,48,27,36,67,77,93,73,21,14,75,86,20,53,83,40,59,88,44,77,99,60,69,19,6,93,98,5,13,59,65,50,12,91,17,29,82,85,78
77,71,77,64,38,93,98,7,91,98,12,89,11,63,29,24,79,69,61,53,91,18,78,71,4,3,49,62,95,98,47,53,58,51,95,12,0,77,53,2,13,53,96,25,77,96,24,74,87,42,69,12,74,4,61,38,38,24,78,34,95,63,88,67,45,74,41,4,95,54,14,29,90,27,29,61,71,92,96,59,73,26,85,55,11,100,93,27,4,73,31,52,59,100,33,70,5,89,32,46
76,80,0,85,14,15,76,83,86,19,17,81,57,68,54,95,28,30,58,88,39,23,55,73,68,88,49,10,19,45,62,37,59,96,3,16,14,100,79,9,67,10,31,54,38,41,55,46,81,13,87,29,36,12,5,46,60,2,62,49,20,32,95,4,27,38,0,92,23,98,85,26,79,91,74,45,76,76,65,5,11,74,45,49,56,53,57,62,40,61,20,76,84,77,41,29,50,81,13,19
61,56,59,30,51,23,35,18,86,28,80,66,85,50,100,92,62,90,57,76,79,74,91,100,8,75,34,9,17,78,43,67,8,6,76,47,12,85,7,47,80,28,51,52,35,12,89,77,39,48,48,0,29,32,44,31,9,24,85,87,100,85,16,71,0,90,98,39,83,100,6,84,1,48,90,3,99,18,53,67,92,87,86,8,77,59,19,70,96,1,52,17,83,29,31,37,61,59,9,58
76,24,23,37,9,30,99,93,71,51,29,17,11,2,92,0,37,87,17,69,66,22,81,0,79,5,33,48,41,88,26,83,6,98,62,84,32,3,51,79,48,91,68,99,98,44,81,28,42,87,39,51,31,62,4,58,80,33,51,77,46,69,96,88,8,22,46,45,22,95,23,0,37,37,51,43,14,31,97,33,34,4,15,94,84,6,69,82,87,39,34,27,53,46,16,59,22,80,8,35
17,14,94,18,36,52,33,28,14,78,56,15,76,30,66,80,42,40,98,43,23,47,0,62,68,81,63,27,92,69,59,14,9,87,74,11,70,3,86,88,33,49,93,65,82,90,11,33,16,28,88,74,51,0,31,71,74,17,17,24,20,5,34,50,15,80,41,97,10,17,70,71,38,92,18,90,63,42,53,29,99,78,16,49,63,96,78,20,91,43,9,37,83,1,22,76,32,34,32,4
52,78,54,16,5,14,80,5,4,13,82,73,30,48,43,33,2,9,27,17,82,37,30,82,6,1,95,56,44,76,81,80,43,3,45,6,41,2,93,80,76,68,66,68,8,84,90,70,14,86,56,54,47,49,69,92,47,75,60,65,67,8,0,36,58,58,10,97,43,60,88,68,59,14,98,66,0,13,75,76,76,77,67,47,21,74,27,80,94,86,23,1,31,4,67,6,77,75,46,83
29,68,84,71,61,18,0,22,9,72,54,87,36,28,69,98,61,4,73,21,1,95,6,39,72,22,100,65,90,40,62,30,85,65,66,46,8,19,21,20,15,39,87,74,68,33,56,61,54,30,53,88,57,29,66,12,86,97,25,7,16,34,36,46,99,20,63,14,70,90,55,29,45,55,50,47,64,84,15,3,93,19,41,22,12,24,49,81,1,55,8,79,46,41,71,50,52,98,83,19
6,43,69,76,42,49,7,46,9,32,84,17,19,24,84,5,22,20,18,50,21,33,94,6,34,67,90,16,42,51,18,100,62,99,42,44,38,99,74,66,33,12,48,1,49,44,58,33,13,82,43,69,63,52,93,71,61,24,70,19,85,48,2,40,5,47,16,35,4,67,61,64,68,85,17,67,10,54,90,48,100,39,67,96,28,83,17,99,96,97,58,14,88,3,79,70,30,85,11,20
92,28,52,91,75,43,27,24,56,96,72,1,30,25,49,37,15,87,76,34,42,98,71,18,70,88,81,44,47,39,14,96,83,96,46,43,65,9,15,80,85,0,45,61,38,100,64,90,74,0,56,81,9,13,48,83,32,20,19,34,32,26,67,30,34,33,10,18,17,41,88,69,60,72,96,18,18,82,54,64,79,99,23,36,87,35,10,37,76,56,67,17,80,25,43,84,46,6,58,6
29,54,1,54,12,31,59,1,60,49,36,11,67,82,22,71,22,0,86,70,75,11,7,14,82,89,37,66,40,73,10,61,60,32,93,52,7,89,26,59,73,26,14,29,87,89,61,67,10,91,59,37,49,88,33,54,25,16,64,20,39,19,12,94,2,14,67,47,0,40,41,84,31,96,5,49,76,100,41,53,17,6,100,66,43,66,83,92,0,59,70,26,85,55,98,87,19,61,31,52
65,30,28,61,21,52,23,37,77,0,100,76,69,28,97,11,62,49,1,34,63,97,35,98,20,95,53,59,34,73,63,56,52,88,66,19,2,71,10,91,77,45,90,1,72,51,53,20,55,59,69,61,66,78,12,84,5,15,100,19,21,43,33,19,41,32,74,49,21,71,28,96,26,33,76,73,36,46,10,31,70,31,91,37,49,79,55,33,62,79,85,37,84,13,69,49,8,32,41,90
69,80,80,94,91,6,5,67,88,60,57,16,39,58,49,69,59,82,16,45,15,10,16,51,88,74,27,69,1,2,45,85,57,48,100,62,99,23,21,28,95,55,54,16,59,82,73,38,14,96,26,93,9,17,99,51,89,51,3,71,5,65,56,58,88,97,20,34,0,20,32,8,41,2,13,55,67,68,23,50,47,54,64,8,41,95,22,33,87,43,52,76,96,22,93,70,98,19,66,84
25,47,61,91,58,99,41,83,35,53,80,33,25,0,89,30,19,39,39,10,41,38,28,3,89,61,36,20,32,37,20,41,18,24,66,8,29,3,34,39,100,29,31,48,41,63,62,24,93,66,37,90,69,29,20,51,47,96,43,46,66,47,27,78,89,5,86,52,35,11,69,58,87,90,97,56,65,99,0,56,62,70,42,20,28,19,93,97,63,97,33,57,78,68,31,31,7,14,52,45
58,67,61,29,25,25,58,98,24,13,28,12,60,43,86,43,21,6,98,5,92,40,67,43,1,64,81,53,59,23,42,45,56,85,42,86,64,36,66,99,55,36,62,60,26,87,99,15,76,87,34,40,29,5,84,42,48,59,31,35,14,67,41,74,26,37,88,90,16,48,1,26,18,34,41,3,1,46,78,59,10,36,96,87,4,85,54,55,84,63,80,17,43,76,40,83,54,41,82,34